best-score: 736425
count: 3
elapsed-time: 4.954
289
17 13 18 13 18 12 17 12
17 18 16 17 17 16 18 17
16 18 17 18 17 19 16 19
15 19 16 18 17 19 16 20
15 20 15 19 16 19 16 20
17 20 16 21 15 20 16 19
18 19 18 20 17 20 17 19
20 19 19 20 18 19 19 18
19 19 20 19 20 20 19 20
18 18 19 19 18 20 17 19
19 17 19 18 18 18 18 17
18 16 19 17 18 18 17 17
18 11 17 12 18 13 19 12
19 11 19 12 18 12 18 11
28 31 29 30 30 31 29 32
29 31 29 32 28 32 28 31
30 30 30 31 29 31 29 30
31 31 30 32 29 31 30 30
31 32 30 32 30 31 31 31
28 15 29 15 29 14 28 14
28 13 27 14 28 15 29 14
29 12 29 13 28 13 28 12
30 13 29 12 30 11 31 12
30 15 29 14 30 13 31 14
29 16 30 16 30 15 29 15
30 14 29 15 28 14 29 13
31 15 31 14 30 14 30 15
31 17 30 16 31 15 32 16
31 16 32 16 32 17 31 17
30 17 29 16 30 15 31 16
31 18 31 17 30 17 30 18
32 19 31 18 32 17 33 18
21 27 21 28 20 28 20 27
21 25 20 26 21 27 22 26
21 26 20 26 20 25 21 25
19 26 20 27 21 26 20 25
19 27 19 26 20 26 20 27
19 28 20 27 21 28 20 29
19 29 19 28 20 28 20 29
18 28 19 27 20 28 19 29
18 29 17 29 17 28 18 28
17 30 16 29 17 28 18 29
16 30 16 29 17 29 17 30
17 31 16 30 17 29 18 30
18 31 17 31 17 30 18 30
16 16 17 16 17 17 16 17
15 17 16 16 17 17 16 18
14 16 14 17 15 17 15 16
14 18 13 17 14 16 15 17
15 18 15 19 14 19 14 18
13 18 14 19 15 18 14 17
12 17 12 18 13 18 13 17
11 18 12 17 13 18 12 19
11 19 11 18 12 18 12 19
12 20 11 19 12 18 13 19
11 20 12 20 12 21 11 21
13 20 12 21 11 20 12 19
14 20 13 20 13 19 14 19
17 21 16 21 16 20 17 20
19 21 18 22 17 21 18 20
18 21 18 20 19 20 19 21
17 22 18 22 18 21 17 21
25 17 24 16 25 15 26 16
24 30 25 31 26 30 25 29
23 31 24 31 24 30 23 30
22 30 23 31 22 32 21 31
23 29 23 30 22 30 22 29
24 29 23 29 23 28 24 28
25 30 25 29 24 29 24 30
26 31 26 30 25 30 25 31
25 32 24 31 25 30 26 31
24 32 24 31 25 31 25 32
25 12 26 12 26 13 25 13
24 13 23 12 24 11 25 12
23 14 24 14 24 13 23 13
22 15 21 14 22 13 23 14
22 14 23 14 23 15 22 15
26 11 25 12 26 13 27 12
27 11 27 12 26 12 26 11
28 10 29 11 28 12 27 11
25 27 26 28 25 29 24 28
25 28 24 28 24 27 25 27
26 29 26 28 25 28 25 29
27 30 27 29 26 29 26 30
27 32 26 31 27 30 28 31
26 32 26 31 27 31 27 32
27 33 26 32 27 31 28 32
28 33 27 33 27 32 28 32
29 34 28 33 29 32 30 33
30 34 29 34 29 33 30 33
31 33 30 34 29 33 30 32
27 28 26 29 25 28 26 27
28 29 28 28 27 28 27 29
29 29 29 30 28 30 28 29
25 33 24 32 25 31 26 32
26 33 25 33 25 32 26 32
27 34 26 33 27 32 28 33
26 34 26 33 27 33 27 34
13 16 14 17 15 16 14 15
13 15 14 15 14 16 13 16
14 14 15 15 14 16 13 15
15 14 15 15 14 15 14 14
14 13 15 14 14 15 13 14
13 13 14 13 14 14 13 14
12 12 12 13 13 13 13 12
13 11 14 12 13 13 12 12
14 11 14 12 13 12 13 11
15 12 14 13 13 12 14 11
16 11 17 12 16 13 15 12
15 13 14 13 14 12 15 12
16 14 16 13 15 13 15 14
16 12 15 13 16 14 17 13
17 11 17 12 16 12 16 11
18 10 19 11 18 12 17 11
17 10 18 10 18 11 17 11
14 21 13 20 14 19 15 20
15 21 14 21 14 20 15 20
16 22 15 21 16 20 17 21
15 22 15 21 16 21 16 22
16 23 15 22 16 21 17 22
17 23 16 23 16 22 17 22
19 23 18 24 17 23 18 22
15 26 15 25 16 25 16 26
14 27 15 27 15 26 14 26
16 15 16 16 15 16 15 15
17 14 16 15 15 14 16 13
17 15 16 15 16 14 17 14
18 15 18 16 17 16 17 15
19 14 18 15 17 14 18 13
24 12 25 13 24 14 23 13
23 11 23 12 24 12 24 11
22 10 23 11 22 12 21 11
22 27 23 28 22 29 21 28
23 27 22 27 22 26 23 26
23 25 22 26 23 27 24 26
24 25 24 26 23 26 23 25
23 24 24 25 23 26 22 25
22 28 23 27 24 28 23 29
21 29 20 28 21 27 22 28
18 27 18 28 19 28 19 27
17 26 18 25 19 26 18 27
16 27 15 26 16 25 17 26
17 27 16 27 16 26 17 26
16 28 17 27 18 28 17 29
15 28 15 27 16 27 16 28
14 29 13 28 14 27 15 28
19 30 18 30 18 29 19 29
12 29 13 29 13 28 12 28
12 30 11 30 11 29 12 29
14 30 13 31 12 30 13 29
13 30 13 29 14 29 14 30
12 31 11 30 12 29 13 30
26 24 27 23 28 24 27 25
28 11 29 12 28 13 27 12
29 10 29 11 28 11 28 10
26 14 26 13 27 13 27 14
27 15 26 14 27 13 28 14
27 27 26 28 27 29 28 28
31 13 30 13 30 12 31 12
32 14 31 15 30 14 31 13
32 13 32 14 31 14 31 13
33 14 32 15 31 14 32 13
33 15 32 15 32 14 33 14
34 14 33 15 32 14 33 13
32 28 31 27 32 26 33 27
31 28 31 27 32 27 32 28
21 12 22 12 22 13 21 13
22 11 23 12 22 13 21 12
23 10 23 11 22 11 22 10
21 24 22 24 22 25 21 25
19 24 20 25 21 24 20 23
20 24 19 24 19 23 20 23
21 23 22 24 21 25 20 24
20 22 20 23 21 23 21 22
21 21 20 22 19 21 20 20
20 21 20 20 21 20 21 21
19 22 20 21 21 22 20 23
18 23 17 22 18 21 19 22
17 24 18 24 18 23 17 23
15 24 16 25 17 24 16 23
14 25 15 25 15 24 14 24
13 26 14 25 15 26 14 27
13 25 14 25 14 26 13 26
31 23 32 22 33 23 32 24
31 24 31 23 32 23 32 24
33 22 33 23 32 23 32 22
32 25 33 25 33 26 32 26
31 26 32 25 33 26 32 27
31 25 32 24 33 25 32 26
34 13 34 14 33 14 33 13
26 26 26 27 25 27 25 26
28 26 27 27 26 26 27 25
19 25 18 25 18 24 19 24
18 26 19 25 20 26 19 27
17 25 18 26 17 27 16 26
16 24 16 25 17 25 17 24
15 23 16 24 15 25 14 24
25 25 26 26 25 27 24 26
33 24 32 25 31 24 32 23
20 32 18 30 19 29 21 31
20 30 22 30 22 32 20 32
15 32 16 33 18 31 17 30
16 32 16 33 15 33 15 32
26 17 27 18 29 16 28 15
25 16 25 17 26 17 26 16
24 15 24 16 25 16 25 15
25 14 24 15 23 14 24 13
26 15 26 14 25 14 25 15
27 16 27 15 26 15 26 16
29 18 29 16 27 16 27 18
30 19 29 18 30 17 31 18
30 20 28 20 28 19 30 19
32 21 32 20 30 20 30 21
31 22 32 21 33 22 32 23
30 23 31 23 31 22 30 22
29 22 30 21 31 22 30 23
29 21 30 21 30 22 29 22
31 21 30 22 29 21 30 20
33 21 32 22 31 21 32 20
30 27 28 29 29 30 31 28
30 26 31 26 31 27 30 27
29 23 28 24 30 26 31 25
29 25 27 25 27 23 29 23
23 18 21 20 20 19 22 17
24 19 23 18 25 16 26 17
28 22 28 24 26 24 26 22
27 21 28 20 29 21 28 22
23 23 25 25 26 24 24 22
24 24 24 23 23 23 23 24
25 24 25 25 24 25 24 24
26 25 25 26 24 25 25 24
27 26 27 25 26 25 26 26
28 27 28 26 27 26 27 27
30 28 30 27 28 27 28 28
29 27 30 26 31 27 30 28
22 21 21 22 23 24 24 23
22 22 21 22 21 21 22 21
22 20 21 21 22 22 23 21
23 20 23 21 22 21 22 20
25 18 25 20 23 20 23 18
19 13 21 13 21 14 19 14
20 14 18 16 17 15 19 13
21 15 20 14 21 13 22 14
21 17 21 15 22 15 22 17
22 18 20 20 19 19 21 17
23 17 23 18 22 18 22 17
22 16 23 15 24 16 23 17
20 16 21 17 22 16 21 15
24 21 23 20 24 19 25 20
26 21 26 22 24 22 24 21
27 22 25 24 24 23 26 21
10 27 12 29 13 28 11 26
11 27 13 25 14 26 12 28
13 27 11 27 11 26 13 26
14 28 14 27 13 27 13 28
15 29 14 28 15 27 16 28
15 31 14 30 15 29 16 30
14 32 15 31 16 32 15 33
14 31 15 31 15 32 14 32
15 30 14 31 13 30 14 29
16 31 16 30 15 30 15 31
17 32 17 31 16 31 16 32
13 33 12 33 12 31 13 31
12 32 13 31 14 32 13 33
33 19 32 20 30 18 31 17
33 20 32 20 32 19 33 19
31 20 32 21 33 20 32 19
29 20 30 21 31 20 30 19
31 30 30 30 30 28 31 28
32 31 31 32 30 31 31 30
32 30 32 31 31 31 31 30
31 29 32 28 33 29 32 30
21 18 22 18 22 20 21 20
13 32 14 31 15 32 14 33
11 32 12 33 13 32 12 31
30 24 30 26 28 26 28 24
10 29 11 29 11 27 10 27
29 19 26 16 27 15 30 18
26 18 27 18 27 21 26 21
27 19 24 22 23 21 26 18
10 25 11 26 15 22 14 21
10 26 10 25 11 25 11 26
11 22 14 25 15 24 12 21
11 23 11 22 15 22 15 23
12 22 14 24 13 25 11 23
13 21 12 22 11 21 12 20
13 24 13 21 14 21 14 24
11 24 13 24 13 25 11 25
14 22 13 21 14 20 15 21
