best-score: 645537
count: 5
elapsed-time: 4.932
158
29 15 28 14 29 13 30 14
29 14 30 14 30 15 29 15
28 13 28 14 29 14 29 13
31 27 32 26 33 27 32 28
33 17 33 16 32 16 32 17
34 17 33 18 32 17 33 16
34 18 33 18 33 17 34 17
26 39 25 39 25 38 26 38
38 29 38 30 37 30 37 29
39 29 38 29 38 28 39 28
13 34 14 35 15 34 14 33
14 21 15 20 16 21 15 22
15 21 14 21 14 20 15 20
16 22 16 21 15 21 15 22
22 15 22 14 23 14 23 15
23 16 22 15 23 14 24 15
24 16 23 16 23 15 24 15
22 16 21 15 22 14 23 15
21 16 21 15 22 15 22 16
14 22 13 21 14 20 15 21
13 22 13 21 14 21 14 22
17 28 19 26 20 27 18 29
29 34 27 32 29 30 31 32
29 32 31 32 31 34 29 34
28 32 28 30 29 30 29 32
33 26 31 24 32 23 34 25
32 27 33 27 33 26 32 26
34 29 32 27 33 26 35 28
18 20 16 22 17 23 19 21
40 21 38 23 36 21 38 19
34 15 36 13 38 15 36 17
38 17 36 17 36 15 38 15
36 19 34 17 36 15 38 17
38 21 38 19 36 19 36 21
39 21 39 23 38 23 38 21
27 16 26 15 28 13 29 14
30 21 29 22 27 20 28 19
30 22 29 22 29 21 30 21
28 24 27 23 29 21 30 22
28 22 29 22 29 24 28 24
31 28 32 28 32 27 31 27
31 26 30 27 31 28 32 27
32 24 32 26 31 26 31 24
34 24 32 24 32 23 34 23
27 15 27 13 26 13 26 15
29 16 29 15 27 15 27 16
31 18 29 16 30 15 32 17
20 13 22 15 21 16 19 14
39 36 39 34 37 34 37 36
36 27 37 26 39 28 38 29
24 29 25 29 25 31 24 31
17 38 17 39 15 39 15 38
16 39 15 38 16 37 17 38
30 26 31 26 31 27 30 27
28 20 28 22 27 22 27 20
26 14 27 13 28 14 27 15
25 13 26 14 24 16 23 15
14 16 16 14 20 18 18 20
22 26 24 28 20 32 18 30
27 29 28 30 31 27 30 26
33 20 29 24 27 22 31 18
31 20 31 18 33 18 33 20
33 22 32 23 30 21 31 20
35 20 36 21 34 23 33 22
35 22 33 22 33 20 35 20
17 24 13 24 13 23 17 23
15 26 13 24 15 22 17 24
14 26 14 22 15 22 15 26
22 23 19 26 17 24 20 21
22 20 24 20 24 23 22 23
24 18 22 20 20 18 22 16
27 18 27 20 24 20 24 18
21 43 17 39 21 35 25 39
22 32 25 35 28 32 25 29
25 32 25 35 22 35 22 32
28 35 25 38 22 35 25 32
27 39 28 39 28 35 27 35
26 40 25 39 26 38 27 39
27 40 26 40 26 39 27 39
27 38 26 39 27 40 28 39
25 36 29 32 31 34 27 38
29 25 25 29 24 28 28 24
31 23 32 24 30 26 29 25
35 19 31 23 30 22 34 18
35 17 36 17 36 19 35 19
34 16 35 17 34 18 33 17
33 15 33 16 34 16 34 15
31 13 33 15 32 16 30 14
19 18 20 18 20 21 19 21
16 18 16 14 19 14 19 18
19 23 22 23 22 26 19 26
17 21 17 23 19 23 19 21
38 26 38 23 37 23 37 26
34 26 37 26 37 29 34 29
36 30 33 27 34 26 37 29
33 30 33 27 36 27 36 30
35 36 31 32 33 30 37 34
37 37 37 36 35 36 35 37
36 31 34 33 37 36 39 34
37 31 36 31 36 30 37 30
34 34 33 33 36 30 37 31
37 33 37 34 34 34 34 33
39 31 38 32 37 31 38 30
39 33 37 33 37 31 39 31
38 34 37 33 38 32 39 33
20 19 23 16 27 20 24 23
17 22 16 21 19 18 20 19
24 35 21 32 24 29 27 32
21 40 20 39 24 35 25 36
28 27 24 31 20 27 24 23
26 24 26 27 28 27 28 24
23 21 24 20 27 23 26 24
20 25 23 25 23 21 20 21
13 38 15 38 15 34 13 34
20 22 19 23 22 26 23 25
33 25 34 25 34 26 33 26
35 25 34 26 33 25 34 24
40 26 38 28 35 25 37 23
30 25 33 25 33 22 30 22
29 26 30 26 30 25 29 25
29 28 28 27 29 26 30 27
31 30 31 28 29 28 29 30
33 32 33 30 31 30 31 32
34 32 34 33 33 33 33 32
20 35 20 32 21 32 21 35
35 16 35 17 34 17 34 16
35 24 35 25 34 25 34 24
40 23 37 26 35 24 38 21
39 26 40 26 40 23 39 23
32 35 31 34 33 32 34 33
28 25 29 24 30 25 29 26
24 21 28 25 26 27 22 23
27 30 29 28 31 30 29 32
28 29 28 30 27 30 27 29
30 29 28 29 28 27 30 27
27 31 27 32 25 32 25 31
18 28 24 28 24 29 18 29
11 35 18 28 22 32 15 39
11 33 14 33 14 35 11 35
19 27 18 28 13 23 14 22
19 32 19 27 20 27 20 32
16 41 13 38 19 32 22 35
31 39 31 34 34 34 34 39
33 29 27 35 31 39 37 33
37 24 39 26 33 32 31 30
17 36 25 36 25 38 17 38
19 30 15 34 17 36 21 32
18 24 18 28 17 28 17 24
14 28 18 24 25 31 21 35
17 33 17 28 14 28 14 33
33 40 28 35 29 34 34 39
35 35 32 35 32 28 35 28
26 43 21 43 21 40 26 40
20 9 26 15 20 21 14 15
25 9 25 13 20 13 20 9
15 27 15 26 19 26 19 27
27 28 27 23 24 23 24 28
37 18 37 23 34 23 34 18
