best-score: 735298
count: 14
elapsed-time: 4.669
105
15 14 14 14 14 13 15 13
21 15 22 15 22 16 21 16
21 17 20 16 21 15 22 16
20 17 20 16 21 16 21 17
22 17 21 18 20 17 21 16
22 18 21 18 21 17 22 17
21 19 20 18 21 17 22 18
20 19 20 18 21 18 21 19
20 15 21 14 22 15 21 16
20 14 21 14 21 15 20 15
16 10 16 9 17 9 17 10
18 10 17 11 16 10 17 9
18 11 17 11 17 10 18 10
9 26 10 26 10 27 9 27
11 26 10 27 9 26 10 25
11 25 11 26 10 26 10 25
10 24 11 23 12 24 11 25
13 17 13 18 12 18 12 17
13 16 12 15 14 13 15 14
14 17 13 18 12 17 13 16
20 20 21 19 23 21 22 22
18 22 17 21 19 19 20 20
19 23 17 25 16 24 18 22
24 17 22 17 22 16 24 16
25 16 26 17 25 18 24 17
25 17 25 16 26 16 26 17
25 15 24 16 25 17 26 16
24 15 25 15 25 16 24 16
27 14 25 16 24 15 26 13
20 25 20 27 21 27 21 25
22 12 20 14 21 15 23 13
24 18 24 17 25 17 25 18
10 16 10 14 9 14 9 16
9 15 10 14 11 15 10 16
18 21 18 22 17 22 17 21
11 17 11 15 12 15 12 17
12 16 13 17 12 18 11 17
13 13 11 15 12 16 14 14
13 23 13 25 11 25 11 23
14 24 13 25 12 24 13 23
19 20 19 19 20 19 20 20
14 16 14 17 13 17 13 16
15 19 13 17 14 16 16 18
18 16 15 13 17 11 20 14
17 17 18 16 20 18 19 19
17 18 17 17 20 17 20 18
16 19 17 18 19 20 18 21
15 18 15 19 16 19 16 18
13 20 15 18 16 19 14 21
9 20 13 20 13 22 9 22
6 17 9 14 12 17 9 20
24 22 24 18 22 18 22 22
25 22 25 26 24 26 24 22
24 23 20 19 21 18 25 22
24 12 24 15 22 15 22 12
27 12 24 12 24 10 27 10
23 8 27 12 26 13 22 9
26 14 25 15 23 13 24 12
27 16 27 14 26 14 26 16
13 12 16 9 17 10 14 13
10 12 10 9 13 9 13 12
17 13 14 16 10 12 13 9
15 11 15 13 17 13 17 11
13 26 9 22 13 18 17 22
17 26 13 26 13 25 17 25
18 25 17 26 13 22 14 21
20 22 20 25 18 25 18 22
22 24 21 25 19 23 20 22
26 24 24 26 22 24 24 22
22 27 26 27 26 24 22 24
23 26 22 27 20 25 21 24
6 13 10 9 13 12 9 16
17 23 13 23 13 22 17 22
12 21 14 21 14 24 12 24
9 24 12 21 13 22 10 25
9 25 9 24 10 24 10 25
8 26 9 25 10 26 9 27
8 25 9 25 9 26 8 26
8 17 9 16 13 20 12 21
18 15 20 15 20 16 18 16
17 14 18 15 15 18 14 17
20 13 20 14 17 14 17 13
23 14 23 13 26 13 26 14
23 16 22 15 23 14 24 15
23 18 22 17 23 16 24 17
14 12 14 13 13 13 13 12
15 17 15 14 17 14 17 17
14 18 15 18 15 17 14 17
14 20 13 20 13 18 14 18
9 21 11 23 14 20 12 18
16 22 14 20 15 19 17 21
21 22 22 22 22 24 21 24
23 24 20 27 18 25 21 22
26 25 25 26 23 24 24 23
8 13 8 17 6 17 6 13
17 20 17 21 14 21 14 20
21 20 21 22 20 22 20 20
27 19 27 20 21 20 21 19
26 18 27 19 24 22 23 21
26 22 25 22 25 18 26 18
8 23 11 23 11 17 8 17
7 24 8 23 9 24 8 25
7 22 9 22 9 24 7 24
8 21 9 22 8 23 7 22
20 8 23 8 23 13 20 13
