best-score: 818263
count: 8
elapsed-time: 4.874
151
21 11 20 10 21 9 22 10
20 17 21 18 20 19 19 18
21 17 21 18 20 18 20 17
20 16 21 17 20 18 19 17
19 16 20 16 20 17 19 17
21 16 20 17 19 16 20 15
22 17 21 16 22 15 23 16
22 16 22 17 21 17 21 16
23 15 23 16 22 16 22 15
23 14 24 14 24 15 23 15
22 27 21 26 22 25 23 26
12 17 11 16 12 15 13 16
13 17 12 17 12 16 13 16
13 15 12 16 13 17 14 16
12 14 12 15 13 15 13 14
11 19 12 19 12 20 11 20
11 14 10 13 11 12 12 13
11 13 12 13 12 14 11 14
10 12 10 13 11 13 11 12
22 11 22 10 23 10 23 11
18 17 19 17 19 18 18 18
19 19 19 18 20 18 20 19
14 15 14 16 13 16 13 15
14 22 13 23 12 22 13 21
14 23 13 23 13 22 14 22
15 23 15 24 14 24 14 23
16 24 15 25 14 24 15 23
16 25 15 25 15 24 16 24
15 26 14 25 15 24 16 25
14 26 14 25 15 25 15 26
15 27 14 26 15 25 16 26
16 27 15 27 15 26 16 26
13 24 12 23 13 22 14 23
12 24 12 23 13 23 13 24
13 25 12 24 13 23 14 24
13 27 12 26 13 25 14 26
12 21 13 21 13 22 12 22
11 22 10 21 11 20 12 21
10 23 11 22 12 23 11 24
21 15 21 16 20 16 20 15
22 14 23 15 22 16 21 15
22 13 23 13 23 14 22 14
21 14 22 13 23 14 22 15
24 12 25 13 24 14 23 13
25 22 24 23 23 22 24 21
24 22 24 21 25 21 25 22
23 23 24 23 24 22 23 22
11 15 12 15 12 16 11 16
10 14 11 13 12 14 11 15
10 15 10 14 11 14 11 15
9 16 10 15 11 16 10 17
10 16 9 16 9 15 10 15
11 17 11 16 10 16 10 17
11 23 11 22 12 22 12 23
10 24 11 24 11 23 10 23
11 25 10 24 11 23 12 24
12 25 11 25 11 24 12 24
13 26 12 25 13 24 14 25
14 27 14 26 13 26 13 27
15 28 14 27 15 26 16 27
14 28 14 27 15 27 15 28
9 17 8 16 9 15 10 16
8 17 8 16 9 16 9 17
7 16 8 15 9 16 8 17
7 15 8 15 8 16 7 16
10 10 9 11 8 10 9 9
15 22 16 23 15 24 14 23
16 22 16 23 15 23 15 22
15 21 16 22 15 23 14 22
14 21 15 21 15 22 14 22
13 20 14 21 13 22 12 21
14 20 14 21 13 21 13 20
16 20 15 21 14 20 15 19
13 19 14 20 13 21 12 20
19 9 21 9 21 11 19 11
17 7 19 9 17 11 15 9
24 18 23 19 21 17 22 16
21 13 21 11 22 11 22 13
22 12 23 13 22 14 21 13
24 19 23 20 21 18 22 17
24 20 23 20 23 19 24 19
23 21 24 20 25 21 24 22
18 13 20 15 21 14 19 12
11 9 11 8 13 8 13 9
11 11 9 11 9 9 11 9
12 12 11 13 10 12 11 11
14 13 14 12 12 12 12 13
16 11 18 13 16 15 14 13
17 9 17 11 16 11 16 9
19 7 19 9 17 9 17 7
12 11 12 12 11 12 11 11
10 9 11 8 13 10 12 11
9 18 10 17 12 19 11 20
10 18 9 18 9 17 10 17
12 18 11 19 10 18 11 17
11 18 11 17 12 17 12 18
10 19 11 19 11 18 10 18
17 21 16 20 18 18 19 19
8 12 10 12 10 10 8 10
9 13 8 12 9 11 10 12
8 13 9 13 9 15 8 15
8 14 9 15 10 14 9 13
15 10 13 10 13 9 15 9
14 7 13 8 15 10 16 9
15 7 13 9 15 11 17 9
16 7 16 9 15 9 15 7
14 17 15 18 13 20 12 19
14 19 13 19 13 17 14 17
15 20 15 19 14 19 14 20
16 21 15 22 14 21 15 20
17 20 17 21 16 21 16 20
16 19 18 17 19 18 17 20
16 18 16 19 15 19 15 18
18 25 18 26 16 26 16 25
18 23 16 21 17 20 19 22
18 24 16 24 16 23 18 23
19 23 18 24 16 22 17 21
18 22 18 23 19 23 19 22
17 12 19 12 19 11 17 11
15 13 13 15 12 14 14 12
16 13 15 13 15 11 16 11
18 15 18 13 16 13 16 15
16 17 14 15 16 13 18 15
14 18 13 19 12 18 13 17
15 17 16 18 15 19 14 18
15 15 16 15 16 17 15 17
16 16 15 17 14 16 15 15
17 15 19 17 18 18 16 16
19 13 17 15 15 13 17 11
19 14 19 13 21 13 21 14
13 12 12 13 13 14 14 13
25 11 25 13 23 13 23 11
24 10 25 11 24 12 23 11
23 9 23 10 24 10 24 9
25 12 23 10 24 9 26 11
12 10 11 11 10 10 11 9
13 11 13 10 12 10 12 11
19 28 16 25 18 23 21 26
25 27 25 25 22 25 22 27
22 24 22 25 18 25 18 24
24 26 22 24 23 23 25 25
22 21 18 25 16 23 20 19
22 20 23 20 23 21 22 21
21 21 19 19 20 18 22 20
21 23 23 23 23 26 21 26
19 27 18 26 21 23 22 24
22 28 22 27 19 27 19 28
23 29 22 28 24 26 25 27
24 29 23 29 23 26 24 26
20 30 16 26 18 24 22 28
26 21 26 13 25 13 25 21
