best-score: 636232
count: 13
elapsed-time: 4.758
92
13 12 14 13 13 14 12 13
13 13 12 13 12 12 13 12
14 14 14 13 13 13 13 14
14 12 13 13 14 14 15 13
15 12 15 13 14 13 14 12
24 29 23 28 24 27 25 28
24 28 25 28 25 29 24 29
23 27 23 28 24 28 24 27
24 26 25 27 24 28 23 27
25 26 25 27 24 27 24 26
23 26 24 27 25 26 24 25
23 25 24 25 24 26 23 26
28 23 29 23 29 24 28 24
29 22 30 23 29 24 28 23
30 22 30 23 29 23 29 22
31 21 30 22 29 21 30 20
28 22 29 23 28 24 27 23
28 21 29 21 29 22 28 22
27 22 28 22 28 23 27 23
27 20 26 21 27 22 28 21
14 22 12 24 11 23 13 21
18 18 16 16 18 14 20 16
19 19 19 18 18 18 18 19
17 21 16 20 18 18 19 19
19 22 19 21 17 21 17 22
16 17 18 19 19 18 17 16
17 17 16 17 16 16 17 16
21 27 23 27 23 26 21 26
19 27 20 28 21 27 20 26
19 29 19 27 21 27 21 29
20 30 19 29 20 28 21 29
13 27 15 27 15 28 13 28
22 16 22 18 20 18 20 16
17 26 15 26 15 25 17 25
16 29 15 28 17 26 18 27
13 16 14 15 16 17 15 18
13 24 15 26 13 28 11 26
17 29 15 27 17 25 19 27
12 21 13 21 13 24 12 24
11 22 12 21 14 23 13 24
24 12 26 10 29 13 27 15
20 12 24 12 24 13 20 13
17 9 20 12 18 14 15 11
26 18 28 18 28 21 26 21
25 19 26 18 29 21 28 22
23 21 20 18 22 16 25 19
19 25 23 21 24 22 20 26
18 25 19 25 19 27 18 27
15 22 18 25 17 26 14 23
14 18 14 22 15 22 15 18
12 16 14 18 13 19 11 17
12 14 13 14 13 16 12 16
11 13 12 12 13 13 12 14
11 14 11 13 12 13 12 14
8 17 11 14 13 16 10 19
8 14 11 14 11 17 8 17
24 20 27 20 27 22 24 22
21 17 21 20 24 20 24 17
22 15 24 17 21 20 19 18
22 11 20 13 22 15 24 13
26 22 23 25 24 26 27 23
19 30 15 26 19 22 23 26
17 30 17 29 19 29 19 30
19 32 17 30 21 26 23 28
20 32 19 32 19 30 20 30
21 33 20 32 24 28 25 29
24 33 21 33 21 29 24 29
23 19 23 21 19 21 19 19
20 22 19 21 22 18 23 19
20 25 19 25 19 22 20 22
21 25 21 26 20 26 20 25
17 31 13 27 15 25 19 29
23 30 20 30 20 28 23 28
17 19 17 21 13 21 13 19
17 28 20 28 20 26 17 26
16 28 17 28 17 29 16 29
17 13 20 13 20 16 17 16
15 14 15 18 18 18 18 14
16 13 15 14 14 13 15 12
16 9 17 9 17 13 16 13
15 8 16 9 13 12 12 11
12 8 15 8 15 11 12 11
11 9 12 8 15 11 14 12
14 26 11 26 11 23 14 23
25 20 26 21 21 26 20 25
11 20 16 20 16 17 11 17
29 17 24 17 24 13 29 13
31 19 30 20 28 18 29 17
29 19 31 19 31 21 29 21
30 15 30 20 27 20 27 15
27 11 27 15 22 15 22 11
20 11 20 12 15 12 15 11
