best-score: 742378
count: 14
elapsed-time: 4.666
96
17 9 16 10 15 9 16 8
16 9 16 8 17 8 17 9
15 10 16 10 16 9 15 9
15 8 14 9 15 10 16 9
14 8 15 8 15 9 14 9
17 26 17 25 18 25 18 26
18 15 18 16 17 16 17 15
16 15 17 16 18 15 17 14
16 14 17 14 17 15 16 15
21 19 20 18 22 16 23 17
19 19 21 19 21 20 19 20
17 17 18 16 20 18 19 19
15 17 15 16 17 16 17 17
14 16 16 14 17 15 15 17
21 18 21 19 23 19 23 18
20 17 21 18 19 20 18 19
21 17 21 18 20 18 20 17
22 17 21 17 21 16 22 16
22 19 21 18 22 17 23 18
22 21 21 20 22 19 23 20
11 10 12 11 14 9 13 8
9 12 8 11 10 9 11 10
11 12 11 13 9 13 9 12
18 11 16 9 17 8 19 10
18 13 17 12 18 11 19 12
21 22 19 22 19 21 21 21
19 24 17 22 19 20 21 22
17 24 17 22 19 22 19 24
16 25 17 25 17 24 16 24
19 14 21 16 20 17 18 15
21 14 19 14 19 12 21 12
22 20 22 21 21 21 21 20
20 20 21 21 22 20 21 19
18 20 19 21 20 20 19 19
18 21 18 20 19 20 19 21
10 11 8 11 8 9 10 9
17 10 19 10 19 12 17 12
11 21 9 21 9 20 11 20
10 18 9 19 11 21 12 20
12 18 10 18 10 16 12 16
12 14 10 16 12 18 14 16
14 14 14 16 12 16 12 14
25 24 24 25 21 22 22 21
24 24 25 24 25 25 24 25
15 19 12 16 14 14 17 17
15 20 15 19 18 19 18 20
14 25 12 23 15 20 17 22
10 12 14 8 15 9 11 13
7 15 10 18 12 16 9 13
7 11 8 11 8 15 7 15
8 10 10 12 9 13 7 11
15 23 12 20 15 17 18 20
15 26 13 26 13 23 15 23
16 27 15 26 16 25 17 26
14 27 14 25 16 25 16 27
12 13 12 11 15 11 15 13
11 14 12 14 12 13 11 13
14 17 11 14 12 13 15 16
14 19 14 17 15 17 15 19
16 17 17 18 15 20 14 19
12 26 10 26 10 23 12 23
13 27 12 26 15 23 16 24
12 27 12 26 13 26 13 27
13 28 12 27 13 26 14 27
14 28 13 28 13 27 14 27
15 29 14 28 17 25 18 26
17 29 15 29 15 26 17 26
20 22 17 25 16 24 19 21
23 25 20 22 21 21 24 24
21 8 22 8 22 12 21 12
23 10 21 12 19 10 21 8
24 22 24 24 21 24 21 22
25 21 24 22 22 20 23 19
8 24 10 26 13 23 11 21
19 16 19 19 18 19 18 16
21 11 17 15 18 16 22 12
13 12 12 13 11 12 12 11
15 14 13 12 15 10 17 12
16 13 16 14 15 14 15 13
16 11 18 11 18 13 16 13
13 10 13 12 11 12 11 10
13 20 13 23 12 23 12 20
12 21 13 20 17 24 16 25
9 22 10 23 12 21 11 20
9 14 14 19 13 20 8 15
11 19 11 14 9 14 9 19
12 19 12 20 11 20 11 19
21 7 15 13 16 14 22 8
17 7 21 7 21 8 17 8
27 12 22 17 21 16 26 11
27 16 22 16 22 12 27 12
30 19 26 23 23 20 27 16
30 20 23 20 23 19 30 19
29 19 30 20 25 25 24 24
8 18 10 18 10 23 8 23
26 21 25 21 25 11 26 11
