best-score: 769899
count: 29
elapsed-time: 4.522
58
19 25 19 24 20 24 20 25
19 23 18 24 19 25 20 24
18 23 19 23 19 24 18 24
10 9 10 10 9 10 9 9
11 17 12 17 12 18 11 18
10 18 11 17 12 18 11 19
10 19 10 18 11 18 11 19
12 19 11 20 10 19 11 18
12 20 11 20 11 19 12 19
9 21 11 19 12 20 10 22
10 21 10 22 9 22 9 21
9 16 10 15 12 17 11 18
22 20 19 23 16 20 19 17
25 20 25 22 22 22 22 20
16 17 13 20 12 19 15 16
13 17 16 17 16 20 13 20
12 15 12 17 13 17 13 15
10 13 10 15 12 15 12 13
15 21 12 18 13 17 16 20
18 21 18 23 15 23 15 21
7 12 9 10 12 13 10 15
24 15 21 12 22 11 25 14
24 14 25 14 25 15 24 15
22 18 21 17 24 14 25 15
20 17 18 19 16 17 18 15
24 11 24 14 22 14 22 11
20 23 19 23 19 17 20 17
19 22 20 23 19 24 18 23
25 16 19 22 18 21 24 15
18 2 10 10 17 17 25 9
24 19 18 19 18 15 24 15
21 24 20 23 24 19 25 20
26 24 21 24 21 17 26 17
9 11 15 11 15 16 9 16
8 10 9 9 10 10 9 11
8 11 8 10 9 10 9 11
20 12 21 12 21 17 20 17
17 15 20 12 22 14 19 17
16 15 17 15 17 17 16 17
13 12 16 15 15 16 12 13
16 12 16 15 13 15 13 12
18 20 13 15 16 12 21 17
20 28 15 23 18 20 23 25
23 28 20 28 20 25 23 25
24 27 23 28 20 25 21 24
10 23 15 23 15 25 10 25
11 22 10 23 9 22 10 21
7 13 9 11 13 15 11 17
10 12 10 13 7 13 7 12
13 10 13 12 10 12 10 10
16 7 21 12 18 15 13 10
20 7 20 12 16 12 16 7
16 19 12 15 20 7 24 11
12 27 10 25 16 19 18 21
13 27 12 27 12 20 13 20
15 10 15 11 22 11 22 10
12 7 15 10 13 12 10 9
17 2 18 2 18 15 17 15
