best-score: 719443
count: 8
elapsed-time: 4.638
112
34 33 33 34 34 35 35 34
34 34 34 33 35 33 35 34
33 35 34 35 34 34 33 34
14 23 14 24 13 24 13 23
15 24 14 25 13 24 14 23
15 25 14 25 14 24 15 24
15 23 14 24 15 25 16 24
16 23 16 24 15 24 15 23
32 22 31 21 32 20 33 21
33 22 33 23 32 23 32 22
27 25 28 26 27 27 26 26
15 16 14 15 15 14 16 15
15 15 16 15 16 16 15 16
14 14 14 15 15 15 15 14
22 17 21 17 21 16 22 16
21 18 20 17 21 16 22 17
20 18 20 17 21 17 21 18
20 16 19 17 20 18 21 17
19 16 20 16 20 17 19 17
32 21 31 21 31 20 32 20
31 22 32 21 33 22 32 23
23 22 22 22 22 20 23 20
25 24 24 25 22 23 23 22
27 24 27 25 25 25 25 24
29 23 29 24 27 24 27 23
23 19 21 17 22 16 24 18
23 27 25 25 26 26 24 28
33 17 31 15 33 13 35 15
30 13 31 13 31 15 30 15
14 13 14 14 12 14 12 13
12 16 12 18 11 18 11 16
13 17 12 16 14 14 15 15
10 26 13 23 14 24 11 27
26 20 26 19 23 19 23 20
26 16 24 18 26 20 28 18
30 16 30 19 26 19 26 16
29 27 28 26 32 22 33 23
29 28 27 28 27 27 29 27
28 27 29 28 28 29 27 28
15 31 18 28 22 32 19 35
25 28 25 25 24 25 24 28
33 28 29 32 25 28 29 24
33 32 29 32 29 28 33 28
13 19 16 16 20 20 17 23
31 34 31 35 28 35 28 34
27 13 27 12 30 12 30 13
28 12 31 15 30 16 27 13
24 22 26 20 29 23 27 25
28 22 24 22 24 18 28 18
31 26 31 22 28 22 28 26
24 20 27 23 25 25 22 22
26 23 30 19 31 20 27 24
27 20 27 23 26 23 26 20
28 17 26 19 27 20 29 18
25 14 27 12 30 15 28 17
23 16 20 13 22 11 25 14
25 20 22 17 23 16 26 19
17 24 17 27 16 27 16 24
16 25 15 24 16 23 17 24
19 34 22 34 22 35 19 35
9 16 12 13 14 15 11 18
22 26 22 23 26 23 26 26
19 31 18 30 22 26 23 27
15 34 19 34 19 31 15 31
23 25 23 22 24 22 24 25
21 23 21 24 17 24 17 23
20 24 21 23 23 25 22 26
29 17 29 18 28 18 28 17
33 19 32 20 29 17 30 16
21 22 22 22 22 23 21 23
19 20 21 18 23 20 21 22
12 19 16 23 19 20 15 16
13 18 13 19 12 19 12 18
20 23 21 22 22 23 21 24
19 18 20 18 20 20 19 20
18 17 19 16 20 17 19 18
18 18 18 17 19 17 19 18
28 28 29 27 35 33 34 34
23 33 22 32 27 27 28 28
17 33 17 27 23 27 23 33
18 11 18 17 13 17 13 11
17 10 18 11 15 14 14 13
24 30 18 30 18 28 24 28
36 13 30 19 29 18 35 12
36 17 33 17 33 13 36 13
35 16 36 17 32 21 31 20
31 16 31 15 35 15 35 16
35 28 33 28 33 23 35 23
20 27 28 35 35 28 27 20
27 40 22 35 28 29 33 34
15 30 19 34 25 28 21 24
17 16 17 23 16 23 16 16
19 10 19 16 17 16 17 10
14 16 15 16 15 23 14 23
12 15 12 16 14 16 14 15
23 11 23 16 22 16 22 11
28 32 28 34 22 34 22 32
19 12 20 13 17 16 16 15
20 11 19 12 18 11 19 10
21 11 21 13 20 13 20 11
25 7 30 12 26 16 21 11
20 10 21 11 16 16 15 15
18 37 15 34 24 25 27 28
25 40 25 28 27 28 27 40
23 38 29 32 31 34 25 40
15 7 25 7 25 14 15 14
17 5 23 11 21 13 15 7
10 32 10 26 22 26 22 32
15 27 18 30 13 35 10 32
16 30 16 27 15 27 15 30
16 37 16 30 18 30 18 37
20 41 16 37 19 34 23 38
