best-score: 772750
count: 17
elapsed-time: 4.545
109
7 14 8 14 8 15 7 15
19 22 20 21 21 22 20 23
19 23 19 22 20 22 20 23
18 22 19 21 20 22 19 23
18 21 19 21 19 22 18 22
21 23 20 22 21 21 22 22
22 23 21 23 21 22 22 22
20 12 19 13 20 14 21 13
19 12 20 12 20 13 19 13
21 14 21 13 20 13 20 14
15 12 14 11 15 10 16 11
14 12 15 12 15 13 14 13
13 11 13 12 14 12 14 11
13 13 12 12 13 11 14 12
13 14 13 13 14 13 14 14
12 13 13 12 14 13 13 14
11 12 11 13 12 13 12 12
11 10 10 11 11 12 12 11
15 15 14 14 15 13 16 14
22 11 23 11 23 12 22 12
22 17 23 17 23 16 22 16
10 18 11 18 11 19 10 19
20 20 21 21 22 20 21 19
21 20 21 21 20 21 20 20
22 21 21 20 22 19 23 20
23 22 22 23 21 22 22 21
23 21 23 22 22 22 22 21
23 19 23 20 22 20 22 19
24 20 23 21 22 20 23 19
24 21 23 21 23 20 24 20
13 10 12 11 13 12 14 11
12 10 13 10 13 11 12 11
9 20 8 19 9 18 10 19
18 18 20 20 19 21 17 19
18 20 18 18 20 18 20 20
18 16 20 14 22 16 20 18
21 10 19 12 20 13 22 11
11 15 12 16 14 14 13 13
9 15 9 13 11 13 11 15
8 16 7 15 8 14 9 15
9 16 8 16 8 15 9 15
10 16 10 18 9 18 9 16
10 14 9 15 10 16 11 15
12 14 12 16 10 16 10 14
16 15 14 13 15 12 17 14
17 15 16 15 16 14 17 14
18 12 16 14 17 15 19 13
18 10 19 10 19 12 18 12
22 10 20 12 18 10 20 8
21 11 22 11 22 10 21 10
25 14 23 16 21 14 23 12
25 16 23 16 23 14 25 14
17 10 17 12 15 12 15 10
18 9 18 10 17 10 17 9
18 8 20 8 20 9 18 9
17 7 18 8 17 9 16 8
11 14 9 16 11 18 13 16
10 13 11 12 12 13 11 14
9 12 10 13 8 15 7 14
9 10 8 11 9 12 10 11
11 8 11 10 9 10 9 8
13 17 11 19 10 18 12 16
12 17 12 16 13 16 13 17
10 12 11 13 10 14 9 13
9 11 9 12 10 12 10 11
11 9 12 10 10 12 9 11
19 8 18 9 19 10 20 9
18 14 17 14 17 12 18 12
20 16 20 14 18 14 18 16
18 11 17 12 16 11 17 10
21 17 21 19 22 19 22 17
16 16 14 18 13 17 15 15
16 18 16 16 18 16 18 18
16 19 14 19 14 18 16 18
17 17 16 16 17 15 18 16
15 21 14 20 16 18 17 19
8 10 9 10 9 11 8 11
10 21 10 19 8 19 8 21
9 22 8 21 9 20 10 21
10 23 10 21 11 21 11 23
15 16 15 15 16 15 16 16
20 17 22 19 25 16 23 14
21 16 21 17 20 17 20 16
22 14 22 16 21 16 21 14
23 13 22 14 21 13 22 12
22 13 23 13 23 14 22 14
21 12 21 13 22 13 22 12
20 11 20 12 21 12 21 11
7 19 11 23 14 20 10 16
7 16 8 16 8 19 7 19
8 17 7 16 8 15 9 16
14 8 16 8 16 11 14 11
15 9 13 11 12 10 14 8
15 7 17 7 17 9 15 9
15 25 11 21 14 18 18 22
11 20 14 20 14 19 11 19
12 19 11 20 10 19 11 18
13 9 13 10 15 10 15 9
15 20 18 20 18 21 15 21
17 22 15 20 16 19 18 21
16 22 16 19 17 19 17 22
14 15 14 18 11 18 11 15
15 14 15 15 14 15 14 14
16 13 16 14 15 14 15 13
14 17 13 16 14 15 15 16
11 24 10 23 14 19 15 20
15 18 20 13 21 14 16 19
13 18 14 19 15 18 14 17
19 24 19 23 11 23 11 24
