best-score: 597564
count: 11
elapsed-time: 4.775
85
19 34 20 33 21 34 20 35
17 18 16 17 18 15 19 16
21 32 21 34 19 34 19 32
20 31 21 32 20 33 19 32
18 33 20 33 20 31 18 31
17 32 18 31 19 32 18 33
24 19 22 21 24 23 26 21
23 16 22 17 24 19 25 18
29 24 26 24 26 21 29 21
27 26 25 24 27 22 29 24
26 26 27 26 27 30 26 30
25 26 25 24 26 24 26 26
23 35 20 35 20 33 23 33
25 33 26 34 24 36 23 35
23 19 24 19 24 23 23 23
20 19 20 16 23 16 23 19
16 31 16 28 17 28 17 31
14 35 13 34 16 31 17 32
27 23 30 23 30 22 27 22
22 20 26 24 27 23 23 19
19 20 22 20 22 21 19 21
21 22 19 20 20 19 22 21
31 30 30 29 34 25 35 26
22 29 20 31 17 28 19 26
16 24 19 21 21 23 18 26
14 28 16 28 16 24 14 24
36 20 35 19 38 16 39 17
34 22 36 20 39 23 37 25
35 25 35 22 34 22 34 25
37 26 37 25 35 25 35 26
22 24 25 27 26 26 23 23
25 21 25 24 22 24 22 21
26 18 26 21 25 21 25 18
28 24 27 23 29 21 30 22
25 34 25 38 21 38 21 34
26 33 26 34 25 34 25 33
23 30 27 26 30 29 26 33
25 30 25 33 23 33 23 30
29 34 25 38 21 34 25 30
39 28 31 36 29 34 37 26
34 19 30 23 25 18 29 14
30 19 34 19 34 22 30 22
29 18 30 19 27 22 26 21
27 14 27 18 29 18 29 14
19 22 27 14 35 22 27 30
18 22 19 22 19 26 18 26
21 30 21 23 23 23 23 30
22 31 22 29 30 29 30 31
24 35 21 32 22 31 25 34
31 35 31 36 24 36 24 35
28 38 23 33 26 30 31 35
31 38 30 39 25 34 26 33
37 38 31 38 31 36 37 36
19 27 19 26 25 26 25 27
17 29 16 28 18 26 19 27
30 15 30 19 24 19 24 15
38 13 38 15 30 15 30 13
39 14 38 15 37 14 38 13
37 17 39 17 39 14 37 14
17 30 24 23 25 24 18 31
24 41 21 38 24 35 27 38
14 39 14 35 20 35 20 39
13 38 18 33 19 34 14 39
19 38 13 38 13 34 19 34
20 37 21 38 20 39 19 38
31 29 31 30 39 30 39 29
35 33 31 29 35 25 39 29
35 39 35 33 39 33 39 39
7 21 15 13 22 20 14 28
36 37 30 31 31 30 37 36
28 30 28 38 27 38 27 30
22 30 25 33 28 30 25 27
33 31 33 39 30 39 30 31
31 23 31 29 30 29 30 23
34 18 30 22 31 23 35 19
35 18 35 19 34 19 34 18
41 37 39 39 26 26 28 24
36 17 36 20 22 20 22 17
31 12 36 17 35 18 30 13
19 13 39 33 33 39 13 19
20 13 20 16 19 16 19 13
21 12 24 15 23 16 20 13
41 20 41 37 36 37 36 20
45 24 39 30 35 26 41 20
45 34 29 34 29 24 45 24
