best-score: 589516
count: 29
elapsed-time: 4.595
67
15 23 14 22 15 21 16 22
14 23 14 22 15 22 15 23
16 20 15 20 15 19 16 19
14 20 15 21 16 20 15 19
14 21 14 20 15 20 15 21
13 22 14 21 15 22 14 23
13 21 14 21 14 22 13 22
22 20 21 21 20 20 21 19
19 11 20 12 21 11 20 10
20 11 20 12 19 12 19 11
21 12 20 13 19 12 20 11
21 13 20 13 20 12 21 12
14 19 15 20 14 21 13 20
13 19 14 19 14 20 13 20
12 20 13 19 14 20 13 21
12 21 12 20 13 20 13 21
16 21 16 22 15 22 15 21
17 20 16 21 15 20 16 19
17 21 16 21 16 20 17 20
21 10 21 11 20 11 20 10
21 20 21 21 20 21 20 20
22 19 22 20 21 20 21 19
11 11 11 9 12 9 12 11
11 17 13 17 13 19 11 19
18 24 16 22 17 21 19 23
14 18 13 17 15 15 16 16
15 18 15 19 14 19 14 18
16 9 14 11 15 12 17 10
16 10 16 9 17 9 17 10
18 12 16 10 17 9 19 11
21 18 18 15 20 13 23 16
20 19 21 18 22 19 21 20
16 18 16 19 20 19 20 18
15 16 15 18 16 18 16 16
13 14 15 12 17 14 15 16
17 17 17 14 13 14 13 17
19 21 16 18 17 17 20 20
20 23 20 21 19 21 19 23
7 23 11 19 12 20 8 24
19 17 20 18 17 21 16 20
19 20 17 20 17 17 19 17
16 13 20 13 20 16 16 16
19 15 18 15 18 12 19 12
18 14 19 15 17 17 16 16
22 14 20 16 19 15 21 13
10 11 10 15 8 15 8 11
12 13 10 11 12 9 14 11
11 14 12 13 13 14 12 15
7 12 10 15 11 14 8 11
15 13 15 15 12 15 12 13
7 13 11 17 15 13 11 9
11 16 12 15 15 18 14 19
16 12 16 13 15 13 15 12
21 16 21 18 20 18 20 16
24 19 20 23 17 20 21 16
23 13 23 16 21 16 21 13
24 14 24 19 22 19 22 14
25 15 21 19 20 18 24 14
25 17 19 17 19 15 25 15
14 25 10 21 15 16 19 20
7 25 7 23 14 23 14 25
7 16 8 15 13 20 12 21
7 14 11 14 11 16 7 16
10 20 10 15 12 15 12 20
8 21 10 21 10 20 8 20
12 12 12 13 7 13 7 12
14 12 12 12 12 11 14 11
