best-score: 615443
count: 15
elapsed-time: 4.803
98
18 22 17 21 18 20 19 21
24 22 23 21 24 20 25 21
13 23 14 24 13 25 12 24
13 24 12 24 12 23 13 23
14 25 14 24 13 24 13 25
14 16 13 15 14 14 15 15
19 19 20 20 21 19 20 18
17 19 18 20 19 19 18 18
18 19 18 20 17 20 17 19
19 18 19 19 18 19 18 18
20 19 20 20 21 20 21 19
19 20 18 19 19 18 20 19
18 21 19 21 19 20 18 20
17 22 18 22 18 21 17 21
15 22 16 23 17 22 16 21
17 12 16 11 17 10 18 11
16 22 17 22 17 23 16 23
15 21 15 22 16 22 16 21
16 20 17 21 16 22 15 21
25 20 24 20 24 18 25 18
25 24 27 24 27 26 25 26
29 24 27 26 25 24 27 22
15 25 14 24 16 22 17 23
14 26 15 26 15 25 14 25
13 27 12 26 13 25 14 26
17 24 15 26 14 25 16 23
29 22 29 24 27 24 27 22
21 14 23 14 23 15 21 15
19 12 21 10 23 12 21 14
22 20 21 19 23 17 24 18
22 22 22 20 24 20 24 22
21 23 19 21 20 20 22 22
22 23 22 24 21 24 21 23
23 18 21 20 20 19 22 17
24 17 24 18 23 18 23 17
24 19 23 18 24 17 25 18
11 8 12 9 10 11 9 10
14 21 12 23 13 24 15 22
14 23 13 23 13 21 14 21
16 24 16 23 14 23 14 24
13 17 13 15 15 15 15 17
14 18 13 17 14 16 15 17
24 14 24 12 23 12 23 14
26 24 24 26 22 24 24 22
16 9 16 11 15 11 15 9
15 19 15 17 17 17 17 19
14 19 15 19 15 21 14 21
13 19 13 18 14 18 14 19
11 21 13 19 15 21 13 23
11 19 13 19 13 21 11 21
12 16 10 18 11 19 13 17
12 14 14 14 14 16 12 16
11 15 12 14 13 15 12 16
16 18 17 19 16 20 15 19
16 16 15 17 16 18 17 17
18 16 18 18 16 18 16 16
19 17 18 18 17 17 18 16
22 16 20 18 19 17 21 15
23 16 23 17 22 17 22 16
20 15 22 17 23 16 21 14
15 18 14 19 16 21 17 20
19 10 19 12 17 12 17 10
20 17 20 18 19 18 19 17
21 17 20 17 20 15 21 15
22 19 22 17 21 17 21 19
10 22 10 21 11 21 11 22
24 16 23 17 22 16 23 15
24 15 24 16 23 16 23 15
25 16 24 17 23 16 24 15
25 17 24 17 24 16 25 16
23 24 23 21 25 21 25 24
22 25 21 24 22 23 23 24
23 25 22 25 22 24 23 24
28 14 25 17 24 16 27 13
25 22 23 24 25 26 27 24
21 22 22 23 25 20 24 19
18 23 21 23 21 22 18 22
22 27 18 23 21 20 25 24
18 27 18 25 22 25 22 27
26 11 27 12 24 15 23 14
27 15 24 15 24 14 27 14
28 13 28 14 27 14 27 13
20 23 18 21 19 20 21 22
19 26 18 25 20 23 21 24
9 9 12 9 12 10 9 10
10 17 13 17 13 18 10 18
12 15 10 17 9 16 11 14
18 24 17 24 17 23 18 23
19 23 18 24 17 23 18 22
11 18 17 12 20 15 14 21
18 6 15 9 21 15 24 12
26 6 26 11 18 11 18 6
9 23 9 16 12 16 12 23
11 25 9 23 10 22 12 24
11 27 11 25 13 25 13 27
10 26 11 25 12 26 11 27
10 24 12 24 12 26 10 26
25 5 26 6 16 16 15 15
