best-score: 703218
count: 2
elapsed-time: 4.952
293
36 20 36 21 37 21 37 20
37 19 38 20 37 21 36 20
38 19 38 20 37 20 37 19
36 34 36 33 37 33 37 34
35 35 36 35 36 34 35 34
35 33 34 34 35 35 36 34
34 33 35 33 35 34 34 34
35 32 36 33 35 34 34 33
36 32 36 33 35 33 35 32
37 31 36 32 35 31 36 30
38 32 37 31 38 30 39 31
14 33 13 33 13 32 14 32
14 35 13 34 14 33 15 34
17 19 16 20 17 21 18 20
31 30 30 29 31 28 32 29
32 24 31 25 32 26 33 25
32 25 32 24 33 24 33 25
33 26 32 25 33 24 34 25
33 17 33 18 32 18 32 17
32 16 33 17 32 18 31 17
31 16 32 16 32 17 31 17
30 17 31 16 32 17 31 18
30 18 30 17 31 17 31 18
29 17 30 16 31 17 30 18
29 16 30 16 30 17 29 17
31 26 32 26 32 25 31 25
32 19 31 19 31 18 32 18
33 20 32 19 33 18 34 19
35 25 35 26 34 26 34 25
36 26 35 27 34 26 35 25
36 27 35 27 35 26 36 26
37 26 36 27 35 26 36 25
35 36 34 35 35 34 36 35
34 36 34 35 35 35 35 36
14 20 15 19 16 20 15 21
16 22 15 23 14 22 15 21
31 15 30 16 29 15 30 14
30 15 31 15 31 16 30 16
29 14 29 15 30 15 30 14
28 15 29 14 30 15 29 16
28 16 28 15 29 15 29 16
27 15 28 14 29 15 28 16
27 16 26 16 26 15 27 15
27 14 26 15 27 16 28 15
27 13 28 13 28 14 27 14
30 21 31 22 30 23 29 22
31 29 30 29 30 28 31 28
32 30 32 29 31 29 31 30
31 31 30 30 31 29 32 30
30 31 31 31 31 32 30 32
32 31 31 32 30 31 31 30
30 22 31 22 31 23 30 23
29 21 29 22 30 22 30 21
29 19 28 20 29 21 30 20
29 20 28 20 28 19 29 19
28 21 27 20 28 19 29 20
27 21 27 20 28 20 28 21
25 15 26 16 27 15 26 14
25 14 26 14 26 15 25 15
28 23 27 22 28 21 29 22
27 24 28 24 28 23 27 23
29 24 28 25 27 24 28 23
29 25 28 25 28 24 29 24
28 26 27 25 28 24 29 25
27 26 27 25 28 25 28 26
25 32 25 31 26 31 26 32
26 33 25 32 26 31 27 32
27 33 26 33 26 32 27 32
24 18 25 18 25 17 24 17
23 17 24 16 25 17 24 18
23 16 24 16 24 17 23 17
23 18 22 17 23 16 24 17
24 19 23 20 22 19 23 18
23 19 23 18 24 18 24 19
22 20 23 20 23 19 22 19
37 25 37 26 36 26 36 25
37 36 36 35 37 34 38 35
22 27 23 28 24 27 23 26
22 18 23 18 23 17 22 17
21 19 22 18 23 19 22 20
21 18 22 18 22 19 21 19
24 24 23 25 22 24 23 23
24 23 25 23 25 24 24 24
27 17 26 18 25 17 26 16
28 17 27 17 27 16 28 16
29 18 28 17 29 16 30 17
30 19 30 18 29 18 29 19
31 20 31 19 30 19 30 20
39 14 38 14 38 13 39 13
28 18 27 17 28 16 29 17
39 33 39 31 37 31 37 33
38 34 37 33 38 32 39 33
37 35 38 35 38 34 37 34
38 36 37 35 38 34 39 35
39 36 38 36 38 35 39 35
36 36 36 35 37 35 37 36
35 37 34 36 35 35 36 36
36 37 35 37 35 36 36 36
38 39 36 37 37 36 39 38
39 28 37 26 39 24 41 26
35 18 37 20 36 21 34 19
35 20 33 20 33 18 35 18
38 28 36 26 37 25 39 27
38 29 38 28 39 28 39 29
36 29 38 29 38 30 36 30
13 20 14 20 14 22 13 22
17 23 15 23 15 21 17 21
18 22 17 23 16 22 17 21
17 41 17 40 19 40 19 41
15 18 15 19 17 19 17 18
18 24 18 23 17 23 17 24
33 27 31 29 30 28 32 26
32 27 32 26 33 26 33 27
34 27 33 28 32 27 33 26
34 28 33 28 33 27 34 27
35 29 34 28 35 27 36 28
35 28 36 28 36 29 35 29
37 28 36 29 35 28 36 27
38 26 38 28 37 28 37 26
30 27 31 28 32 27 31 26
29 28 27 26 28 25 30 27
29 27 30 27 30 28 29 28
35 16 33 18 32 17 34 15
36 15 36 16 35 16 35 15
37 16 36 15 38 13 39 14
37 14 38 14 38 16 37 16
31 34 33 32 34 33 32 35
33 34 31 34 31 32 33 32
33 35 33 34 34 34 34 35
35 13 35 15 34 15 34 13
32 21 34 23 33 24 31 22
34 21 32 21 32 19 34 19
36 23 36 21 34 21 34 23
31 39 29 41 28 40 30 38
16 14 18 14 18 16 16 16
15 13 16 14 14 16 13 15
13 14 15 14 15 13 13 13
33 22 31 22 31 20 33 20
34 18 33 17 35 15 36 16
33 31 35 31 35 32 33 32
25 19 26 18 28 20 27 21
26 19 25 19 25 18 26 18
25 20 24 19 25 18 26 19
24 20 24 19 25 19 25 20
23 21 24 21 24 20 23 20
21 23 23 23 23 21 21 21
26 21 27 22 25 24 24 23
26 22 26 21 27 21 27 22
28 22 27 23 26 22 27 21
29 23 29 22 28 22 28 23
30 24 30 23 29 23 29 24
30 26 29 25 30 24 31 25
31 27 31 26 30 26 30 27
32 28 32 27 31 27 31 28
33 29 33 28 32 28 32 29
34 30 33 31 32 30 33 29
25 25 25 24 27 24 27 25
25 26 23 26 23 25 25 25
26 27 26 26 25 26 25 27
25 28 24 27 25 26 26 27
24 28 24 27 25 27 25 28
22 26 23 25 25 27 24 28
23 27 23 26 22 26 22 27
29 30 30 31 28 33 27 32
29 31 29 30 30 30 30 31
28 30 29 31 27 33 26 32
28 28 29 28 29 30 28 30
27 29 25 27 26 26 28 28
29 29 28 28 29 27 30 28
28 29 29 30 30 29 29 28
22 22 21 21 22 20 23 21
22 35 21 36 19 34 20 33
22 14 24 16 25 15 23 13
26 24 25 25 24 24 25 23
38 23 36 25 34 23 36 21
38 18 36 16 38 14 40 16
40 19 40 18 38 18 38 19
40 34 38 34 38 32 40 32
41 33 40 34 39 33 40 32
41 35 39 35 39 33 41 33
40 36 39 35 40 34 41 35
40 38 39 38 39 36 40 36
28 35 28 36 26 36 26 35
30 33 31 34 29 36 28 35
30 35 28 35 28 33 30 33
37 29 38 28 39 29 38 30
39 26 39 24 41 24 41 26
33 30 33 31 32 31 32 30
34 29 33 30 32 29 33 28
35 30 35 29 34 29 34 30
36 31 36 30 35 30 35 31
37 30 36 31 35 30 36 29
34 31 33 32 32 31 33 30
37 39 37 36 38 36 38 39
35 41 33 39 35 37 37 39
42 23 41 24 37 20 38 19
36 19 36 16 37 16 37 19
40 33 37 30 38 29 41 32
41 34 39 36 38 35 40 33
9 18 13 14 17 18 13 22
13 23 15 23 15 26 13 26
11 22 13 20 17 24 15 26
11 23 11 22 13 22 13 23
15 11 18 14 16 16 13 13
21 29 21 31 17 31 17 29
19 36 16 39 17 40 20 37
15 36 15 34 19 34 19 36
18 28 17 27 21 23 22 24
20 32 17 29 18 28 21 31
21 28 17 24 18 23 22 27
23 29 23 28 21 28 21 29
23 33 21 31 23 29 25 31
25 37 22 34 23 33 26 36
27 41 24 38 25 37 28 40
29 38 29 41 27 41 27 38
30 36 30 38 29 38 29 36
32 36 30 36 30 35 32 35
33 36 33 39 32 39 32 36
30 39 29 38 32 35 33 36
31 38 31 39 30 39 30 38
33 37 32 36 33 35 34 36
33 40 32 39 35 36 36 37
33 41 33 40 35 40 35 41
35 39 33 41 31 39 33 37
37 41 35 39 38 36 40 38
35 19 31 23 32 24 36 20
34 12 31 15 32 16 35 13
33 12 34 13 31 16 30 15
33 13 33 12 34 12 34 13
23 34 27 38 26 39 22 35
26 34 23 34 23 33 26 33
29 35 28 36 26 34 27 33
34 32 30 36 29 35 33 31
22 23 25 26 27 24 24 21
21 34 21 31 22 31 22 34
19 30 21 28 25 32 23 34
18 30 18 28 19 28 19 30
21 40 19 40 19 36 21 36
17 22 21 18 22 19 18 23
23 35 22 35 22 34 23 34
19 13 23 17 22 18 18 14
19 16 19 13 23 13 23 16
19 20 18 20 18 16 19 16
19 22 19 20 22 20 22 22
19 23 18 23 18 22 19 22
20 20 18 22 19 23 21 21
17 17 18 16 21 19 20 20
21 17 21 18 17 18 17 17
21 14 22 14 22 17 21 17
23 12 25 14 23 16 21 14
27 12 27 13 23 13 23 12
26 13 27 12 28 13 27 14
17 30 20 33 22 31 19 28
16 29 17 30 14 33 13 32
16 27 17 27 17 29 16 29
18 26 18 24 22 24 22 26
15 28 18 28 18 26 15 26
14 27 15 26 16 27 15 28
20 15 22 17 21 18 19 16
23 32 23 33 20 33 20 32
26 29 23 32 22 31 25 28
27 27 27 29 26 29 26 27
43 15 40 18 38 16 41 13
37 40 37 39 35 39 35 40
39 42 37 40 38 39 40 41
21 27 18 24 19 23 22 26
19 27 21 27 21 28 19 28
42 20 42 23 38 23 38 20
40 22 38 20 40 18 42 20
40 40 40 41 37 41 37 40
14 18 15 19 17 17 16 16
15 16 15 18 14 18 14 16
19 11 19 13 15 13 15 11
21 13 18 16 16 14 19 11
38 24 37 25 31 19 32 18
36 24 36 23 38 23 38 24
35 24 36 24 36 25 35 25
15 41 13 39 20 32 22 34
22 40 21 41 13 33 14 32
22 41 21 41 21 40 22 40
27 36 22 41 21 40 26 35
8 26 14 32 17 29 11 23
8 32 8 26 13 26 13 32
35 22 35 24 33 24 33 22
14 36 21 29 26 34 19 41
14 41 14 36 15 36 15 41
20 35 14 35 14 33 20 33
22 37 22 35 20 35 20 37
25 40 25 37 22 37 22 40
22 43 19 40 22 37 25 40
27 43 22 43 22 41 27 41
9 33 8 32 17 23 18 24
9 34 9 33 13 33 13 34
