best-score: 755510
count: 2
elapsed-time: 5.073
364
34 17 35 17 35 18 34 18
35 16 36 17 35 18 34 17
36 15 35 16 34 15 35 14
36 16 35 16 35 15 36 15
35 13 35 14 34 14 34 13
36 14 35 15 34 14 35 13
33 14 34 14 34 15 33 15
32 13 33 12 34 13 33 14
33 13 32 13 32 12 33 12
32 14 33 13 34 14 33 15
33 22 34 21 35 22 34 23
34 22 33 22 33 21 34 21
32 22 33 23 34 22 33 21
32 23 32 22 33 22 33 23
31 22 32 21 33 22 32 23
31 21 32 21 32 22 31 22
30 21 30 20 31 20 31 21
29 20 30 19 31 20 30 21
29 19 30 19 30 20 29 20
34 24 34 23 35 23 35 24
33 31 34 30 35 31 34 32
32 30 32 31 33 31 33 30
31 29 32 28 33 29 32 30
32 29 32 30 31 30 31 29
33 28 33 29 32 29 32 28
34 29 33 30 32 29 33 28
35 29 35 30 34 30 34 29
36 29 35 29 35 28 36 28
37 28 36 29 35 28 36 27
33 32 34 32 34 33 33 33
34 31 33 32 32 31 33 30
35 32 35 31 34 31 34 32
35 34 34 33 35 32 36 33
36 34 35 34 35 33 36 33
33 16 34 16 34 17 33 17
32 15 33 14 34 15 33 16
33 34 32 33 33 32 34 33
32 35 33 35 33 34 32 34
31 36 32 36 32 35 31 35
33 37 32 36 33 35 34 36
28 34 28 33 29 33 29 34
29 35 28 34 29 33 30 34
30 35 29 35 29 34 30 34
31 34 32 35 31 36 30 35
31 33 32 33 32 34 31 34
32 32 33 33 32 34 31 33
31 31 31 32 32 32 32 31
29 18 28 17 29 16 30 17
29 25 30 25 30 26 29 26
31 25 30 26 29 25 30 24
32 25 32 26 31 26 31 25
31 24 32 25 31 26 30 25
28 25 29 24 30 25 29 26
28 24 29 24 29 25 28 25
27 25 28 24 29 25 28 26
27 26 27 25 28 25 28 26
26 25 27 26 26 27 25 26
24 14 25 14 25 15 24 15
25 13 26 14 25 15 24 14
26 13 26 14 25 14 25 13
28 13 27 14 26 13 27 12
28 14 28 13 29 13 29 14
26 28 26 27 25 27 25 28
24 28 25 29 26 28 25 27
24 29 24 28 25 28 25 29
23 28 24 29 23 30 22 29
24 27 24 28 23 28 23 27
23 26 24 25 25 26 24 27
22 27 23 27 23 26 22 26
22 28 21 28 21 27 22 27
23 29 23 28 22 28 22 29
21 29 22 30 23 29 22 28
21 30 21 29 22 29 22 30
20 29 21 28 22 29 21 30
20 28 21 28 21 29 20 29
19 27 20 28 19 29 18 28
26 15 26 16 25 16 25 15
27 15 26 15 26 14 27 14
27 13 26 14 27 15 28 14
28 12 28 13 27 13 27 12
24 26 25 26 25 27 24 27
23 25 23 26 24 26 24 25
25 25 24 26 23 25 24 24
26 26 26 25 25 25 25 26
26 24 25 25 26 26 27 25
27 24 27 25 26 25 26 24
24 34 25 35 24 36 23 35
23 34 24 34 24 35 23 35
22 33 22 34 23 34 23 33
22 35 21 34 22 33 23 34
21 35 21 34 22 34 22 35
22 36 21 35 22 34 23 35
23 36 22 36 22 35 23 35
24 37 23 36 24 35 25 36
25 37 24 37 24 36 25 36
26 36 25 36 25 35 26 35
17 17 18 16 19 17 18 18
18 17 17 17 17 16 18 16
19 18 19 17 18 17 18 18
20 17 21 18 20 19 19 18
17 14 18 13 19 14 18 15
17 13 18 13 18 14 17 14
16 14 17 13 18 14 17 15
16 15 16 14 17 14 17 15
15 14 16 13 17 14 16 15
14 14 14 13 15 13 15 14
15 15 14 14 15 13 16 14
18 32 17 32 17 31 18 31
16 32 17 33 18 32 17 31
16 33 16 32 17 32 17 33
15 32 16 31 17 32 16 33
14 33 15 33 15 32 14 32
15 34 14 35 13 34 14 33
16 34 15 34 15 33 16 33
18 22 17 23 18 24 19 23
24 13 24 14 23 14 23 13
25 12 26 13 25 14 24 13
24 12 25 12 25 13 24 13
23 11 24 12 23 13 22 12
22 15 23 14 24 15 23 16
22 21 22 20 23 20 23 21
21 20 22 19 23 20 22 21
21 19 22 19 22 20 21 20
20 18 20 19 21 19 21 18
21 17 20 18 19 17 20 16
24 33 24 32 23 32 23 33
25 34 24 35 23 34 24 33
27 34 26 35 25 34 26 33
28 35 27 34 28 33 29 34
29 36 29 35 28 35 28 36
22 32 23 33 22 34 21 33
21 32 22 32 22 33 21 33
22 31 21 32 20 31 21 30
23 31 23 32 22 32 22 31
21 31 22 32 23 31 22 30
20 30 20 31 21 31 21 30
19 30 19 29 20 29 20 30
19 32 18 31 19 30 20 31
20 15 20 16 19 16 19 15
21 14 20 15 19 14 20 13
21 21 22 20 23 21 22 22
21 22 21 21 22 21 22 22
22 23 21 24 20 23 21 22
23 22 23 23 22 23 22 22
24 21 24 22 23 22 23 21
24 31 23 32 22 31 23 30
21 25 22 26 21 27 20 26
13 13 14 14 13 15 12 14
13 14 12 14 12 13 13 13
14 15 13 14 14 13 15 14
31 27 30 27 30 26 31 26
31 28 31 27 32 27 32 28
30 29 31 28 32 29 31 30
30 28 31 28 31 29 30 29
29 27 30 26 31 27 30 28
28 27 28 26 29 26 29 27
29 28 28 27 29 26 30 27
30 32 31 32 31 33 30 33
30 30 29 31 30 32 31 31
29 29 30 28 31 29 30 30
28 29 28 28 29 28 29 29
29 30 28 29 29 28 30 29
30 31 30 30 29 30 29 31
29 32 30 31 31 32 30 33
17 24 16 25 15 24 16 23
16 24 16 23 17 23 17 24
15 25 16 25 16 24 15 24
17 30 17 31 16 31 16 30
15 31 16 31 16 32 15 32
27 35 28 35 28 34 27 34
26 34 27 35 26 36 25 35
27 33 27 34 26 34 26 33
27 27 28 26 29 27 28 28
27 28 27 27 28 27 28 28
26 29 25 28 26 27 27 28
27 29 26 29 26 28 27 28
28 30 27 29 28 28 29 29
27 30 27 29 28 29 28 30
25 30 26 31 27 30 26 29
25 31 24 31 24 30 25 30
26 30 25 31 24 30 25 29
27 31 27 30 26 30 26 31
28 32 27 31 28 30 29 31
27 32 28 32 28 33 27 33
25 32 26 33 27 32 26 31
26 32 25 32 25 31 26 31
25 33 24 32 25 31 26 32
28 31 27 32 28 33 29 32
37 20 36 21 35 20 36 19
37 22 36 23 35 22 36 21
37 27 37 28 36 28 36 27
36 26 37 27 36 28 35 27
37 25 36 26 35 25 36 24
35 26 36 26 36 27 35 27
36 25 35 25 35 24 36 24
34 25 35 26 36 25 35 24
34 26 34 25 35 25 35 26
33 25 34 24 35 25 34 26
32 24 33 25 32 26 31 25
31 23 31 24 32 24 32 23
30 22 31 21 32 22 31 23
30 23 30 22 31 22 31 23
29 22 30 21 31 22 30 23
29 21 30 21 30 22 29 22
28 20 29 19 30 20 29 21
28 21 28 20 29 20 29 21
14 34 14 35 13 35 13 34
15 35 14 34 15 33 16 34
15 36 14 36 14 35 15 35
14 37 13 36 14 35 15 36
13 37 13 36 14 36 14 37
12 36 13 35 14 36 13 37
12 35 13 35 13 36 12 36
20 33 21 33 21 34 20 34
19 34 20 33 21 34 20 35
19 35 19 34 20 34 20 35
20 36 19 35 20 34 21 35
21 36 20 36 20 35 21 35
22 37 21 36 22 35 23 36
21 37 21 36 22 36 22 37
21 16 21 17 20 17 20 16
33 20 32 21 31 20 32 19
34 19 35 20 34 21 33 20
33 27 32 28 31 27 32 26
34 28 33 27 34 26 35 27
34 27 35 27 35 28 34 28
33 26 34 27 33 28 32 27
33 24 32 25 33 26 34 25
15 37 14 36 15 35 16 36
16 37 15 37 15 36 16 36
32 20 32 21 33 21 33 20
31 19 31 20 32 20 32 19
33 19 32 20 31 19 32 18
33 18 34 18 34 19 33 19
32 17 32 18 33 18 33 17
31 18 32 17 33 18 32 19
30 18 31 18 31 19 30 19
29 17 29 18 30 18 30 17
28 16 28 17 29 17 29 16
27 17 26 16 27 15 28 16
34 34 33 33 34 32 35 33
31 17 32 18 33 17 32 16
30 16 31 17 30 18 29 17
31 16 31 17 30 17 30 16
31 15 32 15 32 16 31 16
25 24 25 25 24 25 24 24
26 23 27 24 26 25 25 24
36 22 36 23 35 23 35 22
35 21 36 22 35 23 34 22
36 20 36 21 35 21 35 20
37 19 37 20 36 20 36 19
36 31 35 32 34 31 35 30
36 30 36 31 35 31 35 30
37 29 36 30 35 29 36 28
37 30 36 30 36 29 37 29
29 23 28 22 29 21 30 22
28 23 28 22 29 22 29 23
27 22 28 21 29 22 28 23
27 21 28 21 28 22 27 22
17 25 17 24 18 24 18 25
16 26 15 25 16 24 17 25
16 28 15 27 16 26 17 27
17 26 16 26 16 25 17 25
37 26 36 26 36 25 37 25
27 23 28 23 28 24 27 24
26 22 27 21 28 22 27 23
25 21 26 22 25 23 24 22
37 21 37 22 36 22 36 21
38 20 37 21 36 20 37 19
38 21 37 21 37 20 38 20
25 22 26 22 26 23 25 23
26 21 27 22 26 23 25 22
24 23 23 22 24 21 25 22
23 24 24 24 24 23 23 23
35 36 35 34 34 34 34 36
34 37 32 35 33 34 35 36
33 36 33 37 34 37 34 36
30 12 32 14 31 15 29 13
30 13 32 15 31 16 29 14
30 14 30 13 32 13 32 14
27 18 25 16 26 15 28 17
27 19 27 18 29 18 29 19
26 19 27 19 27 21 26 21
25 18 26 19 24 21 23 20
23 18 23 16 25 16 25 18
22 17 23 18 22 19 21 18
22 18 21 18 21 17 22 17
23 19 23 18 22 18 22 19
25 17 27 19 25 21 23 19
24 16 25 15 26 16 25 17
23 15 24 16 22 18 21 17
22 14 22 15 23 15 23 14
21 13 22 14 20 16 19 15
22 13 22 14 21 14 21 13
23 12 23 13 22 13 22 12
24 11 24 12 23 12 23 11
19 22 17 24 18 25 20 23
18 21 20 19 21 20 19 22
19 21 19 22 18 22 18 21
16 20 18 22 19 21 17 19
17 20 16 20 16 19 17 19
15 22 17 20 18 21 16 23
13 20 15 22 14 23 12 21
15 20 13 20 13 19 15 19
14 17 13 18 15 20 16 19
15 17 14 17 14 15 15 15
16 17 16 19 15 19 15 17
17 18 16 17 17 16 18 17
18 19 18 18 17 18 17 19
19 31 21 33 20 34 18 32
18 30 18 31 19 31 19 30
17 28 17 30 18 30 18 28
16 27 16 28 17 28 17 27
15 26 15 27 16 27 16 26
13 28 15 26 16 27 14 29
15 28 13 28 13 27 15 27
15 30 15 28 16 28 16 30
16 29 17 30 16 31 15 30
18 26 20 26 20 28 18 28
19 25 18 26 17 25 18 24
19 24 21 24 21 25 19 25
18 23 18 24 19 24 19 23
17 22 17 23 18 23 18 22
17 29 16 30 17 31 18 30
18 27 17 28 16 27 17 26
18 36 16 34 17 33 19 35
13 17 15 19 17 17 15 15
14 18 14 17 13 17 13 18
20 24 21 25 23 23 22 22
22 11 23 12 22 13 21 12
21 11 22 11 22 12 21 12
20 12 21 11 22 12 21 13
18 12 20 12 20 13 18 13
20 25 22 27 23 26 21 24
19 20 21 20 21 21 19 21
18 34 18 32 19 32 19 34
20 22 20 23 19 23 19 22
20 20 19 21 20 22 21 21
19 19 20 18 21 19 20 20
18 20 19 20 19 19 18 19
17 21 18 21 18 20 17 20
15 21 17 21 17 22 15 22
14 20 15 21 13 23 12 22
20 32 20 31 19 31 19 32
38 18 37 19 35 17 36 16
29 12 29 13 30 13 30 12
13 25 15 25 15 26 13 26
12 23 12 25 13 25 13 23
11 25 13 23 15 25 13 27
18 33 19 34 16 37 15 36
12 28 15 31 16 30 13 27
11 28 11 25 12 25 12 28
10 27 12 25 13 26 11 28
10 26 13 26 13 27 10 27
11 18 13 20 16 17 14 15
11 19 11 18 13 18 13 19
10 29 14 33 15 32 11 28
10 32 10 29 14 29 14 32
11 31 14 34 13 35 10 32
9 29 13 25 15 27 11 31
9 27 10 27 10 29 9 29
11 29 9 27 10 26 12 28
11 30 15 30 15 31 11 31
12 34 12 28 13 28 13 34
