best-score: 779609
count: 8
elapsed-time: 4.721
136
12 16 12 15 11 15 11 16
10 15 11 16 10 17 9 16
12 27 11 28 10 27 11 26
11 27 11 26 12 26 12 27
10 28 11 28 11 27 10 27
10 29 9 29 9 28 10 28
20 29 19 29 19 28 20 28
19 24 20 25 19 26 18 25
20 24 20 25 19 25 19 24
19 23 20 24 19 25 18 24
18 23 19 23 19 24 18 24
20 23 19 24 18 23 19 22
23 12 23 13 22 13 22 12
21 12 22 13 23 12 22 11
21 11 22 11 22 12 21 12
21 13 20 12 21 11 22 12
20 13 20 12 21 12 21 13
18 26 19 26 19 25 18 25
20 22 20 23 19 23 19 22
17 13 18 14 17 15 16 14
16 24 17 25 18 24 17 23
17 24 17 25 18 25 18 24
16 23 16 24 17 24 17 23
16 25 15 24 16 23 17 24
15 25 15 24 16 24 16 25
14 10 15 11 14 12 13 11
13 10 14 10 14 11 13 11
15 15 15 14 16 14 16 15
11 14 12 15 13 14 12 13
10 14 11 14 11 15 10 15
29 27 28 28 27 27 28 26
28 27 29 27 29 28 28 28
28 25 28 26 27 26 27 25
29 26 28 27 27 26 28 25
15 12 15 11 14 11 14 12
10 23 9 22 11 20 12 21
8 26 10 28 11 27 9 25
18 16 18 14 20 14 20 16
15 17 16 18 18 16 17 15
13 15 13 17 15 17 15 15
14 16 13 17 12 16 13 15
22 16 20 18 18 16 20 14
22 18 20 18 20 16 22 16
22 24 20 24 20 23 22 23
17 27 19 29 20 28 18 26
16 27 16 25 17 25 17 27
17 26 16 27 15 26 16 25
19 10 18 11 20 13 21 12
20 20 19 20 19 18 20 18
18 18 20 16 22 18 20 20
17 16 17 18 18 18 18 16
16 16 16 15 17 15 17 16
14 18 16 18 16 16 14 16
13 13 14 12 16 14 15 15
12 12 13 13 11 15 10 14
11 9 10 10 12 12 13 11
18 12 17 13 15 11 16 10
20 11 20 12 18 12 18 11
13 23 14 22 16 24 15 25
12 14 12 15 13 15 13 14
11 13 11 14 12 14 12 13
15 13 15 14 13 14 13 13
17 12 17 13 15 13 15 12
18 13 16 15 15 14 17 12
17 14 18 14 18 13 17 13
11 12 13 10 14 11 12 13
24 26 25 27 27 25 26 24
25 26 27 26 27 27 25 27
13 12 13 13 12 13 12 12
14 21 14 22 12 22 12 21
9 20 11 20 11 16 9 16
12 9 12 12 11 12 11 9
23 22 23 20 20 20 20 22
26 25 25 26 22 23 23 22
22 25 22 24 26 24 26 25
23 26 20 29 19 28 22 25
20 26 23 26 23 28 20 28
22 28 20 26 22 24 24 26
22 15 19 18 17 16 20 13
23 15 23 16 22 16 22 15
26 16 25 17 23 15 24 14
32 16 29 19 26 16 29 13
25 22 22 25 20 23 23 20
24 22 25 22 25 26 24 26
22 20 24 22 22 24 20 22
15 19 19 23 20 22 16 18
14 19 15 19 15 21 14 21
10 18 10 19 14 19 14 18
11 17 15 21 14 22 10 18
10 16 11 15 12 16 11 17
21 15 21 13 22 13 22 15
26 11 22 11 22 9 26 9
27 12 23 16 22 15 26 11
11 21 12 22 15 19 14 18
11 22 9 22 9 21 11 21
12 25 15 25 15 26 12 26
9 24 11 26 12 25 10 23
12 24 12 25 9 25 9 24
11 23 12 22 13 23 12 24
10 26 11 26 11 23 10 23
8 27 10 27 10 26 8 26
9 26 10 27 9 28 8 27
27 9 28 10 24 14 23 13
13 18 14 19 17 16 16 15
12 17 13 18 11 20 10 19
13 16 12 17 11 16 12 15
7 23 9 21 11 23 9 25
7 19 10 19 10 23 7 23
26 20 23 20 23 16 26 16
28 22 26 24 24 22 26 20
12 23 11 23 11 22 12 22
13 24 13 23 12 23 12 24
14 27 12 25 13 24 15 26
12 20 12 21 11 21 11 20
15 22 13 24 12 23 14 21
18 19 19 20 16 23 15 22
17 19 18 19 18 23 17 23
16 19 16 18 17 18 17 19
14 15 13 16 16 19 17 18
14 13 13 14 14 15 15 14
14 24 14 22 15 22 15 24
13 27 14 27 14 24 13 24
12 28 11 27 12 26 13 27
13 28 12 28 12 27 13 27
15 29 13 27 15 25 17 27
19 21 19 22 15 22 15 21
29 18 29 19 22 19 22 18
32 15 29 18 23 12 26 9
28 16 32 16 32 15 28 15
27 14 28 15 23 20 22 19
24 12 24 14 27 14 27 12
32 21 28 25 25 22 29 18
28 13 28 15 23 15 23 13
29 10 29 13 28 13 28 10
30 11 28 13 27 12 29 10
28 17 28 22 25 22 25 17
