best-score: 660415
count: 8
elapsed-time: 4.605
82
31 20 30 21 31 22 32 21
16 15 16 14 17 14 17 15
33 20 35 22 34 23 32 21
33 22 31 22 31 20 33 20
27 26 25 24 27 22 29 24
16 35 16 33 14 33 14 35
14 26 14 25 16 25 16 26
44 35 42 37 40 35 42 33
14 28 16 26 17 27 15 29
21 19 23 19 23 20 21 20
42 35 42 37 40 37 40 35
44 33 44 35 42 35 42 33
32 23 30 25 29 24 31 22
34 21 34 23 32 23 32 21
30 37 28 39 27 38 29 36
30 19 32 19 32 21 30 21
31 18 32 19 31 20 30 19
27 24 27 26 25 26 25 24
29 22 29 24 27 24 27 22
27 31 24 34 22 32 25 29
25 44 25 43 29 43 29 44
21 25 22 24 26 28 25 29
21 22 23 20 27 24 25 26
38 30 38 33 42 33 42 30
39 29 38 30 36 28 37 27
38 27 38 30 37 30 37 27
37 17 40 14 44 18 41 21
36 18 37 18 37 17 36 17
34 16 35 15 37 17 36 18
35 16 36 17 33 20 32 19
34 15 34 16 35 16 35 15
32 13 34 15 31 18 29 16
25 40 25 43 22 43 22 40
28 45 24 41 25 40 29 44
23 39 26 42 25 43 22 40
43 17 43 21 41 21 41 17
40 18 41 17 44 20 43 21
40 15 44 15 44 18 40 18
39 14 40 15 37 18 36 17
39 15 39 14 40 14 40 15
30 16 30 19 29 19 29 16
32 41 32 34 24 34 24 41
23 16 24 15 30 21 29 22
29 9 34 14 29 19 24 14
23 9 29 9 29 16 23 16
22 8 23 9 17 15 16 14
20 29 16 25 21 20 25 24
20 26 25 26 25 29 20 29
10 22 17 15 21 19 14 26
37 28 38 27 43 32 42 33
35 32 40 37 42 35 37 30
35 38 35 32 43 32 43 38
34 43 32 41 35 38 37 40
23 45 23 39 28 39 28 45
29 30 29 36 23 36 23 30
19 32 23 36 29 30 25 26
17 30 19 32 16 35 14 33
19 30 17 30 17 27 19 27
17 32 19 30 27 38 25 40
33 32 29 36 23 30 27 26
19 40 22 40 22 32 19 32
21 38 24 41 22 43 19 40
21 31 27 31 27 38 21 38
16 22 21 22 21 25 16 25
17 21 21 25 20 26 16 22
18 15 18 21 17 21 17 15
17 16 16 15 17 14 18 15
10 15 16 15 16 22 10 22
34 42 34 43 29 43 29 42
18 14 18 15 24 15 24 14
35 41 34 42 19 27 20 26
31 44 29 42 38 33 40 35
42 24 32 34 26 28 36 18
25 8 25 24 22 24 22 8
30 13 23 20 18 15 25 8
32 16 32 13 30 13 30 16
34 19 34 16 32 16 32 19
44 31 27 31 27 26 44 26
45 32 44 33 43 32 44 31
45 21 45 32 43 32 43 21
47 23 44 26 42 24 45 21
47 42 34 42 34 23 47 23
