best-score: 771697
count: 50
elapsed-time: 4.579
45
12 19 11 19 11 18 12 18
11 20 10 19 11 18 12 19
12 22 10 20 11 19 13 21
12 23 11 23 11 22 12 22
13 20 11 22 12 23 14 21
11 21 13 21 13 20 11 20
12 11 11 10 13 8 14 9
12 9 14 9 14 11 12 11
11 12 11 11 12 11 12 12
13 23 14 23 14 21 13 21
12 24 11 23 12 22 13 23
13 24 12 24 12 23 13 23
19 9 18 10 16 8 17 7
8 20 8 19 10 19 10 20
21 11 21 7 23 7 23 11
23 9 21 11 19 9 21 7
8 22 11 22 11 21 8 21
15 7 16 8 12 12 11 11
15 10 15 7 17 7 17 10
19 14 18 15 14 11 15 10
19 11 21 11 21 14 19 14
26 10 22 14 19 11 23 7
9 15 8 16 11 19 12 18
8 15 9 15 9 16 8 16
12 13 9 16 8 15 11 12
16 12 17 13 19 11 18 10
13 12 13 8 16 8 16 12
13 13 12 13 12 12 13 12
15 13 15 15 13 15 13 13
18 13 17 13 17 10 18 10
5 18 7 16 10 19 8 21
7 19 7 16 8 16 8 19
22 20 21 20 21 14 22 14
20 22 13 15 15 13 22 20
12 14 13 15 8 20 7 19
19 18 19 14 12 14 12 18
16 25 14 23 19 18 21 20
21 25 16 25 16 20 21 20
27 19 21 25 16 20 22 14
5 12 5 18 11 18 11 12
4 13 5 12 8 15 7 16
4 14 4 13 12 13 12 14
2 16 4 14 10 20 8 22
20 19 20 22 12 22 12 19
11 13 12 12 13 13 12 14
