best-score: 630017
count: 12
elapsed-time: 4.565
72
25 19 24 20 25 21 26 20
26 18 25 19 24 18 25 17
24 16 25 15 26 16 25 17
18 25 19 25 19 23 18 23
27 17 27 15 25 15 25 17
28 16 27 17 26 16 27 15
26 14 26 16 28 16 28 14
27 13 28 14 27 15 26 14
21 25 21 29 19 29 19 25
23 27 21 25 25 21 27 23
23 31 21 29 23 27 25 29
15 36 15 39 19 39 19 36
33 21 34 22 37 19 36 18
33 22 31 22 31 21 33 21
33 25 33 22 34 22 34 25
34 26 31 29 30 28 33 25
25 32 25 29 26 29 26 32
30 22 26 18 27 17 31 21
26 24 24 24 24 20 26 20
14 24 19 19 24 24 19 29
15 29 19 25 26 32 22 36
14 29 15 29 15 36 14 36
17 24 13 28 14 29 18 25
14 18 14 24 17 24 17 18
19 13 24 18 19 23 14 18
24 14 24 13 19 13 19 14
25 13 26 14 25 15 24 14
19 17 25 17 25 19 19 19
33 19 37 19 37 14 33 14
31 19 31 21 25 21 25 19
29 15 28 16 31 19 32 18
15 22 17 24 18 23 16 21
17 16 24 16 24 18 17 18
18 13 16 15 17 16 19 14
32 20 26 20 26 18 32 18
32 22 31 21 32 20 33 21
38 34 38 39 33 39 33 34
35 41 33 39 38 34 40 36
28 35 28 41 35 41 35 35
31 46 26 41 33 34 38 39
41 29 35 35 33 33 39 27
40 29 41 29 41 36 40 36
33 36 26 29 33 22 40 29
33 46 28 41 33 36 38 41
31 39 31 46 33 46 33 39
23 47 15 39 23 31 31 39
39 26 39 27 34 27 34 26
36 29 34 27 37 24 39 26
20 30 14 36 13 35 19 29
31 28 31 22 30 22 30 28
36 28 36 29 31 29 31 28
29 13 29 15 27 15 27 13
30 14 29 15 28 14 29 13
28 25 31 22 34 25 31 28
28 33 28 25 33 25 33 33
32 11 18 25 25 32 39 18
36 11 36 18 32 18 32 11
24 17 34 27 28 33 18 23
34 31 23 31 23 27 34 27
24 35 27 38 34 31 31 28
24 33 28 33 28 35 24 35
27 36 24 33 25 32 28 35
22 23 22 36 27 36 27 23
28 17 41 17 41 16 28 16
18 19 22 23 28 17 24 13
15 20 16 21 18 19 17 18
28 23 27 23 27 17 28 17
28 5 19 14 28 23 37 14
30 5 30 14 28 14 28 5
27 8 30 5 36 11 33 14
25 8 27 8 27 13 25 13
17 33 24 33 24 24 17 24
