best-score: 579442
count: 34
elapsed-time: 4.564
43
19 15 17 13 19 11 21 13
22 16 20 18 22 20 24 18
21 22 23 20 24 21 22 23
28 21 26 23 24 21 26 19
13 25 9 25 9 23 13 23
17 26 17 25 13 25 13 26
25 14 22 17 19 14 22 11
23 23 23 20 22 20 22 23
24 24 23 23 25 21 26 22
22 14 19 14 19 11 22 11
25 16 25 14 22 14 22 16
23 11 21 13 22 14 24 12
15 15 18 18 17 19 14 16
11 15 11 14 15 14 15 15
14 10 17 13 15 15 12 12
20 21 18 21 18 18 20 18
16 25 20 21 21 22 17 26
20 24 20 21 24 21 24 24
25 18 25 21 24 21 24 18
28 24 25 24 25 21 28 21
17 22 10 15 11 14 18 21
18 31 13 26 17 22 22 27
18 22 16 24 9 17 11 15
17 21 17 22 18 22 18 21
21 19 17 19 17 13 21 13
14 17 14 16 22 16 22 17
14 18 9 18 9 17 14 17
19 10 19 11 14 11 14 10
21 20 15 14 19 10 25 16
22 19 22 20 21 20 21 19
26 17 26 19 22 19 22 17
27 18 26 19 25 18 26 17
20 12 24 12 24 18 20 18
27 16 27 18 25 18 25 16
26 15 27 16 26 17 25 16
10 24 10 15 11 15 11 24
8 24 9 25 10 24 9 23
21 31 18 31 18 22 21 22
25 27 21 31 13 23 17 19
24 27 24 24 25 24 25 27
23 28 22 27 23 26 24 27
26 28 23 28 23 26 26 26
27 27 26 28 25 27 26 26
