best-score: 682590
count: 2
elapsed-time: 5.073
314
14 15 15 14 16 15 15 16
14 16 13 16 13 15 14 15
16 20 15 21 14 20 15 19
14 28 13 27 14 26 15 27
13 29 14 28 15 29 14 30
14 21 15 20 16 21 15 22
14 22 14 21 15 21 15 22
15 28 16 28 16 29 15 29
14 27 14 28 15 28 15 27
13 26 13 27 14 27 14 26
15 26 14 27 13 26 14 25
16 19 16 20 15 20 15 19
15 18 16 19 15 20 14 19
14 18 15 18 15 19 14 19
25 24 24 24 24 23 25 23
23 38 24 39 25 38 24 37
25 14 25 13 26 13 26 14
23 34 23 33 22 33 22 34
18 38 18 39 17 39 17 38
17 37 18 38 17 39 16 38
16 37 17 37 17 38 16 38
16 14 17 14 17 15 16 15
15 13 15 14 16 14 16 13
16 12 17 13 16 14 15 13
17 12 17 13 16 13 16 12
18 13 17 14 16 13 17 12
19 14 19 13 18 13 18 14
16 26 17 27 16 28 15 27
16 27 15 27 15 26 16 26
17 28 16 29 15 28 16 27
18 15 17 16 16 15 17 14
19 16 18 15 19 14 20 15
18 28 19 29 18 30 17 29
18 29 17 29 17 28 18 28
19 30 19 29 18 29 18 30
19 28 18 29 19 30 20 29
20 28 20 29 19 29 19 28
18 12 19 13 18 14 17 13
18 16 18 15 17 15 17 16
19 15 18 16 17 15 18 14
20 14 20 15 19 15 19 14
23 27 23 26 24 26 24 27
23 25 22 26 23 27 24 26
22 25 23 25 23 26 22 26
15 25 15 26 14 26 14 25
13 25 14 26 15 25 14 24
13 24 14 24 14 25 13 25
14 39 13 39 13 38 14 38
34 19 34 20 33 20 33 19
33 23 32 24 33 25 34 24
33 37 33 36 34 36 34 37
20 38 19 39 18 38 19 37
19 38 19 37 20 37 20 38
18 37 19 36 20 37 19 38
17 36 18 37 17 38 16 37
18 36 18 37 17 37 17 36
17 35 18 36 17 37 16 36
16 35 17 35 17 36 16 36
18 35 19 35 19 36 18 36
17 34 18 35 17 36 16 35
18 34 18 35 17 35 17 34
35 14 34 14 34 13 35 13
34 29 35 29 35 30 34 30
34 31 33 30 34 29 35 30
33 31 33 30 34 30 34 31
32 32 31 31 32 30 33 31
32 31 33 31 33 32 32 32
31 30 31 31 32 31 32 30
29 30 30 31 31 30 30 29
28 31 27 30 28 29 29 30
21 39 20 39 20 38 21 38
22 37 21 38 20 37 21 36
21 37 21 36 22 36 22 37
22 38 21 39 20 38 21 37
23 37 23 38 22 38 22 37
22 31 21 32 20 31 21 30
21 31 21 30 22 30 22 31
20 32 21 32 21 31 20 31
20 30 19 31 20 32 21 31
21 29 20 30 19 29 20 28
22 28 23 29 22 30 21 29
22 29 21 29 21 28 22 28
23 30 23 29 22 29 22 30
21 35 22 36 21 37 20 36
20 35 21 35 21 36 20 36
19 34 20 35 19 36 18 35
20 34 20 35 19 35 19 34
21 33 22 34 21 35 20 34
22 32 22 33 21 33 21 32
23 31 22 32 21 31 22 30
23 32 22 32 22 31 23 31
24 33 23 34 22 33 23 32
28 30 27 30 27 29 28 29
26 30 27 31 28 30 27 29
26 31 26 30 27 30 27 31
25 30 26 29 27 30 26 31
25 29 26 29 26 30 25 30
28 23 27 22 28 21 29 22
28 22 29 22 29 23 28 23
29 21 30 22 29 23 28 22
29 31 28 31 28 30 29 30
30 33 31 34 30 35 29 34
30 34 30 33 31 33 31 34
29 35 30 35 30 34 29 34
30 30 30 29 31 29 31 30
30 32 29 31 30 30 31 31
29 33 30 32 31 33 30 34
29 32 30 32 30 33 29 33
31 32 30 33 29 32 30 31
32 33 32 32 31 32 31 33
35 31 36 31 36 30 35 30
34 32 33 31 34 30 35 31
35 32 34 32 34 31 35 31
34 33 33 32 34 31 35 32
33 34 34 34 34 33 33 33
32 35 31 34 32 33 33 34
19 33 18 34 19 35 20 34
18 33 19 33 19 34 18 34
19 40 18 39 19 38 20 39
18 40 18 39 19 39 19 40
30 18 31 17 32 18 31 19
32 29 33 30 32 31 31 30
33 29 33 30 32 30 32 29
34 28 35 29 34 30 33 29
33 28 34 28 34 29 33 29
32 34 31 33 32 32 33 33
31 35 32 35 32 34 31 34
30 36 29 35 30 34 31 35
31 36 30 36 30 35 31 35
29 36 30 37 31 36 30 35
29 37 29 36 30 36 30 37
31 28 32 28 32 29 31 29
32 27 33 28 32 29 31 28
33 27 33 28 32 28 32 27
31 18 31 17 32 17 32 18
30 19 31 19 31 18 30 18
32 37 31 36 32 35 33 36
24 32 24 33 23 33 23 32
24 31 23 32 22 31 23 30
24 30 24 31 23 31 23 30
25 31 24 30 25 29 26 30
25 32 24 32 24 31 25 31
27 32 26 33 25 32 26 31
28 32 27 32 27 31 28 31
28 34 27 33 28 32 29 33
28 33 29 33 29 34 28 34
17 30 16 30 16 29 17 29
35 33 34 34 33 33 34 32
26 32 27 32 27 33 26 33
25 33 24 32 25 31 26 32
17 18 15 18 15 16 17 16
19 20 17 18 19 16 21 18
21 19 21 20 19 20 19 19
23 18 23 19 21 19 21 18
25 20 23 22 21 20 23 18
25 22 23 22 23 20 25 20
27 23 27 22 25 22 25 23
26 22 27 21 28 22 27 23
17 23 18 24 16 26 15 25
16 23 14 25 13 24 15 22
17 21 17 23 16 23 16 21
13 37 15 35 16 36 14 38
36 22 38 24 36 26 34 24
35 35 36 36 38 34 37 33
33 35 34 36 35 35 34 34
32 36 31 35 32 34 33 35
31 37 32 37 32 36 31 36
30 38 29 37 30 36 31 37
31 38 30 38 30 37 31 37
29 38 30 39 31 38 30 37
28 38 29 38 29 39 28 39
39 26 37 28 35 26 37 24
37 26 39 26 39 28 37 28
36 24 36 26 37 26 37 24
34 22 34 24 36 24 36 22
38 29 36 31 35 30 37 28
40 29 39 30 38 29 39 28
40 30 39 30 39 29 40 29
37 35 35 35 35 33 37 33
26 23 25 24 24 23 25 22
23 14 25 14 25 16 23 16
24 15 23 16 22 15 23 14
26 15 25 16 24 15 25 14
26 26 24 24 25 23 27 25
27 40 25 38 26 37 28 39
22 35 24 37 25 36 23 34
21 34 22 35 21 36 20 35
20 33 20 34 21 34 21 33
19 32 20 33 19 34 18 33
18 31 19 30 20 31 19 32
18 32 18 31 19 31 19 32
17 31 18 30 19 31 18 32
20 27 22 25 23 26 21 28
21 27 21 28 20 28 20 27
21 25 20 26 21 27 22 26
22 23 22 25 21 25 21 23
23 24 22 23 23 22 24 23
24 25 24 24 23 24 23 25
25 26 24 27 23 26 24 25
26 24 26 26 25 26 25 24
25 28 23 30 22 29 24 27
23 28 25 28 25 29 23 29
22 27 22 28 23 28 23 27
21 26 21 27 22 27 22 26
20 25 20 26 21 26 21 25
18 25 18 24 20 24 20 25
17 24 18 25 16 27 15 26
18 23 18 24 17 24 17 23
17 22 19 20 20 21 18 23
19 25 20 26 18 28 17 27
19 23 18 24 19 25 20 24
21 21 19 23 17 21 19 19
20 23 21 23 21 21 20 21
15 17 14 16 16 14 17 15
16 18 15 19 14 18 15 17
22 16 24 18 23 19 21 17
20 16 20 15 22 15 22 16
21 15 20 16 19 15 20 14
22 22 24 24 23 25 21 23
24 20 22 22 21 21 23 19
26 39 24 39 24 37 26 37
15 36 13 38 14 39 16 37
15 37 15 36 16 36 16 37
32 38 31 37 32 36 33 37
33 38 32 38 32 37 33 37
32 39 31 38 32 37 33 38
31 39 31 38 32 38 32 39
30 40 29 39 30 38 31 39
31 40 30 40 30 39 31 39
35 27 33 27 33 26 35 26
34 26 35 27 34 28 33 27
32 21 30 19 31 18 33 20
32 22 30 22 30 21 32 21
33 21 34 22 33 23 32 22
32 20 32 21 33 21 33 20
19 18 18 18 18 16 19 16
37 15 36 16 34 14 35 13
35 22 33 20 34 19 36 21
36 34 36 36 34 36 34 34
28 25 28 23 27 23 27 25
27 19 28 19 28 21 27 21
28 20 27 19 29 17 30 18
29 19 30 19 30 21 29 21
28 17 28 19 29 19 29 17
30 15 28 17 26 15 28 13
29 15 29 13 30 13 30 15
26 19 28 21 30 19 28 17
31 25 33 27 32 28 30 26
31 23 33 23 33 25 31 25
30 24 31 23 32 24 31 25
28 26 27 25 29 23 30 24
30 25 30 26 28 26 28 25
31 24 33 26 32 27 30 25
32 23 31 24 29 22 30 21
38 32 37 33 35 31 36 30
36 32 38 32 38 34 36 34
31 21 30 22 31 23 32 22
30 20 31 19 32 20 31 21
25 18 23 20 21 18 23 16
23 23 22 23 22 22 23 22
36 14 36 16 35 16 35 14
39 19 36 22 34 20 37 17
39 21 36 21 36 19 39 19
37 19 39 21 36 24 34 22
29 26 26 29 25 28 28 25
24 34 25 33 29 37 28 38
25 34 24 34 24 33 25 33
28 37 25 34 26 33 29 36
26 34 26 37 28 37 28 34
24 12 25 13 22 16 21 15
22 12 24 12 24 15 22 15
21 11 22 12 20 14 19 13
25 35 29 35 29 36 25 36
23 35 22 34 23 33 24 34
24 36 23 37 22 36 23 35
23 36 24 36 24 37 23 37
18 21 18 18 17 18 17 21
19 21 19 23 18 23 18 21
17 26 20 26 20 27 17 27
16 24 16 26 17 26 17 24
14 23 14 24 16 24 16 23
13 31 14 30 18 34 17 35
15 31 13 31 13 29 15 29
15 34 15 31 17 31 17 34
14 33 17 30 18 31 15 34
14 32 18 32 18 33 14 33
24 35 23 35 23 34 24 34
37 36 36 37 33 34 34 33
37 37 36 37 36 36 37 36
32 12 34 14 31 17 29 15
37 16 34 19 32 17 35 14
36 17 37 17 37 16 36 16
34 17 36 17 36 19 34 19
31 12 30 13 34 17 35 16
31 14 31 12 32 12 32 14
29 11 26 14 29 17 32 14
28 11 29 11 29 13 28 13
28 15 26 13 28 11 30 13
26 17 28 17 28 15 26 15
30 17 28 19 26 17 28 15
31 16 32 17 31 18 30 17
30 16 31 16 31 17 30 17
27 27 28 26 31 29 30 30
24 28 25 29 27 27 26 26
40 26 36 30 35 29 39 25
38 30 35 27 36 26 39 29
39 32 39 30 38 30 38 32
26 27 27 27 27 29 26 29
40 25 40 26 39 26 39 25
43 22 40 25 36 21 39 18
14 35 15 36 16 35 15 34
14 36 14 35 15 35 15 36
38 27 38 29 35 29 35 27
38 31 39 32 34 37 33 36
