best-score: 711777
count: 9
elapsed-time: 4.873
124
31 14 30 15 29 14 30 13
30 14 31 14 31 15 30 15
29 13 29 14 30 14 30 13
30 23 30 22 29 22 29 23
31 22 30 23 29 22 30 21
19 23 20 24 19 25 18 24
19 24 19 23 20 23 20 24
18 25 19 25 19 24 18 24
32 25 32 26 31 26 31 25
30 29 31 29 31 28 30 28
33 31 32 32 31 31 32 30
29 16 30 17 31 16 30 15
31 21 31 22 30 22 30 21
12 12 13 13 14 12 13 11
24 24 25 24 25 25 24 25
23 25 24 24 25 25 24 26
23 26 23 25 24 25 24 26
12 11 13 11 13 10 12 10
25 26 24 25 25 24 26 25
26 26 25 26 25 25 26 25
32 24 31 25 29 23 30 22
21 23 23 25 22 26 20 24
22 23 21 23 21 22 22 22
22 21 21 22 22 23 23 22
24 19 22 21 20 19 22 17
24 21 22 21 22 19 24 19
26 23 25 24 23 22 24 21
25 23 25 21 26 21 26 23
23 21 25 23 24 24 22 22
21 19 22 19 22 17 21 17
21 24 22 23 24 25 23 26
20 25 19 24 20 23 21 24
21 25 20 25 20 24 21 24
24 17 26 19 24 21 22 19
17 33 16 32 18 30 19 31
29 27 31 25 32 26 30 28
29 24 30 23 32 25 31 26
33 29 33 31 31 31 31 29
32 28 33 29 32 30 31 29
19 26 17 28 16 27 18 25
20 26 19 26 19 25 20 25
15 14 17 16 16 17 14 15
19 21 17 23 15 21 17 19
17 21 19 21 19 23 17 23
15 19 15 21 17 21 17 19
20 20 19 21 21 23 22 22
21 20 20 20 20 19 21 19
17 24 15 26 13 24 15 22
18 23 19 24 18 25 17 24
26 18 26 19 24 19 24 18
26 24 26 23 29 23 29 24
27 25 26 26 25 25 26 24
29 25 29 27 27 27 27 25
31 24 31 25 29 25 29 24
32 22 32 24 31 24 31 22
35 25 32 28 29 25 32 22
25 17 29 13 30 14 26 18
29 30 32 30 32 32 29 32
16 30 15 29 19 25 20 26
18 32 18 30 16 30 16 32
26 15 24 17 21 14 23 12
26 17 26 15 30 15 30 17
28 19 26 21 24 19 26 17
32 19 30 21 28 19 30 17
19 29 15 29 15 26 19 26
21 31 21 29 19 29 19 31
24 28 21 31 19 29 22 26
25 28 24 28 24 26 25 26
23 19 19 23 17 21 21 17
26 20 25 21 23 19 24 18
30 20 30 21 26 21 26 20
29 19 30 20 26 24 25 23
31 19 29 19 29 16 31 16
32 21 32 19 31 19 31 21
27 24 31 28 30 29 26 25
28 21 26 23 27 24 29 22
32 20 31 21 30 20 31 19
27 33 26 32 30 28 31 29
13 28 17 28 17 24 13 24
14 29 13 28 15 26 16 27
15 31 15 29 14 29 14 31
20 16 20 19 17 19 17 16
17 13 13 13 13 11 17 11
14 16 17 13 20 16 17 19
17 15 17 16 14 16 14 15
16 16 17 15 21 19 20 20
18 15 18 13 17 13 17 15
12 15 14 15 14 12 12 12
25 29 24 28 26 26 27 27
35 24 35 25 32 25 32 24
34 25 31 22 32 21 35 24
16 13 15 14 12 11 13 10
21 12 18 15 16 13 19 10
23 14 23 12 21 12 21 14
23 10 21 12 23 14 25 12
25 10 25 12 23 12 23 10
11 22 11 21 15 21 15 22
23 16 29 16 29 14 23 14
25 30 24 31 19 26 20 25
29 29 29 30 25 30 25 29
15 18 16 17 21 22 20 23
11 18 15 18 15 19 11 19
13 16 11 18 10 17 12 15
12 16 13 16 13 24 12 24
20 14 15 19 12 16 17 11
21 13 25 17 24 18 20 14
19 7 22 10 17 15 14 12
22 7 22 10 19 10 19 7
20 9 22 7 25 10 23 12
15 9 20 9 20 14 15 14
14 8 15 9 13 11 12 10
21 8 21 12 14 12 14 8
22 32 22 26 23 26 23 32
13 23 19 29 18 30 12 24
13 19 11 21 13 23 15 21
10 16 13 13 16 16 13 19
10 15 12 15 12 16 10 16
9 31 17 23 18 24 10 32
9 24 12 24 12 31 9 31
12 23 10 25 9 24 11 22
21 16 20 16 20 14 21 14
12 19 15 22 21 16 18 13
16 25 10 25 10 17 16 17
18 27 18 25 16 25 16 27
