best-score: 724003
count: 1
elapsed-time: 5.225
415
20 18 21 19 22 18 21 17
20 23 21 24 22 23 21 22
21 23 20 23 20 22 21 22
20 24 19 23 20 22 21 23
24 28 23 29 22 28 23 27
38 30 39 29 40 30 39 31
38 29 39 29 39 30 38 30
37 30 38 29 39 30 38 31
37 31 37 30 38 30 38 31
36 31 37 31 37 32 36 32
36 33 35 32 36 31 37 32
35 33 35 32 36 32 36 33
34 32 35 33 34 34 33 33
33 32 34 32 34 33 33 33
33 34 32 33 33 32 34 33
32 34 32 33 33 33 33 34
39 32 38 32 38 31 39 31
38 33 37 32 38 31 39 32
37 33 37 32 38 32 38 33
37 34 36 34 36 33 37 33
39 34 38 35 37 34 38 33
40 31 40 30 39 30 39 31
29 26 30 27 29 28 28 27
28 25 29 24 30 25 29 26
27 25 27 24 28 24 28 25
27 23 26 24 27 25 28 24
26 23 27 23 27 24 26 24
30 26 29 26 29 25 30 25
16 36 15 36 15 35 16 35
14 36 15 37 16 36 15 35
14 37 14 36 15 36 15 37
16 17 15 16 16 15 17 16
16 16 16 15 15 15 15 16
14 16 15 17 16 16 15 15
14 17 14 16 15 16 15 17
16 25 16 24 17 24 17 25
16 23 15 24 16 25 17 24
15 22 16 21 17 22 16 23
17 17 16 17 16 16 17 16
16 18 17 17 18 18 17 19
15 18 15 17 16 17 16 18
15 39 16 38 17 39 16 40
16 39 16 40 15 40 15 39
17 38 17 39 16 39 16 38
17 40 16 39 17 38 18 39
18 40 17 40 17 39 18 39
19 39 18 40 17 39 18 38
18 16 17 17 16 16 17 15
16 14 17 14 17 15 16 15
15 23 16 23 16 24 15 24
14 22 14 23 15 23 15 22
34 36 35 37 34 38 33 37
34 37 34 36 35 36 35 37
33 38 34 38 34 37 33 37
34 39 33 38 34 37 35 38
35 39 34 39 34 38 35 38
35 34 34 34 34 33 35 33
36 35 35 34 36 33 37 34
35 35 35 34 36 34 36 35
33 35 34 36 35 35 34 34
34 35 33 35 33 34 34 34
33 36 34 35 35 36 34 37
41 24 41 23 42 23 42 24
43 24 42 25 41 24 42 23
43 25 42 25 42 24 43 24
41 19 40 18 41 17 42 18
42 20 41 21 40 20 41 19
41 20 41 19 42 19 42 20
40 21 41 21 41 20 40 20
42 21 41 22 40 21 41 20
42 22 41 22 41 21 42 21
43 23 42 24 41 23 42 22
43 18 42 19 41 18 42 17
43 19 42 19 42 18 43 18
41 36 41 35 42 35 42 36
40 35 41 34 42 35 41 36
40 34 41 34 41 35 40 35
42 34 41 35 40 34 41 33
43 26 42 27 41 26 42 25
40 32 41 33 42 32 41 31
39 33 38 32 39 31 40 32
40 33 40 34 39 34 39 33
41 32 41 33 40 33 40 32
42 31 42 32 41 32 41 31
41 30 42 31 41 32 40 31
43 22 43 23 42 23 42 22
40 17 40 18 41 18 41 17
42 26 42 27 41 27 41 26
41 25 42 24 43 25 42 26
42 41 42 42 41 42 41 41
42 33 41 34 40 33 41 32
30 33 31 34 32 33 31 32
18 27 17 28 18 29 19 28
18 28 17 28 17 27 18 27
19 29 19 28 18 28 18 29
19 30 19 29 20 29 20 30
17 18 17 17 18 17 18 18
16 19 17 19 17 18 16 18
19 38 19 39 18 39 18 38
20 25 19 26 18 25 19 24
21 25 20 25 20 24 21 24
19 25 20 26 21 25 20 24
18 26 19 26 19 25 18 25
16 26 17 27 18 26 17 25
16 27 16 26 17 26 17 27
15 26 16 25 17 26 16 27
15 25 16 25 16 26 15 26
14 24 15 23 16 24 15 25
14 25 14 24 15 24 15 25
13 24 14 23 15 24 14 25
13 23 14 23 14 24 13 24
30 28 30 27 29 27 29 28
31 29 31 28 30 28 30 29
25 23 26 24 25 25 24 24
23 37 24 37 24 38 23 38
22 38 23 37 24 38 23 39
22 39 22 38 23 38 23 39
25 30 26 31 25 32 24 31
26 33 26 34 27 34 27 33
26 35 25 34 26 33 27 34
25 35 25 34 26 34 26 35
27 31 27 30 28 30 28 31
26 32 27 31 28 32 27 33
25 33 26 33 26 32 25 32
24 34 25 33 26 34 25 35
24 33 25 33 25 34 24 34
21 28 20 29 19 28 20 27
19 27 20 27 20 26 19 26
20 28 19 29 18 28 19 27
21 27 21 28 20 28 20 27
21 29 20 28 21 27 22 28
22 29 21 29 21 28 22 28
22 30 22 29 23 29 23 30
21 31 20 30 21 29 22 30
22 24 21 24 21 23 22 23
27 32 26 31 27 30 28 31
28 33 28 32 27 32 27 33
18 15 18 16 17 16 17 15
19 16 18 17 17 16 18 15
19 17 18 17 18 16 19 16
19 19 18 18 19 17 20 18
19 21 18 20 19 19 20 20
19 22 19 21 20 21 20 22
18 23 19 23 19 22 18 22
18 21 17 22 18 23 19 22
19 20 19 21 18 21 18 20
20 19 20 20 19 20 19 19
21 18 21 19 20 19 20 18
22 17 22 18 21 18 21 17
22 19 21 18 22 17 23 18
23 19 22 19 22 18 23 18
22 20 23 19 24 20 23 21
21 21 20 20 21 19 22 20
24 23 23 24 22 23 23 22
23 23 24 23 24 24 23 24
23 25 22 24 23 23 24 24
22 25 22 24 23 24 23 25
21 26 20 25 21 24 22 25
22 26 21 26 21 25 22 25
24 26 23 27 22 26 23 25
26 26 25 27 24 26 25 25
27 27 26 26 27 25 28 26
27 26 28 26 28 27 27 27
26 25 27 24 28 25 27 26
25 26 26 26 26 25 25 25
24 27 25 27 25 26 24 26
23 28 24 28 24 27 23 27
22 27 23 28 22 29 21 28
23 26 23 27 22 27 22 26
24 25 23 26 22 25 23 24
25 24 26 25 25 26 24 25
25 22 24 23 25 24 26 23
26 22 26 23 25 23 25 22
22 22 23 22 23 23 22 23
24 22 23 23 22 22 23 21
25 21 26 22 25 23 24 22
24 21 25 21 25 22 24 22
23 20 23 21 24 21 24 20
22 21 23 20 24 21 23 22
21 20 21 21 22 21 22 20
31 27 30 28 29 27 30 26
31 26 31 27 30 27 30 26
32 27 31 28 30 27 31 26
32 28 31 28 31 27 32 27
31 24 32 25 31 26 30 25
15 27 14 26 15 25 16 26
14 27 14 26 15 26 15 27
13 26 14 25 15 26 14 27
13 25 14 25 14 26 13 26
12 24 13 23 14 24 13 25
12 25 12 24 13 24 13 25
17 21 17 22 18 22 18 21
16 20 17 19 18 20 17 21
17 20 17 21 16 21 16 20
18 19 18 20 17 20 17 19
19 18 20 19 19 20 18 19
20 17 20 18 19 18 19 17
21 16 20 17 19 16 20 15
20 16 21 16 21 17 20 17
19 15 19 16 20 16 20 15
26 27 27 26 28 27 27 28
25 28 24 27 25 26 26 27
26 28 25 28 25 27 26 27
25 29 24 28 25 27 26 28
24 29 24 28 25 28 25 29
26 29 25 30 24 29 25 28
26 30 25 30 25 29 26 29
27 29 28 30 27 31 26 30
28 28 27 29 26 28 27 27
28 29 27 29 27 28 28 28
29 30 28 29 29 28 30 29
29 29 29 30 28 30 28 29
30 30 29 29 30 28 31 29
15 20 16 21 17 20 16 19
15 19 16 19 16 20 15 20
14 18 15 17 16 18 15 19
14 19 14 18 15 18 15 19
13 18 14 17 15 18 14 19
13 17 14 17 14 18 13 18
20 31 22 29 23 30 21 32
20 32 20 31 21 31 21 32
18 32 20 32 20 33 18 33
17 31 19 29 20 30 18 32
24 15 22 17 21 16 23 14
24 16 24 15 25 15 25 16
25 17 23 19 22 18 24 16
27 17 25 17 25 16 27 16
26 16 27 17 26 18 25 17
24 41 22 39 23 38 25 40
24 40 25 40 25 41 24 41
23 41 24 40 25 41 24 42
23 42 23 41 24 41 24 42
37 24 39 22 41 24 39 26
36 25 37 25 37 24 36 24
36 23 35 24 36 25 37 24
35 23 36 23 36 24 35 24
34 20 33 21 35 23 36 22
34 21 33 21 33 20 34 20
32 21 33 22 34 21 33 20
32 22 32 21 33 21 33 22
40 26 38 28 39 29 41 27
38 24 39 23 41 25 40 26
37 23 38 24 37 25 36 24
37 22 39 22 39 23 37 23
36 21 37 22 36 23 35 22
37 21 37 22 36 22 36 21
40 22 39 23 37 21 38 20
39 21 39 22 40 22 40 21
39 28 38 28 38 26 39 26
37 26 39 28 38 29 36 27
38 25 38 26 37 26 37 25
40 39 42 41 41 42 39 40
40 40 39 40 39 39 40 39
42 37 40 39 39 38 41 36
31 20 30 19 32 17 33 18
31 18 33 18 33 20 31 20
30 16 30 18 31 18 31 16
29 33 28 32 30 30 31 31
30 23 32 23 32 25 30 25
31 22 32 23 31 24 30 23
29 22 31 22 31 24 29 24
28 23 29 22 30 23 29 24
27 22 28 23 27 24 26 23
28 22 28 23 27 23 27 22
27 21 28 22 27 23 26 22
25 19 26 18 28 20 27 21
26 21 26 19 25 19 25 21
25 20 26 21 25 22 24 21
24 17 23 18 25 20 26 19
22 16 22 17 24 17 24 16
21 15 22 16 21 17 20 16
22 15 22 16 21 16 21 15
13 38 14 37 16 39 15 40
18 37 17 38 15 36 16 35
17 37 18 37 18 38 17 38
18 36 19 37 18 38 17 37
19 36 19 37 18 37 18 36
18 35 20 33 21 34 19 36
16 33 16 35 18 35 18 33
13 21 15 19 16 20 14 22
16 41 16 42 14 42 14 41
17 41 16 41 16 40 17 40
17 42 17 41 19 41 19 42
18 41 17 42 16 41 17 40
15 42 14 41 15 40 16 41
15 41 16 40 17 41 16 42
34 25 32 23 33 22 35 24
35 25 35 26 34 26 34 25
37 27 36 28 34 26 35 25
36 26 36 27 37 27 37 26
33 23 35 23 35 22 33 22
34 30 35 29 37 31 36 32
35 30 35 32 34 32 34 30
32 31 33 32 35 30 34 29
32 32 31 32 31 31 32 31
31 33 32 32 33 33 32 34
30 32 30 33 31 33 31 32
29 32 29 30 30 30 30 32
29 34 28 33 29 32 30 33
28 34 28 33 29 33 29 34
27 35 26 34 27 33 28 34
26 37 27 37 27 35 26 35
25 38 24 37 25 36 26 37
27 38 27 40 25 40 25 38
33 28 35 26 36 27 34 29
37 38 35 36 36 35 38 37
37 39 37 38 39 38 39 39
37 37 37 38 35 38 35 37
37 35 38 35 38 37 37 37
39 37 37 39 35 37 37 35
40 38 39 37 41 35 42 36
41 39 40 40 39 39 40 38
37 41 35 39 37 37 39 39
35 41 35 39 37 39 37 41
37 29 37 30 35 30 35 29
37 28 38 28 38 29 37 29
33 16 34 16 34 18 33 18
32 15 33 16 32 17 31 16
32 16 31 16 31 15 32 15
32 20 30 18 32 16 34 18
31 21 32 20 33 21 32 22
40 23 41 23 41 22 40 22
40 25 40 26 41 26 41 25
39 25 39 23 40 23 40 25
38 34 37 35 36 34 37 33
39 35 39 34 38 34 38 35
40 37 40 35 39 35 39 37
42 38 42 37 40 37 40 38
36 29 35 30 36 31 37 30
33 29 31 31 32 32 34 30
34 28 34 29 33 29 33 28
34 27 36 27 36 28 34 28
32 26 32 27 34 27 34 26
33 27 32 28 31 27 32 26
30 21 31 22 32 21 31 20
30 20 31 20 31 21 30 21
28 19 28 20 30 20 30 19
27 20 28 19 30 21 29 22
28 21 28 20 27 20 27 21
29 21 29 22 28 22 28 21
30 22 29 21 30 20 31 21
31 23 29 25 28 24 30 22
32 24 31 23 32 22 33 23
20 37 19 38 18 37 19 36
20 38 19 38 19 37 20 37
18 42 17 41 18 40 19 41
17 32 19 30 20 31 18 33
15 30 17 32 16 33 14 31
14 29 16 27 17 28 15 30
15 29 15 30 14 30 14 29
16 28 15 29 14 28 15 27
17 29 16 28 17 27 18 28
16 29 16 28 17 28 17 29
30 31 29 32 28 31 29 30
31 30 32 31 31 32 30 31
32 29 31 30 30 29 31 28
33 31 33 29 32 29 32 31
24 19 24 17 25 17 25 19
23 31 24 31 24 33 23 33
24 30 23 31 22 30 23 29
25 31 25 30 24 30 24 31
24 32 25 31 26 32 25 33
22 32 23 33 24 32 23 31
21 33 22 33 22 32 21 32
20 34 21 34 21 33 20 33
16 34 18 36 20 34 18 32
28 35 28 34 27 34 27 35
29 36 27 38 26 37 28 35
31 38 29 36 31 34 33 36
32 41 30 39 31 38 33 40
31 36 29 36 29 34 31 34
31 37 31 36 33 36 33 37
30 36 32 34 33 35 31 37
31 40 31 38 33 38 33 40
38 18 40 18 40 20 38 20
37 17 39 15 40 16 38 18
36 18 34 16 35 15 37 17
36 20 34 20 34 18 36 18
18 31 18 29 17 29 17 31
16 32 14 30 15 29 17 31
16 31 17 31 17 32 16 32
28 18 28 19 26 19 26 18
29 15 27 17 28 18 30 16
15 28 15 27 16 27 16 28
22 37 22 33 23 33 23 37
21 36 24 33 25 34 22 37
21 35 25 35 25 36 21 36
22 36 20 38 19 37 21 35
21 38 22 39 19 42 18 41
21 37 22 37 22 38 21 38
20 36 20 37 21 37 21 36
19 34 19 36 20 36 20 34
31 45 27 41 31 37 35 41
32 45 31 45 31 41 32 41
32 42 31 41 34 38 35 39
37 14 40 17 36 21 33 18
40 27 41 27 41 30 40 30
42 29 41 30 39 28 40 27
22 43 18 39 19 38 23 42
19 43 19 42 22 42 22 43
22 34 21 35 20 34 21 33
23 35 22 34 23 33 24 34
24 36 23 37 22 36 23 35
26 38 24 36 25 35 27 37
28 13 31 16 28 19 25 16
37 16 40 16 40 17 37 17
34 14 34 16 37 16 37 14
33 13 34 14 32 16 31 15
22 41 19 41 19 39 22 39
42 28 42 29 39 29 39 28
43 27 42 28 41 27 42 26
43 28 42 28 42 27 43 27
43 29 41 31 40 30 42 28
43 31 42 31 42 29 43 29
34 15 33 16 39 22 40 21
