best-score: 741419
count: 5
elapsed-time: 4.896
195
12 22 13 22 13 23 12 23
13 21 14 22 13 23 12 22
14 21 14 22 13 22 13 21
15 20 15 21 14 21 14 20
15 19 16 19 16 20 15 20
16 18 17 19 16 20 15 19
17 18 17 19 16 19 16 18
13 14 12 15 13 16 14 15
13 12 12 13 13 14 14 13
12 12 13 12 13 13 12 13
14 14 13 14 13 13 14 13
14 17 13 17 13 16 14 16
12 17 13 18 14 17 13 16
11 16 12 17 11 18 10 17
10 15 10 16 11 16 11 15
11 14 12 15 11 16 10 15
12 14 12 15 11 15 11 14
11 13 12 12 13 13 12 14
21 13 20 14 19 13 20 12
22 13 22 14 21 14 21 13
23 14 22 15 21 14 22 13
23 15 22 15 22 14 23 14
22 16 23 15 24 16 23 17
21 16 21 15 22 15 22 16
19 23 18 23 18 22 19 22
17 23 18 24 19 23 18 22
17 24 17 23 18 23 18 24
16 25 15 24 16 23 17 24
18 21 18 22 17 22 17 21
20 21 19 22 18 21 19 20
16 22 16 23 17 23 17 22
15 23 14 22 15 21 16 22
16 24 16 23 15 23 15 24
17 25 17 24 16 24 16 25
23 22 24 22 24 23 23 23
22 22 22 21 23 21 23 22
22 24 21 23 22 22 23 23
25 11 25 10 24 10 24 11
25 9 24 10 25 11 26 10
26 9 26 10 25 10 25 9
24 17 23 17 23 16 24 16
23 12 23 11 24 11 24 12
22 11 23 10 24 11 23 12
22 10 23 10 23 11 22 11
23 9 24 10 23 11 22 10
24 9 24 10 23 10 23 9
25 8 26 9 25 10 24 9
24 8 25 8 25 9 24 9
25 12 24 11 25 10 26 11
26 12 25 12 25 11 26 11
25 13 24 12 25 11 26 12
24 13 24 12 25 12 25 13
25 14 24 13 25 12 26 13
26 14 25 14 25 13 26 13
24 14 25 15 26 14 25 13
24 15 24 14 25 14 25 15
25 16 24 17 23 16 24 15
26 17 26 16 25 16 25 17
27 16 26 17 25 16 26 15
28 26 27 27 26 26 27 25
27 11 26 11 26 10 27 10
26 21 26 20 27 20 27 21
28 21 27 22 26 21 27 20
28 22 27 22 27 21 28 21
27 15 26 15 26 14 27 14
22 18 22 17 23 17 23 18
22 20 21 19 22 18 23 19
21 21 22 20 23 21 22 22
21 20 22 20 22 21 21 21
21 22 20 21 21 20 22 21
20 22 20 21 21 21 21 22
20 24 19 23 20 22 21 23
20 23 21 23 21 24 20 24
19 24 18 23 19 22 20 23
23 13 24 13 24 14 23 14
22 12 23 13 22 14 21 13
15 15 15 16 14 16 14 15
13 15 14 16 15 15 14 14
12 16 11 15 12 14 13 15
11 17 12 17 12 16 11 16
10 18 11 18 11 17 10 17
9 17 10 16 11 17 10 18
15 14 16 15 15 16 14 15
16 14 16 15 15 15 15 14
10 26 11 26 11 27 10 27
10 23 10 22 11 22 11 23
11 24 10 23 11 22 12 23
8 15 9 16 10 15 9 14
22 23 21 24 20 23 21 22
23 24 22 23 23 22 24 23
21 17 20 16 21 15 22 16
20 17 20 16 21 16 21 17
21 18 20 17 21 16 22 17
22 19 22 18 21 18 21 19
23 20 23 19 22 19 22 20
24 21 23 22 22 21 23 20
20 15 20 14 21 14 21 15
20 19 21 18 22 19 21 20
18 19 19 20 20 19 19 18
19 19 18 19 18 18 19 18
18 20 17 19 18 18 19 19
17 20 17 19 18 19 18 20
16 21 15 20 16 19 17 20
15 22 16 21 17 22 16 23
14 23 13 22 14 21 15 22
13 24 14 23 15 24 14 25
14 24 13 24 13 23 14 23
15 25 14 24 15 23 16 24
15 26 14 26 14 25 15 25
16 26 16 27 15 27 15 26
20 20 21 20 21 19 20 19
19 21 20 20 21 21 20 22
17 26 16 27 15 26 16 25
27 26 27 27 26 27 26 26
28 25 28 26 27 26 27 25
11 21 10 22 11 23 12 22
12 21 12 22 11 22 11 21
12 18 11 17 12 16 13 17
24 19 23 20 22 19 23 18
13 25 12 24 13 23 14 24
12 25 12 24 13 24 13 25
10 25 11 26 12 25 11 24
9 26 10 26 10 25 9 25
20 18 21 19 20 20 19 19
19 17 19 18 20 18 20 17
24 18 24 19 23 19 23 18
25 18 24 18 24 17 25 17
25 20 24 19 25 18 26 19
25 22 24 21 25 20 26 21
24 20 24 21 23 21 23 20
25 19 24 20 23 19 24 18
26 18 26 19 25 19 25 18
27 17 26 18 25 17 26 16
27 18 26 18 26 17 27 17
28 19 27 20 26 19 27 18
27 19 26 20 25 19 26 18
28 20 28 19 27 19 27 20
29 21 28 22 27 21 28 20
29 20 29 21 28 21 28 20
25 21 24 22 23 21 24 20
26 22 25 21 26 20 27 21
12 19 13 18 15 20 14 21
11 19 11 18 12 18 12 19
12 28 11 27 13 25 14 26
15 11 16 12 14 14 13 13
14 11 14 9 15 9 15 11
12 9 14 11 13 12 11 10
11 9 12 9 12 10 11 10
12 8 13 9 12 10 11 9
13 8 13 9 12 9 12 8
20 26 19 27 17 25 18 24
19 26 19 24 20 24 20 26
17 27 19 27 19 26 17 26
16 28 15 27 16 26 17 27
17 28 16 28 16 27 17 27
19 11 21 9 22 10 20 12
21 11 19 11 19 9 21 9
21 12 21 11 22 11 22 12
20 13 21 13 21 12 20 12
19 14 20 14 20 13 19 13
9 13 11 13 11 14 9 14
8 14 9 13 11 15 10 16
9 15 9 14 8 14 8 15
13 19 13 21 12 21 12 19
15 18 15 19 13 19 13 18
16 17 15 18 14 17 15 16
15 17 16 17 16 18 15 18
14 18 13 17 14 16 15 17
12 20 13 19 14 20 13 21
10 20 11 21 12 20 11 19
17 14 16 15 19 18 20 17
18 14 18 18 17 18 17 14
17 15 18 14 20 16 19 17
16 16 15 15 16 14 17 15
19 16 19 17 16 17 16 16
19 15 20 15 20 16 19 16
17 11 19 13 18 14 16 12
17 13 17 11 19 11 19 13
16 13 17 13 17 14 16 14
15 12 16 13 15 14 14 13
16 11 16 12 15 12 15 11
15 10 16 11 15 12 14 11
17 7 19 9 17 11 15 9
18 9 21 12 20 13 17 10
16 10 16 11 17 11 17 10
26 25 26 22 27 22 27 25
27 24 26 25 24 23 25 22
25 26 26 27 27 26 26 25
25 25 26 25 26 26 25 26
26 24 25 25 23 23 24 22
29 23 27 25 26 24 28 22
17 17 16 18 15 17 16 16
22 7 22 10 17 10 17 7
23 8 17 14 16 13 22 7
21 8 23 8 23 9 21 9
