best-score: 802272
count: 2
elapsed-time: 4.798
281
21 13 20 14 21 15 22 14
27 29 26 28 27 27 28 28
28 30 28 29 27 29 27 30
26 30 27 31 28 30 27 29
26 31 26 30 27 30 27 31
25 30 26 29 27 30 26 31
25 29 26 29 26 30 25 30
26 16 25 15 26 14 27 15
28 32 27 33 26 32 27 31
30 32 29 33 28 32 29 31
30 33 30 32 31 32 31 33
30 34 29 34 29 33 30 33
29 35 28 34 29 33 30 34
28 35 28 34 29 34 29 35
29 36 28 35 29 34 30 35
30 36 29 36 29 35 30 35
26 15 26 16 25 16 25 15
25 14 26 15 25 16 24 15
24 14 25 14 25 15 24 15
23 15 22 14 23 13 24 14
24 16 24 15 23 15 23 16
25 12 24 13 25 14 26 13
25 13 24 13 24 12 25 12
13 15 14 14 15 15 14 16
16 19 15 20 14 19 15 18
15 19 15 18 16 18 16 19
15 17 14 18 15 19 16 18
14 17 14 16 15 16 15 17
16 17 15 18 14 17 15 16
17 17 17 18 16 18 16 17
18 18 17 17 18 16 19 17
18 17 19 17 19 18 18 18
17 16 17 17 18 17 18 16
14 22 13 23 12 22 13 21
16 22 15 23 14 22 15 21
17 15 18 14 19 15 18 16
16 16 15 15 16 14 17 15
16 15 17 15 17 16 16 16
15 14 15 15 16 15 16 14
14 15 15 14 16 15 15 16
13 16 14 16 14 15 13 15
13 18 12 17 13 16 14 17
13 19 13 18 14 18 14 19
12 18 13 19 12 20 11 19
13 17 13 18 12 18 12 17
18 12 17 13 18 14 19 13
17 20 16 19 17 18 18 19
16 20 16 19 17 19 17 20
16 21 15 21 15 20 16 20
17 22 16 21 17 20 18 21
18 22 17 22 17 21 18 21
19 21 20 22 19 23 18 22
18 20 19 19 20 20 19 21
19 20 19 21 18 21 18 20
20 19 20 20 19 20 19 19
17 29 16 28 17 27 18 28
18 29 18 30 17 30 17 29
27 28 27 29 26 29 26 28
28 27 28 28 27 28 27 27
29 28 28 29 27 28 28 27
29 29 28 29 28 28 29 28
30 30 29 31 28 30 29 29
27 14 27 15 26 15 26 14
27 16 26 15 27 14 28 15
28 16 27 16 27 15 28 15
27 12 28 13 27 14 26 13
23 14 24 15 23 16 22 15
22 13 22 14 23 14 23 13
23 12 24 13 23 14 22 13
21 14 22 14 22 15 21 15
20 13 20 14 21 14 21 13
21 12 22 13 21 14 20 13
22 12 22 13 21 13 21 12
23 11 24 12 23 13 22 12
24 11 24 12 23 12 23 11
23 10 24 11 23 12 22 11
22 10 23 10 23 11 22 11
18 31 17 32 16 31 17 30
17 23 16 22 17 21 18 22
16 23 16 22 17 22 17 23
16 24 15 24 15 23 16 23
32 25 31 24 32 23 33 24
31 17 31 16 32 16 32 17
30 16 31 17 30 18 29 17
29 16 30 16 30 17 29 17
30 15 31 16 30 17 29 16
31 15 31 16 30 16 30 15
34 32 33 33 32 32 33 31
33 32 33 31 34 31 34 32
32 33 33 33 33 32 32 32
32 31 31 32 32 33 33 32
31 31 32 31 32 32 31 32
32 34 31 34 31 33 32 33
14 20 15 21 16 20 15 19
29 21 30 21 30 22 29 22
30 23 31 24 30 25 29 24
31 22 30 23 29 22 30 21
33 22 32 23 31 22 32 21
34 33 33 32 34 31 35 32
35 33 34 33 34 32 35 32
10 22 11 21 12 22 11 23
12 21 12 20 11 20 11 21
13 22 13 21 12 21 12 22
14 23 14 22 13 22 13 23
15 22 16 23 15 24 14 23
14 21 15 20 16 21 15 22
13 20 13 21 14 21 14 20
12 19 13 18 14 19 13 20
11 18 11 19 12 19 12 18
10 19 11 18 12 19 11 20
10 20 10 19 11 19 11 20
10 17 11 16 12 17 11 18
32 15 33 16 32 17 31 16
33 15 33 16 32 16 32 15
32 14 33 15 32 16 31 15
31 14 32 14 32 15 31 15
31 23 30 23 30 22 31 22
32 24 32 23 31 23 31 24
31 25 30 24 31 23 32 24
30 26 31 26 31 25 30 25
32 26 31 27 30 26 31 25
32 27 31 27 31 26 32 26
33 26 32 27 31 26 32 25
33 13 32 14 31 13 32 12
33 12 34 12 34 13 33 13
18 15 18 14 19 14 19 15
17 14 18 15 17 16 16 15
18 13 18 14 17 14 17 13
19 12 20 13 19 14 18 13
20 12 20 13 19 13 19 12
21 11 22 12 21 13 20 12
29 23 30 23 30 24 29 24
28 22 29 21 30 22 29 23
28 23 28 22 29 22 29 23
28 21 27 22 28 23 29 22
27 21 27 20 28 20 28 21
25 10 26 11 25 12 24 11
21 10 22 11 21 12 20 11
20 10 21 10 21 11 20 11
21 9 22 10 21 11 20 10
22 9 22 10 21 10 21 9
33 25 33 24 32 24 32 25
34 26 34 25 33 25 33 26
33 27 32 26 33 25 34 26
33 28 32 28 32 27 33 27
31 28 32 29 33 28 32 27
31 29 31 28 32 28 32 29
30 28 31 27 32 28 31 29
30 27 31 27 31 28 30 28
30 29 29 28 30 27 31 28
29 30 30 30 30 29 29 29
28 31 27 30 28 29 29 30
27 32 28 32 28 31 27 31
26 33 27 33 27 32 26 32
25 32 26 31 27 32 26 33
25 31 26 31 26 32 25 32
24 30 24 31 25 31 25 30
33 29 32 28 33 27 34 28
34 29 33 29 33 28 34 28
34 27 33 28 34 29 35 28
35 26 34 27 33 26 34 25
35 27 34 27 34 26 35 26
29 27 28 28 29 29 30 28
29 26 30 26 30 27 29 27
32 30 31 31 30 30 31 29
34 30 33 31 32 30 33 29
33 30 33 29 32 29 32 30
31 30 32 31 33 30 32 29
30 31 29 30 30 29 31 30
29 32 30 31 31 32 30 33
28 33 27 32 28 31 29 32
27 34 28 34 28 33 27 33
26 35 25 34 26 33 27 34
35 30 34 31 33 30 34 29
35 31 34 31 34 30 35 30
36 32 35 33 34 32 35 31
36 31 36 32 35 32 35 31
26 34 26 35 25 35 25 34
27 35 26 34 27 33 28 34
21 17 19 17 19 15 21 15
19 32 18 31 20 29 21 30
19 33 17 33 17 32 19 32
10 24 10 22 12 22 12 24
11 25 10 24 11 23 12 24
13 25 11 25 11 23 13 23
12 26 13 25 14 26 13 27
14 24 14 26 12 26 12 24
15 25 14 24 15 23 16 24
15 27 13 27 13 25 15 25
16 26 15 27 14 26 15 25
18 26 18 28 16 28 16 26
19 25 18 26 16 24 17 23
21 23 21 25 19 25 19 23
35 24 33 24 33 22 35 22
34 23 35 24 34 25 33 24
34 21 33 22 34 23 35 22
32 19 32 21 34 21 34 19
29 20 30 21 32 19 31 18
28 19 29 20 28 21 27 20
29 19 29 20 28 20 28 19
30 20 29 21 28 20 29 19
31 20 30 20 30 18 31 18
33 20 33 22 31 22 31 20
35 20 34 21 33 20 34 19
27 10 27 12 25 12 25 10
28 11 27 12 26 11 27 10
29 13 29 11 28 11 28 13
28 14 29 13 31 15 30 16
30 14 30 15 28 15 28 14
30 13 31 13 31 14 30 14
29 14 30 13 31 14 30 15
23 32 25 32 25 34 23 34
24 33 23 32 24 31 25 32
24 35 23 34 24 33 25 34
23 33 22 32 24 30 25 31
12 13 14 15 13 16 11 14
12 14 11 14 11 13 12 13
10 14 11 15 12 14 11 13
10 15 10 14 11 14 11 15
10 16 12 18 13 17 11 15
11 17 11 16 10 16 10 17
16 27 18 29 17 30 15 28
20 32 18 30 20 28 22 30
27 24 29 26 28 27 26 25
27 26 27 24 29 24 29 26
21 32 21 30 22 30 22 32
20 34 21 34 21 32 20 32
18 36 17 35 19 33 20 34
27 13 27 14 28 14 28 13
26 12 27 13 26 14 25 13
22 24 26 28 25 29 21 25
23 21 21 23 22 24 24 22
23 22 23 21 24 21 24 22
21 18 20 19 23 22 24 21
22 17 22 18 21 18 21 17
25 18 24 19 22 17 23 16
24 18 24 16 25 16 25 18
22 20 19 17 21 15 24 18
22 22 20 22 20 20 22 20
23 24 23 22 22 22 22 24
22 25 23 24 27 28 26 29
22 28 22 25 26 25 26 28
22 29 20 29 20 28 22 28
19 26 23 22 26 25 22 29
18 25 18 26 19 26 19 25
19 24 18 25 16 23 17 22
26 26 29 23 30 24 27 27
26 20 26 16 27 16 27 20
27 19 28 20 27 21 26 20
26 18 28 16 29 17 27 19
24 20 22 18 24 16 26 18
26 21 26 20 24 20 24 21
21 22 23 24 26 21 24 19
20 23 18 21 19 20 21 22
21 26 19 24 20 23 22 25
19 30 21 30 21 26 19 26
19 31 18 31 18 30 19 30
20 31 20 32 19 32 19 31
24 24 27 24 27 22 24 22
25 25 24 24 27 21 28 22
23 29 22 28 25 25 26 26
23 30 22 30 22 29 23 29
22 31 21 30 22 29 23 30
22 33 21 32 22 31 23 32
22 35 21 34 22 33 23 34
19 35 19 33 22 33 22 35
24 29 25 30 24 31 23 30
15 34 14 35 11 32 12 31
15 11 15 14 14 14 14 11
14 12 15 11 17 13 16 14
15 10 18 13 17 14 14 11
22 19 24 19 24 20 22 20
14 33 14 35 17 35 17 33
15 31 16 31 16 28 15 28
12 34 15 34 15 31 12 31
14 36 12 34 15 31 17 33
35 16 35 20 33 20 33 16
16 36 16 31 18 31 18 36
11 30 11 32 17 32 17 30
14 27 15 28 12 31 11 30
25 21 24 22 29 27 30 26
