best-score: 686868
count: 1
elapsed-time: 5.06
421
44 26 43 26 43 25 44 25
44 21 43 22 42 21 43 20
29 27 29 28 30 28 30 27
28 26 28 27 29 27 29 26
29 25 30 26 29 27 28 26
30 25 29 25 29 24 30 24
30 23 29 24 30 25 31 24
31 23 31 24 30 24 30 23
29 20 30 21 29 22 28 21
30 20 30 21 29 21 29 20
31 19 31 20 30 20 30 19
32 20 31 19 32 18 33 19
32 21 31 21 31 20 32 20
32 23 31 22 32 21 33 22
32 25 31 24 32 23 33 24
31 26 30 27 29 26 30 25
32 26 32 27 31 27 31 26
31 25 32 26 31 27 30 26
32 24 32 25 31 25 31 24
33 23 33 24 32 24 32 23
32 22 33 23 32 24 31 23
33 21 32 22 31 21 32 20
34 20 35 21 34 22 33 21
34 18 33 19 34 20 35 19
34 19 33 19 33 18 34 18
35 20 35 19 34 19 34 20
36 20 36 21 35 21 35 20
37 19 37 20 36 20 36 19
36 18 37 19 36 20 35 19
35 18 36 18 36 19 35 19
36 17 37 18 36 19 35 18
37 17 37 18 36 18 36 17
29 16 30 17 29 18 28 17
28 16 29 16 29 17 28 17
29 15 30 16 29 17 28 16
30 15 30 16 29 16 29 15
30 14 31 14 31 15 30 15
29 40 30 40 30 39 29 39
29 41 28 41 28 40 29 40
31 41 30 42 29 41 30 40
31 42 30 42 30 41 31 41
31 40 30 41 31 42 32 41
32 40 32 41 31 41 31 40
32 42 31 41 32 40 33 41
33 42 32 42 32 41 33 41
29 42 28 41 29 40 30 41
30 38 29 39 30 40 31 39
31 38 31 39 30 39 30 38
32 39 31 40 30 39 31 38
30 18 29 19 30 20 31 19
29 23 30 24 29 25 28 24
30 22 29 23 28 22 29 21
39 29 39 30 38 30 38 29
37 29 38 30 37 31 36 30
18 17 18 16 19 16 19 17
18 34 19 35 18 36 17 35
18 42 19 41 20 42 19 43
18 41 19 41 19 42 18 42
17 40 18 39 19 40 18 41
21 39 20 40 19 39 20 38
20 43 19 42 20 41 21 42
21 43 20 43 20 42 21 42
22 42 21 43 20 42 21 41
23 42 22 42 22 41 23 41
22 43 21 42 22 41 23 42
18 40 18 39 19 39 19 40
17 41 18 41 18 40 17 40
17 39 16 40 17 41 18 40
16 39 17 39 17 40 16 40
22 27 23 27 23 28 22 28
23 36 22 35 23 34 24 35
23 35 24 35 24 36 23 36
22 34 22 35 23 35 23 34
22 36 21 35 22 34 23 35
23 37 23 36 22 36 22 37
21 40 21 41 22 41 22 40
20 39 20 40 21 40 21 39
19 38 19 39 20 39 20 38
23 43 22 42 23 41 24 42
24 43 23 43 23 42 24 42
24 44 24 43 25 43 25 44
21 36 21 35 22 35 22 36
39 38 39 37 40 37 40 38
15 16 15 15 14 15 14 16
16 17 16 16 15 16 15 17
15 41 15 42 14 42 14 41
13 35 14 34 15 35 14 36
24 29 23 28 24 27 25 28
24 28 25 28 25 29 24 29
24 26 23 27 24 28 25 27
25 26 25 27 24 27 24 26
24 25 25 26 24 27 23 26
23 25 24 25 24 26 23 26
26 35 25 35 25 34 26 34
25 36 24 35 25 34 26 35
26 22 27 23 26 24 25 23
26 23 26 22 27 22 27 23
25 24 26 24 26 23 25 23
24 23 25 24 24 25 23 24
42 34 41 35 40 34 41 33
43 33 44 34 43 35 42 34
43 34 43 33 44 33 44 34
42 35 43 35 43 34 42 34
41 17 40 17 40 16 41 16
41 23 40 23 40 22 41 22
42 36 41 37 40 36 41 35
41 36 41 35 42 35 42 36
27 24 26 23 27 22 28 23
16 14 17 15 16 16 15 15
16 15 16 14 17 14 17 15
17 16 16 17 15 16 16 15
18 15 18 16 17 16 17 15
16 25 16 26 15 26 15 25
17 29 18 30 17 31 16 30
33 26 32 27 31 26 32 25
33 27 33 26 34 26 34 27
35 27 34 28 33 27 34 26
36 27 36 28 35 28 35 27
35 26 36 27 35 28 34 27
33 25 33 26 32 26 32 25
27 21 28 21 28 22 27 22
26 20 27 19 28 20 27 21
28 25 27 26 28 27 29 26
27 25 28 25 28 26 27 26
26 25 26 24 27 24 27 25
26 27 25 26 26 25 27 26
26 28 25 28 25 27 26 27
27 29 26 30 25 29 26 28
28 18 27 18 27 17 28 17
26 18 27 19 28 18 27 17
26 19 26 18 27 18 27 19
27 20 26 19 27 18 28 19
26 21 27 20 28 21 27 22
26 41 27 42 28 41 27 40
27 39 28 38 29 39 28 40
28 39 28 40 27 40 27 39
29 38 29 39 28 39 28 38
17 30 17 31 16 31 16 30
18 29 18 30 17 30 17 29
18 31 17 30 18 29 19 30
19 31 18 31 18 30 19 30
16 20 17 20 17 21 16 21
37 30 37 31 36 31 36 30
38 31 37 30 38 29 39 30
35 31 36 32 35 33 34 32
35 32 35 31 36 31 36 32
27 38 26 39 27 40 28 39
26 38 27 38 27 39 26 39
36 37 35 38 34 37 35 36
35 37 35 36 36 36 36 37
34 38 35 38 35 37 34 37
34 17 35 18 34 19 33 18
35 17 35 18 34 18 34 17
36 16 36 17 35 17 35 16
34 16 35 17 36 16 35 15
34 15 35 15 35 16 34 16
33 16 34 15 35 16 34 17
33 17 33 16 34 16 34 17
32 17 33 17 33 18 32 18
24 34 23 35 24 36 25 35
34 23 33 23 33 22 34 22
34 25 33 24 34 23 35 24
35 25 35 26 34 26 34 25
34 24 35 25 34 26 33 25
35 23 34 24 33 23 34 22
22 14 22 15 21 15 21 14
41 30 43 28 44 29 42 31
42 30 42 31 41 31 41 30
44 32 43 33 41 31 42 30
42 32 42 31 44 31 44 32
40 32 42 32 42 34 40 34
45 37 44 38 42 36 43 35
42 28 41 27 43 25 44 26
43 29 42 30 41 29 42 28
42 29 42 28 43 28 43 29
41 20 41 22 43 22 43 20
40 21 41 20 42 21 41 22
41 32 42 31 44 33 43 34
32 30 30 28 31 27 33 29
33 30 33 31 32 31 32 30
34 29 36 31 35 32 33 30
34 30 33 30 33 29 34 29
35 29 36 30 35 31 34 30
32 29 31 30 29 28 30 27
31 29 32 29 32 30 31 30
32 16 32 17 30 17 30 16
33 15 34 16 33 17 32 16
32 15 33 15 33 16 32 16
31 16 30 15 31 14 32 15
31 18 30 17 31 16 32 17
32 19 32 18 31 18 31 19
33 20 32 21 31 20 32 19
34 21 33 20 34 19 35 20
35 22 34 23 33 22 34 21
37 22 37 23 35 23 35 22
38 21 37 22 36 21 37 20
38 20 40 20 40 21 38 21
31 17 30 16 31 15 32 16
30 44 29 44 29 42 30 42
37 14 38 15 36 17 35 16
38 43 38 42 40 42 40 43
17 33 19 31 20 32 18 34
15 33 17 33 17 35 15 35
13 33 14 34 15 33 14 32
18 27 18 25 19 25 19 27
17 28 15 26 16 25 18 27
20 14 18 16 19 17 21 15
20 17 19 16 21 14 22 15
20 19 19 19 19 17 20 17
17 18 19 20 20 19 18 17
15 20 14 19 16 17 17 18
15 22 14 22 14 20 15 20
14 21 15 20 16 21 15 22
16 43 17 44 19 42 18 41
21 21 19 23 17 21 19 19
21 22 21 21 22 21 22 22
19 24 18 23 20 21 21 22
18 24 18 23 19 23 19 24
17 27 16 26 18 24 19 25
18 28 18 27 17 27 17 28
16 28 17 29 18 28 17 27
16 29 16 28 17 28 17 29
15 30 16 29 17 30 16 31
15 29 16 29 16 30 15 30
13 31 15 29 16 30 14 32
13 32 13 31 14 31 14 32
17 19 19 19 19 20 17 20
18 18 17 19 15 17 16 16
17 17 17 18 18 18 18 17
17 36 19 38 18 39 16 37
18 35 18 36 17 36 17 35
19 34 19 35 18 35 18 34
20 33 22 35 21 36 19 34
18 32 18 33 20 33 20 32
17 32 17 31 18 31 18 32
19 32 18 33 17 32 18 31
24 17 24 15 22 15 22 17
22 19 24 17 26 19 24 21
24 18 24 19 22 19 22 18
26 17 26 18 24 18 24 17
27 16 28 17 27 18 26 17
26 16 27 16 27 17 26 17
27 15 28 16 27 17 26 16
28 15 28 16 27 16 27 15
29 14 30 15 29 16 28 15
28 14 29 14 29 15 28 15
29 13 30 14 29 15 28 14
30 13 30 14 29 14 29 13
24 38 22 40 21 39 23 37
23 38 21 40 20 39 22 37
24 37 24 38 23 38 23 37
26 37 25 38 24 37 25 36
25 37 26 37 26 38 25 38
25 39 24 38 25 37 26 38
25 41 25 39 26 39 26 41
26 42 25 43 24 42 25 41
26 43 26 42 27 42 27 43
25 42 26 43 25 44 24 43
24 41 24 42 25 42 25 41
23 40 25 38 26 39 24 41
22 38 22 40 23 40 23 38
20 37 20 38 22 38 22 37
41 26 41 27 39 27 39 26
40 27 39 26 40 25 41 26
40 30 40 32 39 32 39 30
40 29 41 29 41 30 40 30
40 31 39 30 40 29 41 30
40 33 39 32 40 31 41 32
39 34 40 33 42 35 41 36
39 36 39 34 40 34 40 36
38 37 39 36 40 37 39 38
37 36 38 37 37 38 36 37
38 36 38 37 39 37 39 36
39 35 40 36 39 37 38 36
15 23 14 22 16 20 17 21
13 39 14 38 16 40 15 41
23 16 24 17 25 16 24 15
24 39 24 38 25 38 25 39
22 30 23 31 25 29 24 28
39 31 40 32 41 31 40 30
43 15 41 17 40 16 42 14
44 15 44 16 43 16 43 15
42 13 44 15 43 16 41 14
41 13 42 13 42 14 41 14
39 14 41 16 40 17 38 15
40 28 41 29 40 30 39 29
39 28 40 28 40 29 39 29
37 26 39 28 38 29 36 27
39 24 37 26 35 24 37 22
41 24 40 25 39 24 40 23
42 23 44 25 43 26 41 24
44 23 42 23 42 21 44 21
40 19 41 19 41 20 40 20
42 24 41 24 41 23 42 23
24 20 24 21 26 21 26 20
24 16 22 18 24 20 26 18
29 34 27 36 26 35 28 33
28 45 26 43 27 42 29 44
28 37 27 38 26 37 27 36
30 35 31 36 29 38 28 37
29 35 29 34 30 34 30 35
28 36 29 35 31 37 30 38
27 37 25 35 26 34 28 36
26 36 26 37 27 37 27 36
17 34 18 33 19 34 18 35
16 24 16 25 18 25 18 24
14 24 15 25 16 24 15 23
19 37 17 39 16 38 18 36
20 35 20 37 19 37 19 35
21 33 21 35 20 35 20 33
24 32 22 34 21 33 23 31
28 32 26 34 24 32 26 30
20 18 19 19 18 18 19 17
33 37 31 39 32 40 34 38
31 33 33 31 34 32 32 34
29 31 31 33 30 34 28 32
31 31 29 31 29 30 31 30
32 33 32 31 31 31 31 33
31 32 32 33 30 35 29 34
30 31 31 30 32 31 31 32
27 32 28 33 30 31 29 30
27 33 27 32 28 32 28 33
21 19 21 21 20 21 20 19
21 17 20 18 21 19 22 18
20 15 20 17 21 17 21 15
18 14 18 15 20 15 20 14
14 39 14 38 16 38 16 39
13 41 14 41 14 39 13 39
38 26 39 27 37 29 36 28
38 24 39 24 39 26 38 26
36 26 35 25 37 23 38 24
37 27 37 26 36 26 36 27
37 28 37 27 39 27 39 28
36 29 37 29 37 28 36 28
35 30 36 30 36 29 35 29
34 31 35 31 35 30 34 30
33 32 34 32 34 31 33 31
33 34 32 33 33 32 34 33
38 22 37 23 35 21 36 20
37 21 37 22 38 22 38 21
40 26 39 27 40 28 41 27
39 25 41 23 42 24 40 26
41 28 40 29 39 28 40 27
42 27 42 28 41 28 41 27
44 27 43 28 42 27 43 26
28 30 27 29 29 27 30 28
28 28 29 28 29 30 28 30
23 32 24 32 24 34 23 34
25 30 27 32 25 34 23 32
26 29 26 30 25 30 25 29
27 28 26 29 25 28 26 27
27 27 28 27 28 28 27 28
26 26 27 25 28 26 27 27
25 25 25 26 26 26 26 25
24 24 24 25 25 25 25 24
23 21 22 22 24 24 25 23
23 23 23 21 24 21 24 23
32 35 34 37 33 38 31 36
33 35 32 35 32 34 33 34
34 35 34 37 33 37 33 35
35 35 34 35 34 33 35 33
34 36 35 35 36 36 35 37
32 36 33 37 34 36 33 35
32 37 31 37 31 36 32 36
32 38 32 37 33 37 33 38
21 18 21 17 22 17 22 18
21 20 20 19 21 18 22 19
24 40 24 41 23 41 23 40
26 40 25 41 24 40 25 39
28 29 27 28 28 27 29 28
44 17 41 20 40 19 43 16
44 19 41 19 41 17 44 17
43 42 40 42 40 41 43 41
35 40 37 38 40 41 38 43
34 39 35 40 33 42 32 41
37 39 37 43 34 43 34 39
36 40 34 38 35 37 37 39
35 41 36 40 38 42 37 43
33 40 33 41 35 41 35 40
38 40 36 40 36 37 38 37
42 40 40 42 38 40 40 38
43 39 44 40 43 41 42 40
43 19 40 22 38 20 41 17
21 27 18 30 19 31 22 28
21 23 19 25 21 27 23 25
21 24 21 23 23 23 23 24
21 25 19 25 19 24 21 24
22 25 22 27 21 27 21 25
19 28 18 27 21 24 22 25
19 29 18 29 18 28 19 28
22 29 22 30 19 30 19 29
23 30 20 33 19 32 22 29
22 31 23 31 23 30 22 30
21 28 19 28 19 27 21 27
19 22 21 22 21 23 19 23
11 39 14 36 16 38 13 41
11 35 13 35 13 39 11 39
16 35 13 32 14 31 17 34
36 34 39 34 39 32 36 32
34 34 35 35 36 34 35 33
39 17 37 17 37 14 39 14
38 18 39 17 41 19 40 20
38 19 37 19 37 18 38 18
39 39 37 39 37 38 39 38
14 18 17 18 17 19 14 19
13 17 14 16 15 17 14 18
40 12 41 13 37 17 36 16
36 12 40 12 40 16 36 16
35 13 36 12 40 16 39 17
38 13 38 15 35 15 35 13
42 38 42 40 44 40 44 38
26 31 29 31 29 34 26 34
18 22 18 23 15 23 15 22
33 39 33 40 32 40 32 39
39 19 40 19 40 17 39 17
38 35 37 36 34 33 35 32
37 35 38 35 38 36 37 36
37 37 36 36 37 35 38 36
38 47 34 43 39 38 43 42
37 47 37 43 38 43 38 47
35 49 30 44 32 42 37 47
