best-score: 701317
count: 2
elapsed-time: 4.864
361
39 25 38 25 38 24 39 24
40 25 40 26 39 26 39 25
40 23 39 24 40 25 41 24
40 24 39 24 39 23 40 23
41 23 40 24 39 23 40 22
37 23 38 24 39 23 38 22
35 23 36 24 37 23 36 22
36 23 35 23 35 22 36 22
37 22 38 23 37 24 36 23
38 27 37 26 38 25 39 26
14 40 14 39 15 39 15 40
14 38 13 39 14 40 15 39
15 20 16 21 15 22 14 21
14 20 15 20 15 21 14 21
35 35 34 36 33 35 34 34
33 40 34 40 34 41 33 41
34 15 35 16 34 17 33 16
21 26 22 25 23 26 22 27
21 25 22 25 22 26 21 26
21 23 20 24 21 25 22 24
22 23 21 23 21 22 22 22
23 22 22 23 21 22 22 21
23 24 23 25 22 25 22 24
21 24 22 25 23 24 22 23
20 25 21 25 21 24 20 24
20 23 19 24 20 25 21 24
19 22 20 21 21 22 20 23
23 27 22 27 22 26 23 26
24 26 23 27 22 26 23 25
25 26 25 27 24 27 24 26
24 25 25 26 24 27 23 26
21 14 22 14 22 13 21 13
20 14 21 14 21 15 20 15
19 15 20 14 21 15 20 16
19 16 19 15 20 15 20 16
23 21 23 22 22 22 22 21
21 21 22 22 23 21 22 20
21 20 22 20 22 21 21 21
23 20 22 21 21 20 22 19
24 21 24 20 23 20 23 21
25 22 25 21 24 21 24 22
24 23 23 22 24 21 25 22
25 24 24 25 23 24 24 23
23 14 22 15 21 14 22 13
23 15 22 15 22 14 23 14
22 16 21 15 22 14 23 15
21 16 21 15 22 15 22 16
20 17 19 16 20 15 21 16
21 17 20 17 20 16 21 16
23 17 22 18 21 17 22 16
22 32 22 31 23 31 23 32
20 26 21 27 22 26 21 25
20 27 20 26 21 26 21 27
19 26 20 25 21 26 20 27
19 25 20 25 20 26 19 26
19 27 18 26 19 25 20 26
18 27 18 26 19 26 19 27
20 38 21 39 22 38 21 37
22 34 21 35 20 34 21 33
22 35 22 34 23 34 23 35
23 36 22 35 23 34 24 35
24 36 23 36 23 35 24 35
25 35 24 36 23 35 24 34
26 35 25 35 25 34 26 34
25 36 24 35 25 34 26 35
20 39 20 40 21 40 21 39
22 36 21 37 20 36 21 35
21 36 21 35 22 35 22 36
20 37 21 37 21 36 20 36
20 22 21 22 21 21 20 21
19 21 20 20 21 21 20 22
19 20 20 20 20 21 19 21
20 19 21 20 20 21 19 20
21 19 21 20 20 20 20 19
21 18 22 18 22 19 21 19
19 18 20 19 21 18 20 17
19 14 20 15 21 14 20 13
19 13 20 13 20 14 19 14
20 12 21 13 20 14 19 13
21 12 21 13 20 13 20 12
35 18 34 19 35 20 36 19
35 19 35 18 36 18 36 19
34 20 35 20 35 19 34 19
36 17 35 16 36 15 37 16
37 15 38 15 38 16 37 16
37 39 37 38 38 38 38 39
16 22 15 22 15 21 16 21
25 20 24 21 23 20 24 19
25 19 25 20 24 20 24 19
26 20 25 21 24 20 25 19
26 21 25 21 25 20 26 20
23 23 23 22 24 22 24 23
24 24 23 25 22 24 23 23
25 25 25 24 24 24 24 25
26 26 25 27 24 26 25 25
31 34 30 35 29 34 30 33
29 40 30 40 30 41 29 41
31 40 30 41 29 40 30 39
31 39 31 40 30 40 30 39
32 28 31 29 30 28 31 27
31 28 31 27 32 27 32 28
31 26 30 27 31 28 32 27
31 25 32 25 32 26 31 26
30 24 31 23 32 24 31 25
30 25 29 25 29 24 30 24
31 24 32 25 31 26 30 25
32 23 32 24 31 24 31 23
29 29 29 30 30 30 30 29
29 27 28 28 29 29 30 28
29 26 30 26 30 27 29 27
28 25 29 24 30 25 29 26
28 26 28 25 29 25 29 26
31 30 30 31 29 30 30 29
31 31 30 31 30 30 31 30
32 30 31 31 30 30 31 29
17 33 17 32 18 32 18 33
32 29 32 30 31 30 31 29
28 22 29 22 29 23 28 23
28 24 27 23 28 22 29 23
27 24 27 23 28 23 28 24
26 23 27 24 26 25 25 24
27 22 26 23 25 22 26 21
26 22 27 22 27 23 26 23
25 23 24 22 25 21 26 22
26 24 25 25 24 24 25 23
27 25 27 24 26 24 26 25
27 27 26 26 27 25 28 26
27 36 26 35 27 34 28 35
27 35 28 35 28 36 27 36
26 36 25 35 26 34 27 35
39 39 40 38 41 39 40 40
38 40 37 39 38 38 39 39
39 40 38 40 38 39 39 39
41 22 41 23 40 23 40 22
42 26 41 27 40 26 41 25
16 36 16 37 15 37 15 36
16 38 15 37 16 36 17 37
17 38 16 38 16 37 17 37
17 39 17 38 18 38 18 39
16 40 15 39 16 38 17 39
28 21 29 22 28 23 27 22
27 20 28 19 29 20 28 21
26 19 27 20 26 21 25 20
27 19 27 20 26 20 26 19
37 14 37 15 36 15 36 14
19 23 20 23 20 24 19 24
18 24 19 23 20 24 19 25
18 25 18 24 19 24 19 25
17 26 18 25 19 26 18 27
17 25 18 25 18 26 17 26
17 23 16 24 17 25 18 24
30 34 30 33 29 33 29 34
31 35 31 34 30 34 30 35
39 22 39 23 38 23 38 22
40 21 41 22 40 23 39 22
39 21 40 21 40 22 39 22
40 20 41 21 40 22 39 21
41 20 41 21 40 21 40 20
23 19 23 20 22 20 22 19
27 21 28 21 28 22 27 22
28 20 27 21 26 20 27 19
29 21 29 20 28 20 28 21
16 25 16 27 14 27 14 25
15 26 16 25 17 26 16 27
13 26 14 27 15 26 14 25
15 28 15 26 13 26 13 28
14 29 13 28 14 27 15 28
17 16 15 18 14 17 16 15
17 18 17 16 19 16 19 18
17 20 15 20 15 18 17 18
18 23 16 21 17 20 19 22
17 24 18 23 19 24 18 25
16 23 16 24 17 24 17 23
15 24 16 23 17 24 16 25
12 36 13 35 15 37 14 38
34 31 33 32 31 30 32 29
33 37 31 37 31 35 33 35
35 38 35 37 33 37 33 38
36 39 34 41 33 40 35 38
37 40 36 39 37 38 38 39
36 40 36 39 37 39 37 40
34 38 35 37 37 39 36 40
32 40 31 39 33 37 34 38
32 38 33 38 33 40 32 40
35 14 35 16 33 16 33 14
36 13 37 14 36 15 35 14
35 13 36 13 36 14 35 14
34 13 35 14 34 15 33 14
23 38 23 36 22 36 22 38
22 39 20 37 21 36 23 38
21 38 21 39 22 39 22 38
25 33 24 34 22 32 23 31
24 33 25 33 25 34 24 34
22 33 23 34 24 33 23 32
21 32 21 33 22 33 22 32
19 30 20 29 22 31 21 32
18 29 19 30 17 32 16 31
20 28 20 29 18 29 18 28
22 30 20 28 21 27 23 29
20 31 22 31 22 30 20 30
25 30 23 32 22 31 24 29
27 29 27 30 25 30 25 29
25 31 23 29 25 27 27 29
23 30 23 31 25 31 25 30
22 29 22 30 23 30 23 29
21 29 21 27 22 27 22 29
33 17 35 19 34 20 32 18
33 19 33 17 34 17 34 19
33 20 32 20 32 19 33 19
33 18 32 19 33 20 34 19
37 33 38 34 36 36 35 35
36 26 37 26 37 24 36 24
37 27 36 26 38 24 39 25
38 26 38 27 37 27 37 26
39 13 40 14 38 16 37 15
39 14 39 13 40 13 40 14
38 13 39 14 38 15 37 14
39 18 37 16 38 15 40 17
38 19 39 18 41 20 40 21
39 19 38 19 38 18 39 18
19 36 17 38 16 37 18 35
19 34 20 34 20 36 19 36
17 34 18 35 19 34 18 33
15 32 17 34 15 36 13 34
13 30 14 29 16 31 15 32
16 28 16 27 18 27 18 28
16 29 15 29 15 28 16 28
17 28 16 29 15 28 16 27
19 28 18 29 17 28 18 27
21 28 20 29 19 28 20 27
23 28 22 29 21 28 22 27
24 28 23 28 23 27 24 27
25 28 25 29 24 29 24 28
27 28 25 28 25 27 27 27
28 27 27 28 25 26 26 25
27 26 27 27 28 27 28 26
18 31 18 29 16 29 16 31
19 32 19 31 18 31 18 32
17 15 17 16 16 16 16 15
17 14 19 14 19 15 17 15
16 13 17 14 16 15 15 14
18 20 19 21 17 23 16 22
24 38 24 36 25 36 25 38
28 38 30 40 29 41 27 39
29 28 28 27 29 26 30 27
28 29 29 29 29 28 28 28
28 31 27 30 28 29 29 30
32 32 30 34 29 33 31 31
34 30 36 32 34 34 32 32
32 31 34 31 34 30 32 30
31 32 32 32 32 31 31 31
29 32 30 33 31 32 30 31
27 32 27 30 29 30 29 32
28 33 27 32 28 31 29 32
27 16 28 17 30 15 29 14
31 19 29 21 28 20 30 18
31 18 32 18 32 19 31 19
30 21 29 20 31 18 32 19
30 22 29 22 29 21 30 21
33 21 31 23 30 22 32 20
34 21 33 21 33 20 34 20
36 21 35 22 34 21 35 20
38 21 36 21 36 19 38 19
37 20 38 21 37 22 36 21
37 18 36 19 37 20 38 19
19 35 17 33 18 32 20 34
18 22 19 22 19 23 18 23
17 22 17 20 18 20 18 22
16 41 15 40 17 38 18 39
15 41 15 40 16 40 16 41
19 29 18 28 19 27 20 28
18 30 19 29 20 30 19 31
17 31 15 29 16 28 18 30
18 15 17 14 18 13 19 14
18 17 17 16 18 15 19 16
18 19 17 18 18 17 19 18
19 19 19 20 18 20 18 19
20 18 21 19 20 20 19 19
19 17 20 16 21 17 20 18
18 18 16 16 17 15 19 17
17 19 18 18 19 19 18 20
16 18 17 19 15 21 14 20
15 27 16 28 18 26 17 25
19 41 17 39 18 38 20 40
29 37 28 36 30 34 31 35
27 17 27 19 28 19 28 17
28 16 27 17 25 15 26 14
29 16 29 17 28 17 28 16
26 31 24 33 25 34 27 32
26 33 26 31 28 31 28 33
26 29 27 30 26 31 25 30
25 17 23 17 23 15 25 15
26 17 26 19 25 19 25 17
26 16 27 16 27 17 26 17
34 25 32 25 32 24 34 24
33 24 35 22 36 23 34 25
31 22 33 20 34 21 32 23
30 23 29 22 30 21 31 22
37 17 37 18 36 18 36 17
39 17 38 18 37 17 38 16
40 18 40 17 39 17 39 18
41 19 40 20 39 19 40 18
33 25 35 27 36 26 34 24
42 16 40 18 39 17 41 15
20 33 22 35 21 36 19 34
21 34 21 33 20 33 20 34
36 34 36 36 34 36 34 34
38 32 38 34 36 34 36 32
37 31 38 32 37 33 36 32
18 37 20 37 20 38 18 38
17 35 17 37 18 37 18 35
35 21 36 22 39 19 38 18
34 22 35 22 35 21 34 21
33 23 34 22 35 23 34 24
32 21 32 23 33 23 33 21
30 20 30 21 32 21 32 20
29 18 29 20 30 20 30 18
27 18 28 19 29 18 28 17
25 18 26 19 27 18 26 17
13 20 13 17 14 17 14 20
14 32 14 29 15 29 15 32
13 33 14 32 17 35 16 36
37 36 35 38 31 34 33 32
36 38 37 38 37 36 36 36
35 39 36 39 36 38 35 38
32 16 35 13 36 14 33 17
32 17 32 16 33 16 33 17
31 14 30 15 32 17 33 16
31 16 29 16 29 14 31 14
25 41 22 38 24 36 27 39
28 41 25 41 25 38 28 38
26 37 25 38 28 41 29 40
27 37 26 37 26 36 27 36
29 39 29 37 27 37 27 39
39 28 35 32 34 31 38 27
35 31 35 27 37 27 37 31
34 32 35 32 35 31 34 31
33 34 34 34 34 32 33 32
39 36 37 38 33 34 35 32
41 36 41 39 39 39 39 36
40 37 39 36 40 35 41 36
38 37 40 37 40 38 38 38
38 35 38 37 35 37 35 35
40 34 40 35 38 35 38 34
39 33 39 36 37 36 37 33
39 35 38 34 39 33 40 34
25 39 24 38 26 36 27 37
30 13 34 13 34 15 30 15
31 15 29 17 30 18 32 16
32 36 32 38 28 38 28 36
32 34 31 35 32 36 33 35
41 38 39 40 38 39 40 37
35 26 35 27 32 27 32 26
33 28 32 27 34 25 35 26
33 29 32 29 32 28 33 28
36 28 34 30 33 29 35 27
24 13 27 16 26 17 23 14
26 13 29 13 29 14 26 14
14 35 14 38 13 38 13 35
14 34 17 34 17 35 14 35
14 33 14 34 13 34 13 33
