best-score: 718615
count: 64
elapsed-time: 4.551
45
21 12 21 13 20 13 20 12
22 13 21 14 20 13 21 12
22 14 21 14 21 13 22 13
20 14 19 13 20 12 21 13
19 14 19 13 20 13 20 14
22 9 21 8 22 7 23 8
13 17 14 17 14 18 13 18
13 19 12 18 13 17 14 18
12 19 12 18 13 18 13 19
20 9 19 10 21 12 22 11
20 7 22 7 22 9 20 9
19 8 20 7 21 8 20 9
21 10 21 8 19 8 19 10
24 12 22 14 21 13 23 11
23 9 23 11 22 11 22 9
13 15 13 17 11 17 11 15
13 10 10 13 7 10 10 7
17 6 19 8 15 12 13 10
7 16 10 13 11 14 8 17
21 18 20 18 20 14 21 14
18 15 19 14 22 17 21 18
16 9 20 13 19 14 15 10
16 12 16 9 20 9 20 12
24 10 24 12 21 12 21 10
22 10 23 11 24 10 23 9
22 21 22 17 19 17 19 21
19 18 22 21 21 22 18 19
13 12 13 10 15 10 15 12
16 15 14 17 11 14 13 12
15 15 15 12 16 12 16 15
13 13 15 15 13 17 11 15
10 12 10 13 13 13 13 12
13 9 16 12 13 15 10 12
23 15 20 18 19 17 22 14
16 19 18 19 18 15 16 15
15 20 13 18 14 17 16 19
14 14 14 17 19 17 19 14
7 9 7 10 13 10 13 9
6 10 7 9 10 12 9 13
6 16 6 10 7 10 7 16
8 18 6 16 9 13 11 15
11 18 8 18 8 17 11 17
8 21 11 18 12 19 9 22
10 22 9 22 9 13 10 13
19 23 8 23 8 21 19 21
