best-score: 833422
count: 4
elapsed-time: 4.625
225
15 18 15 17 14 17 14 18
14 23 13 24 14 25 15 24
14 24 13 24 13 23 14 23
15 25 15 24 14 24 14 25
14 26 13 25 14 24 15 25
13 26 13 25 14 25 14 26
14 13 15 13 15 14 14 14
15 12 14 13 13 12 14 11
16 12 15 12 15 11 16 11
14 12 15 13 16 12 15 11
13 13 14 13 14 12 13 12
15 23 14 23 14 22 15 22
16 24 16 23 15 23 15 24
16 26 15 25 16 24 17 25
15 26 15 25 16 25 16 26
14 27 13 26 14 25 15 26
15 27 14 27 14 26 15 26
14 10 15 10 15 11 14 11
15 9 16 10 15 11 14 10
16 9 16 10 15 10 15 9
17 10 16 11 15 10 16 9
13 9 13 10 14 10 14 9
15 19 14 18 15 17 16 18
16 19 15 19 15 18 16 18
20 11 21 10 22 11 21 12
21 11 21 12 20 12 20 11
22 10 22 11 21 11 21 10
20 13 21 14 20 15 19 14
19 13 19 12 20 12 20 13
18 13 19 13 19 14 18 14
18 11 17 12 18 13 19 12
18 12 17 12 17 11 18 11
19 11 20 12 19 13 18 12
22 22 21 22 21 21 22 21
23 21 22 22 21 21 22 20
28 14 28 15 27 15 27 14
27 16 26 15 27 14 28 15
26 16 26 15 27 15 27 16
27 10 27 9 28 9 28 10
10 20 9 20 9 19 10 19
8 20 9 21 10 20 9 19
8 21 8 20 9 20 9 21
11 15 12 16 11 17 10 16
11 16 10 16 10 15 11 15
12 17 12 16 11 16 11 17
12 15 11 16 12 17 13 16
13 15 13 16 12 16 12 15
12 14 13 13 14 14 13 15
10 14 11 15 12 14 11 13
9 25 10 25 10 26 9 26
8 24 9 23 10 24 9 25
16 13 15 12 16 11 17 12
17 13 16 13 16 12 17 12
17 15 16 14 17 13 18 14
18 16 17 17 16 16 17 15
16 22 17 23 16 24 15 23
17 22 17 23 16 23 16 22
16 21 17 22 16 23 15 22
15 21 16 21 16 22 15 22
14 20 15 21 14 22 13 21
14 21 13 21 13 20 14 20
13 22 14 21 15 22 14 23
12 23 13 23 13 22 12 22
17 26 18 27 19 26 18 25
18 26 17 26 17 25 18 25
19 27 19 26 18 26 18 27
17 27 18 28 19 27 18 26
16 28 15 27 16 26 17 27
22 23 21 22 22 21 23 22
23 23 22 23 22 22 23 22
23 20 23 21 22 21 22 20
15 15 14 14 15 13 16 14
16 15 15 15 15 14 16 14
17 14 16 15 15 14 16 13
18 15 17 14 18 13 19 14
17 16 18 16 18 15 17 15
16 17 17 17 17 16 16 16
17 18 16 19 15 18 16 17
16 27 15 26 16 25 17 26
15 28 16 28 16 27 15 27
14 16 15 15 16 16 15 17
13 17 14 17 14 16 13 16
17 24 16 25 15 24 16 23
25 12 25 11 26 11 26 12
26 27 25 28 24 27 25 26
25 13 24 12 25 11 26 12
24 13 24 12 25 12 25 13
11 14 11 15 12 15 12 14
10 13 11 14 10 15 9 14
9 13 10 13 10 14 9 14
8 14 9 13 10 14 9 15
8 15 8 14 9 14 9 15
17 28 17 27 18 27 18 28
16 29 15 28 16 27 17 28
17 29 16 29 16 28 17 28
16 30 15 29 16 28 17 29
15 30 15 29 16 29 16 30
15 16 16 15 17 16 16 17
14 15 15 16 14 17 13 16
13 14 14 13 15 14 14 15
12 13 13 14 12 15 11 14
11 12 12 11 13 12 12 13
10 12 11 12 11 13 10 13
8 12 9 13 10 12 9 11
8 13 8 12 9 12 9 13
7 14 8 13 9 14 8 15
7 13 8 13 8 14 7 14
10 11 9 12 10 13 11 12
12 12 11 13 10 12 11 11
13 11 13 12 12 12 12 11
12 10 13 9 14 10 13 11
10 10 11 11 12 10 11 9
11 10 11 11 10 11 10 10
12 9 12 10 11 10 11 9
13 8 14 9 13 10 12 9
12 8 13 8 13 9 12 9
12 19 14 17 15 18 13 20
13 19 12 19 12 17 13 17
12 18 13 17 14 18 13 19
10 18 11 19 12 18 11 17
11 18 11 19 10 19 10 18
11 20 10 19 11 18 12 19
10 21 11 20 13 22 12 23
9 22 8 21 9 20 10 21
10 22 9 22 9 21 10 21
8 22 9 23 10 22 9 21
8 23 8 22 9 22 9 23
11 24 10 25 8 23 9 22
11 25 11 24 13 24 13 25
13 27 12 28 10 26 11 25
14 28 13 27 14 26 15 27
13 28 13 27 14 27 14 28
14 29 13 28 14 27 15 28
23 13 21 11 22 10 24 12
23 14 23 13 24 13 24 14
25 16 23 14 24 13 26 15
27 18 29 18 29 19 27 19
26 19 24 17 25 16 27 18
27 20 27 19 26 19 26 20
28 20 28 22 27 22 27 20
27 21 26 20 27 19 28 20
25 23 27 21 28 22 26 24
24 24 25 24 25 23 24 23
24 22 23 23 24 24 25 23
25 19 23 21 24 22 26 20
27 17 27 16 29 16 29 17
28 16 27 17 26 16 27 15
28 13 27 14 25 12 26 11
26 13 26 12 28 12 28 13
25 15 26 15 26 13 25 13
26 14 25 15 24 14 25 13
27 13 28 14 27 15 26 14
27 11 26 12 27 13 28 12
26 10 26 11 27 11 27 10
24 8 26 10 25 11 23 9
26 21 27 22 25 24 24 23
25 20 26 19 27 20 26 21
23 19 23 20 25 20 25 19
21 19 22 20 23 19 22 18
19 19 21 19 21 21 19 21
18 18 20 16 21 17 19 19
19 16 19 18 18 18 18 16
19 15 20 15 20 16 19 16
20 14 19 15 18 14 19 13
21 15 21 14 20 14 20 15
22 16 21 15 23 13 24 14
23 17 22 18 21 17 22 16
24 18 23 17 25 15 26 16
23 18 23 17 24 17 24 18
22 19 23 19 23 18 22 18
21 20 22 19 23 20 22 21
11 21 11 20 10 20 10 21
12 20 13 21 12 22 11 21
11 22 11 24 10 24 10 22
12 21 12 22 11 22 11 21
17 19 16 18 17 17 18 18
18 20 16 22 15 21 17 19
20 20 19 21 18 20 19 19
20 22 18 22 18 20 20 20
19 23 18 22 19 21 20 22
19 24 17 24 17 23 19 23
19 20 17 22 19 24 21 22
21 18 19 20 17 18 19 16
22 17 22 18 21 18 21 17
23 16 23 17 22 17 22 16
23 15 25 15 25 16 23 16
17 21 16 21 16 19 17 19
19 30 17 28 18 27 20 29
19 8 20 9 18 11 17 10
18 19 18 18 17 18 17 19
20 26 19 26 19 24 20 24
19 9 20 9 20 11 19 11
18 8 19 9 17 11 16 10
18 9 18 8 19 8 19 9
12 25 11 24 12 23 13 24
21 25 20 24 22 22 23 23
24 21 24 22 23 22 23 21
24 19 23 20 24 21 25 20
23 10 25 12 24 13 22 11
22 9 22 10 23 10 23 9
21 8 22 9 21 10 20 9
25 21 26 21 26 20 25 20
26 26 25 26 25 24 26 24
24 28 26 26 27 27 25 29
24 29 24 28 25 28 25 29
22 31 20 29 22 27 24 29
21 24 21 22 20 22 20 24
23 24 23 25 21 25 21 24
22 25 21 24 22 23 23 24
22 28 22 27 24 27 24 28
21 29 19 27 20 26 22 28
27 26 27 27 26 27 26 26
12 29 9 26 10 25 13 28
13 29 12 29 12 28 13 28
14 30 13 29 14 28 15 29
13 30 13 29 14 29 14 30
14 31 13 30 14 29 15 30
15 31 14 31 14 30 15 30
10 27 10 26 13 26 13 27
18 31 22 31 22 28 18 28
17 32 15 30 16 29 18 31
20 32 17 32 17 29 20 29
21 31 20 32 17 29 18 28
21 26 21 29 20 29 20 26
23 26 22 27 21 26 22 25
