best-score: 733394
count: 11
elapsed-time: 4.679
143
20 14 21 15 20 16 19 15
21 14 20 14 20 13 21 13
22 15 22 14 21 14 21 15
22 13 21 14 22 15 23 14
23 13 23 14 22 14 22 13
22 12 23 13 22 14 21 13
21 12 22 12 22 13 21 13
23 12 22 13 21 12 22 11
20 11 21 12 20 13 19 12
20 12 20 11 21 11 21 12
19 13 20 13 20 12 19 12
23 11 23 12 22 12 22 11
22 10 23 11 22 12 21 11
21 10 22 10 22 11 21 11
19 20 18 19 19 18 20 19
19 19 20 19 20 20 19 20
18 20 19 19 20 20 19 21
18 21 18 20 19 20 19 21
14 14 15 13 16 14 15 15
15 14 14 14 14 13 15 13
16 15 16 14 15 14 15 15
16 9 17 10 16 11 15 10
16 23 17 23 17 24 16 24
17 9 18 8 19 9 18 10
18 9 18 10 17 10 17 9
18 18 19 18 19 19 18 19
9 20 8 20 8 19 9 19
11 16 12 15 13 16 12 17
12 16 12 17 11 17 11 16
13 15 13 16 12 16 12 15
11 22 11 21 12 21 12 22
12 23 11 22 12 21 13 22
13 23 12 23 12 22 13 22
14 22 13 23 12 22 13 21
13 11 13 12 12 12 12 11
12 10 13 11 12 12 11 11
11 10 12 10 12 11 11 11
10 9 11 8 12 9 11 10
12 20 13 20 13 21 12 21
14 20 13 21 12 20 13 19
11 9 11 8 12 8 12 9
13 9 12 10 11 9 12 8
13 10 12 10 12 9 13 9
14 11 13 12 12 11 13 10
15 11 14 11 14 10 15 10
14 12 13 11 14 10 15 11
13 13 14 13 14 12 13 12
12 14 13 13 14 14 13 15
14 21 14 22 13 22 13 21
14 23 13 22 14 21 15 22
15 23 14 23 14 22 15 22
16 22 17 23 16 24 15 23
14 19 14 20 13 20 13 19
15 20 14 21 13 20 14 19
15 21 14 21 14 20 15 20
16 21 16 22 15 22 15 21
17 22 16 23 15 22 16 21
15 9 14 10 13 9 14 8
16 10 16 9 15 9 15 10
17 11 17 10 16 10 16 11
16 12 15 11 16 10 17 11
15 12 15 11 16 11 16 12
16 13 15 14 14 13 15 12
17 12 17 13 16 13 16 12
10 10 10 9 11 9 11 10
25 20 24 21 23 20 24 19
20 15 20 16 19 16 19 15
19 14 20 13 21 14 20 15
16 8 17 9 16 10 15 9
17 8 17 9 16 9 16 8
18 7 19 8 18 9 17 8
19 7 19 8 18 8 18 7
11 14 12 15 14 13 13 12
11 15 11 14 12 14 12 15
10 16 11 15 12 16 11 17
9 16 9 15 10 15 10 16
9 14 8 15 9 16 10 15
8 14 9 14 9 15 8 15
24 8 24 10 22 10 22 8
22 24 22 23 24 23 24 24
21 17 19 19 18 18 20 16
17 18 18 19 16 21 15 20
18 17 18 18 17 18 17 17
15 16 17 18 18 17 16 15
15 18 13 18 13 16 15 16
14 17 15 18 14 19 13 18
14 15 13 16 14 17 15 16
13 14 13 15 14 15 14 14
12 13 12 14 13 14 13 13
10 12 10 13 12 13 12 12
9 13 10 12 12 14 11 15
10 14 10 13 9 13 9 14
17 19 18 20 16 22 15 21
16 18 17 17 18 18 17 19
16 20 15 20 15 18 16 18
18 16 16 14 17 13 19 15
19 17 19 16 18 16 18 17
21 18 21 17 19 17 19 18
22 21 20 19 21 18 23 20
23 21 22 21 22 20 23 20
18 15 16 13 17 12 19 14
18 14 19 14 19 15 18 15
16 16 18 16 18 15 16 15
20 17 19 18 18 17 19 16
23 16 21 18 20 17 22 15
17 20 17 19 18 19 18 20
17 21 16 21 16 20 17 20
18 22 18 21 17 21 17 22
9 12 9 10 10 10 10 12
8 13 9 12 10 13 9 14
8 12 9 12 9 13 8 13
7 13 8 12 9 13 8 14
7 14 7 13 8 13 8 14
9 11 10 10 11 11 10 12
10 22 8 20 9 19 11 21
19 11 19 12 17 12 17 11
20 10 21 11 20 12 19 11
21 7 19 9 20 10 22 8
18 12 17 11 18 10 19 11
19 10 20 10 20 11 19 11
20 9 21 10 20 11 19 10
21 9 21 10 20 10 20 9
18 11 17 10 18 9 19 10
20 8 20 9 19 9 19 8
21 25 18 22 19 21 22 24
21 24 18 21 19 20 22 23
17 25 21 25 21 24 17 24
19 23 22 23 22 21 19 21
12 18 15 15 16 16 13 19
12 19 12 18 13 18 13 19
11 18 12 17 13 18 12 19
10 19 8 17 9 16 11 18
10 20 10 19 12 19 12 20
9 22 10 22 10 20 9 20
15 19 12 16 13 15 16 18
8 18 8 17 11 17 11 18
7 17 9 15 10 16 8 18
7 15 8 15 8 17 7 17
11 20 12 19 13 20 12 21
10 21 9 20 10 19 11 20
10 23 9 22 10 21 11 22
11 23 10 23 10 22 11 22
25 16 25 20 23 20 23 16
