best-score: 703447
count: 11
elapsed-time: 4.72
82
24 20 25 21 24 22 23 21
14 36 14 34 12 34 12 36
10 36 12 38 14 36 12 34
10 38 10 36 12 36 12 38
21 40 19 38 21 36 23 38
28 31 26 29 28 27 30 29
19 19 20 20 18 22 17 21
17 29 18 29 18 31 17 31
14 32 15 32 15 34 14 34
11 14 12 13 15 16 14 17
18 38 14 34 17 31 21 35
25 40 21 40 21 36 25 36
27 38 25 40 23 38 25 36
29 14 32 17 28 21 25 18
26 30 26 29 30 29 30 30
25 23 22 26 26 30 29 27
27 21 27 23 25 23 25 21
27 17 28 17 28 21 27 21
20 19 24 19 24 20 20 20
19 17 19 19 20 19 20 17
17 19 19 17 23 21 21 23
19 21 19 19 17 19 17 21
24 35 25 36 29 32 28 31
29 31 28 31 28 27 29 27
25 35 22 32 26 28 29 31
21 24 25 24 25 23 21 23
23 18 23 21 25 21 25 18
24 17 25 18 24 19 23 18
31 24 28 27 25 24 28 21
28 24 28 21 31 21 31 24
25 27 28 27 28 24 25 24
24 26 27 23 28 24 25 27
22 22 22 26 24 26 24 22
16 34 14 32 17 29 19 31
16 38 15 38 15 34 16 34
18 36 16 38 14 36 16 34
19 36 19 38 18 38 18 36
19 35 21 35 21 36 19 36
18 35 18 31 19 31 19 35
12 35 15 38 18 35 15 32
21 28 14 28 14 24 21 24
21 29 21 28 26 28 26 29
18 26 21 23 24 26 21 29
13 26 13 22 18 22 18 26
10 29 13 26 18 31 15 34
10 21 17 21 17 29 10 29
7 24 10 21 18 29 15 32
7 17 14 17 14 24 7 24
10 14 17 21 14 24 7 17
16 23 20 19 25 24 21 28
16 32 22 32 22 34 16 34
33 17 27 23 25 21 31 15
33 15 37 15 37 17 33 17
25 7 33 15 27 21 19 13
36 16 31 21 27 17 32 12
38 16 37 17 36 16 37 15
38 21 36 21 36 16 38 16
19 23 22 26 17 31 14 28
21 21 21 23 19 23 19 21
24 32 22 34 19 31 21 29
25 32 25 35 24 35 24 32
22 35 18 31 21 28 25 32
28 12 28 17 32 17 32 12
29 13 21 21 20 20 28 12
35 35 34 36 29 31 30 30
35 31 37 31 37 35 35 35
38 28 35 31 28 24 31 21
25 28 26 29 19 36 18 35
32 21 25 28 21 24 28 17
33 21 32 21 32 17 33 17
33 22 33 21 36 21 36 22
39 28 37 30 31 24 33 22
35 14 35 16 29 16 29 14
39 18 36 21 32 17 35 14
14 13 14 17 19 17 19 13
16 30 16 32 15 32 15 30
19 30 16 30 16 23 19 23
26 31 26 30 19 30 19 31
39 23 39 28 38 28 38 23
34 35 34 36 25 36 25 35
39 7 39 18 25 18 25 7
37 5 39 7 31 15 29 13
