best-score: 675027
count: 4
elapsed-time: 4.51
143
41 42 42 43 41 44 40 43
41 35 41 34 40 34 40 35
41 43 42 43 42 44 41 44
40 42 40 43 41 43 41 42
42 42 41 43 40 42 41 41
42 41 42 42 41 42 41 41
19 21 20 21 20 22 19 22
34 15 33 16 32 15 33 14
21 25 21 26 20 26 20 25
17 43 16 44 14 42 15 41
33 25 34 24 36 26 35 27
25 24 25 22 23 22 23 24
25 20 23 22 25 24 27 22
27 20 27 22 25 22 25 20
22 23 23 24 21 26 20 25
21 20 20 21 22 23 23 22
21 18 20 19 21 20 22 19
38 20 39 19 41 21 40 22
17 20 18 19 20 21 19 22
35 14 35 16 33 16 33 14
36 15 35 16 34 15 35 14
22 21 20 21 20 19 22 19
20 35 22 35 22 34 20 34
22 32 20 34 18 32 20 30
22 18 24 20 26 18 24 16
28 18 28 19 30 19 30 18
26 17 26 18 28 18 28 17
25 18 26 17 28 19 27 20
24 18 25 18 25 20 24 20
22 16 22 18 24 18 24 16
21 13 20 14 22 16 23 15
18 35 18 32 14 32 14 35
20 39 17 36 18 35 21 38
18 39 18 35 20 35 20 39
24 37 20 41 18 39 22 35
26 41 26 37 24 37 24 41
25 40 26 41 25 42 24 41
12 37 14 35 18 39 16 41
12 35 14 35 14 37 12 37
35 31 35 27 34 27 34 31
37 29 35 31 33 29 35 27
37 32 33 32 33 29 37 29
38 31 41 34 40 35 37 32
36 25 34 27 38 31 40 29
37 26 37 25 36 25 36 26
40 26 40 29 37 29 37 26
40 24 44 24 44 26 40 26
39 22 39 24 40 24 40 22
34 23 36 25 39 22 37 20
33 22 34 23 32 25 31 24
36 19 33 22 30 19 33 16
36 22 36 19 39 19 39 22
38 24 37 25 35 23 36 22
37 24 37 20 38 20 38 24
31 27 34 27 34 24 31 24
28 24 30 22 33 25 31 27
25 27 28 27 28 24 25 24
27 23 24 26 25 27 28 24
30 23 27 23 27 22 30 22
28 25 25 22 27 20 30 23
34 19 34 15 36 15 36 19
35 24 35 23 34 23 34 24
24 13 27 16 26 17 23 14
27 13 27 16 24 16 24 13
26 12 27 13 24 16 23 15
20 15 20 14 23 14 23 15
18 15 20 15 20 19 18 19
25 37 22 34 23 33 26 36
38 33 35 33 35 31 38 31
42 24 40 26 38 24 40 22
38 30 37 29 40 26 41 27
39 31 36 34 35 33 38 30
38 39 39 38 42 41 41 42
39 41 41 41 41 38 39 38
15 44 15 41 16 41 16 44
28 44 27 43 31 39 32 40
26 44 26 41 28 41 28 44
24 25 25 24 28 27 27 28
32 29 32 25 33 25 33 29
31 30 32 29 34 31 33 32
28 30 28 27 31 27 31 30
30 32 28 30 31 27 33 29
34 36 31 39 27 35 30 32
38 36 38 39 34 39 34 36
36 38 34 36 36 34 38 36
39 34 39 38 36 38 36 34
40 31 40 34 39 34 39 31
44 31 40 31 40 29 44 29
45 30 44 31 43 30 44 29
17 26 20 26 20 30 17 30
17 18 21 18 21 20 17 20
21 16 18 19 17 18 20 15
22 13 22 16 21 16 21 13
16 26 20 22 24 26 20 30
35 42 35 38 36 38 36 42
33 19 33 22 30 22 30 19
32 20 30 18 31 17 33 19
31 21 32 20 35 23 34 24
27 19 30 22 31 21 28 18
28 20 28 19 27 19 27 20
30 27 32 25 34 27 32 29
28 21 31 21 31 24 28 24
31 14 31 17 28 17 28 14
30 13 31 14 28 17 27 16
39 30 39 31 38 31 38 30
39 37 38 36 40 34 41 35
35 17 38 20 36 22 33 19
35 21 31 21 31 17 35 17
19 32 14 37 12 35 17 30
44 19 39 24 34 19 39 14
39 44 34 39 35 38 40 43
49 30 41 38 34 31 42 23
26 31 26 36 34 36 34 31
23 28 26 31 22 35 19 32
27 33 27 28 23 28 23 33
21 39 14 32 20 26 27 33
22 48 17 43 21 39 26 44
41 23 35 23 35 21 41 21
22 43 22 35 27 35 27 43
17 48 22 48 22 43 17 43
15 46 20 41 22 43 17 48
32 33 25 40 20 35 27 28
32 35 27 35 27 33 32 33
40 40 40 35 32 35 32 40
30 34 22 34 22 32 30 32
19 25 19 32 18 32 18 25
20 24 21 25 20 26 19 25
19 24 20 24 20 25 19 25
14 22 14 24 19 24 19 22
19 26 18 25 19 24 20 25
16 20 16 26 17 26 17 20
21 41 21 39 20 39 20 41
32 42 25 42 25 40 32 40
35 45 32 42 36 38 39 41
32 45 32 42 35 42 35 45
31 38 28 41 32 45 35 42
44 14 44 19 39 19 39 14
27 36 26 37 16 27 17 26
17 12 26 12 26 17 17 17
19 10 22 13 20 15 17 12
21 37 21 26 24 26 24 37
18 34 25 27 28 30 21 37
14 38 21 38 21 37 14 37
