best-score: 707792
count: 8
elapsed-time: 4.586
141
17 16 18 16 18 17 17 17
19 16 18 17 17 16 18 15
19 27 18 27 18 26 19 26
20 26 19 27 18 26 19 25
16 18 17 19 18 18 17 17
15 19 16 19 16 18 15 18
15 17 14 18 15 19 16 18
14 17 15 17 15 18 14 18
15 16 16 17 15 18 14 17
16 16 16 17 15 17 15 16
14 16 15 17 16 16 15 15
14 15 15 15 15 16 14 16
13 14 14 13 15 14 14 15
19 15 19 16 18 16 18 15
17 27 16 26 17 25 18 26
21 10 21 9 22 9 22 10
21 15 20 14 21 13 22 14
17 15 18 16 17 17 16 16
16 15 17 15 17 16 16 16
13 16 14 16 14 17 13 17
13 19 12 18 13 17 14 18
14 14 14 13 15 13 15 14
13 15 14 15 14 14 13 14
12 16 13 15 14 16 13 17
11 15 12 16 11 17 10 16
12 15 12 16 13 16 13 15
14 26 13 27 12 26 13 25
15 25 16 26 15 27 14 26
12 25 13 25 13 26 12 26
14 27 14 26 13 26 13 27
16 14 16 15 15 15 15 14
16 12 15 13 16 14 17 13
15 12 15 11 16 11 16 12
14 11 15 12 14 13 13 12
24 20 23 19 24 18 25 19
26 25 26 26 25 26 25 25
18 19 18 18 17 18 17 19
19 18 18 19 17 18 18 17
20 18 20 19 19 19 19 18
19 17 20 18 19 19 18 18
20 16 19 17 18 16 19 15
20 17 19 17 19 16 20 16
21 18 20 19 19 18 20 17
11 21 11 22 10 22 10 21
9 22 10 21 11 22 10 23
9 23 9 22 10 22 10 23
11 8 12 9 11 10 10 9
10 8 11 8 11 9 10 9
9 25 10 25 10 26 9 26
8 26 9 25 10 26 9 27
8 27 8 26 9 26 9 27
11 11 11 10 12 10 12 11
10 10 11 9 12 10 11 11
21 17 21 18 20 18 20 17
22 16 21 17 20 16 21 15
24 19 24 18 23 18 23 19
25 20 25 19 24 19 24 20
16 25 17 24 19 26 18 27
15 26 16 26 16 25 15 25
14 25 15 26 14 27 13 26
22 20 20 18 21 17 23 19
19 13 19 15 21 15 21 13
18 14 19 13 20 14 19 15
17 14 18 14 18 15 17 15
16 13 17 14 16 15 15 14
17 12 16 13 15 12 16 11
19 12 19 13 17 13 17 12
19 8 17 10 19 12 21 10
21 8 21 9 19 9 19 8
16 24 17 24 17 25 16 25
18 24 17 25 16 24 17 23
13 23 15 25 16 24 14 22
12 24 10 22 11 21 13 23
10 24 12 24 12 25 10 25
8 24 9 25 10 24 9 23
12 13 14 13 14 11 12 11
11 14 12 13 13 14 12 15
11 12 13 12 13 14 11 14
10 11 11 10 12 11 11 12
10 12 10 11 11 11 11 12
16 20 14 22 13 21 15 19
17 20 16 20 16 19 17 19
15 21 13 21 13 19 15 19
11 19 13 19 13 17 11 17
10 18 11 17 12 18 11 19
14 23 14 25 13 25 13 23
26 20 26 22 25 22 25 20
27 23 25 25 24 24 26 22
29 22 27 24 25 22 27 20
20 13 18 15 17 14 19 12
18 23 18 24 17 24 17 23
22 26 22 25 20 25 20 26
9 15 9 17 11 17 11 15
8 16 9 15 10 16 9 17
8 18 8 16 10 16 10 18
9 19 8 18 9 17 10 18
9 20 9 19 11 19 11 20
10 19 11 20 10 21 9 20
19 23 18 23 18 19 19 19
20 23 20 25 19 25 19 23
23 23 20 23 20 19 23 19
21 25 23 23 24 24 22 26
20 24 19 25 18 24 19 23
25 17 21 17 21 15 25 15
23 15 25 17 24 18 22 16
25 12 24 13 21 10 22 9
18 12 21 9 22 10 19 13
23 24 22 25 20 23 21 22
24 26 24 24 23 24 23 26
25 27 24 26 25 25 26 26
24 27 24 26 25 26 25 27
24 25 23 26 24 27 25 26
12 20 16 20 16 24 12 24
10 20 11 21 12 20 11 19
13 22 16 19 17 20 14 23
11 23 13 23 13 22 11 22
18 8 15 11 16 12 19 9
17 22 17 23 14 23 14 22
16 23 17 22 18 23 17 24
13 20 16 23 14 25 11 22
9 18 10 19 13 16 12 15
28 17 25 20 24 19 27 16
28 19 25 19 25 17 28 17
21 20 21 22 17 22 17 20
23 22 20 25 18 23 21 20
20 22 19 23 16 20 17 19
26 16 27 16 27 20 26 20
24 23 27 23 27 24 24 24
25 24 24 25 23 24 24 23
29 25 26 25 26 22 29 22
24 21 25 22 24 23 23 22
22 21 22 20 24 20 24 21
26 14 26 16 22 16 22 14
27 15 26 16 25 15 26 14
22 18 22 20 21 20 21 18
27 12 27 15 25 15 25 12
21 12 20 13 27 20 28 19
19 10 19 12 21 12 21 10
17 9 17 10 19 10 19 9
24 12 24 13 21 13 21 12
25 13 23 15 22 14 24 12
