best-score: 662777
count: 16
elapsed-time: 4.69
76
8 16 9 17 10 16 9 15
17 17 17 18 18 18 18 17
16 18 17 17 18 18 17 19
16 19 16 18 17 18 17 19
14 19 15 20 16 19 15 18
12 19 13 20 14 19 13 18
23 26 23 25 24 25 24 26
14 13 15 13 15 12 14 12
15 14 14 15 13 14 14 13
16 25 15 26 14 25 15 24
27 18 27 19 26 19 26 18
13 15 11 17 10 16 12 14
14 14 14 15 13 15 13 14
13 13 14 12 15 13 14 14
12 13 13 13 13 14 12 14
13 12 12 13 10 11 11 10
14 11 15 12 14 13 13 12
13 11 14 11 14 12 13 12
10 21 10 19 12 19 12 21
20 15 18 15 18 13 20 13
16 15 18 17 20 15 18 13
16 17 14 17 14 15 16 15
15 16 16 17 15 18 14 17
13 16 15 16 15 18 13 18
12 17 13 16 14 17 13 18
14 21 14 19 16 19 16 21
15 22 14 21 15 20 16 21
13 22 13 20 15 20 15 22
11 22 12 23 13 22 12 21
23 14 21 16 20 15 22 13
24 23 26 23 26 25 24 25
14 23 14 21 12 21 12 23
14 24 14 23 15 23 15 24
13 24 14 24 14 25 13 25
11 24 11 22 13 22 13 24
12 25 11 24 12 23 13 24
16 23 15 24 14 23 15 22
11 15 11 17 9 17 9 15
16 22 16 23 15 23 15 22
8 19 10 19 10 16 8 16
10 17 12 19 10 21 8 19
9 16 12 13 13 14 10 17
24 22 24 23 21 23 21 22
23 21 26 18 27 19 24 22
20 23 21 22 24 25 23 26
21 26 21 23 20 23 20 26
23 28 21 26 24 23 26 25
21 28 21 26 23 26 23 28
22 21 21 22 17 18 18 17
22 25 22 21 23 21 23 25
17 10 15 12 18 15 20 13
19 27 15 23 16 22 20 26
7 13 11 9 13 11 9 15
27 10 27 9 23 9 23 10
31 14 27 18 23 14 27 10
9 23 12 23 12 25 9 25
31 17 23 17 23 14 31 14
32 18 24 26 23 25 31 17
14 30 10 26 17 19 21 23
16 30 14 30 14 25 16 25
15 27 10 27 10 26 15 26
16 26 15 27 13 25 14 24
21 21 21 22 16 22 16 21
22 16 22 21 21 21 21 16
12 18 16 22 22 16 18 12
13 19 13 18 12 18 12 19
29 15 26 18 20 12 23 9
17 14 17 10 23 10 23 14
17 16 15 16 15 14 17 14
17 9 17 10 11 10 11 9
16 8 17 9 14 12 13 11
11 18 11 17 12 17 12 18
32 10 32 18 27 18 27 10
8 18 14 24 15 23 9 17
30 12 21 21 18 18 27 9
30 13 22 13 22 12 30 12
