best-score: 915072
count: 27
elapsed-time: 4.619
83
19 24 18 23 19 22 20 23
21 14 22 13 23 14 22 15
21 15 21 14 22 14 22 15
21 13 20 14 21 15 22 14
20 13 21 13 21 14 20 14
20 10 21 11 22 10 21 9
21 16 22 15 23 16 22 17
22 16 22 17 21 17 21 16
23 15 23 16 22 16 22 15
24 14 23 15 22 14 23 13
24 15 23 15 23 14 24 14
10 20 11 21 10 22 9 21
22 12 21 13 20 12 21 11
21 12 22 12 22 13 21 13
20 11 20 12 21 12 21 11
19 12 20 11 21 12 20 13
19 13 19 12 20 12 20 13
20 16 21 15 22 16 21 17
20 15 21 15 21 16 20 16
19 14 20 13 21 14 20 15
19 15 19 14 20 14 20 15
18 14 19 13 20 14 19 15
18 13 19 13 19 14 18 14
18 16 19 15 20 16 19 17
17 16 16 15 18 13 19 14
18 18 18 16 17 16 17 18
20 18 19 19 18 18 19 17
22 18 21 19 20 18 21 17
22 19 21 19 21 18 22 18
23 18 22 19 21 18 22 17
19 21 19 19 21 19 21 21
17 22 19 22 19 21 17 21
23 17 23 18 22 18 22 17
24 16 23 17 22 16 23 15
24 17 23 17 23 16 24 16
25 16 24 17 23 16 24 15
11 19 11 21 9 21 9 19
10 18 11 19 10 20 9 19
13 19 11 19 11 18 13 18
20 17 21 17 21 18 20 18
19 16 19 17 20 17 20 16
18 19 17 18 19 16 20 17
19 18 19 19 18 19 18 18
19 23 17 21 19 19 21 21
18 24 19 24 19 23 18 23
25 15 25 16 24 16 24 15
24 18 23 19 22 18 23 17
24 19 23 19 23 18 24 18
25 18 24 19 23 18 24 17
20 22 20 23 19 23 19 22
18 15 18 16 19 16 19 15
16 14 16 15 18 15 18 14
25 17 25 18 24 18 24 17
26 16 25 17 24 16 25 15
26 17 25 17 25 16 26 16
15 19 18 19 18 23 15 23
13 17 16 14 18 16 15 19
14 18 14 17 13 17 13 18
14 21 14 18 17 18 17 21
14 15 11 18 14 21 17 18
16 17 16 15 14 15 14 17
13 21 15 19 17 21 15 23
9 10 9 7 7 7 7 10
10 9 11 10 10 11 9 10
12 9 10 9 10 8 12 8
16 9 16 12 12 12 12 9
15 10 16 9 19 12 18 13
23 23 22 23 22 19 23 19
25 21 23 23 21 21 23 19
18 21 17 22 13 18 14 17
17 11 16 12 12 8 13 7
18 10 20 12 19 13 17 11
20 9 20 10 18 10 18 9
15 13 15 10 18 10 18 13
17 13 16 14 15 13 16 12
5 13 10 18 15 13 10 8
5 17 5 13 7 13 7 17
12 13 7 13 7 12 12 12
7 14 9 16 12 13 10 11
2 12 7 7 12 12 7 17
2 10 7 10 7 12 2 12
11 16 9 16 9 10 11 10
16 26 11 21 13 19 18 24
