best-score: 787007
count: 5
elapsed-time: 4.911
154
19 10 18 11 19 12 20 11
20 28 21 29 20 30 19 29
19 28 20 28 20 29 19 29
15 13 14 14 15 15 16 14
15 11 14 12 15 13 16 12
15 12 14 12 14 11 15 11
16 13 16 12 15 12 15 13
31 27 30 26 31 25 32 26
31 15 30 14 31 13 32 14
13 31 14 31 14 32 13 32
13 33 12 32 13 31 14 32
12 33 12 32 13 32 13 33
14 33 13 34 12 33 13 32
14 34 13 34 13 33 14 33
15 14 15 15 14 15 14 14
14 13 15 12 16 13 15 14
13 13 14 13 14 14 13 14
12 12 13 11 14 12 13 13
13 12 12 12 12 11 13 11
13 10 12 11 13 12 14 11
14 10 14 11 13 11 13 10
13 29 14 30 13 31 12 30
12 31 11 31 11 30 12 30
13 30 14 31 13 32 12 31
12 29 12 30 13 30 13 29
31 26 31 25 32 25 32 26
32 27 31 26 32 25 33 26
33 27 32 27 32 26 33 26
19 21 20 22 21 21 20 20
21 20 20 20 20 19 21 19
21 23 20 24 21 25 22 24
21 24 21 23 22 23 22 24
20 25 21 25 21 24 20 24
21 30 20 30 20 29 21 29
21 28 20 29 21 30 22 29
22 28 22 29 21 29 21 28
33 33 34 33 34 32 33 32
34 34 33 33 34 32 35 33
35 34 34 34 34 33 35 33
31 28 31 27 32 27 32 28
12 13 13 12 14 13 13 14
30 27 30 26 31 26 31 27
18 29 16 27 17 26 19 28
21 14 20 15 18 13 19 12
19 23 19 21 21 21 21 23
26 20 24 18 25 17 27 19
26 19 27 19 27 20 26 20
17 16 16 17 14 15 15 14
17 17 16 17 16 16 17 16
18 16 17 17 16 16 17 15
32 16 30 16 30 14 32 14
31 17 30 16 31 15 32 16
33 15 33 17 31 17 31 15
34 12 32 14 33 15 35 13
29 18 30 17 32 19 31 20
28 17 29 18 27 20 26 19
28 16 30 16 30 17 28 17
24 31 23 32 25 34 26 33
12 17 11 16 13 14 14 15
33 30 31 28 32 27 34 29
32 35 31 34 33 32 34 33
34 35 32 35 32 34 34 34
30 30 29 29 31 27 32 28
29 25 29 23 31 23 31 25
29 27 28 26 29 25 30 26
30 29 30 27 29 27 29 29
29 28 30 27 31 28 30 29
18 15 18 16 17 16 17 15
20 13 20 15 18 15 18 13
26 18 26 19 24 19 24 18
33 29 34 29 34 27 33 27
34 28 33 29 32 28 33 27
34 16 33 17 32 16 33 15
18 27 18 29 16 29 16 27
16 10 16 12 19 12 19 10
15 9 16 10 15 11 14 10
18 9 18 11 15 11 15 9
17 8 18 9 15 12 14 11
25 10 27 12 23 16 21 14
28 18 32 22 31 23 27 19
27 13 25 15 28 18 30 16
31 12 31 13 27 13 27 12
13 19 12 18 15 15 16 16
32 37 28 33 30 31 34 35
33 31 33 30 30 30 30 31
30 34 26 30 29 27 33 31
30 20 30 17 31 17 31 20
22 12 25 15 21 19 18 16
17 32 17 33 14 33 14 32
13 18 13 19 12 19 12 18
16 21 15 22 12 19 13 18
17 20 21 24 20 25 16 21
17 22 17 20 20 20 20 22
17 23 15 23 15 22 17 22
19 26 19 23 17 23 17 26
22 27 21 28 19 26 20 25
26 24 26 27 22 27 22 24
24 26 26 24 28 26 26 28
28 22 28 26 24 26 24 22
29 22 28 22 28 18 29 18
34 23 32 25 29 22 31 20
15 26 16 27 13 30 12 29
34 20 34 23 31 23 31 20
32 18 33 17 35 19 34 20
33 19 33 18 32 18 32 19
21 18 20 19 17 16 18 15
24 14 24 18 21 18 21 14
21 33 21 35 17 35 17 33
24 33 21 33 21 31 24 31
25 33 25 34 24 34 24 33
25 30 26 30 26 33 25 33
23 28 25 30 24 31 22 29
18 34 17 33 20 30 21 31
22 30 25 33 24 34 21 31
23 29 22 30 21 29 22 28
26 29 23 29 23 28 26 28
29 30 29 29 26 29 26 30
31 30 30 31 29 30 30 29
36 29 33 32 31 30 34 27
36 32 34 32 34 29 36 29
24 21 21 18 23 16 26 19
28 25 26 27 22 23 24 21
29 24 31 26 30 27 28 25
24 20 24 21 21 21 21 20
23 30 22 30 22 29 23 29
34 15 33 15 33 12 34 12
26 17 26 18 28 18 28 17
29 31 30 30 33 33 32 34
29 34 29 31 30 31 30 34
26 15 26 17 25 17 25 15
18 30 13 25 14 24 19 29
19 30 18 30 18 29 19 29
16 31 17 32 19 30 18 29
20 10 25 10 25 11 20 11
21 11 17 15 16 14 20 10
16 30 16 31 14 31 14 30
17 37 14 34 18 30 21 33
25 6 31 12 26 17 20 11
13 22 20 15 24 19 17 26
15 19 15 22 13 22 13 19
9 25 15 19 19 23 13 29
9 22 13 22 13 25 9 25
24 36 21 33 26 28 29 31
18 36 18 34 24 34 24 36
28 21 22 27 23 28 29 22
31 22 29 24 24 19 26 17
31 10 26 15 28 17 33 12
33 10 33 12 31 12 31 10
36 13 34 15 31 12 33 10
36 19 35 19 35 13 36 13
35 26 33 26 33 19 35 19
34 25 35 26 34 27 33 26
31 6 31 10 25 10 25 6
21 37 21 35 32 35 32 37
