best-score: 767385
count: 7
elapsed-time: 4.854
167
20 13 19 14 18 13 19 12
18 12 18 11 19 11 19 12
17 11 18 12 17 13 16 12
18 10 18 11 17 11 17 10
15 13 15 12 16 12 16 13
21 11 22 12 23 11 22 10
21 12 21 11 22 11 22 12
21 10 20 11 21 12 22 11
20 10 21 10 21 11 20 11
20 12 19 11 20 10 21 11
19 13 20 13 20 12 19 12
18 14 19 14 19 13 18 13
16 14 17 15 18 14 17 13
14 14 15 15 16 14 15 13
21 25 22 26 23 25 22 24
21 24 22 24 22 25 21 25
24 20 23 19 24 18 25 19
29 24 29 23 30 23 30 24
9 11 10 10 11 11 10 12
12 10 11 11 12 12 13 11
23 10 23 11 22 11 22 10
24 11 23 12 22 11 23 10
24 12 23 12 23 11 24 11
24 10 23 11 24 12 25 11
25 10 25 11 24 11 24 10
25 12 24 11 25 10 26 11
26 12 25 12 25 11 26 11
26 10 25 11 26 12 27 11
23 26 23 25 22 25 22 26
22 13 21 14 20 13 21 12
23 13 23 14 22 14 22 13
21 13 22 14 23 13 22 12
20 14 21 14 21 13 20 13
19 15 18 14 19 13 20 14
20 15 19 15 19 14 20 14
19 16 18 15 19 14 20 15
18 16 18 15 19 15 19 16
20 16 19 17 18 16 19 15
20 17 19 17 19 16 20 16
19 10 20 11 19 12 18 11
17 14 17 13 16 13 16 14
17 12 16 13 17 14 18 13
16 11 17 10 18 11 17 12
15 10 16 11 15 12 14 11
24 13 23 14 22 13 23 12
25 13 24 13 24 12 25 12
24 14 23 13 24 12 25 13
25 14 24 13 25 12 26 13
26 14 25 14 25 13 26 13
27 13 26 14 25 13 26 12
28 13 28 14 27 14 27 13
27 12 28 13 27 14 26 13
28 11 27 12 26 11 27 10
28 12 27 12 27 11 28 11
29 13 28 14 27 13 28 12
29 12 29 13 28 13 28 12
30 13 29 14 28 13 29 12
30 14 29 14 29 13 30 13
29 10 30 11 29 12 28 11
15 17 16 18 18 16 17 15
15 18 15 17 16 17 16 18
15 19 13 19 13 18 15 18
14 18 15 19 14 20 13 19
15 16 16 17 18 15 17 14
17 16 15 16 15 15 17 15
14 10 13 11 15 13 16 12
13 10 14 10 14 11 13 11
16 29 14 27 15 26 17 28
16 28 17 28 17 29 16 29
16 20 15 19 16 18 17 19
16 22 14 22 14 20 16 20
23 16 23 14 24 14 24 16
22 17 20 15 21 14 23 16
21 28 23 26 25 28 23 30
19 30 17 28 19 26 21 28
21 30 19 30 19 28 21 28
23 28 23 26 25 26 25 28
21 26 23 28 21 30 19 28
20 25 21 24 22 25 21 26
20 26 20 25 21 25 21 26
20 24 19 25 20 26 21 25
20 23 21 23 21 24 20 24
23 22 21 24 20 23 22 21
23 21 23 19 25 19 25 21
22 22 23 22 23 21 22 21
23 23 22 24 21 23 22 22
28 21 27 22 29 24 30 23
12 13 10 13 10 12 12 12
14 13 14 14 12 14 12 13
15 14 14 13 15 12 16 13
14 15 15 15 15 14 14 14
12 17 14 15 15 16 13 18
11 24 11 26 10 26 10 24
25 18 25 16 24 16 24 18
27 18 27 19 25 19 25 18
29 16 27 18 25 16 27 14
28 16 28 14 29 14 29 16
26 18 24 16 26 14 28 16
26 20 25 19 26 18 27 19
24 22 23 21 24 20 25 21
26 22 24 22 24 20 26 20
27 21 26 22 25 21 26 20
28 22 28 21 27 21 27 22
29 19 27 21 28 22 30 20
24 23 23 23 23 22 24 22
23 24 24 23 26 25 25 26
22 23 22 24 23 24 23 23
21 22 21 23 22 23 22 22
27 16 25 18 23 16 25 14
28 18 28 16 27 16 27 18
30 18 29 19 28 18 29 17
28 20 30 20 30 18 28 18
11 12 13 10 14 11 12 13
22 18 20 16 22 14 24 16
20 18 20 17 22 17 22 18
18 20 17 19 19 17 20 18
22 20 22 18 24 18 24 20
21 21 22 20 23 21 22 22
21 20 22 20 22 21 21 21
22 28 21 28 21 26 22 26
22 30 22 28 23 28 23 30
19 24 19 25 20 25 20 24
18 25 19 24 20 25 19 26
18 26 18 25 19 25 19 26
19 27 17 29 16 28 18 26
21 29 19 27 20 26 22 28
20 27 19 27 19 26 20 26
26 16 26 14 27 14 27 16
22 16 24 18 26 16 24 14
23 17 23 16 22 16 22 17
21 16 21 14 22 14 22 16
31 15 29 17 28 16 30 14
18 18 18 20 16 20 16 18
17 27 17 28 19 28 19 27
21 19 22 20 23 19 22 18
17 21 18 20 21 23 20 24
15 21 15 19 17 19 17 21
13 21 14 22 15 21 14 20
15 23 15 21 13 21 13 23
14 24 13 23 14 22 15 23
17 24 17 27 14 27 14 24
19 21 19 24 17 24 17 21
12 16 15 16 15 17 12 17
10 14 12 12 14 14 12 16
10 16 10 14 12 14 12 16
8 14 10 12 12 14 10 16
8 13 10 13 10 14 8 14
13 20 11 22 15 26 17 24
26 24 26 25 23 25 23 24
27 25 26 24 28 22 29 23
25 25 23 23 24 22 26 24
28 19 24 23 23 22 27 18
27 32 23 28 25 26 29 30
27 24 26 24 26 22 27 22
29 25 29 24 27 24 27 25
26 28 23 25 26 22 29 25
27 28 26 28 26 25 27 25
14 19 15 18 20 23 19 24
12 19 13 20 14 19 13 18
12 20 12 19 13 19 13 20
9 17 10 16 13 19 12 20
9 19 9 17 12 17 12 19
6 22 9 19 13 23 10 26
9 23 12 20 13 21 10 24
12 25 11 24 19 16 20 17
13 28 11 26 12 25 14 27
9 28 9 23 13 23 13 28
