best-score: 649305
count: 3
elapsed-time: 4.82
260
26 31 27 30 28 31 27 32
26 32 26 31 27 31 27 32
25 33 26 33 26 32 25 32
25 31 24 32 25 33 26 32
24 31 25 31 25 32 24 32
25 30 26 31 25 32 24 31
26 30 26 31 25 31 25 30
25 29 26 30 25 31 24 30
24 29 25 29 25 30 24 30
26 21 27 22 26 23 25 22
26 22 26 21 27 21 27 22
25 23 26 23 26 22 25 22
28 30 28 31 27 31 27 30
27 29 28 30 27 31 26 30
26 29 27 29 27 30 26 30
25 28 26 29 25 30 24 29
27 33 26 32 27 31 28 32
28 33 27 33 27 32 28 32
27 34 26 33 27 32 28 33
26 34 26 33 27 33 27 34
28 34 27 35 26 34 27 33
28 35 27 35 27 34 28 34
29 36 29 35 28 35 28 36
29 34 28 35 29 36 30 35
30 34 30 35 29 35 29 34
29 33 30 34 29 35 28 34
27 37 26 36 27 35 28 36
28 38 27 39 26 38 27 37
28 39 28 38 29 38 29 39
33 14 33 13 34 13 34 14
32 15 31 14 32 13 33 14
33 22 33 21 34 21 34 22
34 23 33 24 32 23 33 22
33 20 34 21 33 22 32 21
32 20 33 20 33 21 32 21
33 29 32 29 32 28 33 28
33 27 32 28 33 29 34 28
34 27 34 28 33 28 33 27
34 30 33 31 32 30 33 29
33 23 33 24 32 24 32 23
32 22 33 23 32 24 31 23
31 21 32 20 33 21 32 22
30 22 31 22 31 21 30 21
31 24 30 23 31 22 32 23
30 24 30 23 31 23 31 24
29 23 30 22 31 23 30 24
29 22 30 22 30 23 29 23
15 13 14 14 15 15 16 14
14 16 15 15 16 16 15 17
27 18 27 19 26 19 26 18
25 35 24 34 25 33 26 34
30 30 29 31 28 30 29 29
30 31 29 31 29 30 30 30
31 31 31 32 30 32 30 31
31 29 30 30 31 31 32 30
31 30 31 29 32 29 32 30
32 31 31 32 30 31 31 30
33 30 33 31 32 31 32 30
34 29 34 30 33 30 33 29
35 28 34 29 33 28 34 27
28 37 29 36 30 37 29 38
27 38 28 38 28 37 27 37
26 39 27 39 27 38 26 38
27 40 26 39 27 38 28 39
28 40 27 40 27 39 28 39
29 32 28 31 29 30 30 31
30 33 29 34 28 33 29 32
31 33 31 34 30 34 30 33
32 34 31 35 30 34 31 33
32 35 31 35 31 34 32 34
31 36 30 35 31 34 32 35
30 36 30 35 31 35 31 36
29 37 30 37 30 36 29 36
30 38 29 39 28 38 29 37
22 23 22 22 23 22 23 23
22 27 23 27 23 28 22 28
28 29 29 29 29 30 28 30
27 28 28 29 27 30 26 29
28 28 28 29 27 29 27 28
27 27 28 28 27 29 26 28
26 27 27 27 27 28 26 28
28 27 27 28 26 27 27 26
37 16 36 15 37 14 38 15
36 36 37 35 38 36 37 37
37 36 36 36 36 35 37 35
38 37 38 36 37 36 37 37
39 36 38 37 37 36 38 35
36 37 35 36 36 35 37 36
35 37 35 36 36 36 36 37
37 34 38 34 38 35 37 35
38 33 39 34 38 35 37 34
39 32 39 33 38 33 38 32
19 32 18 31 19 30 20 31
18 32 18 31 19 31 19 32
17 31 18 30 19 31 18 32
17 30 18 30 18 31 17 31
17 34 18 35 17 36 16 35
20 30 20 31 19 31 19 30
21 31 20 32 19 31 20 30
21 32 20 32 20 31 21 31
37 33 38 34 39 33 38 32
39 35 39 36 38 36 38 35
32 32 31 33 30 32 31 31
32 33 31 33 31 32 32 32
33 34 33 33 32 33 32 34
33 32 32 33 33 34 34 33
34 31 33 32 32 31 33 30
34 32 33 32 33 31 34 31
35 33 35 32 34 32 34 33
34 34 33 33 34 32 35 33
26 14 26 15 25 15 25 14
24 14 25 15 26 14 25 13
24 13 25 13 25 14 24 14
28 26 28 27 27 27 27 26
25 37 25 35 27 35 27 37
23 35 25 37 24 38 22 36
22 35 23 35 23 36 22 36
22 37 21 36 22 35 23 36
21 37 21 36 22 36 22 37
25 16 27 18 26 19 24 17
24 15 25 14 26 15 25 16
22 15 24 15 24 17 22 17
28 24 26 22 27 21 29 23
30 26 30 24 28 24 28 26
31 27 29 29 28 28 30 26
29 27 31 27 31 29 29 29
33 35 34 34 36 36 35 37
34 35 33 35 33 34 34 34
33 36 32 35 33 34 34 35
32 36 32 35 33 35 33 36
31 37 30 36 31 35 32 36
31 38 30 38 30 37 31 37
32 37 31 38 30 37 31 36
35 19 33 21 34 22 36 20
35 16 33 14 34 13 36 15
35 14 37 14 37 16 35 16
32 25 33 24 35 26 34 27
31 25 31 24 32 24 32 25
34 26 33 27 31 25 32 24
34 25 35 25 35 26 34 26
17 15 17 17 15 17 15 15
18 16 17 17 16 16 17 15
16 18 18 18 18 16 16 16
17 19 16 18 17 17 18 18
16 19 17 19 17 20 16 20
14 21 16 19 17 20 15 22
30 15 28 17 26 15 28 13
30 13 32 13 32 15 30 15
24 21 26 21 26 19 24 19
24 23 23 22 24 21 25 22
25 25 25 23 24 23 24 25
26 24 28 26 27 27 25 25
28 23 28 24 26 24 26 23
28 21 27 22 28 23 29 22
24 36 26 36 26 38 24 38
24 26 26 28 25 29 23 27
22 24 23 23 25 25 24 26
20 22 22 24 21 25 19 23
22 20 22 22 20 22 20 20
21 21 20 20 21 19 22 20
23 26 25 28 26 27 24 25
24 27 24 26 23 26 23 27
20 26 21 25 23 27 22 28
18 24 20 26 18 28 16 26
18 22 17 23 18 24 19 23
19 21 18 22 16 20 17 19
19 19 21 19 21 21 19 21
13 14 14 14 14 16 13 16
36 39 37 39 37 37 36 37
35 34 35 33 37 33 37 34
36 33 35 34 34 33 35 32
36 24 35 25 33 23 34 22
20 24 20 22 18 22 18 24
22 26 22 24 20 24 20 26
19 28 19 30 18 30 18 28
14 27 16 29 18 27 16 25
17 21 19 21 19 23 17 23
23 33 25 33 25 35 23 35
22 30 21 31 23 33 24 32
22 31 22 30 24 30 24 31
21 30 22 31 21 32 20 31
21 28 22 28 22 30 21 30
22 29 21 28 22 27 23 28
22 34 23 33 24 34 23 35
22 32 24 32 24 34 22 34
15 32 14 31 16 29 17 30
15 33 13 33 13 32 15 32
15 34 15 33 17 33 17 34
38 13 38 15 39 15 39 13
19 17 19 19 17 19 17 17
20 18 19 19 18 18 19 17
18 20 20 20 20 18 18 18
28 19 28 21 27 21 27 19
29 18 28 19 27 18 28 17
31 16 33 18 31 20 29 18
33 16 31 16 31 14 33 14
35 18 35 16 33 16 33 18
31 18 33 20 35 18 33 16
29 16 29 18 31 18 31 16
36 19 35 19 35 18 36 18
38 17 36 19 35 18 37 16
36 17 36 15 38 15 38 17
32 18 32 20 31 20 31 18
28 18 31 21 30 22 27 19
27 17 27 18 28 18 28 17
24 16 26 18 27 17 25 15
23 15 24 16 21 19 20 18
37 25 38 26 35 29 34 28
38 22 36 24 37 25 39 23
38 23 34 23 34 22 38 22
39 26 39 23 38 23 38 26
29 26 32 29 31 30 28 27
35 40 32 37 33 36 36 39
32 40 32 37 35 37 35 40
33 39 32 40 30 38 31 37
35 41 33 39 35 37 37 39
15 27 15 24 18 24 18 27
15 31 14 31 14 27 15 27
17 32 17 31 15 31 15 32
18 33 18 32 17 32 17 33
16 33 17 34 18 33 17 32
14 33 15 34 16 33 15 32
23 19 26 22 25 23 22 20
29 19 28 19 28 18 29 18
18 34 22 34 22 35 18 35
19 33 22 36 21 37 18 34
20 33 19 33 19 32 20 32
19 34 18 33 19 32 20 33
20 37 18 35 19 34 21 36
23 34 22 35 20 33 21 32
24 33 28 37 27 38 23 34
23 24 19 28 18 27 22 23
25 24 24 25 23 24 24 23
28 25 27 26 25 24 26 23
15 35 13 33 15 31 17 33
35 21 35 25 37 25 37 21
34 19 34 21 35 21 35 19
38 29 38 32 35 32 35 29
37 28 38 29 35 32 34 31
37 24 35 26 37 28 39 26
35 20 34 21 37 24 38 23
37 26 37 28 35 28 35 26
41 30 39 32 35 28 37 26
19 25 21 25 21 28 19 28
20 29 16 29 16 26 20 26
18 29 19 30 20 29 19 28
32 12 33 13 28 18 27 17
33 12 33 13 32 13 32 12
41 31 41 30 34 30 34 31
40 32 34 26 35 25 41 31
33 7 26 14 32 20 39 13
23 18 16 25 15 24 22 17
24 18 24 19 23 19 23 18
26 17 26 18 24 18 24 17
27 15 27 17 26 17 26 15
40 26 40 32 39 32 39 26
14 13 13 14 22 23 23 22
15 14 15 13 14 13 14 14
24 39 14 39 14 38 24 38
23 38 27 34 28 35 24 39
