best-score: 881121
count: 4
elapsed-time: 4.844
253
17 27 17 28 16 28 16 27
16 26 17 27 16 28 15 27
15 26 16 26 16 27 15 27
14 27 15 26 16 27 15 28
13 28 12 27 13 26 14 27
18 27 17 28 16 27 17 26
21 21 20 20 21 19 22 20
18 14 19 15 20 14 19 13
17 13 17 14 18 14 18 13
22 18 21 19 20 18 21 17
23 17 24 18 23 19 22 18
22 17 23 17 23 18 22 18
23 16 24 17 23 18 22 17
24 16 24 17 23 17 23 16
18 16 19 17 20 16 19 15
22 15 21 14 22 13 23 14
10 22 9 22 9 21 10 21
9 23 10 22 11 23 10 24
10 23 10 24 9 24 9 23
8 23 9 24 10 23 9 22
8 22 9 22 9 23 8 23
9 25 10 24 11 25 10 26
10 25 10 26 9 26 9 25
8 25 9 26 10 25 9 24
8 24 9 24 9 25 8 25
7 23 8 22 9 23 8 24
7 24 7 23 8 23 8 24
11 22 11 23 10 23 10 22
12 23 11 24 10 23 11 22
13 24 13 23 12 23 12 24
14 25 13 26 12 25 13 24
14 24 15 24 15 25 14 25
16 24 15 25 14 24 15 23
10 11 10 10 11 10 11 11
28 13 29 14 28 15 27 14
27 12 27 13 28 13 28 12
26 12 27 11 28 12 27 13
26 11 27 11 27 12 26 12
28 11 27 12 26 11 27 10
29 12 29 11 28 11 28 12
28 10 28 11 27 11 27 10
28 14 28 15 27 15 27 14
29 13 29 14 28 14 28 13
30 12 29 13 28 12 29 11
30 13 29 13 29 12 30 12
11 26 10 25 11 24 12 25
12 26 11 26 11 25 12 25
13 27 13 26 12 26 12 27
14 28 13 27 14 26 15 27
13 25 12 26 11 25 12 24
12 22 11 23 12 24 13 23
18 20 19 19 20 20 19 21
18 11 18 10 19 10 19 11
17 10 18 9 19 10 18 11
17 9 18 9 18 10 17 10
23 20 23 19 24 19 24 20
22 19 23 18 24 19 23 20
21 20 22 20 22 19 21 19
20 21 21 21 21 20 20 20
22 21 21 22 20 21 21 20
22 22 21 22 21 21 22 21
26 10 25 11 24 10 25 9
27 9 28 10 27 11 26 10
26 9 27 9 27 10 26 10
27 8 28 9 27 10 26 9
28 8 28 9 27 9 27 8
18 26 18 27 17 27 17 26
25 10 25 11 26 11 26 10
24 9 24 10 25 10 25 9
25 8 26 9 25 10 24 9
26 8 26 9 25 9 25 8
27 7 28 8 27 9 26 8
26 7 27 7 27 8 26 8
16 25 15 26 14 25 15 24
17 24 18 25 17 26 16 25
17 25 16 25 16 24 17 24
15 19 14 19 14 18 15 18
16 18 15 19 14 18 15 17
17 17 18 18 17 19 16 18
26 14 27 15 28 14 27 13
26 13 27 13 27 14 26 14
28 25 29 25 29 26 28 26
29 24 28 25 27 24 28 23
23 8 24 9 23 10 22 9
23 21 22 20 23 19 24 20
23 23 22 22 23 21 24 22
23 22 24 22 24 23 23 23
24 21 23 22 22 21 23 20
12 21 11 22 10 21 11 20
11 21 12 21 12 22 11 22
10 20 10 21 11 21 11 20
11 19 12 20 11 21 10 20
12 19 12 20 11 20 11 19
10 19 11 20 12 19 11 18
10 18 11 18 11 19 10 19
16 19 15 20 14 19 15 18
17 18 17 19 16 19 16 18
18 17 18 18 17 18 17 17
19 16 19 17 18 17 18 16
20 15 20 16 19 16 19 15
21 15 20 15 20 14 21 14
22 16 21 17 20 16 21 15
23 15 24 16 23 17 22 16
22 14 22 15 23 15 23 14
21 13 22 14 21 15 20 14
16 20 16 19 15 19 15 20
14 20 15 21 16 20 15 19
14 21 14 20 15 20 15 21
16 21 15 22 14 21 15 20
16 22 15 22 15 21 16 21
14 22 15 23 16 22 15 21
14 23 14 22 15 22 15 23
13 22 14 23 13 24 12 23
13 21 14 21 14 22 13 22
13 19 12 20 13 21 14 20
13 20 13 19 14 19 14 20
13 18 12 19 13 20 14 19
12 18 13 18 13 19 12 19
11 17 12 18 11 19 10 18
12 17 12 18 11 18 11 17
16 17 16 18 15 18 15 17
17 16 18 17 17 18 16 17
16 16 17 16 17 17 16 17
17 15 18 16 17 17 16 16
16 14 17 13 18 14 17 15
16 15 16 14 17 14 17 15
18 15 17 16 16 15 17 14
19 14 19 15 18 15 18 14
20 13 20 14 19 14 19 13
19 12 20 13 19 14 18 13
18 12 19 12 19 13 18 13
20 12 19 13 18 12 19 11
21 12 21 13 20 13 20 12
16 23 15 24 14 23 15 22
17 21 16 20 17 19 18 20
17 20 17 21 16 21 16 20
18 19 17 20 16 19 17 18
19 18 19 19 18 19 18 18
20 17 19 18 18 17 19 16
21 16 21 17 20 17 20 16
21 18 20 17 21 16 22 17
20 19 21 18 22 19 21 20
19 20 20 20 20 19 19 19
18 21 19 21 19 20 18 20
17 22 16 21 17 20 18 21
17 23 16 23 16 22 17 22
18 24 17 25 16 24 17 23
18 22 17 23 16 22 17 21
18 23 17 24 16 23 17 22
19 23 18 23 18 22 19 22
20 22 19 23 18 22 19 21
21 23 20 22 21 21 22 22
20 23 20 22 21 22 21 23
19 24 20 24 20 23 19 23
19 25 18 25 18 24 19 24
21 25 20 26 19 25 20 24
20 25 21 25 21 26 20 26
19 26 18 25 19 24 20 25
13 17 14 18 13 19 12 18
14 17 14 18 13 18 13 17
13 16 14 17 13 18 12 17
12 16 13 16 13 17 12 17
20 11 20 12 19 12 19 11
23 13 24 14 23 15 22 14
24 13 24 14 23 14 23 13
15 16 16 17 15 18 14 17
15 15 16 15 16 16 15 16
14 16 15 15 16 16 15 17
13 15 14 16 13 17 12 16
14 15 14 16 13 16 13 15
15 14 16 15 15 16 14 15
14 14 15 14 15 15 14 15
15 13 16 14 15 15 14 14
16 13 16 14 15 14 15 13
17 12 18 13 17 14 16 13
17 11 18 11 18 12 17 12
16 12 17 11 18 12 17 13
14 12 15 13 16 12 15 11
14 11 15 11 15 12 14 12
16 10 17 11 18 10 17 9
16 11 16 10 17 10 17 11
15 10 16 11 15 12 14 11
14 13 15 12 16 13 15 14
21 8 19 10 20 11 22 9
21 10 21 8 23 8 23 10
23 28 21 28 21 26 23 26
24 29 23 28 24 27 25 28
23 29 23 28 24 28 24 29
24 11 22 13 21 12 23 10
25 12 24 11 25 10 26 11
24 12 24 11 25 11 25 12
25 13 24 12 25 11 26 12
25 15 24 14 25 13 26 14
24 15 25 15 25 16 24 16
25 14 24 15 23 14 24 13
26 15 26 14 25 14 25 15
27 18 25 16 26 15 28 17
22 26 21 25 23 23 24 24
21 27 22 26 24 28 23 29
18 28 19 29 21 27 20 26
17 29 18 29 18 28 17 28
23 25 23 23 21 23 21 25
13 12 12 13 10 11 11 10
13 13 13 12 14 12 14 13
12 14 13 13 14 14 13 15
13 14 12 14 12 13 13 13
11 16 10 15 12 13 13 14
9 16 11 16 11 17 9 17
11 14 12 14 12 16 11 16
10 17 11 18 12 17 11 16
10 14 12 16 11 17 9 15
9 14 10 14 10 15 9 15
8 15 9 14 10 15 9 16
8 16 8 15 9 15 9 16
12 10 11 11 13 13 14 12
11 9 11 10 12 10 12 9
20 29 18 27 19 26 21 28
26 21 26 22 24 22 24 21
23 11 23 10 24 10 24 11
22 12 23 11 24 12 23 13
21 11 22 12 21 13 20 12
20 10 20 11 21 11 21 10
19 9 20 10 19 11 18 10
20 9 20 10 19 10 19 9
28 24 26 26 24 24 26 22
29 23 29 24 28 24 28 23
30 24 29 25 28 24 29 23
30 25 29 25 29 24 30 24
27 25 27 24 28 24 28 25
23 12 23 13 22 13 22 12
22 11 22 12 21 12 21 11
24 25 23 26 20 23 21 22
24 26 23 26 23 25 24 25
25 26 25 27 24 27 24 26
26 23 24 25 25 26 27 24
28 22 28 23 26 23 26 22
31 19 28 22 24 18 27 15
20 31 18 29 21 26 23 28
19 31 19 29 20 29 20 31
11 29 10 29 10 26 11 26
10 28 12 26 13 27 11 29
27 19 24 19 24 18 27 18
28 18 27 19 24 16 25 15
27 17 27 18 28 18 28 17
26 17 26 15 27 15 27 17
26 19 28 21 26 23 24 21
26 24 24 24 24 23 26 23
26 29 26 26 28 26 28 29
29 27 29 28 25 28 25 27
30 26 29 27 28 26 29 25
30 27 29 27 29 26 30 26
28 27 29 28 30 27 29 26
27 26 28 27 26 29 25 28
