best-score: 831628
count: 3
elapsed-time: 5.04
295
17 13 18 14 17 15 16 14
22 20 23 20 23 21 22 21
23 19 22 20 21 19 22 18
23 18 24 18 24 19 23 19
22 19 23 18 24 19 23 20
21 18 21 19 22 19 22 18
21 28 22 28 22 27 21 27
23 28 22 29 21 28 22 27
23 29 22 29 22 28 23 28
24 28 25 29 24 30 23 29
28 10 29 11 28 12 27 11
27 10 28 10 28 11 27 11
26 11 27 10 28 11 27 12
26 12 26 11 27 11 27 12
25 13 26 13 26 12 25 12
24 14 25 13 26 14 25 15
24 13 25 13 25 14 24 14
24 11 23 12 24 13 25 12
28 13 27 14 26 13 27 12
27 13 27 12 28 12 28 13
28 14 27 13 28 12 29 13
29 14 28 14 28 13 29 13
30 15 30 14 29 14 29 15
26 17 27 18 26 19 25 18
27 17 26 17 26 16 27 16
16 30 15 31 14 30 15 29
15 26 14 26 14 25 15 25
15 24 14 25 15 26 16 25
16 24 16 25 15 25 15 24
16 26 15 25 16 24 17 25
15 27 16 26 17 27 16 28
16 27 15 27 15 26 16 26
17 28 17 27 16 27 16 28
16 29 15 28 16 27 17 28
15 30 16 30 16 29 15 29
15 21 14 20 15 19 16 20
15 20 16 20 16 21 15 21
14 19 14 20 15 20 15 19
13 18 13 19 14 19 14 18
13 20 12 19 13 18 14 19
12 20 12 19 13 19 13 20
13 21 12 20 13 19 14 20
14 21 13 21 13 20 14 20
12 21 13 22 14 21 13 20
11 21 11 20 12 20 12 21
10 20 11 19 12 20 11 21
10 19 11 19 11 20 10 20
11 18 12 19 11 20 10 19
12 18 12 19 11 19 11 18
12 17 13 17 13 18 12 18
14 34 14 33 15 33 15 34
15 22 14 21 15 20 16 21
14 23 15 22 16 23 15 24
14 22 14 21 15 21 15 22
26 15 25 15 25 14 26 14
25 16 26 15 27 16 26 17
29 12 29 11 28 11 28 12
30 13 29 14 28 13 29 12
29 30 28 30 28 29 29 29
30 29 29 30 28 29 29 28
22 22 23 21 24 22 23 23
21 21 21 22 22 22 22 21
24 12 24 13 23 13 23 12
25 11 25 12 24 12 24 11
26 10 27 11 26 12 25 11
25 10 26 10 26 11 25 11
10 21 11 22 12 21 11 20
10 22 10 21 11 21 11 22
11 23 10 22 11 21 12 22
12 23 11 23 11 22 12 22
13 24 12 23 13 22 14 23
12 24 12 23 13 23 13 24
13 25 12 26 11 25 12 24
14 24 14 25 13 25 13 24
15 23 15 24 14 24 14 23
16 22 16 23 15 23 15 22
17 23 16 24 15 23 16 22
17 24 16 24 16 23 17 23
18 23 17 24 16 23 17 22
12 13 11 13 11 12 12 12
30 32 31 31 32 32 31 33
25 31 24 31 24 30 25 30
25 17 25 18 24 18 24 17
24 16 25 15 26 16 25 17
24 15 25 15 25 16 24 16
23 14 24 13 25 14 24 15
23 15 23 14 24 14 24 15
22 14 23 13 24 14 23 15
22 13 23 13 23 14 22 14
23 16 24 15 25 16 24 17
22 16 22 15 23 15 23 16
23 17 22 16 23 15 24 16
22 17 23 17 23 18 22 18
21 16 22 15 23 16 22 17
21 17 21 16 22 16 22 17
20 16 21 15 22 16 21 17
20 15 21 15 21 16 20 16
17 26 16 26 16 25 17 25
18 25 17 26 16 25 17 24
17 21 17 22 16 22 16 21
34 24 33 25 32 24 33 23
33 21 32 22 33 23 34 22
33 22 33 21 34 21 34 22
32 23 33 23 33 22 32 22
36 22 35 23 34 22 35 21
34 20 35 20 35 21 34 21
22 12 21 13 20 12 21 11
21 12 22 12 22 13 21 13
22 11 23 12 22 13 21 12
23 11 23 12 22 12 22 11
24 10 25 11 24 12 23 11
23 10 24 10 24 11 23 11
24 9 25 10 24 11 23 10
25 9 25 10 24 10 24 9
30 12 30 13 29 13 29 12
31 13 30 14 29 13 30 12
32 13 31 13 31 12 32 12
31 14 30 13 31 12 32 13
30 28 30 29 29 29 29 28
30 30 29 29 30 28 31 29
31 30 30 30 30 29 31 29
31 23 30 24 29 23 30 22
31 24 30 24 30 23 31 23
30 25 29 24 30 23 31 24
29 25 29 24 30 24 30 25
33 13 32 14 31 13 32 12
33 14 32 14 32 13 33 13
33 12 32 13 33 14 34 13
34 12 34 13 33 13 33 12
18 24 18 25 17 25 17 24
18 21 17 22 16 21 17 20
18 22 18 23 17 23 17 22
19 23 18 24 17 23 18 22
19 24 18 24 18 23 19 23
20 11 21 11 21 12 20 12
20 13 19 12 20 11 21 12
19 13 19 12 20 12 20 13
20 14 20 13 21 13 21 14
19 15 18 14 19 13 20 14
19 14 20 14 20 15 19 15
18 13 18 14 19 14 19 13
29 22 30 22 30 23 29 23
18 20 18 21 17 21 17 20
17 19 18 20 17 21 16 20
16 19 17 19 17 20 16 20
15 18 16 19 15 20 14 19
16 18 16 19 15 19 15 18
15 17 16 18 15 19 14 18
14 17 15 17 15 18 14 18
13 16 14 17 13 18 12 17
14 16 14 17 13 17 13 16
18 18 17 19 16 18 17 17
17 32 15 30 16 29 18 31
18 33 16 35 15 34 17 32
20 33 18 33 18 31 20 31
22 33 21 34 20 33 21 32
25 32 23 34 22 33 24 31
20 22 18 20 19 19 21 21
20 21 20 22 18 22 18 21
21 20 22 21 21 22 20 21
20 19 21 18 22 19 21 20
20 20 20 19 21 19 21 20
23 30 21 32 20 31 22 29
24 29 25 30 24 31 23 30
25 28 25 29 24 29 24 28
27 30 25 28 26 27 28 29
23 25 21 27 22 28 24 26
22 34 22 33 23 33 23 34
28 17 27 16 29 14 30 15
28 15 29 15 29 17 28 17
27 15 27 14 28 14 28 15
28 16 27 15 28 14 29 15
28 18 27 17 28 16 29 17
27 24 27 23 29 23 29 24
36 24 34 24 34 22 36 22
35 25 34 24 35 23 36 24
12 28 13 29 15 27 14 26
14 28 12 28 12 26 14 26
14 29 14 28 15 28 15 29
13 30 14 29 15 30 14 31
13 31 13 30 14 30 14 31
12 32 13 31 15 33 14 34
14 32 14 33 12 33 12 32
15 32 14 32 14 31 15 31
17 33 17 32 15 32 15 33
18 35 18 33 17 33 17 35
13 32 14 33 15 32 14 31
15 15 17 15 17 17 15 17
16 16 15 17 14 16 15 15
18 16 18 18 16 18 16 16
19 17 18 16 19 15 20 16
20 17 20 19 19 19 19 17
19 16 20 15 21 16 20 17
18 15 18 16 19 16 19 15
17 14 17 15 18 15 18 14
16 13 16 14 17 14 17 13
14 15 12 13 14 11 16 13
28 35 28 34 26 34 26 35
26 32 28 30 30 32 28 34
25 34 26 34 26 32 25 32
24 27 25 28 24 29 23 28
26 26 26 27 24 27 24 26
22 32 24 30 25 31 23 33
21 33 22 33 22 32 21 32
20 34 21 34 21 33 20 33
21 35 20 34 21 33 22 34
22 35 21 35 21 34 22 34
18 10 17 11 19 13 20 12
20 18 19 19 18 18 19 17
32 26 31 26 31 24 32 24
31 27 29 25 30 24 32 26
33 29 33 27 31 27 31 29
34 30 34 29 33 29 33 30
36 28 34 30 33 29 35 27
33 31 31 31 31 30 33 30
34 34 32 32 33 31 35 33
35 34 34 34 34 33 35 33
23 27 24 27 24 28 23 28
22 25 22 27 23 27 23 25
17 12 18 13 17 14 16 13
18 12 18 13 17 13 17 12
19 10 19 12 18 12 18 10
34 26 33 27 32 26 33 25
36 26 35 27 34 26 35 25
32 19 33 18 35 20 34 21
36 27 36 28 35 28 35 27
12 30 13 29 14 30 13 31
12 29 13 29 13 30 12 30
29 32 29 30 30 30 30 32
27 34 25 32 27 30 29 32
27 36 26 35 27 34 28 35
28 27 30 25 31 26 29 28
26 29 28 29 28 27 26 27
26 30 25 30 25 29 26 29
27 32 27 30 26 30 26 32
33 20 34 20 34 18 33 18
20 28 17 25 18 24 21 27
21 31 21 28 20 28 20 31
19 29 21 31 17 35 15 33
19 32 17 32 17 29 19 29
19 34 18 33 19 32 20 33
19 30 20 31 19 32 18 31
19 26 17 28 19 30 21 28
20 25 19 26 18 25 19 24
18 28 20 28 20 25 18 25
26 25 22 21 23 20 27 24
29 26 29 25 26 25 26 26
29 27 29 26 31 26 31 27
28 26 29 27 26 30 25 29
26 24 27 23 29 25 28 26
23 24 26 24 26 25 23 25
26 21 29 24 26 27 23 24
24 21 24 19 26 19 26 21
23 22 24 22 24 21 23 21
22 23 23 23 23 22 22 22
20 23 22 23 22 25 20 25
19 22 20 23 19 24 18 23
19 20 18 21 19 22 20 21
18 19 18 20 19 20 19 19
19 18 20 19 19 20 18 19
21 24 22 23 23 24 22 25
21 26 19 26 19 24 21 24
23 26 22 27 21 26 22 25
28 22 27 23 23 19 24 18
29 18 29 22 28 22 28 18
28 19 27 18 28 17 29 18
37 26 36 27 32 23 33 22
37 27 36 27 36 26 37 26
25 27 26 26 29 29 28 30
19 27 17 27 17 26 19 26
32 25 35 28 34 29 31 26
32 35 29 32 31 30 34 33
30 35 30 32 32 32 32 35
32 33 30 35 27 32 29 30
34 17 33 18 30 15 31 14
35 17 35 18 34 18 34 17
31 15 34 18 35 17 32 14
30 16 29 15 30 14 31 15
31 16 30 16 30 15 31 15
32 15 31 15 31 14 32 14
17 18 18 19 17 20 16 19
16 17 18 15 19 16 17 18
15 16 16 17 15 18 14 17
13 15 13 11 14 11 14 15
14 14 13 15 11 13 12 12
15 13 16 14 15 15 14 14
15 9 13 11 15 13 17 11
16 9 16 13 15 13 15 9
12 16 13 15 14 16 13 17
12 15 13 15 13 16 12 16
33 17 33 18 29 18 29 17
34 14 34 17 33 17 33 14
35 13 34 14 33 13 34 12
35 14 34 14 34 13 35 13
30 19 32 19 32 22 30 22
