best-score: 866137
count: 5
elapsed-time: 4.845
226
19 22 18 21 19 20 20 21
19 16 18 15 19 14 20 15
22 21 23 20 24 21 23 22
23 21 22 21 22 20 23 20
24 22 24 21 23 21 23 22
24 20 23 21 24 22 25 21
24 14 24 13 23 13 23 14
24 15 24 14 25 14 25 15
23 16 22 15 23 14 24 15
22 16 22 15 23 15 23 16
24 16 23 17 22 16 23 15
25 17 24 16 25 15 26 16
26 17 25 17 25 16 26 16
26 15 25 16 26 17 27 16
26 13 25 14 26 15 27 14
27 13 27 14 26 14 26 13
22 26 23 25 24 26 23 27
21 25 21 26 22 26 22 25
20 26 21 25 22 26 21 27
20 27 20 26 21 26 21 27
20 25 19 26 20 27 21 26
19 25 20 25 20 26 19 26
22 24 22 25 23 25 23 24
20 24 21 25 22 24 21 23
20 23 21 23 21 24 20 24
19 24 20 23 21 24 20 25
18 25 17 24 18 23 19 24
18 24 19 24 19 25 18 25
19 23 20 24 19 25 18 24
18 22 18 23 19 23 19 22
22 23 23 24 22 25 21 24
21 22 21 23 22 23 22 22
20 22 20 21 21 21 21 22
19 21 20 22 19 23 18 22
18 20 18 21 19 21 19 20
17 21 16 20 17 19 18 20
17 23 16 22 17 21 18 22
17 25 16 24 17 23 18 24
16 25 16 24 17 24 17 25
15 24 16 25 15 26 14 25
22 14 23 13 24 14 23 15
24 17 23 17 23 16 24 16
27 18 26 18 26 17 27 17
25 18 26 19 27 18 26 17
24 18 24 17 25 17 25 18
25 19 24 18 25 17 26 18
24 19 25 19 25 20 24 20
23 18 24 17 25 18 24 19
23 19 23 18 24 18 24 19
22 18 23 17 24 18 23 19
22 19 21 19 21 18 22 18
22 17 21 18 22 19 23 18
10 26 11 26 11 27 10 27
10 28 9 27 10 26 11 27
9 28 9 27 10 27 10 28
9 9 10 9 10 10 9 10
10 18 10 17 11 17 11 18
11 19 10 20 9 19 10 18
12 19 11 19 11 18 12 18
17 20 17 21 16 21 16 20
17 22 16 21 17 20 18 21
16 23 17 23 17 22 16 22
15 23 16 23 16 24 15 24
15 21 14 22 15 23 16 22
15 22 15 21 16 21 16 22
14 23 15 22 16 23 15 24
13 23 13 22 14 22 14 23
13 21 12 22 13 23 14 22
12 21 13 21 13 22 12 22
11 20 12 19 13 20 12 21
10 19 10 20 11 20 11 19
10 21 9 20 10 19 11 20
9 21 9 20 10 20 10 21
11 21 10 22 9 21 10 20
12 20 12 21 11 21 11 20
13 19 12 20 11 19 12 18
16 27 15 27 15 26 16 26
16 13 15 13 15 12 16 12
17 12 18 13 17 14 16 13
17 13 17 12 18 12 18 13
17 11 16 12 17 13 18 12
16 11 17 11 17 12 16 12
15 10 16 11 15 12 14 11
15 11 14 11 14 10 15 10
14 12 15 11 16 12 15 13
15 9 16 10 15 11 14 10
16 9 16 10 15 10 15 9
21 20 20 21 21 22 22 21
20 20 21 19 22 20 21 21
19 19 20 20 19 21 18 20
20 19 20 20 19 20 19 19
19 18 20 17 21 18 20 19
26 21 25 21 25 20 26 20
27 20 26 21 25 20 26 19
27 15 27 16 26 16 26 15
28 14 27 15 26 14 27 13
28 15 27 15 27 14 28 14
25 13 26 14 25 15 24 14
27 19 27 20 26 20 26 19
28 18 27 19 26 18 27 17
28 19 27 19 27 18 28 18
18 19 18 20 17 20 17 19
18 18 19 18 19 19 18 19
17 17 18 18 17 19 16 18
17 18 16 18 16 17 17 17
18 17 19 18 18 19 17 18
19 17 18 17 18 16 19 16
20 18 20 17 19 17 19 18
21 17 22 18 21 19 20 18
21 16 22 16 22 17 21 17
21 14 20 15 21 16 22 15
21 15 21 14 22 14 22 15
20 16 21 15 22 16 21 17
19 15 19 16 20 16 20 15
18 14 18 15 19 15 19 14
20 14 19 15 18 14 19 13
21 13 22 14 21 15 20 14
20 13 20 12 21 12 21 13
22 13 21 14 20 13 21 12
23 12 24 13 23 14 22 13
22 12 23 12 23 13 22 13
21 11 22 12 21 13 20 12
16 14 17 14 17 13 16 13
17 15 16 14 17 13 18 14
16 16 17 15 18 16 17 17
17 16 17 15 18 15 18 16
16 15 17 14 18 15 17 16
13 24 12 25 13 26 14 25
12 23 13 22 14 23 13 24
12 24 12 23 13 23 13 24
11 25 12 25 12 24 11 24
15 15 14 14 15 13 16 14
15 16 15 15 16 15 16 16
9 18 10 18 10 19 9 19
8 17 9 16 10 17 9 18
19 12 18 13 19 14 20 13
20 11 20 12 19 12 19 11
21 10 22 11 21 12 20 11
22 10 22 11 21 11 21 10
23 11 22 10 23 9 24 10
24 12 23 13 22 12 23 11
26 12 25 13 24 12 25 11
25 12 26 12 26 13 25 13
27 12 26 13 25 12 26 11
24 11 24 12 25 12 25 11
23 10 23 11 24 11 24 10
22 9 22 10 23 10 23 9
21 8 22 9 21 10 20 9
22 8 22 9 21 9 21 8
20 10 21 11 22 10 21 9
19 9 20 10 19 11 18 10
19 10 19 9 20 9 20 10
18 11 19 11 19 10 18 10
17 10 18 11 17 12 16 11
18 9 18 10 17 10 17 9
19 8 20 9 19 10 18 9
18 8 19 8 19 9 18 9
10 25 11 24 12 25 11 26
11 22 10 22 10 21 11 21
10 23 11 22 12 23 11 24
13 17 12 18 11 17 12 16
17 8 18 9 17 10 16 9
16 8 17 8 17 9 16 9
17 7 18 8 17 9 16 8
18 7 18 8 17 8 17 7
11 23 12 23 12 22 11 22
10 24 11 24 11 23 10 23
9 23 10 22 11 23 10 24
9 22 10 22 10 23 9 23
28 12 27 13 26 12 27 11
28 13 27 13 27 12 28 12
29 14 28 15 27 14 28 13
28 16 27 17 26 16 27 15
28 17 27 17 27 16 28 16
29 16 28 17 27 16 28 15
9 25 10 24 11 25 10 26
9 26 9 25 10 25 10 26
8 27 9 26 10 27 9 28
8 26 9 26 9 27 8 27
29 15 29 16 28 16 28 15
29 13 29 14 28 14 28 13
30 14 29 15 28 14 29 13
30 15 29 15 29 14 30 14
29 18 28 19 27 18 28 17
29 17 29 18 28 18 28 17
30 16 29 17 28 16 29 15
30 17 29 17 29 16 30 16
31 16 30 17 29 16 30 15
31 15 31 16 30 16 30 15
25 23 23 25 22 24 24 22
26 22 27 23 26 24 25 23
27 21 26 22 25 21 26 20
27 22 26 22 26 21 27 21
12 8 13 9 11 11 10 10
14 18 16 20 15 21 13 19
14 20 14 18 16 18 16 20
14 21 13 21 13 20 14 20
15 20 16 21 15 22 14 21
14 19 16 17 17 18 15 20
17 28 16 27 18 25 19 26
24 24 26 24 26 22 24 22
14 16 14 18 12 18 12 16
15 17 14 16 15 15 16 16
24 25 23 24 26 21 27 22
23 26 24 26 24 25 23 25
22 27 23 27 23 26 22 26
12 28 11 27 15 23 16 24
14 28 12 28 12 25 14 25
18 28 18 25 17 25 17 28
17 27 19 25 20 26 18 28
16 28 15 27 16 26 17 27
11 12 11 11 14 11 14 12
12 11 11 12 9 10 10 9
9 13 12 16 14 14 11 11
12 13 12 16 9 16 9 13
13 12 16 15 15 16 12 13
13 10 12 11 13 12 14 11
14 9 14 10 13 10 13 9
15 8 16 9 15 10 14 9
14 8 15 8 15 9 14 9
15 7 16 8 15 9 14 8
16 7 16 8 15 8 15 7
17 6 18 7 17 8 16 7
16 6 17 6 17 7 16 7
8 15 11 12 12 13 9 16
10 15 10 17 8 17 8 15
