best-score: 710903
count: 13
elapsed-time: 4.533
99
10 20 11 21 12 20 11 19
11 20 12 20 12 19 11 19
10 21 11 21 11 20 10 20
18 13 17 12 18 11 19 12
24 10 24 9 25 9 25 10
24 8 23 9 24 10 25 9
23 8 24 8 24 9 23 9
25 20 25 19 26 19 26 20
27 20 26 21 25 20 26 19
10 16 9 16 9 15 10 15
23 22 24 22 24 23 23 23
23 24 22 23 23 22 24 23
22 24 22 23 23 23 23 24
23 25 22 24 23 23 24 24
24 25 23 25 23 24 24 24
27 18 27 19 26 19 26 18
28 20 27 21 26 20 27 19
28 21 27 21 27 20 28 20
9 22 11 24 12 23 10 21
11 16 10 15 12 13 13 14
17 13 18 13 18 15 17 15
13 13 15 15 17 13 15 11
12 14 13 14 13 13 12 13
12 12 11 13 12 14 13 13
11 12 12 12 12 13 11 13
15 12 17 12 17 13 15 13
23 21 25 19 26 20 24 22
21 22 23 22 23 21 21 21
17 17 15 17 15 15 17 15
13 17 15 19 17 17 15 15
14 17 14 19 15 19 15 17
13 15 15 13 17 15 15 17
14 15 14 17 13 17 13 15
16 13 14 15 13 14 15 12
14 13 15 13 15 15 14 15
24 18 24 16 26 16 26 18
25 17 26 18 25 19 24 18
25 15 24 16 25 17 26 16
23 13 25 11 27 13 25 15
21 27 19 25 20 24 22 26
23 15 25 15 25 17 23 17
22 16 23 15 24 16 23 17
21 15 22 16 20 18 19 17
20 14 20 15 21 15 21 14
22 12 23 13 21 15 20 14
20 26 20 24 22 24 22 26
11 17 10 16 12 14 13 15
10 17 10 16 11 16 11 17
9 18 10 17 12 19 11 20
15 20 15 23 12 23 12 20
19 16 15 20 14 19 18 15
22 17 22 16 19 16 19 17
23 16 22 17 20 15 21 14
24 15 27 18 26 19 23 16
12 11 15 11 15 12 12 12
13 12 12 13 11 12 12 11
17 20 20 20 20 24 17 24
15 22 12 19 14 17 17 20
20 19 23 22 25 20 22 17
24 19 20 19 20 18 24 18
20 13 21 14 25 10 24 9
20 9 23 9 23 13 20 13
7 15 11 19 13 17 9 13
7 13 9 13 9 15 7 15
9 11 11 13 9 15 7 13
17 19 17 20 15 20 15 19
19 19 17 19 17 17 19 17
17 23 16 22 19 19 20 20
15 29 13 27 17 23 19 25
13 19 12 20 15 23 16 22
12 17 12 19 13 19 13 17
30 24 27 27 24 24 27 21
30 26 27 26 27 24 30 24
29 24 27 26 24 23 26 21
18 18 18 15 20 15 20 18
18 16 17 17 18 18 19 17
19 13 17 15 18 16 20 14
18 12 18 13 19 13 19 12
17 11 17 12 18 12 18 11
22 8 23 9 19 13 18 12
19 8 22 8 22 12 19 12
17 10 19 8 20 9 18 11
15 10 17 10 17 11 15 11
18 25 21 22 22 23 19 26
18 26 18 25 19 25 19 26
19 14 19 13 20 13 20 14
17 14 18 15 19 14 18 13
26 24 26 21 27 21 27 24
14 27 13 27 13 19 14 19
12 25 15 22 17 24 14 27
11 26 10 25 11 24 12 25
9 24 9 26 11 26 11 24
7 22 12 17 14 19 9 24
7 24 7 22 9 22 9 24
16 27 16 22 21 22 21 27
8 25 9 24 10 25 9 26
8 21 10 21 10 25 8 25
22 27 22 26 27 26 27 27
21 26 23 24 24 25 22 27
