best-score: 643778
count: 16
elapsed-time: 4.733
71
20 31 19 30 20 29 21 30
14 25 14 26 13 26 13 25
12 25 13 26 14 25 13 24
12 24 13 24 13 25 12 25
14 24 13 25 12 24 13 23
14 23 14 24 13 24 13 23
28 26 27 25 29 23 30 24
18 23 18 21 20 21 20 23
19 26 18 27 20 29 21 28
19 28 19 26 21 26 21 28
24 30 25 30 25 32 24 32
19 19 17 21 16 20 18 18
17 14 15 16 14 15 16 13
11 13 12 14 14 12 13 11
12 28 11 27 13 25 14 26
23 17 21 17 21 15 23 15
27 22 25 20 28 17 30 19
27 23 27 22 29 22 29 23
29 21 27 23 26 22 28 20
16 27 14 25 18 21 20 23
16 23 18 23 18 27 16 27
14 20 14 23 16 23 16 20
23 24 21 26 18 23 20 21
17 18 18 18 18 21 17 21
17 16 17 18 15 18 15 16
20 19 18 21 15 18 17 16
31 20 28 20 28 17 31 17
31 11 27 11 27 10 31 10
11 20 14 23 13 24 10 21
11 23 11 20 13 20 13 23
26 23 27 23 27 25 26 25
24 28 24 30 21 30 21 28
22 21 25 18 29 22 26 25
22 19 22 21 20 21 20 19
19 16 22 19 20 21 17 18
23 12 19 16 17 14 21 10
26 12 26 15 23 15 23 12
20 16 20 19 19 19 19 16
22 16 21 17 20 16 21 15
24 16 23 17 22 16 23 15
24 19 22 19 22 16 24 16
19 14 19 16 17 16 17 14
27 13 31 17 28 20 24 16
28 12 27 13 26 12 27 11
24 24 30 24 30 19 24 19
21 31 14 24 17 21 24 28
20 30 20 31 21 31 21 30
19 29 19 30 20 30 20 29
12 29 12 28 19 28 19 29
13 30 11 32 10 31 12 29
16 33 13 30 16 27 19 30
25 26 28 26 28 20 25 20
32 31 31 32 25 26 26 25
29 31 29 23 32 23 32 31
33 12 28 17 26 15 31 10
13 15 13 20 14 20 14 15
21 12 21 15 14 15 14 12
23 10 23 12 21 12 21 10
30 27 25 32 21 28 26 23
27 15 27 22 26 22 26 15
12 32 11 32 11 29 12 29
16 11 27 11 27 13 16 13
18 9 21 12 19 14 16 11
25 9 25 18 18 18 18 9
17 31 10 31 10 21 17 21
23 25 23 24 14 24 14 25
30 30 29 31 23 25 24 24
25 27 25 30 30 30 30 27
34 21 32 23 21 12 23 10
34 22 29 22 29 21 34 21
38 18 34 22 27 15 31 11
