best-score: 697636
count: 3
elapsed-time: 4.785
209
24 12 25 13 24 14 23 13
24 16 23 15 24 14 25 15
28 39 28 38 29 38 29 39
29 26 28 25 29 24 30 25
20 41 20 40 21 40 21 41
37 29 36 28 37 27 38 28
33 27 34 28 33 29 32 28
33 28 32 28 32 27 33 27
34 27 35 28 34 29 33 28
33 30 34 31 33 32 32 31
34 30 33 30 33 29 34 29
21 29 20 30 19 29 20 28
23 14 23 15 22 15 22 14
24 13 24 14 23 14 23 13
25 12 25 13 24 13 24 12
35 29 34 28 35 27 36 28
36 29 35 29 35 28 36 28
31 29 30 28 31 27 32 28
21 32 23 30 25 32 23 34
24 39 22 37 23 36 25 38
24 38 25 38 25 39 24 39
23 37 25 35 26 36 24 38
22 36 22 37 23 37 23 36
21 37 22 36 23 37 22 38
21 38 21 37 22 37 22 38
21 17 20 16 22 14 23 15
19 19 21 17 22 18 20 20
18 18 19 19 18 20 17 19
20 18 20 20 18 20 18 18
21 18 20 18 20 17 21 17
21 20 21 18 22 18 22 20
27 37 28 38 26 40 25 39
29 35 27 37 26 36 28 34
30 29 30 28 28 28 28 29
28 31 30 29 32 31 30 33
26 31 26 29 28 29 28 31
28 33 27 34 25 32 26 31
27 33 28 33 28 34 27 34
27 29 25 31 27 33 29 31
26 20 26 22 28 22 28 20
27 21 26 20 27 19 28 20
27 23 26 22 27 21 28 22
29 33 28 33 28 31 29 31
30 35 30 33 29 33 29 35
23 39 21 41 20 40 22 38
24 40 23 39 24 38 25 39
23 40 23 39 24 39 24 40
23 16 21 18 20 17 22 15
24 15 24 16 23 16 23 15
25 14 25 15 24 15 24 14
26 13 25 14 24 13 25 12
26 14 25 14 25 13 26 13
26 12 25 13 26 14 27 13
27 12 27 13 26 13 26 12
29 43 27 41 29 39 31 41
35 37 35 38 37 38 37 37
40 17 39 18 37 16 38 15
37 15 37 13 38 13 38 15
36 26 38 26 38 28 36 28
37 25 38 26 37 27 36 26
35 25 37 25 37 27 35 27
34 26 35 25 36 26 35 27
33 26 34 26 34 27 33 27
31 24 33 26 32 27 30 25
31 26 29 26 29 24 31 24
32 26 32 27 31 27 31 26
33 25 34 26 33 27 32 26
31 23 33 21 35 23 33 25
38 33 38 32 40 32 40 33
18 16 20 16 20 17 18 17
19 21 19 23 18 23 18 21
25 18 23 16 24 15 26 17
26 18 26 20 25 20 25 18
24 20 22 18 24 16 26 18
25 23 23 21 24 20 26 22
25 21 27 21 27 23 25 23
24 21 24 20 25 20 25 21
26 32 25 32 25 31 26 31
32 25 33 25 33 26 32 26
34 18 35 19 33 21 32 20
33 15 32 16 34 18 35 17
33 23 35 23 35 25 33 25
31 21 31 23 33 23 33 21
38 31 36 33 34 31 36 29
20 34 23 34 23 30 20 30
23 35 22 36 20 34 21 33
25 34 25 35 23 35 23 34
24 35 25 34 29 38 28 39
22 35 23 36 24 35 23 34
18 35 22 35 22 36 18 36
17 32 16 33 18 35 19 34
14 28 14 32 17 32 17 28
12 30 14 28 16 30 14 32
12 33 12 30 16 30 16 33
20 24 19 23 22 20 23 21
22 28 22 24 20 24 20 28
24 32 21 29 22 28 25 31
22 32 22 28 24 28 24 32
19 31 21 33 22 32 20 30
21 31 19 31 19 29 21 29
32 34 33 35 29 39 28 38
34 34 32 34 32 31 34 31
36 36 35 37 33 35 34 34
38 36 36 36 36 33 38 33
37 35 38 36 37 37 36 36
41 37 41 35 37 35 37 37
42 36 41 37 40 36 41 35
24 25 24 28 28 28 28 25
22 27 24 25 28 29 26 31
18 31 14 27 18 23 22 27
18 34 18 31 19 31 19 34
30 22 30 25 28 25 28 22
29 19 28 20 30 22 31 21
30 18 29 19 25 15 26 14
31 18 30 18 30 16 31 16
23 32 25 34 28 31 26 29
17 33 17 32 21 32 21 33
15 37 14 36 17 33 18 34
15 40 13 40 13 37 15 37
15 20 18 23 21 20 18 17
15 21 15 20 18 20 18 21
15 23 14 23 14 21 15 21
18 24 18 23 15 23 15 24
16 20 15 21 18 24 19 23
16 18 15 19 16 20 17 19
16 17 18 17 18 18 16 18
14 15 15 14 17 16 16 17
17 15 17 16 14 16 14 15
15 17 17 15 18 16 16 18
16 14 16 17 15 17 15 14
19 20 21 18 24 21 22 23
15 18 18 21 19 20 16 17
13 18 15 18 15 19 13 19
12 19 13 18 15 20 14 21
29 15 26 18 27 19 30 16
29 11 27 13 29 15 31 13
33 11 33 15 29 15 29 11
35 13 33 15 31 13 33 11
31 37 31 41 27 41 27 37
27 16 27 13 30 13 30 16
31 20 30 21 26 17 27 16
32 18 32 20 31 20 31 18
33 16 33 18 32 18 32 16
28 15 31 18 33 16 30 13
28 19 28 15 29 15 29 19
33 38 29 38 29 36 33 36
32 39 29 36 30 35 33 38
32 43 29 43 29 39 32 39
30 41 32 39 34 41 32 43
26 35 29 35 29 36 26 36
30 34 29 33 33 29 34 30
34 32 32 34 29 31 31 29
35 24 31 20 33 18 37 22
36 25 34 27 33 26 35 24
38 18 38 15 39 15 39 18
43 33 41 35 38 32 40 30
42 33 42 36 40 36 40 33
16 24 15 23 18 20 19 21
20 37 19 37 19 34 20 34
21 36 22 37 21 38 20 37
20 33 19 34 21 36 22 35
23 23 22 24 19 21 20 20
22 21 22 23 23 23 23 21
38 35 35 38 33 36 36 33
34 21 34 18 33 18 33 21
28 21 31 24 34 21 31 18
25 24 22 21 25 18 28 21
23 24 23 23 25 23 25 24
12 18 14 16 15 17 13 19
31 33 30 33 30 29 31 29
35 33 35 37 31 37 31 33
38 30 35 33 34 32 37 29
40 28 40 30 38 30 38 28
42 30 40 32 38 30 40 28
42 32 40 32 40 30 42 30
43 32 43 33 42 33 42 32
30 20 31 20 31 21 30 21
37 33 34 30 35 29 38 32
34 38 35 38 35 41 34 41
24 19 24 16 27 16 27 19
32 13 32 16 31 16 31 13
18 29 17 28 22 23 23 24
19 24 19 29 18 29 18 24
20 23 20 24 19 24 19 23
21 23 20 23 20 20 21 20
7 32 15 40 23 32 15 24
7 36 7 32 14 32 14 36
13 32 21 40 20 41 12 33
36 17 29 24 25 20 32 13
36 19 35 19 35 17 36 17
32 38 37 33 40 36 35 41
35 11 37 13 32 18 30 16
37 11 37 13 35 13 35 11
39 13 37 15 35 13 37 11
36 11 38 13 33 18 31 16
40 20 35 25 33 23 38 18
15 42 13 40 18 35 20 37
28 41 25 38 30 33 33 36
25 29 24 28 30 22 31 23
26 24 26 29 25 29 25 24
21 27 22 28 26 24 25 23
17 25 20 28 21 27 18 24
13 27 14 28 17 25 16 24
13 23 14 23 14 27 13 27
11 21 13 19 15 21 13 23
11 16 14 16 14 21 11 21
12 23 12 19 13 19 13 23
8 27 12 23 17 28 13 32
35 14 35 17 26 17 26 14
