best-score: 701607
count: 8
elapsed-time: 4.856
126
22 23 23 23 23 24 22 24
32 16 33 15 34 16 33 17
28 14 27 15 28 16 29 15
24 31 23 32 24 33 25 32
30 26 30 25 31 25 31 26
20 20 19 21 18 20 19 19
28 22 27 23 26 22 27 21
13 33 12 34 11 33 12 32
11 29 12 28 13 29 12 30
24 32 24 33 23 33 23 32
25 31 25 32 24 32 24 31
33 22 32 23 31 22 32 21
27 22 27 23 26 23 26 22
28 21 28 22 27 22 27 21
17 28 17 26 19 26 19 28
18 27 17 28 16 27 17 26
20 27 19 28 18 27 19 26
19 17 19 18 17 18 17 17
19 15 21 17 19 19 17 17
21 15 21 17 19 17 19 15
19 13 21 15 19 17 17 15
17 13 19 13 19 15 17 15
21 13 19 15 17 13 19 11
19 32 17 30 19 28 21 30
18 33 19 32 20 33 19 34
21 31 22 30 24 32 23 33
22 31 21 31 21 30 22 30
21 34 20 33 22 31 23 32
32 26 33 25 35 27 34 28
31 27 30 26 31 25 32 26
32 27 31 27 31 26 32 26
34 27 34 28 32 28 32 27
27 14 28 14 28 12 27 12
25 14 27 14 27 15 25 15
25 10 23 12 25 14 27 12
29 32 27 30 28 29 30 31
23 20 24 20 24 18 23 18
24 21 22 23 21 22 23 20
25 20 27 22 26 23 24 21
25 16 23 18 25 20 27 18
25 21 25 20 24 20 24 21
26 18 24 20 25 21 27 19
26 19 26 18 27 18 27 19
33 24 31 26 30 25 32 23
31 24 31 22 33 22 33 24
21 11 21 13 19 13 19 11
21 32 21 31 19 31 19 32
24 24 23 23 25 21 26 22
14 12 14 14 12 14 12 12
11 28 11 26 12 26 12 28
13 35 11 35 11 33 13 33
12 36 11 35 12 34 13 35
15 17 12 14 14 12 17 15
15 15 17 15 17 17 15 17
16 12 14 14 15 15 17 13
13 22 17 18 21 22 17 26
16 22 13 22 13 21 16 21
13 19 15 17 18 20 16 22
11 19 13 21 17 17 15 15
11 21 11 19 13 19 13 21
17 33 17 30 18 30 18 33
16 32 18 30 19 31 17 33
16 34 16 32 19 32 19 34
16 36 12 36 12 34 16 34
29 17 33 17 33 15 29 15
12 17 15 14 19 18 16 21
24 8 28 12 25 15 21 11
32 14 32 16 28 16 28 14
35 13 33 15 32 14 34 12
35 16 34 16 34 13 35 13
27 28 24 31 20 27 23 24
24 12 21 15 24 18 27 15
23 8 23 12 24 12 24 8
14 15 14 14 15 14 15 15
16 19 16 21 19 21 19 19
31 29 34 32 35 31 32 28
28 27 28 29 31 29 31 27
29 28 28 29 27 28 28 27
32 32 32 28 29 28 29 32
25 34 25 32 29 32 29 34
28 20 28 16 25 16 25 20
32 20 32 21 28 21 28 20
16 30 16 32 12 32 12 30
19 33 16 36 13 33 16 30
20 26 16 30 12 26 16 22
20 30 20 27 18 27 18 30
20 32 19 31 20 30 21 31
30 29 29 28 31 26 32 27
30 18 28 20 27 19 29 17
16 28 17 28 17 30 16 30
12 18 12 26 17 26 17 18
27 29 25 31 20 26 22 24
19 29 19 28 27 28 27 29
17 27 19 29 18 30 16 28
36 20 31 25 28 22 33 17
28 11 34 11 34 12 28 12
28 30 27 30 27 29 28 29
23 31 24 31 24 24 23 24
22 32 23 32 23 31 22 31
22 34 21 34 21 32 22 32
21 35 19 33 20 32 22 34
19 35 19 34 21 34 21 35
18 36 16 34 17 33 19 35
26 12 26 18 24 18 24 12
13 31 13 29 19 29 19 31
11 31 12 32 13 31 12 30
20 21 20 26 19 26 19 21
23 21 20 21 20 20 23 20
13 23 17 27 23 21 19 17
25 25 20 30 19 29 24 24
28 28 25 25 27 23 30 26
29 29 28 30 27 29 28 28
21 19 26 19 26 22 21 22
28 26 28 27 20 27 20 26
24 23 23 23 23 21 24 21
26 24 26 23 24 23 24 24
35 20 35 27 34 27 34 20
36 19 35 20 27 12 28 11
35 19 36 19 36 20 35 20
21 18 21 19 19 19 19 18
27 16 23 20 21 18 25 14
23 17 23 18 21 18 21 17
30 21 21 30 22 31 31 22
32 13 27 18 30 21 35 16
29 8 19 18 24 23 34 13
15 10 25 10 25 14 15 14
