best-score: 752411
count: 3
elapsed-time: 4.995
225
20 15 19 16 18 15 19 14
20 16 19 16 19 15 20 15
18 16 19 17 20 16 19 15
18 17 18 16 19 16 19 17
17 35 18 35 18 36 17 36
26 33 27 33 27 34 26 34
25 32 25 33 26 33 26 32
24 33 25 32 26 33 25 34
24 34 24 33 25 33 25 34
25 35 24 34 25 33 26 34
26 36 26 35 25 35 25 36
15 29 16 30 15 31 14 30
15 30 14 30 14 29 15 29
16 31 16 30 15 30 15 31
17 30 16 31 15 30 16 29
35 35 36 35 36 36 35 36
33 32 32 31 33 30 34 31
32 26 33 26 33 27 32 27
32 28 31 27 32 26 33 27
31 28 31 27 32 27 32 28
30 27 31 26 32 27 31 28
33 31 33 32 32 32 32 31
34 30 34 31 33 31 33 30
34 32 33 31 34 30 35 31
35 32 34 32 34 31 35 31
33 14 34 15 33 16 32 15
34 14 34 15 33 15 33 14
35 15 34 16 33 15 34 14
35 16 34 16 34 15 35 15
35 14 34 15 35 16 36 15
36 14 36 15 35 15 35 14
38 19 38 20 37 20 37 19
23 32 24 33 23 34 22 33
23 22 24 22 24 23 23 23
26 20 25 21 24 20 25 19
25 30 25 29 24 29 24 30
25 28 24 29 25 30 26 29
26 28 26 29 25 29 25 28
27 29 26 30 25 29 26 28
27 30 26 30 26 29 27 29
28 29 27 30 26 29 27 28
32 35 31 36 30 35 31 34
24 35 25 36 26 35 25 34
23 35 23 34 24 34 24 35
17 29 17 30 16 30 16 29
30 16 29 16 29 15 30 15
30 14 29 15 30 16 31 15
31 14 31 15 30 15 30 14
30 13 31 14 30 15 29 14
29 13 30 13 30 14 29 14
33 33 33 32 34 32 34 33
32 37 33 38 34 37 33 36
30 37 31 38 32 37 31 36
32 16 32 15 33 15 33 16
32 14 31 15 32 16 33 15
22 22 23 21 24 22 23 23
22 21 23 21 23 22 22 22
18 14 19 14 19 15 18 15
28 28 28 29 27 29 27 28
33 37 33 38 32 38 32 37
34 36 34 37 33 37 33 36
35 37 34 36 35 35 36 36
20 33 18 31 20 29 22 31
20 31 22 31 22 33 20 33
18 29 18 31 20 31 20 29
16 16 16 15 18 15 18 16
16 21 18 23 17 24 15 22
16 33 18 35 17 36 15 34
18 33 16 33 16 31 18 31
20 35 20 33 18 33 18 35
16 38 15 37 17 35 18 36
16 36 17 36 17 38 16 38
21 28 20 28 20 26 21 26
29 32 27 34 26 33 28 31
15 16 13 14 14 13 16 15
15 18 15 16 16 16 16 18
35 30 37 30 37 31 35 31
36 31 35 32 34 31 35 30
34 12 34 14 35 14 35 12
36 10 38 12 36 14 34 12
34 25 32 23 33 22 35 24
34 26 34 25 36 25 36 26
34 28 33 27 34 26 35 27
35 28 35 30 34 30 34 28
34 29 32 27 33 26 35 28
37 29 35 27 36 26 38 28
37 34 36 35 34 33 35 32
36 34 35 35 33 33 34 32
37 35 37 34 36 34 36 35
38 37 37 38 35 36 36 35
30 17 32 17 32 16 30 16
31 16 30 17 29 16 30 15
35 21 37 19 38 20 36 22
36 12 38 12 38 14 36 14
35 10 35 12 36 12 36 10
26 22 24 22 24 20 26 20
25 23 24 22 25 21 26 22
21 24 22 25 24 23 23 22
23 31 24 30 26 32 25 33
25 31 25 32 23 32 23 31
26 31 25 31 25 30 26 30
28 32 28 31 26 31 26 32
27 31 28 32 27 33 26 32
22 37 21 36 23 34 24 35
29 29 28 28 30 26 31 27
31 29 29 29 29 28 31 28
30 30 31 29 33 31 32 32
33 34 33 36 31 36 31 34
32 33 33 32 34 33 33 34
30 33 32 33 32 35 30 35
31 32 32 33 31 34 30 33
29 34 31 34 31 32 29 32
24 31 25 32 26 31 25 30
23 30 24 31 23 32 22 31
22 30 23 30 23 31 22 31
22 27 24 29 23 30 21 28
23 26 22 27 21 26 22 25
23 24 23 26 21 26 21 24
29 31 28 31 28 29 29 29
28 30 29 29 30 30 29 31
34 35 33 36 32 35 33 34
35 33 35 35 34 35 34 33
23 19 25 19 25 21 23 21
22 20 23 19 24 20 23 21
12 14 16 18 18 16 14 12
13 16 13 14 12 14 12 16
16 13 18 15 15 18 13 16
14 15 16 15 16 13 14 13
15 36 18 33 20 35 17 38
14 37 15 37 15 36 14 36
13 36 14 37 13 38 12 37
12 35 14 33 15 34 13 36
13 33 13 35 12 35 12 33
13 30 14 30 14 33 13 33
14 31 13 30 14 29 15 30
15 23 18 23 18 22 15 22
18 20 15 23 14 22 17 19
18 21 18 20 22 20 22 21
11 22 14 25 18 21 15 18
11 25 11 22 14 22 14 25
21 33 23 35 20 38 18 36
20 32 22 30 23 31 21 33
19 33 16 30 17 29 20 32
23 20 22 21 18 17 19 16
30 19 26 23 23 20 27 16
30 22 30 19 33 19 33 22
27 19 30 16 33 19 30 22
25 16 25 19 27 19 27 16
23 16 23 15 25 15 25 16
20 18 23 18 23 16 20 16
20 22 18 20 20 18 22 20
20 25 20 22 22 22 22 25
17 28 20 25 21 26 18 29
13 26 16 29 17 28 14 25
27 15 23 19 20 16 24 12
27 14 29 14 29 15 27 15
24 13 26 15 27 14 25 12
21 13 21 12 24 12 24 13
20 12 21 13 19 15 18 14
21 25 25 29 24 30 20 26
16 25 17 24 21 28 20 29
16 26 16 25 20 25 20 26
20 30 16 26 20 22 24 26
23 38 20 38 20 35 23 35
25 40 23 38 25 36 27 38
21 40 21 36 25 36 25 40
20 39 22 37 23 38 21 40
17 39 17 38 20 38 20 39
22 13 25 16 23 18 20 15
19 22 18 23 20 25 21 24
19 18 20 18 20 22 19 22
28 15 27 14 28 13 29 14
27 36 31 36 31 38 27 38
28 35 27 36 26 35 27 34
29 36 28 35 29 34 30 35
28 39 27 38 29 36 30 37
14 18 15 18 15 22 14 22
14 14 12 16 14 18 16 16
40 27 37 30 35 28 38 25
34 17 35 16 38 19 37 20
33 18 32 17 33 16 34 17
37 18 37 19 33 19 33 18
38 27 38 28 35 28 35 27
40 25 40 27 38 27 38 25
38 23 40 25 38 27 36 25
36 23 38 23 38 25 36 25
33 23 33 22 36 22 36 23
29 19 33 23 30 26 26 22
29 17 30 17 30 19 29 19
31 23 31 26 32 26 32 23
23 29 24 29 24 26 23 26
25 26 25 23 24 23 24 26
26 26 26 23 30 23 30 26
27 27 26 26 30 22 31 23
26 27 27 27 27 28 26 28
29 22 25 26 26 27 30 23
27 22 27 19 29 19 29 22
15 26 16 26 16 29 15 29
13 23 13 26 15 26 15 23
14 28 11 25 13 23 16 26
18 19 16 21 13 18 15 16
17 17 17 19 18 19 18 17
25 24 29 28 30 27 26 23
28 37 30 37 30 35 28 35
33 17 34 17 34 16 33 16
32 18 33 18 33 17 32 17
18 28 18 29 17 29 17 28
25 27 25 26 26 26 26 27
22 28 25 28 25 27 22 27
21 30 22 30 22 28 21 28
26 12 26 15 25 15 25 12
24 10 26 12 23 15 21 13
25 10 25 12 24 12 24 10
24 9 25 10 22 13 21 12
25 25 24 26 25 27 26 26
16 34 16 36 15 36 15 34
15 33 16 34 14 36 13 35
14 34 15 34 15 33 14 33
14 16 14 18 13 18 13 16
14 35 14 36 13 36 13 35
10 28 15 33 20 28 15 23
10 29 10 28 14 28 14 29
31 39 26 34 27 33 32 38
32 39 31 39 31 38 32 38
22 39 22 37 28 37 28 39
