best-score: 914795
count: 39
elapsed-time: 4.572
55
12 8 13 8 13 9 12 9
13 7 14 8 13 9 12 8
14 7 14 8 13 8 13 7
16 22 16 23 15 23 15 22
9 14 8 13 9 12 10 13
8 17 9 17 9 18 8 18
8 19 7 18 8 17 9 18
7 19 7 18 8 18 8 19
22 9 23 9 23 8 22 8
21 8 22 7 23 8 22 9
21 7 22 7 22 8 21 8
9 13 9 12 10 12 10 13
8 16 8 14 9 14 9 16
7 17 8 16 9 17 8 18
7 16 8 16 8 17 7 17
8 15 9 16 8 17 7 16
11 26 8 23 12 19 15 22
20 10 20 13 18 13 18 10
19 9 21 7 22 8 20 10
19 12 19 9 22 9 22 12
23 10 20 13 19 12 22 9
16 14 20 10 22 12 18 16
19 14 16 14 16 12 19 12
12 22 12 19 15 19 15 22
11 23 7 19 8 18 12 22
8 22 8 23 11 23 11 22
15 26 11 26 11 23 15 23
15 13 13 13 13 9 15 9
12 10 13 9 16 12 15 13
9 9 9 10 12 10 12 9
6 10 7 9 10 12 9 13
6 12 6 10 9 10 9 12
15 16 18 16 18 13 15 13
16 17 15 16 18 13 19 14
14 15 15 16 12 19 11 18
16 3 21 8 14 15 9 10
17 15 14 15 14 8 17 8
7 21 15 13 16 14 8 22
15 17 9 17 9 16 15 16
16 19 16 17 15 17 15 19
22 22 22 19 16 19 16 22
20 21 15 26 11 22 16 17
24 15 16 23 15 22 23 14
10 16 9 17 15 23 16 22
11 15 10 16 8 14 9 13
17 17 15 19 11 15 13 13
23 21 22 22 17 17 18 16
20 14 20 21 23 21 23 14
14 18 14 15 11 15 11 18
24 17 17 17 17 15 24 15
23 18 19 14 20 13 24 17
10 3 10 12 16 12 16 3
9 4 10 3 14 7 13 8
7 4 9 4 9 9 7 9
4 7 7 4 12 9 9 12
