best-score: 786190
count: 2
elapsed-time: 4.907
350
31 36 30 37 29 36 30 35
30 36 30 35 31 35 31 36
32 36 31 37 30 36 31 35
33 37 33 36 32 36 32 37
34 36 33 37 32 36 33 35
35 35 36 36 35 37 34 36
25 31 25 30 24 30 24 31
25 38 25 37 24 37 24 38
25 36 24 37 25 38 26 37
26 36 26 37 25 37 25 36
27 35 27 36 26 36 26 35
26 34 27 35 26 36 25 35
25 34 26 34 26 35 25 35
24 35 25 34 26 35 25 36
23 35 23 34 24 34 24 35
24 36 23 35 24 34 25 35
23 37 24 36 25 37 24 38
23 36 24 36 24 37 23 37
22 35 23 34 24 35 23 36
26 27 25 28 24 27 25 26
24 21 25 21 25 22 24 22
26 21 25 22 24 21 25 20
26 31 25 32 24 31 25 30
26 32 25 32 25 31 26 31
25 23 26 24 25 25 24 24
26 22 26 23 25 23 25 22
23 18 24 19 23 20 22 19
22 18 22 17 23 17 23 18
21 17 22 16 23 17 22 18
13 30 12 29 13 28 14 29
14 31 14 30 13 30 13 31
15 30 16 31 15 32 14 31
15 31 15 30 16 30 16 31
14 32 15 32 15 31 14 31
13 33 12 32 13 31 14 32
14 33 13 33 13 32 14 32
13 14 14 14 14 15 13 15
12 13 13 12 14 13 13 14
13 13 13 14 12 14 12 13
14 12 14 13 13 13 13 12
15 13 14 14 13 13 14 12
15 14 14 14 14 13 15 13
16 15 15 16 14 15 15 14
15 15 16 15 16 16 15 16
14 16 13 15 14 14 15 15
12 31 13 30 14 31 13 32
14 38 13 37 14 36 15 37
12 28 13 28 13 27 12 27
18 21 17 21 17 20 18 20
19 20 18 21 17 20 18 19
17 36 18 37 17 38 16 37
17 37 16 37 16 36 17 36
16 38 15 37 16 36 17 37
15 38 15 37 16 37 16 38
14 37 15 36 16 37 15 38
13 38 14 38 14 37 13 37
19 21 18 22 17 21 18 20
19 22 18 22 18 21 19 21
17 33 18 34 17 35 16 34
16 33 16 32 17 32 17 33
15 34 14 33 15 32 16 33
15 33 16 33 16 34 15 34
14 34 15 33 16 34 15 35
14 35 14 34 15 34 15 35
16 35 15 36 14 35 15 34
17 34 17 35 16 35 16 34
18 35 17 36 16 35 17 34
18 36 17 36 17 35 18 35
19 19 19 20 18 20 18 19
35 22 34 22 34 21 35 21
33 22 34 23 35 22 34 21
32 23 31 22 32 21 33 22
33 23 32 23 32 22 33 22
33 21 32 22 33 23 34 22
26 20 26 21 25 21 25 20
27 21 26 22 25 21 26 20
27 22 26 22 26 21 27 21
27 24 26 23 27 22 28 23
28 24 27 24 27 23 28 23
27 25 26 24 27 23 28 24
26 26 25 26 25 25 26 25
27 27 26 26 27 25 28 26
26 28 27 28 27 27 26 27
24 23 25 23 25 24 24 24
27 37 26 38 25 37 26 36
27 38 26 38 26 37 27 37
28 37 27 38 26 37 27 36
26 19 25 20 24 19 25 18
24 25 25 24 26 25 25 26
39 20 38 21 37 20 38 19
37 37 36 36 37 35 38 36
37 36 38 36 38 37 37 37
36 35 36 36 37 36 37 35
37 34 36 35 35 34 36 33
36 34 36 33 37 33 37 34
38 34 37 35 36 34 37 33
38 35 37 35 37 34 38 34
39 36 38 37 37 36 38 35
36 25 37 25 37 26 36 26
28 35 27 36 26 35 27 34
28 36 28 37 27 37 27 36
29 35 29 36 28 36 28 35
29 37 28 36 29 35 30 36
28 34 28 35 27 35 27 34
29 33 30 34 29 35 28 34
31 21 32 21 32 22 31 22
31 23 30 22 31 21 32 22
30 23 30 22 31 22 31 23
34 16 33 17 32 16 33 15
34 17 33 17 33 16 34 16
23 38 22 37 23 36 24 37
22 38 22 37 23 37 23 38
21 37 22 36 23 37 22 38
21 36 22 36 22 37 21 37
32 30 33 31 34 30 33 29
32 31 32 30 33 30 33 31
33 32 32 31 33 30 34 31
34 32 33 32 33 31 34 31
32 34 31 35 30 34 31 33
33 34 33 35 32 35 32 34
34 35 33 36 32 35 33 34
35 36 35 35 34 35 34 36
36 37 36 36 35 36 35 37
34 37 35 38 36 37 35 36
34 38 34 37 35 37 35 38
23 26 23 27 22 27 22 26
23 28 22 27 23 26 24 27
24 28 23 28 23 27 24 27
23 15 22 16 21 15 22 14
17 19 17 20 16 20 16 19
18 18 19 19 18 20 17 19
17 18 18 18 18 19 17 19
17 26 17 27 16 27 16 26
18 30 17 31 16 30 17 29
17 30 17 29 18 29 18 30
18 31 17 32 16 31 17 30
19 30 19 31 18 31 18 30
19 29 20 29 20 30 19 30
18 32 17 33 16 32 17 31
18 33 17 34 16 33 17 32
22 15 22 16 21 16 21 15
23 14 23 15 22 15 22 14
23 16 22 17 21 16 22 15
29 34 29 35 30 35 30 34
28 33 28 34 29 34 29 33
34 29 34 30 33 30 33 29
35 28 35 29 34 29 34 28
35 30 34 29 35 28 36 29
36 30 35 30 35 29 36 29
36 28 35 29 36 30 37 29
37 28 37 29 36 29 36 28
36 27 37 26 38 27 37 28
35 26 36 27 35 28 34 27
35 27 35 26 36 26 36 27
37 27 36 28 35 27 36 26
38 26 38 27 37 27 37 26
39 25 38 26 37 25 38 24
32 15 33 15 33 16 32 16
33 38 32 37 33 36 34 37
18 38 18 37 17 37 17 38
19 37 18 38 17 37 18 36
15 29 14 30 15 31 16 30
19 36 19 37 18 37 18 36
19 28 20 29 19 30 18 29
18 28 19 28 19 29 18 29
16 28 17 29 18 28 17 27
35 31 34 31 34 30 35 30
39 27 38 28 37 27 38 26
39 28 38 28 38 27 39 27
39 35 39 36 38 36 38 35
30 19 30 17 29 17 29 19
32 17 34 19 32 21 30 19
31 16 32 15 33 16 32 17
30 16 31 16 31 17 30 17
30 18 29 17 30 16 31 17
32 20 31 21 29 19 30 18
35 19 33 21 32 20 34 18
37 19 36 20 35 19 36 18
36 19 37 19 37 20 36 20
35 18 35 19 36 19 36 18
35 20 34 19 35 18 36 19
34 20 34 19 35 19 35 20
33 20 34 20 34 21 33 21
31 14 30 15 28 13 29 12
31 25 29 27 28 26 30 24
32 25 31 25 31 23 32 23
21 22 22 23 24 21 23 20
21 23 21 22 22 22 22 23
23 25 22 26 20 24 21 23
24 26 24 25 23 25 23 26
25 27 25 26 24 26 24 27
25 29 24 28 25 27 26 28
24 29 24 28 25 28 25 29
26 29 25 30 24 29 25 28
26 30 25 30 25 29 26 29
27 31 26 32 25 31 26 30
22 28 24 30 22 32 20 30
21 27 22 26 23 27 22 28
21 28 21 27 22 27 22 28
21 26 20 27 21 28 22 27
20 26 21 26 21 27 20 27
19 26 19 24 20 24 20 26
18 27 19 26 20 27 19 28
17 28 18 28 18 27 17 27
16 29 17 28 18 29 17 30
15 28 15 29 16 29 16 28
21 24 23 26 24 25 22 23
20 23 20 24 21 24 21 23
18 23 19 24 20 23 19 22
24 32 25 32 25 34 24 34
22 31 22 32 24 32 24 31
23 30 22 31 20 29 21 28
22 30 22 28 23 28 23 30
20 31 22 31 22 30 20 30
19 32 18 31 19 30 20 31
19 34 18 33 19 32 20 33
21 34 21 36 19 36 19 34
23 32 21 34 20 33 22 31
22 21 24 21 24 19 22 19
11 29 12 28 14 30 13 31
11 31 11 29 12 29 12 31
13 26 13 24 14 24 14 26
14 27 13 28 12 27 13 26
15 26 16 27 15 28 14 27
15 27 14 27 14 26 15 26
14 28 13 27 14 26 15 27
13 29 14 29 14 28 13 28
26 33 28 33 28 32 26 32
24 33 25 34 26 33 25 32
27 32 28 33 27 34 26 33
28 25 28 24 30 24 30 25
27 26 28 26 28 25 27 25
28 27 27 28 26 27 27 26
28 28 28 27 29 27 29 28
27 29 26 28 27 27 28 28
28 29 27 29 27 28 28 28
27 30 26 29 27 28 28 29
28 31 27 32 26 31 27 30
19 33 19 32 18 32 18 33
20 32 19 33 18 32 19 31
22 34 20 32 22 30 24 32
21 35 22 34 23 35 22 36
20 36 18 34 19 33 21 35
20 38 19 37 20 36 21 37
20 35 19 36 18 35 19 34
36 21 36 20 35 20 35 21
37 22 36 23 35 22 36 21
39 22 37 22 37 20 39 20
38 23 37 22 38 21 39 22
39 24 37 26 36 25 38 23
38 25 39 25 39 24 38 24
33 24 34 23 36 25 35 26
34 24 33 24 33 23 34 23
32 24 33 25 34 24 33 23
33 33 34 32 36 34 35 35
35 33 35 34 33 34 33 33
36 31 36 33 35 33 35 31
35 32 34 31 35 30 36 31
32 26 34 28 35 27 33 25
33 26 32 26 32 25 33 25
38 32 37 33 35 31 36 30
38 33 37 33 37 32 38 32
39 34 38 35 37 34 38 33
35 16 34 17 35 18 36 17
27 16 25 18 23 16 25 14
22 33 22 32 20 32 20 33
23 33 23 34 22 34 22 33
36 24 38 24 38 23 36 23
35 25 36 24 37 25 36 26
35 24 36 24 36 25 35 25
40 17 38 19 36 17 38 15
39 33 39 34 38 34 38 33
40 34 39 35 38 34 39 33
40 35 39 35 39 34 40 34
37 18 38 18 38 19 37 19
37 17 37 18 36 18 36 17
35 15 37 17 36 18 34 16
34 15 35 15 35 16 34 16
37 23 36 24 34 22 35 21
28 30 28 31 27 31 27 30
29 31 28 32 27 31 28 30
31 31 31 33 29 33 29 31
31 24 32 23 33 24 32 25
29 24 30 25 31 24 30 23
35 17 35 18 34 18 34 17
36 16 36 17 35 17 35 16
29 16 30 17 31 16 30 15
29 15 30 15 30 16 29 16
28 16 26 14 27 13 29 15
28 17 28 16 29 16 29 17
28 21 26 19 28 17 30 19
20 20 22 22 21 23 19 21
20 21 19 21 19 20 20 20
21 18 19 20 20 21 22 19
21 19 21 18 22 18 22 19
20 18 21 19 20 20 19 19
20 17 21 17 21 18 20 18
19 16 20 17 18 19 17 18
14 17 15 16 17 18 16 19
15 17 14 17 14 16 15 16
14 18 15 17 17 19 16 20
22 24 22 26 21 26 21 24
31 26 29 28 28 27 30 25
32 27 31 26 32 25 33 26
32 28 32 27 34 27 34 28
31 28 32 27 34 29 33 30
31 30 31 28 32 28 32 30
30 31 28 29 29 28 31 30
31 32 29 34 28 33 30 31
28 15 29 16 28 17 27 16
29 13 29 15 28 15 28 13
30 13 29 13 29 12 30 12
32 13 32 15 30 15 30 13
33 14 32 15 31 14 32 13
34 14 34 15 33 15 33 14
27 15 28 15 28 16 27 16
31 27 32 27 32 26 31 26
30 26 30 25 31 25 31 26
25 19 26 20 29 17 28 16
24 18 24 19 25 19 25 18
29 20 26 20 26 19 29 19
16 21 18 23 15 26 13 24
15 20 16 19 17 20 16 21
15 21 15 20 16 20 16 21
15 22 12 22 12 21 15 21
15 23 15 22 18 22 18 23
13 21 15 23 14 24 12 22
40 29 37 32 36 31 39 28
27 17 28 17 28 21 27 21
19 13 16 16 18 18 21 15
22 13 22 14 19 14 19 13
21 14 22 13 23 14 22 15
38 13 35 16 34 15 37 12
35 13 38 13 38 15 35 15
36 14 35 15 34 14 35 13
26 18 26 14 25 14 25 18
19 23 20 24 17 27 16 26
20 22 20 23 19 23 19 22
21 21 21 22 20 22 20 21
31 20 31 17 32 17 32 20
29 21 31 21 31 20 29 20
29 23 28 23 28 21 29 21
28 22 29 21 30 22 29 23
31 11 34 14 33 15 30 12
33 11 33 14 31 14 31 11
34 12 30 16 29 15 33 11
36 12 36 14 34 14 34 12
35 11 36 12 35 13 34 12
18 24 19 24 19 23 18 23
16 22 15 21 16 20 17 21
