best-score: 767162
count: 2
elapsed-time: 4.589
269
20 18 19 19 18 18 19 17
20 20 19 21 18 20 19 19
22 19 23 20 24 19 23 18
23 13 24 14 23 15 22 14
22 13 23 13 23 14 22 14
26 37 25 38 24 37 25 36
25 37 25 36 26 36 26 37
24 38 25 38 25 37 24 37
23 37 24 38 23 39 22 38
22 37 23 37 23 38 22 38
23 36 24 37 23 38 22 37
24 36 24 37 23 37 23 36
25 35 26 36 25 37 24 36
24 35 25 35 25 36 24 36
32 25 31 26 32 27 33 26
31 31 32 31 32 30 31 30
31 32 30 31 31 30 32 31
30 32 30 31 31 31 31 32
35 40 35 41 34 41 34 40
15 23 14 22 15 21 16 22
15 22 16 22 16 23 15 23
14 21 14 22 15 22 15 21
14 40 15 39 16 40 15 41
15 40 14 40 14 39 15 39
16 41 16 40 15 40 15 41
16 21 17 22 16 23 15 22
17 21 17 22 16 22 16 21
16 20 17 19 18 20 17 21
15 20 16 20 16 21 15 21
40 25 40 24 41 24 41 25
42 25 41 26 40 25 41 24
42 26 41 26 41 25 42 25
18 22 17 23 16 22 17 21
18 23 17 23 17 22 18 22
28 15 29 15 29 14 28 14
30 15 29 16 28 15 29 14
30 16 29 16 29 15 30 15
27 37 28 38 29 37 28 36
28 37 27 37 27 36 28 36
27 38 26 37 27 36 28 37
26 38 26 37 27 37 27 38
25 39 24 38 25 37 26 38
26 39 25 39 25 38 26 38
24 15 24 14 23 14 23 15
24 39 24 38 23 38 23 39
25 40 24 39 25 38 26 39
24 40 24 39 25 39 25 40
22 36 23 35 24 36 23 37
22 35 23 35 23 36 22 36
23 34 24 35 23 36 22 35
24 34 24 35 23 35 23 34
25 33 26 34 25 35 24 34
38 18 37 18 37 17 38 17
31 27 31 28 30 28 30 27
32 26 32 27 31 27 31 26
33 25 33 26 32 26 32 25
33 24 34 24 34 25 33 25
35 24 34 25 33 24 34 23
29 38 28 38 28 37 29 37
29 36 28 37 29 38 30 37
30 36 30 37 29 37 29 36
35 23 35 24 34 24 34 23
16 18 18 18 18 20 16 20
17 17 18 18 17 19 16 18
17 16 19 16 19 17 17 17
20 22 20 20 18 20 18 22
19 23 18 22 19 21 20 22
18 33 20 33 20 35 18 35
19 34 18 33 19 32 20 33
19 36 18 35 19 34 20 35
17 36 17 34 19 34 19 36
16 35 17 34 18 35 17 36
26 32 26 34 24 34 24 32
25 31 26 32 25 33 24 32
22 42 21 41 23 39 24 40
22 32 24 34 23 35 21 33
21 32 22 32 22 33 21 33
21 34 20 33 21 32 22 33
21 36 20 35 21 34 22 35
21 38 20 37 21 36 22 37
19 38 19 36 21 36 21 38
18 37 19 36 20 37 19 38
22 17 24 15 25 16 23 18
24 17 24 19 22 19 22 17
24 16 25 16 25 17 24 17
33 29 32 30 30 28 31 27
31 39 29 37 30 36 32 38
33 21 35 23 34 24 32 22
33 22 32 22 32 21 33 21
36 21 34 23 33 22 35 20
38 23 36 21 37 20 39 22
39 23 38 23 38 22 39 22
39 25 38 24 39 23 40 24
33 33 32 34 30 32 31 31
35 31 37 33 35 35 33 33
35 33 35 31 36 31 36 33
33 35 35 35 35 33 33 33
35 37 33 35 35 33 37 35
36 37 35 37 35 35 36 35
38 35 40 37 38 39 36 37
32 39 30 37 32 35 34 37
33 38 33 39 32 39 32 38
36 17 37 18 35 20 34 19
34 16 34 17 36 17 36 16
36 38 34 40 33 39 35 37
20 16 19 15 21 13 22 14
39 15 37 17 36 16 38 14
34 28 36 30 35 31 33 29
35 27 34 28 32 26 33 25
27 16 29 16 29 18 27 18
25 18 27 16 29 18 27 20
25 20 23 20 23 18 25 18
29 17 31 19 29 21 27 19
28 16 29 15 30 16 29 17
27 40 27 38 28 38 28 40
28 39 27 40 26 39 27 38
29 35 28 36 26 34 27 33
28 35 29 35 29 36 28 36
28 32 27 33 26 32 27 31
27 32 27 31 28 31 28 32
41 39 40 39 40 37 41 37
17 25 16 25 16 23 17 23
21 25 19 27 17 25 19 23
19 25 21 25 21 27 19 27
18 25 18 23 19 23 19 25
14 25 16 27 18 25 16 23
16 26 16 25 14 25 14 26
16 34 16 32 17 32 17 34
14 35 16 35 16 34 14 34
35 18 37 18 37 20 35 20
39 21 40 22 39 23 38 22
40 21 40 22 39 22 39 21
42 23 41 24 39 22 40 21
29 24 28 25 30 27 31 26
27 35 27 33 25 33 25 35
38 33 38 35 37 35 37 33
34 33 36 35 38 33 36 31
16 33 17 32 18 33 17 34
20 15 20 16 19 16 19 15
21 16 20 15 22 13 23 14
21 18 20 18 20 16 21 16
20 17 21 16 22 17 21 18
17 14 18 13 20 15 19 16
19 14 19 15 17 15 17 14
20 41 18 41 18 37 20 37
21 42 20 41 23 38 24 39
20 42 20 41 21 41 21 42
19 35 16 32 18 30 21 33
20 40 17 37 19 35 22 38
19 41 20 40 21 41 20 42
21 19 20 18 23 15 24 16
21 21 19 21 19 19 21 19
23 25 20 22 21 21 24 24
24 25 23 25 23 24 24 24
29 22 25 26 24 25 28 21
30 21 33 24 32 25 29 22
32 19 30 21 27 18 29 16
31 21 32 21 32 19 31 19
28 33 25 36 24 35 27 32
30 33 28 33 28 32 30 32
33 34 32 35 30 33 31 32
28 22 32 26 31 27 27 23
28 24 28 22 29 22 29 24
32 17 34 17 34 19 32 19
33 16 32 17 30 15 31 14
36 15 34 17 33 16 35 14
40 15 38 17 36 15 38 13
39 17 40 17 40 15 39 15
35 30 35 27 32 27 32 30
37 30 36 31 35 30 36 29
37 31 36 31 36 30 37 30
30 19 32 17 34 19 32 21
31 16 31 19 30 19 30 16
33 14 33 16 31 16 31 14
29 34 32 34 32 35 29 35
29 32 28 33 29 34 30 33
29 30 28 31 29 32 30 31
31 29 31 30 29 30 29 29
33 28 33 29 31 29 31 28
34 26 34 28 33 28 33 26
37 25 37 26 34 26 34 25
36 22 35 23 37 25 38 24
38 21 38 22 36 22 36 21
39 18 39 21 38 21 38 18
38 19 37 18 38 17 39 18
37 28 36 29 33 26 34 25
41 28 37 28 37 26 41 26
36 18 33 21 31 19 34 16
37 19 36 18 37 17 38 18
38 41 34 37 36 35 40 39
40 41 38 41 38 39 40 39
30 40 30 37 34 37 34 40
19 42 18 41 19 40 20 41
22 20 21 21 20 20 21 19
24 22 22 20 25 17 27 19
24 21 28 21 28 22 24 22
16 28 14 26 17 23 19 25
19 28 16 28 16 27 19 27
21 26 19 28 16 25 18 23
22 27 21 26 23 24 24 25
13 39 13 35 14 35 14 39
11 32 13 30 16 33 14 35
21 28 21 32 19 32 19 28
22 28 21 28 21 27 22 27
24 28 24 32 22 32 22 28
28 28 24 28 24 25 28 25
26 30 28 28 29 29 27 31
23 29 25 31 26 30 24 28
12 18 13 17 16 20 15 21
12 36 13 35 16 38 15 39
30 20 30 19 27 19 27 20
25 23 27 23 27 20 25 20
29 27 28 28 24 24 25 23
30 24 30 27 29 27 29 24
31 24 30 24 30 21 31 21
22 41 21 41 21 38 22 38
24 26 22 28 21 27 23 25
43 35 41 37 37 33 39 31
14 17 13 16 16 13 17 14
14 19 14 17 17 17 17 19
18 17 15 20 14 19 17 16
19 18 18 17 19 16 20 17
14 16 14 17 13 17 13 16
14 15 17 15 17 16 14 16
30 35 29 36 28 35 29 34
28 29 30 27 31 28 29 30
29 28 29 29 28 29 28 28
38 27 35 27 35 24 38 24
39 24 37 26 38 27 40 25
40 23 40 24 39 24 39 23
42 22 42 23 40 23 40 22
43 21 42 22 38 18 39 17
35 13 38 13 38 14 35 14
22 24 22 20 23 20 23 24
36 26 40 30 39 31 35 27
43 23 41 25 40 24 42 22
43 25 42 25 42 23 43 23
43 17 43 21 40 21 40 17
27 13 24 16 25 17 28 14
25 13 27 13 27 16 25 16
27 17 24 14 25 13 28 16
32 29 31 28 32 27 33 28
19 26 18 25 23 20 24 21
15 30 19 26 21 28 17 32
13 23 13 30 15 30 15 23
17 30 17 25 18 25 18 30
21 30 19 32 17 30 19 28
22 29 28 35 27 36 21 30
23 28 22 29 21 28 22 27
26 31 23 28 25 26 28 29
25 30 25 31 26 31 26 30
43 30 38 35 36 33 41 28
40 35 43 35 43 30 40 30
38 37 40 37 40 35 38 35
38 38 36 38 36 37 38 37
40 42 37 39 38 38 41 41
41 42 40 42 40 41 41 41
11 28 16 28 16 32 11 32
12 13 12 18 16 18 16 13
17 35 16 34 22 28 23 29
39 30 40 30 40 25 39 25
12 37 12 36 17 36 17 37
16 37 14 39 12 37 14 35
17 38 16 37 17 36 18 37
17 40 16 40 16 38 17 38
16 39 17 40 16 41 15 40
34 42 22 42 22 41 34 41
33 41 34 40 35 41 34 42
32 42 30 40 31 39 33 41
