best-score: 716010
count: 9
elapsed-time: 4.83
107
36 15 35 16 34 15 35 14
15 20 14 21 15 22 16 21
15 21 15 20 16 20 16 21
17 21 16 22 15 21 16 20
17 22 16 22 16 21 17 21
18 21 17 22 16 21 17 20
14 22 15 22 15 21 14 21
19 27 19 26 20 26 20 27
16 18 17 18 17 19 16 19
15 19 16 18 17 19 16 20
18 19 17 20 16 19 17 18
18 20 17 20 17 19 18 19
21 26 20 27 19 26 20 25
21 25 21 26 20 26 20 25
26 34 26 32 28 32 28 34
15 32 15 31 17 31 17 32
16 31 17 32 16 33 15 32
19 28 17 28 17 27 19 27
21 24 20 25 18 23 19 22
21 23 22 23 22 24 21 24
20 24 21 23 22 24 21 25
13 31 11 29 12 28 14 30
13 30 13 28 14 28 14 30
32 22 29 22 29 19 32 19
36 18 32 22 29 19 33 15
34 18 34 15 36 15 36 18
25 32 22 35 21 34 24 31
25 29 26 29 26 32 25 32
23 31 25 29 28 32 26 34
24 35 24 31 23 31 23 35
27 34 25 32 29 28 31 30
36 17 33 20 32 19 35 16
26 19 26 17 29 17 29 19
29 16 32 19 29 22 26 19
30 15 29 16 25 12 26 11
32 17 30 15 32 13 34 15
25 37 23 35 26 32 28 34
29 37 25 37 25 35 29 35
28 38 25 35 26 34 29 37
31 38 28 38 28 34 31 34
22 15 26 19 22 23 18 19
21 12 20 13 22 15 23 14
23 21 23 19 26 19 26 21
20 18 23 21 21 23 18 20
13 24 15 22 19 26 17 28
12 24 13 24 13 28 12 28
10 24 11 25 12 24 11 23
18 28 15 31 14 30 17 27
22 32 18 28 19 27 23 31
11 16 12 15 16 19 15 20
10 22 11 23 15 19 14 18
12 22 12 24 10 24 10 22
32 30 33 31 29 35 28 34
32 34 31 34 31 30 32 30
15 23 16 22 20 26 19 27
13 25 12 24 14 22 15 23
17 26 17 22 19 22 19 26
14 29 17 26 19 28 16 31
12 29 13 30 14 29 13 28
11 28 11 29 12 29 12 28
15 13 13 15 16 18 18 16
16 23 15 23 15 22 16 22
13 11 13 15 12 15 12 11
15 9 17 11 15 13 13 11
32 16 32 17 29 17 29 16
32 14 35 14 35 16 32 16
36 12 33 15 32 14 35 11
21 21 21 23 18 23 18 21
27 14 27 13 32 13 32 14
35 30 32 30 32 22 35 22
30 25 35 30 31 34 26 29
22 22 29 22 29 23 22 23
19 15 19 22 22 22 22 15
21 17 20 18 18 16 19 15
25 17 21 17 21 12 25 12
23 15 25 17 23 19 21 17
27 15 23 15 23 14 27 14
30 12 32 14 29 17 27 15
31 15 31 12 30 12 30 15
31 20 31 15 33 15 33 20
17 35 22 35 22 32 17 32
27 26 29 28 35 22 33 20
21 27 27 27 27 26 21 26
20 34 21 34 21 27 20 27
23 37 20 34 22 32 25 35
22 37 22 35 23 35 23 37
19 30 17 32 22 37 24 35
20 9 20 13 15 13 15 9
22 26 21 27 20 26 21 25
24 24 27 27 25 29 22 26
17 15 19 15 19 11 17 11
14 11 14 18 16 18 16 11
18 17 17 18 11 12 12 11
11 17 11 16 18 16 18 17
10 18 11 17 15 21 14 22
10 21 10 18 14 18 14 21
8 23 10 21 13 24 11 26
8 17 11 17 11 23 8 23
21 19 21 17 18 17 18 19
11 27 11 26 17 26 17 27
14 26 12 28 11 27 13 25
39 27 32 34 22 24 29 17
27 25 27 15 30 15 30 25
25 19 23 21 27 25 29 23
23 20 17 26 8 17 14 11
29 30 19 30 19 28 29 28
33 24 33 31 24 31 24 24
