best-score: 728985
count: 1
elapsed-time: 4.988
456
14 42 15 41 16 42 15 43
37 43 38 42 39 43 38 44
38 43 37 43 37 42 38 42
39 44 39 43 38 43 38 44
40 34 39 35 38 34 39 33
41 34 41 35 40 35 40 34
40 33 41 34 40 35 39 34
39 32 39 33 40 33 40 32
41 32 40 33 39 32 40 31
39 15 39 16 38 16 38 15
31 19 32 20 31 21 30 20
31 20 31 19 32 19 32 20
30 21 31 21 31 20 30 20
30 19 29 20 30 21 31 20
29 19 30 19 30 20 29 20
33 27 32 26 33 25 34 26
33 26 34 26 34 27 33 27
32 25 32 26 33 26 33 25
32 27 31 26 32 25 33 26
31 27 31 26 32 26 32 27
31 34 31 33 32 33 32 34
33 34 32 35 31 34 32 33
33 35 32 35 32 34 33 34
33 30 32 31 31 30 32 29
34 31 33 30 34 29 35 30
27 37 26 36 27 35 28 36
26 22 27 22 27 23 26 23
26 24 25 23 26 22 27 23
25 24 25 23 26 23 26 24
25 22 24 23 25 24 26 23
26 21 25 22 24 21 25 20
27 20 28 21 27 22 26 21
23 41 22 41 22 40 23 40
22 42 21 41 22 40 23 41
21 42 21 41 22 41 22 42
23 42 22 43 21 42 22 41
24 41 24 42 23 42 23 41
25 42 24 43 23 42 24 41
25 43 24 43 24 42 25 42
23 43 22 43 22 42 23 42
24 44 23 43 24 42 25 43
23 44 23 43 24 43 24 44
32 39 31 40 30 39 31 38
32 40 32 39 33 39 33 40
32 30 32 29 31 29 31 30
30 30 31 31 32 30 31 29
18 25 19 24 20 25 19 26
19 23 20 23 20 24 19 24
20 22 21 23 20 24 19 23
21 22 21 23 20 23 20 22
22 23 21 24 20 23 21 22
23 24 22 23 23 22 24 23
20 30 19 29 20 28 21 29
19 31 18 32 19 33 20 32
19 32 19 31 20 31 20 32
18 33 17 32 18 31 19 32
17 33 17 32 18 32 18 33
17 31 16 32 17 33 18 32
16 31 17 31 17 32 16 32
20 42 19 41 20 40 21 41
34 25 33 26 34 27 35 26
35 27 34 26 35 25 36 26
34 15 35 15 35 16 34 16
35 14 36 15 35 16 34 15
36 14 36 15 35 15 35 14
34 30 33 30 33 29 34 29
35 31 35 30 34 30 34 31
33 31 32 30 33 29 34 30
25 21 25 20 24 20 24 21
24 39 23 40 24 41 25 40
24 22 25 22 25 23 24 23
23 21 24 20 25 21 24 22
22 22 21 21 22 20 23 21
23 23 23 22 22 22 22 23
22 24 21 23 22 22 23 23
22 25 22 24 23 24 23 25
23 26 22 27 21 26 22 25
22 26 23 26 23 27 22 27
21 25 21 26 22 26 22 25
40 20 39 19 40 18 41 19
40 19 41 19 41 20 40 20
39 18 39 19 40 19 40 18
42 32 41 33 40 32 41 31
42 33 41 33 41 32 42 32
43 34 43 33 42 33 42 34
42 35 41 34 42 33 43 34
41 30 41 31 40 31 40 30
38 23 39 24 40 23 39 22
38 24 38 23 39 23 39 24
39 25 38 24 39 23 40 24
40 25 39 25 39 24 40 24
19 21 20 22 21 21 20 20
19 20 20 20 20 21 19 21
18 19 19 18 20 19 19 20
22 21 22 22 21 22 21 21
21 20 22 21 21 22 20 21
20 35 21 34 22 35 21 36
21 35 21 36 20 36 20 35
22 34 22 35 21 35 21 34
44 36 44 35 45 35 45 36
46 36 45 37 44 36 45 35
46 37 45 37 45 36 46 36
21 19 21 20 20 20 20 19
19 22 18 21 19 20 20 21
18 22 18 21 19 21 19 22
36 25 36 26 35 26 35 25
37 26 36 27 35 26 36 25
37 27 36 27 36 26 37 26
38 26 37 27 36 26 37 25
36 16 35 17 34 16 35 15
37 15 38 16 37 17 36 16
37 16 36 16 36 15 37 15
38 17 37 16 38 15 39 16
36 17 35 17 35 16 36 16
38 25 38 26 37 26 37 25
39 26 38 25 39 24 40 25
38 35 37 35 37 34 38 34
38 33 37 34 38 35 39 34
23 20 23 21 22 21 22 20
24 26 23 27 22 26 23 25
16 19 16 18 17 18 17 19
17 20 16 19 17 18 18 19
18 20 17 20 17 19 18 19
17 21 18 20 19 21 18 22
16 20 17 21 16 22 15 21
15 19 16 18 17 19 16 20
18 34 17 35 16 34 17 33
19 34 18 34 18 33 19 33
44 27 43 28 42 27 43 26
42 29 43 29 43 28 42 28
28 33 27 33 27 32 28 32
28 24 29 24 29 25 28 25
16 21 17 21 17 20 16 20
17 22 16 21 17 20 18 21
17 23 17 22 18 22 18 23
18 24 17 23 18 22 19 23
19 25 19 24 18 24 18 25
20 26 20 25 19 25 19 26
21 27 20 26 21 25 22 26
20 27 20 26 21 26 21 27
19 28 18 27 19 26 20 27
20 29 20 28 19 28 19 29
21 30 21 29 20 29 20 30
19 30 20 31 21 30 20 29
18 30 19 30 19 31 18 31
17 29 18 28 19 29 18 30
16 23 17 22 18 23 17 24
16 24 16 23 17 23 17 24
15 23 16 22 17 23 16 24
15 22 16 22 16 23 15 23
14 21 15 20 16 21 15 22
14 22 14 21 15 21 15 22
40 22 40 23 39 23 39 22
24 24 23 23 24 22 25 23
43 21 43 22 42 22 42 21
17 25 16 26 15 25 16 24
18 26 17 25 18 24 19 25
17 26 17 25 18 25 18 26
16 25 17 24 18 25 17 26
15 24 15 25 16 25 16 24
14 23 15 22 16 23 15 24
14 24 14 23 15 23 15 24
13 23 14 22 15 23 14 24
13 22 14 22 14 23 13 23
24 25 24 26 23 26 23 25
25 26 24 25 25 24 26 25
25 25 26 25 26 26 25 26
27 25 26 26 25 25 26 24
28 26 27 25 28 24 29 25
27 26 27 25 28 25 28 26
27 24 26 25 27 26 28 25
28 23 27 24 26 23 27 22
19 27 18 27 18 26 19 26
17 27 18 28 19 27 18 26
16 27 16 26 17 26 17 27
17 28 16 27 17 26 18 27
18 29 18 28 17 28 17 29
17 30 18 29 19 30 18 31
16 29 16 30 17 30 17 29
15 30 16 29 17 30 16 31
15 31 15 30 16 30 16 31
20 41 20 42 19 42 19 41
20 43 19 42 20 41 21 42
21 43 20 43 20 42 21 42
22 44 21 43 22 42 23 43
21 44 21 43 22 43 22 44
22 45 21 44 22 43 23 44
23 45 22 45 22 44 23 44
24 46 23 45 24 44 25 45
21 40 21 41 20 41 20 40
22 39 23 40 22 41 21 40
19 39 17 41 15 39 17 37
20 38 21 39 20 40 19 39
17 43 15 43 15 41 17 41
18 42 17 43 16 42 17 41
19 43 19 42 18 42 18 43
20 44 19 43 20 42 21 43
19 44 19 43 20 43 20 44
20 45 19 44 20 43 21 44
21 45 20 45 20 44 21 44
22 46 21 45 22 44 23 45
21 46 21 45 22 45 22 46
44 39 43 38 45 36 46 37
37 21 38 20 40 22 39 23
35 20 35 21 37 21 37 20
36 21 34 23 33 22 35 20
39 37 38 38 36 36 37 35
39 38 38 38 38 37 39 37
40 41 38 39 39 38 41 40
41 42 39 44 38 43 40 41
42 40 42 42 41 42 41 40
44 42 42 40 43 39 45 41
44 41 45 41 45 42 44 42
44 43 43 42 44 41 45 42
43 43 43 42 44 42 44 43
35 44 36 45 38 43 37 42
32 43 34 45 35 44 33 42
40 40 38 42 36 40 38 38
41 38 41 40 40 40 40 38
42 38 41 38 41 37 42 37
42 39 42 38 43 38 43 39
41 36 39 38 38 37 40 35
43 36 42 37 41 36 42 35
44 38 44 36 43 36 43 38
43 37 44 38 43 39 42 38
38 45 36 45 36 44 38 44
40 27 38 29 37 28 39 26
42 25 42 27 40 27 40 25
44 23 45 24 43 26 42 25
40 29 40 30 38 30 38 29
39 30 40 29 41 30 40 31
34 22 32 20 33 19 35 21
33 23 34 23 34 22 33 22
36 24 35 25 33 23 34 22
37 23 38 24 37 25 36 24
38 21 38 23 37 23 37 21
40 21 38 21 38 20 40 20
41 22 40 21 41 20 42 21
30 24 32 26 31 27 29 25
32 42 31 42 31 40 32 40
33 43 33 42 32 42 32 43
34 32 32 34 31 33 33 31
33 32 33 31 34 31 34 32
31 32 32 33 33 32 32 31
32 32 31 32 31 31 32 31
33 33 33 32 32 32 32 33
28 20 26 22 25 21 27 19
29 21 28 20 29 19 30 20
29 23 28 23 28 21 29 21
32 22 30 24 29 23 31 21
33 20 33 22 32 22 32 20
32 21 31 20 32 19 33 20
32 23 31 22 32 21 33 22
31 23 31 22 32 22 32 23
21 28 22 27 24 29 23 30
22 28 21 28 21 27 22 27
24 18 22 20 21 19 23 17
23 18 24 18 24 20 23 20
26 19 25 20 23 18 24 17
26 20 26 19 27 19 27 20
30 27 28 25 29 24 31 26
30 29 30 27 31 27 31 29
29 30 30 29 31 30 30 31
29 29 30 29 30 30 29 30
27 31 29 29 30 30 28 32
35 37 33 39 31 37 33 35
19 40 17 40 17 39 19 39
20 39 21 40 20 41 19 40
19 38 21 36 22 37 20 39
19 36 20 36 20 38 19 38
18 35 19 34 20 35 19 36
18 37 17 37 17 35 18 35
18 39 17 38 18 37 19 38
18 41 17 40 18 39 19 40
17 42 18 41 19 42 18 43
22 33 21 34 19 32 20 31
17 44 18 45 19 44 18 43
18 44 17 44 17 43 18 43
19 45 19 44 18 44 18 45
20 46 19 45 20 44 21 45
19 46 19 45 20 45 20 46
20 47 19 46 20 45 21 46
21 47 20 47 20 46 21 46
35 29 35 27 34 27 34 29
36 30 35 31 34 30 35 29
37 29 38 30 37 31 36 30
38 28 38 29 37 29 37 28
40 26 42 28 40 30 38 28
35 23 35 25 34 25 34 23
26 17 26 18 24 18 24 17
28 17 26 17 26 15 28 15
29 18 27 20 26 19 28 17
27 18 29 18 29 19 27 19
22 38 24 38 24 39 22 39
23 37 22 38 20 36 21 35
25 35 26 36 24 38 23 37
25 37 25 35 27 35 27 37
22 30 24 32 22 34 20 32
23 29 22 30 21 29 22 28
22 29 23 29 23 30 22 30
37 22 36 21 37 20 38 21
35 24 37 22 38 23 36 25
33 24 34 25 35 24 34 23
32 24 32 23 33 23 33 24
30 25 32 25 32 24 30 24
29 27 30 27 30 25 29 25
26 28 27 29 29 27 28 26
27 28 26 28 26 26 27 26
25 30 27 28 29 30 27 32
37 24 37 25 36 25 36 24
37 19 36 19 36 17 37 17
38 19 38 20 37 20 37 19
37 18 38 19 37 20 36 19
41 39 40 38 41 37 42 38
41 41 40 40 41 39 42 40
40 44 39 43 41 41 42 42
41 21 41 22 40 22 40 21
42 20 42 21 41 21 41 20
43 19 44 20 43 21 42 20
42 19 42 18 43 18 43 19
41 18 42 19 41 20 40 19
40 17 40 18 41 18 41 17
41 23 40 22 41 21 42 22
42 23 41 23 41 22 42 22
41 24 40 23 41 22 42 23
41 26 40 25 41 24 42 25
43 24 43 26 41 26 41 24
45 22 45 24 43 24 43 22
44 21 45 22 44 23 43 22
45 20 44 21 42 19 43 18
45 21 44 21 44 20 45 20
40 37 39 37 39 35 40 35
39 20 38 19 39 18 40 19
22 17 20 19 21 20 23 18
22 18 22 17 23 17 23 18
23 39 22 40 21 39 22 38
43 41 44 41 44 39 43 39
46 33 44 35 43 34 45 32
44 25 42 25 42 23 44 23
21 38 21 39 20 39 20 38
21 37 22 37 22 38 21 38
36 29 36 30 35 30 35 29
35 28 36 27 37 28 36 29
33 28 34 29 35 28 34 27
32 28 32 27 33 27 33 28
34 28 33 29 32 28 33 27
36 28 35 29 34 28 35 27
33 17 33 19 35 19 35 17
41 28 40 27 41 26 42 27
42 36 42 35 41 35 41 36
43 35 42 36 41 35 42 34
44 34 44 35 43 35 43 34
38 18 39 19 38 20 37 19
39 17 39 18 38 18 38 17
40 16 40 17 39 17 39 16
40 14 39 15 40 16 41 15
23 35 23 37 22 37 22 35
43 16 45 16 45 18 43 18
42 15 43 16 41 18 40 17
42 17 41 17 41 15 42 15
27 21 28 21 28 20 27 20
28 29 28 27 29 27 29 29
28 31 27 31 27 29 28 29
30 32 30 31 28 31 28 32
30 33 30 32 31 32 31 33
29 32 30 31 31 32 30 33
28 22 27 23 28 24 29 23
27 16 28 15 29 16 28 17
25 16 26 17 27 16 26 15
15 38 17 38 17 39 15 39
26 27 27 26 28 27 27 28
30 23 30 24 29 24 29 23
29 22 30 23 29 24 28 23
30 35 29 34 30 33 31 34
28 35 28 33 30 33 30 35
27 34 28 33 29 34 28 35
39 28 38 28 38 26 39 26
27 40 27 42 25 42 25 40
27 44 25 42 27 40 29 42
25 44 27 44 27 45 25 45
24 45 23 44 24 43 25 44
23 46 24 46 24 45 23 45
22 47 21 46 22 45 23 46
23 47 22 47 22 46 23 46
22 48 21 47 22 46 23 47
21 48 21 47 22 47 22 48
31 28 32 29 33 28 32 27
29 28 30 29 31 28 30 27
31 24 32 25 33 24 32 23
30 28 31 29 32 28 31 27
24 27 24 29 23 29 23 27
25 28 24 27 25 26 26 27
26 30 26 28 25 28 25 30
25 33 24 32 26 30 27 31
25 34 25 33 27 33 27 34
23 34 25 34 25 35 23 35
25 27 24 27 24 26 25 26
24 30 23 29 25 27 26 28
23 32 24 32 24 30 23 30
24 33 23 34 22 33 23 32
25 32 25 33 24 33 24 32
26 33 25 34 24 33 25 32
23 33 23 34 22 34 22 33
25 31 25 32 27 32 27 31
29 44 29 42 27 42 27 44
30 45 29 44 31 42 32 43
30 44 30 45 29 45 29 44
31 45 30 44 32 42 33 43
36 33 36 30 38 30 38 33
35 34 33 32 34 31 36 33
37 38 34 35 35 34 38 37
34 38 34 35 37 35 37 38
33 16 30 19 29 18 32 15
29 17 33 17 33 16 29 16
31 15 33 17 31 19 29 17
30 15 31 15 31 19 30 19
33 18 32 19 29 16 30 15
34 17 36 19 35 20 33 18
28 16 29 17 27 19 26 18
28 38 24 42 23 41 27 37
28 40 28 38 31 38 31 40
30 42 27 45 25 43 28 40
31 44 31 42 30 42 30 44
34 44 34 45 31 45 31 44
29 37 29 34 31 34 31 37
31 41 28 38 29 37 32 40
27 36 24 39 22 37 25 34
36 42 33 42 33 40 36 40
35 41 36 42 34 44 33 43
34 41 35 41 35 44 34 44
35 42 34 41 37 38 38 39
43 14 43 16 40 16 40 14
29 39 30 39 30 42 29 42
27 39 27 37 29 37 29 39
17 17 20 20 21 19 18 16
19 17 19 18 17 18 17 17
21 33 21 30 22 30 22 33
37 39 37 38 38 38 38 39
46 31 45 32 42 29 43 28
43 31 46 31 46 33 43 33
44 32 43 33 42 32 43 31
45 34 45 32 44 32 44 34
28 37 25 40 27 42 30 39
29 36 28 37 27 36 28 35
32 37 31 38 29 36 30 35
32 38 31 38 31 37 32 37
32 41 33 40 34 41 33 42
30 41 31 42 32 41 31 40
35 33 35 34 33 34 33 33
36 32 35 33 34 32 35 31
28 39 27 40 22 35 23 34
20 15 25 15 25 16 20 16
14 34 14 42 16 42 16 34
13 33 15 31 16 32 14 34
13 35 13 33 17 33 17 35
11 37 13 35 17 39 15 41
