best-score: 799136
count: 2
elapsed-time: 4.687
294
18 14 17 13 18 12 19 13
18 13 19 13 19 14 18 14
17 14 18 13 19 14 18 15
17 15 17 14 18 14 18 15
16 33 17 33 17 32 16 32
18 22 18 23 17 23 17 22
16 34 15 33 16 32 17 33
15 34 15 33 16 33 16 34
14 33 15 32 16 33 15 34
13 34 12 33 13 32 14 33
12 34 12 33 13 33 13 34
11 33 12 32 13 33 12 34
11 32 12 32 12 33 11 33
10 31 11 30 12 31 11 32
13 13 14 14 15 13 14 12
15 31 16 31 16 32 15 32
13 31 14 32 15 31 14 30
12 30 12 31 13 31 13 30
11 31 12 30 13 31 12 32
10 30 10 31 11 31 11 30
14 13 15 13 15 12 14 12
13 14 14 14 14 13 13 13
13 12 12 13 13 14 14 13
12 12 13 12 13 13 12 13
15 19 14 20 15 21 16 20
14 34 13 33 14 32 15 33
30 17 30 18 31 18 31 17
30 19 29 18 30 17 31 18
31 19 31 20 30 20 30 19
32 19 31 19 31 18 32 18
30 26 30 27 31 27 31 26
32 26 31 27 30 26 31 25
33 26 32 26 32 25 33 25
34 25 33 26 32 25 33 24
32 16 33 17 32 18 31 17
32 17 32 16 33 16 33 17
33 18 32 19 31 18 32 17
31 33 30 33 30 32 31 32
30 34 29 33 30 32 31 33
29 34 29 33 30 33 30 34
29 32 28 33 29 34 30 33
31 31 30 30 31 29 32 30
32 31 32 32 31 32 31 31
31 24 32 24 32 25 31 25
30 25 31 24 32 25 31 26
28 20 29 19 30 20 29 21
27 19 27 20 28 20 28 19
27 21 26 20 27 19 28 20
26 21 26 20 27 20 27 21
26 22 25 22 25 21 26 21
28 22 27 23 26 22 27 21
27 22 28 22 28 23 27 23
28 21 27 22 26 21 27 20
29 22 29 21 28 21 28 22
28 17 29 18 28 19 27 18
28 18 27 18 27 17 28 17
26 18 27 19 28 18 27 17
26 19 26 18 27 18 27 19
25 18 26 17 27 18 26 19
25 17 26 17 26 18 25 18
24 16 24 17 25 17 25 16
23 15 23 16 24 16 24 15
25 33 25 32 26 32 26 33
24 22 25 21 26 22 25 23
24 23 24 22 25 22 25 23
27 27 26 27 26 26 27 26
29 17 30 18 29 19 28 18
29 31 29 32 28 32 28 31
20 19 19 20 18 19 19 18
19 27 18 27 18 26 19 26
17 12 17 13 18 13 18 12
33 23 33 24 32 24 32 23
31 23 32 24 33 23 32 22
31 22 32 22 32 23 31 23
32 21 31 22 30 21 31 20
30 23 31 24 32 23 31 22
30 24 30 23 31 23 31 24
22 19 23 20 22 21 21 20
23 19 23 20 22 20 22 19
21 19 22 20 23 19 22 18
21 18 22 18 22 19 21 19
21 22 21 21 22 21 22 22
20 15 19 14 20 13 21 14
21 15 21 16 20 16 20 15
12 26 13 27 12 28 11 27
11 26 11 25 12 25 12 26
14 31 14 32 13 32 13 31
15 30 15 31 14 31 14 30
14 29 15 30 14 31 13 30
13 29 14 29 14 30 13 30
13 23 12 23 12 22 13 22
12 15 13 15 13 16 12 16
14 15 13 16 12 15 13 14
23 33 23 32 22 32 22 33
24 29 23 30 22 29 23 28
23 29 24 29 24 30 23 30
23 31 22 30 23 29 24 30
24 32 23 33 22 32 23 31
25 31 26 32 25 33 24 32
24 31 24 30 25 30 25 31
26 31 25 32 24 31 25 30
23 23 22 22 23 21 24 22
22 31 22 30 23 30 23 31
21 32 22 31 23 32 22 33
21 31 22 31 22 32 21 32
20 32 19 31 20 30 21 31
34 24 34 25 33 25 33 24
20 20 20 19 21 19 21 20
19 28 18 27 19 26 20 27
20 28 19 28 19 27 20 27
22 28 23 28 23 29 22 29
24 28 23 29 22 28 23 27
12 27 12 28 11 28 11 27
10 27 11 28 12 27 11 26
10 26 11 26 11 27 10 27
11 16 12 16 12 17 11 17
12 29 12 30 11 30 11 29
10 29 11 30 12 29 11 28
10 28 11 28 11 29 10 29
9 29 10 28 11 29 10 30
9 30 9 29 10 29 10 30
13 26 13 27 12 27 12 26
13 28 13 29 12 29 12 28
14 27 13 28 12 27 13 26
14 28 13 28 13 27 14 27
15 29 14 30 13 29 14 28
29 24 28 23 29 22 30 23
29 25 29 24 30 24 30 25
28 26 29 25 30 26 29 27
27 25 28 26 27 27 26 26
28 25 28 26 27 26 27 25
29 26 28 25 29 24 30 25
28 27 29 27 29 26 28 26
29 28 28 27 29 26 30 27
30 28 29 28 29 27 30 27
32 28 31 29 30 28 31 27
29 23 28 24 29 25 30 24
30 22 30 23 29 23 29 22
31 21 31 22 30 22 30 21
32 20 32 21 31 21 31 20
33 21 32 22 31 21 32 20
33 22 32 22 32 21 33 21
34 23 33 24 32 23 33 22
27 28 26 27 27 26 28 27
28 28 27 28 27 27 28 27
29 29 28 28 29 27 30 28
28 30 29 29 30 30 29 31
26 24 27 23 28 24 27 25
24 24 25 25 26 24 25 23
23 25 22 24 23 23 24 24
23 24 24 24 24 25 23 25
25 24 24 25 23 24 24 23
26 23 26 24 25 24 25 23
27 24 26 23 27 22 28 23
26 25 27 25 27 24 26 24
25 26 26 26 26 25 25 25
28 29 28 28 29 28 29 29
33 19 32 20 31 19 32 18
33 20 32 20 32 19 33 19
34 21 33 22 32 21 33 20
15 28 15 29 14 29 14 28
16 27 15 28 14 27 15 26
22 23 23 23 23 24 22 24
22 25 21 24 22 23 23 24
21 25 21 24 22 24 22 25
23 22 22 23 21 22 22 21
24 21 24 22 23 22 23 21
25 20 26 21 25 22 24 21
24 20 25 20 25 21 24 21
25 19 26 20 25 21 24 20
24 18 25 17 26 18 25 19
24 19 24 18 25 18 25 19
23 18 24 17 25 18 24 19
22 17 23 18 22 19 21 18
22 15 21 16 22 17 23 16
34 20 34 21 33 21 33 20
34 22 34 23 33 23 33 22
35 23 34 24 33 23 34 22
35 24 34 24 34 23 35 23
35 21 34 22 33 21 34 20
35 22 34 22 34 21 35 21
36 23 35 24 34 23 35 22
9 27 10 26 11 27 10 28
9 28 9 27 10 27 10 28
8 29 9 28 10 29 9 30
8 28 9 28 9 29 8 29
23 17 24 17 24 18 23 18
22 16 22 17 23 17 23 16
21 17 22 16 23 17 22 18
24 27 24 28 23 28 23 27
25 28 24 27 25 26 26 27
25 29 24 29 24 28 25 28
26 30 25 31 24 30 25 29
22 14 23 15 22 16 21 15
23 14 23 15 22 15 22 14
22 13 23 14 22 15 21 14
21 13 22 13 22 14 21 14
26 29 25 30 24 29 25 28
27 30 26 29 27 28 28 29
27 31 26 31 26 30 27 30
27 33 26 32 27 31 28 32
27 32 28 32 28 33 27 33
27 34 26 33 27 32 28 33
26 34 26 33 27 33 27 34
27 29 26 30 27 31 28 30
26 28 27 27 28 28 27 29
25 27 25 28 26 28 26 27
24 26 25 25 26 26 25 27
22 26 23 27 24 26 23 25
23 26 22 26 22 25 23 25
22 27 23 26 24 27 23 28
36 22 36 23 35 23 35 22
15 14 17 14 17 13 15 13
16 13 17 14 16 15 15 14
16 11 15 12 16 13 17 12
19 10 20 11 18 13 17 12
15 20 17 22 15 24 13 22
16 19 16 20 15 20 15 19
14 19 15 20 16 19 15 18
11 18 13 20 14 19 12 17
13 18 13 20 11 20 11 18
15 16 15 18 13 18 13 16
19 17 17 15 18 14 20 16
18 18 19 17 21 19 20 20
18 17 19 17 19 18 18 18
17 18 15 16 16 15 18 17
17 20 16 19 17 18 18 19
16 22 17 22 17 20 16 20
16 24 15 23 16 22 17 23
16 26 15 26 15 24 16 24
15 25 16 26 14 28 13 27
14 21 15 21 15 20 14 20
13 24 13 23 15 23 15 24
11 24 12 25 13 24 12 23
15 15 14 15 14 14 15 14
16 16 16 15 15 15 15 16
16 14 15 15 16 16 17 15
16 12 15 13 16 14 17 13
17 11 17 12 16 12 16 11
27 14 29 14 29 13 27 13
28 15 26 17 25 16 27 14
29 15 29 17 28 17 28 15
25 15 27 17 29 15 27 13
24 14 25 15 24 16 23 15
25 14 25 15 24 15 24 14
24 13 25 14 24 15 23 14
23 13 24 13 24 14 23 14
22 12 23 13 22 14 21 13
24 12 22 12 22 11 24 11
25 13 24 14 23 13 24 12
31 16 30 17 28 15 29 14
32 15 33 16 32 17 31 16
31 15 32 15 32 16 31 16
32 14 31 15 29 13 30 12
17 19 17 18 18 18 18 19
15 17 16 16 18 18 17 19
14 18 12 16 13 15 15 17
19 21 18 22 16 20 17 19
20 21 19 21 19 20 20 20
19 24 18 23 20 21 21 22
19 22 21 22 21 24 19 24
18 21 18 22 19 22 19 21
20 24 21 25 19 27 18 26
19 23 21 21 22 22 20 24
18 24 17 23 18 22 19 23
10 21 12 23 13 22 11 20
10 20 11 20 11 21 10 21
10 24 11 25 13 23 12 22
10 25 10 24 11 24 11 25
13 19 14 20 12 22 11 21
20 26 20 27 22 27 22 26
22 9 20 11 22 13 24 11
20 9 22 9 22 11 20 11
20 29 22 29 22 30 20 30
19 11 19 13 20 13 20 11
18 10 19 11 18 12 17 11
18 11 18 10 19 10 19 11
25 12 25 13 24 13 24 12
31 14 31 15 29 15 29 14
34 13 32 15 31 14 33 12
17 30 20 30 20 32 17 32
16 29 17 30 16 31 15 30
19 29 19 31 16 31 16 29
18 28 19 27 20 28 19 29
16 28 16 27 18 27 18 28
18 32 15 29 16 28 19 31
18 31 17 30 19 28 20 29
28 11 31 14 28 17 25 14
26 14 26 17 27 17 27 14
26 13 26 14 25 14 25 13
34 27 29 32 28 31 33 26
34 29 31 29 31 27 34 27
33 30 30 27 31 26 34 29
33 31 32 31 32 30 33 30
