best-score: 574445
count: 11
elapsed-time: 4.551
66
36 15 37 15 37 16 36 16
36 14 37 15 36 16 35 15
35 14 36 14 36 15 35 15
28 27 28 28 27 28 27 27
27 26 28 27 27 28 26 27
26 26 27 26 27 27 26 27
42 26 40 24 42 22 44 24
33 22 32 23 36 27 37 26
44 20 44 24 40 24 40 20
42 18 44 20 42 22 40 20
41 42 38 42 38 41 41 41
40 19 40 20 37 20 37 19
17 38 18 38 18 41 17 41
31 23 32 24 28 28 27 27
31 24 31 23 32 23 32 24
44 38 41 41 39 39 42 36
44 40 45 40 45 43 44 43
35 34 28 27 29 26 36 33
23 36 18 31 20 29 25 34
17 36 17 35 23 35 23 36
15 37 17 37 17 36 15 36
23 45 15 37 17 35 25 43
40 30 32 30 32 24 40 24
43 32 43 30 40 30 40 32
45 27 40 32 32 24 37 19
33 37 40 30 45 35 38 42
29 20 37 20 37 26 29 26
30 21 29 20 35 14 36 15
29 22 30 21 32 23 31 24
23 33 18 38 17 37 22 32
21 45 17 41 23 35 27 39
25 20 29 20 29 15 25 15
22 26 22 32 21 32 21 26
21 31 22 32 27 27 26 26
24 37 19 42 18 41 23 36
45 33 36 33 36 27 45 27
27 21 42 36 45 33 30 18
27 18 30 18 30 21 27 21
27 22 25 20 27 18 29 20
28 16 28 27 36 27 36 16
31 17 30 18 28 16 29 15
35 17 31 17 31 15 35 15
38 18 37 19 35 17 36 16
38 22 38 18 42 18 42 22
38 37 33 37 33 22 38 22
29 46 26 43 35 34 38 37
24 32 36 44 35 45 23 33
22 37 24 37 24 32 22 32
49 38 44 43 38 37 43 32
17 29 17 18 20 18 20 29
37 21 23 35 17 29 31 15
39 19 40 20 38 22 37 21
22 38 24 40 40 24 38 22
18 37 18 38 22 38 22 37
32 51 18 37 27 28 41 42
36 51 32 51 32 44 36 44
37 36 37 26 42 26 42 36
12 23 17 18 26 27 21 32
16 37 17 36 18 37 17 38
24 17 31 17 31 23 24 23
10 31 24 17 29 22 15 36
26 34 26 43 25 43 25 34
49 24 49 38 44 38 44 24
33 40 33 37 24 37 24 40
36 35 36 33 23 33 23 35
35 36 35 45 23 45 23 36
