best-score: 734378
count: 6
elapsed-time: 4.816
173
28 12 28 13 29 13 29 12
24 24 24 23 25 23 25 24
26 24 25 25 24 24 25 23
26 25 25 25 25 24 26 24
21 26 21 27 20 27 20 26
22 26 21 26 21 25 22 25
21 21 20 20 21 19 22 20
22 21 21 21 21 20 22 20
21 22 20 21 21 20 22 21
20 22 20 21 21 21 21 22
19 25 20 24 21 25 20 26
22 10 21 11 20 10 21 9
21 10 21 9 22 9 22 10
20 11 21 11 21 10 20 10
15 18 16 19 17 18 16 17
16 18 16 19 15 19 15 18
17 17 17 18 16 18 16 17
29 14 28 15 27 14 28 13
28 14 29 14 29 15 28 15
27 13 27 14 28 14 28 13
27 11 26 12 27 13 28 12
27 12 26 12 26 11 27 11
28 11 29 12 28 13 27 12
27 10 28 9 29 10 28 11
28 10 28 11 27 11 27 10
29 9 29 10 28 10 28 9
28 16 27 15 28 14 29 15
27 16 27 15 28 15 28 16
29 16 28 17 27 16 28 15
29 17 28 17 28 16 29 16
30 18 29 19 28 18 29 17
27 18 27 17 28 17 28 18
29 24 29 25 28 25 28 24
22 16 22 17 23 17 23 16
21 17 22 16 23 17 22 18
21 18 21 17 22 17 22 18
20 17 21 16 22 17 21 18
20 16 21 16 21 17 20 17
16 23 15 23 15 22 16 22
17 23 16 24 15 23 16 22
17 24 16 24 16 23 17 23
23 15 22 16 21 15 22 14
10 26 10 27 9 27 9 26
14 19 15 19 15 20 14 20
14 21 13 20 14 19 15 20
13 21 13 20 14 20 14 21
26 14 27 14 27 15 26 15
22 19 21 20 20 19 21 18
22 15 22 16 21 16 21 15
23 14 23 15 22 15 22 14
24 15 23 16 22 15 23 14
24 16 23 16 23 15 24 15
20 18 21 18 21 19 20 19
19 17 20 16 21 17 20 18
19 18 19 17 20 17 20 18
23 12 24 13 23 14 22 13
19 22 17 24 16 23 18 21
19 24 19 22 20 22 20 24
17 25 19 25 19 24 17 24
15 27 14 26 16 24 17 25
19 8 21 10 20 11 18 9
30 19 29 20 27 18 28 17
30 20 29 20 29 19 30 19
25 12 27 14 26 15 24 13
25 14 25 12 26 12 26 14
23 26 22 25 24 23 25 24
22 28 23 28 23 26 22 26
23 27 22 28 21 27 22 26
27 27 25 29 23 27 25 25
27 28 27 27 28 27 28 28
26 28 27 28 27 29 26 29
23 23 24 24 22 26 21 25
24 22 24 23 23 23 23 22
24 20 26 20 26 22 24 22
25 17 24 16 26 14 27 15
25 16 27 16 27 17 25 17
26 17 25 16 26 15 27 16
18 25 19 24 21 26 20 27
18 20 20 20 20 21 18 21
17 21 15 19 16 18 18 20
18 23 18 21 17 21 17 23
18 15 20 17 19 18 17 16
17 20 18 21 20 19 19 18
16 21 15 20 16 19 17 20
16 20 17 20 17 21 16 21
18 18 18 20 17 20 17 18
18 16 17 17 18 18 19 17
20 15 20 16 18 16 18 15
21 14 22 15 21 16 20 15
20 14 21 14 21 15 20 15
18 12 20 14 18 16 16 14
18 14 16 14 16 12 18 12
16 16 14 14 16 12 18 14
15 17 16 16 17 17 16 18
15 16 16 16 16 17 15 17
16 15 17 16 16 17 15 16
17 15 17 16 16 16 16 15
18 17 17 17 17 16 18 16
25 21 24 22 25 23 26 22
25 19 24 20 25 21 26 20
23 19 23 17 25 17 25 19
23 21 22 20 23 19 24 20
22 22 23 22 23 21 22 21
21 23 20 22 21 21 22 22
22 23 21 23 21 22 22 22
23 25 23 23 22 23 22 25
25 26 25 25 23 25 23 26
24 27 25 26 27 28 26 29
22 27 23 28 24 27 23 26
30 26 28 28 27 27 29 25
9 20 11 22 13 20 11 18
11 19 12 18 14 20 13 21
12 19 11 19 11 18 12 18
23 20 22 20 22 19 23 19
24 21 23 22 22 21 23 20
24 11 23 12 21 10 22 9
25 10 26 11 25 12 24 11
23 10 25 10 25 12 23 12
16 26 14 26 14 24 16 24
22 11 24 11 24 13 22 13
21 13 21 14 22 14 22 13
12 15 11 16 9 14 10 13
12 14 14 14 14 15 12 15
9 15 10 16 12 14 11 13
11 20 9 20 9 19 11 19
8 24 9 23 11 25 10 26
10 20 9 19 10 18 11 19
12 22 13 21 15 23 14 24
12 20 12 22 11 22 11 20
13 19 13 20 12 20 12 19
28 22 28 24 26 24 26 22
27 21 29 19 30 20 28 22
27 23 25 23 25 21 27 21
27 25 26 24 27 23 28 24
26 27 27 27 27 25 26 25
24 28 26 28 26 27 24 27
19 12 20 11 22 13 21 14
19 9 19 12 18 12 18 9
21 8 21 9 19 9 19 8
17 11 19 9 20 10 18 12
25 20 29 24 28 25 24 21
26 19 25 20 22 17 23 16
29 22 26 25 25 24 28 21
29 21 29 22 28 22 28 21
25 13 22 10 23 9 26 12
17 10 14 13 16 15 19 12
15 11 17 11 17 10 15 10
16 10 17 11 16 12 15 11
12 17 15 17 15 18 12 18
13 16 15 18 14 19 12 17
14 16 14 19 13 19 13 16
14 12 12 14 14 16 16 14
11 12 14 12 14 13 11 13
12 13 11 12 14 9 15 10
9 17 9 15 12 15 12 17
11 17 10 18 9 17 10 16
15 15 15 16 14 16 14 15
15 14 16 14 16 15 15 15
11 26 14 26 14 28 11 28
12 27 11 26 15 22 16 23
12 23 15 23 15 27 12 27
8 25 9 26 12 23 11 22
11 24 11 25 8 25 8 24
14 10 13 11 14 12 15 11
15 9 15 10 14 10 14 9
10 17 11 16 12 17 11 18
13 14 12 15 13 16 14 15
15 13 15 14 14 14 14 13
14 29 14 28 22 28 22 29
13 28 17 24 18 25 14 29
12 29 11 28 12 27 13 28
10 29 10 27 12 27 12 29
9 28 10 27 11 28 10 29
