best-score: 679775
count: 2
elapsed-time: 4.986
251
16 32 15 31 16 30 17 31
30 15 29 14 30 13 31 14
30 14 31 14 31 15 30 15
29 13 29 14 30 14 30 13
31 21 31 20 30 20 30 21
32 20 31 21 30 20 31 19
33 19 34 20 33 21 32 20
33 20 33 19 34 19 34 20
32 21 33 21 33 20 32 20
32 19 31 20 32 21 33 20
33 18 33 19 32 19 32 18
29 15 30 14 31 15 30 16
29 16 29 15 30 15 30 16
28 34 29 35 30 34 29 33
26 34 27 35 28 34 27 33
28 16 27 17 28 18 29 17
28 17 28 16 29 16 29 17
27 18 28 18 28 17 27 17
27 16 26 17 27 18 28 17
26 16 27 16 27 17 26 17
26 18 25 17 26 16 27 17
25 18 25 17 26 17 26 18
28 20 29 19 30 20 29 21
23 26 23 25 24 25 24 26
22 25 23 24 24 25 23 26
22 24 23 24 23 25 22 25
23 23 24 24 23 25 22 24
24 23 24 24 23 24 23 23
25 24 24 23 25 22 26 23
22 15 21 14 22 13 23 14
23 15 22 15 22 14 23 14
22 16 21 15 22 14 23 15
21 16 21 15 22 15 22 16
36 32 37 33 36 34 35 33
37 28 36 27 37 26 38 27
15 20 14 21 13 20 14 19
14 20 14 19 15 19 15 20
13 21 14 21 14 20 13 20
14 39 13 38 14 37 15 38
14 38 15 38 15 39 14 39
13 37 13 38 14 38 14 37
31 29 31 28 32 28 32 29
34 14 35 14 35 13 34 13
35 27 34 26 35 25 36 26
35 28 34 28 34 27 35 27
35 26 34 27 35 28 36 27
35 24 34 25 35 26 36 25
34 24 35 24 35 25 34 25
35 23 36 24 35 25 34 24
36 23 36 24 35 24 35 23
21 30 21 31 20 31 20 30
18 22 17 22 17 21 18 21
18 20 17 21 18 22 19 21
19 20 19 21 18 21 18 20
18 19 19 20 18 21 17 20
17 19 18 19 18 20 17 20
17 17 16 18 17 19 18 18
33 29 32 28 33 27 34 28
33 26 34 26 34 27 33 27
32 25 33 24 34 25 33 26
37 25 37 26 36 26 36 25
26 26 25 27 24 26 25 25
25 26 25 27 24 27 24 26
26 25 26 26 25 26 25 25
21 13 22 13 22 14 21 14
16 31 15 31 15 30 16 30
17 32 17 31 16 31 16 32
16 22 17 22 17 24 16 24
15 23 13 21 14 20 16 22
15 27 14 28 16 30 17 29
30 18 30 20 28 20 28 18
32 16 32 18 30 18 30 16
33 13 31 15 32 16 34 14
28 21 29 21 29 23 28 23
28 25 26 23 28 21 30 23
28 33 28 31 29 31 29 33
27 34 28 34 28 33 27 33
26 35 27 35 27 34 26 34
31 37 31 38 29 38 29 37
33 39 31 37 32 36 34 38
27 29 29 27 31 29 29 31
25 29 25 27 27 27 27 29
31 17 30 18 29 17 30 16
33 17 32 18 31 17 32 16
27 37 27 35 29 35 29 37
29 39 27 37 29 35 31 37
27 38 27 39 29 39 29 38
28 37 27 38 25 36 26 35
27 20 25 22 23 20 25 18
27 21 27 20 28 20 28 21
25 19 26 18 28 20 27 21
23 19 25 19 25 20 23 20
22 18 24 16 25 17 23 19
21 43 19 41 21 39 23 41
21 41 23 41 23 40 21 40
19 43 21 43 21 41 19 41
19 39 17 41 19 43 21 41
19 40 19 39 21 39 21 40
38 12 40 14 39 15 37 13
37 12 38 12 38 13 37 13
36 11 37 12 35 14 34 13
35 29 35 28 37 28 37 29
36 28 35 29 34 28 35 27
39 19 39 17 37 17 37 19
41 17 39 19 37 17 39 15
12 18 13 17 15 19 14 20
12 30 13 29 15 31 14 32
17 14 19 14 19 13 17 13
21 22 19 20 21 18 23 20
22 23 21 24 20 23 21 22
23 22 24 23 23 24 22 23
21 20 21 22 23 22 23 20
23 18 25 20 23 22 21 20
22 19 23 19 23 18 22 18
19 15 19 14 21 14 21 15
19 11 17 13 19 15 21 13
21 11 21 13 19 13 19 11
26 20 26 18 27 18 27 20
26 22 25 22 25 20 26 20
28 24 26 22 27 21 29 23
26 24 26 23 28 23 28 24
25 23 26 24 25 25 24 24
24 22 24 23 25 23 25 22
25 21 26 22 25 23 24 22
25 37 24 38 26 40 27 39
25 38 25 37 27 37 27 38
19 24 17 22 18 21 20 23
19 26 17 26 17 24 19 24
20 27 19 26 21 24 22 25
19 30 20 31 18 33 17 32
39 21 38 20 39 19 40 20
38 28 38 27 40 27 40 28
39 27 38 28 36 26 37 25
15 21 17 21 17 20 15 20
14 23 15 23 15 21 14 21
15 40 15 41 17 41 17 40
13 40 14 41 15 40 14 39
15 17 17 17 17 19 15 19
41 15 41 17 39 17 39 15
22 17 22 16 24 16 24 17
20 17 21 18 22 17 21 16
20 16 21 16 21 17 20 17
19 19 18 18 20 16 21 17
21 19 21 20 19 20 19 19
19 22 21 22 21 24 19 24
23 16 24 17 23 18 22 17
29 25 27 27 26 26 28 24
30 25 29 25 29 23 30 23
28 27 26 25 28 23 30 25
27 25 27 27 28 27 28 25
20 26 20 27 19 27 19 26
19 18 19 19 18 19 18 18
12 22 12 18 16 18 16 22
17 23 20 26 19 27 16 24
12 24 15 27 16 26 13 23
12 26 12 24 16 24 16 26
13 27 12 26 15 23 16 24
12 28 13 27 14 28 13 29
14 30 14 28 12 28 12 30
16 27 19 27 19 30 16 30
13 24 14 23 17 26 16 27
33 31 35 33 32 36 30 34
35 31 33 31 33 29 35 29
37 31 36 32 35 31 36 30
38 31 38 33 37 33 37 31
25 28 28 25 31 28 28 31
22 31 21 30 24 27 25 28
21 35 22 35 22 31 21 31
32 37 31 38 27 34 28 33
34 36 34 37 32 37 32 36
34 34 36 34 36 36 34 36
31 34 32 35 29 38 28 37
32 26 29 23 31 21 34 24
30 26 30 25 32 25 32 26
34 22 30 26 29 25 33 21
33 22 34 22 34 24 33 24
34 21 36 23 35 24 33 22
37 21 37 22 34 22 34 21
36 20 37 19 38 20 37 21
38 23 38 20 36 20 36 23
39 24 37 26 36 25 38 23
31 31 29 33 25 29 27 27
29 29 29 31 31 31 31 29
28 29 28 27 29 27 29 29
27 31 28 31 28 29 27 29
32 33 32 35 29 35 29 33
35 36 38 39 41 36 38 33
33 34 35 36 34 37 32 35
44 32 41 35 37 31 40 28
44 35 41 35 41 32 44 32
19 29 23 25 24 26 20 30
20 20 21 19 24 22 23 23
20 37 22 35 25 38 23 40
18 35 20 37 17 40 15 38
17 33 17 35 18 35 18 33
18 34 17 33 20 30 21 31
22 38 21 39 17 35 18 34
24 35 24 38 22 38 22 35
20 39 24 35 25 36 21 40
40 22 37 25 36 24 39 21
40 25 37 25 37 22 40 22
16 34 13 37 14 38 17 35
14 34 14 32 16 32 16 34
13 28 15 30 19 26 17 24
16 15 17 14 20 17 19 18
18 15 18 18 16 18 16 15
33 33 31 31 33 29 35 31
34 33 34 34 33 34 33 33
33 32 34 33 33 34 32 33
31 32 31 31 33 31 33 32
30 33 31 32 32 33 31 34
38 17 36 19 33 16 35 14
38 42 34 38 36 36 40 40
32 13 33 13 33 16 32 16
31 24 30 23 32 21 33 22
31 26 30 25 31 24 32 25
34 29 31 32 28 29 31 26
37 32 34 29 35 28 38 31
15 33 16 34 17 33 16 32
13 33 14 34 15 33 14 32
13 31 15 31 15 33 13 33
35 20 34 21 33 20 34 19
35 19 36 19 36 20 35 20
35 21 34 20 35 19 36 20
36 22 35 23 34 22 35 21
35 15 37 17 35 19 33 17
36 14 35 15 34 14 35 13
36 15 35 15 35 14 36 14
37 16 37 17 33 17 33 16
37 39 34 36 36 34 39 37
33 40 37 40 37 39 33 39
34 15 35 15 35 19 34 19
40 11 40 14 36 14 36 11
39 10 40 11 38 13 37 12
38 21 37 22 35 20 36 19
23 33 21 31 25 27 27 29
23 31 27 31 27 33 23 33
21 33 17 29 19 27 23 31
32 24 31 24 31 21 32 21
33 25 33 24 32 24 32 25
30 32 26 32 26 26 30 26
32 15 27 20 28 21 33 16
33 14 32 15 31 14 32 13
24 8 29 13 26 16 21 11
25 8 25 16 24 16 24 8
36 43 33 40 41 32 44 35
41 43 36 43 36 36 41 36
22 26 22 31 23 31 23 26
20 25 20 26 22 26 22 25
20 36 25 36 25 37 20 37
39 38 34 38 34 37 39 37
