best-score: 806777
count: 5
elapsed-time: 4.643
170
27 10 28 10 28 11 27 11
28 30 29 29 30 30 29 31
29 30 29 31 28 31 28 30
30 29 30 30 29 30 29 29
33 16 32 17 31 16 32 15
23 22 22 23 23 24 24 23
23 23 23 22 24 22 24 23
22 22 23 21 24 22 23 23
22 21 23 21 23 22 22 22
24 21 23 22 22 21 23 20
22 24 23 24 23 23 22 23
15 31 15 32 14 32 14 31
17 17 16 18 17 19 18 18
21 23 21 22 22 22 22 23
20 22 21 21 22 22 21 23
20 21 21 21 21 22 20 22
21 20 22 21 21 22 20 21
22 20 22 21 21 21 21 20
21 19 22 20 21 21 20 20
20 18 21 17 22 18 21 19
21 18 21 19 20 19 20 18
22 17 22 18 21 18 21 17
21 16 22 17 21 18 20 17
20 16 21 16 21 17 20 17
21 15 22 16 21 17 20 16
22 15 22 16 21 16 21 15
32 11 32 12 31 12 31 11
26 25 25 26 24 25 25 24
22 19 21 20 20 19 21 18
23 19 23 20 22 20 22 19
24 20 23 21 22 20 23 19
26 17 28 19 27 20 25 18
27 15 27 17 26 17 26 15
28 14 30 16 29 17 27 15
28 16 28 14 30 14 30 16
27 14 26 13 28 11 29 12
22 32 20 32 20 31 22 31
18 17 20 17 20 18 18 18
17 15 17 17 18 17 18 15
30 28 30 29 32 29 32 28
31 29 30 28 31 27 32 28
31 31 30 30 31 29 32 30
34 16 32 18 30 16 32 14
29 13 30 14 32 12 31 11
26 12 28 14 29 13 27 11
25 13 26 13 26 12 25 12
24 12 25 11 26 12 25 13
24 11 25 11 25 12 24 12
26 9 27 10 25 12 24 11
32 32 30 32 30 30 32 30
31 33 30 32 31 31 32 32
29 33 29 31 31 31 31 33
28 32 29 31 30 32 29 33
27 31 27 32 28 32 28 31
25 29 26 28 28 30 27 31
24 31 25 31 25 29 24 29
14 13 12 15 13 16 15 14
13 11 13 13 14 13 14 11
24 17 22 19 23 20 25 18
24 13 22 15 24 17 26 15
23 26 23 24 25 24 25 26
22 25 23 24 24 25 23 26
16 28 14 26 16 24 18 26
16 29 16 28 17 28 17 29
17 30 15 32 14 31 16 29
18 29 18 30 17 30 17 29
19 32 17 30 18 29 20 31
14 30 15 31 17 29 16 28
12 30 14 30 14 31 12 31
18 27 19 28 18 29 17 28
10 32 10 31 12 31 12 32
12 34 10 32 12 30 14 32
14 34 12 34 12 32 14 32
20 26 19 25 21 23 22 24
20 27 18 27 18 26 20 26
20 29 19 28 20 27 21 28
24 16 24 17 22 17 22 16
25 17 23 19 22 18 24 16
26 18 26 17 25 17 25 18
26 16 25 17 26 18 27 17
24 14 25 13 27 15 26 16
25 14 24 14 24 13 25 13
31 13 29 13 29 12 31 12
26 23 26 25 24 25 24 23
25 22 26 23 25 24 24 23
25 21 25 22 24 22 24 21
27 19 25 21 24 20 26 18
28 20 28 19 27 19 27 20
30 18 28 20 27 19 29 17
30 17 32 17 32 18 30 18
15 22 16 22 16 24 15 24
14 20 14 22 15 22 15 20
15 19 14 20 12 18 13 17
15 17 17 17 17 19 15 19
12 29 12 30 10 30 10 29
12 33 10 31 12 29 14 31
12 14 12 15 10 15 10 14
15 21 14 22 13 21 14 20
18 20 16 22 15 21 17 19
18 19 20 19 20 20 18 20
16 17 18 15 20 17 18 19
15 16 15 17 13 17 13 16
24 27 25 26 29 30 28 31
22 29 21 28 23 26 24 27
22 33 20 31 22 29 24 31
25 33 22 33 22 32 25 32
26 34 25 33 27 31 28 32
16 36 14 34 18 30 20 32
22 27 22 29 20 29 20 27
22 26 23 26 23 27 22 27
20 25 20 26 22 26 22 25
19 22 19 25 20 25 20 22
17 20 18 19 20 21 19 22
11 18 15 22 17 20 13 16
17 22 20 25 18 27 15 24
16 20 16 22 17 22 17 20
21 27 18 30 17 29 20 26
22 28 21 27 22 26 23 27
16 14 13 17 10 14 13 11
17 14 16 14 16 10 17 10
12 13 15 16 17 14 14 11
13 14 13 13 12 13 12 14
20 14 17 17 13 13 16 10
22 14 21 15 20 14 21 13
24 15 24 14 22 14 22 15
23 29 23 27 24 27 24 29
22 34 20 32 23 29 25 31
23 31 22 31 22 29 23 29
24 34 22 32 23 31 25 33
23 34 23 31 24 31 24 34
27 27 26 28 22 24 23 23
28 26 30 28 29 29 27 27
29 25 28 26 24 22 25 21
29 28 26 28 26 25 29 25
28 27 29 28 25 32 24 31
31 26 31 27 28 27 28 26
32 27 30 29 29 28 31 26
33 19 31 19 31 16 33 16
32 20 31 19 32 18 33 19
11 22 11 26 14 26 14 22
17 25 19 25 19 28 17 28
28 23 30 25 28 27 26 25
32 23 28 23 28 20 32 20
34 21 32 23 28 19 30 17
29 9 29 12 26 12 26 9
29 11 28 10 29 9 30 10
17 24 20 27 22 25 19 22
16 25 17 25 17 24 16 24
12 25 16 25 16 28 12 28
13 24 17 28 16 29 12 25
15 27 15 24 13 24 13 27
25 34 22 31 24 29 27 32
26 33 26 34 25 34 25 33
33 24 31 26 30 25 32 23
21 12 24 12 24 13 21 13
20 11 21 12 18 15 17 14
22 11 22 14 20 14 20 11
18 13 18 15 21 15 21 13
16 16 15 16 15 14 16 14
27 30 27 27 28 27 28 30
29 18 30 18 30 25 29 25
27 18 27 17 29 17 29 18
26 19 27 19 27 18 26 18
38 23 32 29 26 23 32 17
38 27 32 27 32 23 38 23
10 21 15 16 16 17 11 22
10 24 10 21 13 21 13 24
9 25 10 24 13 27 12 28
33 22 33 24 25 24 25 22
21 8 24 11 18 17 15 14
