best-score: 684459
count: 1
elapsed-time: 5.201
427
39 15 40 14 41 15 40 16
38 15 39 15 39 16 38 16
40 28 40 27 41 27 41 28
41 29 40 30 39 29 40 28
38 32 39 33 40 32 39 31
39 32 39 33 38 33 38 32
39 34 38 33 39 32 40 33
40 34 39 34 39 33 40 33
41 35 40 36 39 35 40 34
40 35 41 35 41 36 40 36
41 34 42 35 41 36 40 35
42 34 42 35 41 35 41 34
43 35 42 36 41 35 42 34
43 36 42 36 42 35 43 35
40 13 39 14 40 15 41 14
41 13 41 14 40 14 40 13
39 23 38 22 39 21 40 22
38 23 38 22 39 22 39 23
38 21 37 22 38 23 39 22
39 20 39 21 38 21 38 20
40 19 40 20 39 20 39 19
41 16 40 16 40 15 41 15
40 17 39 16 40 15 41 16
39 17 39 16 40 16 40 17
41 32 41 33 40 33 40 32
42 33 41 34 40 33 41 32
40 29 39 29 39 28 40 28
41 30 41 29 40 29 40 30
42 29 41 30 40 29 41 28
41 19 42 20 41 21 40 20
32 24 33 25 32 26 31 25
33 24 33 25 32 25 32 24
32 23 33 24 32 25 31 24
24 17 23 18 22 17 23 16
24 18 23 18 23 17 24 17
25 17 24 18 23 17 24 16
26 16 27 17 26 18 25 17
22 34 22 35 23 35 23 34
21 35 22 34 23 35 22 36
23 42 23 41 24 41 24 42
23 40 22 41 23 42 24 41
22 40 23 40 23 41 22 41
20 40 21 41 22 40 21 39
20 39 21 39 21 40 20 40
19 40 20 39 21 40 20 41
19 41 19 40 20 40 20 41
22 32 21 31 22 30 23 31
23 32 22 32 22 31 23 31
22 33 23 32 24 33 23 34
21 32 21 33 22 33 22 32
23 38 22 39 23 40 24 39
23 39 22 39 22 38 23 38
24 40 24 39 23 39 23 40
25 41 24 42 23 41 24 40
27 41 26 42 25 41 26 40
27 42 26 42 26 41 27 41
15 39 14 38 15 37 16 38
15 41 14 40 15 39 16 40
15 36 14 35 15 34 16 35
19 27 18 27 18 26 19 26
18 28 17 27 18 26 19 27
17 28 17 27 18 27 18 28
19 28 18 29 17 28 18 27
20 27 20 28 19 28 19 27
20 29 19 28 20 27 21 28
19 29 20 29 20 30 19 30
21 29 20 30 19 29 20 28
23 29 22 30 21 29 22 28
22 29 22 28 23 28 23 29
21 30 22 30 22 29 21 29
23 30 22 31 21 30 22 29
18 30 19 30 19 31 18 31
17 30 17 29 18 29 18 30
17 32 16 31 17 30 18 31
18 32 17 32 17 31 18 31
20 32 19 31 20 30 21 31
20 31 21 31 21 32 20 32
19 32 18 31 19 30 20 31
37 21 38 21 38 22 37 22
35 21 36 22 37 21 36 20
36 21 36 22 35 22 35 21
36 23 35 22 36 21 37 22
37 24 37 23 36 23 36 24
36 25 35 24 36 23 37 24
36 26 35 26 35 25 36 25
37 40 37 41 38 41 38 40
36 39 36 40 37 40 37 39
37 38 38 39 37 40 36 39
38 38 37 38 37 37 38 37
39 38 39 39 38 39 38 38
38 18 37 19 38 20 39 19
37 17 38 16 39 17 38 18
21 14 21 15 20 15 20 14
22 15 21 16 20 15 21 14
23 15 23 16 22 16 22 15
25 15 24 16 23 15 24 14
25 16 25 15 26 15 26 16
20 26 19 27 20 28 21 27
21 26 21 27 20 27 20 26
20 25 21 26 20 27 19 26
19 24 19 25 20 25 20 24
41 20 42 20 42 21 41 21
40 21 39 20 40 19 41 20
41 22 40 23 39 22 40 21
41 23 40 23 40 22 41 22
42 22 41 23 40 22 41 21
42 28 42 29 41 29 41 28
42 27 41 28 40 27 41 26
31 34 30 33 31 32 32 33
30 35 31 34 32 35 31 36
30 34 31 34 31 35 30 35
29 35 30 34 31 35 30 36
29 36 29 35 30 35 30 36
32 36 31 36 31 35 32 35
31 37 32 36 33 37 32 38
30 38 29 37 30 36 31 37
31 38 31 39 30 39 30 38
32 37 31 38 30 37 31 36
33 36 33 37 32 37 32 36
33 34 32 35 33 36 34 35
30 23 30 24 31 24 31 23
29 24 30 23 31 24 30 25
29 25 29 24 30 24 30 25
28 26 27 25 28 24 29 25
29 27 28 28 27 27 28 26
30 26 30 25 31 25 31 26
31 27 30 28 29 27 30 26
32 27 31 27 31 26 32 26
33 26 32 27 31 26 32 25
31 43 30 42 31 41 32 42
33 23 32 24 31 23 32 22
30 40 31 39 32 40 31 41
28 20 29 21 28 22 27 21
27 20 28 20 28 21 27 21
29 38 29 37 30 37 30 38
28 37 29 36 30 37 29 38
28 36 29 36 29 37 28 37
27 37 28 36 29 37 28 38
27 38 27 37 28 37 28 38
29 43 28 42 29 41 30 42
28 32 27 31 28 30 29 31
25 31 26 30 27 31 26 32
27 29 27 30 26 30 26 29
25 29 26 30 27 29 26 28
25 28 26 28 26 29 25 29
25 40 25 41 26 41 26 40
25 42 24 41 25 40 26 41
31 33 32 33 32 32 31 32
33 22 33 23 32 23 32 22
32 21 33 22 32 23 31 22
33 21 32 21 32 20 33 20
31 21 32 22 33 21 32 20
35 14 36 14 36 15 35 15
36 33 36 32 37 32 37 33
36 31 35 32 36 33 37 32
35 31 36 31 36 32 35 32
36 30 37 31 36 32 35 31
37 30 37 31 36 31 36 30
36 29 37 30 36 31 35 30
37 20 37 21 36 21 36 20
38 19 39 20 38 21 37 20
37 18 37 19 38 19 38 18
36 18 36 17 37 17 37 18
35 19 36 19 36 18 35 18
34 18 35 17 36 18 35 19
34 17 35 17 35 18 34 18
35 16 36 17 35 18 34 17
34 15 35 14 36 15 35 16
34 16 34 15 35 15 35 16
36 16 35 17 34 16 35 15
38 24 37 25 36 24 37 23
38 25 37 25 37 24 38 24
39 24 38 25 37 24 38 23
40 24 39 24 39 23 40 23
39 25 38 24 39 23 40 24
38 26 39 26 39 25 38 25
37 27 36 26 37 25 38 26
35 41 36 40 37 41 36 42
35 20 36 19 37 20 36 21
16 37 17 37 17 38 16 38
17 36 18 37 17 38 16 37
16 36 16 35 17 35 17 36
18 36 17 37 16 36 17 35
19 36 19 37 18 37 18 36
19 38 18 37 19 36 20 37
20 38 19 38 19 37 20 37
21 37 22 38 21 39 20 38
22 37 21 37 21 36 22 36
21 38 20 37 21 36 22 37
16 30 17 30 17 31 16 31
38 31 38 32 37 32 37 31
36 38 37 37 38 38 37 39
36 34 35 33 36 32 37 33
35 34 35 33 36 33 36 34
29 29 28 30 27 29 28 28
28 31 28 30 27 30 27 31
29 32 29 31 28 31 28 32
19 19 18 20 17 19 18 18
19 20 18 20 18 19 19 19
17 20 18 21 19 20 18 19
17 21 17 20 18 20 18 21
17 18 17 19 18 19 18 18
33 31 34 30 35 31 34 32
33 30 34 30 34 31 33 31
34 29 35 30 34 31 33 30
34 28 35 28 35 29 34 29
33 29 34 28 35 29 34 30
24 15 23 15 23 14 24 14
25 14 26 15 25 16 24 15
40 31 40 32 39 32 39 31
39 30 40 31 39 32 38 31
38 29 39 28 40 29 39 30
38 30 38 29 39 29 39 30
38 27 39 26 40 27 39 28
37 26 37 27 38 27 38 26
36 27 35 26 36 25 37 26
37 28 36 29 35 28 36 27
36 28 36 27 37 27 37 28
37 29 36 30 35 29 36 28
38 28 39 29 38 30 37 29
39 27 39 28 38 28 38 27
40 26 40 27 39 27 39 26
34 33 35 33 35 32 34 32
33 32 34 31 35 32 34 33
32 31 32 32 33 32 33 31
34 24 35 23 36 24 35 25
34 25 34 24 35 24 35 25
34 26 33 26 33 25 34 25
35 27 34 26 35 25 36 26
34 27 34 26 35 26 35 27
33 28 34 27 35 28 34 29
33 27 34 27 34 28 33 28
32 28 31 27 32 26 33 27
32 29 32 28 33 28 33 29
31 28 32 27 33 28 32 29
30 27 30 28 31 28 31 27
29 26 29 27 30 27 30 26
28 25 28 26 29 26 29 25
27 24 27 25 28 25 28 24
28 23 29 24 28 25 27 24
29 23 29 24 28 24 28 23
27 23 28 24 29 23 28 22
27 22 28 22 28 23 27 23
29 22 28 23 27 22 28 21
30 21 31 22 30 23 29 22
30 22 29 22 29 21 30 21
30 20 29 21 30 22 31 21
30 18 29 19 30 20 31 19
22 27 22 28 21 28 21 27
23 26 22 27 21 26 22 25
22 14 23 15 22 16 21 15
21 17 21 16 22 16 22 17
22 18 21 17 22 16 23 17
23 33 22 34 21 33 22 32
24 32 24 33 23 33 23 32
24 30 23 31 24 32 25 31
24 31 23 31 23 30 24 30
25 32 25 31 24 31 24 32
42 31 41 32 40 31 41 30
34 23 34 24 33 24 33 23
34 21 33 22 34 23 35 22
34 22 33 22 33 21 34 21
34 20 33 21 34 22 35 21
34 19 35 19 35 20 34 20
31 30 32 31 33 30 32 29
24 28 25 29 24 30 23 29
21 25 20 26 19 25 20 24
22 26 22 25 21 25 21 26
23 27 23 26 22 26 22 27
24 27 24 28 23 28 23 27
24 29 23 28 24 27 25 28
25 30 24 31 23 30 24 29
26 31 25 30 26 29 27 30
27 32 27 31 26 31 26 32
26 33 25 32 26 31 27 32
25 33 25 32 26 32 26 33
26 34 25 33 26 32 27 33
27 34 26 34 26 33 27 33
25 34 26 35 27 34 26 33
25 35 25 34 26 34 26 35
27 35 26 36 25 35 26 34
27 36 26 36 26 35 27 35
26 37 27 36 28 37 27 38
42 26 42 27 41 27 41 26
43 27 42 28 41 27 42 26
43 28 42 28 42 27 43 27
28 33 27 32 28 31 29 32
28 34 29 35 28 36 27 35
28 35 27 35 27 34 28 34
29 34 30 35 29 36 28 35
29 33 30 33 30 34 29 34
30 32 31 33 30 34 29 33
24 34 24 33 25 33 25 34
24 36 23 35 24 34 25 35
31 20 31 21 30 21 30 20
32 19 32 20 31 20 31 19
33 18 34 19 33 20 32 19
33 19 33 18 34 18 34 19
32 18 33 19 32 20 31 19
41 37 39 39 38 38 40 36
42 37 41 37 41 36 42 36
40 39 39 38 41 36 42 37
37 36 38 37 40 35 39 34
35 36 37 36 37 37 35 37
36 35 35 36 34 35 35 34
43 25 42 26 40 24 41 23
43 26 42 26 42 25 43 25
44 27 43 28 42 27 43 26
41 24 41 26 40 26 40 24
40 25 41 24 42 25 41 26
39 43 37 41 38 40 40 42
42 18 41 19 39 17 40 16
41 17 41 19 40 19 40 17
25 25 23 27 22 26 24 24
25 27 25 25 27 25 27 27
26 26 27 27 26 28 25 27
26 24 25 25 26 26 27 25
24 26 26 26 26 24 24 24
25 37 23 39 22 38 24 36
25 36 26 36 26 37 25 37
24 37 22 35 23 34 25 36
25 39 25 37 24 37 24 39
16 21 16 22 14 22 14 21
16 19 15 20 16 21 17 20
16 20 16 19 17 19 17 20
15 21 16 20 17 21 16 22
15 16 17 18 16 19 14 17
14 42 14 40 16 40 16 42
15 43 14 42 15 41 16 42
19 34 18 34 18 32 19 32
20 35 19 34 21 32 22 33
20 36 20 35 21 35 21 36
19 33 18 34 20 36 21 35
17 40 19 40 19 38 17 38
18 33 19 34 17 36 16 35
37 13 36 14 38 16 39 15
19 17 18 16 20 14 21 15
21 19 21 17 19 17 19 19
24 20 23 21 21 19 22 18
26 20 24 20 24 18 26 18
30 30 30 32 31 32 31 30
31 31 30 32 29 31 30 30
32 30 33 31 32 32 31 31
31 29 32 28 33 29 32 30
27 39 28 38 30 40 29 41
26 38 27 39 26 40 25 39
26 39 26 38 27 38 27 39
25 38 26 39 25 40 24 39
28 18 26 18 26 16 28 16
29 17 28 18 27 17 28 16
31 17 31 19 29 19 29 17
33 15 34 16 32 18 31 17
26 23 27 23 27 24 26 24
24 35 24 36 25 36 25 35
29 39 29 41 27 41 27 39
17 34 17 32 15 32 15 34
18 35 18 34 17 34 17 35
30 16 29 17 30 18 31 17
28 14 28 16 30 16 30 14
27 13 28 14 26 16 25 15
28 13 28 14 27 14 27 13
28 40 28 42 30 42 30 40
32 16 32 18 30 18 30 16
44 26 44 27 43 27 43 26
27 19 28 18 29 19 28 20
25 19 25 17 27 17 27 19
25 21 24 20 25 19 26 20
24 22 25 21 27 23 26 24
23 19 25 19 25 21 23 21
22 19 22 18 23 18 23 19
21 21 22 21 22 19 21 19
25 22 25 21 27 21 27 22
26 21 27 22 26 23 25 22
39 42 39 39 40 39 40 42
36 43 39 43 39 42 36 42
35 42 37 40 38 41 36 43
36 41 36 42 35 42 35 41
41 40 39 42 38 41 40 39
35 40 32 37 33 36 36 39
33 40 33 37 35 37 35 40
33 42 32 42 32 40 33 40
30 45 27 42 30 39 33 42
32 45 30 45 30 42 32 42
34 43 33 42 34 41 35 42
23 25 22 25 22 21 23 21
14 23 16 23 16 27 14 27
17 26 14 23 16 21 19 24
14 31 16 31 16 35 14 35
15 30 16 31 15 32 14 31
14 29 16 27 17 28 15 30
15 29 15 30 14 30 14 29
13 27 15 25 17 27 15 29
13 29 13 27 14 27 14 29
13 31 14 30 18 34 17 35
13 30 14 30 14 31 13 31
17 41 16 40 19 37 20 38
17 42 17 41 19 41 19 42
15 40 17 38 19 40 17 42
23 22 20 25 19 24 22 21
15 23 18 26 19 25 16 22
38 36 37 36 37 33 38 33
35 35 37 37 38 36 36 34
34 36 35 36 35 35 34 35
34 38 33 37 34 36 35 37
34 39 34 38 36 38 36 39
21 23 20 24 17 21 18 20
18 23 18 21 21 21 21 23
17 23 18 23 18 26 17 26
17 22 17 23 16 23 16 22
19 22 22 25 25 22 22 19
28 19 27 20 24 17 25 16
29 20 29 19 28 19 28 20
30 19 31 20 30 21 29 20
31 18 30 19 26 15 27 14
18 15 18 16 15 16 15 15
15 28 17 28 17 29 15 29
22 24 21 23 23 21 24 22
40 37 38 37 38 36 40 36
41 39 41 37 40 37 40 39
42 40 42 39 41 39 41 40
40 40 41 41 42 40 41 39
29 12 28 13 33 18 34 17
33 44 32 45 26 39 27 38
35 44 33 44 33 42 35 42
34 45 33 44 34 43 35 44
36 45 34 45 34 43 36 43
37 44 36 45 35 44 36 43
