best-score: 765967
count: 23
elapsed-time: 4.7
87
17 21 16 21 16 20 17 20
18 20 17 21 16 20 17 19
15 20 16 19 17 20 16 21
15 19 16 19 16 20 15 20
18 22 17 22 17 21 18 21
16 22 17 23 18 22 17 21
16 23 16 22 17 22 17 23
15 22 16 21 17 22 16 23
15 21 16 21 16 22 15 22
14 20 15 19 16 20 15 21
14 21 14 20 15 20 15 21
14 19 13 20 14 21 15 20
13 19 14 19 14 20 13 20
19 15 18 16 17 15 18 14
21 11 20 12 19 11 20 10
22 11 21 11 21 10 22 10
23 12 23 11 22 11 22 12
18 19 18 20 17 20 17 19
19 20 18 21 17 20 18 19
19 21 18 21 18 20 19 20
20 22 19 23 18 22 19 21
19 22 19 21 20 21 20 22
18 23 17 22 18 21 19 22
16 17 14 19 12 17 14 15
14 17 14 15 16 15 16 17
18 17 16 19 14 17 16 15
20 17 18 17 18 16 20 16
18 15 20 17 18 19 16 17
19 14 19 15 18 15 18 14
16 13 18 15 19 14 17 12
17 13 16 13 16 12 17 12
18 10 16 12 17 13 19 11
18 12 18 10 20 10 20 12
17 17 17 19 16 19 16 17
13 14 14 15 16 13 15 12
11 14 13 14 13 15 11 15
20 18 21 19 19 21 18 20
17 16 18 16 18 15 17 15
7 10 8 10 8 12 7 12
8 14 8 12 10 12 10 14
6 12 8 10 10 12 8 14
21 18 22 19 20 21 19 20
22 18 22 19 21 19 21 18
20 8 20 10 21 10 21 8
21 17 21 18 20 18 20 17
19 17 20 18 21 17 20 16
18 18 17 17 18 16 19 17
20 19 20 18 18 18 18 19
21 21 21 19 20 19 20 21
22 24 20 22 21 21 23 23
13 9 16 12 13 15 10 12
13 12 13 9 15 9 15 12
20 11 16 15 13 12 17 8
21 12 20 11 21 10 22 11
21 16 20 16 20 12 21 12
22 17 21 18 20 17 21 16
10 22 13 19 14 20 11 23
8 22 8 18 10 18 10 22
11 19 8 22 7 21 10 18
7 19 7 15 11 15 11 19
13 23 11 23 11 20 13 20
14 24 13 23 15 21 16 22
17 7 17 8 13 8 13 7
19 5 22 8 20 10 17 7
10 9 10 8 13 8 13 9
9 10 10 9 12 11 11 12
17 4 21 8 17 12 13 8
7 17 10 14 11 15 8 18
11 17 10 18 7 15 8 14
15 17 13 19 11 17 13 15
23 13 20 16 19 15 22 12
23 14 21 16 19 14 21 12
19 13 19 14 23 14 23 13
13 13 11 15 15 19 17 17
16 14 16 13 13 13 13 14
17 14 17 15 16 15 16 14
18 13 18 14 17 14 17 13
15 5 13 7 15 9 17 7
19 9 19 5 15 5 15 9
22 16 22 17 21 17 21 16
23 17 22 18 21 17 22 16
23 18 22 18 22 17 23 17
8 17 11 20 14 17 11 14
23 15 22 16 19 13 20 12
11 13 11 12 13 12 13 13
6 15 7 15 7 12 6 12
7 24 14 24 14 21 7 21
