best-score: 750315
count: 3
elapsed-time: 5.016
235
20 30 19 29 20 28 21 29
20 34 21 33 22 34 21 35
19 33 20 34 19 35 18 34
19 34 19 33 20 33 20 34
21 19 20 19 20 18 21 18
20 20 19 19 20 18 21 19
19 20 19 19 20 19 20 20
18 21 19 20 20 21 19 22
32 27 31 26 32 25 33 26
32 26 33 26 33 27 32 27
31 25 31 26 32 26 32 25
30 26 31 25 32 26 31 27
30 27 30 26 31 26 31 27
32 35 31 36 32 37 33 36
32 36 31 36 31 35 32 35
33 37 33 36 32 36 32 37
34 38 34 37 33 37 33 38
32 30 31 29 32 28 33 29
32 29 33 29 33 30 32 30
33 28 32 29 31 28 32 27
34 29 34 28 33 28 33 29
35 30 34 31 33 30 34 29
34 30 35 30 35 31 34 31
35 29 34 30 33 29 34 28
19 17 20 17 20 18 19 18
18 19 19 20 20 19 19 18
18 18 19 18 19 19 18 19
18 16 17 17 18 18 19 17
18 14 17 15 18 16 19 15
16 16 15 15 16 14 17 15
16 17 15 17 15 16 16 16
16 18 16 17 17 17 17 18
17 34 18 35 17 36 16 35
17 35 17 34 18 34 18 35
16 36 17 36 17 35 16 35
16 34 15 35 16 36 17 35
15 34 16 34 16 35 15 35
32 39 31 38 32 37 33 38
27 29 27 28 28 28 28 29
25 29 26 30 27 29 26 28
23 18 24 19 25 18 24 17
22 19 21 18 22 17 23 18
41 35 41 34 40 34 40 35
14 24 15 25 14 26 13 25
23 17 24 17 24 18 23 18
36 15 37 14 38 15 37 16
12 27 13 26 14 27 13 28
12 28 12 27 13 27 13 28
13 29 12 28 13 27 14 28
14 29 13 29 13 28 14 28
14 25 14 26 13 26 13 25
15 24 15 25 14 25 14 24
19 27 18 26 20 24 21 25
21 27 21 29 19 29 19 27
23 35 23 33 21 33 21 35
24 34 23 35 22 34 23 33
22 36 24 36 24 34 22 34
23 37 22 36 23 35 24 36
22 20 21 19 23 17 24 18
24 20 22 20 22 19 24 19
26 22 24 20 25 19 27 21
30 39 30 37 32 37 32 39
29 38 30 37 31 38 30 39
29 36 31 36 31 38 29 38
30 35 31 36 30 37 29 36
33 34 32 33 34 31 35 32
34 16 34 18 32 18 32 16
33 15 34 14 35 15 34 16
34 15 33 15 33 14 34 14
35 16 35 15 34 15 34 16
35 14 34 15 35 16 36 15
36 14 36 15 35 15 35 14
37 13 37 14 36 14 36 13
38 16 36 14 37 13 39 15
37 15 37 16 38 16 38 15
31 13 30 14 32 16 33 15
17 32 19 34 20 33 18 31
16 32 17 32 17 34 16 34
17 33 16 34 15 33 16 32
18 22 20 20 22 22 20 24
17 21 17 22 18 22 18 21
16 20 18 18 19 19 17 21
22 21 20 21 20 20 22 20
16 13 18 13 18 14 16 14
18 24 18 26 17 26 17 24
19 24 18 24 18 22 19 22
15 22 17 22 17 24 15 24
29 23 31 25 33 23 31 21
29 28 27 26 28 25 30 27
29 29 29 28 31 28 31 29
28 30 27 29 28 28 29 29
29 30 28 30 28 29 29 29
30 29 29 30 28 29 29 28
25 35 24 34 26 32 27 33
25 37 23 37 23 35 25 35
26 26 26 28 27 28 27 26
28 24 30 26 28 28 26 26
26 25 28 25 28 24 26 24
13 33 13 34 15 34 15 33
12 34 13 33 15 35 14 36
16 27 14 25 15 24 17 26
16 28 14 28 14 27 16 27
39 37 41 39 39 41 37 39
38 36 40 34 41 35 39 37
40 36 38 36 38 35 40 35
28 32 26 32 26 30 28 30
28 34 27 33 28 32 29 33
13 36 14 36 14 38 13 38
14 37 13 36 15 34 16 35
14 39 13 38 14 37 15 38
15 39 14 39 14 38 15 38
17 37 15 39 14 38 16 36
12 36 12 34 13 34 13 36
25 23 21 27 18 24 22 20
29 19 29 23 25 23 25 19
19 38 19 35 21 35 21 38
17 40 15 38 17 36 19 38
34 32 31 35 29 33 32 30
29 39 32 36 33 37 30 40
28 40 25 37 26 36 29 39
30 41 30 40 28 40 28 41
32 43 30 41 32 39 34 41
35 43 32 43 32 39 35 39
27 32 30 35 32 33 29 30
20 37 19 38 20 39 21 38
23 39 23 37 20 37 20 39
21 41 17 37 19 35 23 39
24 38 24 41 21 41 21 38
26 38 24 38 24 36 26 36
26 39 26 38 29 38 29 39
26 43 24 41 26 39 28 41
23 43 23 39 26 39 26 43
15 14 19 18 20 17 16 13
16 15 16 14 15 14 15 15
17 16 17 15 16 15 16 16
18 17 18 16 17 16 17 17
21 30 21 33 20 33 20 30
25 34 21 30 23 28 27 32
28 35 28 34 25 34 25 35
28 37 28 35 30 35 30 37
23 36 26 39 28 37 25 34
21 36 20 37 18 35 19 34
23 24 23 28 20 28 20 24
23 22 26 22 26 24 23 24
20 25 19 24 22 21 23 22
37 35 34 38 35 39 38 36
38 34 37 35 34 32 35 31
37 34 38 34 38 35 37 35
36 33 37 34 34 37 33 36
36 35 32 35 32 33 36 33
36 39 36 35 37 35 37 39
36 43 34 41 36 39 38 41
37 20 35 20 35 16 37 16
14 21 13 20 16 17 17 18
13 24 14 24 14 21 13 21
12 25 13 24 14 25 13 26
12 24 13 24 13 25 12 25
13 18 13 20 16 20 16 18
11 20 13 18 17 22 15 24
11 21 11 20 13 20 13 21
12 20 13 21 16 18 15 17
16 30 16 28 20 28 20 30
12 31 15 34 17 32 14 29
20 36 20 37 17 37 17 36
21 28 18 31 14 27 17 24
38 23 36 25 33 22 35 20
37 26 34 29 33 28 36 25
37 23 37 26 33 26 33 23
33 19 34 18 38 22 37 23
29 15 29 19 33 19 33 15
28 15 28 13 29 13 29 15
24 15 28 15 28 17 24 17
20 11 24 15 22 17 18 13
30 20 31 21 33 19 32 18
28 22 27 21 29 19 30 20
27 23 28 22 29 23 28 24
27 36 27 33 29 33 29 36
23 30 23 28 26 28 26 30
25 22 23 24 20 21 22 19
25 40 25 37 28 37 28 40
28 14 24 18 25 19 29 15
12 23 13 24 15 22 14 21
40 31 41 32 38 35 37 34
38 31 40 31 40 34 38 34
37 32 38 31 41 34 40 35
36 31 37 32 36 33 35 32
36 32 35 32 35 31 36 31
37 33 37 32 36 32 36 33
38 37 39 37 39 41 38 41
34 36 34 37 38 37 38 36
38 24 34 28 33 27 37 23
40 23 40 24 38 24 38 23
29 25 29 28 28 28 28 25
31 23 31 25 29 25 29 23
31 22 33 22 33 23 31 23
28 21 28 22 31 22 31 21
31 18 28 21 25 18 28 15
32 21 32 18 31 18 31 21
32 23 31 22 32 21 33 22
23 21 23 22 22 22 22 21
37 22 38 22 38 23 37 23
34 34 34 36 33 36 33 34
35 34 34 34 34 32 35 32
28 19 31 22 28 25 25 22
21 26 21 25 26 25 26 26
12 33 13 34 21 26 20 25
13 31 13 33 12 33 12 31
10 34 13 31 15 33 12 36
10 33 12 33 12 34 10 34
27 34 32 29 33 30 28 35
22 11 22 17 20 17 20 11
45 29 40 34 35 29 40 24
29 10 33 14 28 19 24 15
31 10 31 13 29 13 29 10
32 9 36 13 35 14 31 10
49 23 41 31 33 23 41 15
33 21 33 19 40 19 40 21
31 20 26 25 23 22 28 17
36 17 32 21 31 20 35 16
39 20 36 17 37 16 40 19
41 20 39 20 39 15 41 15
25 26 23 28 21 26 23 24
26 27 25 26 26 25 27 26
24 31 23 30 26 27 27 28
25 31 25 34 24 34 24 31
27 31 26 32 25 31 26 30
29 31 28 32 27 31 28 30
32 31 32 33 29 33 29 31
41 24 41 31 40 31 40 24
42 25 36 31 35 30 41 24
19 13 19 15 24 15 24 13
33 32 33 34 28 34 28 32
33 31 34 31 34 32 33 32
42 17 42 25 36 25 36 17
43 18 41 20 40 19 42 17
