best-score: 616683
count: 3
elapsed-time: 4.543
179
43 27 44 27 44 28 43 28
42 28 43 27 44 28 43 29
21 29 22 30 21 31 20 30
31 27 31 28 30 28 30 27
29 27 30 28 31 27 30 26
29 26 30 26 30 27 29 27
31 26 30 27 29 26 30 25
31 25 31 26 30 26 30 25
29 25 30 26 31 25 30 24
28 26 29 26 29 25 28 25
27 25 28 24 29 25 28 26
27 24 28 24 28 25 27 25
39 38 38 37 39 36 40 37
39 37 40 37 40 38 39 38
38 36 38 37 39 37 39 36
40 36 39 37 38 36 39 35
40 35 40 36 39 36 39 35
16 41 16 42 15 42 15 41
29 24 30 24 30 25 29 25
28 23 29 24 28 25 27 24
29 23 29 24 28 24 28 23
35 21 37 23 36 24 34 22
36 20 35 21 33 19 34 18
18 19 18 18 16 18 16 19
16 21 18 19 19 20 17 22
17 21 17 22 16 22 16 21
17 23 16 22 17 21 18 22
18 23 17 23 17 22 18 22
30 38 28 36 29 35 31 37
33 39 33 37 34 37 34 39
32 41 33 41 33 39 32 39
22 19 24 19 24 18 22 18
28 28 26 30 24 28 26 26
26 28 26 26 28 26 28 28
24 29 26 29 26 28 24 28
22 29 24 29 24 30 22 30
28 40 29 40 29 42 28 42
29 41 28 42 27 41 28 40
39 19 38 20 40 22 41 21
37 34 39 36 40 35 38 33
37 33 38 33 38 34 37 34
37 35 36 34 37 33 38 34
36 35 36 34 37 34 37 35
36 39 34 37 36 35 38 37
43 16 41 18 39 16 41 14
41 16 41 14 43 14 43 16
39 18 41 18 41 16 39 16
41 27 43 27 43 25 41 25
39 29 41 27 42 28 40 30
35 34 36 33 37 34 36 35
35 33 36 33 36 34 35 34
33 45 29 41 33 37 37 41
37 45 33 45 33 41 37 41
38 26 38 23 37 23 37 26
39 26 39 29 38 29 38 26
40 25 43 28 42 29 39 26
41 22 41 25 40 25 40 22
39 20 41 18 43 20 41 22
42 19 42 20 39 20 39 19
34 40 33 39 37 35 38 36
38 44 37 45 33 41 34 40
46 38 44 40 40 36 42 34
41 45 37 41 40 38 44 42
18 38 15 41 16 42 19 39
16 38 18 38 18 41 16 41
16 45 15 44 18 41 19 42
19 45 16 45 16 42 19 42
18 31 18 29 21 29 21 31
20 29 23 32 21 34 18 31
21 28 20 29 18 27 19 26
22 28 22 29 21 29 21 28
24 26 26 28 24 30 22 28
24 24 26 24 26 26 24 26
20 20 24 24 22 26 18 22
20 16 18 18 20 20 22 18
21 16 21 20 20 20 20 16
23 14 26 17 24 19 21 16
22 22 18 22 18 19 22 19
32 21 32 24 30 24 30 21
33 22 30 25 29 24 32 21
34 19 34 22 33 22 33 19
37 22 34 19 36 17 39 20
34 23 37 23 37 22 34 22
34 29 31 26 34 23 37 26
28 20 30 18 34 22 32 24
31 34 33 34 33 37 31 37
29 36 31 34 34 37 32 39
28 35 28 36 29 36 29 35
24 31 28 35 27 36 23 32
24 27 22 29 24 31 26 29
22 27 24 27 24 28 22 28
19 27 19 26 22 26 22 27
20 26 22 28 21 29 19 27
32 36 35 33 36 34 33 37
29 39 32 39 32 36 29 36
32 42 29 39 30 38 33 41
37 25 33 29 32 28 36 24
41 23 38 26 37 25 40 22
25 19 29 23 33 19 29 15
25 23 26 24 25 25 24 24
24 23 24 19 25 19 25 23
21 26 18 23 21 20 24 23
26 31 24 31 24 30 26 30
27 32 26 31 30 27 31 28
23 36 27 36 27 32 23 32
20 39 18 37 21 34 23 36
20 42 19 42 19 39 20 39
24 38 26 40 22 44 20 42
20 38 24 38 24 39 20 39
28 37 25 40 24 39 27 36
27 37 27 36 28 36 28 37
26 38 27 37 29 39 28 40
28 38 28 40 26 40 26 38
30 37 30 38 28 38 28 37
29 16 29 17 26 17 26 16
43 37 40 37 40 36 43 36
43 40 43 37 44 37 44 40
47 36 43 40 40 37 44 33
39 23 38 23 38 20 39 20
36 28 36 24 32 24 32 28
35 29 31 25 32 24 36 28
34 33 35 33 35 29 34 29
34 35 33 34 34 33 35 34
36 37 36 35 34 35 34 37
38 39 38 37 36 37 36 39
36 40 34 40 34 39 36 39
32 37 34 35 36 37 34 39
38 17 38 20 36 20 36 17
24 34 21 34 21 31 24 31
26 34 26 38 24 38 24 34
25 35 26 34 28 36 27 37
21 39 20 38 24 34 25 35
20 37 20 38 18 38 18 37
43 41 37 41 37 40 43 40
32 29 31 28 37 22 38 23
32 30 26 30 26 29 32 29
36 32 35 33 32 30 33 29
37 32 37 33 36 33 36 32
33 30 36 33 37 32 34 29
37 27 31 27 31 26 37 26
38 30 36 28 37 27 39 29
40 33 40 30 38 30 38 33
44 35 44 33 40 33 40 35
41 32 44 35 43 36 40 33
39 31 37 33 36 32 38 30
42 31 39 31 39 29 42 29
39 28 42 31 41 32 38 29
43 24 39 28 37 26 41 22
42 24 42 20 43 20 43 24
42 26 41 25 42 24 43 25
39 24 39 26 42 26 42 24
43 44 38 39 39 38 44 43
16 31 18 31 18 37 16 37
17 28 15 30 16 31 18 29
22 37 20 37 20 30 22 30
22 41 22 37 27 37 27 41
18 44 22 44 22 41 18 41
43 33 42 34 39 31 40 30
18 24 18 23 24 23 24 24
33 23 34 23 34 29 33 29
29 22 29 23 33 23 33 22
37 30 29 22 30 21 38 29
37 29 38 29 38 30 37 30
18 35 24 29 26 31 20 37
31 31 31 34 26 34 26 31
29 29 30 28 32 30 31 31
21 15 26 15 26 16 21 16
23 13 26 16 24 18 21 15
44 30 39 35 38 34 43 29
24 35 27 32 32 37 29 40
28 13 26 15 32 21 34 19
28 14 23 14 23 13 28 13
29 33 29 35 34 35 34 33
21 35 24 38 29 33 26 30
32 43 32 42 44 42 44 43
33 44 32 43 36 39 37 40
38 15 38 16 29 16 29 15
37 16 38 15 39 16 38 17
14 14 23 14 23 32 14 32
