best-score: 704238
count: 61
elapsed-time: 4.514
37
16 11 15 12 17 14 18 13
22 10 23 11 21 13 20 12
17 24 15 22 16 21 18 23
15 18 14 18 14 16 15 16
13 18 14 18 14 20 13 20
16 18 14 20 12 18 14 16
17 17 19 19 18 20 16 18
15 23 13 23 13 22 15 22
18 14 18 17 17 17 17 14
18 22 14 18 18 14 22 18
15 20 15 22 18 22 18 20
11 20 13 22 15 20 13 18
11 22 11 20 13 20 13 22
13 24 11 22 13 20 15 22
24 22 23 23 19 19 20 18
17 25 15 23 18 20 20 22
13 25 13 24 17 24 17 25
12 15 15 18 13 20 10 17
19 18 16 21 15 20 18 17
20 19 20 18 19 18 19 19
21 19 21 22 20 22 20 19
20 23 18 23 18 22 20 22
21 12 20 12 20 8 21 8
20 16 20 12 15 12 15 16
22 16 22 18 20 18 20 16
16 17 21 22 20 23 15 18
17 18 17 17 16 17 16 18
18 15 16 17 15 16 17 14
26 17 23 20 18 15 21 12
21 9 14 16 13 15 20 8
23 17 23 20 18 20 18 17
26 11 26 17 23 17 23 11
27 12 20 19 19 18 26 11
27 13 21 13 21 12 27 12
26 12 27 13 23 17 22 16
10 11 10 17 16 17 16 11
8 13 10 11 15 16 13 18
