best-score: 630990
count: 11
elapsed-time: 4.502
100
23 19 22 19 22 18 23 18
24 18 25 19 24 20 23 19
21 24 22 24 22 25 21 25
25 30 26 29 27 30 26 31
21 23 22 24 21 25 20 24
20 23 21 23 21 24 20 24
26 30 24 28 26 26 28 28
27 29 27 30 26 30 26 29
27 28 28 28 28 29 27 29
29 28 28 29 27 28 28 27
23 15 22 16 24 18 25 17
25 28 25 30 24 30 24 28
26 27 27 28 26 29 25 28
28 26 28 27 26 27 26 26
35 17 33 19 31 17 33 15
12 17 14 17 14 18 12 18
14 20 14 19 16 19 16 20
16 18 18 20 16 22 14 20
12 20 14 18 16 20 14 22
12 22 12 20 14 20 14 22
10 20 12 18 14 20 12 22
10 18 12 18 12 20 10 20
14 23 14 22 16 22 16 23
25 31 25 30 26 30 26 31
27 33 25 31 26 30 28 32
18 22 16 22 16 20 18 20
29 27 29 28 28 28 28 27
33 22 32 23 29 20 30 19
30 22 30 19 33 19 33 22
22 30 19 27 21 25 24 28
22 32 21 32 21 30 22 30
23 33 22 32 24 30 25 31
24 17 24 13 25 13 25 17
23 17 24 17 24 18 23 18
20 17 20 15 23 15 23 17
21 16 23 18 22 19 20 17
23 12 20 15 21 16 24 13
28 20 28 18 24 18 24 20
26 18 28 20 27 21 25 19
29 13 25 17 26 18 30 14
26 13 26 11 29 11 29 13
22 28 26 24 28 26 24 30
24 25 24 28 22 28 22 25
18 13 20 15 16 19 14 17
18 17 14 17 14 13 18 13
18 19 18 17 20 17 20 19
9 20 11 22 14 19 12 17
23 32 23 33 22 33 22 32
22 31 23 32 22 33 21 32
24 27 21 30 22 31 25 28
21 18 22 18 22 16 21 16
19 23 18 22 22 18 23 19
16 27 19 27 19 23 16 23
12 23 16 19 20 23 16 27
11 23 11 22 12 22 12 23
12 24 11 23 12 22 13 23
13 24 12 24 12 23 13 23
17 28 15 30 14 29 16 27
18 29 17 28 21 24 22 25
28 12 29 11 30 12 29 13
28 14 28 12 30 12 30 14
15 25 21 25 21 30 15 30
16 24 15 25 13 23 14 22
32 17 30 19 24 13 26 11
31 23 32 23 32 17 31 17
32 24 29 27 28 26 31 23
20 29 14 23 18 19 24 25
18 24 18 29 20 29 20 24
14 28 12 26 16 22 18 24
17 29 17 28 14 28 14 29
34 20 31 23 30 22 33 19
34 27 29 27 29 20 34 20
28 30 33 30 33 29 28 29
27 32 28 32 28 30 27 30
29 34 27 32 31 28 33 30
31 34 29 34 29 28 31 28
32 33 31 34 27 30 28 29
11 11 11 17 12 17 12 11
9 13 11 11 16 16 14 18
19 25 18 24 19 23 20 24
30 17 30 19 25 19 25 17
31 14 31 17 30 17 30 14
32 15 30 17 29 16 31 14
33 17 33 15 32 15 32 17
35 19 35 17 33 17 33 19
25 21 27 21 27 28 25 28
23 21 23 19 25 19 25 21
20 18 23 21 21 23 18 20
36 26 33 29 25 21 28 18
28 15 29 16 21 24 20 23
23 14 23 15 28 15 28 14
32 19 24 27 22 25 30 17
24 22 23 21 24 20 25 21
30 25 30 22 24 22 24 25
31 24 30 25 23 18 24 17
35 26 34 27 31 24 32 23
36 19 36 26 35 26 35 19
26 23 31 23 31 24 26 24
28 25 26 27 24 25 26 23
32 28 31 28 31 24 32 24
