best-score: 662764
count: 5
elapsed-time: 4.645
117
23 27 24 28 25 27 24 26
26 30 26 31 25 31 25 30
41 42 41 41 42 41 42 42
42 43 41 42 42 41 43 42
43 43 42 43 42 42 43 42
43 41 42 42 43 43 44 42
44 41 44 42 43 42 43 41
19 35 18 35 18 34 19 34
19 33 18 34 19 35 20 34
18 32 19 31 20 32 19 33
20 33 20 34 19 34 19 33
23 28 24 28 24 29 23 29
37 14 36 15 37 16 38 15
21 20 20 20 20 19 21 19
22 19 21 20 20 19 21 18
22 18 23 18 23 19 22 19
22 20 21 19 22 18 23 19
23 25 23 27 25 27 25 25
24 24 25 25 24 26 23 25
22 26 24 26 24 24 22 24
21 25 22 24 23 25 22 26
23 32 25 30 26 31 24 33
24 31 25 31 25 33 24 33
42 36 40 34 41 33 43 35
43 36 43 37 42 37 42 36
24 17 23 18 21 16 22 15
35 16 37 16 37 14 35 14
34 15 35 14 36 15 35 16
22 16 22 18 21 18 21 16
46 25 44 27 42 25 44 23
16 34 16 32 18 32 18 34
16 30 14 32 16 34 18 32
14 30 16 30 16 32 14 32
29 36 29 38 31 38 31 36
27 38 27 42 25 42 25 38
28 37 29 38 28 39 27 38
32 37 32 39 28 39 28 37
33 38 32 39 31 38 32 37
33 42 31 42 31 38 33 38
34 43 34 42 33 42 33 43
28 25 24 29 25 30 29 26
22 34 20 32 23 29 25 31
28 45 25 42 28 39 31 42
37 23 41 27 37 31 33 27
30 19 33 19 33 22 30 22
41 23 44 23 44 27 41 27
42 24 39 27 38 26 41 23
46 24 46 25 42 25 42 24
18 30 22 26 23 27 19 31
16 28 18 30 16 32 14 30
18 28 18 30 16 30 16 28
15 25 18 22 21 25 18 28
19 32 23 28 24 29 20 33
18 31 18 32 19 32 19 31
16 35 15 34 18 31 19 32
15 35 15 34 16 34 16 35
20 38 19 39 15 35 16 34
22 38 20 38 20 34 22 34
23 33 20 33 20 32 23 32
32 40 34 42 37 39 35 37
37 34 34 34 34 31 37 31
31 34 34 34 34 36 31 36
34 37 31 34 34 31 37 34
35 36 35 37 34 37 34 36
39 33 35 37 34 36 38 32
29 21 32 18 33 19 30 22
30 34 29 35 25 31 26 30
21 24 21 20 22 20 22 24
24 39 19 34 20 33 25 38
24 45 24 39 28 39 28 45
21 42 24 39 27 42 24 45
25 43 25 42 21 42 21 43
30 38 25 43 20 38 25 33
28 16 22 16 22 15 28 15
28 19 28 16 30 16 30 19
30 21 23 28 21 26 28 19
29 24 28 25 22 19 23 18
24 21 24 24 29 24 29 21
39 22 39 27 33 27 33 22
39 13 43 17 37 23 33 19
38 27 34 31 29 26 33 22
39 41 39 33 41 33 41 41
38 40 42 36 43 37 39 41
24 35 24 39 19 39 19 35
18 27 23 27 23 28 18 28
16 29 18 27 20 29 18 31
29 28 29 26 24 26 24 28
34 33 31 36 26 31 29 28
40 39 37 39 37 34 40 34
44 39 42 41 40 39 42 37
51 34 44 41 37 34 44 27
51 39 44 39 44 34 51 34
41 16 41 23 37 23 37 16
23 9 30 16 22 24 15 17
15 26 15 25 21 25 21 26
34 23 34 15 36 15 36 23
37 40 37 39 32 39 32 40
36 41 33 38 34 37 37 40
25 19 28 19 28 25 25 25
25 13 22 16 25 19 28 16
16 27 28 15 36 23 24 35
16 22 18 22 18 27 16 27
32 9 32 18 23 18 23 9
15 21 15 17 24 17 24 21
21 15 22 16 16 22 15 21
15 15 21 15 21 16 15 16
13 17 15 15 20 20 18 22
13 16 15 16 15 17 13 17
10 19 13 16 21 24 18 27
35 25 42 25 42 36 35 36
31 25 31 16 35 16 35 25
30 25 31 25 31 34 30 34
38 24 38 26 29 26 29 24
42 15 42 24 38 24 38 15
43 18 41 16 42 15 44 17
44 18 43 18 43 17 44 17
43 28 43 35 29 35 29 28
