best-score: 740270
count: 12
elapsed-time: 4.748
92
9 19 10 19 10 20 9 20
10 18 11 19 10 20 9 19
11 18 11 19 10 19 10 18
27 19 26 18 27 17 28 18
29 28 29 27 28 27 28 28
27 18 28 18 28 17 27 17
26 19 27 19 27 18 26 18
28 19 27 20 26 19 27 18
28 20 27 20 27 19 28 19
28 22 27 21 28 20 29 21
30 28 29 29 28 28 29 27
30 29 29 29 29 28 30 28
24 13 25 12 26 13 25 14
25 13 24 13 24 12 25 12
26 14 26 13 25 13 25 14
25 16 24 15 25 14 26 15
11 22 11 21 12 21 12 22
10 22 11 22 11 23 10 23
9 21 10 20 11 21 10 22
8 21 9 20 11 22 10 23
8 20 9 20 9 21 8 21
18 19 16 17 17 16 19 18
21 12 22 13 20 15 19 14
19 21 21 23 20 24 18 22
23 18 23 16 25 16 25 18
22 18 23 18 23 19 22 19
14 24 13 25 11 23 12 22
13 20 12 21 10 19 11 18
27 23 29 23 29 21 27 21
28 24 27 23 28 22 29 23
23 20 24 21 26 19 25 18
20 21 21 22 23 20 22 19
22 15 22 13 24 13 24 15
23 14 24 15 23 16 22 15
23 12 22 13 23 14 24 13
21 14 23 14 23 12 21 12
9 10 9 9 12 9 12 10
19 24 19 21 20 21 20 24
19 11 22 11 22 13 19 13
19 15 20 15 20 18 19 18
16 18 19 15 22 18 19 21
15 17 16 18 12 22 11 21
13 15 17 11 19 13 15 17
6 14 10 18 13 15 9 11
15 10 19 14 17 16 13 12
25 22 25 23 21 23 21 22
27 24 27 27 28 27 28 24
25 24 25 23 27 23 27 24
23 24 25 24 25 27 23 27
25 26 23 24 25 22 27 24
28 10 29 11 26 14 25 13
14 22 18 22 18 19 14 19
12 24 14 24 14 22 12 22
19 9 19 11 17 11 17 9
17 22 16 23 13 20 14 19
19 16 20 15 23 18 22 19
23 28 23 27 20 27 20 28
26 27 24 29 23 28 25 26
19 31 16 28 20 24 23 27
26 20 23 20 23 19 26 19
26 21 26 20 27 20 27 21
25 8 26 9 23 12 22 11
27 15 23 19 22 18 26 14
26 17 27 17 27 15 26 15
27 16 28 17 27 18 26 17
24 22 26 20 27 21 25 23
24 17 25 18 26 17 25 16
15 18 15 17 16 17 16 18
21 26 19 24 21 22 23 24
22 29 20 27 21 26 23 28
22 31 19 31 19 29 22 29
16 21 16 18 19 18 19 21
8 11 9 10 16 17 15 18
8 10 9 10 9 11 8 11
10 10 9 11 8 10 9 9
9 16 9 11 17 11 17 16
13 14 13 15 19 15 19 14
6 12 6 14 13 14 13 12
15 23 14 24 19 29 20 28
19 17 14 22 15 23 20 18
17 5 12 10 19 17 24 12
12 5 17 5 17 9 12 9
16 26 16 23 21 23 21 26
10 28 16 28 16 26 10 26
13 31 10 28 13 25 16 28
20 25 20 27 13 27 13 25
12 17 12 10 15 10 15 17
10 15 12 17 11 18 9 16
15 21 16 21 16 23 15 23
12 18 12 21 15 21 15 18
11 17 11 18 12 18 12 17
21 32 11 22 12 21 22 31
