best-score: 606262
count: 8
elapsed-time: 4.583
109
25 21 25 22 26 22 26 21
27 21 26 22 25 21 26 20
28 20 29 21 28 22 27 21
27 20 27 21 26 21 26 20
28 21 27 22 26 21 27 20
29 20 29 21 28 21 28 20
30 19 30 20 29 20 29 19
30 21 29 20 30 19 31 20
31 21 30 21 30 20 31 20
30 22 29 21 30 20 31 21
29 22 29 21 30 21 30 22
28 23 29 23 29 22 28 22
26 23 27 24 28 23 27 22
27 23 26 23 26 22 27 22
28 24 28 23 27 23 27 24
31 19 30 20 29 19 30 18
31 18 31 19 30 19 30 18
15 16 15 15 16 15 16 16
23 24 24 25 26 23 25 22
24 33 25 32 27 34 26 35
25 33 24 33 24 32 25 32
26 30 24 32 25 33 27 31
25 25 27 23 28 24 26 26
20 18 20 17 22 17 22 18
16 18 18 20 20 18 18 16
17 16 17 18 16 18 16 16
16 17 15 16 16 15 17 16
15 18 16 17 17 18 16 19
15 19 15 18 16 18 16 19
24 13 24 14 22 14 22 13
24 15 22 17 20 15 22 13
23 18 21 20 20 19 22 17
32 30 30 30 30 29 32 29
28 17 29 16 31 18 30 19
22 15 22 14 20 14 20 15
24 17 24 15 22 15 22 17
26 15 24 17 22 15 24 13
16 20 16 22 18 22 18 20
14 22 13 21 15 19 16 20
13 24 15 22 17 24 15 26
26 14 26 15 24 15 24 14
33 20 33 19 31 19 31 20
32 19 33 20 32 21 31 20
33 10 35 12 33 14 31 12
17 31 17 33 16 33 16 31
26 32 26 30 30 30 30 32
30 10 34 14 30 18 26 14
30 14 30 10 33 10 33 14
23 30 26 30 26 26 23 26
30 11 31 12 27 16 26 15
33 26 29 22 30 21 34 25
20 16 22 18 18 22 16 20
18 15 18 16 20 16 20 15
20 13 22 15 20 17 18 15
33 32 33 34 30 34 30 32
35 30 33 32 30 29 32 27
32 33 35 33 35 30 32 30
34 33 33 34 32 33 33 32
24 22 25 22 25 25 24 25
17 19 20 19 20 18 17 18
23 33 20 30 21 29 24 32
20 33 20 30 23 30 23 33
19 32 22 29 23 30 20 33
18 26 20 26 20 30 18 30
10 26 14 30 18 26 14 22
10 22 14 22 14 26 10 26
27 19 27 16 29 16 29 19
28 18 29 19 28 20 27 19
30 17 30 18 28 18 28 17
13 27 17 31 18 30 14 26
17 27 13 27 13 24 17 24
17 23 18 22 21 25 20 26
13 25 14 26 17 23 16 22
22 22 25 25 21 29 18 26
22 25 21 25 21 22 22 22
24 29 24 25 22 25 22 29
26 31 25 32 23 30 24 29
14 19 15 19 15 22 14 22
11 16 12 15 15 18 14 19
11 18 11 16 15 16 15 18
16 26 16 22 15 22 15 26
15 30 14 30 14 26 15 26
11 34 15 30 16 31 12 35
23 28 27 24 28 25 24 29
23 22 22 22 22 18 23 18
19 26 17 24 21 20 23 22
20 24 20 26 23 26 23 24
20 23 22 25 23 24 21 22
12 14 12 11 14 11 14 14
11 15 12 14 16 18 15 19
11 14 12 14 12 15 11 15
15 12 12 15 11 14 14 11
33 35 30 32 32 30 35 33
36 25 32 29 28 25 32 21
29 27 26 30 21 25 24 22
32 23 32 27 29 27 29 23
21 15 22 14 27 19 26 20
19 15 20 16 21 15 20 14
34 19 33 19 33 14 34 14
36 19 36 25 34 25 34 19
24 8 16 16 22 22 30 14
17 32 16 31 22 25 23 26
9 21 15 15 16 16 10 22
9 24 9 21 13 21 13 24
31 34 23 26 24 25 32 33
35 18 31 18 31 12 35 12
35 20 34 19 35 18 36 19
35 26 33 26 33 20 35 20
14 8 24 8 24 11 14 11
