best-score: 793007
count: 4
elapsed-time: 4.989
224
18 17 17 16 18 15 19 16
19 18 18 19 17 18 18 17
18 18 19 18 19 19 18 19
17 17 17 18 18 18 18 17
29 20 29 21 28 21 28 20
27 22 28 21 29 22 28 23
21 18 20 19 21 20 22 19
21 27 22 27 22 28 21 28
20 28 21 27 22 28 21 29
20 29 20 28 21 28 21 29
17 12 18 13 17 14 16 13
18 12 18 13 17 13 17 12
14 30 15 31 16 30 15 29
12 30 13 31 14 30 13 29
18 25 17 26 16 25 17 24
16 16 16 15 17 15 17 16
18 16 17 17 16 16 17 15
19 17 19 16 18 16 18 17
20 18 19 19 18 18 19 17
21 19 21 18 20 18 20 19
22 20 22 19 21 19 21 20
20 20 21 21 22 20 21 19
20 21 20 20 21 20 21 21
32 13 31 14 30 13 31 12
31 31 30 30 31 29 32 30
30 31 30 30 31 30 31 31
29 30 30 29 31 30 30 31
29 29 30 29 30 30 29 30
29 31 28 30 29 29 30 30
28 31 28 30 29 30 29 31
27 30 28 31 27 32 26 31
27 28 26 29 27 30 28 29
26 27 26 28 27 28 27 27
31 11 30 11 30 10 31 10
32 12 32 11 31 11 31 12
31 28 31 29 30 29 30 28
30 23 29 22 30 21 31 22
25 30 24 31 25 32 26 31
25 29 26 29 26 30 25 30
27 29 26 30 25 29 26 28
28 28 28 29 27 29 27 28
28 26 27 27 28 28 29 27
26 26 27 27 26 28 25 27
25 26 26 26 26 27 25 27
30 22 30 21 29 21 29 22
31 23 31 22 30 22 30 23
29 23 30 24 31 23 30 22
28 22 28 23 29 23 29 22
27 21 28 20 29 21 28 22
29 24 29 23 30 23 30 24
16 14 17 14 17 13 16 13
18 14 17 15 16 14 17 13
17 22 17 21 18 21 18 22
27 31 26 31 26 30 27 30
28 32 28 31 27 31 27 32
23 12 23 13 24 13 24 12
23 10 22 11 23 12 24 11
22 16 23 16 23 17 22 17
22 29 21 28 22 27 23 28
23 29 22 29 22 28 23 28
24 28 23 29 22 28 23 27
21 16 22 15 23 16 22 17
21 15 22 15 22 16 21 16
12 24 11 23 12 22 13 23
13 24 12 24 12 23 13 23
13 26 12 25 13 24 14 25
13 25 14 25 14 26 13 26
14 12 14 11 15 11 15 12
24 27 24 28 23 28 23 27
25 28 24 27 25 26 26 27
24 29 25 28 26 29 25 30
24 30 23 30 23 29 24 29
25 31 25 30 24 30 24 31
26 32 26 31 25 31 25 32
27 33 26 32 27 31 28 32
26 33 26 32 27 32 27 33
19 20 19 19 20 19 20 20
19 22 18 21 19 20 20 21
20 22 20 23 19 23 19 22
19 21 20 22 19 23 18 22
18 20 18 21 19 21 19 20
11 25 11 24 12 24 12 25
12 26 11 25 12 24 13 25
10 23 11 24 12 23 11 22
10 24 10 23 11 23 11 24
9 23 10 22 11 23 10 24
9 22 10 22 10 23 9 23
32 29 32 30 31 30 31 29
33 28 32 29 31 28 32 27
33 19 32 20 31 19 32 18
10 25 11 24 12 25 11 26
10 26 10 25 11 25 11 26
9 25 10 24 11 25 10 26
9 24 10 24 10 25 9 25
8 23 9 22 10 23 9 24
8 24 8 23 9 23 9 24
20 17 20 18 19 18 19 17
20 15 19 16 20 17 21 16
20 14 18 16 19 17 21 15
21 14 21 15 20 15 20 14
19 12 21 14 20 15 18 13
18 11 18 12 19 12 19 11
20 11 19 12 18 11 19 10
17 28 18 27 20 29 19 30
17 27 18 27 18 28 17 28
20 10 20 11 19 11 19 10
22 12 21 13 19 11 20 10
23 11 23 12 22 12 22 11
24 10 24 11 23 11 23 10
25 11 24 12 23 11 24 10
25 12 24 12 24 11 25 11
25 14 24 13 25 12 26 13
23 14 25 14 25 16 23 16
22 13 23 12 24 13 23 14
22 14 22 13 23 13 23 14
23 15 22 16 21 15 22 14
30 26 30 28 28 28 28 26
31 27 30 28 29 27 30 26
32 28 32 27 31 27 31 28
33 29 33 28 32 28 32 29
27 18 26 19 28 21 29 20
27 19 26 19 26 18 27 18
21 12 22 12 22 13 21 13
21 10 20 11 21 12 22 11
23 23 22 24 20 22 21 21
22 23 23 23 23 24 22 24
24 21 25 22 23 24 22 23
25 18 23 20 24 21 26 19
27 16 25 18 23 16 25 14
13 14 14 15 16 13 15 12
12 14 12 13 13 13 13 14
14 14 16 14 16 15 14 15
15 13 14 14 13 13 14 12
16 12 16 13 15 13 15 12
17 11 18 12 17 13 16 12
16 11 17 11 17 12 16 12
17 10 18 11 17 12 16 11
18 10 18 11 17 11 17 10
14 32 16 32 16 30 14 30
15 33 14 32 15 31 16 32
13 33 13 31 15 31 15 33
12 32 13 31 14 32 13 33
15 10 16 11 15 12 14 11
16 10 16 11 15 11 15 10
17 9 18 10 17 11 16 10
16 9 17 9 17 10 16 10
15 18 14 17 16 15 17 16
17 19 17 18 15 18 15 19
17 20 17 19 18 19 18 20
15 21 17 21 17 20 15 20
12 20 14 22 15 21 13 19
14 20 14 22 12 22 12 20
14 19 15 19 15 20 14 20
13 17 13 19 14 19 14 17
13 15 15 17 16 16 14 14
30 20 32 20 32 21 30 21
31 21 30 22 29 21 30 20
26 16 26 18 25 18 25 16
26 15 27 15 27 16 26 16
24 15 24 13 26 13 26 15
25 21 27 21 27 22 25 22
27 23 25 25 23 23 25 21
28 24 27 23 28 22 29 23
27 24 27 23 28 23 28 24
28 25 27 24 28 23 29 24
29 25 28 25 28 24 29 24
31 25 30 26 29 25 30 24
27 25 28 26 29 25 28 24
27 26 27 25 28 25 28 26
28 27 27 28 26 27 27 26
29 26 31 28 30 29 28 27
16 18 17 17 18 18 17 19
14 18 15 19 16 18 15 17
12 18 13 19 14 18 13 17
16 21 17 20 18 21 17 22
16 20 17 19 18 20 17 21
25 24 25 25 27 25 27 24
24 20 25 21 27 19 26 18
25 20 25 21 24 21 24 20
16 19 15 20 14 19 15 18
20 13 20 14 18 14 18 13
32 16 28 20 27 19 31 15
31 18 32 18 32 16 31 16
32 19 30 21 29 20 31 18
33 18 33 19 32 19 32 18
27 13 27 11 30 11 30 13
28 14 27 13 30 10 31 11
28 15 28 14 31 14 31 15
28 11 26 13 28 15 30 13
33 26 32 27 29 24 30 23
28 12 28 14 25 14 25 12
14 27 17 27 17 26 14 26
12 27 14 27 14 30 12 30
11 27 11 26 12 26 12 27
14 28 13 29 11 27 12 26
16 26 17 27 15 29 14 28
17 25 16 26 13 23 14 22
16 24 16 25 17 25 17 24
18 26 18 25 17 25 17 26
21 26 21 27 18 27 18 26
21 25 25 25 25 26 21 26
24 26 23 27 21 25 22 24
19 27 18 28 17 27 18 26
21 33 20 32 23 29 24 30
22 33 21 33 21 29 22 29
21 32 23 30 24 31 22 33
24 25 22 27 21 26 23 24
26 25 25 26 24 25 25 24
13 28 12 27 13 26 14 27
24 17 24 20 23 20 23 17
20 24 18 26 17 25 19 23
11 28 10 27 11 26 12 27
10 28 10 27 11 27 11 28
9 27 10 26 11 27 10 28
9 26 10 26 10 27 9 27
8 25 9 24 10 25 9 26
8 26 8 25 9 25 9 26
7 25 8 24 9 25 8 26
7 24 8 24 8 25 7 25
11 29 11 28 13 28 13 29
33 24 33 26 30 26 30 24
34 23 33 24 31 22 32 21
34 25 31 25 31 23 34 23
20 31 15 31 15 29 20 29
