best-score: 702866
count: 11
elapsed-time: 4.84
96
26 31 25 32 24 31 25 30
31 22 30 21 31 20 32 21
31 24 30 23 31 22 32 23
30 24 30 23 31 23 31 24
29 20 28 21 29 22 30 21
16 23 17 24 16 25 15 24
32 22 32 23 31 23 31 22
17 23 17 24 18 24 18 23
24 26 22 28 21 27 23 25
25 27 27 27 27 29 25 29
26 28 25 27 26 26 27 27
26 30 25 29 26 28 27 29
25 31 26 31 26 30 25 30
24 32 25 32 25 31 24 31
22 30 23 29 25 31 24 32
23 30 23 29 25 29 25 30
31 29 29 31 27 29 29 27
30 19 29 20 27 18 28 17
32 19 32 21 30 21 30 19
31 18 32 19 31 20 30 19
32 18 31 18 31 16 32 16
29 18 31 18 31 20 29 20
16 12 18 10 19 11 17 13
19 21 20 22 18 24 17 23
19 22 19 21 20 21 20 22
8 16 10 14 12 16 10 18
28 23 28 21 30 21 30 23
29 24 28 23 29 22 30 23
24 28 26 28 26 26 24 26
22 14 22 12 24 12 24 14
20 24 20 22 22 22 22 24
18 28 17 29 13 25 14 24
18 30 18 28 22 28 22 30
20 28 22 30 20 32 18 30
17 25 18 24 21 27 20 28
16 29 17 29 17 25 16 25
18 27 16 29 14 27 16 25
14 28 18 28 18 27 14 27
25 17 28 17 28 21 25 21
27 15 25 17 22 14 24 12
29 15 29 18 27 18 27 15
34 16 32 18 29 15 31 13
27 24 29 24 29 27 27 27
26 32 26 31 29 31 29 32
27 31 26 32 25 31 26 30
15 31 17 29 18 30 16 32
12 20 11 20 11 16 12 16
12 29 16 29 16 32 12 32
28 16 28 13 31 13 31 16
28 14 27 15 28 16 29 15
20 27 20 24 18 24 18 27
21 26 20 27 17 24 18 23
26 29 25 30 21 26 22 25
15 20 16 19 19 22 18 23
14 20 15 20 15 24 14 24
16 22 14 20 17 17 19 19
17 22 17 23 16 23 16 22
19 12 19 14 16 14 16 12
22 11 22 12 19 12 19 11
16 21 16 19 19 19 19 21
13 23 13 25 16 25 16 23
23 19 25 21 22 24 20 22
23 28 23 25 22 25 22 28
14 9 19 14 18 15 13 10
14 16 19 21 21 19 16 14
12 9 12 16 14 16 14 9
24 18 25 17 31 23 30 24
24 24 24 18 27 18 27 24
34 18 26 26 24 24 32 16
34 19 32 19 32 18 34 18
34 27 29 32 26 29 31 24
34 31 29 31 29 27 34 27
22 20 22 22 29 22 29 20
25 13 25 17 17 17 17 13
9 23 14 28 17 25 12 20
16 18 16 14 10 14 10 18
13 15 13 10 18 10 18 15
13 17 12 16 13 15 14 16
5 25 13 17 20 24 12 32
5 30 5 25 13 25 13 30
9 17 13 17 13 23 9 23
21 14 21 19 19 19 19 14
22 9 19 12 21 14 24 11
24 9 24 11 22 11 22 9
26 15 22 11 24 9 28 13
26 10 27 10 27 15 26 15
27 17 22 22 19 19 24 14
33 21 32 22 27 17 28 16
33 22 32 22 32 21 33 21
35 20 33 22 32 21 34 19
24 25 23 25 23 24 24 24
27 20 23 24 24 25 28 21
26 23 26 15 18 15 18 23
28 26 28 23 26 23 26 26
31 25 29 27 28 26 30 24
1 26 5 30 15 20 11 16
