best-score: 551936
count: 11
elapsed-time: 4.509
68
39 38 38 38 38 37 39 37
32 31 32 32 31 32 31 31
21 29 19 27 20 26 22 28
24 18 24 17 26 17 26 18
26 28 27 28 27 30 26 30
32 35 30 33 31 32 33 34
33 35 32 35 32 34 33 34
30 37 30 39 28 39 28 37
40 35 41 36 39 38 38 37
23 27 22 28 25 31 26 30
23 28 22 28 22 27 23 27
18 31 19 32 23 28 22 27
19 31 19 32 18 32 18 31
23 23 22 22 26 18 27 19
23 26 20 26 20 23 23 23
19 24 22 27 23 26 20 23
22 24 22 27 19 27 19 24
27 27 26 28 22 24 23 23
30 27 27 27 27 25 30 25
26 23 30 27 27 30 23 26
20 38 17 41 15 39 18 36
30 24 33 24 33 25 30 25
34 28 31 31 27 27 30 24
33 30 30 27 33 24 36 27
37 31 39 33 35 37 33 35
36 31 36 27 37 27 37 31
28 27 27 28 31 32 32 31
30 16 32 18 29 21 27 19
35 35 35 37 38 37 38 35
36 34 39 37 38 38 35 35
33 31 33 34 36 34 36 31
32 30 32 31 33 31 33 30
40 30 36 34 33 31 37 27
30 22 30 24 22 24 22 22
32 20 35 23 33 25 30 22
26 20 26 18 32 18 32 20
23 20 26 20 26 23 23 23
18 21 20 23 23 20 21 18
25 43 24 42 32 34 33 35
29 20 26 23 23 20 26 17
36 13 40 17 33 24 29 20
30 13 36 13 36 16 30 16
21 16 21 18 15 18 15 16
23 40 20 37 27 30 30 33
17 40 23 40 23 41 17 41
26 24 27 25 30 22 29 21
42 35 42 41 40 41 40 35
38 30 38 35 40 35 40 30
35 27 38 30 37 31 34 28
36 23 36 27 35 27 35 23
37 36 32 31 33 30 38 35
41 31 41 36 37 36 37 31
24 35 24 42 32 42 32 35
26 33 30 37 28 39 24 35
38 25 38 30 33 30 33 25
35 33 30 33 30 27 35 27
24 29 24 18 21 18 21 29
31 6 40 15 30 25 21 16
26 15 40 15 40 17 26 17
14 18 23 27 26 24 17 15
2 29 15 16 27 28 14 41
22 40 31 31 32 32 23 41
2 42 21 42 21 29 2 29
25 6 31 6 31 31 25 31
44 33 42 35 24 17 26 15
44 37 39 37 39 33 44 33
43 38 41 36 42 35 44 37
14 39 14 18 15 18 15 39
