best-score: 691978
count: 1
elapsed-time: 4.512
369
27 29 27 28 26 28 26 29
25 35 26 34 27 35 26 36
26 35 25 35 25 34 26 34
25 36 24 35 25 34 26 35
24 36 24 35 25 35 25 36
23 35 24 34 25 35 24 36
23 34 24 34 24 35 23 35
22 35 23 34 24 35 23 36
22 36 22 35 23 35 23 36
28 25 27 26 26 25 27 24
27 36 26 36 26 35 27 35
28 37 27 36 28 35 29 36
27 37 27 36 28 36 28 37
25 37 26 38 27 37 26 36
26 37 25 37 25 36 26 36
27 38 27 37 26 37 26 38
27 39 27 38 28 38 28 39
26 39 27 39 27 40 26 40
25 38 26 39 25 40 24 39
25 39 25 38 26 38 26 39
24 40 25 40 25 39 24 39
25 41 24 40 25 39 26 40
26 41 25 41 25 40 26 40
24 41 25 42 26 41 25 40
24 42 24 41 25 41 25 42
18 19 17 19 17 18 18 18
19 18 20 19 19 20 18 19
18 29 17 30 18 31 19 30
19 28 18 29 17 28 18 27
24 37 25 36 26 37 25 38
23 38 22 37 23 36 24 37
24 38 24 39 23 39 23 38
23 37 24 36 25 37 24 38
22 38 23 38 23 37 22 37
21 37 22 36 23 37 22 38
21 36 22 36 22 37 21 37
19 19 20 19 20 20 19 20
18 20 17 19 18 18 19 19
19 40 19 41 20 41 20 40
21 23 22 24 21 25 20 24
22 23 22 24 21 24 21 23
22 25 21 24 22 23 23 24
23 25 22 25 22 24 23 24
37 39 37 38 36 38 36 39
36 40 35 39 36 38 37 39
35 40 35 39 36 39 36 40
34 39 35 38 36 39 35 40
33 39 34 39 34 40 33 40
35 30 36 30 36 31 35 31
36 37 35 36 36 35 37 36
35 37 36 37 36 38 35 38
36 42 35 41 36 40 37 41
38 39 37 40 36 39 37 38
38 40 37 40 37 39 38 39
34 31 33 32 32 31 33 30
35 32 34 31 35 30 36 31
34 32 34 31 35 31 35 32
33 33 34 33 34 32 33 32
31 41 32 42 33 41 32 40
32 41 31 41 31 40 32 40
32 39 31 40 32 41 33 40
34 35 33 34 34 33 35 34
34 37 33 36 34 35 35 36
34 36 35 36 35 37 34 37
33 35 33 36 34 36 34 35
33 37 32 36 33 35 34 36
32 38 33 37 34 38 33 39
33 38 32 38 32 37 33 37
31 38 32 39 33 38 32 37
31 39 31 38 32 38 32 39
38 28 39 28 39 29 38 29
37 29 38 28 39 29 38 30
37 30 37 29 38 29 38 30
36 29 37 28 38 29 37 30
36 28 37 28 37 29 36 29
35 29 36 28 37 29 36 30
34 29 34 28 35 28 35 29
39 21 38 21 38 20 39 20
38 35 39 36 38 37 37 36
39 35 39 36 38 36 38 35
28 17 27 18 28 19 29 18
29 37 28 38 27 37 28 36
30 37 29 37 29 36 30 36
30 39 29 38 30 37 31 38
30 40 30 39 31 39 31 40
30 42 29 41 30 40 31 41
30 41 31 41 31 42 30 42
29 40 29 41 30 41 30 40
28 41 27 40 28 39 29 40
28 42 28 41 29 41 29 42
29 34 28 35 27 34 28 33
31 34 30 35 29 34 30 33
31 33 32 33 32 34 31 34
32 32 33 33 32 34 31 33
33 31 33 32 32 32 32 31
34 30 35 31 34 32 33 31
33 29 34 28 35 29 34 30
27 15 28 14 29 15 28 16
27 16 27 15 28 15 28 16
29 16 28 17 27 16 28 15
29 17 28 17 28 16 29 16
28 18 29 17 30 18 29 19
27 17 27 18 28 18 28 17
28 34 29 34 29 35 28 35
27 33 27 34 28 34 28 33
29 14 29 15 28 15 28 14
30 43 29 42 30 41 31 42
29 43 29 42 30 42 30 43
30 19 29 19 29 18 30 18
30 17 29 18 30 19 31 18
30 15 29 16 30 17 31 16
30 16 29 16 29 15 30 15
31 17 31 16 30 16 30 17
32 16 31 17 30 16 31 15
31 36 30 37 29 36 30 35
32 35 33 36 32 37 31 36
31 35 32 35 32 36 31 36
31 37 30 36 31 35 32 36
30 38 31 38 31 37 30 37
29 39 30 39 30 38 29 38
28 40 27 39 28 38 29 39
27 41 28 40 29 41 28 42
31 26 32 27 31 28 30 27
31 14 31 15 30 15 30 14
30 13 31 14 30 15 29 14
29 13 30 13 30 14 29 14
36 27 36 28 35 28 35 27
34 42 33 41 34 40 35 41
35 21 34 21 34 20 35 20
33 21 34 22 35 21 34 20
33 22 33 21 34 21 34 22
33 20 32 21 33 22 34 21
34 19 34 20 33 20 33 19
35 18 36 19 35 20 34 19
36 18 35 18 35 17 36 17
36 26 37 27 36 28 35 27
37 26 37 27 36 27 36 26
38 27 37 28 36 27 37 26
34 41 35 41 35 40 34 40
33 42 34 42 34 41 33 41
32 43 31 42 32 41 33 42
31 43 31 42 32 42 32 43
30 44 29 43 30 42 31 43
31 44 30 44 30 43 31 43
13 25 14 24 15 25 14 26
37 37 37 36 38 36 38 37
36 36 37 37 36 38 35 37
37 35 37 36 36 36 36 35
38 34 39 35 38 36 37 35
37 34 38 34 38 35 37 35
38 33 39 34 38 35 37 34
39 33 39 34 38 34 38 33
37 33 38 34 39 33 38 32
37 32 38 32 38 33 37 33
38 31 37 32 36 31 37 30
39 31 39 32 38 32 38 31
37 31 38 32 39 31 38 30
36 32 35 31 36 30 37 31
21 38 22 38 22 39 21 39
20 37 21 36 22 37 21 38
20 38 20 37 21 37 21 38
19 39 20 38 21 39 20 40
21 28 22 27 23 28 22 29
23 40 22 39 23 38 24 39
23 41 23 40 24 40 24 41
22 40 23 39 24 40 23 41
32 20 33 20 33 21 32 21
32 18 31 19 32 20 33 19
32 19 31 19 31 18 32 18
33 18 34 19 33 20 32 19
40 16 41 16 41 17 40 17
42 16 41 17 40 16 41 15
42 14 42 15 41 15 41 14
40 15 41 14 42 15 41 16
36 41 36 40 37 40 37 41
35 42 36 42 36 41 35 41
34 43 33 42 34 41 35 42
35 43 34 43 34 42 35 42
36 33 37 34 36 35 35 34
36 34 36 33 37 33 37 34
35 35 36 34 37 35 36 36
34 34 34 35 35 35 35 34
35 33 34 34 33 33 34 32
20 25 21 25 21 24 20 24
32 15 32 16 31 16 31 15
32 17 31 16 32 15 33 16
33 17 32 17 32 16 33 16
30 34 30 35 31 35 31 34
29 33 29 34 30 34 30 33
28 32 29 33 28 34 27 33
29 32 29 33 28 33 28 32
30 32 29 33 30 34 31 33
31 32 31 33 30 33 30 32
30 31 31 32 30 33 29 32
29 31 30 31 30 32 29 32
25 31 24 32 26 34 27 33
24 30 26 28 27 29 25 31
25 29 26 29 26 31 25 31
27 30 29 32 28 33 26 31
28 29 27 30 26 29 27 28
28 30 27 30 27 29 28 29
27 31 28 30 29 31 28 32
26 33 27 33 27 31 26 31
24 31 26 33 25 34 23 32
25 32 25 31 24 31 24 32
19 17 18 18 16 16 17 15
18 17 19 17 19 18 18 18
17 16 18 17 17 18 16 17
16 15 16 16 17 16 17 15
17 14 18 15 17 16 16 15
18 14 18 15 17 15 17 14
18 22 16 22 16 20 18 20
16 24 14 22 16 20 18 22
16 26 14 26 14 24 16 24
17 27 17 26 16 26 16 27
18 24 16 26 17 27 19 25
20 22 20 24 18 24 18 22
21 22 20 22 20 20 21 20
19 24 17 26 18 27 20 25
17 22 19 20 21 22 19 24
19 16 20 17 19 18 18 17
20 16 20 17 19 17 19 16
25 17 25 16 27 16 27 17
22 20 23 21 21 23 20 22
37 18 39 20 38 21 36 19
37 19 36 19 36 18 37 18
36 22 35 21 37 19 38 20
36 23 34 23 34 22 36 22
37 22 36 23 34 21 35 20
40 23 39 24 37 22 38 21
40 24 39 24 39 23 40 23
41 27 39 25 40 24 42 26
39 27 41 27 41 28 39 28
38 25 38 27 39 27 39 25
35 24 37 26 38 25 36 23
38 43 36 41 37 40 39 42
34 15 36 17 35 18 33 16
34 17 34 15 35 15 35 17
34 18 33 18 33 17 34 17
35 19 34 18 35 17 36 18
36 20 36 19 35 19 35 20
37 20 37 22 36 22 36 20
38 19 38 20 37 20 37 19
32 25 31 24 33 22 34 23
32 26 31 26 31 25 32 25
33 25 35 27 34 28 32 26
34 14 32 16 33 17 35 15
32 14 34 14 34 15 32 15
31 13 32 14 31 15 30 14
32 13 32 14 31 14 31 13
33 14 32 15 31 14 32 13
38 26 39 27 38 28 37 27
36 24 37 23 39 25 38 26
35 26 36 26 36 24 35 24
34 27 35 26 36 27 35 28
34 26 35 26 35 27 34 27
43 29 41 31 39 29 41 27
43 31 41 31 41 29 43 29
41 33 39 31 41 29 43 31
40 36 39 35 41 33 42 34
40 37 40 36 41 36 41 37
40 35 39 36 40 37 41 36
30 20 28 22 27 21 29 19
31 20 30 20 30 19 31 19
28 21 29 22 31 20 30 19
27 19 27 21 28 21 28 19
26 18 27 17 28 18 27 19
26 19 26 18 27 18 27 19
24 17 25 16 27 18 26 19
28 27 30 27 30 29 28 29
26 27 27 28 28 27 27 26
24 27 24 25 26 25 26 27
24 29 22 29 22 27 24 27
25 30 24 31 23 30 24 29
29 26 28 25 30 23 31 24
29 28 27 28 27 26 29 26
29 30 28 29 29 28 30 29
31 30 29 30 29 28 31 28
32 29 31 30 30 29 31 28
33 28 34 29 33 30 32 29
33 26 32 27 33 28 34 27
33 27 32 27 32 26 33 26
29 21 29 22 28 22 28 21
18 40 16 42 14 40 16 38
18 39 19 39 19 40 18 40
19 36 17 38 18 39 20 37
15 40 15 42 16 42 16 40
13 38 15 36 17 38 15 40
17 40 16 40 16 38 17 38
18 41 17 40 18 39 19 40
17 41 17 40 18 40 18 41
40 39 40 37 38 37 38 39
21 27 21 25 22 25 22 27
19 27 21 27 21 28 19 28
18 25 18 27 19 27 19 25
25 23 23 25 22 24 24 22
21 30 23 30 23 28 21 28
22 31 21 30 22 29 23 30
23 31 23 30 24 30 24 31
22 32 23 32 23 31 22 31
23 33 22 32 23 31 24 32
24 33 23 33 23 32 24 32
25 33 25 34 24 34 24 33
22 43 21 42 23 40 24 41
32 30 32 29 33 29 33 30
31 31 32 30 33 31 32 32
30 30 31 31 30 32 29 31
28 31 29 31 29 30 28 30
25 28 24 29 23 28 24 27
18 28 17 28 17 27 18 27
19 29 19 28 18 28 18 29
20 28 19 29 18 28 19 27
39 22 39 23 37 23 37 22
37 24 36 24 36 23 37 23
40 26 40 24 42 24 42 26
34 25 34 26 33 26 33 25
41 32 41 33 39 33 39 32
42 33 40 35 39 34 41 32
41 34 42 34 42 33 41 33
40 34 40 35 39 35 39 34
26 22 28 22 28 25 26 25
24 19 24 22 26 22 26 19
25 20 22 23 21 22 24 19
27 22 25 20 26 19 28 21
22 34 22 35 18 35 18 34
22 33 23 33 23 34 22 34
21 32 22 33 19 36 18 35
19 32 21 32 21 36 19 36
17 32 17 30 19 30 19 32
18 33 17 32 18 31 19 32
14 31 14 33 18 33 18 31
13 30 16 27 17 28 14 31
13 28 17 28 17 30 13 30
17 35 18 34 21 37 20 38
18 38 18 35 17 35 17 38
23 16 24 17 21 20 20 19
20 14 20 16 23 16 23 14
23 19 22 20 19 17 20 16
24 18 27 21 26 22 23 19
23 18 24 18 24 19 23 19
21 13 25 17 24 18 20 14
39 15 40 16 37 19 36 18
39 16 39 15 40 15 40 16
38 15 39 16 37 18 36 17
32 22 33 22 33 25 32 25
31 21 32 20 33 21 32 22
31 22 31 21 32 21 32 22
29 24 31 24 31 22 29 22
42 31 41 32 38 29 39 28
42 29 39 32 38 31 41 28
42 27 41 28 38 25 39 24
45 21 42 24 39 21 42 18
16 35 16 32 17 32 17 35
13 35 16 35 16 38 13 38
17 33 14 36 13 35 16 32
13 34 14 33 16 35 15 36
39 41 38 40 41 37 42 38
41 42 41 41 39 41 39 42
43 40 41 42 38 39 40 37
42 40 41 41 37 37 38 36
42 43 38 43 38 40 42 40
21 35 22 34 23 35 22 36
25 18 24 18 24 17 25 17
43 38 43 40 42 40 42 38
45 22 39 22 39 21 45 21
46 21 45 22 40 17 41 16
22 13 22 20 21 20 21 13
21 12 22 13 19 16 18 15
29 23 18 34 17 33 28 22
