best-score: 868443
count: 14
elapsed-time: 4.51
121
25 13 25 12 24 12 24 13
23 13 24 14 25 13 24 12
23 14 23 13 24 13 24 14
19 18 18 19 17 18 18 17
19 12 20 13 19 14 18 13
20 12 20 13 19 13 19 12
21 13 20 14 19 13 20 12
21 14 20 14 20 13 21 13
22 15 21 16 20 15 21 14
24 15 23 16 22 15 23 14
23 15 24 15 24 16 23 16
25 15 24 16 23 15 24 14
18 9 19 8 20 9 19 10
19 11 19 10 20 10 20 11
21 11 20 12 19 11 20 10
21 12 20 12 20 11 21 11
22 13 21 14 20 13 21 12
23 12 24 13 23 14 22 13
22 12 23 12 23 13 22 13
22 14 21 13 22 12 23 13
21 15 22 15 22 14 21 14
22 16 21 15 22 14 23 15
19 15 19 14 20 14 20 15
20 16 19 15 20 14 21 15
18 11 19 10 20 11 19 12
18 12 18 11 19 11 19 12
18 10 17 11 18 12 19 11
19 9 19 10 18 10 18 9
20 8 20 9 19 9 19 8
21 9 20 10 19 9 20 8
21 10 20 10 20 9 21 9
22 11 21 12 20 11 21 10
18 14 19 14 19 13 18 13
17 13 18 12 19 13 18 14
17 12 18 12 18 13 17 13
10 16 9 17 8 16 9 15
16 20 15 21 14 20 15 19
22 10 22 11 21 11 21 10
23 11 22 12 21 11 22 10
24 11 24 12 23 12 23 11
26 11 25 12 24 11 25 10
17 10 18 10 18 11 17 11
16 11 17 10 18 11 17 12
16 12 16 11 17 11 17 12
15 11 16 10 17 11 16 12
15 10 16 10 16 11 15 11
14 9 15 10 14 11 13 10
25 14 25 15 24 15 24 14
26 13 25 14 24 13 25 12
26 14 25 14 25 13 26 13
23 10 24 11 23 12 22 11
26 25 24 25 24 24 26 24
26 10 24 12 23 11 25 9
25 11 26 11 26 10 25 10
22 18 24 16 25 17 23 19
23 18 22 18 22 16 23 16
21 20 19 18 21 16 23 18
17 8 17 10 16 10 16 8
16 9 17 8 18 9 17 10
17 7 16 8 18 10 19 9
19 7 19 8 17 8 17 7
17 16 19 14 20 15 18 17
19 16 19 18 17 18 17 16
10 11 11 12 13 10 12 9
10 9 11 9 11 11 10 11
10 12 10 14 11 14 11 12
9 9 8 10 10 12 11 11
23 9 25 9 25 10 23 10
22 8 23 9 22 10 21 9
8 14 10 14 10 16 8 16
9 13 10 14 9 15 8 14
12 11 12 9 14 9 14 11
12 12 11 12 11 11 12 11
14 14 12 16 10 14 12 12
15 15 14 14 16 12 17 13
21 21 23 19 26 22 24 24
23 20 23 21 21 21 21 20
26 19 26 20 23 20 23 19
15 7 16 8 12 12 11 11
13 7 15 7 15 10 13 10
16 4 19 7 16 10 13 7
18 22 16 20 20 16 22 18
20 22 20 25 18 25 18 22
16 16 12 16 12 12 16 12
17 17 16 16 18 14 19 15
16 18 17 17 21 21 20 22
14 18 16 18 16 20 14 20
13 17 15 15 16 16 14 18
13 18 13 17 14 17 14 18
10 15 11 14 14 17 13 18
18 21 15 21 15 19 18 19
14 23 11 26 10 25 13 22
10 20 10 23 14 23 14 20
9 19 12 16 13 17 10 20
10 19 10 20 9 20 9 19
9 18 10 19 9 20 8 19
8 17 8 18 9 18 9 17
6 15 8 13 10 15 8 17
14 15 17 18 13 22 10 19
11 15 11 14 14 14 14 15
12 19 12 16 10 16 10 19
9 10 9 13 8 13 8 10
7 12 9 10 10 11 8 13
7 11 10 11 10 12 7 12
15 17 15 15 14 15 14 17
15 14 15 11 14 11 14 14
16 15 15 14 17 12 18 13
15 18 14 17 16 15 17 16
20 20 20 16 21 16 21 20
19 20 24 25 23 26 18 21
8 4 8 8 16 8 16 4
19 24 18 25 12 19 13 18
24 21 20 25 19 24 23 20
23 24 24 24 24 21 23 21
19 26 23 26 23 24 19 24
13 26 10 23 15 18 18 21
11 22 11 26 13 26 13 22
16 24 19 24 19 20 16 20
18 28 14 24 22 16 26 20
10 28 10 25 18 25 18 28
6 24 10 20 14 24 10 28
