best-score: 700743
count: 25
elapsed-time: 4.676
56
20 13 20 14 19 14 19 13
19 12 20 13 19 14 18 13
18 12 19 12 19 13 18 13
20 12 19 13 20 14 21 13
21 12 21 13 20 13 20 12
9 22 9 23 10 23 10 22
11 21 10 22 9 21 10 20
19 22 18 23 17 22 18 21
20 11 19 12 17 10 18 9
19 11 20 11 20 12 19 12
18 10 19 11 18 12 17 11
18 11 17 11 17 10 18 10
11 22 13 22 13 21 11 21
10 21 11 22 10 23 9 22
9 20 9 21 10 21 10 20
10 24 13 21 17 25 14 28
22 26 22 29 26 29 26 26
19 26 19 22 22 22 22 26
27 20 24 23 26 25 29 22
27 22 27 20 29 20 29 22
24 20 22 22 26 26 28 24
23 16 20 13 21 12 24 15
20 16 23 16 23 19 20 19
24 14 24 15 20 15 20 14
14 26 14 28 10 28 10 26
13 25 13 22 17 22 17 25
11 29 10 28 13 25 14 26
13 17 18 12 19 13 14 18
9 19 10 20 13 17 12 16
13 19 9 19 9 17 13 17
18 19 18 21 13 21 13 19
28 16 23 16 23 11 28 11
26 18 21 13 23 11 28 16
29 18 26 18 26 10 29 10
29 13 23 19 20 16 26 10
12 15 20 15 20 16 12 16
14 13 20 19 18 21 12 15
18 18 18 13 14 13 14 18
13 13 15 11 20 16 18 18
5 13 9 17 13 13 9 9
17 14 17 22 19 22 19 14
16 13 17 14 10 21 9 20
12 21 19 14 20 15 13 22
18 24 18 23 10 23 10 24
20 28 17 25 18 24 21 27
14 30 10 26 18 18 22 22
20 30 14 30 14 28 20 28
19 23 18 24 13 19 14 18
33 16 29 20 24 15 28 11
33 24 28 24 28 16 33 16
31 26 27 22 29 20 33 24
27 15 27 20 24 20 24 15
15 14 15 11 17 11 17 14
26 9 26 10 18 10 18 9
27 8 29 10 28 11 26 9
31 25 31 26 26 26 26 25
