best-score: 831587
count: 2
elapsed-time: 5.122
371
11 17 12 16 13 17 12 18
13 18 13 19 12 19 12 18
11 19 12 18 13 19 12 20
11 20 11 19 12 19 12 20
32 31 31 30 32 29 33 30
32 30 33 30 33 31 32 31
32 32 31 31 32 30 33 31
31 32 31 31 32 31 32 32
16 35 16 36 17 36 17 35
15 34 16 33 17 34 16 35
14 34 14 33 15 33 15 34
15 35 14 34 15 33 16 34
14 36 15 35 16 36 15 37
15 27 16 28 17 27 16 26
14 26 15 27 14 28 13 27
14 27 13 27 13 26 14 26
15 28 15 27 14 27 14 28
16 17 17 18 16 19 15 18
28 25 27 25 27 24 28 24
28 36 28 35 29 35 29 36
29 37 28 38 27 37 28 36
29 38 28 38 28 37 29 37
30 37 29 38 28 37 29 36
27 33 28 32 29 33 28 34
25 33 26 34 27 33 26 32
25 34 25 33 26 33 26 34
26 35 25 34 26 33 27 34
27 35 26 35 26 34 27 34
26 36 25 35 26 34 27 35
25 36 25 35 26 35 26 36
27 36 27 37 28 37 28 36
26 37 25 36 26 35 27 36
34 28 33 29 34 30 35 29
34 29 33 29 33 28 34 28
35 30 34 31 33 30 34 29
35 31 34 31 34 30 35 30
34 32 33 31 34 30 35 31
33 32 33 31 34 31 34 32
32 33 31 32 32 31 33 32
33 33 32 33 32 32 33 32
33 34 33 33 34 33 34 34
35 34 34 35 33 34 34 33
35 35 34 35 34 34 35 34
34 36 33 35 34 34 35 35
33 36 33 35 34 35 34 36
33 19 33 18 34 18 34 19
33 17 32 18 33 19 34 18
32 17 33 17 33 18 32 18
31 17 31 16 32 16 32 17
35 32 34 33 33 32 34 31
35 33 34 33 34 32 35 32
36 33 36 34 35 34 35 33
37 32 36 33 35 32 36 31
37 33 36 33 36 32 37 32
34 21 33 22 34 23 35 22
33 20 34 19 35 20 34 21
33 24 34 23 35 24 34 25
13 13 14 13 14 14 13 14
12 14 13 13 14 14 13 15
12 15 12 14 13 14 13 15
12 13 13 12 14 13 13 14
12 12 13 12 13 13 12 13
13 11 14 12 13 13 12 12
14 11 14 12 13 12 13 11
15 25 14 26 13 25 14 24
14 25 14 24 15 24 15 25
15 26 14 27 13 26 14 25
16 27 16 26 15 26 15 27
17 28 17 27 16 27 16 28
16 29 15 28 16 27 17 28
15 29 15 28 16 28 16 29
14 30 13 29 14 28 15 29
14 29 15 29 15 30 14 30
13 28 14 27 15 28 14 29
12 27 12 28 13 28 13 27
37 15 37 16 36 16 36 15
38 16 37 17 36 16 37 15
38 17 37 17 37 16 38 16
37 18 36 17 37 16 38 17
36 18 36 17 37 17 37 18
38 15 37 16 36 15 37 14
35 23 36 23 36 22 35 22
34 24 35 24 35 23 34 23
33 25 34 25 34 24 33 24
33 27 32 26 33 25 34 26
37 22 36 23 35 22 36 21
22 31 21 30 22 29 23 30
21 31 21 30 22 30 22 31
23 31 22 32 21 31 22 30
23 32 22 32 22 31 23 31
25 32 24 33 23 32 24 31
25 31 26 31 26 32 25 32
24 32 23 31 24 30 25 31
23 33 24 33 24 32 23 32
24 34 23 33 24 32 25 33
23 35 24 34 25 35 24 36
22 23 23 23 23 22 22 22
27 32 26 33 25 32 26 31
28 33 28 32 27 32 27 33
29 34 29 33 28 33 28 34
30 35 29 36 28 35 29 34
31 20 31 21 30 21 30 20
32 19 33 20 32 21 31 20
31 18 32 17 33 18 32 19
31 19 31 18 32 18 32 19
30 18 31 17 32 18 31 19
30 17 31 17 31 18 30 18
38 14 38 15 37 15 37 14
39 26 38 27 37 26 38 25
21 32 20 33 19 32 20 31
22 33 21 32 22 31 23 32
21 33 21 32 22 32 22 33
22 34 21 33 22 32 23 33
23 34 22 34 22 33 23 33
24 35 23 34 24 33 25 34
23 36 24 36 24 35 23 35
24 37 23 36 24 35 25 36
25 37 24 37 24 36 25 36
26 38 25 37 26 36 27 37
25 38 25 37 26 37 26 38
23 29 23 30 22 30 22 29
21 29 22 30 23 29 22 28
21 28 22 28 22 29 21 29
23 28 22 29 21 28 22 27
23 27 23 28 22 28 22 27
34 17 35 18 34 19 33 18
35 17 35 18 34 18 34 17
35 19 34 18 35 17 36 18
36 19 35 19 35 18 36 18
37 20 36 21 35 20 36 19
36 20 37 20 37 21 36 21
35 21 36 20 37 21 36 22
34 20 34 21 35 21 35 20
34 38 33 37 34 36 35 37
30 36 30 37 29 37 29 36
30 34 30 35 29 35 29 34
31 35 30 36 29 35 30 34
31 36 30 36 30 35 31 35
32 37 31 38 30 37 31 36
32 36 33 36 33 37 32 37
32 34 31 35 32 36 33 35
32 35 32 34 33 34 33 35
31 34 32 35 31 36 30 35
31 33 32 33 32 34 31 34
30 32 31 33 30 34 29 33
30 33 30 32 31 32 31 33
29 32 30 33 29 34 28 33
20 32 21 32 21 31 20 31
19 33 20 33 20 32 19 32
20 34 19 33 20 32 21 33
21 34 20 34 20 33 21 33
22 35 21 34 22 33 23 34
21 35 21 34 22 34 22 35
22 36 21 35 22 34 23 35
23 37 23 36 22 36 22 37
23 38 23 37 24 37 24 38
24 39 23 38 24 37 25 38
25 39 24 39 24 38 25 38
20 29 21 30 20 31 19 30
20 30 20 29 21 29 21 30
19 31 20 31 20 30 19 30
19 29 18 30 19 31 20 30
18 29 19 29 19 30 18 30
34 37 33 38 32 37 33 36
35 38 35 37 34 37 34 38
32 20 33 20 33 19 32 19
33 21 32 20 33 19 34 20
34 22 34 21 33 21 33 22
33 23 34 22 35 23 34 24
25 30 25 31 24 31 24 30
24 29 25 30 24 31 23 30
24 27 23 28 24 29 25 28
31 29 32 29 32 30 31 30
32 28 33 29 32 30 31 29
32 27 33 27 33 28 32 28
31 28 32 27 33 28 32 29
31 27 31 26 32 26 32 27
30 27 31 27 31 28 30 28
29 28 30 27 31 28 30 29
29 29 29 28 30 28 30 29
30 30 29 29 30 28 31 29
29 31 30 30 31 31 30 32
28 31 29 31 29 32 28 32
20 25 20 26 19 26 19 25
17 30 16 31 15 30 16 29
18 31 17 30 18 29 19 30
17 31 17 30 18 30 18 31
16 24 17 25 16 26 15 25
17 33 17 34 16 34 16 33
18 34 17 35 16 34 17 33
18 35 17 35 17 34 18 34
18 37 17 36 18 35 19 36
35 16 36 16 36 17 35 17
35 14 34 15 35 16 36 15
21 36 22 37 23 36 22 35
24 28 24 29 23 29 23 28
25 27 25 28 24 28 24 27
25 29 24 28 25 27 26 28
26 29 25 29 25 28 26 28
27 30 26 31 25 30 26 29
18 32 18 31 19 31 19 32
16 32 17 33 18 32 17 31
15 32 16 32 16 33 15 33
17 32 16 33 15 32 16 31
18 33 17 32 18 31 19 32
19 34 19 33 18 33 18 34
20 35 19 34 20 33 21 34
20 36 20 35 21 35 21 36
19 35 20 34 21 35 20 36
18 36 19 36 19 35 18 35
17 37 18 37 18 36 17 36
30 31 30 30 31 30 31 31
29 30 30 29 31 30 30 31
28 29 29 30 28 31 27 30
28 30 28 29 29 29 29 30
27 31 28 31 28 30 27 30
26 30 27 31 26 32 25 31
27 29 27 30 26 30 26 29
28 28 27 29 26 28 27 27
27 28 28 28 28 29 27 29
28 27 29 28 28 29 27 28
29 27 29 28 28 28 28 27
30 26 31 27 30 28 29 27
30 25 29 26 30 27 31 26
29 25 30 25 30 26 29 26
28 26 27 25 28 24 29 25
27 26 28 26 28 27 27 27
26 25 27 24 28 25 27 26
26 26 26 25 27 25 27 26
20 37 19 36 20 35 21 36
19 37 19 36 20 36 20 37
18 38 17 37 18 36 19 37
19 38 18 38 18 37 19 37
26 27 27 28 26 29 25 28
25 26 25 27 26 27 26 26
23 26 24 27 25 26 24 25
24 26 24 27 23 27 23 26
25 25 25 26 24 26 24 25
26 24 27 25 26 26 25 25
25 24 26 24 26 25 25 25
15 20 14 21 12 19 13 18
17 22 15 20 16 19 18 21
18 22 18 23 17 23 17 22
16 20 18 22 17 23 15 21
16 21 15 21 15 20 16 20
14 32 14 33 12 33 12 32
15 31 14 32 13 31 14 30
16 30 16 31 15 31 15 30
17 29 18 30 17 31 16 30
18 28 18 29 17 29 17 28
21 27 19 29 18 28 20 26
22 26 23 27 22 28 21 27
21 26 22 26 22 27 21 27
20 27 19 26 20 25 21 26
19 27 20 27 20 29 19 29
17 26 17 27 19 27 19 26
16 25 17 26 16 27 15 26
17 24 17 25 16 25 16 24
16 23 17 22 18 23 17 24
13 22 15 24 16 23 14 21
10 21 12 23 13 22 11 20
33 14 31 16 32 17 34 15
32 14 32 12 33 12 33 14
29 23 28 22 30 20 31 21
33 15 34 15 34 17 33 17
34 16 33 17 32 16 33 15
35 15 36 16 35 17 34 16
34 14 34 15 35 15 35 14
37 13 35 15 34 14 36 12
35 13 37 13 37 14 35 14
15 17 15 15 13 15 13 17
16 18 16 17 15 17 15 18
14 20 13 19 15 17 16 18
12 21 14 21 14 20 12 20
10 23 12 23 12 21 10 21
39 31 37 33 36 32 38 30
24 20 22 22 23 23 25 21
19 17 21 19 23 17 21 15
21 17 19 17 19 15 21 15
17 17 19 19 21 17 19 15
19 18 19 17 17 17 17 18
22 25 23 26 22 27 21 26
23 25 23 26 22 26 22 25
24 24 25 25 24 26 23 25
23 24 24 24 24 25 23 25
24 23 25 24 24 25 23 24
25 23 25 24 24 24 24 23
27 21 28 22 26 24 25 23
26 19 26 21 27 21 27 19
20 21 22 23 20 25 18 23
20 22 18 22 18 21 20 21
25 20 26 21 24 23 23 22
24 21 25 21 25 20 24 20
26 15 24 13 25 12 27 14
24 17 26 15 28 17 26 19
17 13 15 15 14 14 16 12
19 11 21 13 19 15 17 13
17 11 19 11 19 13 17 13
14 38 14 36 16 36 16 38
15 39 14 38 15 37 16 38
17 39 15 39 15 37 17 37
16 13 14 13 14 12 16 12
14 31 15 31 15 32 14 32
13 30 13 31 14 31 14 30
11 32 13 30 14 31 12 33
14 18 15 18 15 20 14 20
19 28 20 27 21 28 20 29
18 27 19 28 18 29 17 28
18 25 17 26 18 27 19 26
19 23 19 25 18 25 18 23
19 21 18 22 19 23 20 22
20 23 22 23 22 25 20 25
23 18 23 17 21 17 21 18
33 13 32 14 33 15 34 14
15 23 16 23 16 24 15 24
14 23 14 21 15 21 15 23
12 24 14 24 14 23 12 23
17 19 16 19 16 18 17 18
26 23 25 23 25 21 26 21
27 23 27 24 26 24 26 23
29 21 29 23 27 23 27 21
11 23 14 20 15 21 12 24
11 28 12 28 12 32 11 32
12 29 11 28 12 27 13 28
9 24 10 23 13 26 12 27
9 27 9 24 12 24 12 27
10 28 9 27 12 24 13 25
9 29 10 28 13 31 12 32
11 21 12 20 15 23 14 24
12 35 15 35 15 37 12 37
13 36 12 35 14 33 15 34
13 34 14 34 14 36 13 36
28 14 31 17 32 16 29 13
30 14 30 17 28 17 28 14
29 24 32 21 33 22 30 25
20 15 23 18 20 21 17 18
26 16 24 14 26 12 28 14
37 28 34 28 34 26 37 26
37 30 37 28 38 28 38 30
36 29 37 30 36 31 35 30
33 26 34 25 37 28 36 29
32 25 33 26 32 27 31 26
31 25 31 21 32 21 32 25
30 24 31 25 30 26 29 25
30 23 33 23 33 24 30 24
36 25 33 28 34 29 37 26
36 27 36 25 38 25 38 27
35 27 36 27 36 29 35 29
39 29 39 31 36 31 36 29
37 29 38 30 39 29 38 28
37 24 36 25 35 24 36 23
39 24 39 26 37 26 37 24
38 23 39 24 38 25 37 24
23 14 24 14 24 17 23 17
17 16 19 18 23 14 21 12
16 16 16 13 17 13 17 16
14 16 15 17 16 16 15 15
23 20 20 23 18 21 21 18
24 18 24 20 23 20 23 18
29 19 27 21 24 18 26 16
25 15 25 12 26 12 26 15
29 20 30 21 27 24 26 23
30 19 30 20 29 20 29 19
29 18 30 17 31 18 30 19
27 18 29 18 29 19 27 19
28 13 31 16 30 17 27 14
27 13 28 13 28 14 27 14
28 12 28 13 29 13 29 12
24 12 24 13 21 13 21 12
22 10 24 12 21 15 19 13
27 17 27 18 24 18 24 17
