best-score: 781931
count: 22
elapsed-time: 4.588
75
20 9 19 8 20 7 21 8
12 17 13 18 14 17 13 16
12 18 12 17 13 17 13 18
14 15 13 14 14 13 15 14
17 22 17 21 18 21 18 22
19 7 19 8 18 8 18 7
14 16 14 17 13 17 13 16
22 12 22 13 21 13 21 12
12 25 10 23 12 21 14 23
12 11 13 10 15 12 14 13
10 9 12 11 11 12 9 10
10 10 9 10 9 9 10 9
16 15 14 15 14 13 16 13
17 14 16 15 15 14 16 13
15 16 17 16 17 14 15 14
16 17 15 16 16 15 17 16
16 18 16 17 18 17 18 18
15 19 13 17 14 16 16 18
24 15 22 17 21 16 23 14
7 7 9 7 9 9 7 9
9 17 11 19 9 21 7 19
14 7 12 9 13 10 15 8
15 7 15 8 14 8 14 7
12 15 10 13 11 12 13 14
17 12 15 12 15 11 17 11
18 14 18 12 17 12 17 14
16 11 17 12 16 13 15 12
13 12 15 12 15 14 13 14
11 10 11 12 13 12 13 10
18 10 17 11 14 8 15 7
19 9 22 12 21 13 18 10
20 8 20 9 19 9 19 8
21 7 21 8 20 8 20 7
20 6 21 7 20 8 19 7
19 6 20 6 20 7 19 7
13 15 17 11 18 12 14 16
12 16 13 16 13 15 12 15
11 17 12 16 13 17 12 18
9 19 11 19 11 17 9 17
8 21 9 21 9 19 8 19
4 17 8 13 12 17 8 21
15 10 18 7 19 8 16 11
21 18 21 21 18 21 18 18
22 19 21 18 22 17 23 18
23 23 23 19 22 19 22 23
25 21 23 23 21 21 23 19
21 10 21 12 18 12 18 10
18 13 17 12 20 9 21 10
20 17 17 14 18 13 21 16
20 19 20 17 22 17 22 19
16 19 18 21 20 19 18 17
15 18 15 19 16 19 16 18
20 14 20 17 18 17 18 14
9 22 8 23 7 22 8 21
12 22 9 22 9 21 12 21
16 20 13 23 12 22 15 19
20 20 16 20 16 19 20 19
19 23 18 22 20 20 21 21
19 19 17 21 16 20 18 18
23 16 23 18 21 18 21 16
11 16 11 17 12 17 12 16
9 12 9 16 11 16 11 12
23 9 23 14 20 14 20 9
28 14 23 19 18 14 23 9
28 16 23 16 23 14 28 14
6 10 7 9 13 15 12 16
6 12 6 10 9 10 9 12
7 13 6 12 9 9 10 10
5 15 7 13 11 17 9 19
5 11 12 11 12 15 5 15
4 16 4 17 9 17 9 16
14 18 14 23 13 23 13 18
15 17 15 18 14 18 14 17
17 25 12 25 12 22 17 22
18 24 17 25 11 19 12 18
