best-score: 637750
count: 7
elapsed-time: 4.852
106
34 20 35 20 35 21 34 21
33 13 33 14 34 14 34 13
33 28 34 28 34 29 33 29
17 37 18 36 19 37 18 38
32 28 33 27 34 28 33 29
32 27 33 27 33 28 32 28
23 30 24 30 24 32 23 32
23 35 22 34 24 32 25 33
15 22 17 22 17 23 15 23
17 39 17 37 19 37 19 39
18 40 17 39 18 38 19 39
29 18 31 18 31 17 29 17
37 21 37 23 35 23 35 21
33 23 35 21 37 23 35 25
33 25 33 23 35 23 35 25
35 26 33 28 34 29 36 27
17 36 17 37 15 37 15 36
22 22 23 22 23 24 22 24
23 23 22 22 24 20 25 21
23 25 22 24 23 23 24 24
24 25 23 25 23 24 24 24
23 34 23 32 22 32 22 34
23 29 24 30 22 32 21 31
24 38 27 38 27 39 24 39
17 32 18 33 15 36 14 35
13 30 13 32 17 32 17 30
16 21 20 17 21 18 17 22
17 33 18 33 18 36 17 36
30 35 31 35 31 39 30 39
34 18 34 20 31 20 31 18
35 17 38 20 37 21 34 18
38 17 38 20 35 20 35 17
37 18 33 14 34 13 38 17
31 32 31 29 33 29 33 32
35 36 31 32 34 29 38 33
37 38 36 39 34 37 35 36
30 16 33 13 34 14 31 17
30 14 33 14 33 16 30 16
32 17 35 20 34 21 31 18
38 16 34 20 35 21 39 17
39 16 39 17 38 17 38 16
39 25 39 26 35 26 35 25
41 25 39 27 35 23 37 21
37 14 37 18 34 18 34 14
18 26 15 23 18 20 21 23
30 11 33 14 29 18 26 15
26 35 23 35 23 34 26 34
23 28 26 31 23 34 20 31
19 28 23 28 23 29 19 29
21 34 17 30 19 28 23 32
20 34 20 31 21 31 21 34
26 36 24 38 20 34 22 32
24 41 20 37 23 34 27 38
19 34 20 34 20 37 19 37
23 43 19 39 23 35 27 39
29 20 29 24 24 24 24 20
28 19 29 20 24 25 23 24
22 41 17 36 19 34 24 39
22 39 24 39 24 41 22 41
21 39 21 34 22 34 22 39
26 44 21 39 26 34 31 39
33 19 26 26 24 24 31 17
28 23 33 23 33 19 28 19
32 21 29 24 28 23 31 20
25 27 32 27 32 21 25 21
21 27 23 29 25 27 23 25
25 31 25 27 21 27 21 31
26 33 26 31 25 31 25 33
34 33 34 34 26 34 26 33
34 32 38 32 38 33 34 33
28 32 31 35 34 32 31 29
27 31 28 32 26 34 25 33
13 19 16 19 16 13 13 13
9 26 16 19 20 23 13 30
20 30 17 30 17 23 20 23
16 32 17 33 20 30 19 29
17 14 22 14 22 22 17 22
15 25 17 23 21 27 19 29
31 36 30 35 33 32 34 33
22 11 22 14 30 14 30 11
27 19 33 25 35 23 29 17
26 20 21 15 22 14 27 19
33 35 25 27 26 26 34 34
15 18 15 15 21 15 21 18
23 12 16 19 15 18 22 11
27 26 27 31 26 31 26 26
19 26 23 30 27 26 23 22
18 28 19 28 19 26 18 26
27 34 26 33 32 27 33 28
31 38 30 39 26 35 27 34
32 42 26 36 33 29 39 35
36 35 36 27 39 27 39 35
33 39 36 39 36 35 33 35
24 16 24 20 18 20 18 16
24 36 24 38 18 38 18 36
35 22 29 28 33 32 39 26
32 22 33 23 25 31 24 30
41 17 41 25 39 25 39 17
9 28 13 32 19 26 15 22
25 19 25 21 16 21 16 19
14 43 14 35 23 35 23 43
7 36 13 30 20 37 14 43
7 31 15 31 15 36 7 36
29 42 32 42 32 28 29 28
9 20 18 20 18 26 9 26
10 21 9 20 16 13 17 14
