best-score: 711456
count: 1
elapsed-time: 5.366
564
24 17 24 16 25 16 25 17
24 15 23 16 24 17 25 16
24 37 25 38 24 39 23 38
25 37 25 38 24 38 24 37
27 37 26 38 25 37 26 36
29 37 28 38 27 37 28 36
31 37 30 38 29 37 30 36
31 38 30 38 30 37 31 37
30 39 31 38 32 39 31 40
30 40 30 39 31 39 31 40
29 39 30 38 31 39 30 40
29 38 30 38 30 39 29 39
28 37 28 38 29 38 29 37
27 36 27 37 28 37 28 36
27 38 26 37 27 36 28 37
24 36 25 37 24 38 23 37
23 36 24 36 24 37 23 37
24 28 25 29 24 30 23 29
24 29 23 29 23 28 24 28
25 28 24 29 23 28 24 27
35 27 36 27 36 28 35 28
34 34 34 35 35 35 35 34
33 35 34 34 35 35 34 36
32 36 33 36 33 35 32 35
32 38 31 37 32 36 33 37
33 38 34 39 35 38 34 37
33 39 32 39 32 38 33 38
32 40 31 39 32 38 33 39
31 41 32 41 32 40 31 40
29 41 30 42 31 41 30 40
28 40 28 41 29 41 29 40
27 41 28 40 29 41 28 42
27 42 27 41 28 41 28 42
26 41 27 40 28 41 27 42
26 40 27 40 27 41 26 41
26 42 25 41 26 40 27 41
25 42 25 41 26 41 26 42
34 42 35 41 36 42 35 43
35 42 35 43 34 43 34 42
35 44 34 43 35 42 36 43
36 44 35 44 35 43 36 43
36 33 35 34 34 33 35 32
35 33 35 32 36 32 36 33
36 41 36 42 35 42 35 41
37 40 36 41 35 40 36 39
38 41 38 40 37 40 37 41
35 39 36 39 36 40 35 40
34 38 34 39 35 39 35 38
34 40 33 39 34 38 35 39
33 40 33 39 34 39 34 40
34 41 33 40 34 39 35 40
35 26 35 25 36 25 36 26
34 27 35 27 35 26 34 26
34 29 33 28 34 27 35 28
33 29 34 29 34 30 33 30
32 28 33 29 32 30 31 29
32 29 31 29 31 28 32 28
32 27 31 28 32 29 33 28
31 26 32 25 33 26 32 27
29 36 30 36 30 37 29 37
29 29 30 28 31 29 30 30
30 32 29 31 30 30 31 31
31 32 30 32 30 31 31 31
29 30 29 31 30 31 30 30
30 17 29 17 29 16 30 16
28 39 29 40 30 39 29 38
27 39 27 38 28 38 28 39
25 39 26 40 27 39 26 38
26 39 25 39 25 38 26 38
21 27 21 28 22 28 22 27
21 29 20 28 21 27 22 28
21 31 20 30 21 29 22 30
22 31 21 31 21 30 22 30
21 32 20 31 21 30 22 31
20 32 20 31 21 31 21 32
19 33 20 33 20 32 19 32
19 31 18 32 19 33 20 32
18 31 19 31 19 32 18 32
18 33 17 32 18 31 19 32
19 34 18 35 17 34 18 33
20 35 19 34 20 33 21 34
20 38 21 39 22 38 21 37
21 38 21 39 20 39 20 38
22 37 22 38 21 38 21 37
22 35 21 36 22 37 23 36
23 34 22 35 21 34 22 33
22 29 23 29 23 30 22 30
20 29 21 30 22 29 21 28
23 19 23 20 22 20 22 19
21 46 20 45 21 44 22 45
22 17 22 16 23 16 23 17
22 18 21 18 21 17 22 17
24 18 23 19 22 18 23 17
23 18 23 17 24 17 24 18
24 19 23 20 22 19 23 18
25 18 25 19 24 19 24 18
22 40 21 40 21 39 22 39
21 19 20 18 21 17 22 18
20 19 20 18 21 18 21 19
21 20 20 19 21 18 22 19
21 42 22 43 21 44 20 43
22 41 21 42 20 41 21 40
23 41 22 41 22 40 23 40
24 40 23 41 22 40 23 39
25 40 24 40 24 39 25 39
24 41 25 40 26 41 25 42
23 42 22 41 23 40 24 41
24 42 23 42 23 41 24 41
25 43 25 42 24 42 24 43
27 43 26 44 25 43 26 42
26 43 27 43 27 44 26 44
25 44 26 43 27 44 26 45
25 45 25 44 26 44 26 45
21 21 20 20 21 19 22 20
20 21 20 20 21 20 21 21
21 43 21 44 20 44 20 43
22 42 22 43 21 43 21 42
23 43 22 42 23 41 24 42
24 44 24 43 23 43 23 44
19 30 20 30 20 31 19 31
28 16 29 17 28 18 27 17
28 44 27 43 28 42 29 43
27 45 28 45 28 44 27 44
26 46 25 45 26 44 27 45
27 46 26 46 26 45 27 45
30 21 29 22 28 21 29 20
29 21 29 20 30 20 30 21
29 19 28 20 29 21 30 20
28 19 29 19 29 20 28 20
26 19 27 20 28 19 27 18
25 20 26 20 26 19 25 19
33 27 33 28 32 28 32 27
34 28 33 27 34 26 35 27
35 29 35 28 34 28 34 29
33 34 34 35 33 36 32 35
33 33 34 33 34 34 33 34
34 32 35 33 34 34 33 33
35 31 34 32 33 31 34 30
36 30 37 31 36 32 35 31
37 30 37 31 36 31 36 30
32 31 32 30 33 30 33 31
31 30 32 29 33 30 32 31
30 29 31 30 30 31 29 30
29 28 29 29 30 29 30 28
30 27 31 28 30 29 29 28
31 27 31 28 30 28 30 27
32 26 32 27 31 27 31 26
33 25 33 26 32 26 32 25
34 24 35 25 34 26 33 25
33 32 32 33 31 32 32 31
34 31 34 32 33 32 33 31
35 30 34 31 33 30 34 29
36 29 37 30 36 31 35 30
37 28 36 29 35 28 36 27
38 27 39 28 38 29 37 28
38 28 37 28 37 27 38 27
37 29 36 28 37 27 38 28
38 30 38 29 37 29 37 30
39 31 38 30 39 29 40 30
38 32 39 31 40 32 39 33
39 32 39 33 38 33 38 32
31 19 31 18 32 18 32 19
31 21 30 20 31 19 32 20
30 22 31 22 31 21 30 21
32 22 31 23 30 22 31 21
32 23 31 23 31 22 32 22
32 21 31 22 32 23 33 22
33 20 33 21 32 21 32 20
31 20 32 21 33 20 32 19
30 19 30 20 31 20 31 19
29 18 30 19 29 20 28 19
30 18 30 19 29 19 29 18
31 17 32 18 31 19 30 18
32 16 31 17 30 16 31 15
33 15 33 16 32 16 32 15
32 32 33 32 33 33 32 33
34 22 33 23 32 22 33 21
34 23 33 23 33 22 34 22
39 36 39 37 38 37 38 36
40 37 39 38 38 37 39 36
40 38 39 38 39 37 40 37
38 44 38 43 39 43 39 44
36 24 37 25 38 24 37 23
37 24 36 24 36 23 37 23
35 24 36 25 37 24 36 23
34 25 35 25 35 24 34 24
33 24 34 23 35 24 34 25
32 24 32 23 33 23 33 24
31 25 32 24 33 25 32 26
31 24 32 24 32 25 31 25
37 39 38 40 37 41 36 40
42 45 41 44 42 43 43 44
42 44 43 44 43 45 42 45
41 43 41 44 42 44 42 43
42 42 43 43 42 44 41 43
42 40 41 41 42 42 43 41
42 41 42 40 43 40 43 41
44 41 43 42 42 41 43 40
44 42 43 42 43 41 44 41
44 43 44 42 45 42 45 43
44 44 43 44 43 43 44 43
41 42 41 41 42 41 42 42
41 40 40 41 41 42 42 41
40 40 41 40 41 41 40 41
39 41 40 40 41 41 40 42
39 42 39 41 40 41 40 42
37 42 38 43 39 42 38 41
37 43 36 43 36 42 37 42
37 45 36 44 37 43 38 44
42 46 41 45 42 44 43 45
41 46 41 45 42 45 42 46
41 34 40 33 41 32 42 33
40 43 41 43 41 42 40 42
40 45 39 44 40 43 41 44
40 44 41 44 41 45 40 45
39 45 38 44 39 43 40 44
41 22 40 23 41 24 42 23
41 23 41 22 42 22 42 23
42 24 41 23 42 22 43 23
43 24 42 24 42 23 43 23
44 23 43 24 42 23 43 22
45 24 45 23 44 23 44 24
46 37 45 38 44 37 45 36
46 38 45 38 45 37 46 37
46 36 45 37 44 36 45 35
46 24 45 25 44 24 45 23
46 25 45 25 45 24 46 24
44 25 45 26 46 25 45 24
44 26 44 25 45 25 45 26
42 26 43 27 44 26 43 25
43 26 42 26 42 25 43 25
44 27 44 26 43 26 43 27
42 27 43 28 44 27 43 26
42 28 42 27 43 27 43 28
43 39 44 40 45 39 44 38
43 38 44 38 44 39 43 39
42 39 43 38 44 39 43 40
41 39 42 39 42 40 41 40
42 38 43 39 42 40 41 39
16 35 16 34 17 34 17 35
15 23 16 22 17 23 16 24
16 23 16 24 15 24 15 23
17 22 17 23 16 23 16 22
19 22 18 23 17 22 18 21
18 22 18 21 19 21 19 22
18 24 17 23 18 22 19 23
19 24 18 24 18 23 19 23
17 24 18 25 19 24 18 23
16 25 15 24 16 23 17 24
17 25 16 25 16 24 17 24
15 25 16 26 17 25 16 24
15 26 15 25 16 25 16 26
17 21 16 22 15 21 16 20
16 21 16 20 17 20 17 21
14 21 15 22 16 21 15 20
14 20 15 20 15 21 14 21
17 18 18 18 18 17 17 17
16 17 17 16 18 17 17 18
16 16 17 16 17 17 16 17
16 18 15 17 16 16 17 17
15 18 15 17 16 17 16 18
14 17 15 16 16 17 15 18
14 16 15 16 15 17 14 17
18 36 17 36 17 35 18 35
16 36 17 37 18 36 17 35
16 37 16 36 17 36 17 37
15 36 16 35 17 36 16 37
15 35 16 35 16 36 15 36
17 33 18 33 18 32 17 32
18 34 17 35 16 34 17 33
19 35 19 34 18 34 18 35
20 34 19 35 18 34 19 33
21 33 21 34 20 34 20 33
22 32 22 33 21 33 21 32
18 20 17 21 18 22 19 21
27 21 27 20 28 20 28 21
27 19 26 20 27 21 28 20
26 18 26 19 27 19 27 18
26 16 25 17 26 18 27 17
27 26 28 26 28 27 27 27
28 17 29 17 29 18 28 18
27 16 27 17 28 17 28 16
26 17 27 16 28 17 27 18
35 37 34 38 33 37 34 36
36 38 35 37 36 36 37 37
37 38 37 39 36 39 36 38
38 38 37 38 37 37 38 37
39 39 38 38 39 37 40 38
38 39 38 38 39 38 39 39
39 40 38 41 37 40 38 39
40 39 40 40 39 40 39 39
41 38 41 39 40 39 40 38
35 36 35 37 34 37 34 36
36 35 35 36 34 35 35 34
43 37 44 37 44 36 43 36
42 37 43 37 43 38 42 38
41 36 42 37 41 38 40 37
40 35 41 34 42 35 41 36
38 35 39 36 40 35 39 34
44 29 43 29 43 28 44 28
42 29 43 30 44 29 43 28
42 30 42 29 43 29 43 30
41 29 42 28 43 29 42 30
41 28 42 28 42 29 41 29
45 41 44 42 43 41 44 40
45 40 45 39 44 39 44 40
46 41 45 42 44 41 45 40
46 42 45 42 45 41 46 41
25 27 26 26 27 27 26 28
24 26 25 27 24 28 23 27
23 26 24 26 24 27 23 27
25 36 26 36 26 37 25 37
24 35 25 36 24 37 23 36
23 35 23 34 24 34 24 35
25 35 24 36 23 35 24 34
27 35 26 36 25 35 26 34
26 35 27 35 27 36 26 36
28 35 27 36 26 35 27 34
29 35 29 36 28 36 28 35
28 34 29 35 28 36 27 35
27 29 26 30 25 29 26 28
27 30 26 30 26 29 27 29
25 34 25 35 26 35 26 34
24 33 25 34 24 35 23 34
25 33 25 34 24 34 24 33
27 33 26 34 25 33 26 32
28 33 28 34 27 34 27 33
27 32 28 33 27 34 26 33
26 31 26 32 27 32 27 31
25 30 26 29 27 30 26 31
25 31 25 30 26 30 26 31
25 32 26 32 26 33 25 33
22 36 22 35 23 35 23 36
24 45 23 44 24 43 25 44
24 31 23 30 24 29 25 30
24 32 24 31 25 31 25 32
23 33 24 32 25 33 24 34
22 34 23 34 23 33 22 33
21 35 22 34 23 35 22 36
20 36 21 36 21 35 20 35
19 37 18 36 19 35 20 36
24 24 24 23 23 23 23 24
24 22 23 23 24 24 25 23
25 22 25 23 24 23 24 22
23 32 24 32 24 33 23 33
16 32 17 31 18 32 17 33
16 31 17 31 17 32 16 32
37 26 37 27 36 27 36 26
38 25 39 26 38 27 37 26
38 26 37 26 37 25 38 25
39 27 39 26 38 26 38 27
40 26 39 27 38 26 39 25
37 44 37 45 36 45 36 44
38 45 37 44 38 43 39 44
38 42 37 43 36 42 37 41
36 37 35 38 36 39 37 38
37 36 37 37 36 37 36 36
37 34 36 35 37 36 38 35
37 32 36 33 37 34 38 33
38 31 38 32 37 32 37 31
39 30 38 31 37 30 38 29
40 29 40 30 39 30 39 29
41 30 40 29 41 28 42 29
41 31 40 31 40 30 41 30
39 17 39 16 40 16 40 17
39 15 38 16 39 17 40 16
38 15 39 15 39 16 38 16
40 24 40 23 41 23 41 24
39 23 40 24 39 25 38 24
40 22 40 23 39 23 39 22
42 31 41 32 40 31 41 30
42 32 41 32 41 31 42 31
41 33 40 32 41 31 42 32
42 34 42 33 41 33 41 34
40 34 39 34 39 33 40 33
41 35 41 34 40 34 40 35
42 36 42 35 41 35 41 36
41 37 42 36 43 37 42 38
40 36 40 37 41 37 41 36
39 35 40 36 39 37 38 36
38 34 39 33 40 34 39 35
37 35 38 35 38 34 37 34
36 34 37 35 36 36 35 35
37 33 37 34 36 34 36 33
44 22 44 23 43 23 43 22
32 17 33 18 32 19 31 18
33 17 33 18 32 18 32 17
34 16 33 17 32 16 33 15
34 15 35 15 35 16 34 16
33 14 34 15 33 16 32 15
34 14 34 15 33 15 33 14
23 31 24 30 25 31 24 32
40 25 40 26 39 26 39 25
41 26 40 25 41 24 42 25
41 27 41 26 42 26 42 27
41 25 40 26 41 27 42 26
40 28 39 29 38 28 39 27
40 27 41 27 41 28 40 28
34 17 33 17 33 16 34 16
35 18 34 19 33 18 34 17
43 35 42 36 41 35 42 34
43 34 43 35 42 35 42 34
44 35 43 36 42 35 43 34
26 27 26 28 25 28 25 27
27 28 26 29 25 28 26 27
28 29 27 28 28 27 29 28
28 30 28 29 29 29 29 30
28 31 27 31 27 30 28 30
28 22 29 22 29 21 28 21
29 23 28 22 29 21 30 22
28 23 29 23 29 24 28 24
28 25 27 24 28 23 29 24
27 25 27 24 28 24 28 25
26 25 27 25 27 26 26 26
25 26 26 25 27 26 26 27
24 25 25 26 24 27 23 26
25 24 24 25 23 24 24 23
25 25 24 25 24 24 25 24
23 25 24 26 25 25 24 24
30 23 29 23 29 22 30 22
30 25 29 24 30 23 31 24
30 26 30 25 31 25 31 26
29 27 30 26 31 27 30 28
28 28 29 28 29 27 28 27
28 32 27 31 28 30 29 31
29 33 28 34 27 33 28 32
29 26 30 26 30 27 29 27
31 16 31 17 32 17 32 16
30 15 30 16 31 16 31 15
31 14 32 15 31 16 30 15
32 14 32 15 31 15 31 14
33 13 34 14 33 15 32 14
32 13 33 13 33 14 32 14
39 24 39 25 38 25 38 24
38 23 39 24 38 25 37 24
38 21 37 22 38 23 39 22
37 21 37 20 38 20 38 21
46 35 46 36 45 36 45 35
45 34 46 35 45 36 44 35
44 34 45 34 45 35 44 35
46 39 45 40 44 39 45 38
29 25 28 26 27 25 28 24
30 24 31 25 30 26 29 25
29 32 29 31 28 31 28 32
30 33 30 32 29 32 29 33
29 34 28 33 29 32 30 33
30 35 29 36 28 35 29 34
26 24 25 25 26 26 27 25
26 23 25 24 26 25 27 24
27 23 27 24 26 24 26 23
27 22 28 22 28 23 27 23
26 21 27 20 28 21 27 22
24 21 25 22 26 21 25 20
38 22 38 23 37 23 37 22
39 21 38 22 37 21 38 20
26 22 27 21 28 22 27 23
25 21 25 22 26 22 26 21
24 20 24 21 25 21 25 20
23 21 22 20 23 19 24 20
23 22 23 21 24 21 24 22
22 21 23 20 24 21 23 22
21 22 20 21 21 20 22 21
22 22 21 22 21 21 22 21
22 23 22 22 23 22 23 23
20 23 21 24 22 23 21 22
30 34 30 35 29 35 29 34
31 35 30 36 29 35 30 34
32 34 33 35 32 36 31 35
31 33 32 32 33 33 32 34
31 34 30 34 30 33 31 33
31 36 30 35 31 34 32 35
32 37 31 38 30 37 31 36
20 22 20 23 19 23 19 22
21 23 20 22 21 21 22 22
22 24 22 23 21 23 21 24
22 25 22 24 23 24 23 25
21 26 22 25 23 26 22 27
35 22 35 21 37 21 37 22
34 21 35 22 34 23 33 22
35 20 34 21 33 20 34 19
34 20 35 20 35 21 34 21
35 19 34 20 32 18 33 17
36 19 35 19 35 18 36 18
36 21 35 20 36 19 37 20
37 17 36 18 34 16 35 15
30 44 28 44 28 42 30 42
31 43 30 44 29 43 30 42
20 15 22 17 21 18 19 16
20 26 22 24 23 25 21 27
19 27 17 25 18 24 20 26
20 27 20 26 21 26 21 27
19 28 20 28 20 27 19 27
18 29 19 28 20 29 19 30
17 29 18 29 18 31 17 31
18 30 17 29 19 27 20 28
18 38 20 38 20 36 18 36
16 38 18 38 18 40 16 40
17 39 16 40 15 39 16 38
19 39 17 39 17 37 19 37
19 41 19 39 20 39 20 41
20 42 19 41 21 39 22 40
21 41 21 42 20 42 20 41
19 43 20 42 21 43 20 44
19 42 20 42 20 43 19 43
17 44 19 42 20 43 18 45
17 45 17 44 18 44 18 45
17 43 16 44 17 45 18 44
16 42 18 40 19 41 17 43
15 44 16 44 16 42 15 42
18 19 20 19 20 20 18 20
16 19 17 20 18 19 17 18
14 19 15 20 16 19 15 18
17 26 19 28 20 27 18 25
19 26 19 27 17 27 17 26
20 24 20 26 19 26 19 24
23 46 23 44 21 44 21 46
32 42 32 41 34 41 34 42
32 44 31 43 32 42 33 43
33 41 32 42 31 41 32 40
39 18 37 20 38 21 40 19
38 17 39 16 40 17 39 18
37 16 38 17 36 19 35 18
35 17 37 17 37 16 35 16
34 18 35 18 35 17 34 17
33 19 34 19 34 18 33 18
38 18 38 17 39 17 39 18
44 33 42 31 43 30 45 32
43 33 44 33 44 34 43 34
17 28 15 30 16 31 18 29
15 19 16 19 16 20 15 20
17 19 16 20 15 19 16 18
19 19 18 20 17 19 18 18
16 27 15 26 16 25 17 26
16 28 16 27 17 27 17 28
15 27 16 26 17 27 16 28
42 16 44 16 44 15 42 15
14 18 14 19 15 19 15 18
13 17 14 16 15 17 14 18
13 18 13 17 14 17 14 18
13 19 14 18 15 19 14 20
13 20 13 19 14 19 14 20
12 19 13 18 14 19 13 20
12 18 13 18 13 19 12 19
43 32 43 33 42 33 42 32
45 30 45 32 43 32 43 30
15 38 19 42 20 41 16 37
15 37 16 37 16 38 15 38
14 36 15 35 16 36 15 37
14 37 14 36 15 36 15 37
30 47 28 45 32 41 34 43
32 47 30 47 30 44 32 44
33 48 32 47 35 44 36 45
43 21 42 22 38 18 39 17
42 21 43 21 43 22 42 22
43 16 40 19 42 21 45 18
43 14 42 15 43 16 44 15
45 21 43 21 43 18 45 18
46 22 45 23 44 22 45 21
16 41 19 41 19 42 16 42
41 19 41 22 40 22 40 19
42 18 42 21 39 21 39 18
42 14 40 16 42 18 44 16
39 14 42 14 42 15 39 15
40 15 39 16 38 15 39 14
