best-score: 743096
count: 4
elapsed-time: 4.858
228
29 17 29 16 30 16 30 17
29 15 28 16 29 17 30 16
30 15 29 15 29 14 30 14
31 16 30 17 29 16 30 15
31 15 31 16 30 16 30 15
30 24 29 24 29 23 30 23
12 20 13 21 12 22 11 21
11 20 12 20 12 21 11 21
12 19 13 20 12 21 11 20
13 19 13 20 12 20 12 19
11 11 10 12 11 13 12 12
16 22 16 23 15 23 15 22
15 21 16 22 15 23 14 22
14 21 15 21 15 22 14 22
15 20 14 21 13 20 14 19
15 29 14 28 15 27 16 28
15 28 16 28 16 29 15 29
14 27 14 28 15 28 15 27
15 26 16 27 15 28 14 27
16 25 15 26 14 25 15 24
15 25 16 25 16 26 15 26
14 26 15 25 16 26 15 27
15 30 14 29 15 28 16 29
14 30 14 29 15 29 15 30
15 31 14 30 15 29 16 30
16 31 15 31 15 30 16 30
16 24 15 25 14 24 15 23
17 24 17 25 16 25 16 24
14 23 14 24 15 24 15 23
13 22 14 21 15 22 14 23
13 23 13 22 14 22 14 23
12 24 11 23 12 22 13 23
28 13 28 14 27 14 27 13
29 12 29 13 28 13 28 12
30 13 29 14 28 13 29 12
28 17 27 17 27 16 28 16
29 18 29 17 28 17 28 18
26 13 27 14 26 15 25 14
26 14 25 14 25 13 26 13
26 12 25 13 26 14 27 13
27 12 27 13 26 13 26 12
26 11 27 12 26 13 25 12
25 11 25 10 26 10 26 11
25 9 24 10 25 11 26 10
24 9 25 9 25 10 24 10
17 30 16 30 16 29 17 29
18 29 17 30 16 29 17 28
21 26 22 26 22 25 21 25
20 25 21 24 22 25 21 26
18 25 19 26 20 25 19 24
17 26 16 25 17 24 18 25
17 27 16 27 16 26 17 26
18 28 17 29 16 28 17 27
19 29 19 28 18 28 18 29
23 27 22 26 23 25 24 26
26 21 25 22 24 21 25 20
24 13 25 13 25 12 24 12
23 14 24 13 25 14 24 15
24 14 24 15 23 15 23 14
22 14 23 15 24 14 23 13
22 13 23 13 23 14 22 14
24 22 25 23 24 24 23 23
25 21 25 22 24 22 24 21
23 21 24 22 25 21 24 20
23 20 24 20 24 21 23 21
26 20 26 21 25 21 25 20
26 22 25 21 26 20 27 21
27 22 26 22 26 21 27 21
27 20 26 21 27 22 28 21
28 20 28 21 27 21 27 20
28 19 29 19 29 20 28 20
27 18 28 17 29 18 28 19
26 17 26 18 27 18 27 17
25 16 26 15 27 16 26 17
22 27 21 28 20 27 21 26
23 26 23 27 22 27 22 26
24 25 24 26 23 26 23 25
20 24 20 25 21 25 21 24
22 24 21 25 20 24 21 23
22 23 23 23 23 24 22 24
14 20 14 21 13 21 13 20
15 19 15 20 14 20 14 19
16 20 15 21 14 20 15 19
16 21 15 21 15 20 16 20
16 19 15 20 16 21 17 20
15 18 15 19 16 19 16 18
13 18 14 19 15 18 14 17
14 18 14 19 13 19 13 18
15 17 15 18 14 18 14 17
14 16 15 17 14 18 13 17
13 16 14 16 14 17 13 17
17 22 16 23 15 22 16 21
18 27 17 28 16 27 17 26
18 26 17 27 16 26 17 25
19 27 19 26 18 26 18 27
20 28 19 29 18 28 19 27
21 27 21 28 20 28 20 27
20 26 21 25 22 26 21 27
19 25 19 26 20 26 20 25
18 24 18 25 19 25 19 24
17 23 18 24 17 25 16 24
17 21 16 22 17 23 18 22
18 21 18 22 17 22 17 21
17 19 17 20 16 20 16 19
18 20 17 21 16 20 17 19
17 31 16 30 17 29 18 30
18 31 17 31 17 30 18 30
17 32 16 31 17 30 18 31
16 32 16 31 17 31 17 32
27 19 28 19 28 18 27 18
26 19 27 19 27 20 26 20
25 18 26 17 27 18 26 19
25 19 25 18 26 18 26 19
24 19 25 19 25 20 24 20
19 23 18 24 19 25 20 24
20 23 20 24 19 24 19 23
21 22 22 23 21 24 20 23
20 22 21 22 21 23 20 23
19 21 20 22 19 23 18 22
30 18 29 19 28 18 29 17
30 19 29 19 29 18 30 18
31 18 30 19 29 18 30 17
26 23 25 23 25 22 26 22
27 15 27 14 26 14 26 15
26 16 27 15 28 16 27 17
25 17 26 17 26 16 25 16
24 18 25 17 26 18 25 19
24 17 25 17 25 18 24 18
23 16 24 15 25 16 24 17
22 15 22 16 23 16 23 15
21 14 22 13 23 14 22 15
21 15 21 14 22 14 22 15
22 17 21 16 22 15 23 16
21 17 21 16 22 16 22 17
20 16 21 15 22 16 21 17
20 15 21 15 21 16 20 16
19 14 20 13 21 14 20 15
19 20 19 21 18 21 18 20
18 19 19 20 18 21 17 20
31 17 31 18 30 18 30 17
32 16 31 17 30 16 31 15
32 17 31 17 31 16 32 16
12 23 12 24 11 24 11 23
11 22 12 21 13 22 12 23
18 23 18 24 17 24 17 23
19 22 18 23 17 22 18 21
20 21 20 22 19 22 19 21
23 18 24 19 25 18 24 17
23 19 23 18 24 18 24 19
23 17 22 18 23 19 24 18
24 16 23 17 22 16 23 15
25 15 25 16 24 16 24 15
20 17 19 16 20 15 21 16
19 17 19 16 20 16 20 17
29 26 30 27 28 29 27 28
30 26 30 27 29 27 29 26
28 24 30 26 29 27 27 25
28 26 28 24 29 24 29 26
28 28 27 28 27 26 28 26
30 28 30 29 28 29 28 28
29 29 28 28 29 27 30 28
31 22 30 23 28 21 29 20
12 27 14 29 13 30 11 28
13 26 12 27 10 25 11 24
13 25 14 25 14 26 13 26
11 27 10 26 12 24 13 25
12 28 12 27 11 27 11 28
10 28 11 29 12 28 11 27
10 29 10 28 11 28 11 29
10 17 11 16 13 18 12 19
28 25 26 23 27 22 29 24
30 22 29 23 27 21 28 20
31 23 31 22 30 22 30 23
18 16 16 18 17 19 19 17
19 15 19 16 18 16 18 15
20 14 20 15 19 15 19 14
17 13 19 15 20 14 18 12
21 13 22 14 21 15 20 14
22 11 22 13 21 13 21 11
23 12 22 11 24 9 25 10
23 10 24 10 24 12 23 12
12 29 14 29 14 28 12 28
11 30 12 30 12 29 11 29
22 28 24 30 25 29 23 27
21 29 20 28 21 27 22 28
22 29 21 29 21 28 22 28
22 19 20 21 21 22 23 20
21 18 22 17 23 18 22 19
21 19 21 18 22 18 22 19
20 18 21 19 19 21 18 20
20 20 19 20 19 18 20 18
20 19 19 18 20 17 21 18
22 20 20 22 21 23 23 21
22 21 20 21 20 20 22 20
22 10 24 12 23 13 21 11
17 12 19 14 18 15 16 13
16 12 17 12 17 13 16 13
14 14 16 12 17 13 15 15
10 10 12 10 12 12 10 12
11 9 12 10 11 11 10 10
18 10 18 12 17 12 17 10
13 13 13 16 11 16 11 13
15 9 12 12 13 13 16 10
15 11 11 11 11 9 15 9
26 29 23 26 24 25 27 28
19 8 22 11 20 13 17 10
17 16 18 16 18 19 17 19
16 17 17 16 19 18 18 19
19 32 18 31 21 28 22 29
21 32 19 32 19 29 21 29
22 31 21 32 18 29 19 28
25 31 22 31 22 29 25 29
17 14 17 16 14 16 14 14
19 13 19 14 17 14 17 13
19 11 20 11 20 13 19 13
22 8 24 10 21 13 19 11
19 10 22 10 22 8 19 8
13 10 16 10 16 12 13 12
10 13 13 10 16 13 13 16
10 18 13 18 13 17 10 17
9 17 13 13 14 14 10 18
9 13 10 13 10 17 9 17
27 24 27 25 24 25 24 24
28 22 28 24 27 24 27 22
30 21 30 22 28 22 28 21
17 11 18 12 19 11 18 10
16 15 16 17 15 17 15 15
25 34 22 31 27 26 30 29
