best-score: 758309
count: 2
elapsed-time: 4.929
309
33 25 32 26 33 27 34 26
32 25 32 24 33 24 33 25
31 24 32 23 33 24 32 25
31 23 32 23 32 24 31 24
32 22 31 23 30 22 31 21
31 22 31 21 32 21 32 22
33 22 32 23 31 22 32 21
33 23 32 23 32 22 33 22
34 23 34 24 33 24 33 23
34 25 33 24 34 23 35 24
33 26 34 26 34 25 33 25
31 26 32 27 33 26 32 25
31 27 31 26 32 26 32 27
30 26 31 25 32 26 31 27
30 25 31 25 31 26 30 26
34 19 33 20 32 19 33 18
33 35 32 34 33 33 34 34
33 36 33 35 34 35 34 36
33 34 32 35 33 36 34 35
34 33 34 34 33 34 33 33
35 32 36 33 35 34 34 33
33 17 33 16 34 16 34 17
33 37 32 36 33 35 34 36
32 37 32 36 33 36 33 37
33 21 32 21 32 20 33 20
34 22 33 23 32 22 33 21
35 22 35 23 34 23 34 22
34 21 35 22 34 23 33 22
19 29 18 28 19 27 20 28
19 28 20 28 20 29 19 29
20 26 20 25 21 25 21 26
19 25 20 26 19 27 18 26
19 26 18 26 18 25 19 25
20 27 19 26 20 25 21 26
21 28 20 29 19 28 20 27
21 27 22 27 22 28 21 28
21 29 20 28 21 27 22 28
20 30 21 30 21 29 20 29
19 31 18 30 19 29 20 30
20 32 19 33 18 32 19 31
20 33 19 33 19 32 20 32
18 31 19 31 19 32 18 32
17 30 17 31 18 31 18 30
19 16 18 16 18 15 19 15
17 16 18 17 19 16 18 15
17 17 17 16 18 16 18 17
18 18 17 17 18 16 19 17
19 18 18 18 18 17 19 17
14 17 15 18 14 19 13 18
15 32 16 32 16 33 15 33
15 34 14 33 15 32 16 33
14 34 14 33 15 33 15 34
17 14 16 15 15 14 16 13
23 15 22 16 21 15 22 14
23 16 22 16 22 15 23 15
23 14 22 15 23 16 24 15
24 14 23 14 23 13 24 13
21 14 21 15 22 15 22 14
13 13 13 12 12 12 12 13
11 13 12 14 13 13 12 12
11 14 11 13 12 13 12 14
13 14 12 15 11 14 12 13
13 15 12 15 12 14 13 14
11 29 12 28 13 29 12 30
11 28 12 28 12 29 11 29
13 28 12 29 11 28 12 27
13 30 13 29 12 29 12 30
36 22 35 23 34 22 35 21
35 25 35 24 34 24 34 25
36 24 35 25 34 24 35 23
35 35 35 34 34 34 34 35
35 37 34 36 35 35 36 36
32 17 33 18 34 17 33 16
32 18 32 17 33 17 33 18
15 22 16 21 17 22 16 23
16 22 15 22 15 21 16 21
17 21 18 22 17 23 16 22
18 21 18 22 17 22 17 21
18 20 19 20 19 21 18 21
17 33 16 32 17 31 18 32
16 34 17 34 17 33 16 33
15 35 14 34 15 33 16 34
16 35 15 35 15 34 16 34
19 22 18 23 17 22 18 21
19 23 18 23 18 22 19 22
20 22 19 23 18 22 19 21
17 27 17 26 18 26 18 27
16 26 17 25 18 26 17 27
16 25 17 25 17 26 16 26
15 24 16 23 17 24 16 25
16 24 16 25 15 25 15 24
15 23 16 24 15 25 14 24
14 23 15 23 15 24 14 24
17 29 16 28 17 27 18 28
16 30 17 29 18 30 17 31
16 29 17 29 17 30 16 30
20 24 19 25 18 24 19 23
19 24 20 24 20 25 19 25
20 23 21 24 20 25 19 24
21 23 20 23 20 22 21 22
22 24 21 25 20 24 21 23
22 25 21 25 21 24 22 24
23 26 22 27 21 26 22 25
29 21 30 22 29 23 28 22
30 20 29 21 28 20 29 19
31 19 32 20 31 21 30 20
31 20 31 19 32 19 32 20
30 21 31 21 31 20 30 20
29 22 30 22 30 21 29 21
28 23 29 23 29 22 28 22
28 21 27 22 28 23 29 22
27 20 27 21 28 21 28 20
25 20 26 21 27 20 26 19
24 19 25 20 24 21 23 20
31 17 32 18 31 19 30 18
30 23 29 22 30 21 31 22
29 24 30 23 31 24 30 25
30 24 30 25 29 25 29 24
28 24 29 25 30 24 29 23
35 27 34 26 35 25 36 26
36 15 35 15 35 14 36 14
25 22 26 21 27 22 26 23
23 22 24 23 25 22 24 21
24 22 24 23 23 23 23 22
25 21 25 22 24 22 24 21
26 20 26 21 25 21 25 20
27 19 27 20 26 20 26 19
27 16 27 17 26 17 26 16
27 14 26 15 27 16 28 15
28 14 28 15 27 15 27 14
27 13 28 14 27 15 26 14
26 13 27 13 27 14 26 14
25 14 24 13 25 12 26 13
25 15 24 15 24 14 25 14
25 16 25 15 26 15 26 16
26 22 26 21 27 21 27 22
25 23 26 23 26 22 25 22
24 24 23 23 24 22 25 23
25 24 24 24 24 23 25 23
25 13 26 14 25 15 24 14
26 12 26 13 25 13 25 12
31 13 31 12 32 12 32 13
30 30 31 29 32 30 31 31
31 30 31 29 32 29 32 30
30 31 31 31 31 30 30 30
24 20 25 21 24 22 23 21
25 19 25 20 24 20 24 19
26 18 27 19 26 20 25 19
25 17 26 16 27 17 26 18
25 18 25 17 26 17 26 18
24 17 25 16 26 17 25 18
24 16 25 16 25 17 24 17
36 23 36 24 35 24 35 23
36 21 36 22 35 22 35 21
37 22 36 23 35 22 36 21
37 23 36 23 36 22 37 22
20 21 21 22 20 23 19 22
22 26 21 27 20 26 21 25
23 27 23 26 22 26 22 27
23 25 22 26 23 27 24 26
24 25 24 26 23 26 23 25
23 24 24 23 25 24 24 25
22 23 22 24 23 24 23 23
22 21 21 22 22 23 23 22
22 22 22 21 23 21 23 22
21 21 22 22 21 23 20 22
24 28 23 29 22 28 23 27
27 23 26 22 27 21 28 22
27 24 27 23 28 23 28 24
28 25 27 24 28 23 29 24
14 22 15 21 16 22 15 23
13 27 13 28 12 28 12 27
11 27 12 28 13 27 12 26
11 26 12 26 12 27 11 27
13 26 12 27 11 26 12 25
13 25 13 26 12 26 12 25
26 25 25 24 26 23 27 24
33 29 32 29 32 27 33 27
34 30 33 29 35 27 36 28
35 20 35 18 33 18 33 20
36 19 35 20 34 19 35 18
34 13 32 15 33 16 35 14
34 15 32 15 32 13 34 13
35 16 35 15 34 15 34 16
36 17 35 18 34 17 35 16
32 14 31 15 33 17 34 16
33 13 32 14 31 13 32 12
34 12 36 14 35 15 33 13
36 13 36 12 34 12 34 13
37 14 36 15 35 14 36 13
22 31 20 33 19 32 21 30
22 19 20 21 19 20 21 18
24 18 24 19 22 19 22 18
23 17 24 16 25 17 24 18
21 17 22 18 23 17 22 16
22 17 22 18 21 18 21 17
23 18 22 17 23 16 24 17
21 20 21 18 19 18 19 20
22 20 22 21 21 21 21 20
21 16 21 17 19 17 19 16
20 15 21 14 22 15 21 16
18 36 16 34 17 33 19 35
14 37 13 36 15 34 16 35
14 28 13 27 15 25 16 26
14 29 14 28 16 28 16 29
15 30 14 31 13 30 14 29
13 32 15 32 15 30 13 30
12 33 13 32 14 33 13 34
12 31 14 31 14 33 12 33
11 30 12 29 13 30 12 31
11 31 11 30 12 30 12 31
15 16 15 14 17 14 17 16
13 16 15 16 15 18 13 18
14 15 15 16 14 17 13 16
14 13 16 13 16 15 14 15
16 31 15 30 16 29 17 30
17 32 17 31 16 31 16 32
18 33 17 32 18 31 19 32
18 35 18 33 19 33 19 35
19 34 18 35 17 34 18 33
22 35 21 36 19 34 20 33
21 35 22 35 22 36 21 36
20 35 20 33 21 33 21 35
20 17 21 18 22 17 21 16
12 34 13 34 13 36 12 36
11 16 12 15 13 16 12 17
12 19 12 17 14 17 14 19
11 18 12 17 13 18 12 19
34 28 34 26 36 26 36 28
15 28 17 26 18 27 16 29
14 27 15 28 14 29 13 28
16 36 16 35 18 35 18 36
16 17 15 16 16 15 17 16
15 31 13 29 14 28 16 30
14 32 15 31 16 32 15 33
13 33 11 31 12 30 14 32
13 35 12 34 13 33 14 34
28 16 30 18 29 19 27 17
30 16 28 16 28 15 30 15
29 13 28 14 30 16 31 15
29 14 31 12 32 13 30 15
28 13 28 14 29 14 29 13
27 12 28 13 27 14 26 13
28 12 28 13 27 13 27 12
27 11 28 12 27 13 26 12
26 11 27 11 27 12 26 12
28 18 28 20 30 20 30 18
14 26 14 27 13 27 13 26
37 13 37 14 36 14 36 13
25 28 23 26 24 25 26 27
23 30 25 28 26 29 24 31
28 27 28 25 26 25 26 27
29 28 28 27 30 25 31 26
28 29 29 28 31 30 30 31
27 28 28 29 27 30 26 29
29 30 29 28 27 28 27 30
28 30 29 31 27 33 26 32
29 17 29 19 31 19 31 17
30 13 31 13 31 15 30 15
23 19 24 20 25 19 24 18
21 19 22 20 23 19 22 18
20 18 21 19 19 21 18 20
20 16 19 17 20 18 21 17
20 14 19 15 20 16 21 15
19 14 20 14 20 15 19 15
18 13 19 14 18 15 17 14
25 26 25 28 24 28 24 26
27 26 25 26 25 24 27 24
19 12 19 14 17 14 17 12
18 11 19 12 18 13 17 12
16 11 18 11 18 13 16 13
15 12 16 11 17 12 16 13
14 11 15 12 14 13 13 12
37 28 36 29 33 26 34 25
37 29 36 29 36 28 37 28
36 20 35 21 32 18 33 17
24 30 21 33 20 32 23 29
23 31 24 31 24 30 23 30
22 34 23 34 23 31 22 31
23 35 22 36 21 35 22 34
25 35 23 35 23 34 25 34
26 36 25 35 27 33 28 34
29 36 26 36 26 35 29 35
15 20 16 21 19 18 18 17
18 38 16 36 19 33 21 35
21 38 18 38 18 36 21 36
22 39 21 38 25 34 26 35
26 39 22 39 22 36 26 36
27 38 26 39 22 35 23 34
11 20 14 23 15 22 12 19
11 21 11 20 15 20 15 21
10 22 11 21 14 24 13 25
10 23 10 22 14 22 14 23
11 24 10 23 14 19 15 20
36 30 36 33 34 33 34 30
30 35 29 35 29 31 30 31
30 36 30 35 32 35 32 36
31 33 29 35 30 36 32 34
33 31 33 33 31 33 31 31
31 38 29 36 30 35 32 37
31 16 32 17 28 21 27 20
32 16 32 17 31 17 31 16
25 27 24 26 27 23 28 24
12 16 17 21 18 20 13 15
11 15 11 16 12 16 12 15
25 31 24 30 29 25 30 26
28 31 28 34 25 34 25 31
24 33 25 34 28 31 27 30
24 38 24 33 27 33 27 38
