best-score: 757559
count: 4
elapsed-time: 4.813
193
11 27 11 26 12 26 12 27
12 16 11 15 12 14 13 15
13 17 12 18 11 17 12 16
13 18 12 18 12 17 13 17
11 18 12 19 13 18 12 17
11 19 11 18 12 18 12 19
12 20 11 19 12 18 13 19
13 20 12 20 12 19 13 19
11 16 12 16 12 17 11 17
28 29 29 30 28 31 27 30
29 29 29 30 28 30 28 29
30 30 29 31 28 30 29 29
30 31 29 31 29 30 30 30
31 30 30 31 29 30 30 29
13 33 12 32 13 31 14 32
14 34 13 35 12 34 13 33
23 23 22 22 23 21 24 22
15 32 16 33 17 32 16 31
15 31 16 31 16 32 15 32
15 33 14 32 15 31 16 32
14 33 14 32 15 32 15 33
13 34 14 34 14 33 13 33
12 35 13 35 13 34 12 34
12 33 11 34 12 35 13 34
11 33 12 33 12 34 11 34
31 34 31 35 30 35 30 34
31 29 31 30 30 30 30 29
32 30 31 31 30 30 31 29
32 31 31 31 31 30 32 30
23 22 23 21 24 21 24 22
24 23 23 22 24 21 25 22
25 23 24 23 24 22 25 22
26 22 25 23 24 22 25 21
23 24 24 23 25 24 24 25
24 24 23 24 23 23 24 23
25 25 25 24 24 24 24 25
26 24 25 25 24 24 25 23
17 33 16 33 16 32 17 32
18 34 17 35 16 34 17 33
17 34 17 33 18 33 18 34
16 35 17 35 17 34 16 34
15 34 16 33 17 34 16 35
14 35 13 34 14 33 15 34
15 35 14 35 14 34 15 34
13 32 13 33 12 33 12 32
14 31 15 32 14 33 13 32
22 23 22 22 23 22 23 23
26 23 26 24 25 24 25 23
27 24 26 23 27 22 28 23
27 23 28 23 28 24 27 24
27 25 26 24 27 23 28 24
26 25 26 24 27 24 27 25
26 21 26 22 25 22 25 21
28 21 27 22 26 21 27 20
13 24 14 25 12 27 11 26
12 24 12 23 13 23 13 24
12 31 11 30 13 28 14 29
11 32 12 31 13 32 12 33
11 31 12 31 12 32 11 32
10 32 11 31 12 32 11 33
10 33 10 32 11 32 11 33
18 25 18 27 20 27 20 25
16 27 14 25 16 23 18 25
18 29 16 31 14 29 16 27
16 29 16 27 18 27 18 29
21 26 20 25 22 23 23 24
22 29 20 27 21 26 23 28
21 30 22 29 24 31 23 32
29 27 30 27 30 29 29 29
27 29 25 27 27 25 29 27
26 30 27 29 28 30 27 31
26 29 27 29 27 30 26 30
25 32 24 31 26 29 27 30
24 32 24 31 25 31 25 32
24 33 23 33 23 32 24 32
22 33 23 34 24 33 23 32
22 34 22 33 23 33 23 34
24 36 22 34 23 33 25 35
13 29 14 29 14 31 13 31
9 29 11 31 13 29 11 27
20 19 19 18 21 16 22 17
17 23 18 23 18 25 17 25
32 28 31 29 29 27 30 26
33 30 33 28 32 28 32 30
32 29 33 30 32 31 31 30
31 26 30 27 32 29 33 28
31 27 30 27 30 26 31 26
30 21 30 19 31 19 31 21
32 21 30 23 28 21 30 19
32 17 30 15 31 14 33 16
29 32 30 31 32 33 31 34
28 32 28 31 29 31 29 32
31 33 30 34 28 32 29 31
30 33 30 31 31 31 31 33
28 33 30 33 30 34 28 34
27 32 28 31 29 32 28 33
27 33 27 32 28 32 28 33
26 32 27 31 28 32 27 33
25 33 24 32 25 31 26 32
26 33 25 33 25 32 26 32
25 34 24 33 25 32 26 33
24 34 24 33 25 33 25 34
23 36 24 36 24 34 23 34
32 34 31 34 31 33 32 33
29 24 31 26 32 25 30 23
16 25 18 23 20 25 18 27
15 25 16 25 16 27 15 27
14 24 16 22 17 23 15 25
13 25 14 25 14 24 13 24
14 28 12 26 13 25 15 27
16 30 15 31 13 29 14 28
26 36 25 35 27 33 28 34
23 17 25 19 23 21 21 19
22 18 23 18 23 17 22 17
26 27 25 27 25 25 26 25
28 25 30 27 28 29 26 27
28 27 27 27 27 25 28 25
24 27 26 29 28 27 26 25
24 19 24 21 25 21 25 19
26 31 26 32 27 32 27 31
25 30 25 31 26 31 26 30
17 22 17 23 16 23 16 22
15 22 16 23 17 22 16 21
15 21 16 21 16 22 15 22
12 22 13 23 15 21 14 20
18 20 16 22 15 21 17 19
15 19 15 18 13 18 13 19
14 18 15 19 14 20 13 19
14 21 12 23 13 24 15 22
16 19 14 21 13 20 15 18
17 21 17 19 16 19 16 21
33 27 35 27 35 26 33 26
29 25 28 25 28 24 29 24
13 21 14 21 14 20 13 20
14 13 15 14 12 17 11 16
14 14 14 13 15 13 15 14
14 16 12 16 12 14 14 14
15 15 14 16 13 15 14 14
18 15 15 15 15 14 18 14
21 15 21 16 18 16 18 15
20 29 22 29 22 33 20 33
18 31 16 29 18 27 20 29
19 32 18 33 17 32 18 31
19 28 23 28 23 32 19 32
21 20 18 23 17 22 20 19
21 23 18 23 18 20 21 20
19 19 18 20 21 23 22 22
17 18 17 19 19 19 19 18
20 15 17 18 15 16 18 13
22 15 21 16 20 15 21 14
33 21 34 22 30 26 29 25
33 25 32 25 32 21 33 21
15 17 14 18 13 17 14 16
14 17 14 16 15 16 15 17
22 26 21 26 21 23 22 23
21 27 22 26 26 30 25 31
24 30 24 27 21 27 21 30
20 16 17 19 15 17 18 14
18 12 21 12 21 13 18 13
18 10 15 13 18 16 21 13
28 35 25 35 25 34 28 34
25 16 27 16 27 19 25 19
24 15 25 16 23 18 22 17
22 11 22 15 24 15 24 11
25 14 24 15 21 12 22 11
22 21 21 20 23 18 24 19
21 22 22 21 23 22 22 23
20 23 16 19 17 18 21 22
21 25 23 23 24 24 22 26
9 28 13 28 13 29 9 29
30 18 31 19 27 23 26 22
28 19 30 19 30 18 28 18
28 20 27 20 27 19 28 19
33 14 31 14 31 11 33 11
27 36 26 36 26 33 27 33
25 38 23 36 25 34 27 36
18 30 18 31 16 31 16 30
19 31 17 33 16 32 18 30
24 16 24 19 21 19 21 16
22 14 24 16 23 17 21 15
17 17 17 18 15 18 15 17
20 18 19 19 17 17 18 16
20 28 18 30 15 27 17 25
25 15 28 18 27 19 24 16
17 38 17 35 25 35 25 38
39 22 35 26 30 21 34 17
39 17 39 22 34 22 34 17
30 14 30 15 25 15 25 14
38 22 33 27 25 19 30 14
30 11 33 14 28 19 25 16
38 14 31 21 28 18 35 11
38 16 33 16 33 14 38 14
36 14 38 16 33 21 31 19
