best-score: 781301
count: 21
elapsed-time: 4.688
63
24 25 24 24 23 24 23 25
24 21 25 22 26 21 25 20
17 9 15 11 14 10 16 8
16 9 16 8 17 8 17 9
17 10 16 9 17 8 18 9
18 10 17 10 17 9 18 9
18 15 18 14 20 14 20 15
20 23 20 25 18 25 18 23
11 20 11 18 10 18 10 20
10 11 9 11 9 9 10 9
23 10 25 12 24 13 22 11
23 12 23 10 25 10 25 12
26 23 24 25 23 24 25 22
24 23 24 21 26 21 26 23
25 27 23 25 24 24 26 26
13 16 13 14 12 14 12 16
24 26 24 25 26 25 26 26
21 17 18 20 15 17 18 14
24 17 21 17 21 13 24 13
15 23 18 23 18 20 15 20
17 11 18 10 21 13 20 14
15 10 15 11 17 11 17 10
15 15 18 15 18 17 15 17
21 20 18 23 15 20 18 17
21 22 21 20 25 20 25 22
22 25 20 23 21 22 23 24
18 19 18 17 21 17 21 19
17 28 15 26 18 23 20 25
6 14 8 12 12 16 10 18
11 16 8 13 10 11 13 14
12 18 12 16 11 16 11 18
7 17 10 20 12 18 9 15
7 13 8 13 8 17 7 17
26 11 26 9 22 9 22 11
27 10 26 11 25 10 26 9
5 20 8 23 11 20 8 17
22 21 21 20 24 17 25 18
16 14 13 14 13 9 16 9
10 8 16 14 15 15 9 9
13 8 13 9 10 9 10 8
14 7 16 9 15 10 13 8
15 7 15 10 14 10 14 7
22 15 18 19 13 14 17 10
26 15 24 17 22 15 24 13
25 14 25 15 26 15 26 14
20 28 15 23 18 20 23 25
21 28 20 28 20 25 21 25
13 12 15 10 20 15 18 17
5 14 8 17 13 12 10 9
6 20 6 14 5 14 5 20
9 23 6 20 12 14 15 17
9 26 9 23 15 23 15 26
5 22 11 16 15 20 9 26
10 15 10 11 15 11 15 15
9 18 10 18 10 15 9 15
8 18 9 18 9 23 8 23
8 14 13 9 14 10 9 15
20 21 20 15 22 15 22 21
20 10 16 14 21 19 25 15
23 18 23 24 12 24 12 18
23 15 25 15 25 18 23 18
22 12 22 15 23 15 23 12
17 12 17 11 22 11 22 12
