best-score: 867328
count: 4
elapsed-time: 4.9
228
15 14 16 15 15 16 14 15
15 15 14 15 14 14 15 14
14 16 13 15 14 14 15 15
14 17 14 16 15 16 15 17
13 18 14 18 14 17 13 17
12 17 13 16 14 17 13 18
11 17 11 16 12 16 12 17
12 18 11 17 12 16 13 17
19 14 18 13 19 12 20 13
20 14 20 15 19 15 19 14
18 14 19 15 20 14 19 13
19 25 19 24 20 24 20 25
21 25 20 26 19 25 20 24
21 24 22 24 22 25 21 25
21 26 20 25 21 24 22 25
20 27 21 27 21 26 20 26
21 21 20 22 19 21 20 20
20 21 21 21 21 22 20 22
21 20 22 21 21 22 20 21
22 20 22 21 21 21 21 20
24 20 23 21 22 20 23 19
19 17 20 17 20 16 19 16
18 16 19 15 20 16 19 17
18 15 19 15 19 16 18 16
19 23 20 22 21 23 20 24
21 16 20 17 19 16 20 15
20 23 21 23 21 24 20 24
19 22 19 23 20 23 20 22
18 23 19 22 20 23 19 24
18 24 18 23 19 23 19 24
19 20 19 21 20 21 20 20
18 21 19 20 20 21 19 22
17 20 18 21 17 22 16 21
21 15 21 16 20 16 20 15
23 15 22 16 21 15 22 14
23 14 24 14 24 15 23 15
24 13 25 14 24 15 23 14
25 13 25 14 24 14 24 13
26 12 25 13 24 12 25 11
25 12 25 11 26 11 26 12
24 11 25 10 26 11 25 12
24 10 25 10 25 11 24 11
23 9 23 10 24 10 24 9
25 9 26 10 25 11 24 10
24 26 25 26 25 27 24 27
25 8 26 9 25 10 24 9
26 8 26 9 25 9 25 8
23 23 22 24 21 23 22 22
22 23 22 22 21 22 21 23
23 24 23 23 22 23 22 24
24 25 23 26 22 25 23 24
23 25 24 25 24 26 23 26
22 26 21 25 22 24 23 25
27 14 26 15 25 14 26 13
26 14 27 14 27 15 26 15
25 15 24 14 25 13 26 14
25 28 24 27 25 26 26 27
26 28 25 28 25 27 26 27
23 22 22 22 22 21 23 21
24 23 23 24 22 23 23 22
12 15 13 15 13 16 12 16
13 14 14 15 13 16 12 15
12 22 11 23 12 24 13 23
12 23 11 23 11 22 12 22
13 24 13 23 12 23 12 24
13 22 12 23 13 24 14 23
11 27 10 26 11 25 12 26
13 13 14 12 15 13 14 14
12 14 13 14 13 13 12 13
11 15 12 14 13 15 12 16
11 14 12 14 12 15 11 15
10 15 11 14 12 15 11 16
10 16 10 15 11 15 11 16
10 14 9 15 10 16 11 15
9 14 10 14 10 15 9 15
14 9 15 9 15 10 14 10
15 26 15 27 14 27 14 26
14 28 13 27 14 26 15 27
13 28 13 27 14 27 14 28
10 13 11 12 12 13 11 14
11 13 11 14 10 14 10 13
10 12 11 13 10 14 9 13
9 12 10 12 10 13 9 13
8 13 9 12 10 13 9 14
8 14 8 13 9 13 9 14
12 25 11 25 11 24 12 24
10 23 11 22 12 23 11 24
10 24 10 23 11 23 11 24
12 12 12 13 11 13 11 12
28 11 27 12 26 11 27 10
27 13 26 13 26 12 27 12
28 14 27 15 26 14 27 13
11 11 11 12 10 12 10 11
19 26 18 25 19 24 20 25
18 26 18 25 19 25 19 26
17 25 18 24 19 25 18 26
17 24 18 24 18 25 17 25
16 23 17 22 18 23 17 24
17 23 17 24 16 24 16 23
18 22 19 23 18 24 17 23
17 21 17 22 18 22 18 21
16 20 16 21 17 21 17 20
19 10 19 11 18 11 18 10
20 11 19 12 18 11 19 10
20 12 19 12 19 11 20 11
21 13 21 12 20 12 20 13
18 20 17 21 18 22 19 21
17 11 18 10 19 11 18 12
17 12 17 11 18 11 18 12
27 11 27 10 26 10 26 11
28 12 27 13 26 12 27 11
17 26 16 25 17 24 18 25
16 26 16 25 17 25 17 26
15 25 16 24 17 25 16 26
15 24 16 24 16 25 15 25
14 25 15 24 16 25 15 26
13 26 12 25 13 24 14 25
13 25 14 25 14 26 13 26
14 24 15 25 14 26 13 25
15 23 15 24 14 24 14 23
16 22 17 23 16 24 15 23
15 21 16 20 17 21 16 22
15 22 15 21 16 21 16 22
14 21 15 20 16 21 15 22
13 21 14 21 14 22 13 22
14 20 15 21 14 22 13 21
15 19 15 20 14 20 14 19
13 19 14 20 15 19 14 18
12 19 12 18 13 18 13 19
13 20 12 19 13 18 14 19
12 21 13 20 14 21 13 22
12 20 13 20 13 21 12 21
11 19 12 18 13 19 12 20
11 20 11 19 12 19 12 20
10 21 11 20 12 21 11 22
10 22 10 21 11 21 11 22
9 23 10 22 11 23 10 24
9 22 10 22 10 23 9 23
16 16 15 16 15 15 16 15
22 11 21 12 20 11 21 10
23 12 22 11 23 10 24 11
23 13 23 12 24 12 24 13
22 12 23 13 22 14 21 13
21 11 21 12 22 12 22 11
20 10 20 11 21 11 21 10
22 10 21 11 20 10 21 9
23 11 23 10 22 10 22 11
22 9 22 10 21 10 21 9
23 8 24 9 23 10 22 9
22 8 23 8 23 9 22 9
24 22 24 23 23 23 23 22
22 13 23 13 23 14 22 14
21 14 20 13 21 12 22 13
22 15 22 14 21 14 21 15
23 16 23 15 22 15 22 16
22 17 21 16 22 15 23 16
22 18 22 17 23 17 23 18
21 17 22 16 23 17 22 18
12 27 12 26 13 26 13 27
28 13 28 14 27 14 27 13
9 17 11 17 11 19 9 19
10 18 9 17 10 16 11 17
10 20 9 19 10 18 11 19
9 21 10 20 11 21 10 22
9 20 10 20 10 21 9 21
8 21 9 20 10 21 9 22
8 22 8 21 9 21 9 22
17 13 15 15 16 16 18 14
17 14 15 14 15 13 17 13
16 13 17 12 18 13 17 14
17 16 16 15 17 14 18 15
15 18 17 16 19 18 17 20
22 19 21 20 19 18 20 17
23 20 23 19 22 19 22 20
24 21 23 22 22 21 23 20
25 21 24 21 24 20 25 20
25 23 24 22 25 21 26 22
25 25 24 25 24 23 25 23
24 24 25 25 24 26 23 25
24 17 24 15 25 15 25 17
26 19 25 20 23 18 24 17
27 25 27 26 25 26 25 25
28 26 26 28 25 27 27 25
25 19 23 17 25 15 27 17
26 20 25 21 24 20 25 19
27 19 27 20 26 20 26 19
29 17 27 19 25 17 27 15
29 19 27 19 27 17 29 17
25 18 25 19 23 19 23 18
25 16 24 17 23 16 24 15
13 10 11 12 10 11 12 9
14 11 13 10 14 9 15 10
13 11 13 10 14 10 14 11
12 10 13 11 12 12 11 11
13 9 13 10 12 10 12 9
14 8 15 9 14 10 13 9
13 8 14 8 14 9 13 9
15 11 14 12 13 11 14 10
15 12 14 12 14 11 15 11
14 13 15 12 16 13 15 14
13 12 13 13 14 13 14 12
12 11 12 12 13 12 13 11
11 10 11 11 12 11 12 10
17 15 18 15 18 14 17 14
16 9 18 11 17 12 15 10
18 18 19 18 19 20 18 20
21 19 20 20 18 18 19 17
21 18 22 18 22 19 21 19
20 18 20 17 21 17 21 18
17 18 18 18 18 16 17 16
17 19 15 19 15 18 17 18
16 18 17 19 16 20 15 19
17 17 16 18 15 17 16 16
17 10 17 11 15 11 15 10
20 19 21 19 21 20 20 20
8 19 11 16 12 17 9 20
8 20 8 19 9 19 9 20
7 21 8 20 9 21 8 22
7 20 8 20 8 21 7 21
30 23 27 26 24 23 27 20
30 21 30 23 25 23 25 21
29 20 30 21 25 26 24 25
29 25 27 25 27 20 29 20
32 22 29 25 26 22 29 19
32 24 26 24 26 22 32 22
31 25 26 20 27 19 32 24
30 19 29 20 25 16 26 15
30 20 29 20 29 19 30 19
