best-score: 744587
count: 8
elapsed-time: 4.821
128
26 19 25 18 26 17 27 18
25 19 26 19 26 20 25 20
29 18 28 19 27 18 28 17
29 19 28 19 28 18 29 18
29 17 28 18 29 19 30 18
30 17 30 18 29 18 29 17
27 17 27 18 28 18 28 17
29 16 29 17 28 17 28 16
20 12 19 12 19 11 20 11
11 22 10 21 11 20 12 21
11 12 12 13 11 14 10 13
11 21 11 22 10 22 10 21
12 20 12 21 11 21 11 20
20 13 19 12 20 11 21 12
21 13 20 13 20 12 21 12
22 14 22 13 21 13 21 14
22 15 21 14 22 13 23 14
23 15 22 15 22 14 23 14
23 13 22 14 23 15 24 14
24 13 24 14 23 14 23 13
23 27 24 27 24 28 23 28
24 18 24 16 25 16 25 18
26 16 27 17 25 19 24 18
27 16 27 17 26 17 26 16
28 15 29 16 28 17 27 16
27 15 28 15 28 16 27 16
29 13 30 14 28 16 27 15
30 13 30 14 29 14 29 13
28 13 29 14 30 13 29 12
28 12 29 12 29 13 28 13
29 11 30 12 29 13 28 12
30 11 30 12 29 12 29 11
28 11 29 12 30 11 29 10
28 10 29 10 29 11 28 11
26 15 27 16 26 17 25 16
25 15 26 15 26 16 25 16
26 14 27 15 26 16 25 15
27 14 27 15 26 15 26 14
25 12 27 14 26 15 24 13
23 18 25 20 23 22 21 20
16 23 16 25 18 25 18 23
17 24 16 25 15 24 16 23
19 24 18 25 17 24 18 23
17 26 19 26 19 24 17 24
18 27 17 26 18 25 19 26
16 12 18 10 19 11 17 13
16 13 16 12 17 12 17 13
13 12 15 14 16 13 14 11
13 14 11 14 11 12 13 12
15 15 15 14 13 14 13 15
16 16 15 15 17 13 18 14
19 15 18 14 20 12 21 13
24 22 26 24 28 22 26 20
26 22 26 24 24 24 24 22
28 20 28 22 26 22 26 20
30 29 28 29 28 28 30 28
12 18 12 17 10 17 10 18
14 18 14 20 12 20 12 18
12 16 14 18 12 20 10 18
12 11 12 13 10 13 10 11
11 10 12 11 11 12 10 11
11 30 11 28 12 28 12 30
14 23 14 21 12 21 12 23
13 26 12 25 14 23 15 24
24 11 22 13 21 12 23 10
25 30 23 28 24 27 26 29
23 20 20 17 22 15 25 18
24 20 23 20 23 18 24 18
22 22 24 20 26 22 24 24
22 20 23 20 23 22 22 22
23 17 21 19 22 20 24 18
22 16 23 15 24 16 23 17
19 16 19 15 22 15 22 16
18 15 20 13 21 14 19 16
19 14 19 15 18 15 18 14
25 11 28 11 28 12 25 12
31 23 29 25 26 22 28 20
25 32 23 30 26 27 28 29
23 32 23 30 25 30 25 32
16 19 19 16 20 17 17 20
19 19 16 19 16 16 19 16
20 20 19 19 20 18 21 19
20 19 21 19 21 20 20 20
17 22 20 19 21 20 18 23
15 20 17 22 16 23 14 21
13 16 12 17 15 20 16 19
12 15 12 16 13 16 13 15
9 16 10 17 12 15 11 14
17 21 14 18 16 16 19 19
15 21 15 20 17 20 17 21
16 28 12 28 12 25 16 25
14 31 11 28 13 26 16 29
14 15 13 16 12 15 13 14
17 17 17 13 20 13 20 17
22 10 22 13 23 13 23 10
24 8 28 12 26 14 22 10
25 8 25 11 24 11 24 8
27 25 24 28 23 27 26 24
27 26 27 25 29 25 29 26
22 23 26 27 27 26 23 22
18 22 18 23 22 23 22 22
20 24 18 22 20 20 22 22
19 31 16 28 20 24 23 27
21 9 22 10 20 12 19 11
13 22 13 26 11 26 11 22
13 19 16 19 16 22 13 22
17 23 16 22 17 21 18 22
19 20 20 20 20 24 19 24
13 20 12 21 13 22 14 21
18 21 18 22 17 22 17 21
23 25 23 27 18 27 18 25
27 29 23 25 24 24 28 28
21 34 16 29 18 27 23 32
23 29 23 30 16 30 16 29
18 34 12 28 17 23 23 29
12 31 11 30 16 25 17 26
14 30 14 31 12 31 12 30
14 12 16 10 22 16 20 18
13 11 13 12 14 12 14 11
12 10 12 11 13 11 13 10
7 13 10 10 15 15 12 18
7 17 7 13 10 13 10 17
6 18 7 17 11 21 10 22
6 21 6 18 10 18 10 21
7 20 12 25 11 26 6 21
6 16 7 17 13 11 12 10
14 28 22 20 24 22 16 30
27 27 27 29 26 29 26 27
