best-score: 670931
count: 4
elapsed-time: 4.905
200
37 23 36 24 35 23 36 22
36 23 36 22 37 22 37 23
35 24 36 24 36 23 35 23
13 24 12 24 12 23 13 23
13 22 12 23 13 24 14 23
14 22 14 23 13 23 13 22
38 20 37 20 37 19 38 19
36 20 37 21 38 20 37 19
36 21 36 20 37 20 37 21
35 22 36 21 37 22 36 23
35 21 36 21 36 22 35 22
30 18 31 17 32 18 31 19
17 33 16 34 15 33 16 32
16 33 17 33 17 34 16 34
15 32 15 33 16 33 16 32
17 32 16 33 15 32 16 31
15 24 14 23 15 22 16 23
27 36 28 35 29 36 28 37
33 37 34 37 34 38 33 38
20 21 20 22 19 22 19 21
18 18 19 18 19 17 18 17
18 16 17 17 18 18 19 17
17 16 18 16 18 17 17 17
23 30 22 31 23 32 24 31
18 26 18 25 17 25 17 26
19 13 20 14 21 13 20 12
28 27 28 28 27 28 27 27
17 31 17 32 16 32 16 31
26 22 25 22 25 20 26 20
26 23 26 22 28 22 28 23
24 24 26 24 26 23 24 23
26 26 25 27 23 25 24 24
28 24 29 25 27 27 26 26
28 25 26 25 26 24 28 24
30 23 28 25 26 23 28 21
30 24 28 24 28 23 30 23
31 25 30 26 29 25 30 24
23 28 23 30 25 30 25 28
21 28 22 29 23 28 22 27
22 28 21 28 21 27 22 27
33 22 35 22 35 23 33 23
33 19 35 21 33 23 31 21
33 21 31 21 31 19 33 19
13 26 15 28 14 29 12 27
14 24 14 26 13 26 13 24
15 23 15 24 14 24 14 23
16 22 16 23 15 23 15 22
15 21 16 22 15 23 14 22
14 21 15 21 15 22 14 22
16 19 17 20 15 22 14 21
15 18 17 16 18 17 16 19
10 26 12 24 14 26 12 28
35 18 36 17 38 19 37 20
34 16 32 14 34 12 36 14
35 17 33 19 32 18 34 16
36 16 38 18 37 19 35 17
35 16 36 16 36 17 35 17
38 15 36 17 35 16 37 14
37 16 36 16 36 14 37 14
36 35 36 33 37 33 37 35
33 34 35 36 36 35 34 33
24 22 26 24 28 22 26 20
22 20 24 22 22 24 20 22
22 18 21 19 22 20 23 19
21 15 20 16 22 18 23 17
19 15 19 13 21 13 21 15
17 15 18 16 19 15 18 14
18 15 17 15 17 14 18 14
16 15 17 16 18 15 17 14
16 16 16 15 17 15 17 16
29 27 29 25 28 25 28 27
30 25 28 27 26 25 28 23
31 26 31 25 30 25 30 26
30 19 28 21 27 20 29 18
31 18 31 19 30 19 30 18
32 17 32 18 31 18 31 17
30 15 32 17 31 18 29 16
30 16 29 16 29 15 30 15
31 13 29 15 30 16 32 14
31 11 30 12 31 13 32 12
33 14 32 14 32 12 33 12
33 16 35 18 34 19 32 17
34 14 34 16 33 16 33 14
36 12 36 14 34 14 34 12
34 10 36 12 34 14 32 12
33 10 34 10 34 12 33 12
14 31 13 31 13 29 14 29
16 26 14 24 15 23 17 25
18 19 17 20 19 22 20 21
16 18 16 19 18 19 18 18
15 16 15 18 16 18 16 16
13 14 14 13 16 15 15 16
19 16 18 16 18 15 19 15
20 17 20 16 19 16 19 17
21 18 21 19 19 19 19 18
20 19 19 18 20 17 21 18
18 21 19 21 19 19 18 19
20 26 21 27 23 25 22 24
25 18 27 20 25 22 23 20
25 17 27 17 27 18 25 18
26 18 25 17 26 16 27 17
25 26 27 28 25 30 23 28
23 24 24 23 26 25 25 26
24 25 24 24 23 24 23 25
22 19 23 19 23 20 22 20
21 22 20 21 22 19 23 20
19 24 21 22 22 23 20 25
17 24 18 25 19 24 18 23
17 22 19 22 19 24 17 24
16 20 16 22 17 22 17 20
17 21 16 20 18 18 19 19
15 25 15 24 17 24 17 25
15 17 16 18 17 17 16 16
19 28 17 30 15 28 17 26
20 23 20 25 18 25 18 23
21 23 20 23 20 22 21 22
21 24 21 23 22 23 22 24
18 12 20 12 20 14 18 14
17 13 18 12 19 13 18 14
27 34 29 34 29 36 27 36
28 33 29 34 28 35 27 34
29 20 29 18 27 18 27 20
22 22 24 22 24 23 22 23
24 20 26 22 24 24 22 22
24 18 25 18 25 20 24 20
24 16 23 17 24 18 25 17
22 16 24 16 24 18 22 18
22 33 24 33 24 31 22 31
23 34 22 33 23 32 24 33
22 37 21 36 23 34 24 35
20 37 22 37 22 38 20 38
25 19 24 20 23 19 24 18
27 19 26 20 25 19 26 18
24 15 26 15 26 16 24 16
22 14 22 16 20 16 20 14
21 20 21 22 22 22 22 20
25 25 26 25 26 26 25 26
22 26 22 27 25 27 25 26
22 17 24 15 27 18 25 20
15 27 15 28 12 28 12 27
15 31 13 29 15 27 17 29
14 32 15 32 15 31 14 31
13 35 12 34 14 32 15 33
13 38 13 35 15 35 15 38
16 41 13 38 17 34 20 37
12 37 12 34 16 34 16 37
36 34 37 35 34 38 33 37
27 13 31 13 31 17 27 17
25 11 27 13 24 16 22 14
34 21 33 22 30 19 31 18
35 19 35 21 34 21 34 19
37 18 37 19 35 19 35 18
38 16 38 18 37 18 37 16
34 23 31 26 30 25 33 22
29 19 31 21 28 24 26 22
28 16 27 17 29 19 30 18
16 29 14 29 14 26 16 26
16 30 16 29 17 29 17 30
15 30 16 30 16 31 15 31
13 30 14 31 15 30 14 29
19 39 15 35 16 34 20 38
31 22 28 22 28 21 31 21
24 37 28 37 28 35 24 35
30 11 33 14 29 18 26 15
31 12 31 11 30 11 30 12
30 33 29 34 33 38 34 37
30 35 28 35 28 33 30 33
30 37 30 35 33 35 33 37
28 38 30 38 30 37 28 37
15 13 15 16 14 16 14 13
14 14 15 13 17 15 16 16
10 29 10 26 13 26 13 29
19 27 19 24 21 24 21 27
19 25 18 26 19 27 20 26
20 24 19 25 16 22 17 21
27 32 27 34 23 34 23 32
26 33 24 31 25 30 27 32
25 36 24 35 26 33 27 34
18 32 17 31 21 27 22 28
18 33 17 33 17 32 18 32
22 34 22 33 18 33 18 34
23 37 23 34 22 34 22 37
19 33 23 37 22 38 18 34
22 25 22 26 20 26 20 25
22 30 25 27 33 35 30 38
20 32 17 29 19 27 22 30
23 11 23 17 25 17 25 11
33 30 30 33 25 28 28 25
29 30 33 30 33 34 29 34
30 29 29 30 27 28 28 27
34 29 34 33 30 33 30 29
37 32 36 33 33 30 34 29
38 29 38 32 37 32 37 29
34 25 38 29 34 33 30 29
40 30 38 32 31 25 33 23
21 33 22 34 28 28 27 27
30 31 28 33 27 32 29 30
26 29 26 26 30 26 30 29
24 38 23 37 36 24 37 25
23 38 23 37 24 37 24 38
