best-score: 662923
count: 5
elapsed-time: 4.915
124
32 25 33 26 32 27 31 26
15 16 15 14 16 14 16 16
37 16 35 18 37 20 39 18
33 25 33 26 35 26 35 25
21 43 19 41 20 40 22 42
21 24 22 25 20 27 19 26
41 18 41 19 39 19 39 18
28 19 27 19 27 17 28 17
34 24 34 23 32 23 32 24
33 23 34 24 33 25 32 24
19 33 20 34 18 36 17 35
41 40 40 39 42 37 43 38
16 24 16 25 14 25 14 24
16 26 18 28 16 30 14 28
18 26 16 26 16 25 18 25
19 28 19 26 18 26 18 28
26 18 27 19 25 21 24 20
25 23 26 23 26 25 25 25
19 42 15 42 15 41 19 41
36 16 37 16 37 20 36 20
41 24 38 27 34 23 37 20
25 34 25 38 22 38 22 34
23 36 25 34 27 36 25 38
23 37 23 36 27 36 27 37
26 42 22 38 23 37 27 41
22 41 22 42 26 42 26 41
18 45 15 42 19 38 22 41
22 27 22 25 25 25 25 27
36 32 39 29 42 32 39 35
34 29 34 32 36 32 36 29
39 38 39 35 43 35 43 38
34 18 31 21 33 23 36 20
30 34 33 31 34 32 31 35
29 35 26 32 27 31 30 34
29 37 29 35 31 35 31 37
29 41 27 41 27 37 29 37
44 44 41 44 41 40 44 40
24 31 23 32 19 28 20 27
27 33 27 31 24 31 24 33
16 19 17 19 17 16 16 16
17 21 19 23 16 26 14 24
21 21 17 21 17 19 21 19
21 23 21 21 25 21 25 23
19 21 21 23 18 26 16 24
19 17 17 19 19 21 21 19
17 33 17 35 14 35 14 33
34 27 38 27 38 28 34 28
37 28 36 29 34 27 35 26
27 20 24 20 24 19 27 19
24 17 25 16 28 19 27 20
19 24 19 23 21 23 21 24
23 20 26 23 22 27 19 24
19 36 18 36 18 33 19 33
20 37 19 36 23 32 24 33
23 40 23 37 20 37 20 40
19 19 16 16 18 14 21 17
23 27 19 23 21 21 25 25
26 35 26 32 29 32 29 35
29 39 27 37 29 35 31 37
22 48 15 41 22 34 29 41
19 48 19 42 22 42 22 48
11 40 18 33 26 41 19 48
42 33 37 28 38 27 43 32
35 33 42 33 42 37 35 37
35 31 34 32 35 33 36 32
33 33 35 33 35 31 33 31
33 36 27 36 27 33 33 33
38 36 38 38 33 38 33 36
34 40 31 37 35 33 38 36
33 40 34 40 34 44 33 44
25 40 25 38 33 38 33 40
34 17 35 18 27 26 26 25
35 17 35 18 34 18 34 17
38 20 35 17 36 16 39 19
39 21 35 25 34 24 38 20
36 21 39 21 39 29 36 29
31 20 31 21 36 21 36 20
32 28 35 25 38 28 35 31
32 29 32 28 34 28 34 29
36 33 33 36 29 32 32 29
15 35 20 40 22 38 17 33
43 41 38 36 39 35 44 40
34 45 33 44 39 38 40 39
41 45 34 45 34 44 41 44
31 31 33 31 33 26 31 26
28 22 25 25 31 31 34 28
18 21 21 24 28 17 25 14
12 23 14 25 18 21 16 19
12 24 12 23 14 23 14 24
26 27 26 25 32 25 32 27
25 32 26 32 26 27 25 27
30 25 24 31 25 32 31 26
17 28 18 28 18 33 17 33
16 27 18 25 19 26 17 28
20 30 20 27 16 27 16 30
22 30 22 34 20 34 20 30
50 29 42 37 34 29 42 21
43 33 43 32 42 32 42 33
49 39 44 44 38 38 43 33
22 15 24 17 16 25 14 23
11 30 16 25 19 28 14 33
32 46 27 41 29 39 34 44
26 33 25 34 24 33 25 32
28 35 26 33 32 27 34 29
32 41 27 36 28 35 33 40
29 46 32 46 32 41 29 41
28 47 22 41 23 40 29 46
32 18 32 23 26 23 26 18
18 16 18 14 25 14 25 16
27 21 31 21 31 26 27 26
23 17 27 21 25 23 21 19
23 19 23 17 24 17 24 19
31 17 32 18 28 22 27 21
25 46 14 35 22 27 33 38
23 46 23 40 25 40 25 46
31 54 23 46 33 36 41 44
50 24 50 29 41 29 41 24
51 25 43 33 42 32 50 24
51 40 44 40 44 25 51 25
39 47 29 37 31 35 41 45
38 47 38 38 39 38 39 47
9 24 17 16 26 25 18 33
16 40 11 40 11 30 16 30
35 54 31 54 31 37 35 37
