best-score: 594919
count: 6
elapsed-time: 4.691
111
22 17 23 17 23 18 22 18
21 20 20 20 20 19 21 19
38 35 37 36 36 35 37 34
34 24 33 24 33 23 34 23
22 20 21 21 20 20 21 19
22 21 21 21 21 20 22 20
36 34 36 35 35 35 35 34
19 41 18 41 18 39 19 39
41 18 39 18 39 17 41 17
39 16 41 18 39 20 37 18
20 16 21 15 23 17 22 18
24 19 22 21 21 20 23 18
21 38 20 38 20 36 21 36
38 24 36 26 37 27 39 25
37 19 37 18 39 18 39 19
31 40 32 40 32 42 31 42
30 37 29 38 31 40 32 39
35 19 33 21 31 19 33 17
36 25 35 26 33 24 34 23
35 25 36 25 36 26 35 26
36 33 35 34 33 32 34 31
37 33 37 34 36 34 36 33
34 19 36 21 34 23 32 21
32 23 32 21 33 21 33 23
17 35 16 36 19 39 20 38
24 39 21 36 24 33 27 36
25 33 27 33 27 36 25 36
24 30 24 33 25 33 25 30
27 27 30 30 27 33 24 30
28 24 26 26 27 27 29 25
26 15 23 18 22 17 25 14
16 33 16 36 20 36 20 33
15 31 15 33 16 33 16 31
16 32 15 33 14 32 15 31
38 27 37 27 37 24 38 24
41 27 41 29 38 29 38 27
42 27 41 27 41 24 42 24
38 20 34 24 33 23 37 19
39 24 39 20 38 20 38 24
37 20 36 21 39 24 40 23
35 20 35 19 37 19 37 20
39 26 38 27 36 25 37 24
44 27 42 29 39 26 41 24
44 29 42 29 42 27 44 27
38 39 36 39 36 35 38 35
37 38 38 39 37 40 36 39
36 40 36 39 32 39 32 40
24 15 24 19 21 19 21 15
43 23 42 24 38 20 39 19
32 22 33 23 30 26 29 25
36 17 36 21 33 21 33 17
36 16 39 16 39 17 36 17
38 14 41 17 39 19 36 16
29 26 30 26 30 30 29 30
30 27 29 26 32 23 33 24
26 25 29 25 29 26 26 26
25 17 23 17 23 14 25 14
27 49 19 41 27 33 35 41
22 27 22 21 27 21 27 27
19 36 16 33 22 27 25 30
20 39 18 37 19 36 21 38
21 44 18 41 20 39 23 42
29 44 21 44 21 38 29 38
13 34 16 31 21 36 18 39
41 37 41 29 42 29 42 37
40 38 36 34 37 33 41 37
40 40 37 40 37 38 40 38
41 41 40 42 39 41 40 40
39 37 39 41 41 41 41 37
29 43 22 36 25 33 32 40
17 12 22 17 20 19 15 14
19 38 20 38 20 39 19 39
40 35 37 38 29 30 32 27
38 32 38 35 40 35 40 32
33 29 33 32 38 32 38 29
28 29 28 24 33 24 33 29
27 30 28 29 29 30 28 31
18 27 24 33 27 30 21 24
29 36 37 36 37 38 29 38
22 29 26 25 33 32 29 36
22 31 22 29 28 29 28 31
21 31 22 31 22 36 21 36
16 26 21 21 26 26 21 31
20 31 20 26 16 26 16 31
13 24 15 22 22 29 20 31
13 25 13 24 21 24 21 25
34 28 33 29 37 33 38 32
33 27 35 25 36 26 34 28
36 23 32 27 24 19 28 15
40 21 40 23 36 23 36 21
29 46 21 38 28 31 36 39
31 29 36 34 35 35 30 30
25 23 27 21 33 27 31 29
29 20 35 20 35 25 29 25
29 33 27 33 27 30 29 30
26 30 30 26 33 29 29 33
22 26 26 30 20 36 16 32
24 22 21 25 22 26 25 23
27 19 24 22 22 20 25 17
31 21 31 19 27 19 27 21
25 26 26 26 26 30 25 30
18 29 18 27 22 27 22 29
43 32 43 23 40 23 40 32
45 34 42 37 40 35 43 32
45 36 37 36 37 34 45 34
15 30 15 22 24 22 24 30
26 24 26 15 28 15 28 24
39 30 39 37 30 37 30 30
40 31 37 34 36 33 39 30
47 34 45 36 40 31 42 29
41 26 42 27 39 30 38 29
