best-score: 738993
count: 5
elapsed-time: 4.813
183
16 11 17 11 17 12 16 12
16 17 17 16 18 17 17 18
11 12 12 12 12 13 11 13
10 13 11 12 12 13 11 14
10 14 10 13 11 13 11 14
12 14 11 15 10 14 11 13
13 14 12 14 12 13 13 13
14 13 13 14 12 13 13 12
12 15 11 15 11 14 12 14
11 16 10 15 11 14 12 15
10 16 10 15 11 15 11 16
12 16 11 17 10 16 11 15
13 16 12 16 12 15 13 15
14 15 13 16 12 15 13 14
19 14 20 15 19 16 18 15
19 9 20 10 19 11 18 10
14 14 13 15 12 14 13 13
15 13 15 14 14 14 14 13
14 12 13 13 12 12 13 11
15 11 16 12 15 13 14 12
12 11 13 11 13 12 12 12
24 16 23 15 24 14 25 15
24 15 25 15 25 16 24 16
25 14 26 15 25 16 24 15
26 14 26 15 25 15 25 14
26 28 25 27 26 26 27 27
27 28 27 29 26 29 26 28
27 30 26 29 27 28 28 29
25 28 25 27 26 27 26 28
25 29 24 29 24 28 25 28
26 30 25 29 26 28 27 29
25 30 25 29 26 29 26 30
27 26 27 27 26 27 26 26
28 27 27 28 26 27 27 26
28 28 27 28 27 27 28 27
29 29 28 30 27 29 28 28
29 30 28 30 28 29 29 29
23 14 24 14 24 15 23 15
22 26 22 27 23 27 23 26
21 25 21 26 22 26 22 25
23 25 22 26 21 25 22 24
24 26 24 25 23 25 23 26
23 24 22 25 23 26 24 25
22 23 22 24 23 24 23 23
20 27 21 26 22 27 21 28
21 27 21 28 20 28 20 27
20 26 21 27 20 28 19 27
19 26 20 26 20 27 19 27
18 27 19 26 20 27 19 28
18 28 18 27 19 27 19 28
17 27 18 26 19 27 18 28
17 26 18 26 18 27 17 27
22 28 21 27 22 26 23 27
21 29 22 29 22 28 21 28
19 29 20 30 21 29 20 28
20 29 19 29 19 28 20 28
21 30 20 29 21 28 22 29
18 30 17 29 18 28 19 29
11 29 11 30 10 30 10 29
11 31 10 30 11 29 12 30
12 31 11 31 11 30 12 30
18 29 18 30 17 30 17 29
19 30 18 29 19 28 20 29
19 25 19 26 18 26 18 25
17 25 18 26 19 25 18 24
17 24 18 24 18 25 17 25
16 25 17 24 18 25 17 26
16 26 16 25 17 25 17 26
16 24 15 25 16 26 17 25
20 24 19 25 20 26 21 25
17 9 19 9 19 11 17 11
16 10 17 9 18 10 17 11
15 10 16 10 16 11 15 11
14 9 15 10 13 12 12 11
19 18 17 18 17 16 19 16
20 17 19 18 18 17 19 16
21 17 20 17 20 15 21 15
22 19 22 17 21 17 21 19
16 13 15 14 17 16 18 15
15 12 15 13 16 13 16 12
14 11 14 12 15 12 15 11
13 9 13 11 14 11 14 9
14 8 16 10 15 11 13 9
12 19 12 17 11 17 11 19
12 20 12 19 13 19 13 20
9 21 10 22 12 20 11 19
9 19 10 19 10 21 9 21
9 27 10 26 12 28 11 29
9 18 11 16 12 17 10 19
28 12 30 14 28 16 26 14
30 22 29 22 29 20 30 20
31 28 29 30 28 29 30 27
16 15 16 17 18 17 18 15
11 22 10 21 12 19 13 20
11 24 10 24 10 22 11 22
24 21 25 22 23 24 22 23
26 21 24 21 24 20 26 20
27 22 26 23 25 22 26 21
24 12 24 14 25 14 25 12
21 12 23 14 25 12 23 10
19 10 21 12 19 14 17 12
22 18 24 20 26 18 24 16
20 18 21 19 22 18 21 17
28 23 28 24 26 24 26 23
28 21 27 22 28 23 29 22
27 20 28 19 29 20 28 21
25 23 26 24 24 26 23 25
26 22 26 23 25 23 25 22
28 20 30 22 28 24 26 22
27 19 27 20 28 20 28 19
28 18 27 19 26 18 27 17
26 16 26 18 28 18 28 16
27 21 27 22 26 22 26 21
21 16 23 14 24 15 22 17
20 22 22 24 23 23 21 21
19 24 20 24 20 22 19 22
20 25 19 26 18 25 19 24
21 24 21 25 20 25 20 24
20 23 21 22 22 23 21 24
18 23 19 24 20 23 19 22
19 12 21 12 21 11 19 11
17 14 19 14 19 12 17 12
15 16 17 16 17 14 15 14
20 21 20 22 21 22 21 21
23 20 21 22 20 21 22 19
23 18 24 18 24 20 23 20
21 18 22 19 23 18 22 17
23 21 24 20 26 22 25 23
24 23 24 21 23 21 23 23
25 25 25 23 24 23 24 25
25 24 26 23 28 25 27 26
30 25 30 27 28 27 28 25
21 20 23 20 23 21 21 21
20 16 16 12 17 11 21 15
16 19 17 18 20 21 19 22
15 17 15 19 16 19 16 17
13 17 13 16 15 16 15 17
14 16 13 17 12 16 13 15
14 19 13 20 17 24 18 23
13 18 15 16 16 17 14 19
14 18 14 19 13 19 13 18
12 18 13 19 14 18 13 17
10 18 11 19 12 18 11 17
9 16 9 18 10 18 10 16
13 31 12 30 16 26 17 27
12 24 15 24 15 25 12 25
8 24 10 26 12 24 10 22
8 26 8 24 10 24 10 26
17 23 16 24 12 20 13 19
19 21 20 22 18 24 17 23
20 14 20 10 23 10 23 14
19 15 20 15 20 14 19 14
16 23 17 23 17 24 16 24
25 11 28 11 28 12 25 12
24 17 23 18 26 21 27 20
22 16 22 17 24 17 24 16
22 14 21 15 22 16 23 15
29 26 29 22 27 22 27 26
31 26 30 27 29 26 30 25
29 28 31 28 31 26 29 26
17 8 17 9 14 9 14 8
18 9 16 11 15 10 17 8
16 18 15 19 14 18 15 17
11 27 11 29 17 29 17 27
13 24 12 25 17 30 18 29
13 32 12 31 17 26 18 27
12 32 12 31 13 31 13 32
11 21 19 21 19 22 11 22
19 19 14 14 15 13 20 18
20 19 19 19 19 18 20 18
20 20 20 19 21 19 21 20
22 20 21 21 20 20 21 19
19 20 20 20 20 21 19 21
16 20 16 19 19 19 19 20
13 23 16 23 16 20 13 20
12 22 15 19 16 20 13 23
14 26 12 24 13 23 15 25
15 31 12 28 14 26 17 29
20 12 15 17 14 16 19 11
23 13 22 14 20 12 21 11
25 13 24 14 23 13 24 12
18 20 19 19 20 20 19 21
5 24 10 29 15 24 10 19
