best-score: 1054054
count: 10
elapsed-time: 4.634
143
12 15 13 16 12 17 11 16
12 16 12 15 13 15 13 16
11 17 12 17 12 16 11 16
11 19 10 18 11 17 12 18
12 20 11 21 10 20 11 19
12 19 13 19 13 20 12 20
11 18 11 19 12 19 12 18
10 17 10 18 11 18 11 17
22 13 22 12 23 12 23 13
22 19 21 18 22 17 23 18
23 19 22 19 22 18 23 18
24 18 23 19 22 18 23 17
11 11 11 12 12 12 12 11
11 13 10 12 11 11 12 12
10 13 10 12 11 12 11 13
9 14 8 13 9 12 10 13
8 14 8 13 9 13 9 14
7 15 8 15 8 14 7 14
13 18 12 19 11 18 12 17
10 11 11 12 12 11 11 10
9 11 10 11 10 12 9 12
8 12 7 11 8 10 9 11
7 13 8 12 9 13 8 14
7 12 8 12 8 13 7 13
6 11 7 10 8 11 7 12
6 10 7 10 7 11 6 11
13 17 13 18 12 18 12 17
14 16 13 17 12 16 13 15
20 12 21 13 22 12 21 11
21 12 21 13 20 13 20 12
22 11 22 12 21 12 21 11
24 11 23 12 22 11 23 10
21 17 22 17 22 18 21 18
21 19 20 18 21 17 22 18
20 19 20 18 21 18 21 19
20 11 21 12 22 11 21 10
19 12 20 12 20 11 19 11
21 23 20 23 20 22 21 22
21 14 20 13 21 12 22 13
22 14 21 14 21 13 22 13
21 15 20 14 21 13 22 14
20 15 20 14 21 14 21 15
20 10 20 11 21 11 21 10
8 24 7 23 8 22 9 23
10 10 10 11 11 11 11 10
8 23 8 22 7 22 7 23
9 24 9 23 8 23 8 24
6 13 7 12 8 13 7 14
6 14 6 13 7 13 7 14
8 9 8 10 7 10 7 9
6 9 7 10 8 9 7 8
6 8 7 8 7 9 6 9
5 9 6 8 7 9 6 10
5 10 5 9 6 9 6 10
6 15 7 14 8 15 7 16
6 16 6 15 7 15 7 16
5 15 6 14 7 15 6 16
5 14 6 14 6 15 5 15
9 22 8 23 7 22 8 21
9 21 9 22 8 22 8 21
8 20 9 21 8 22 7 21
9 20 8 20 8 19 9 19
7 20 8 21 9 20 8 19
14 18 13 19 12 18 13 17
14 19 13 19 13 18 14 18
15 18 14 19 13 18 14 17
24 17 24 18 23 18 23 17
15 17 15 18 14 18 14 17
15 20 14 21 13 20 14 19
10 21 10 20 9 20 9 21
15 19 15 18 17 18 17 19
14 20 15 20 15 19 14 19
13 21 12 20 13 19 14 20
13 23 11 23 11 21 13 21
11 25 9 23 11 21 13 23
19 17 17 19 15 17 17 15
21 16 21 17 19 17 19 16
22 15 21 16 20 15 21 14
22 16 21 16 21 15 22 15
23 16 23 17 22 17 22 16
11 22 10 21 12 19 13 20
12 10 14 10 14 11 12 11
11 9 12 10 11 11 10 10
10 9 10 7 11 7 11 9
9 9 10 9 10 10 9 10
8 8 9 9 8 10 7 9
9 8 9 9 8 9 8 8
11 8 10 9 9 8 10 7
13 14 12 15 10 13 11 12
18 17 19 16 21 18 20 19
20 16 21 17 22 16 21 15
23 8 23 10 21 10 21 8
15 21 14 20 15 19 16 20
16 21 15 21 15 20 16 20
18 19 16 21 15 20 17 18
19 19 18 19 18 17 19 17
19 20 19 19 20 19 20 20
22 21 21 22 19 20 20 19
21 21 21 19 22 19 22 21
22 20 21 21 20 20 21 19
12 9 12 10 11 10 11 9
8 7 8 8 7 8 7 7
10 15 10 17 8 17 8 15
9 16 8 15 9 14 10 15
9 18 8 17 9 16 10 17
7 18 7 16 9 16 9 18
6 17 7 16 8 17 7 18
6 19 6 17 8 17 8 19
15 25 13 23 15 21 17 23
22 22 21 23 20 22 21 21
23 21 23 22 22 22 22 21
24 20 23 21 22 20 23 19
11 14 11 16 9 16 9 14
13 13 13 14 11 14 11 13
15 11 13 13 12 12 14 10
10 19 9 19 9 18 10 18
11 20 11 19 10 19 10 20
19 23 16 20 17 19 20 22
17 20 17 23 19 23 19 20
16 14 19 11 20 12 17 15
16 15 13 15 13 14 16 14
15 8 12 11 16 15 19 12
19 8 19 11 15 11 15 8
21 6 23 8 21 10 19 8
20 6 21 6 21 8 20 8
15 16 16 15 18 17 17 18
18 16 18 17 15 17 15 16
18 12 19 12 19 16 18 16
14 15 15 16 14 17 13 16
5 17 6 16 9 19 8 20
5 16 6 16 6 17 5 17
4 15 5 14 6 15 5 16
4 16 4 15 5 15 5 16
16 13 20 13 20 14 16 14
15 12 16 13 14 15 13 14
18 7 14 11 15 12 19 8
17 12 20 15 19 16 16 13
14 12 14 11 15 11 15 12
14 25 14 21 15 21 15 25
12 27 9 24 11 22 14 25
17 7 18 7 18 12 17 12
16 8 17 7 20 10 19 11
13 5 16 8 14 10 11 7
