best-score: 748662
count: 3
elapsed-time: 4.805
262
18 20 19 20 19 21 18 21
18 22 17 21 18 20 19 21
17 22 17 21 18 21 18 22
19 22 18 23 17 22 18 21
21 22 20 23 19 22 20 21
19 31 19 32 18 32 18 31
18 15 17 14 18 13 19 14
18 17 17 16 18 15 19 16
19 17 19 18 18 18 18 17
20 16 20 17 19 17 19 16
19 15 20 14 21 15 20 16
18 16 19 16 19 15 18 15
17 17 18 17 18 16 17 16
17 18 16 18 16 17 17 17
18 19 18 18 17 18 17 19
17 20 18 19 19 20 18 21
16 21 15 20 16 19 17 20
19 23 18 23 18 22 19 22
19 25 18 24 19 23 20 24
19 24 20 24 20 25 19 25
19 26 18 25 19 24 20 25
18 26 18 25 19 25 19 26
20 18 19 19 18 18 19 17
20 19 19 19 19 18 20 18
21 18 20 19 19 18 20 17
22 18 22 19 21 19 21 18
21 17 22 18 21 19 20 18
30 30 30 31 31 31 31 30
32 15 31 16 30 15 31 14
31 15 32 15 32 16 31 16
31 17 30 16 31 15 32 16
30 17 30 16 31 16 31 17
30 13 31 12 32 13 31 14
31 13 31 14 30 14 30 13
32 12 32 13 31 13 31 12
32 14 31 13 32 12 33 13
33 14 32 14 32 13 33 13
30 18 31 17 32 18 31 19
31 20 31 19 32 19 32 20
32 21 31 20 32 19 33 20
33 21 32 21 32 20 33 20
31 21 32 22 33 21 32 20
30 21 30 20 31 20 31 21
23 19 23 20 22 20 22 19
23 17 22 18 23 19 24 18
16 35 15 34 16 33 17 34
15 18 16 17 17 18 16 19
15 19 15 18 16 18 16 19
14 20 15 19 16 20 15 21
14 19 15 19 15 20 14 20
13 18 13 19 14 19 14 18
14 17 15 18 14 19 13 18
15 17 15 18 14 18 14 17
16 16 17 17 16 18 15 17
15 16 16 16 16 17 15 17
14 15 15 16 14 17 13 16
15 23 16 24 15 25 14 24
16 34 16 33 17 33 17 34
15 35 16 35 16 34 15 34
16 15 17 16 16 17 15 16
17 15 17 16 16 16 16 15
18 14 19 15 18 16 17 15
17 13 17 14 18 14 18 13
15 13 16 14 17 13 16 12
15 15 16 16 17 15 16 14
15 14 16 14 16 15 15 15
14 13 14 14 15 14 15 13
13 14 14 13 15 14 14 15
13 15 13 14 14 14 14 15
14 16 13 15 14 14 15 15
13 17 14 17 14 16 13 16
12 18 13 17 14 18 13 19
12 17 13 17 13 18 12 18
12 19 11 18 12 17 13 18
12 20 11 20 11 19 12 19
13 21 12 20 13 19 14 20
31 22 31 21 32 21 32 22
32 23 31 22 32 21 33 22
33 23 32 23 32 22 33 22
21 20 20 21 19 20 20 19
22 21 21 20 22 19 23 20
21 21 21 20 22 20 22 21
20 22 21 22 21 21 20 21
20 20 19 21 20 22 21 21
20 15 19 15 19 14 20 14
21 16 20 17 19 16 20 15
27 28 26 29 25 28 26 27
26 28 27 28 27 29 26 29
25 27 25 28 26 28 26 27
27 27 26 28 25 27 26 26
26 18 25 17 26 16 27 17
27 16 28 16 28 17 27 17
34 30 34 29 35 29 35 30
23 22 22 23 21 22 22 21
10 33 11 32 12 33 11 34
12 15 13 16 12 17 11 16
11 14 12 13 13 14 12 15
11 13 12 13 12 14 11 14
13 13 12 14 11 13 12 12
14 12 15 13 14 14 13 13
13 12 14 12 14 13 13 13
15 12 14 13 13 12 14 11
16 13 16 12 15 12 15 13
13 34 14 33 15 34 14 35
15 11 15 12 14 12 14 11
14 10 15 11 14 12 13 11
13 10 14 10 14 11 13 11
12 11 13 11 13 12 12 12
11 12 12 11 13 12 12 13
12 16 12 15 13 15 13 16
11 17 12 17 12 16 11 16
10 18 11 17 12 18 11 19
10 19 10 18 11 18 11 19
11 15 12 16 13 15 12 14
27 26 27 27 26 27 26 26
20 12 18 14 17 13 19 11
21 14 21 12 20 12 20 14
20 13 21 14 20 15 19 14
16 23 18 23 18 24 16 24
14 25 16 23 18 25 16 27
12 25 12 24 14 24 14 25
12 26 11 26 11 25 12 25
13 25 12 26 11 25 12 24
19 35 17 33 18 32 20 34
20 35 19 35 19 34 20 34
20 33 19 34 20 35 21 34
20 31 19 32 20 33 21 32
19 30 19 31 20 31 20 30
28 22 29 23 31 21 30 20
31 33 31 31 33 31 33 33
32 32 33 33 32 34 31 33
32 30 31 31 32 32 33 31
34 32 34 30 32 30 32 32
34 34 33 33 34 32 35 33
33 18 32 19 30 17 31 16
33 19 32 19 32 18 33 18
31 29 32 29 32 30 31 30
28 28 30 30 31 29 29 27
29 18 31 20 30 21 28 19
29 17 30 17 30 18 29 18
29 15 28 16 29 17 30 16
29 13 28 14 29 15 30 14
30 12 30 13 29 13 29 12
23 34 22 34 22 32 23 32
24 21 24 23 22 23 22 21
25 18 23 20 24 21 26 19
26 17 26 18 25 18 25 17
27 18 26 17 27 16 28 17
27 20 26 19 27 18 28 19
29 20 27 20 27 18 29 18
24 12 24 14 22 14 22 12
22 10 24 12 22 14 20 12
21 10 22 10 22 12 21 12
22 24 20 24 20 23 22 23
24 10 26 12 24 14 22 12
25 10 25 12 24 12 24 10
23 12 25 10 27 12 25 14
23 31 22 32 20 30 21 29
25 29 27 31 25 33 23 31
26 30 26 29 25 29 25 30
15 22 16 21 17 22 16 23
16 22 16 23 15 23 15 22
14 22 15 23 16 22 15 21
14 21 15 21 15 22 14 22
14 23 13 22 14 21 15 22
13 23 13 22 14 22 14 23
12 22 13 21 14 22 13 23
12 21 13 21 13 22 12 22
11 22 12 21 13 22 12 23
11 23 11 22 12 22 12 23
17 29 19 31 18 32 16 30
29 16 29 15 30 15 30 16
29 33 28 32 30 30 31 31
34 17 32 15 33 14 35 16
21 33 21 34 20 34 20 33
21 35 20 34 21 33 22 34
22 35 21 35 21 34 22 34
22 33 21 34 22 35 23 34
22 31 21 32 22 33 23 32
21 31 22 31 22 32 21 32
25 22 24 23 23 22 24 21
24 16 23 17 21 15 22 14
25 16 24 16 24 14 25 14
24 17 25 16 26 17 25 18
23 18 24 18 24 17 23 17
22 15 21 16 23 18 24 17
22 16 21 16 21 15 22 15
25 20 25 22 23 22 23 20
26 14 25 14 25 12 26 12
27 14 27 16 26 16 26 14
28 12 28 14 27 14 27 12
26 10 28 12 26 14 24 12
27 10 27 12 26 12 26 10
23 14 25 12 27 14 25 16
22 13 23 14 22 15 21 14
22 11 21 12 22 13 23 12
29 11 30 12 29 13 28 12
28 11 29 11 29 12 28 12
28 13 27 12 28 11 29 12
35 31 34 32 33 31 34 30
24 19 26 19 26 21 24 21
13 32 13 34 11 34 11 32
13 20 12 21 11 20 12 19
13 26 12 27 11 26 12 25
12 35 14 35 14 33 12 33
15 24 15 23 14 23 14 24
16 25 16 24 15 24 15 25
13 29 12 29 12 27 13 27
12 32 11 31 13 29 14 30
28 27 28 28 27 28 27 27
14 27 18 31 16 33 12 29
15 27 14 27 14 25 15 25
15 30 15 27 16 27 16 30
16 31 14 33 13 32 15 30
14 31 16 31 16 33 14 33
11 30 11 31 14 31 14 30
22 28 21 29 18 26 19 25
22 29 22 28 25 28 25 29
23 30 22 29 24 27 25 28
22 30 23 30 23 31 22 31
26 25 27 26 31 22 30 21
27 25 26 25 26 21 27 21
31 25 29 27 27 25 29 23
35 25 31 25 31 24 35 24
36 26 32 30 31 29 35 25
29 26 28 27 31 30 32 29
32 26 29 26 29 23 32 23
31 27 32 26 35 29 34 30
29 29 31 29 31 27 29 27
29 31 27 31 27 29 29 29
30 33 30 31 29 31 29 33
29 34 25 30 26 29 30 33
28 33 28 34 29 34 29 33
25 32 25 33 28 33 28 32
34 24 32 26 31 25 33 23
30 25 26 21 27 20 31 24
21 28 22 29 21 30 20 29
20 28 21 28 21 29 20 29
18 30 18 31 16 31 16 30
31 34 30 33 34 29 35 30
30 34 30 33 31 33 31 34
29 35 28 34 29 33 30 34
30 35 29 35 29 34 30 34
26 20 27 21 30 18 29 17
17 32 13 32 13 29 17 29
18 33 18 32 17 32 17 33
18 35 17 34 18 33 19 34
34 26 34 29 32 29 32 26
25 31 25 32 23 32 23 31
25 37 22 34 25 31 28 34
28 24 28 22 31 22 31 24
28 26 29 26 29 27 28 27
22 25 24 23 26 25 24 27
22 26 22 25 26 25 26 26
21 26 22 26 22 28 21 28
21 24 20 25 21 26 22 25
25 23 25 27 24 27 24 23
23 21 25 23 22 26 20 24
24 20 23 21 22 20 23 19
26 24 25 23 27 21 28 22
25 25 26 24 27 25 26 26
28 25 28 26 27 26 27 25
