best-score: 629689
count: 4
elapsed-time: 4.524
163
23 21 23 22 24 22 24 21
23 19 22 20 23 21 24 20
22 19 22 18 23 18 23 19
21 20 22 20 22 19 21 19
18 17 19 17 19 16 18 16
20 25 19 26 18 25 19 24
20 14 20 13 19 13 19 14
19 25 18 25 18 24 19 24
20 26 20 25 19 25 19 26
18 32 18 31 19 31 19 32
28 19 29 20 30 19 29 18
28 20 28 19 29 19 29 20
13 33 14 34 15 33 14 32
13 34 13 33 14 33 14 34
14 35 13 34 14 33 15 34
15 35 14 35 14 34 15 34
14 31 15 32 14 33 13 32
13 31 14 31 14 32 13 32
17 34 16 35 15 34 16 33
16 34 17 34 17 35 16 35
16 36 15 35 16 34 17 35
15 36 15 35 16 35 16 36
26 32 27 33 26 34 25 33
21 30 22 30 22 31 21 31
23 30 22 31 21 30 22 29
21 17 22 18 21 19 20 18
21 18 21 17 22 17 22 18
20 19 21 19 21 18 20 18
20 21 19 20 20 19 21 20
23 29 23 30 22 30 22 29
30 18 30 19 29 19 29 18
34 22 35 21 36 22 35 23
35 22 36 22 36 23 35 23
34 21 34 22 35 22 35 21
26 33 26 34 25 34 25 33
27 32 27 33 26 33 26 32
16 32 16 33 15 33 15 32
17 33 16 34 15 33 16 32
32 19 32 21 34 21 34 19
36 19 34 21 32 19 34 17
35 35 34 34 36 32 37 33
34 36 35 36 35 35 34 35
36 38 34 36 35 35 37 37
36 17 36 19 34 19 34 17
34 15 36 17 34 19 32 17
33 15 34 15 34 17 33 17
32 35 32 34 34 34 34 35
22 35 23 34 25 36 24 37
26 21 26 20 24 20 24 21
24 19 26 17 28 19 26 21
23 20 24 20 24 19 23 19
22 21 23 20 24 21 23 22
23 33 21 31 22 30 24 32
26 19 26 17 28 17 28 19
31 16 29 18 28 17 30 15
20 15 22 17 21 18 19 16
21 14 20 15 19 14 20 13
21 15 20 15 20 14 21 14
17 15 19 13 20 14 18 16
20 29 18 31 19 32 21 30
20 31 19 31 19 29 20 29
16 30 18 32 19 31 17 29
15 29 16 30 14 32 13 31
15 31 14 31 14 29 15 29
17 30 18 31 16 33 15 32
17 32 16 32 16 30 17 30
18 33 18 32 17 32 17 33
19 36 17 34 18 33 20 35
28 35 27 36 25 34 26 33
28 36 27 36 27 35 28 35
29 35 28 36 27 35 28 34
30 36 29 35 31 33 32 34
35 33 37 33 37 35 35 35
38 37 38 39 37 39 37 37
23 36 23 34 25 34 25 36
23 28 25 28 25 29 23 29
29 34 29 35 28 35 28 34
27 25 23 29 20 26 24 22
27 28 25 28 25 25 27 25
30 32 30 28 27 28 27 32
33 36 33 32 30 32 30 36
34 37 33 36 34 35 35 36
33 37 33 36 34 36 34 37
24 16 25 15 29 19 28 20
29 31 27 33 28 34 30 32
34 30 31 33 30 32 33 29
19 39 19 36 23 36 23 39
17 26 19 26 19 29 17 29
21 24 21 20 19 20 19 24
24 27 23 28 20 25 21 24
16 28 19 25 20 26 17 29
13 27 15 29 16 28 14 26
16 20 15 19 18 16 19 17
30 29 32 31 29 34 27 32
36 29 36 32 33 32 33 29
35 28 36 29 33 32 32 31
33 14 33 15 30 15 30 14
32 26 30 28 27 25 29 23
24 29 27 32 26 33 23 30
22 38 23 39 27 35 26 34
20 38 20 35 22 35 22 38
26 13 26 17 22 17 22 13
27 14 23 18 22 17 26 13
17 23 18 24 22 20 21 19
22 25 20 25 20 21 22 21
33 20 33 23 29 23 29 20
25 18 25 15 23 15 23 18
25 30 25 33 23 33 23 30
39 22 36 22 36 19 39 19
40 21 39 22 36 19 37 18
17 25 17 26 14 26 14 25
17 18 17 15 20 15 20 18
22 26 22 29 20 29 20 26
34 25 27 25 27 22 34 22
32 27 27 22 29 20 34 25
24 26 24 27 32 27 32 26
30 30 29 31 24 26 25 25
28 29 27 28 34 21 35 22
28 30 25 30 25 29 28 29
31 20 32 21 25 28 24 27
31 18 30 19 31 20 32 19
37 16 37 18 31 18 31 16
38 17 37 18 36 17 37 16
27 23 24 20 30 14 33 17
31 23 25 29 22 26 28 20
31 28 35 28 35 33 31 33
12 23 14 25 19 20 17 18
17 21 14 24 19 29 22 26
12 21 17 21 17 23 12 23
13 20 18 25 17 26 12 21
16 13 16 20 13 20 13 13
15 14 16 13 19 16 18 17
24 25 24 26 22 26 22 25
23 24 26 21 27 22 24 25
21 28 23 28 23 24 21 24
18 27 20 29 21 28 19 26
15 30 14 29 17 26 18 27
18 34 23 34 23 33 18 33
21 37 20 38 17 35 18 34
21 32 24 32 24 37 21 37
20 32 20 31 21 31 21 32
19 35 20 35 20 32 19 32
17 36 19 36 19 35 17 35
16 37 15 36 16 35 17 36
17 37 16 37 16 36 17 36
24 33 23 34 21 32 22 31
20 30 21 31 20 32 19 31
19 33 18 34 17 33 18 32
17 19 20 19 20 21 17 21
15 18 15 19 17 19 17 18
14 14 14 18 15 18 15 14
38 15 38 17 36 17 36 15
37 14 38 15 37 16 36 15
25 22 25 25 24 25 24 22
27 18 27 22 25 22 25 18
29 14 29 18 27 18 27 14
25 10 29 14 26 17 22 13
38 33 37 33 37 18 38 18
37 34 31 28 32 27 38 33
40 37 38 39 35 36 37 34
36 10 39 13 29 23 26 20
34 10 36 10 36 15 34 15
40 33 40 37 38 37 38 33
