best-score: 712241
count: 8
elapsed-time: 4.906
131
14 11 14 12 13 12 13 11
14 13 13 12 14 11 15 12
14 15 13 14 14 13 15 14
12 13 13 14 12 15 11 14
19 26 18 25 19 24 20 25
20 27 19 28 18 27 19 26
19 27 19 26 20 26 20 27
18 28 19 28 19 27 18 27
26 14 27 15 28 14 27 13
14 14 14 13 15 13 15 14
13 13 14 12 15 13 14 14
12 14 13 14 13 13 12 13
11 15 12 15 12 14 11 14
26 26 26 27 25 27 25 26
23 14 22 15 21 14 22 13
22 14 22 13 23 13 23 14
24 14 23 15 22 14 23 13
24 15 23 15 23 14 24 14
23 22 23 21 24 21 24 22
23 20 22 21 23 22 24 21
22 20 23 20 23 21 22 21
18 22 17 23 16 22 17 21
12 26 11 27 10 26 11 25
21 15 22 15 22 14 21 14
13 15 14 15 14 14 13 14
12 16 11 15 12 14 13 15
13 16 12 16 12 15 13 15
10 17 11 18 13 16 12 15
13 27 11 27 11 25 13 25
14 26 13 27 12 26 13 25
28 25 26 27 25 26 27 24
24 23 26 23 26 22 24 22
24 24 26 26 25 27 23 25
16 20 16 22 18 22 18 20
17 19 18 20 17 21 16 20
18 23 20 23 20 25 18 25
19 22 20 23 19 24 18 23
19 16 18 15 20 13 21 14
17 12 17 13 15 13 15 12
30 15 30 13 32 13 32 15
28 17 27 16 29 14 30 15
31 14 32 15 31 16 30 15
31 12 30 13 31 14 32 13
29 12 31 12 31 14 29 14
28 13 29 12 30 13 29 14
27 14 28 14 28 13 27 13
26 15 27 15 27 14 26 14
28 16 28 17 27 17 27 16
29 16 28 16 28 14 29 14
26 16 27 15 28 16 27 17
24 16 24 15 26 15 26 16
13 30 13 31 11 31 11 30
22 11 22 13 20 13 20 11
16 30 16 27 13 27 13 30
16 32 16 30 17 30 17 32
17 34 13 30 16 27 20 31
17 16 17 19 13 19 13 16
19 13 19 16 17 16 17 13
20 12 22 14 21 15 19 13
20 8 18 10 20 12 22 10
9 11 12 14 13 13 10 10
13 22 16 22 16 25 13 25
15 20 18 23 16 25 13 22
15 18 16 18 16 20 15 20
16 17 15 18 13 16 14 15
14 24 11 21 13 19 16 22
12 24 14 24 14 26 12 26
8 20 12 16 16 20 12 24
17 17 16 18 13 15 14 14
30 26 30 23 26 23 26 26
23 10 22 11 26 15 27 14
27 10 27 13 23 13 23 10
28 11 24 15 23 14 27 10
30 11 30 13 28 13 28 11
29 10 30 11 29 12 28 11
22 30 19 27 20 26 23 29
22 27 25 27 25 30 22 30
18 21 21 18 22 19 19 22
16 23 13 20 15 18 18 21
14 25 16 23 18 25 16 27
23 24 19 24 19 22 23 22
22 29 20 27 23 24 25 26
18 19 22 19 22 20 18 20
19 18 18 19 16 17 17 16
21 16 21 18 19 18 19 16
16 13 18 15 17 16 15 14
16 11 15 12 16 13 17 12
16 8 20 8 20 11 16 11
17 9 14 12 13 11 16 8
30 19 26 23 24 21 28 17
31 28 31 31 29 31 29 28
29 26 31 28 27 32 25 30
31 24 29 26 28 25 30 23
27 22 27 24 31 24 31 22
27 33 23 29 25 27 29 31
28 18 24 22 23 21 27 17
30 16 32 18 30 20 28 18
31 19 31 16 30 16 30 19
22 23 23 24 24 23 23 22
20 21 20 23 22 23 22 21
24 25 23 25 23 24 24 24
23 26 20 26 20 25 23 25
21 24 23 26 22 27 20 25
21 22 20 23 21 24 22 23
23 19 22 19 22 15 23 15
12 29 10 29 10 26 12 26
12 31 11 30 12 29 13 30
27 21 27 22 26 22 26 21
31 25 30 26 26 22 27 21
32 17 32 18 28 18 28 17
8 22 8 20 13 20 13 22
27 20 26 21 21 16 22 15
28 19 31 22 30 23 27 20
28 20 28 19 30 19 30 20
28 21 27 21 27 20 28 20
19 21 18 20 23 15 24 16
22 26 18 22 19 21 23 25
20 35 17 32 22 27 25 30
13 35 13 31 20 31 20 35
8 30 11 27 16 32 13 35
8 27 11 27 11 30 8 30
12 23 14 25 10 29 8 27
27 19 27 20 23 20 23 19
27 18 28 18 28 19 27 19
16 14 22 20 23 19 17 13
15 17 16 17 16 14 15 14
11 17 15 17 15 18 11 18
10 15 10 17 11 17 11 15
12 30 22 20 23 21 13 31
17 33 17 32 27 32 27 33
23 27 17 33 16 32 22 26
