best-score: 680073
count: 22
elapsed-time: 4.515
58
21 24 20 24 20 23 21 23
20 25 19 24 20 23 21 24
19 25 19 24 20 24 20 25
18 19 17 20 16 19 17 18
17 21 16 21 16 20 17 20
16 22 15 21 16 20 17 21
15 22 15 21 16 21 16 22
13 21 12 21 12 20 13 20
11 21 12 22 13 21 12 20
22 19 24 19 24 20 22 20
21 18 22 19 20 21 19 20
23 18 21 18 21 17 23 17
23 20 22 19 23 18 24 19
21 9 21 11 20 11 20 9
23 7 24 8 22 10 21 9
19 18 19 20 17 20 17 18
14 23 12 21 13 20 15 22
9 20 10 19 12 21 11 22
18 20 21 23 24 20 21 17
21 15 21 11 24 11 24 15
22 14 24 16 23 17 21 15
23 14 22 14 22 10 23 10
20 17 23 14 24 15 21 18
20 15 21 15 21 17 20 17
27 14 23 18 20 15 24 11
27 17 23 17 23 14 27 14
17 15 20 15 20 13 17 13
15 15 17 15 17 18 15 18
16 14 17 15 16 16 15 15
13 9 12 10 16 14 17 13
15 12 15 9 13 9 13 12
18 15 15 18 12 15 15 12
17 23 20 23 20 21 17 21
18 22 20 24 19 25 17 23
18 25 15 22 16 21 19 24
16 25 16 22 18 22 18 25
11 11 15 15 13 17 9 13
9 9 10 8 12 10 11 11
9 11 8 11 8 9 9 9
11 13 11 11 9 11 9 13
13 7 9 11 11 13 15 9
9 7 13 7 13 9 9 9
8 20 9 20 9 24 8 24
13 19 16 19 16 20 13 20
9 15 13 19 12 20 8 16
18 16 18 19 16 19 16 16
22 12 18 16 17 15 21 11
6 13 8 11 12 15 10 17
6 15 6 13 9 13 9 15
17 25 13 21 18 16 22 20
10 12 10 17 13 17 13 12
8 14 8 16 16 16 16 14
16 5 20 9 10 19 6 15
11 6 20 15 17 18 8 9
7 19 17 9 18 10 8 20
7 17 10 17 10 19 7 19
4 20 7 17 11 21 8 24
4 16 8 16 8 20 4 20
