15
000000000000000000000000000000000000000000000000000000000000000000000000000000000000000000000000000000000
100000000000000000000000000000000000000000000000000000000000000000000000000000000000000000000000000000000
110000000000000000000000000000000000000000000000000000000000000000000000000000000000000000000000000000000
111000000000000000000000000000000000000000000000000000000000000000000000000000000000000000000000000000000
111100000000000000000000000000000000000000000000000000000000000000000000000000000000000000000000000000000
111110000000000000000000000000000000000000000000000000000000000000000000000000000000000000000000000000000
111111000000000000000000000000000000000000000000000000000000000000000000000000000000000000000000000000000
111111100000000000000000000000000000000000000000000000000000000000000000000000000000000000000000000000000
111111110000000000000000000000000000000000000000000000000000000000000000000000000000000000000000000000000
111111111000000000000000000000000000000000000000000000000000000000000000000000000000000000000000000000000
111111111100000000000000000000000000000000000000000000000000000000000000000000000000000000000000000000000
111111111110000000000000000000000000000000000000000000000000000000000000000000000000000000000000000000000
111111111111000000000000000000000000000000000000000000000000000000000000000000000000000000000000000000000
111111111111100000000000000000000000000000000000000000000000000000000000000000000000000000000000000000000
111111111111110000000000000000000000000000000000000000000000000000000000000000000000000000000000000000000
111111111111111000000000000000000000000000000000000000000000000000000000000000000000000000000000000000000
111111111111111100000000000000000000000000000000000000000000000000000000000000000000000000000000000000000
111111111111111110000000000000000000000000000000000000000000000000000000000000000000000000000000000000000
111111111111111111000000000000000000000000000000000000000000000000000000000000000000000000000000000000000
111111111111111111100000000000000000000000000000000000000000000000000000000000000000000000000000000000000
111111111111111111110000000000000000000000000000000000000000000000000000000000000000000000000000000000000
111111111111111111111000000000000000000000000000000000000000000000000000000000000000000000000000000000000
111111111111111111111100000000000000000000000000000000000000000000000000000000000000000000000000000000000
111111111111111111111110000000000000000000000000000000000000000000000000000000000000000000000000000000000
111111111111111111111111000000000000000000000000000000000000000000000000000000000000000000000000000000000
111111111111111111111111100000000000000000000000000000000000000000000000000000000000000000000000000000000
111111111111111111111111110000000000000000000000000000000000000000000000000000000000000000000000000000000
111111111111111111111111111000000000000000000000000000000000000000000000000000000000000000000000000000000
111111111111111111111111111100000000000000000000000000000000000000000000000000000000000000000000000000000
111111111111111111111111111110000000000000000000000000000000000000000000000000000000000000000000000000000
111111111111111111111111111111000000000000000000000000000000000000000000000000000000000000000000000000000
111111111111111111111111111111100000000000000000000000000000000000000000000000000000000000000000000000000
111111111111111111111111111111110000000000000000000000000000000000000000000000000000000000000000000000000
111111111111111111111111111111111000000000000000000000000000000000000000000000000000000000000000000000000
111111111111111111111111111111111100000000000000000000000000000000000000000000000000000000000000000000000
111111111111111111111111111111111110000000000000000000000000000000000000000000000000000000000000000000000
111111111111111111111111111111111111000000000000000000000000000000000000000000000000000000000000000000000
111111111111111111111111111111111111100000000000000000000000000000000000000000000000000000000000000000000
111111111111111111111111111111111111110000000000000000000000000000000000000000000000000000000000000000000
111111111111111111111111111111111111111000000000000000000000000000000000000000000000000000000000000000000
111111111111111111111111111111111111111100000000000000000000000000000000000000000000000000000000000000000
111111111111111111111111111111111111111110000000000000000000000000000000000000000000000000000000000000000
111111111111111111111111111111111111111111000000000000000000000000000000000000000000000000000000000000000
111111111111111111111111111111111111111111100000000000000000000000000000000000000000000000000000000000000
111111111111111111111111111111111111111111110000000000000000000000000000000000000000000000000000000000000
111111111111111111111111111111111111111111111000000000000000000000000000000000000000000000000000000000000
111111111111111111111111111111111111111111111100000000000000000000000000000000000000000000000000000000000
111111111111111111111111111111111111111111111110000000000000000000000000000000000000000000000000000000000
111111111111111111111111111111111111111111111111000000000000000000000000000000000000000000000000000000000
111111111111111111111111111111111111111111111111100000000000000000000000000000000000000000000000000000000
111111111111111111111111111111111111111111111111110000000000000000000000000000000000000000000000000000000
111111111111111111111111111111111111111111111111111000000000000000000000000000000000000000000000000000000
111111111111111111111111111111111111111111111111111100000000000000000000000000000000000000000000000000000
111111111111111111111111111111111111111111111111111110000000000000000000000000000000000000000000000000000
111111111111111111111111111111111111111111111111111111000000000000000000000000000000000000000000000000000
111111111111111111111111111111111111111111111111111111100000000000000000000000000000000000000000000000000
111111111111111111111111111111111111111111111111111111110000000000000000000000000000000000000000000000000
111111111111111111111111111111111111111111111111111111111000000000000000000000000000000000000000000000000
111111111111111111111111111111111111111111111111111111111100000000000000000000000000000000000000000000000
111111111111111111111111111111111111111111111111111111111110000000000000000000000000000000000000000000000
111111111111111111111111111111111111111111111111111111111111000000000000000000000000000000000000000000000
111111111111111111111111111111111111111111111111111111111111100000000000000000000000000000000000000000000
111111111111111111111111111111111111111111111111111111111111110000000000000000000000000000000000000000000
111111111111111111111111111111111111111111111111111111111111111000000000000000000000000000000000000000000
111111111111111111111111111111111111111111111111111111111111111100000000000000000000000000000000000000000
111111111111111111111111111111111111111111111111111111111111111110000000000000000000000000000000000000000
111111111111111111111111111111111111111111111111111111111111111111000000000000000000000000000000000000000
111111111111111111111111111111111111111111111111111111111111111111100000000000000000000000000000000000000
111111111111111111111111111111111111111111111111111111111111111111110000000000000000000000000000000000000
111111111111111111111111111111111111111111111111111111111111111111111000000000000000000000000000000000000
111111111111111111111111111111111111111111111111111111111111111111111100000000000000000000000000000000000
111111111111111111111111111111111111111111111111111111111111111111111110000000000000000000000000000000000
111111111111111111111111111111111111111111111111111111111111111111111111000000000000000000000000000000000
111111111111111111111111111111111111111111111111111111111111111111111111100000000000000000000000000000000
111111111111111111111111111111111111111111111111111111111111111111111111110000000000000000000000000000000
111111111111111111111111111111111111111111111111111111111111111111111111111000000000000000000000000000000
111111111111111111111111111111111111111111111111111111111111111111111111111100000000000000000000000000000
111111111111111111111111111111111111111111111111111111111111111111111111111110000000000000000000000000000
111111111111111111111111111111111111111111111111111111111111111111111111111111000000000000000000000000000
111111111111111111111111111111111111111111111111111111111111111111111111111111100000000000000000000000000
111111111111111111111111111111111111111111111111111111111111111111111111111111110000000000000000000000000
111111111111111111111111111111111111111111111111111111111111111111111111111111111000000000000000000000000
111111111111111111111111111111111111111111111111111111111111111111111111111111111100000000000000000000000
111111111111111111111111111111111111111111111111111111111111111111111111111111111110000000000000000000000
111111111111111111111111111111111111111111111111111111111111111111111111111111111111000000000000000000000
111111111111111111111111111111111111111111111111111111111111111111111111111111111111100000000000000000000
111111111111111111111111111111111111111111111111111111111111111111111111111111111111110000000000000000000
111111111111111111111111111111111111111111111111111111111111111111111111111111111111111000000000000000000
45
41
73
0
12
60
3
44
48
26
18
27
45
70
50
80
2
25
64
21
45
4
23
24
49
80
81
67
65
52
44
12
66
40
16
33
15
61
36
28
47
45
34
29
72
22
41
8
35
70
84
86
4
45
14
67
13
33
17
7
10
15
78
33
61
79
26
52
33
51
26
72
83
66
67
33
53
2
79
53
18
72
24
69
86
65
3
17
43
24
33
19
57
77
85
26
32
61
67
51
