best-score: 722260
count: 3
elapsed-time: 4.864
291
31 32 30 33 29 32 30 31
31 33 30 33 30 32 31 32
30 34 29 33 30 32 31 33
29 34 29 33 30 33 30 34
29 12 30 12 30 11 29 11
30 13 29 12 30 11 31 12
31 13 30 13 30 12 31 12
30 14 29 13 30 12 31 13
30 15 29 15 29 14 30 14
31 16 30 15 31 14 32 15
31 17 31 16 32 16 32 17
31 15 30 16 31 17 32 16
32 14 32 15 31 15 31 14
32 12 31 13 32 14 33 13
14 13 13 14 12 13 13 12
13 13 13 12 14 12 14 13
12 14 13 14 13 13 12 13
12 30 11 29 12 28 13 29
28 33 28 32 29 32 29 33
29 31 29 32 30 32 30 31
28 31 28 30 29 30 29 31
27 32 28 31 29 32 28 33
34 17 33 18 32 17 33 16
28 13 29 13 29 12 28 12
28 11 27 12 28 13 29 12
27 11 28 11 28 12 27 12
28 10 29 11 28 12 27 11
29 10 29 11 28 11 28 10
33 15 33 16 32 16 32 15
12 29 12 28 13 28 13 29
34 26 33 27 32 26 33 25
34 27 33 27 33 26 34 26
33 28 32 27 33 26 34 27
32 28 32 27 33 27 33 28
34 28 33 29 32 28 33 27
34 29 33 29 33 28 34 28
32 25 32 26 33 26 33 25
28 15 27 14 28 13 29 14
27 15 27 14 28 14 28 15
26 14 27 13 28 14 27 15
25 14 25 13 26 13 26 14
26 15 25 14 26 13 27 14
25 16 26 16 26 15 25 15
14 16 14 15 15 15 15 16
13 16 14 16 14 17 13 17
12 15 13 14 14 15 13 16
17 14 16 13 17 12 18 13
31 26 31 27 32 27 32 26
17 13 17 12 18 12 18 13
16 14 17 14 17 13 16 13
14 18 13 19 12 18 13 17
13 18 14 18 14 19 13 19
13 20 12 19 13 18 14 19
12 20 12 19 13 19 13 20
11 20 12 20 12 21 11 21
12 17 13 17 13 18 12 18
34 24 33 25 32 24 33 23
29 29 28 30 27 29 28 28
26 32 25 31 26 30 27 31
26 31 27 31 27 32 26 32
25 30 25 31 26 31 26 30
24 29 25 30 24 31 23 30
25 28 24 29 23 28 24 27
26 29 26 28 25 28 25 29
27 28 26 29 25 28 26 27
28 29 28 28 27 28 27 29
27 30 28 29 29 30 28 31
16 15 17 16 16 17 15 16
15 14 15 15 16 15 16 14
15 12 14 13 15 14 16 13
16 28 17 28 17 29 16 29
17 27 16 28 15 27 16 26
24 12 25 13 24 14 23 13
24 13 23 13 23 12 24 12
25 12 24 13 23 12 24 11
26 11 27 12 26 13 25 12
25 11 26 11 26 12 25 12
26 10 27 11 26 12 25 11
27 10 27 11 26 11 26 10
28 9 29 10 28 11 27 10
27 9 28 9 28 10 27 10
33 24 32 24 32 23 33 23
31 24 32 25 33 24 32 23
31 25 31 24 32 24 32 25
30 26 31 25 32 26 31 27
30 25 31 25 31 26 30 26
13 25 14 24 15 25 14 26
20 12 21 11 22 12 21 13
16 16 17 16 17 17 16 17
15 17 14 16 15 15 16 16
15 18 14 18 14 17 15 17
15 20 14 19 15 18 16 19
15 21 15 20 16 20 16 21
24 15 25 15 25 14 24 14
23 14 24 13 25 14 24 15
22 14 22 13 23 13 23 14
24 30 24 29 25 29 25 30
23 31 24 31 24 30 23 30
22 30 23 31 22 32 21 31
23 29 23 30 22 30 22 29
24 32 23 31 24 30 25 31
25 32 24 32 24 31 25 31
26 33 25 32 26 31 27 32
25 33 25 32 26 32 26 33
25 17 24 16 25 15 26 16
24 17 24 16 25 16 25 17
23 16 24 15 25 16 24 17
15 26 15 25 16 25 16 26
14 27 15 27 15 26 14 26
21 12 22 12 22 13 21 13
22 11 23 12 22 13 21 12
23 11 23 12 22 12 22 11
24 10 25 11 24 12 23 11
25 10 25 11 24 11 24 10
26 9 27 10 26 11 25 10
25 9 26 9 26 10 25 10
26 8 27 9 26 10 25 9
27 8 27 9 26 9 26 8
25 27 24 28 25 29 26 28
26 26 26 27 25 27 25 26
25 25 26 26 25 27 24 26
24 25 25 25 25 26 24 26
23 24 24 25 23 26 22 25
23 25 22 25 22 24 23 24
21 25 22 26 23 25 22 24
21 26 20 26 20 25 21 25
22 27 21 28 20 27 21 26
23 27 22 27 22 26 23 26
22 28 23 27 24 28 23 29
21 27 21 28 22 28 22 27
19 27 20 28 21 27 20 26
19 28 19 27 20 27 20 28
27 27 27 28 26 28 26 27
28 26 27 27 26 26 27 25
17 20 17 19 16 19 16 20
21 30 20 29 21 28 22 29
22 31 22 30 21 30 21 31
23 32 23 31 22 31 22 32
24 33 23 32 24 31 25 32
23 33 23 32 24 32 24 33
24 34 23 33 24 32 25 33
25 34 24 34 24 33 25 33
22 15 21 14 22 13 23 14
22 16 22 15 23 15 23 16
21 15 22 14 23 15 22 16
21 29 21 28 20 28 20 29
17 21 16 20 17 19 18 20
18 21 17 21 17 20 18 20
18 19 17 20 18 21 19 20
17 18 18 17 19 18 18 19
18 18 18 19 17 19 17 18
19 17 19 18 18 18 18 17
18 16 19 17 18 18 17 17
26 24 27 25 28 24 27 23
19 19 19 20 18 20 18 19
19 21 18 20 19 19 20 20
19 22 18 22 18 21 19 21
20 21 21 22 20 23 19 22
20 19 19 20 20 21 21 20
21 19 21 20 20 20 20 19
21 16 22 15 23 16 22 17
21 17 21 16 22 16 22 17
20 18 20 19 19 19 19 18
20 16 19 17 20 18 21 17
20 15 21 15 21 16 20 16
21 24 22 25 21 26 20 25
34 25 33 25 33 24 34 24
20 11 21 11 21 12 20 12
20 13 19 12 20 11 21 12
19 13 19 12 20 12 20 13
18 14 17 13 18 12 19 13
19 14 18 14 18 13 19 13
20 14 20 13 21 13 21 14
19 15 20 15 20 14 19 14
17 15 18 16 19 15 18 14
18 15 18 16 17 16 17 15
19 16 18 15 19 14 20 15
20 17 20 16 19 16 19 17
21 18 20 19 19 18 20 17
15 11 17 13 16 14 14 12
14 11 15 11 15 12 14 12
11 15 12 14 14 16 13 17
11 14 12 14 12 15 11 15
10 27 11 26 13 28 12 29
30 30 29 29 31 27 32 28
31 31 30 32 29 31 30 30
30 29 30 30 29 30 29 29
31 30 30 31 29 30 30 29
32 31 31 30 33 28 34 29
32 32 31 32 31 31 32 31
34 30 32 32 31 31 33 29
13 26 11 26 11 25 13 25
14 25 15 26 14 27 13 26
13 24 13 25 14 25 14 24
29 28 31 26 32 27 30 29
28 27 29 28 28 29 27 28
27 26 27 27 28 27 28 26
29 24 30 25 28 27 27 26
29 26 28 26 28 24 29 24
30 28 30 26 29 26 29 28
32 29 32 28 30 28 30 29
33 31 33 29 32 29 32 31
15 30 13 28 14 27 16 29
33 19 32 20 30 18 31 17
29 23 30 22 32 24 31 25
31 23 31 24 29 24 29 23
31 22 32 22 32 23 31 23
28 23 29 24 31 22 30 21
27 24 28 24 28 23 27 23
26 25 27 25 27 24 26 24
25 24 26 25 25 26 24 25
25 22 26 22 26 24 25 24
24 20 24 22 25 22 25 20
25 21 24 22 23 21 24 20
27 19 28 20 26 22 25 21
28 18 28 19 27 19 27 18
27 17 29 15 30 16 28 18
25 18 27 18 27 17 25 17
14 22 12 20 13 19 15 21
19 31 18 30 20 28 21 29
28 16 28 18 30 18 30 16
18 27 17 28 15 26 16 25
19 26 20 27 19 28 18 27
19 24 18 25 19 26 20 25
19 25 18 25 18 24 19 24
20 24 21 25 20 26 19 25
19 23 19 24 20 24 20 23
17 23 18 24 19 23 18 22
16 23 16 21 17 21 17 23
15 22 16 23 14 25 13 24
14 21 15 20 16 21 15 22
12 22 14 22 14 21 12 21
28 17 27 18 25 16 26 15
13 22 12 21 13 20 14 21
17 25 18 25 18 27 17 27
18 26 17 25 18 24 19 25
18 28 17 27 18 26 19 27
19 30 19 28 18 28 18 30
18 29 19 28 20 29 19 30
17 30 16 29 17 28 18 29
16 24 17 25 16 26 15 25
17 24 17 25 16 25 16 24
18 23 18 24 17 24 17 23
17 22 18 23 17 24 16 23
14 23 16 23 16 24 14 24
26 21 25 20 27 18 28 19
31 21 31 22 30 22 30 21
33 21 32 22 31 21 32 20
31 19 31 21 33 21 33 19
29 19 31 21 30 22 28 20
29 17 31 17 31 19 29 19
23 23 24 22 26 24 25 25
24 24 24 23 23 23 23 24
26 23 25 24 24 23 25 22
27 22 28 23 27 24 26 23
27 21 27 22 26 22 26 21
22 22 20 20 21 19 23 21
21 23 22 22 23 23 22 24
22 23 22 24 21 24 21 23
23 22 24 23 23 24 22 23
22 21 22 22 23 22 23 21
24 19 25 20 23 22 22 21
23 18 24 17 25 18 24 19
22 19 21 18 22 17 23 18
22 20 22 19 24 19 24 20
21 21 22 21 22 20 21 20
20 22 21 22 21 21 20 21
29 20 28 20 28 19 29 19
22 18 22 19 21 19 21 18
23 17 22 18 21 17 22 16
24 18 24 17 23 17 23 18
25 19 25 18 24 18 24 19
27 20 27 19 25 19 25 20
28 21 28 20 27 20 27 21
29 21 29 23 28 23 28 21
30 20 30 21 29 21 29 20
32 18 32 20 30 20 30 18
33 17 33 18 32 18 32 17
34 16 34 17 33 17 33 16
23 19 24 18 25 19 24 20
14 30 14 33 12 33 12 30
16 32 15 33 13 31 14 30
15 32 16 32 16 33 15 33
18 31 16 33 15 32 17 30
17 31 17 30 18 30 18 31
16 30 17 29 18 30 17 31
15 29 15 30 16 30 16 29
14 28 15 29 14 30 13 29
13 27 13 28 14 28 14 27
10 26 12 28 13 27 11 25
11 27 11 26 10 26 10 27
