best-score: 802241
count: 1
elapsed-time: 5.179
453
40 15 39 16 38 15 39 14
40 16 39 16 39 15 40 15
38 16 37 15 38 14 39 15
39 17 39 16 38 16 38 17
37 17 38 18 39 17 38 16
37 18 37 17 38 17 38 18
38 19 37 18 38 17 39 18
40 36 39 37 38 36 39 35
37 14 38 14 38 15 37 15
36 15 37 14 38 15 37 16
36 16 36 15 37 15 37 16
35 15 36 14 37 15 36 16
35 14 36 14 36 15 35 15
35 16 34 15 35 14 36 15
36 17 35 18 34 17 35 16
35 17 35 16 36 16 36 17
36 18 35 17 36 16 37 17
36 19 36 18 37 18 37 19
34 19 35 20 36 19 35 18
36 13 36 14 37 14 37 13
13 16 14 15 15 16 14 17
14 16 14 17 13 17 13 16
15 15 15 16 14 16 14 15
14 14 15 15 14 16 13 15
13 14 14 14 14 15 13 15
15 14 14 15 13 14 14 13
16 14 16 15 15 15 15 14
16 16 15 15 16 14 17 15
17 16 16 16 16 15 17 15
16 17 15 16 16 15 17 16
15 17 15 16 16 16 16 17
14 18 15 18 15 17 14 17
12 18 13 19 14 18 13 17
39 36 38 36 38 35 39 35
38 37 37 36 38 35 39 36
37 37 37 36 38 36 38 37
36 38 35 37 36 36 37 37
36 35 36 36 37 36 37 35
36 37 35 36 36 35 37 36
37 38 37 37 36 37 36 38
39 38 38 39 37 38 38 37
38 38 39 38 39 39 38 39
40 38 39 39 38 38 39 37
13 18 14 17 15 18 14 19
12 17 12 18 13 18 13 17
14 20 14 19 13 19 13 20
12 20 13 21 14 20 13 19
12 21 12 20 13 20 13 21
38 20 37 19 38 18 39 19
39 20 38 20 38 19 39 19
17 17 16 18 15 17 16 16
17 18 16 18 16 17 17 17
16 19 15 18 16 17 17 18
15 19 15 18 16 18 16 19
34 36 35 37 34 38 33 37
34 37 34 36 35 36 35 37
33 38 34 38 34 37 33 37
35 38 34 39 33 38 34 37
35 39 34 39 34 38 35 38
34 16 35 16 35 15 34 15
33 15 34 14 35 15 34 16
33 14 34 14 34 15 33 15
32 14 32 13 33 13 33 14
31 15 32 15 32 14 31 14
31 13 30 14 31 15 32 14
30 13 31 13 31 14 30 14
31 12 32 13 31 14 30 13
32 12 32 13 31 13 31 12
38 31 39 32 38 33 37 32
37 31 38 31 38 32 37 32
37 33 36 32 37 31 38 32
37 34 36 34 36 33 37 33
35 34 36 35 37 34 36 33
34 35 35 35 35 34 34 34
33 36 34 35 35 36 34 37
33 35 34 35 34 36 33 36
32 34 33 33 34 34 33 35
31 35 30 34 31 33 32 34
33 16 32 15 33 14 34 15
33 17 33 16 34 16 34 17
34 18 33 17 34 16 35 17
35 19 35 18 34 18 34 19
36 20 36 19 35 19 35 20
35 21 36 20 37 21 36 22
36 21 36 22 35 22 35 21
36 23 35 22 36 21 37 22
35 24 36 23 37 24 36 25
35 23 36 23 36 24 35 24
37 23 36 24 35 23 36 22
38 23 38 24 37 24 37 23
20 15 19 14 20 13 21 14
21 15 20 15 20 14 21 14
20 16 21 15 22 16 21 17
19 16 19 15 20 15 20 16
20 17 19 16 20 15 21 16
21 18 21 17 20 17 20 18
20 19 19 18 20 17 21 18
19 19 19 18 20 18 20 19
18 19 19 19 19 20 18 20
18 17 17 18 18 19 19 18
18 15 17 16 18 17 19 16
18 14 19 14 19 15 18 15
19 13 20 14 19 15 18 14
18 16 18 17 17 17 17 16
19 17 18 16 19 15 20 16
18 18 19 17 20 18 19 19
17 19 18 19 18 18 17 18
16 20 15 19 16 18 17 19
16 21 16 20 17 20 17 21
15 20 16 19 17 20 16 21
14 21 13 20 14 19 15 20
15 21 14 21 14 20 15 20
14 22 15 21 16 22 15 23
13 22 13 21 14 21 14 22
39 34 38 35 37 34 38 33
21 39 20 39 20 38 21 38
38 34 38 35 37 35 37 34
39 33 39 34 38 34 38 33
40 34 39 35 38 34 39 33
40 35 39 35 39 34 40 34
15 33 14 33 14 32 15 32
32 16 33 16 33 15 32 15
31 17 30 16 31 15 32 16
35 33 34 34 35 35 36 34
22 14 21 15 20 14 21 13
23 15 22 14 23 13 24 14
24 16 23 17 22 16 23 15
24 17 24 16 25 16 25 17
22 39 21 38 22 37 23 38
32 17 33 18 34 17 33 16
31 16 31 17 32 17 32 16
30 15 30 16 31 16 31 15
29 16 30 15 31 16 30 17
29 17 29 16 30 16 30 17
36 31 35 32 36 33 37 32
35 31 36 31 36 32 35 32
34 32 35 31 36 32 35 33
34 33 34 32 35 32 35 33
33 34 34 34 34 33 33 33
32 35 33 35 33 34 32 34
23 14 23 13 22 13 22 14
24 15 24 14 23 14 23 15
25 14 24 15 23 14 24 13
26 14 25 14 25 13 26 13
25 15 24 14 25 13 26 14
26 16 25 17 24 16 25 15
39 30 38 31 37 30 38 29
29 15 28 14 29 13 30 14
29 14 30 14 30 15 29 15
28 13 28 14 29 14 29 13
29 12 30 13 29 14 28 13
30 12 30 13 29 13 29 12
31 11 32 12 31 13 30 12
30 11 31 11 31 12 30 12
38 22 39 23 38 24 37 23
39 22 39 23 38 23 38 22
38 21 39 22 38 23 37 22
37 20 37 21 38 21 38 20
36 30 36 31 37 31 37 30
32 18 33 18 33 17 32 17
22 15 22 16 21 16 21 15
23 16 22 17 21 16 22 15
15 22 15 21 16 21 16 22
14 23 13 22 14 21 15 22
13 23 14 23 14 24 13 24
12 22 13 21 14 22 13 23
12 23 12 22 13 22 13 23
11 22 12 21 13 22 12 23
11 21 12 21 12 22 11 22
16 23 15 22 16 21 17 22
24 38 25 38 25 39 24 39
19 32 20 33 19 34 18 33
24 37 25 38 24 39 23 38
23 37 24 37 24 38 23 38
25 37 24 38 23 37 24 36
35 30 36 29 37 30 36 31
35 29 36 29 36 30 35 30
34 30 35 29 36 30 35 31
34 31 34 30 35 30 35 31
33 32 34 31 35 32 34 33
32 33 31 32 32 31 33 32
31 34 32 34 32 33 31 33
30 35 31 35 31 34 30 34
31 36 30 35 31 34 32 35
32 36 31 36 31 35 32 35
32 37 32 36 33 36 33 37
34 20 35 20 35 21 34 21
33 19 34 18 35 19 34 20
33 20 33 19 34 19 34 20
32 19 33 18 34 19 33 20
21 34 22 34 22 35 21 35
27 14 28 14 28 15 27 15
27 12 26 13 27 14 28 13
28 16 29 16 29 15 28 15
27 17 26 16 27 15 28 16
33 31 33 32 34 32 34 31
32 32 33 31 34 32 33 33
31 31 31 32 32 32 32 31
30 32 31 31 32 32 31 33
29 33 30 33 30 32 29 32
28 34 29 33 30 34 29 35
29 34 29 35 28 35 28 34
29 36 28 35 29 34 30 35
30 36 29 36 29 35 30 35
31 37 30 36 31 35 32 36
31 38 31 37 32 37 32 38
32 39 31 38 32 37 33 38
33 39 32 39 32 38 33 38
34 40 33 39 34 38 35 39
33 40 33 39 34 39 34 40
19 21 18 22 17 21 18 20
19 22 18 22 18 21 19 21
18 23 17 22 18 21 19 22
37 25 36 25 36 24 37 24
36 26 35 25 36 24 37 25
35 26 35 25 36 25 36 26
34 26 35 26 35 27 34 27
33 25 34 24 35 25 34 26
31 25 32 26 33 25 32 24
30 24 30 25 31 25 31 24
29 25 28 24 29 23 30 24
28 25 28 24 29 24 29 25
29 26 28 25 29 24 30 25
30 26 29 26 29 25 30 25
29 27 28 26 29 25 30 26
28 27 28 26 29 26 29 27
29 28 28 27 29 26 30 27
28 28 29 28 29 29 28 29
30 28 29 29 28 28 29 27
31 27 31 28 30 28 30 27
21 20 20 21 19 20 20 19
22 21 21 20 22 19 23 20
25 36 25 37 24 37 24 36
34 23 33 22 34 21 35 22
34 22 35 22 35 23 34 23
33 23 34 22 35 23 34 24
33 24 33 23 34 23 34 24
32 25 33 25 33 24 32 24
32 23 31 24 32 25 33 24
31 23 32 23 32 24 31 24
32 22 33 23 32 24 31 23
23 18 22 19 21 18 22 17
22 18 23 18 23 19 22 19
21 19 20 18 21 17 22 18
22 20 22 19 21 19 21 20
23 21 22 20 23 19 24 20
24 21 23 21 23 20 24 20
26 15 26 16 25 16 25 15
27 16 26 15 27 14 28 15
26 17 27 17 27 16 26 16
25 18 24 17 25 16 26 17
26 18 25 18 25 17 26 17
34 28 35 27 36 28 35 29
27 13 28 14 27 15 26 14
28 12 28 13 27 13 27 12
29 11 30 12 29 13 28 12
28 11 29 11 29 12 28 12
29 10 30 11 29 12 28 11
30 10 30 11 29 11 29 10
38 26 37 25 38 24 39 25
37 26 38 26 38 27 37 27
36 27 35 26 36 25 37 26
35 28 36 28 36 27 35 27
34 29 35 29 35 28 34 28
33 28 34 27 35 28 34 29
33 27 34 27 34 28 33 28
32 28 31 27 32 26 33 27
33 29 33 28 32 28 32 29
32 30 33 29 34 30 33 31
33 30 33 31 32 31 32 30
31 30 32 31 33 30 32 29
31 29 32 29 32 30 31 30
24 18 23 19 22 18 23 17
25 19 24 18 25 17 26 18
25 20 25 19 26 19 26 20
24 19 25 18 26 19 25 20
18 24 17 23 18 22 19 23
19 24 18 24 18 23 19 23
33 21 34 20 35 21 34 22
32 21 33 21 33 22 32 22
31 22 32 21 33 22 32 23
20 20 20 21 19 21 19 20
21 21 20 20 21 19 22 20
23 35 22 34 23 33 24 34
37 28 36 29 35 28 36 27
37 29 36 29 36 28 37 28
38 28 37 29 36 28 37 27
18 27 19 27 19 28 18 28
23 34 23 33 24 33 24 34
22 33 23 34 22 35 21 34
33 26 34 25 35 26 34 27
32 27 33 27 33 26 32 26
31 26 32 25 33 26 32 27
27 18 28 19 27 20 26 19
28 17 27 18 26 17 27 16
28 18 27 18 27 17 28 17
27 19 26 18 27 17 28 18
28 20 28 19 27 19 27 20
27 21 26 20 27 19 28 20
26 21 26 20 27 20 27 21
25 22 24 21 25 20 26 21
26 23 25 24 24 23 25 22
25 21 24 20 25 19 26 20
24 22 25 22 25 21 24 21
20 24 21 23 22 24 21 25
21 24 22 24 22 25 21 25
22 23 23 24 22 25 21 24
23 23 23 24 22 24 22 23
22 22 23 21 24 22 23 23
23 22 22 22 22 21 23 21
21 22 22 23 23 22 22 21
20 22 20 21 21 21 21 22
20 23 19 23 19 22 20 22
20 25 19 24 20 23 21 24
19 25 19 24 20 24 20 25
24 31 24 30 25 30 25 31
23 30 24 29 25 30 24 31
23 29 24 29 24 30 23 30
30 23 30 24 29 24 29 23
30 22 31 22 31 23 30 23
28 22 29 23 30 22 29 21
28 23 28 22 29 22 29 23
24 24 23 25 22 24 23 23
25 23 25 24 24 24 24 23
26 22 25 23 24 22 25 21
27 23 26 22 27 21 28 22
26 24 27 23 28 24 27 25
26 25 25 25 25 24 26 24
20 26 20 25 21 25 21 26
18 26 19 27 20 26 19 25
17 27 18 27 18 26 17 26
17 25 16 26 17 27 18 26
16 25 17 25 17 26 16 26
23 26 23 25 22 25 22 26
22 27 21 26 22 25 23 26
21 27 21 26 22 26 22 27
22 28 21 27 22 26 23 27
23 28 22 28 22 27 23 27
24 25 24 24 23 24 23 25
25 26 24 25 25 24 26 25
24 26 24 25 25 25 25 26
24 27 23 27 23 26 24 26
25 28 24 29 23 28 24 27
27 24 28 24 28 23 27 23
27 22 26 23 27 24 28 23
28 21 27 22 26 21 27 20
29 20 29 21 28 21 28 20
30 21 29 22 28 21 29 20
27 26 26 25 27 24 28 25
26 26 26 25 27 25 27 26
27 27 26 26 27 25 28 26
27 29 26 28 27 27 28 28
28 30 28 29 27 29 27 30
29 31 28 30 29 29 30 30
28 32 29 31 30 32 29 33
28 31 29 31 29 32 28 32
27 32 28 31 29 32 28 33
27 33 27 32 28 32 28 33
27 28 28 28 28 27 27 27
26 27 27 26 28 27 27 28
25 27 26 27 26 28 25 28
24 28 23 27 24 26 25 27
25 29 25 28 24 28 24 29
26 30 25 31 24 30 25 29
27 31 26 30 27 29 28 30
26 32 27 31 28 32 27 33
26 31 27 31 27 32 26 32
26 29 25 30 26 31 27 30
15 13 15 14 14 14 14 13
16 12 17 13 16 14 15 13
40 37 40 38 39 38 39 37
41 36 40 37 39 36 40 35
41 37 40 37 40 36 41 36
36 39 35 38 36 37 37 38
39 21 38 22 37 21 38 20
38 30 37 31 36 30 37 29
39 31 39 30 38 30 38 31
40 32 39 33 38 32 39 31
40 33 39 33 39 32 40 32
41 34 40 35 39 34 40 33
30 37 30 36 31 36 31 37
39 28 38 29 37 28 38 27
39 29 38 29 38 28 39 28
40 30 39 31 38 30 39 29
29 30 29 31 30 31 30 30
30 29 31 30 30 31 29 30
41 33 41 34 40 34 40 33
40 29 40 30 39 30 39 29
18 12 18 14 16 14 16 12
18 37 19 36 21 38 20 39
20 37 20 38 18 38 18 37
12 31 13 30 15 32 14 33
30 40 29 39 31 37 32 38
22 36 23 37 21 39 20 38
20 36 22 36 22 37 20 37
29 40 28 39 30 37 31 38
28 40 28 39 29 39 29 40
20 34 20 36 19 36 19 34
21 33 21 34 20 34 20 33
22 31 22 33 21 33 21 31
22 29 21 30 22 31 23 30
20 28 20 29 22 29 22 28
19 29 18 28 19 27 20 28
20 31 20 29 19 29 19 31
19 30 20 29 21 30 20 31
19 35 20 34 21 35 20 36
15 26 13 24 14 23 16 25
17 34 17 32 19 32 19 34
16 33 17 32 18 33 17 34
15 34 16 34 16 33 15 33
23 36 22 36 22 35 23 35
24 35 25 36 24 37 23 36
25 34 24 35 23 34 24 33
25 35 24 35 24 34 25 34
26 36 25 35 27 33 28 34
16 30 15 29 17 27 18 28
17 31 15 33 14 32 16 30
15 31 17 31 17 32 15 32
15 25 15 23 16 23 16 25
12 26 13 27 15 25 14 24
19 33 17 31 19 29 21 31
30 19 32 19 32 21 30 21
29 18 30 19 29 20 28 19
29 19 28 19 28 18 29 18
30 20 29 19 31 17 32 18
21 36 22 37 23 36 22 35
31 18 32 19 31 20 30 19
30 18 30 17 31 17 31 18
26 35 26 36 25 36 25 35
22 32 21 31 23 29 24 30
21 28 22 27 23 28 22 29
20 27 21 28 20 29 19 28
19 26 20 25 21 26 20 27
18 25 18 26 19 26 19 25
17 24 18 25 17 26 16 25
18 36 15 39 13 37 16 34
14 36 18 36 18 37 14 37
16 38 16 34 17 34 17 38
14 35 17 38 18 37 15 34
12 29 15 29 15 31 12 31
16 27 13 30 12 29 15 26
17 28 16 27 17 26 18 27
15 30 17 28 19 30 17 32
18 30 18 33 16 33 16 30
12 25 15 25 15 26 12 26
11 24 12 23 13 24 12 25
11 27 11 24 13 24 13 27
26 40 25 39 29 35 30 36
15 27 15 26 16 26 16 27
16 28 16 27 17 27 17 28
30 38 25 38 25 37 30 37
31 40 31 38 30 38 30 40
32 41 31 40 32 39 33 40
