best-score: 648686
count: 5
elapsed-time: 4.888
151
13 34 14 33 15 34 14 35
34 17 33 18 32 17 33 16
14 21 15 20 16 21 15 22
15 21 14 21 14 20 15 20
16 22 16 21 15 21 15 22
22 15 22 14 23 14 23 15
23 16 22 15 23 14 24 15
24 16 23 16 23 15 24 15
39 29 38 30 37 29 38 28
38 29 38 28 39 28 39 29
33 17 33 16 32 16 32 17
34 18 34 17 33 17 33 18
28 12 29 13 28 14 27 13
22 16 21 15 22 14 23 15
21 16 21 15 22 15 22 16
14 22 13 21 14 20 15 21
13 22 13 21 14 21 14 22
26 39 25 39 25 38 26 38
31 27 32 26 33 27 32 28
17 38 17 39 15 39 15 38
16 39 15 38 16 37 17 38
38 13 38 15 36 15 36 13
36 11 38 13 36 15 34 13
34 11 36 11 36 13 34 13
40 17 38 19 36 17 38 15
39 36 37 36 37 34 39 34
34 15 36 15 36 17 34 17
32 13 34 11 36 13 34 15
32 15 32 13 34 13 34 15
30 16 32 16 32 15 30 15
20 13 22 15 21 16 19 14
40 21 38 23 36 21 38 19
37 32 37 30 38 30 38 32
35 34 37 32 39 34 37 36
35 32 37 32 37 34 35 34
39 32 37 34 35 32 37 30
28 15 30 15 30 14 28 14
26 17 24 15 26 13 28 15
28 17 26 17 26 15 28 15
28 13 26 15 28 17 30 15
27 12 27 13 28 13 28 12
36 27 38 29 39 28 37 26
33 26 35 28 36 27 34 25
32 27 33 27 33 26 32 26
31 28 32 28 32 27 31 27
31 26 30 27 31 28 32 27
32 24 32 26 31 26 31 24
34 24 32 24 32 23 34 23
18 20 19 21 17 23 16 22
24 13 26 13 26 15 24 15
29 34 27 32 29 30 31 32
29 32 31 32 31 34 29 34
28 32 28 30 29 30 29 32
17 28 19 26 20 27 18 29
25 18 26 17 28 19 27 20
30 21 32 23 31 24 29 22
30 22 29 22 29 21 30 21
28 24 27 23 29 21 30 22
28 22 29 22 29 24 28 24
28 20 28 22 27 22 27 20
24 29 25 29 25 31 24 31
30 26 30 27 31 27 31 26
13 38 13 34 15 34 15 38
21 43 17 39 21 35 25 39
14 16 16 14 20 18 18 20
31 37 31 34 35 34 35 37
39 19 39 23 38 23 38 19
36 20 32 24 30 22 34 18
40 20 36 20 36 17 40 17
36 22 37 23 40 20 39 19
40 22 36 22 36 21 40 21
37 19 40 22 39 23 36 20
34 19 37 19 37 23 34 23
32 21 34 19 36 21 34 23
30 19 32 21 29 24 27 22
30 20 28 20 28 19 30 19
32 18 36 22 34 24 30 20
31 17 32 16 33 17 32 18
31 18 31 17 32 17 32 18
17 24 17 23 13 23 13 24
15 26 13 24 15 22 17 24
14 26 14 22 15 22 15 26
21 27 18 30 14 26 17 23
27 29 25 31 21 27 23 25
32 20 36 20 36 21 32 21
26 34 26 38 29 38 29 34
26 36 25 35 26 34 27 35
38 26 37 26 37 23 38 23
30 29 31 28 35 32 34 33
27 26 30 29 29 30 26 27
25 26 27 26 27 29 25 29
23 28 25 26 26 27 24 29
24 25 24 28 23 28 23 25
23 18 20 21 24 25 27 22
23 21 20 21 20 18 23 18
21 17 20 18 23 21 24 20
32 32 32 28 35 28 35 32
36 28 37 29 33 33 32 32
35 27 35 28 36 28 36 27
37 25 38 26 36 28 35 27
22 32 22 35 21 35 21 32
21 31 24 28 25 29 22 32
20 31 21 31 21 32 20 32
26 12 27 13 24 16 23 15
27 19 28 20 31 17 30 16
24 19 27 19 27 20 24 20
22 38 22 35 25 35 25 38
19 35 22 32 25 35 22 38
30 35 26 39 25 38 29 34
35 38 34 39 30 35 31 34
24 35 21 32 24 29 27 32
24 43 20 39 24 35 28 39
28 35 27 35 27 32 28 32
30 39 30 35 28 35 28 39
29 40 28 39 29 38 30 39
26 25 24 23 27 20 29 22
26 23 26 25 24 25 24 23
26 22 27 22 27 23 26 23
30 23 30 26 27 26 27 23
32 22 32 23 30 23 30 22
14 17 14 16 21 16 21 17
19 43 19 35 21 35 21 43
35 40 29 40 29 38 35 38
19 33 19 35 14 35 14 33
17 31 18 30 20 32 19 33
20 28 20 31 17 31 17 28
21 28 20 28 20 27 21 27
18 37 15 34 21 28 24 31
19 40 17 38 18 37 20 39
33 39 33 33 34 33 34 39
33 35 31 37 33 39 35 37
15 36 20 31 21 32 16 37
12 37 13 38 15 36 14 35
16 30 16 37 18 37 18 30
42 28 38 32 33 27 37 23
42 23 42 28 39 28 39 23
30 30 30 29 37 29 37 30
27 27 30 30 28 32 25 29
21 22 21 17 26 17 26 22
18 23 18 20 24 20 24 23
18 19 16 21 18 23 20 21
15 19 18 19 18 20 15 20
22 24 19 21 24 16 27 19
22 30 22 24 28 24 28 30
20 25 19 26 17 24 18 23
13 27 20 27 20 25 13 25
12 26 13 25 14 26 13 27
12 33 12 26 14 26 14 33
10 31 15 26 17 28 12 33
23 31 21 31 21 28 23 28
40 25 31 34 29 32 38 23
