best-score: 810205
count: 6
elapsed-time: 4.529
156
23 9 22 9 22 8 23 8
25 20 25 21 26 21 26 20
24 20 24 19 25 19 25 20
23 19 24 18 25 19 24 20
23 18 24 18 24 19 23 19
23 20 22 19 23 18 24 19
22 20 22 19 23 19 23 20
23 21 22 22 21 21 22 20
24 22 23 21 24 20 25 21
14 9 14 8 13 8 13 9
15 10 15 9 14 9 14 10
14 11 13 10 14 9 15 10
13 11 13 10 14 10 14 11
12 10 13 9 14 10 13 11
12 9 13 9 13 10 12 10
11 10 12 9 13 10 12 11
11 11 11 10 12 10 12 11
23 24 23 25 22 25 22 24
23 26 22 25 23 24 24 25
24 26 23 26 23 25 24 25
24 24 23 25 24 26 25 25
25 24 25 25 24 25 24 24
15 7 16 8 15 9 14 8
13 12 12 13 11 12 12 11
12 12 12 11 13 11 13 12
11 13 12 13 12 12 11 12
10 12 11 11 12 12 11 13
10 11 11 11 11 12 10 12
10 9 9 10 10 11 11 10
9 21 9 20 10 20 10 21
8 20 9 19 10 20 9 21
8 19 9 19 9 20 8 20
13 24 14 23 15 24 14 25
14 24 13 24 13 23 14 23
15 25 15 24 14 24 14 25
16 24 15 25 14 24 15 23
20 25 20 26 19 26 19 25
10 19 9 20 10 21 11 20
11 19 11 20 10 20 10 19
12 20 11 19 12 18 13 19
13 20 12 20 12 19 13 19
12 21 11 20 12 19 13 20
11 21 11 20 12 20 12 21
12 22 11 21 12 20 13 21
13 22 12 22 12 21 13 21
15 22 14 23 13 22 14 21
14 22 15 22 15 23 14 23
24 21 23 21 23 20 24 20
25 22 25 21 24 21 24 22
22 13 23 13 23 14 22 14
14 20 14 21 13 21 13 20
15 21 14 22 13 21 14 20
19 21 20 22 21 21 20 20
18 20 19 21 18 22 17 21
19 20 19 21 18 21 18 20
11 18 12 18 12 19 11 19
21 18 21 19 22 19 22 18
17 22 17 21 18 21 18 22
17 24 16 23 17 22 18 23
16 25 17 25 17 24 16 24
16 26 15 26 15 25 16 25
20 18 21 17 22 18 21 19
20 17 21 17 21 18 20 18
21 16 22 17 21 18 20 17
22 16 22 17 21 17 21 16
21 15 22 16 21 17 20 16
20 15 21 15 21 16 20 16
23 17 23 18 22 18 22 17
10 10 10 11 9 11 9 10
11 9 12 10 11 11 10 10
24 9 26 9 26 10 24 10
23 10 22 9 23 8 24 9
12 23 10 25 8 23 10 21
23 22 23 24 24 24 24 22
22 21 22 22 23 22 23 21
21 20 21 21 22 21 22 20
20 19 20 20 21 20 21 19
20 21 19 20 20 19 21 20
22 23 20 25 18 23 20 21
20 23 20 22 22 22 22 23
21 27 20 26 22 24 23 25
24 23 23 22 24 21 25 22
27 18 25 20 24 19 26 17
18 27 16 25 17 24 19 26
25 15 26 16 24 18 23 17
23 15 23 14 25 14 25 15
24 14 23 15 22 14 23 13
27 13 25 15 24 14 26 12
19 23 17 25 16 24 18 22
18 25 19 25 19 23 18 23
17 27 18 27 18 25 17 25
18 26 17 27 16 26 17 25
19 27 18 26 19 25 20 26
19 22 19 21 20 21 20 22
13 16 14 17 12 19 11 18
18 19 18 18 20 18 20 19
17 20 18 19 19 20 18 21
15 20 17 20 17 21 15 21
14 19 15 20 14 21 13 20
13 17 13 19 14 19 14 17
20 14 20 15 18 15 18 14
21 13 22 14 21 15 20 14
21 11 22 11 22 13 21 13
20 10 22 8 23 9 21 11
18 10 19 11 20 10 19 9
17 10 17 8 18 8 18 10
16 18 18 16 20 18 18 20
15 17 16 18 14 20 13 19
14 15 14 17 15 17 15 15
11 14 13 16 14 15 12 13
18 17 20 17 20 16 18 16
16 17 18 17 18 18 16 18
16 13 14 15 16 17 18 15
17 19 18 19 18 20 17 20
16 16 18 14 20 16 18 18
16 15 18 15 18 16 16 16
15 13 15 15 16 15 16 13
14 14 12 12 13 11 15 13
12 16 14 14 15 15 13 17
12 17 12 16 13 16 13 17
16 19 14 17 16 15 18 17
16 21 15 20 16 19 17 20
21 9 21 11 19 11 19 9
15 19 15 20 14 20 14 19
15 18 16 18 16 19 15 19
27 10 23 14 22 13 26 9
27 12 26 12 26 10 27 10
14 26 10 26 10 25 14 25
15 27 14 26 15 25 16 26
14 27 14 26 15 26 15 27
13 26 14 25 15 26 14 27
12 24 8 24 8 23 12 23
11 23 12 22 13 23 12 24
10 24 8 22 9 21 11 23
24 13 23 13 23 10 24 10
12 28 10 26 12 24 14 26
19 7 19 9 15 9 15 7
20 8 19 9 18 8 19 7
26 15 23 18 22 17 25 14
25 16 26 16 26 15 25 15
19 13 18 14 14 10 15 9
16 11 16 13 19 13 19 11
21 14 20 15 16 11 17 10
22 15 22 14 21 14 21 15
23 16 23 15 22 15 22 16
25 17 25 16 23 16 23 17
26 19 26 17 25 17 25 19
11 15 11 14 14 14 14 15
8 18 11 15 12 16 9 19
8 15 11 15 11 18 8 18
7 14 10 11 11 12 8 15
7 13 11 13 11 14 7 14
8 14 7 13 9 11 10 12
20 13 21 13 21 14 20 14
7 16 10 19 11 18 8 15
9 12 10 12 10 19 9 19
