best-score: 701019
count: 16
elapsed-time: 4.725
95
9 26 10 26 10 27 9 27
11 26 10 27 9 26 10 25
11 25 11 26 10 26 10 25
10 24 11 23 12 24 11 25
16 10 16 9 17 9 17 10
18 10 17 11 16 10 17 9
18 11 17 11 17 10 18 10
15 14 15 13 14 13 14 14
21 15 22 15 22 16 21 16
21 17 20 16 21 15 22 16
20 17 20 16 21 16 21 17
22 17 21 18 20 17 21 16
22 18 21 18 21 17 22 17
21 19 20 18 21 17 22 18
20 19 20 18 21 18 21 19
13 17 13 18 12 18 12 17
20 15 21 14 22 15 21 16
20 14 21 14 21 15 20 15
13 23 13 25 11 25 11 23
14 24 13 25 12 24 13 23
10 16 10 14 9 14 9 16
9 15 10 14 11 15 10 16
20 25 20 27 21 27 21 25
28 19 27 20 25 18 26 17
24 17 26 17 26 16 24 16
22 12 23 13 21 15 20 14
11 17 11 15 12 15 12 17
12 16 13 17 12 18 11 17
13 13 11 15 12 16 14 14
13 16 12 15 14 13 15 14
14 17 13 18 12 17 13 16
20 20 22 22 23 21 21 19
18 22 17 21 19 19 20 20
19 23 17 25 16 24 18 22
14 16 14 17 13 17 13 16
15 19 13 17 14 16 16 18
18 21 18 22 17 22 17 21
19 20 19 19 20 19 20 20
10 13 10 9 13 9 13 13
11 16 9 14 10 13 12 15
13 26 9 22 13 18 17 22
17 26 13 26 13 25 17 25
18 25 17 26 13 22 14 21
20 22 20 25 18 25 18 22
22 20 22 22 20 22 20 20
25 20 22 20 22 18 25 18
29 16 25 20 22 17 26 13
29 13 29 16 26 16 26 13
26 10 29 13 26 16 23 13
24 13 26 13 26 10 24 10
23 16 24 16 24 13 23 13
23 17 22 17 22 16 23 16
23 15 22 16 23 17 24 16
12 21 14 21 14 24 12 24
9 24 12 21 13 22 10 25
9 25 9 24 10 24 10 25
8 26 9 25 10 26 9 27
8 25 9 25 9 26 8 26
13 12 16 9 17 10 14 13
6 13 9 16 13 12 10 9
17 23 13 23 13 22 17 22
22 24 21 25 19 23 20 22
22 25 21 25 21 24 22 24
26 21 22 25 21 24 25 20
24 21 23 21 23 17 24 17
18 16 15 13 17 11 20 14
17 17 18 16 20 18 19 19
17 18 17 17 20 17 20 18
16 19 17 18 19 20 18 21
15 18 15 19 16 19 16 18
13 20 15 18 16 19 14 21
9 20 13 20 13 22 9 22
8 19 11 16 12 17 9 20
8 17 12 21 13 20 9 16
11 19 11 17 8 17 8 19
18 15 20 15 20 16 18 16
17 14 18 15 15 18 14 17
15 17 17 17 17 14 15 14
14 18 15 18 15 17 14 17
14 20 13 20 13 18 14 18
13 21 11 19 12 18 14 20
16 22 14 20 15 19 17 21
17 20 17 21 14 21 14 20
27 21 27 27 26 27 26 21
26 22 22 18 23 17 27 21
26 25 25 26 19 20 20 19
6 16 13 9 20 16 13 23
6 20 6 16 9 16 9 20
7 21 6 20 10 16 11 17
6 22 7 21 10 24 9 25
6 24 6 22 9 22 9 24
25 21 25 26 24 26 24 21
26 20 26 21 25 21 25 20
27 17 27 20 26 20 26 17
7 18 12 18 12 21 7 21
