best-score: 839143
count: 7
elapsed-time: 4.664
153
10 10 9 11 8 10 9 9
22 27 21 26 22 25 23 26
25 22 24 23 23 22 24 21
24 22 24 21 25 21 25 22
23 23 24 23 24 22 23 22
22 11 23 11 23 10 22 10
21 11 20 10 21 9 22 10
24 12 25 13 24 14 23 13
11 14 10 13 11 12 12 13
10 15 11 14 12 15 11 16
9 16 9 15 8 15 8 16
9 14 8 15 9 16 10 15
10 14 10 15 9 15 9 14
11 13 11 14 10 14 10 13
12 12 12 13 11 13 11 12
14 22 13 23 12 22 13 21
14 23 13 23 13 22 14 22
13 24 12 23 13 22 14 23
12 24 12 23 13 23 13 24
13 25 12 24 13 23 14 24
15 23 15 24 14 24 14 23
16 24 15 25 14 24 15 23
16 25 15 25 15 24 16 24
15 26 14 25 15 24 16 25
14 26 14 25 15 25 15 26
15 27 14 26 15 25 16 26
16 27 15 27 15 26 16 26
12 21 13 21 13 22 12 22
11 22 10 21 11 20 12 21
10 23 11 22 12 23 11 24
11 21 11 20 12 20 12 21
10 22 11 22 11 21 10 21
11 23 10 22 11 21 12 22
10 24 11 24 11 23 10 23
11 25 10 24 11 23 12 24
12 25 11 25 11 24 12 24
13 26 12 25 13 24 14 25
15 22 16 23 15 24 14 23
16 22 16 23 15 23 15 22
15 21 16 22 15 23 14 22
14 21 15 21 15 22 14 22
13 20 14 21 13 22 12 21
14 20 14 21 13 21 13 20
13 19 14 20 13 21 12 20
23 14 24 15 23 16 22 15
24 13 24 14 23 14 23 13
25 12 25 13 24 13 24 12
27 12 26 13 25 12 26 11
11 15 12 15 12 16 11 16
12 14 11 15 10 14 11 13
13 13 13 14 12 14 12 13
13 11 12 12 13 13 14 12
14 15 13 16 12 15 13 14
13 15 14 15 14 16 13 16
14 14 13 15 12 14 13 13
13 17 12 16 13 15 14 16
12 17 12 16 13 16 13 17
11 18 10 17 11 16 12 17
10 19 11 18 12 19 11 20
16 20 15 21 14 20 15 19
20 17 19 18 20 19 21 18
21 17 21 18 20 18 20 17
20 16 21 17 20 18 19 17
19 16 20 16 20 17 19 17
21 16 20 17 19 16 20 15
19 19 20 19 20 18 19 18
21 15 21 16 20 16 20 15
18 17 18 18 19 18 19 17
13 27 12 26 13 25 14 26
14 27 13 27 13 26 14 26
15 28 14 27 15 26 16 27
14 28 14 27 15 27 15 28
27 23 26 24 24 22 25 21
11 9 11 8 13 8 13 9
11 11 9 11 9 9 11 9
10 12 11 11 12 12 11 13
8 12 8 10 10 10 10 12
9 13 8 12 9 11 10 12
8 14 9 13 10 14 9 15
8 13 9 13 9 14 8 14
9 12 10 13 9 14 8 13
12 10 11 11 10 10 11 9
12 11 12 10 13 10 13 11
10 9 11 8 13 10 12 11
14 10 13 11 12 10 13 9
16 10 15 11 14 10 15 9
15 10 15 9 16 9 16 10
14 11 15 11 15 10 14 10
13 12 14 12 14 11 13 11
14 13 13 14 12 13 13 12
19 9 21 9 21 11 19 11
18 10 19 9 20 10 19 11
17 9 18 10 17 11 16 10
14 9 14 10 13 10 13 9
15 8 16 9 15 10 14 9
14 8 15 8 15 9 14 9
21 12 22 11 24 13 23 14
22 12 21 12 21 11 22 11
20 14 22 12 23 13 21 15
18 25 18 26 16 26 16 25
25 18 23 20 21 18 23 16
9 18 9 16 11 16 11 18
8 17 9 16 10 17 9 18
8 19 8 17 10 17 10 19
9 20 8 19 9 18 10 19
17 12 19 12 19 11 17 11
16 13 14 11 15 10 17 12
16 14 14 14 14 13 16 13
17 13 16 14 14 12 15 11
16 12 16 13 17 13 17 12
23 17 21 17 21 16 23 16
14 17 12 19 13 20 15 18
14 19 13 19 13 17 14 17
15 20 15 19 14 19 14 20
16 21 15 22 14 21 15 20
17 21 16 20 18 18 19 19
17 22 16 22 16 21 17 21
19 24 18 25 16 23 17 22
17 24 17 22 19 22 19 24
17 14 19 16 18 17 16 15
17 15 16 15 16 14 17 14
15 17 14 16 16 14 17 15
15 16 15 17 14 17 14 16
15 14 14 15 15 16 16 15
25 27 22 27 22 25 25 25
21 23 21 26 23 26 23 23
22 30 18 26 21 23 25 27
19 20 19 22 23 22 23 20
16 19 16 20 19 20 19 19
17 20 16 19 18 17 19 18
18 21 17 22 16 21 17 20
20 21 19 22 18 21 19 20
20 25 18 25 18 21 20 21
22 21 19 24 20 25 23 22
26 16 23 19 21 17 24 14
25 16 25 13 26 13 26 16
27 14 25 16 24 15 26 13
27 15 24 15 24 14 27 14
7 17 8 16 12 20 11 21
7 16 8 16 8 17 7 17
18 14 20 14 20 10 18 10
20 12 18 14 17 13 19 11
22 19 22 21 20 21 20 19
16 18 16 19 15 19 15 18
14 18 15 19 16 18 15 17
12 18 13 19 14 18 13 17
11 19 12 19 12 18 11 18
10 20 11 20 11 19 10 19
9 21 10 21 10 20 9 20
16 30 16 27 22 27 22 30
18 32 16 30 23 23 25 25
21 32 18 32 18 26 21 26
23 30 21 32 16 27 18 25
