best-score: 557996
count: 13
elapsed-time: 4.752
88
13 12 14 13 13 14 12 13
13 13 12 13 12 12 13 12
14 14 14 13 13 13 13 14
14 12 13 13 14 14 15 13
15 12 15 13 14 13 14 12
30 24 29 24 29 23 30 23
29 25 28 24 29 23 30 24
28 25 28 24 29 24 29 25
24 28 24 27 25 27 25 28
26 28 25 29 24 28 25 27
26 29 25 29 25 28 26 28
24 29 23 28 24 27 25 28
23 29 23 28 24 28 24 29
13 27 15 27 15 28 13 28
13 24 15 26 13 28 11 26
14 22 12 24 11 23 13 21
27 21 27 23 29 23 29 21
17 26 15 26 15 25 17 25
16 29 15 28 17 26 18 27
27 19 28 18 30 20 29 21
26 19 27 19 27 21 26 21
18 18 16 16 18 14 20 16
19 19 19 18 18 18 18 19
17 21 16 20 18 18 19 19
19 22 19 21 17 21 17 22
21 28 20 28 20 26 21 26
16 17 17 16 19 18 18 19
13 16 15 18 16 17 14 15
22 16 22 18 20 18 20 16
17 17 17 16 16 16 16 17
24 12 27 15 29 13 26 10
20 12 24 12 24 13 20 13
17 9 20 12 18 14 15 11
14 26 11 26 11 23 14 23
11 25 13 27 14 26 12 24
29 26 26 29 25 28 28 25
12 27 12 24 13 24 13 27
18 15 17 16 14 13 15 12
15 15 18 15 18 18 15 18
12 18 11 17 14 14 15 15
25 22 26 21 29 24 28 25
25 25 24 25 24 22 25 22
24 24 25 25 21 29 20 28
21 25 24 28 23 29 20 26
24 26 24 25 21 25 21 26
28 27 25 27 25 25 28 25
16 26 15 27 14 26 15 25
19 29 16 26 17 25 20 28
15 14 15 15 14 15 14 14
18 13 18 14 15 14 15 13
26 26 25 25 27 23 28 24
29 28 29 26 26 26 26 28
10 16 13 16 13 19 10 19
9 15 12 12 13 13 10 16
9 20 10 19 14 23 13 24
21 22 17 26 14 23 18 19
24 20 24 22 21 22 21 20
21 23 19 21 22 18 24 20
17 23 21 23 21 25 17 25
11 21 15 25 17 23 13 19
17 19 17 21 13 21 13 19
22 19 18 15 20 13 24 17
26 18 26 19 22 19 22 18
25 21 24 20 26 18 27 19
26 22 26 21 25 21 25 22
28 22 27 23 26 22 27 21
26 24 28 24 28 22 26 22
24 23 21 20 22 19 25 22
25 23 24 22 25 21 26 22
23 23 19 19 20 18 24 22
22 21 19 21 19 19 22 19
30 22 29 23 28 22 29 21
28 20 28 22 30 22 30 20
29 17 24 17 24 13 29 13
26 16 28 18 29 17 27 15
22 10 22 16 26 16 26 10
22 14 20 12 22 10 24 12
24 16 22 18 20 16 22 14
32 12 26 18 24 16 30 10
14 20 14 15 9 15 9 20
16 22 16 20 14 20 14 22
16 23 16 22 17 22 17 23
20 27 16 23 17 22 21 26
20 11 20 12 15 12 15 11
28 19 26 21 18 13 20 11
27 18 27 19 28 19 28 18
17 11 22 16 20 18 15 13
27 16 27 18 26 18 26 16
