best-score: 696570
count: 13
elapsed-time: 4.83
96
17 9 16 10 15 9 16 8
16 9 16 8 17 8 17 9
15 10 16 10 16 9 15 9
15 8 14 9 15 10 16 9
14 8 15 8 15 9 14 9
17 26 17 25 18 25 18 26
18 15 18 16 17 16 17 15
16 15 17 16 18 15 17 14
16 14 17 14 17 15 16 15
10 11 10 9 8 9 8 11
10 13 8 11 10 9 12 11
11 11 11 13 10 13 10 11
11 21 9 21 9 20 11 20
10 18 9 19 11 21 12 20
12 18 10 18 10 16 12 16
23 22 21 24 19 22 21 20
19 14 17 12 19 10 21 12
20 17 18 15 19 14 21 16
21 18 19 20 18 19 20 17
20 20 21 20 21 18 20 18
20 21 19 21 19 20 20 20
17 10 19 10 19 12 17 12
15 12 17 10 19 12 17 14
17 13 17 12 15 12 15 13
19 13 19 14 17 14 17 13
21 13 19 13 19 12 21 12
23 21 21 21 21 20 23 20
18 9 17 10 16 9 17 8
20 22 19 21 20 20 21 21
21 22 20 22 20 21 21 21
23 24 23 22 21 22 21 24
25 22 26 23 24 25 23 24
18 12 17 13 15 11 16 10
21 17 21 18 23 18 23 17
22 18 21 17 22 16 23 17
17 21 17 22 19 22 19 21
20 14 18 16 17 15 19 13
23 15 22 16 20 14 21 13
20 16 21 16 21 17 20 17
19 17 20 16 21 17 20 18
19 18 19 17 20 17 20 18
17 20 19 20 19 18 17 18
16 19 17 18 18 19 17 20
19 16 19 14 20 14 20 16
18 17 19 17 19 16 18 16
16 17 17 18 18 17 17 16
15 18 15 16 17 16 17 18
14 17 15 16 16 17 15 18
14 15 16 15 16 17 14 17
15 14 16 15 15 16 14 15
13 12 15 10 17 12 15 14
13 11 15 11 15 12 13 12
12 10 14 8 15 9 13 11
13 10 13 11 12 11 12 10
12 9 13 8 14 9 13 10
10 7 12 9 10 11 8 9
12 7 12 9 10 9 10 7
25 21 25 22 23 22 23 21
23 23 21 21 23 19 25 21
13 15 11 13 13 11 15 13
8 24 11 21 13 23 10 26
10 24 8 24 8 23 10 23
13 24 13 26 10 26 10 24
15 26 13 24 17 20 19 22
21 8 22 8 22 12 21 12
20 7 21 8 19 10 18 9
20 27 18 25 21 22 23 24
14 19 17 22 13 26 10 23
7 15 9 13 12 16 10 18
7 11 8 11 8 15 7 15
9 9 11 11 9 13 7 11
7 19 10 16 12 18 9 21
7 20 7 19 9 19 9 20
16 23 16 24 13 24 13 23
18 23 16 23 16 19 18 19
13 20 13 23 12 23 12 20
12 19 8 15 10 13 14 17
14 18 14 19 12 19 12 18
15 23 12 20 14 18 17 21
9 16 10 16 10 13 9 13
20 24 17 21 20 18 23 21
21 27 21 24 20 24 20 27
18 8 22 12 21 13 17 9
11 14 11 13 15 13 15 14
19 24 19 22 20 22 20 24
11 19 12 19 12 20 11 20
22 13 22 16 21 16 21 13
15 17 14 18 12 16 13 15
23 9 19 13 18 12 22 8
28 13 23 18 21 16 26 11
14 29 8 23 11 20 17 26
5 16 10 11 14 15 9 20
28 12 28 13 22 13 22 12
26 21 25 21 25 11 26 11
24 19 26 21 25 22 23 20
24 20 23 20 23 19 24 19
