best-score: 611065
count: 33
elapsed-time: 4.557
47
10 9 10 10 9 10 9 9
19 25 19 24 20 24 20 25
19 23 18 24 19 25 20 24
18 23 19 23 19 24 18 24
12 19 11 19 11 18 12 18
12 21 11 20 12 19 13 20
13 18 12 19 11 18 12 17
13 17 13 18 12 18 12 17
14 15 12 17 10 15 12 13
14 17 13 17 13 15 14 15
9 25 9 22 10 22 10 25
13 12 12 13 9 10 10 9
10 12 13 12 13 15 10 15
24 15 21 12 22 11 25 14
24 14 25 14 25 15 24 15
22 18 21 17 24 14 25 15
25 18 25 22 22 22 22 18
23 16 24 15 26 17 25 18
22 20 19 23 16 20 19 17
24 11 24 14 22 14 22 11
16 22 15 23 11 19 12 18
13 22 13 20 16 20 16 22
9 24 10 25 13 22 12 21
15 19 15 23 18 23 18 19
15 15 13 17 15 19 17 17
14 11 14 15 15 15 15 11
17 16 13 12 14 11 18 15
15 17 17 17 17 16 15 16
14 19 15 19 15 17 14 17
14 21 12 21 12 19 14 19
15 20 14 21 13 20 14 19
15 18 14 19 13 18 14 17
30 14 22 22 17 17 25 9
10 26 9 25 15 19 16 20
15 26 10 26 10 25 15 25
16 27 15 26 18 23 19 24
22 27 16 27 16 22 22 22
18 30 10 22 15 17 23 25
20 8 22 10 15 17 13 15
15 10 15 11 22 11 22 10
30 9 30 14 25 14 25 9
26 19 20 25 19 24 25 18
21 19 21 17 26 17 26 19
19 12 21 12 21 17 19 17
22 15 18 19 15 16 19 12
18 14 18 15 22 15 22 14
27 14 18 23 15 20 24 11
