best-score: 683101
count: 8
elapsed-time: 4.819
112
34 33 35 34 34 35 33 34
34 34 34 33 35 33 35 34
33 35 34 35 34 34 33 34
15 16 14 15 15 14 16 15
15 15 16 15 16 16 15 16
14 14 14 15 15 15 15 14
32 22 31 21 32 20 33 21
33 22 33 23 32 23 32 22
32 21 31 21 31 20 32 20
31 22 32 21 33 22 32 23
13 25 13 24 14 24 14 25
12 24 13 23 14 24 13 25
12 23 13 23 13 24 12 24
22 17 22 16 21 16 21 17
21 18 20 17 21 16 22 17
20 18 20 17 21 17 21 18
20 16 19 17 20 18 21 17
19 16 20 16 20 17 19 17
27 25 26 26 27 27 28 26
14 13 14 14 12 14 12 13
33 15 31 15 31 13 33 13
33 17 31 15 33 13 35 15
35 17 33 17 33 15 35 15
12 16 12 18 11 18 11 16
13 17 12 16 14 14 15 15
23 19 21 17 22 16 24 18
22 19 23 19 23 20 22 20
25 27 25 25 27 25 27 27
24 26 25 25 26 26 25 27
26 28 26 26 24 26 24 28
25 29 24 28 25 27 26 28
20 22 20 20 22 20 22 22
18 20 20 18 22 20 20 22
18 18 20 18 20 20 18 20
17 15 16 16 18 18 19 17
23 26 21 24 22 23 24 25
23 25 24 25 24 26 23 26
9 16 12 13 14 15 11 18
27 15 30 15 30 12 27 12
28 16 27 15 30 12 31 13
29 16 29 18 28 18 28 16
26 13 27 12 30 15 29 16
30 18 32 20 35 17 33 15
31 18 30 18 30 15 31 15
32 19 31 20 30 19 31 18
31 34 31 35 28 35 28 34
19 34 22 34 22 35 19 35
29 19 30 19 30 18 29 18
29 17 28 18 29 19 30 18
17 24 17 27 16 27 16 24
21 23 21 24 17 24 17 23
24 24 23 25 21 23 22 22
26 22 27 23 25 25 24 24
26 23 22 23 22 22 26 22
29 26 27 28 24 25 26 23
29 29 28 29 28 26 29 26
28 30 26 28 27 27 29 29
25 30 25 29 28 29 28 30
26 31 25 30 27 28 28 29
27 31 26 31 26 28 27 28
32 34 31 35 27 31 28 30
33 33 34 34 33 35 32 34
32 33 33 33 33 34 32 34
30 31 32 33 31 34 29 32
25 22 26 23 30 19 29 18
29 27 28 26 32 22 33 23
15 21 18 18 20 20 17 23
10 20 13 23 15 21 12 18
15 31 19 35 22 32 18 28
16 26 20 22 21 23 17 27
29 22 26 22 26 19 29 19
31 24 31 22 29 22 29 24
24 34 22 32 25 29 27 31
25 24 25 25 24 25 24 24
24 32 24 34 22 34 22 32
20 28 24 32 22 34 18 30
21 27 20 28 16 24 17 23
22 28 21 27 23 25 24 26
20 32 22 32 22 28 20 28
21 29 21 27 25 27 25 29
28 5 35 12 29 18 22 11
39 27 33 33 29 29 35 23
10 28 10 20 18 20 18 28
14 32 10 28 11 27 15 31
17 17 17 23 13 23 13 17
28 11 28 16 22 16 22 11
16 17 20 13 26 19 22 23
23 13 26 13 26 19 23 19
18 29 16 27 23 20 25 22
21 30 21 29 18 29 18 30
32 25 27 25 27 23 32 23
30 27 29 26 31 24 32 25
32 29 30 31 28 29 30 27
32 32 29 32 29 29 32 29
24 15 31 22 29 24 22 17
27 18 27 15 24 15 24 18
16 23 21 18 22 19 17 24
15 22 16 23 14 25 13 24
14 21 19 16 20 17 15 22
14 16 15 16 15 21 14 21
12 15 12 16 14 16 14 15
9 20 11 18 14 21 12 23
10 16 10 20 9 20 9 16
34 23 34 33 33 33 33 23
39 31 30 31 30 27 39 27
20 25 11 16 12 15 21 24
15 25 15 22 20 22 20 25
14 31 15 31 15 25 14 25
19 36 14 31 20 25 25 30
13 36 13 35 19 35 19 36
19 42 13 36 23 26 29 32
15 23 14 24 15 25 16 24
