best-score: 687396
count: 2
elapsed-time: 4.98
380
39 38 38 39 37 38 38 37
37 37 37 36 38 36 38 37
36 38 37 38 37 37 36 37
35 37 36 36 37 37 36 38
35 36 36 36 36 37 35 37
15 37 14 36 15 35 16 36
14 37 14 36 15 36 15 37
13 36 14 35 15 36 14 37
13 35 14 35 14 36 13 36
38 35 37 36 36 35 37 34
16 35 16 36 15 36 15 35
16 37 15 36 16 35 17 36
17 37 16 37 16 36 17 36
17 38 17 37 18 37 18 38
18 39 17 38 18 37 19 38
19 39 18 39 18 38 19 38
19 13 19 14 18 14 18 13
19 15 18 14 19 13 20 14
20 15 19 15 19 14 20 14
18 15 19 16 20 15 19 14
18 16 18 15 19 15 19 16
40 32 39 33 38 32 39 31
35 35 36 34 37 35 36 36
35 34 36 34 36 35 35 35
34 35 35 34 36 35 35 36
34 36 34 35 35 35 35 36
33 37 32 36 33 35 34 36
34 37 33 37 33 36 34 36
33 38 32 37 33 36 34 37
32 38 32 37 33 37 33 38
34 38 33 39 32 38 33 37
35 38 34 38 34 37 35 37
36 39 36 38 35 38 35 39
35 40 34 39 35 38 36 39
34 40 34 39 35 39 35 40
38 34 38 35 37 35 37 34
39 35 38 36 37 35 38 34
39 36 38 36 38 35 39 35
40 35 39 36 38 35 39 34
14 19 15 20 14 21 13 20
14 20 14 19 15 19 15 20
13 21 14 21 14 20 13 20
15 21 14 22 13 21 14 20
16 20 16 21 15 21 15 20
17 19 17 20 16 20 16 19
16 18 17 19 16 20 15 19
15 18 16 18 16 19 15 19
21 14 21 13 22 13 22 14
21 16 20 15 21 14 22 15
20 16 20 15 21 15 21 16
19 17 18 16 19 15 20 16
20 17 19 17 19 16 20 16
21 18 20 19 19 18 20 17
23 18 22 19 21 18 22 17
23 19 22 19 22 18 23 18
23 17 22 18 23 19 24 18
24 17 24 18 23 18 23 17
24 16 25 16 25 17 24 17
23 16 23 15 24 15 24 16
23 14 22 15 23 16 24 15
23 12 22 13 23 14 24 13
15 22 15 21 14 21 14 22
13 22 14 23 15 22 14 21
13 23 13 22 14 22 14 23
34 34 34 33 35 33 35 34
32 34 33 35 34 34 33 33
32 35 31 35 31 34 32 34
33 34 34 35 33 36 32 35
32 33 32 34 33 34 33 33
33 32 34 33 33 34 32 33
34 32 34 33 33 33 33 32
36 32 35 33 34 32 35 31
35 32 35 31 36 31 36 32
36 33 35 34 34 33 35 32
37 33 37 34 36 34 36 33
37 31 36 32 37 33 38 32
22 16 21 15 22 14 23 15
21 17 22 17 22 16 21 16
20 18 21 18 21 17 20 17
19 19 20 19 20 18 19 18
18 20 17 19 18 18 19 19
17 21 18 21 18 20 17 20
16 22 15 21 16 20 17 21
15 23 16 23 16 22 15 22
14 24 15 23 16 24 15 25
15 24 14 24 14 23 15 23
16 25 16 24 15 24 15 25
17 24 18 25 17 26 16 25
40 28 39 29 38 28 39 27
30 13 30 14 29 14 29 13
12 24 13 23 14 24 13 25
37 21 36 22 35 21 36 20
37 22 36 22 36 21 37 21
38 23 37 22 38 21 39 22
28 40 27 39 28 38 29 39
17 22 16 23 15 22 16 21
31 36 30 35 31 34 32 35
31 37 31 36 32 36 32 37
30 36 31 35 32 36 31 37
28 36 29 37 30 36 29 35
35 20 35 21 36 21 36 20
34 31 35 32 36 31 35 30
34 30 35 30 35 31 34 31
36 30 35 31 34 30 35 29
37 30 37 31 36 31 36 30
38 22 38 23 37 23 37 22
39 21 39 22 38 22 38 21
38 20 39 21 38 22 37 21
37 20 38 20 38 21 37 21
36 19 37 20 36 21 35 20
37 19 37 20 36 20 36 19
29 36 29 35 30 35 30 36
28 37 29 37 29 36 28 36
27 38 28 38 28 37 27 37
26 39 27 39 27 38 26 38
21 19 20 18 21 17 22 18
22 20 21 21 20 20 21 19
21 20 21 19 22 19 22 20
19 20 20 21 21 20 20 19
19 21 19 20 20 20 20 21
18 22 17 21 18 20 19 21
19 22 18 22 18 21 19 21
18 23 17 22 18 21 19 22
17 23 17 22 18 22 18 23
18 24 17 23 18 22 19 23
17 25 18 24 19 25 18 26
16 26 17 26 17 25 16 25
14 26 15 27 16 26 15 25
12 26 13 27 14 26 13 25
18 19 19 19 19 20 18 20
17 18 18 19 17 20 16 19
17 17 18 17 18 18 17 18
38 24 37 25 36 24 37 23
23 36 24 35 25 36 24 37
24 36 24 37 23 37 23 36
25 35 25 36 24 36 24 35
23 35 24 36 25 35 24 34
22 36 23 36 23 35 22 35
21 37 22 36 23 37 22 38
36 29 35 30 34 29 35 28
38 29 37 30 36 29 37 28
38 30 38 29 39 29 39 30
40 30 39 31 38 30 39 29
40 31 39 31 39 30 40 30
30 33 30 34 31 34 31 33
31 32 32 33 31 34 30 33
32 32 32 33 31 33 31 32
33 31 34 32 33 33 32 32
32 31 33 31 33 32 32 32
33 30 34 31 33 32 32 31
33 29 34 29 34 30 33 30
32 30 33 29 34 30 33 31
38 27 38 28 37 28 37 27
37 26 38 27 37 28 36 27
36 26 37 26 37 27 36 27
38 26 37 27 36 26 37 25
29 33 30 32 31 33 30 34
29 32 30 32 30 33 29 33
29 34 28 33 29 32 30 33
28 35 29 34 30 35 29 36
27 36 26 35 27 34 28 35
27 35 28 35 28 36 27 36
26 34 26 35 27 35 27 34
26 36 25 35 26 34 27 35
26 37 26 36 27 36 27 37
25 38 26 37 27 38 26 39
23 38 24 39 25 38 24 37
22 37 22 38 23 38 23 37
21 36 21 37 22 37 22 36
34 28 34 29 35 29 35 28
32 28 33 29 34 28 33 27
33 28 33 29 32 29 32 28
34 27 34 28 33 28 33 27
35 26 36 27 35 28 34 27
35 27 34 27 34 26 35 26
36 28 35 29 34 28 35 27
37 29 36 28 37 27 38 28
38 25 38 26 37 26 37 25
36 23 36 24 35 24 35 23
35 22 36 21 37 22 36 23
34 22 33 23 32 22 33 21
34 21 35 21 35 22 34 22
28 34 28 35 29 35 29 34
27 33 27 34 28 34 28 33
25 33 26 34 27 33 26 32
26 33 25 33 25 32 26 32
27 32 28 33 27 34 26 33
25 37 25 38 26 38 26 37
24 38 23 37 24 36 25 37
25 39 25 38 24 38 24 39
26 40 25 39 26 38 27 39
25 40 25 39 26 39 26 40
19 24 19 23 18 23 18 24
20 25 20 24 19 24 19 25
21 26 20 27 19 26 20 25
21 27 20 27 20 26 21 26
35 25 36 26 35 27 34 26
36 25 36 26 35 26 35 25
37 24 37 25 36 25 36 24
39 24 38 25 37 24 38 23
39 25 38 25 38 24 39 24
40 26 39 27 38 26 39 25
40 27 39 27 39 26 40 26
39 28 38 27 39 26 40 27
40 29 40 28 39 28 39 29
41 30 40 31 39 30 40 29
31 21 32 22 31 23 30 22
34 24 35 23 36 24 35 25
33 25 32 24 33 23 34 24
32 26 33 25 34 26 33 27
33 26 32 26 32 25 33 25
32 27 33 26 34 27 33 28
31 28 32 28 32 27 31 27
33 24 32 24 32 23 33 23
34 25 34 24 33 24 33 25
34 23 33 24 34 25 35 24
33 22 34 21 35 22 34 23
32 21 32 22 33 22 33 21
31 22 32 21 33 22 32 23
30 21 30 22 31 22 31 21
31 24 32 25 33 24 32 23
31 25 31 24 32 24 32 25
30 26 31 25 32 26 31 27
21 25 20 26 19 25 20 24
28 22 29 21 30 22 29 23
30 23 31 23 31 24 30 24
29 22 30 21 31 22 30 23
28 21 28 22 29 22 29 21
28 23 27 22 28 21 29 22
27 23 27 22 28 22 28 23
27 21 26 22 27 23 28 22
27 19 26 20 27 21 28 20
27 20 26 20 26 19 27 19
28 19 27 20 26 19 27 18
26 21 27 21 27 22 26 22
25 21 25 20 26 20 26 21
25 22 24 22 24 21 25 21
26 23 25 22 26 21 27 22
25 23 25 22 26 22 26 23
26 29 26 30 25 30 25 29
27 30 26 29 27 28 28 29
29 24 28 25 27 24 28 23
30 25 29 24 30 23 31 24
31 26 31 25 30 25 30 26
30 27 31 26 32 27 31 28
29 26 29 27 30 27 30 26
28 24 28 23 29 23 29 24
27 25 28 25 28 24 27 24
26 24 27 23 28 24 27 25
24 24 25 25 26 24 25 23
25 24 25 25 24 25 24 24
26 25 25 24 26 23 27 24
27 26 27 25 26 25 26 26
28 27 27 26 28 25 29 26
29 25 29 24 30 24 30 25
28 26 29 25 30 26 29 27
27 27 28 27 28 26 27 26
26 28 25 27 26 26 27 27
27 29 27 28 26 28 26 29
28 30 28 29 27 29 27 30
27 31 26 30 27 29 28 30
28 31 28 32 27 32 27 31
26 31 27 32 28 31 27 30
24 31 25 32 26 31 25 30
40 34 40 35 39 35 39 34
38 33 38 34 39 34 39 33
37 32 37 33 38 33 38 32
38 31 37 32 36 31 37 30
39 32 39 31 38 31 38 32
40 33 40 32 39 32 39 33
41 32 40 33 39 32 40 31
41 31 41 32 40 32 40 31
41 29 41 30 40 30 40 29
42 30 41 31 40 30 41 29
42 31 41 31 41 30 42 30
31 39 30 38 31 37 32 38
32 20 32 21 31 21 31 20
28 18 28 19 27 19 27 18
26 18 27 19 28 18 27 17
26 17 27 17 27 18 26 18
25 18 24 17 25 16 26 17
24 19 25 18 26 19 25 20
25 19 24 19 24 18 25 18
24 20 25 19 26 20 25 21
23 21 22 20 23 19 24 20
23 20 24 20 24 21 23 21
22 21 21 20 22 19 23 20
37 14 39 14 39 15 37 15
14 16 15 15 17 17 16 18
16 16 14 16 14 14 16 14
39 17 37 19 35 17 37 15
14 33 15 33 15 35 14 35
20 36 18 38 19 39 21 37
19 35 17 37 16 36 18 34
20 39 19 38 21 36 22 37
20 37 21 37 21 39 20 39
18 36 18 37 20 37 20 36
17 34 17 36 18 36 18 34
15 34 16 35 17 34 16 33
13 34 14 35 15 34 14 33
30 40 28 40 28 38 30 38
14 27 15 27 15 29 14 29
13 26 13 27 14 27 14 26
12 25 14 23 15 24 13 26
13 24 13 25 12 25 12 24
27 16 29 16 29 14 27 14
31 16 29 18 27 16 29 14
31 18 29 18 29 16 31 16
31 14 29 16 31 18 33 16
33 14 33 16 31 16 31 14
25 15 25 13 24 13 24 15
24 14 25 15 24 16 23 15
18 29 20 29 20 30 18 30
18 28 17 28 17 26 18 26
19 29 18 28 20 26 21 27
19 31 18 30 19 29 20 30
22 22 20 24 19 23 21 21
23 22 22 22 22 21 23 21
24 23 23 22 24 21 25 22
22 23 24 23 24 24 22 24
21 22 22 21 23 22 22 23
20 22 20 21 21 21 21 22
20 23 19 23 19 22 20 22
21 24 20 25 19 24 20 23
22 25 22 24 21 24 21 25
23 26 22 27 21 26 22 25
23 25 24 25 24 26 23 26
22 28 21 27 23 25 24 26
21 28 21 27 22 27 22 28
19 28 20 29 21 28 20 27
18 27 19 28 18 29 17 28
31 31 30 32 28 30 29 29
31 30 32 30 32 31 31 31
30 29 31 28 32 29 31 30
30 31 31 31 31 32 30 32
29 30 30 31 29 32 28 31
29 31 28 31 28 30 29 30
21 23 21 24 20 24 20 23
23 23 22 22 23 21 24 22
23 24 22 25 21 24 22 23
29 28 30 29 29 30 28 29
28 28 28 27 29 27 29 28
30 28 29 29 28 28 29 27
31 29 30 28 31 27 32 28
30 30 31 30 31 29 30 29
24 28 24 26 26 26 26 28
34 17 37 14 39 16 36 19
34 20 34 17 35 17 35 20
33 20 34 20 34 21 33 21
34 19 35 20 34 21 33 20
36 17 34 19 31 16 33 14
36 16 39 16 39 17 36 17
19 33 19 35 16 35 16 33
22 30 19 33 15 29 18 26
23 31 22 30 24 28 25 29
22 32 23 31 25 33 24 34
22 33 19 33 19 32 22 32
21 32 22 33 18 37 17 36
16 29 16 33 15 33 15 29
15 26 14 27 16 29 17 28
16 27 16 26 15 26 15 27
26 16 29 13 30 14 27 17
18 33 19 32 22 35 21 36
33 18 33 20 32 20 32 18
33 19 34 20 33 21 32 20
34 16 32 18 33 19 35 17
33 17 34 17 34 16 33 16
32 19 33 20 32 21 31 20
26 15 26 16 25 16 25 15
25 14 26 15 25 16 24 15
25 12 24 13 25 14 26 13
26 12 26 13 25 13 25 12
14 25 15 25 15 26 14 26
12 30 15 33 18 30 15 27
29 17 32 20 31 21 28 18
30 16 29 17 25 13 26 12
31 19 31 20 28 20 28 19
23 28 24 28 24 31 23 31
22 29 21 28 22 27 23 28
24 29 23 28 26 25 27 26
