best-score: 751947
count: 17
elapsed-time: 4.721
110
21 23 20 22 21 21 22 22
22 23 21 23 21 22 22 22
21 24 20 23 21 22 22 23
20 24 20 23 21 23 21 24
22 11 23 11 23 12 22 12
21 20 21 19 22 19 22 20
22 21 21 20 22 19 23 20
23 21 22 21 22 20 23 20
20 20 21 19 22 20 21 21
19 20 20 20 20 21 19 21
20 19 21 20 20 21 19 20
21 18 21 19 20 19 20 18
9 20 8 19 9 18 10 19
22 17 22 16 23 16 23 17
23 18 22 19 21 18 22 17
10 18 11 18 11 19 10 19
7 14 8 14 8 15 7 15
20 12 21 13 20 14 19 13
21 12 21 13 20 13 20 12
22 13 21 12 22 11 23 12
19 14 20 14 20 13 19 13
13 10 14 11 13 12 12 11
13 11 13 12 12 12 12 11
14 10 14 11 13 11 13 10
15 12 14 11 15 10 16 11
14 12 15 12 15 13 14 13
15 11 14 12 13 11 14 10
16 10 16 11 15 11 15 10
15 9 16 8 17 9 16 10
14 9 15 9 15 10 14 10
13 13 14 12 15 13 14 14
12 14 11 13 12 12 13 13
13 14 14 14 14 13 13 13
12 13 13 12 14 13 13 14
11 12 11 13 12 13 12 12
11 10 10 11 11 12 12 11
10 21 8 21 8 19 10 19
10 23 10 21 11 21 11 23
9 22 8 21 9 20 10 21
18 18 17 19 19 21 20 20
18 11 19 10 21 12 20 13
17 10 18 11 17 12 16 11
19 9 19 10 17 10 17 9
19 8 20 8 20 9 19 9
18 9 19 8 20 9 19 10
13 17 11 19 10 18 12 16
12 17 12 16 13 16 13 17
15 18 14 19 12 17 13 16
15 19 14 19 14 18 15 18
13 19 14 20 15 19 14 18
13 20 13 19 14 19 14 20
12 21 10 19 11 18 13 20
18 16 20 14 22 16 20 18
20 16 20 18 18 18 18 16
22 14 22 16 20 16 20 14
23 13 23 14 22 14 22 13
24 12 23 13 22 12 23 11
24 13 23 13 23 12 24 12
12 19 12 21 11 21 11 19
16 12 17 12 17 14 16 14
17 11 16 12 15 11 16 10
18 12 18 11 17 11 17 12
17 15 16 14 18 12 19 13
19 15 17 15 17 14 19 14
16 15 14 13 15 12 17 14
14 15 14 14 16 14 16 15
12 15 13 16 14 15 13 14
13 15 12 15 12 14 13 14
14 16 14 15 13 15 13 16
15 17 14 18 13 17 14 16
16 18 15 17 17 15 18 16
16 20 15 19 16 18 17 19
18 20 16 20 16 18 18 18
16 17 16 18 15 18 15 17
17 17 16 17 16 15 17 15
15 15 14 16 13 15 14 14
11 15 12 16 13 15 12 14
11 16 11 15 12 15 12 16
10 17 11 16 12 17 11 18
9 17 10 17 10 18 9 18
10 16 9 17 7 15 8 14
11 17 11 16 10 16 10 17
12 18 12 17 11 17 11 18
13 18 13 19 12 19 12 18
14 17 14 18 13 18 13 17
15 16 15 17 14 17 14 16
17 16 16 17 15 16 16 15
20 10 18 12 17 11 19 9
19 12 20 12 20 10 19 10
18 13 19 13 19 12 18 12
18 15 17 14 18 13 19 14
7 16 8 15 10 17 9 18
9 15 9 13 11 13 11 15
8 17 9 17 9 15 8 15
8 8 9 7 13 11 12 12
8 7 9 7 9 8 8 8
13 22 9 22 9 20 13 20
11 24 10 23 12 21 13 22
7 12 8 11 12 15 11 16
7 10 11 10 11 12 7 12
6 9 8 7 9 8 7 10
18 21 15 18 16 17 19 20
10 14 8 14 8 11 10 11
10 12 9 13 10 14 11 13
13 23 13 22 20 22 20 23
17 27 13 23 16 20 20 24
15 27 15 19 17 19 17 27
18 24 15 27 11 23 14 20
12 24 12 21 18 21 18 24
14 23 13 22 22 13 23 14
