best-score: 573270
count: 11
elapsed-time: 4.722
86
19 34 20 33 21 34 20 35
17 18 16 17 18 15 19 16
21 32 21 34 19 34 19 32
20 31 21 32 20 33 19 32
18 33 20 33 20 31 18 31
17 32 18 31 19 32 18 33
24 19 26 21 24 23 22 21
23 16 22 17 24 19 25 18
36 20 35 19 38 16 39 17
34 22 36 20 39 23 37 25
34 19 35 19 35 22 34 22
33 18 37 14 38 15 34 19
29 22 25 18 29 14 33 18
30 21 30 22 29 22 29 21
25 34 25 38 21 38 21 34
25 30 26 30 26 34 25 34
29 34 25 38 21 34 25 30
23 35 20 35 20 33 23 33
25 33 26 34 24 36 23 35
16 31 16 28 17 28 17 31
14 35 13 34 16 31 17 32
19 17 22 17 22 21 19 21
16 16 16 17 19 17 19 16
34 23 30 23 30 22 34 22
37 23 37 25 34 25 34 23
16 24 19 21 21 23 18 26
14 28 16 28 16 24 14 24
22 29 20 31 17 28 19 26
25 22 25 18 27 18 27 22
23 19 24 19 24 23 23 23
20 19 20 16 23 16 23 19
31 30 30 29 34 25 35 26
27 25 26 24 29 21 30 22
29 25 27 25 27 22 29 22
26 27 26 24 25 24 25 27
27 27 27 30 26 30 26 27
25 21 23 23 27 27 29 25
25 26 29 22 30 23 26 27
16 12 20 16 19 17 15 13
33 33 33 39 39 39 39 33
37 17 39 17 39 23 37 23
29 17 29 14 37 14 37 17
27 15 29 17 25 21 23 19
33 15 33 18 27 18 27 15
36 37 30 31 31 30 37 36
14 39 14 35 20 35 20 39
13 38 18 33 19 34 14 39
19 38 13 38 13 34 19 34
20 37 21 38 20 39 19 38
20 26 13 19 16 16 23 23
26 43 21 38 25 34 30 39
31 29 31 30 39 30 39 29
29 31 25 27 27 25 31 29
30 34 30 31 29 31 29 34
27 37 23 33 26 30 30 34
27 36 27 30 31 30 31 36
24 37 27 37 27 36 24 36
17 30 24 23 25 24 18 31
26 17 29 17 29 21 26 21
18 21 19 21 19 26 18 26
20 23 18 21 20 19 22 21
13 30 20 23 27 30 20 37
25 36 21 32 26 27 30 31
21 26 21 23 20 23 20 26
24 29 24 23 30 23 30 29
22 36 24 36 24 29 22 29
18 30 17 31 22 36 23 35
20 28 18 30 16 28 18 26
19 28 19 26 20 26 20 28
18 27 18 30 25 30 25 27
13 23 13 19 20 19 20 23
20 18 14 24 13 23 19 17
36 38 27 38 27 37 36 37
33 41 26 34 29 31 36 38
30 41 30 39 33 39 33 41
38 20 25 33 20 28 33 15
36 16 36 20 38 20 38 16
29 43 26 43 26 34 29 34
16 22 25 22 25 24 16 24
29 28 29 31 20 31 20 28
34 28 29 28 29 25 34 25
42 30 39 33 34 28 37 25
42 33 39 33 39 30 42 30
33 42 30 39 39 30 42 33
28 31 27 30 29 28 30 29
31 26 29 28 25 24 27 22
