best-score: 546660
count: 29
elapsed-time: 4.513
57
19 11 20 12 21 11 20 10
20 11 20 12 19 12 19 11
21 12 20 13 19 12 20 11
21 13 20 13 20 12 21 12
21 10 21 11 20 11 20 10
22 20 21 21 20 20 21 19
21 20 21 21 20 21 20 20
22 19 22 20 21 20 21 19
15 23 14 22 15 21 16 22
14 23 14 22 15 22 15 23
16 21 16 22 15 22 15 21
14 21 15 22 16 21 15 20
14 20 15 20 15 21 14 21
16 20 15 21 14 20 15 19
11 11 11 9 12 9 12 11
16 9 17 10 15 12 14 11
16 10 16 9 17 9 17 10
18 12 16 10 17 9 19 11
14 18 13 17 15 15 16 16
13 18 14 18 14 20 13 20
14 17 16 19 15 20 13 18
10 11 10 15 8 15 8 11
12 13 10 11 12 9 14 11
15 13 15 15 12 15 12 13
18 13 15 13 15 12 18 12
20 15 20 13 18 13 18 15
23 15 23 16 20 16 20 15
24 16 21 19 20 18 23 15
10 22 10 21 14 21 14 22
6 22 8 24 10 22 8 20
17 16 21 20 22 19 18 15
17 18 17 16 20 16 20 18
19 22 16 19 17 18 20 21
16 23 19 23 19 22 16 22
15 24 14 23 15 22 16 23
16 24 15 24 15 23 16 23
17 17 16 16 20 12 21 13
7 18 10 15 13 18 10 21
19 14 18 15 17 14 18 13
21 14 20 15 19 14 20 13
20 19 20 20 16 20 16 19
21 18 21 19 20 19 20 18
15 16 16 16 16 19 15 19
13 14 15 12 17 14 15 16
14 14 14 17 13 17 13 14
17 11 17 14 14 14 14 11
19 10 19 11 17 11 17 10
20 9 21 10 20 11 19 10
19 9 20 9 20 10 19 10
16 14 15 15 14 14 15 13
11 14 12 13 13 14 12 15
7 12 10 15 11 14 8 11
13 24 8 24 8 20 13 20
5 17 11 11 14 14 8 20
7 17 13 17 13 18 7 18
5 12 5 17 7 17 7 12
9 8 12 11 8 15 5 12
