best-score: 904366
count: 12
elapsed-time: 4.799
136
21 9 22 9 22 8 21 8
20 8 21 9 20 10 19 9
20 9 19 9 19 8 20 8
20 7 19 8 20 9 21 8
21 7 21 8 20 8 20 7
22 6 23 7 22 8 21 7
21 10 20 10 20 9 21 9
18 9 17 8 18 7 19 8
17 9 17 8 18 8 18 9
18 10 17 9 18 8 19 9
19 10 18 10 18 9 19 9
20 11 19 10 20 9 21 10
19 11 19 10 20 10 20 11
18 11 19 11 19 12 18 12
17 10 18 9 19 10 18 11
17 11 17 10 18 10 18 11
23 18 22 19 21 18 22 17
19 7 19 8 18 8 18 7
20 6 21 7 20 8 19 7
19 6 20 6 20 7 19 7
10 9 11 9 11 10 10 10
11 8 12 9 11 10 10 9
12 8 12 9 11 9 11 8
13 8 12 8 12 7 13 7
13 6 12 7 13 8 14 7
14 6 14 7 13 7 13 6
9 11 10 10 11 11 10 12
10 11 10 12 9 12 9 11
11 12 10 11 11 10 12 11
12 12 11 12 11 11 12 11
12 10 11 11 12 12 13 11
13 9 12 10 11 9 12 8
14 8 15 9 14 10 13 9
15 7 14 8 13 7 14 6
15 8 14 8 14 7 15 7
16 7 17 8 16 9 15 8
13 10 13 9 12 9 12 10
14 9 13 10 12 9 13 8
15 10 15 9 14 9 14 10
16 11 15 10 16 9 17 10
20 12 21 12 21 13 20 13
19 13 18 12 19 11 20 12
16 10 17 10 17 9 16 9
16 8 15 9 16 10 17 9
17 7 17 8 16 8 16 7
18 6 19 7 18 8 17 7
17 6 18 6 18 7 17 7
18 5 19 6 18 7 17 6
19 5 19 6 18 6 18 5
16 6 17 7 16 8 15 7
15 6 16 6 16 7 15 7
16 5 17 6 16 7 15 6
17 5 17 6 16 6 16 5
18 4 19 5 18 6 17 5
17 4 18 4 18 5 17 5
14 11 14 10 13 10 13 11
13 12 12 11 13 10 14 11
13 13 12 13 12 12 13 12
11 13 12 14 13 13 12 12
10 14 9 13 10 12 11 13
10 13 11 13 11 12 10 12
9 14 10 14 10 13 9 13
8 13 9 12 10 13 9 14
8 12 9 12 9 13 8 13
8 14 7 13 8 12 9 13
7 14 7 13 8 13 8 14
11 14 10 13 11 12 12 13
10 15 11 15 11 14 10 14
9 16 8 15 9 14 10 15
9 15 9 16 8 16 8 15
7 15 8 16 9 15 8 14
16 18 16 19 17 19 17 18
10 16 9 15 10 14 11 15
12 18 13 17 14 18 13 19
10 18 11 19 12 18 11 17
15 11 16 11 16 10 15 10
16 12 15 11 16 10 17 11
17 12 16 12 16 11 17 11
18 13 17 12 18 11 19 12
17 13 17 12 18 12 18 13
16 14 15 13 16 12 17 13
16 13 17 13 17 14 16 14
15 12 16 11 17 12 16 13
14 12 14 11 15 11 15 12
14 14 13 13 14 12 15 13
19 14 18 15 17 14 18 13
20 14 19 14 19 13 20 13
12 16 11 15 12 14 13 15
6 18 8 16 10 18 8 20
9 18 9 16 10 16 10 18
21 16 19 14 20 13 22 15
23 16 23 18 21 18 21 16
24 15 23 16 22 15 23 14
24 17 22 17 22 15 24 15
18 16 16 18 17 19 19 17
17 15 19 13 20 14 18 16
18 14 18 15 17 15 17 14
15 17 13 17 13 15 15 15
15 19 14 18 15 17 16 18
16 16 16 18 14 18 14 16
12 20 12 23 8 23 8 20
14 20 12 20 12 18 14 18
18 22 17 23 14 20 15 19
20 22 20 21 23 21 23 22
17 25 14 22 17 19 20 22
6 9 7 8 10 11 9 12
19 22 16 19 17 18 20 21
18 19 18 22 19 22 19 19
13 21 12 20 13 19 14 20
13 22 13 21 14 21 14 22
8 19 12 23 13 22 9 18
8 17 11 17 11 19 8 19
10 17 9 18 8 17 9 16
12 15 16 19 14 21 10 17
11 16 12 16 12 15 11 15
11 21 13 21 13 19 11 19
10 20 11 19 12 20 11 21
21 15 21 16 18 16 18 15
25 19 23 21 19 17 21 15
13 14 13 15 12 15 12 14
14 13 13 14 12 13 13 12
15 14 15 13 14 13 14 14
16 15 15 14 16 13 17 14
17 16 17 15 16 15 16 16
18 18 18 16 17 16 17 18
20 19 17 16 18 15 21 18
20 17 22 17 22 19 20 19
22 14 21 15 20 14 21 13
21 14 22 14 22 15 21 15
9 24 8 23 16 15 17 16
6 24 6 18 9 18 9 24
23 9 23 14 22 14 22 9
24 10 21 13 20 12 23 9
24 12 21 12 21 10 24 10
12 25 12 23 17 23 17 25
20 20 20 21 14 21 14 20
