best-score: 587579
count: 15
elapsed-time: 4.625
94
11 25 12 24 13 25 12 26
24 22 23 21 24 20 25 21
17 12 16 11 17 10 18 11
14 16 13 15 14 14 15 15
20 19 20 20 21 20 21 19
16 20 17 20 17 21 16 21
17 19 18 20 17 21 16 20
16 18 17 17 18 18 17 19
19 19 20 20 19 21 18 20
19 17 18 18 19 19 20 18
18 19 18 20 17 20 17 19
19 18 19 19 18 19 18 18
19 20 18 19 19 18 20 19
18 21 19 21 19 20 18 20
17 22 16 21 17 20 18 21
16 22 17 22 17 23 16 23
18 22 17 23 16 22 17 21
20 17 20 18 19 18 19 17
25 24 25 26 27 26 27 24
29 24 27 26 25 24 27 22
11 8 12 9 10 11 9 10
29 22 29 24 27 24 27 22
14 26 12 26 12 24 14 24
15 25 14 26 13 25 14 24
26 24 24 26 22 24 24 22
24 14 23 14 23 12 24 12
16 9 16 11 15 11 15 9
21 14 23 14 23 15 21 15
19 12 21 10 23 12 21 14
22 22 20 20 21 19 23 21
21 22 22 22 22 24 21 24
20 23 18 21 19 20 21 22
19 26 18 25 20 23 21 24
13 17 13 15 15 15 15 17
14 18 13 17 14 16 15 17
14 20 14 18 16 18 16 20
15 23 13 21 14 20 16 22
16 25 16 23 15 23 15 25
25 20 24 20 24 18 25 18
22 20 24 20 24 22 22 22
19 10 19 12 17 12 17 10
22 16 23 17 21 19 20 18
22 14 21 15 22 16 23 15
23 16 23 17 22 17 22 16
20 15 22 17 23 16 21 14
21 17 21 15 20 15 20 17
22 19 22 17 21 17 21 19
21 18 22 19 21 20 20 19
15 19 15 17 17 17 17 19
13 19 14 20 15 19 14 18
15 21 15 19 13 19 13 21
15 22 15 21 16 21 16 22
9 9 12 9 12 10 9 10
23 20 27 24 25 26 21 22
24 17 22 19 23 20 25 18
27 17 24 17 24 14 27 14
26 18 23 15 24 14 27 17
28 14 24 18 23 17 27 13
13 22 13 25 11 25 11 22
12 21 13 22 12 23 11 22
10 23 12 23 12 21 10 21
9 22 10 21 11 22 10 23
28 13 28 14 27 14 27 13
26 13 27 14 28 13 27 12
26 12 27 12 27 13 26 13
23 24 23 21 25 21 25 24
11 16 11 14 14 14 14 16
8 19 11 16 13 18 10 21
21 25 18 22 19 21 22 24
18 24 18 25 21 25 21 24
16 26 15 25 17 23 18 24
18 26 16 26 16 25 18 25
10 19 10 18 13 18 13 19
8 21 10 21 10 19 8 19
23 18 24 18 24 17 23 17
20 29 16 25 21 20 25 24
17 29 17 23 20 23 20 29
25 13 26 13 26 18 25 18
23 13 24 14 25 13 24 12
13 11 15 9 21 15 19 17
10 15 13 15 13 11 10 11
12 15 11 16 10 15 11 14
13 14 18 19 17 20 12 15
19 14 12 21 10 19 17 12
17 14 19 14 19 17 17 17
14 12 14 14 17 14 17 12
21 12 21 14 19 14 19 12
23 10 23 12 21 12 21 10
21 8 23 10 21 12 19 10
19 8 21 8 21 10 19 10
18 7 19 8 17 10 16 9
16 15 17 14 20 17 19 18
18 15 18 18 16 18 16 15
20 11 20 15 18 15 18 11
