best-score: 697466
count: 2
elapsed-time: 4.92
315
39 14 38 14 38 13 39 13
14 20 15 19 16 20 15 21
14 33 13 33 13 32 14 32
14 35 13 34 14 33 15 34
37 36 36 35 37 34 38 35
38 21 37 21 37 20 38 20
37 22 36 21 37 20 38 21
36 22 36 21 37 21 37 22
16 22 15 23 14 22 15 21
17 19 18 20 17 21 16 20
35 36 34 35 35 34 36 35
36 34 36 33 37 33 37 34
35 35 36 35 36 34 35 34
35 33 34 34 35 35 36 34
34 33 35 33 35 34 34 34
35 32 36 33 35 34 34 33
36 32 36 33 35 33 35 32
37 31 36 32 35 31 36 30
38 32 37 31 38 30 39 31
34 36 35 36 35 35 34 35
29 13 30 14 29 15 28 14
29 14 28 14 28 13 29 13
30 15 30 14 29 14 29 15
32 19 31 18 32 17 33 18
33 19 32 19 32 18 33 18
32 20 31 19 32 18 33 19
31 20 31 19 32 19 32 20
25 16 25 17 24 17 24 16
25 15 26 15 26 16 25 16
27 15 26 16 25 15 26 14
26 17 25 18 24 17 25 16
27 14 27 15 26 15 26 14
28 15 27 14 28 13 29 14
27 17 26 18 25 17 26 16
27 18 26 18 26 17 27 17
26 19 27 18 28 19 27 20
25 19 25 18 26 18 26 19
35 24 36 25 35 26 34 25
34 27 35 27 35 26 34 26
34 24 34 25 33 25 33 24
35 25 34 26 33 25 34 24
36 24 36 25 35 25 35 24
30 21 31 22 30 23 29 22
31 21 30 21 30 20 31 20
27 19 28 19 28 20 27 20
26 20 25 19 26 18 27 19
30 22 30 23 31 23 31 22
32 22 31 23 30 22 31 21
24 24 23 25 22 24 23 23
24 23 25 23 25 24 24 24
32 24 33 25 32 26 31 25
29 21 29 22 30 22 30 21
29 19 28 20 29 21 30 20
32 27 31 28 32 29 33 28
25 32 25 31 26 31 26 32
26 33 25 32 26 31 27 32
27 33 26 33 26 32 27 32
22 27 23 26 24 27 23 28
31 29 30 29 30 28 31 28
29 29 30 30 31 29 30 28
29 30 29 29 30 29 30 30
26 24 27 25 28 24 27 23
25 25 24 24 25 23 26 24
26 25 25 25 25 24 26 24
27 26 27 25 26 25 26 26
27 24 26 25 27 26 28 25
26 23 26 24 27 24 27 23
25 22 26 23 25 24 24 23
26 22 26 23 25 23 25 22
28 23 27 24 26 23 27 22
24 26 25 25 26 26 25 27
25 26 25 27 24 27 24 26
24 25 25 24 26 25 25 26
23 24 23 25 24 25 24 24
22 23 22 24 23 24 23 23
23 22 24 23 23 24 22 23
24 22 24 23 23 23 23 22
25 21 25 22 24 22 24 21
27 21 26 22 25 21 26 20
26 21 27 21 27 22 26 22
25 20 25 21 26 21 26 20
24 19 25 18 26 19 25 20
23 18 24 19 23 20 22 19
23 16 22 17 23 18 24 17
24 20 24 19 25 19 25 20
23 21 24 20 25 21 24 22
35 23 35 24 34 24 34 23
37 23 36 24 35 23 36 22
22 21 23 20 24 21 23 22
22 22 22 21 23 21 23 22
22 20 21 21 22 22 23 21
23 19 23 20 22 20 22 19
24 18 24 19 23 19 23 18
23 17 24 16 25 17 24 18
22 16 22 17 23 17 23 16
32 21 32 22 31 22 31 21
33 20 32 21 31 20 32 19
34 20 33 20 33 19 34 19
28 21 27 22 26 21 27 20
29 20 29 21 28 21 28 20
30 19 31 20 30 21 29 20
30 18 31 18 31 19 30 19
29 17 30 16 31 17 30 18
22 25 23 24 24 25 23 26
22 26 22 25 23 25 23 26
23 27 22 26 23 25 24 26
22 28 23 28 23 27 22 27
28 22 28 23 27 23 27 22
29 23 28 22 29 21 30 22
29 24 28 24 28 23 29 23
33 21 32 21 32 20 33 20
21 20 22 20 22 21 21 21
41 15 40 16 38 14 39 13
36 14 38 14 38 16 36 16
34 14 34 13 36 13 36 14
35 13 36 14 35 15 34 14
38 18 40 18 40 16 38 16
17 41 17 40 19 40 19 41
36 18 38 16 40 18 38 20
35 17 36 18 34 20 33 19
34 17 34 15 35 15 35 17
35 18 34 19 33 18 34 17
36 17 36 18 35 18 35 17
38 15 36 17 34 15 36 13
16 14 18 14 18 16 16 16
16 18 14 16 16 14 18 16
16 19 16 18 17 18 17 19
15 20 16 20 16 19 15 19
14 21 15 21 15 20 14 20
13 21 14 21 14 22 13 22
14 18 16 18 16 16 14 16
34 16 35 15 36 16 35 17
33 15 34 16 32 18 31 17
33 14 34 14 34 15 33 15
31 16 33 14 34 15 32 17
30 17 31 17 31 16 30 16
29 18 30 17 31 18 30 19
28 18 29 18 29 19 28 19
28 16 27 17 28 18 29 17
29 16 28 16 28 15 29 15
40 34 39 35 37 33 38 32
38 34 38 32 40 32 40 34
37 35 38 35 38 34 37 34
36 36 37 36 37 35 36 35
35 37 34 36 35 35 36 36
36 37 35 37 35 36 36 36
38 39 36 37 37 36 39 38
38 19 37 20 35 18 36 17
36 19 36 18 38 18 38 19
17 23 17 21 15 21 15 23
18 22 17 23 16 22 17 21
22 14 23 13 25 15 24 16
39 26 41 26 41 24 39 24
18 35 19 34 21 36 20 37
39 33 37 33 37 31 39 31
31 39 29 41 28 40 30 38
32 34 32 35 34 35 34 34
35 22 33 20 34 19 36 21
36 23 35 24 34 23 35 22
37 24 37 23 36 23 36 24
39 22 41 24 39 26 37 24
39 23 37 23 37 22 39 22
40 22 39 23 37 21 38 20
18 24 18 23 17 23 17 24
37 27 39 29 38 30 36 28
37 29 37 27 39 27 39 29
35 29 37 29 37 31 35 31
34 28 35 27 36 28 35 29
33 27 33 28 34 28 34 27
32 30 31 29 33 27 34 28
34 32 32 34 30 32 32 30
33 33 34 33 34 32 33 32
31 34 32 35 34 33 33 32
30 34 30 32 31 32 31 34
32 36 30 38 28 36 30 34
34 31 34 32 35 32 35 31
31 30 33 32 34 31 32 29
30 31 29 30 30 29 31 30
29 34 28 33 30 31 31 32
30 36 30 34 29 34 29 36
32 38 30 36 32 34 34 36
32 40 31 39 32 38 33 39
33 40 32 40 32 39 33 39
38 28 38 30 36 30 36 28
38 26 37 27 35 25 36 24
28 35 28 36 26 36 26 35
26 37 28 35 29 36 27 38
33 22 33 24 32 24 32 22
32 23 31 22 32 21 33 22
31 26 33 24 34 25 32 27
30 27 28 25 29 24 31 26
29 28 30 27 31 28 30 29
29 27 30 27 30 28 29 28
28 28 26 26 27 25 29 27
28 29 28 28 29 28 29 29
26 27 27 26 29 28 28 29
25 28 24 27 25 26 26 27
26 28 25 28 25 27 26 27
32 32 31 32 31 30 32 30
28 32 30 34 32 32 30 30
28 31 30 31 30 32 28 32
27 30 28 29 29 30 28 31
24 29 26 31 27 30 25 28
21 30 22 31 24 29 23 28
22 30 22 31 21 31 21 30
27 31 28 32 27 33 26 32
28 30 28 31 27 31 27 30
27 29 28 28 29 29 28 30
24 30 25 31 27 29 26 28
22 29 22 30 24 30 24 29
33 26 33 27 32 27 32 26
30 26 28 24 29 23 31 25
31 27 30 28 29 27 30 26
32 28 32 27 31 27 31 28
33 29 33 28 32 28 32 29
32 25 32 26 31 26 31 25
31 38 31 39 32 39 32 38
34 38 32 38 32 36 34 36
31 36 31 38 30 38 30 36
31 35 32 35 32 36 31 36
35 21 35 22 33 22 33 21
35 19 36 19 36 21 35 21
34 18 34 19 35 19 35 18
33 17 33 18 34 18 34 17
32 15 32 17 33 17 33 15
36 20 37 21 36 22 35 21
34 22 33 21 34 20 35 21
33 23 34 22 35 23 34 24
39 11 41 13 38 16 36 14
41 11 41 13 39 13 39 11
11 15 13 13 16 16 14 18
11 13 13 13 13 15 11 15
38 38 38 35 39 35 39 38
34 39 38 39 38 38 34 38
33 38 34 39 33 40 32 39
34 37 33 38 31 36 32 35
35 38 34 37 35 36 36 37
36 39 35 40 34 39 35 38
39 37 38 38 36 36 37 35
18 33 18 35 14 35 14 33
19 32 20 33 19 34 18 33
15 32 19 32 19 34 15 34
14 31 15 32 14 33 13 32
14 29 17 29 17 31 14 31
21 16 21 20 18 20 18 16
21 14 22 14 22 16 21 16
16 25 13 22 14 21 17 24
18 29 15 26 16 25 19 28
20 29 20 33 18 33 18 29
21 26 19 28 20 29 22 27
19 22 18 23 21 26 22 25
19 23 18 23 18 22 19 22
20 20 18 22 19 23 21 21
22 18 20 20 16 16 18 14
20 21 19 22 16 19 17 18
21 22 20 21 21 20 22 21
21 23 21 22 22 22 22 23
18 28 17 27 21 23 22 24
17 28 18 28 18 29 17 29
24 13 24 16 23 16 23 13
25 12 27 14 26 15 24 13
14 25 14 22 16 22 16 25
14 27 13 26 14 25 15 26
14 28 14 27 17 27 17 28
13 27 17 23 18 24 14 28
14 26 14 27 13 27 13 26
29 40 28 40 28 36 29 36
32 41 32 40 29 40 29 41
24 37 20 33 22 31 26 35
24 36 26 36 26 37 24 37
27 39 24 36 27 33 30 36
30 39 27 39 27 38 30 38
31 40 30 39 31 38 32 39
20 22 20 21 21 21 21 22
18 31 20 29 21 30 19 32
20 38 24 38 24 37 20 37
28 41 26 39 27 38 29 40
21 27 18 24 19 23 22 26
17 26 17 27 21 27 21 26
15 24 15 26 17 26 17 24
20 32 17 29 18 28 21 31
23 35 22 34 25 31 26 32
21 39 20 38 23 35 24 36
23 33 26 33 26 35 23 35
19 24 19 28 18 28 18 24
21 24 19 24 19 23 21 23
21 25 21 24 22 24 22 25
20 28 22 28 22 29 20 29
21 29 20 28 21 27 22 28
23 31 23 28 25 28 25 31
22 33 23 33 23 31 22 31
20 34 22 34 22 33 20 33
17 37 20 34 24 38 21 41
19 37 19 34 20 34 20 37
17 35 20 32 22 34 19 37
16 36 13 33 14 32 17 35
14 40 13 39 16 36 17 37
14 37 17 37 17 40 14 40
10 33 14 29 18 33 14 37
10 34 10 33 13 33 13 34
22 32 21 31 22 30 23 31
13 36 16 36 16 39 13 39
16 40 19 37 20 38 17 41
16 13 22 19 21 20 15 14
15 13 16 13 16 14 15 14
13 11 15 13 13 15 11 13
15 11 15 13 13 13 13 11
21 40 28 40 28 41 21 41
19 39 19 40 21 40 21 39
17 17 22 17 22 18 17 18
23 42 21 40 24 37 26 39
18 42 18 35 23 35 23 42
40 33 34 27 35 26 41 32
40 27 35 32 34 31 39 26
41 27 41 32 40 32 40 27
