best-score: 780649
count: 2
elapsed-time: 4.868
371
12 35 13 34 14 35 13 36
12 34 13 34 13 35 12 35
33 37 32 36 33 35 34 36
35 13 35 14 34 14 34 13
36 14 35 15 34 14 35 13
36 15 35 15 35 14 36 14
35 16 34 15 35 14 36 15
34 17 35 17 35 16 34 16
33 18 34 18 34 17 33 17
33 19 32 19 32 18 33 18
34 34 33 33 34 32 35 33
33 34 33 33 34 33 34 34
33 32 32 33 33 34 34 33
32 32 33 32 33 33 32 33
31 33 32 32 33 33 32 34
30 32 31 33 30 34 29 33
29 32 30 32 30 33 29 33
30 31 31 32 30 33 29 32
31 31 31 32 30 32 30 31
30 30 31 31 30 32 29 31
29 30 30 30 30 31 29 31
30 29 31 30 30 31 29 30
31 29 31 30 30 30 30 29
32 30 31 29 32 28 33 29
33 31 32 32 31 31 32 30
34 31 34 32 33 32 33 31
34 29 33 30 34 31 35 30
35 29 35 30 34 30 34 29
36 30 35 31 34 30 35 29
36 31 35 31 35 30 36 30
32 35 32 34 33 34 33 35
31 36 32 36 32 35 31 35
33 14 34 14 34 15 33 15
32 13 33 12 34 13 33 14
33 13 32 13 32 12 33 12
32 14 33 13 34 14 33 15
36 16 35 17 34 16 35 15
35 32 35 33 34 33 34 32
35 34 34 33 35 32 36 33
36 34 35 34 35 33 36 33
36 18 35 18 35 17 36 17
35 19 34 18 35 17 36 18
34 19 34 18 35 18 35 19
33 20 34 19 35 20 34 21
34 20 33 20 33 19 34 19
35 21 35 20 34 20 34 21
36 20 35 21 34 20 35 19
31 34 31 33 32 33 32 34
30 35 29 34 30 33 31 34
29 35 29 34 30 34 30 35
30 36 29 35 30 34 31 35
17 14 18 13 19 14 18 15
17 13 18 13 18 14 17 14
16 14 17 13 18 14 17 15
16 15 16 14 17 14 17 15
15 14 16 13 17 14 16 15
14 14 14 13 15 13 15 14
13 13 14 14 13 15 12 14
13 14 12 14 12 13 13 13
13 12 12 13 13 14 14 13
14 12 14 13 13 13 13 12
37 18 36 19 35 18 36 17
37 19 36 19 36 18 37 18
34 28 35 27 36 28 35 29
34 27 35 27 35 28 34 28
33 28 34 27 35 28 34 29
32 29 33 29 33 28 32 28
31 28 32 27 33 28 32 29
29 28 30 29 31 28 30 27
31 17 32 16 33 17 32 18
36 29 35 29 35 28 36 28
37 30 36 31 35 30 36 29
21 35 20 35 20 34 21 34
22 36 21 35 22 34 23 35
37 28 36 29 35 28 36 27
18 17 17 16 18 15 19 16
17 17 17 16 18 16 18 17
16 16 17 15 18 16 17 17
16 32 16 31 17 31 17 32
18 32 17 33 16 32 17 31
18 33 17 33 17 32 18 32
19 32 18 33 17 32 18 31
37 20 36 21 35 20 36 19
37 21 36 21 36 20 37 20
38 20 37 21 36 20 37 19
36 22 35 22 35 21 36 21
34 22 35 23 36 22 35 21
33 22 34 22 34 23 33 23
32 22 32 21 33 21 33 22
28 34 28 33 29 33 29 34
27 35 28 34 29 35 28 36
37 27 37 28 36 28 36 27
32 20 33 21 34 20 33 19
31 19 31 20 32 20 32 19
31 21 30 20 31 19 32 20
30 21 30 20 31 20 31 21
29 20 30 19 31 20 30 21
29 19 30 19 30 20 29 20
19 31 19 32 18 32 18 31
20 15 20 16 19 16 19 15
21 14 20 15 19 14 20 13
16 18 17 17 18 18 17 19
15 18 16 18 16 19 15 19
29 18 28 17 29 16 30 17
37 22 36 23 35 22 36 21
37 23 36 23 36 22 37 22
38 22 37 23 36 22 37 21
19 18 19 17 18 17 18 18
20 17 21 18 20 19 19 18
21 16 20 17 19 16 20 15
21 17 20 17 20 16 21 16
20 18 19 17 20 16 21 17
21 19 21 18 20 18 20 19
21 20 21 19 22 19 22 20
22 21 21 20 22 19 23 20
23 22 23 21 22 21 22 22
24 23 24 22 23 22 23 23
25 24 25 23 24 23 24 24
23 24 24 25 25 24 24 23
23 25 23 24 24 24 24 25
24 26 23 27 22 26 23 25
24 27 24 26 25 26 25 27
23 26 24 25 25 26 24 27
22 27 23 27 23 26 22 26
22 28 21 28 21 27 22 27
26 36 25 36 25 35 26 35
26 34 25 35 26 36 27 35
27 34 27 35 26 35 26 34
25 34 26 35 27 34 26 33
25 33 26 33 26 34 25 34
24 34 23 33 24 32 25 33
23 34 24 34 24 35 23 35
22 33 22 34 23 34 23 33
24 33 23 34 22 33 23 32
25 32 25 33 24 33 24 32
27 32 26 33 25 32 26 31
28 31 29 32 28 33 27 32
28 32 28 31 29 31 29 32
27 33 28 33 28 32 27 32
26 32 27 33 26 34 25 33
27 31 27 32 26 32 26 31
28 30 29 31 28 32 27 31
27 30 28 30 28 31 27 31
28 29 29 30 28 31 27 30
29 29 28 29 28 28 29 28
30 28 31 29 30 30 29 29
31 27 31 28 30 28 30 27
31 25 30 26 31 27 32 26
32 25 32 26 31 26 31 25
31 24 32 25 31 26 30 25
28 35 27 34 28 33 29 34
29 36 29 35 28 35 28 36
30 37 29 36 30 35 31 36
29 37 29 36 30 36 30 37
22 32 23 33 22 34 21 33
21 32 22 32 22 33 21 33
20 33 19 32 20 31 21 32
19 34 20 33 21 34 20 35
19 33 20 33 20 34 19 34
20 32 21 33 20 34 19 33
21 31 21 32 20 32 20 31
23 31 22 32 21 31 22 30
25 31 24 32 23 31 24 30
26 30 27 31 26 32 25 31
25 30 26 30 26 31 25 31
26 29 27 30 26 31 25 30
27 28 26 29 25 28 26 27
28 27 29 28 28 29 27 28
27 27 28 27 28 28 27 28
29 27 28 28 27 27 28 26
34 24 35 23 36 24 35 25
34 25 34 24 35 24 35 25
33 24 34 23 35 24 34 25
20 30 21 31 20 32 19 31
19 30 20 30 20 31 19 31
27 15 26 16 25 15 26 14
26 15 26 14 27 14 27 15
26 13 25 14 26 15 27 14
25 13 26 13 26 14 25 14
24 13 25 14 24 15 23 14
24 14 23 14 23 13 24 13
24 12 23 13 24 14 25 13
25 12 25 13 24 13 24 12
26 11 27 12 26 13 25 12
15 22 16 23 15 24 14 23
27 29 28 30 29 29 28 28
26 28 26 29 27 29 27 28
24 28 25 29 26 28 25 27
23 28 23 27 24 27 24 28
24 29 23 30 22 29 23 28
23 29 24 29 24 30 23 30
21 29 22 30 23 29 22 28
21 30 21 29 22 29 22 30
20 29 21 30 20 31 19 30
20 28 21 28 21 29 20 29
19 27 20 26 21 27 20 28
18 26 19 27 18 28 17 27
22 31 23 31 23 32 22 32
24 31 23 32 22 31 23 30
24 16 25 16 25 15 24 15
23 15 24 14 25 15 24 16
24 17 23 16 24 15 25 16
23 17 23 16 24 16 24 17
29 25 29 26 30 26 30 25
18 22 19 23 18 24 17 23
28 25 29 26 30 25 29 24
28 24 29 24 29 25 28 25
29 23 30 24 29 25 28 24
30 23 30 24 29 24 29 23
21 21 22 20 23 21 22 22
22 24 23 23 24 24 23 25
22 23 23 23 23 24 22 24
21 22 22 21 23 22 22 23
21 23 21 22 22 22 22 23
20 24 21 24 21 23 20 23
21 25 20 24 21 23 22 24
22 25 21 25 21 24 22 24
21 26 22 25 23 26 22 27
20 27 21 27 21 26 20 26
19 28 20 27 21 28 20 29
18 27 18 28 19 28 19 27
17 26 17 27 18 27 18 26
19 26 18 27 17 26 18 25
20 25 21 26 20 27 19 26
19 24 20 23 21 24 20 25
19 25 19 24 20 24 20 25
17 25 18 26 19 25 18 24
17 24 18 24 18 25 17 25
16 24 16 23 17 23 17 24
15 25 16 25 16 24 15 24
16 26 15 25 16 24 17 25
16 28 15 27 16 26 17 27
14 15 14 14 13 14 13 15
15 15 14 14 15 13 16 14
15 16 15 15 16 15 16 16
16 17 15 16 16 15 17 16
17 18 17 17 16 17 16 18
18 19 18 18 17 18 17 19
17 20 16 19 17 18 18 19
16 20 16 19 17 19 17 20
37 29 37 30 36 30 36 29
38 28 37 29 36 28 37 27
38 29 37 29 37 28 38 28
15 31 16 32 15 33 14 32
15 30 16 30 16 31 15 31
38 19 38 20 37 20 37 19
38 21 38 22 37 22 37 21
39 20 38 21 37 20 38 19
39 21 38 21 38 20 39 20
18 23 19 24 18 25 17 24
19 22 19 23 18 23 18 22
20 21 21 22 20 23 19 22
20 22 20 21 21 21 21 22
19 20 20 19 21 20 20 21
35 36 34 36 34 34 35 34
34 37 32 35 33 34 35 36
33 36 33 37 34 37 34 36
16 34 14 36 13 35 15 33
14 34 14 32 16 32 16 34
16 35 16 36 14 36 14 35
17 36 16 35 18 33 19 34
12 17 14 15 15 16 13 18
31 15 33 15 33 17 31 17
29 17 27 15 29 13 31 15
30 18 30 17 29 17 29 18
31 18 31 19 30 19 30 18
32 17 33 18 32 19 31 18
31 16 33 14 34 15 32 17
13 16 15 16 15 18 13 18
27 13 29 13 29 14 27 14
26 12 26 13 27 13 27 12
25 11 25 12 26 12 26 11
10 23 12 21 14 23 12 25
19 12 21 12 21 14 19 14
20 11 21 12 20 13 19 12
18 11 20 11 20 13 18 13
17 12 18 11 19 12 18 13
16 12 17 12 17 13 16 13
15 11 16 12 15 13 14 12
18 30 16 30 16 28 18 28
17 29 18 28 19 29 18 30
15 29 16 30 17 29 16 28
14 27 14 29 15 29 15 27
15 28 14 27 16 25 17 26
16 29 15 30 14 29 15 28
17 30 16 29 18 27 19 28
14 26 14 27 13 27 13 26
12 24 13 23 15 25 14 26
36 25 36 27 35 27 35 25
37 24 36 25 35 24 36 23
37 25 36 25 36 24 37 24
38 24 37 25 36 24 37 23
28 16 29 16 29 17 28 17
21 15 21 14 23 14 23 15
20 14 22 12 23 13 21 15
19 13 20 14 19 15 18 14
38 23 38 24 37 24 37 23
39 22 38 23 37 22 38 21
39 23 38 23 38 22 39 22
40 22 39 23 38 22 39 21
28 18 29 17 30 18 29 19
28 19 28 18 29 18 29 19
14 28 13 27 14 26 15 27
19 21 18 22 16 20 17 19
20 20 21 21 20 22 19 21
19 19 20 18 21 19 20 20
18 20 19 20 19 19 18 19
17 22 18 22 18 20 17 20
18 21 19 22 18 23 17 22
27 18 25 16 26 15 28 17
27 17 28 17 28 18 27 18
34 26 34 27 32 27 32 26
36 26 35 27 34 26 35 25
38 26 37 27 36 26 37 25
31 23 33 23 33 24 31 24
32 24 31 25 30 24 31 23
33 25 32 24 33 23 34 24
33 27 32 26 33 25 34 26
27 21 28 22 30 20 29 19
26 20 27 21 25 23 24 22
25 19 27 17 28 18 26 20
30 22 31 21 32 22 31 23
28 21 28 22 30 22 30 21
27 20 28 19 29 20 28 21
26 21 27 21 27 20 26 20
25 20 26 21 24 23 23 22
23 19 23 20 25 20 25 19
22 18 23 19 22 20 21 19
22 16 21 17 22 18 23 17
22 17 22 18 21 18 21 17
23 18 22 19 21 18 22 17
26 19 25 20 23 18 24 17
22 15 21 16 22 17 23 16
22 13 21 14 22 15 23 14
23 12 23 13 22 13 22 12
24 11 25 12 24 13 23 12
23 11 24 11 24 12 23 12
24 10 25 11 24 12 23 11
25 10 25 11 24 11 24 10
31 22 31 23 30 23 30 22
32 23 31 22 32 21 33 22
27 22 28 21 30 23 29 24
27 24 27 22 28 22 28 24
27 26 25 26 25 24 27 24
26 25 27 26 26 27 25 26
26 23 25 24 26 25 27 24
25 21 25 23 26 23 26 21
40 21 40 22 39 22 39 21
22 11 23 12 22 13 21 12
21 11 22 11 22 12 21 12
22 10 23 11 22 12 21 11
23 10 23 11 22 11 22 10
24 9 25 10 24 11 23 10
23 9 24 9 24 10 23 10
12 33 15 30 16 31 13 34
12 31 15 31 15 33 12 33
12 16 13 15 16 18 15 19
12 15 13 15 13 16 12 16
19 35 16 35 16 34 19 34
20 36 19 35 20 34 21 35
19 36 19 35 20 35 20 36
30 11 32 13 29 16 27 14
18 36 16 34 17 33 19 35
12 18 15 15 16 16 13 19
12 19 12 18 13 18 13 19
16 21 15 22 12 19 13 18
12 20 12 21 16 21 16 20
13 22 13 19 15 19 15 22
12 23 13 23 13 22 12 22
10 24 12 24 12 23 10 23
27 23 28 24 25 27 24 26
