best-score: 778258
count: 2
elapsed-time: 4.855
340
34 35 34 36 35 36 35 35
35 34 34 35 33 34 34 33
34 37 33 36 34 35 35 36
33 37 33 36 34 36 34 37
34 13 35 14 34 15 33 14
34 14 33 14 33 13 34 13
33 15 32 14 33 13 34 14
32 15 32 14 33 14 33 15
31 14 32 13 33 14 32 15
31 13 32 13 32 14 31 14
30 14 31 13 32 14 31 15
30 15 30 14 31 14 31 15
30 13 29 14 30 15 31 14
30 12 31 12 31 13 30 13
29 11 30 12 29 13 28 12
35 15 35 14 34 14 34 15
36 14 35 15 34 14 35 13
15 13 16 14 15 15 14 14
31 11 32 12 31 13 30 12
32 11 32 12 31 12 31 11
33 12 32 13 31 12 32 11
34 34 33 34 33 33 34 33
33 35 34 34 35 35 34 36
33 16 34 17 35 16 34 15
32 17 31 16 32 15 33 16
32 16 33 16 33 17 32 17
34 16 33 17 32 16 33 15
35 17 35 16 34 16 34 17
36 16 35 17 34 16 35 15
15 14 16 14 16 15 15 15
14 13 14 14 15 14 15 13
16 13 15 14 14 13 15 12
17 13 17 14 16 14 16 13
17 16 16 15 17 14 18 15
16 16 17 16 17 17 16 17
33 18 34 18 34 17 33 17
14 15 15 14 16 15 15 16
14 16 14 15 15 15 15 16
15 17 14 16 15 15 16 16
34 29 34 30 35 30 35 29
34 31 33 30 34 29 35 30
33 32 34 31 35 32 34 33
32 33 33 33 33 32 32 32
31 32 32 31 33 32 32 33
31 31 32 31 32 32 31 32
30 31 30 30 31 30 31 31
29 30 30 31 29 32 28 31
18 33 19 33 19 34 18 34
28 14 29 15 30 14 29 13
27 13 28 14 27 15 26 14
27 14 27 13 28 13 28 14
28 15 27 16 26 15 27 14
28 16 28 15 29 15 29 16
28 17 27 17 27 16 28 16
27 18 26 17 27 16 28 17
26 18 26 17 27 17 27 18
25 19 24 18 25 17 26 18
24 19 24 18 25 18 25 19
23 18 24 17 25 18 24 19
14 30 13 29 14 28 15 29
33 31 34 31 34 30 33 30
34 32 33 33 32 32 33 31
35 31 35 32 34 32 34 31
36 30 35 31 34 30 35 29
36 31 35 31 35 30 36 30
32 18 33 17 34 18 33 19
32 19 32 18 33 18 33 19
31 18 32 17 33 18 32 19
31 17 32 17 32 18 31 18
30 16 31 15 32 16 31 17
29 17 28 16 29 15 30 16
30 17 29 17 29 16 30 16
29 18 28 17 29 16 30 17
28 18 28 17 29 17 29 18
28 19 27 19 27 18 28 18
27 20 26 19 27 18 28 19
26 20 26 19 27 19 27 20
29 12 29 13 28 13 28 12
30 11 31 12 30 13 29 12
11 22 12 21 13 22 12 23
14 20 14 19 15 19 15 20
32 29 33 30 32 31 31 30
18 17 17 18 16 17 17 16
27 34 28 33 29 34 28 35
28 34 27 34 27 33 28 33
28 32 27 33 28 34 29 33
29 31 29 32 28 32 28 31
28 30 29 31 28 32 27 31
27 30 28 30 28 31 27 31
27 32 26 31 27 30 28 31
26 32 26 31 27 31 27 32
26 34 25 33 26 32 27 33
26 35 25 35 25 34 26 34
26 33 25 34 26 35 27 34
25 32 25 33 26 33 26 32
25 30 24 31 25 32 26 31
30 34 29 34 29 33 30 33
17 31 16 31 16 30 17 30
20 35 19 34 20 33 21 34
29 35 28 35 28 34 29 34
31 35 30 36 29 35 30 34
30 35 31 35 31 36 30 36
31 34 30 35 29 34 30 33
32 35 31 34 32 33 33 34
32 36 32 35 33 35 33 36
32 34 31 35 32 36 33 35
31 33 31 34 32 34 32 33
30 32 31 33 30 34 29 33
20 32 20 33 19 33 19 32
27 35 26 36 25 35 26 34
28 36 27 35 28 34 29 35
27 36 27 35 28 35 28 36
16 18 17 17 18 18 17 19
15 18 15 17 16 17 16 18
16 19 15 20 14 19 15 18
17 20 16 19 17 18 18 19
18 20 17 20 17 19 18 19
35 23 36 23 36 22 35 22
33 23 34 24 35 23 34 22
33 22 34 22 34 23 33 23
34 21 35 22 34 23 33 22
35 21 35 22 34 22 34 21
12 22 13 22 13 23 12 23
11 21 11 22 12 22 12 21
13 24 13 23 14 23 14 24
14 25 13 24 14 23 15 24
15 25 14 25 14 24 15 24
16 24 17 25 16 26 15 25
15 23 15 24 16 24 16 23
14 22 15 23 14 24 13 23
15 22 15 23 14 23 14 22
14 21 15 22 14 23 13 22
13 21 14 21 14 22 13 22
12 20 13 21 12 22 11 21
13 20 13 21 12 21 12 20
15 21 14 22 13 21 14 20
16 20 16 21 15 21 15 20
17 21 16 20 17 19 18 20
17 23 16 22 17 21 18 22
18 23 17 23 17 22 18 22
17 24 16 23 17 22 18 23
16 25 17 25 17 24 16 24
18 25 17 26 16 25 17 24
26 13 26 14 25 14 25 13
27 12 28 13 27 14 26 13
26 12 27 12 27 13 26 13
27 11 28 12 27 13 26 12
28 11 28 12 27 12 27 11
35 25 34 25 34 24 35 24
34 26 33 25 34 24 35 25
33 26 33 25 34 25 34 26
32 25 33 24 34 25 33 26
32 24 33 24 33 25 32 25
32 26 31 25 32 24 33 25
32 27 32 26 33 26 33 27
25 16 26 16 26 15 25 15
23 16 24 17 25 16 24 15
23 15 24 15 24 16 23 16
22 16 23 15 24 16 23 17
22 17 22 16 23 16 23 17
21 18 22 17 23 18 22 19
21 19 20 19 20 18 21 18
18 21 17 22 16 21 17 20
15 26 15 25 16 25 16 26
14 27 13 26 14 25 15 26
31 24 30 25 31 26 32 25
30 24 31 24 31 25 30 25
29 26 28 25 29 24 30 25
23 27 23 28 22 28 22 27
23 29 22 28 23 27 24 28
23 23 23 22 22 22 22 23
23 21 22 22 23 23 24 22
24 21 24 22 23 22 23 21
24 23 23 22 24 21 25 22
36 13 36 14 35 14 35 13
16 12 16 13 15 13 15 12
32 37 31 36 32 35 33 36
31 37 31 36 32 36 32 37
32 38 31 37 32 36 33 37
33 38 32 38 32 37 33 37
36 15 36 16 35 16 35 15
37 14 36 15 35 14 36 13
37 15 36 15 36 14 37 14
14 17 15 16 16 17 15 18
14 29 14 30 13 30 13 29
15 28 15 29 14 29 14 28
13 28 14 29 15 28 14 27
13 27 14 27 14 28 13 28
12 27 12 26 13 26 13 27
14 18 15 17 16 18 15 19
10 14 12 12 14 14 12 16
10 12 12 12 12 14 10 14
10 16 12 14 14 16 12 18
10 18 10 16 12 16 12 18
12 15 14 15 14 14 12 14
16 35 18 33 19 34 17 36
15 35 16 35 16 36 15 36
15 37 14 36 15 35 16 36
14 37 14 36 15 36 15 37
14 35 13 36 14 37 15 36
13 35 14 35 14 36 13 36
14 33 15 33 15 35 14 35
12 19 12 18 14 18 14 19
11 20 12 19 13 20 12 21
11 19 12 19 12 20 11 20
13 19 12 20 11 19 12 18
10 17 12 15 14 17 12 19
19 16 19 14 17 14 17 16
20 15 19 16 18 15 19 14
20 17 18 17 18 15 20 15
19 18 20 17 21 18 20 19
19 19 18 19 18 18 19 18
20 22 18 20 19 19 21 21
21 22 20 22 20 21 21 21
23 20 21 22 20 21 22 19
21 20 23 20 23 21 21 21
15 32 13 30 14 29 16 31
16 32 17 31 19 33 18 34
13 31 15 33 16 32 14 30
36 28 35 29 33 27 34 26
36 29 35 29 35 28 36 28
37 30 36 31 35 30 36 29
16 33 15 33 15 32 16 32
15 34 14 33 15 32 16 33
19 36 19 34 21 34 21 36
20 37 19 36 20 35 21 36
37 28 36 29 35 28 36 27
37 27 37 28 36 28 36 27
19 28 17 30 15 28 17 26
20 29 19 28 21 26 22 27
22 29 20 29 20 28 22 28
23 30 22 29 23 28 24 29
21 30 23 30 23 31 21 31
18 31 19 32 21 30 20 29
17 33 18 33 18 31 17 31
17 35 16 35 16 33 17 33
21 14 23 16 22 17 20 15
23 14 23 15 21 15 21 14
24 13 25 14 24 15 23 14
23 13 24 13 24 14 23 14
24 12 25 13 24 14 23 13
25 12 25 13 24 13 24 12
17 32 16 31 17 30 18 31
19 17 21 15 22 16 20 18
31 29 30 28 32 26 33 27
32 30 31 31 30 30 31 29
33 29 34 30 33 31 32 30
34 27 34 29 33 29 33 27
33 28 34 27 35 28 34 29
31 28 32 29 33 28 32 27
27 28 29 30 31 28 29 26
26 27 27 28 25 30 24 29
28 27 26 27 26 25 28 25
29 28 29 30 30 30 30 28
27 26 27 28 29 28 29 26
25 26 26 27 27 26 26 25
24 25 25 26 23 28 22 27
24 26 24 25 25 25 25 26
22 24 23 23 25 25 24 26
20 24 20 23 22 23 22 24
19 23 20 24 18 26 17 25
19 25 18 25 18 23 19 23
37 26 36 27 34 25 35 24
23 33 23 34 25 34 25 33
22 34 20 32 21 31 23 33
23 36 23 34 22 34 22 36
23 32 21 34 23 36 25 34
22 31 23 30 24 31 23 32
30 26 30 28 31 28 31 26
29 25 29 26 30 26 30 25
28 24 28 25 29 25 29 24
29 23 30 24 29 25 28 24
30 23 30 24 29 24 29 23
29 22 30 23 29 24 28 23
28 22 29 22 29 23 28 23
29 21 28 22 26 20 27 19
32 21 33 22 31 24 30 23
34 20 34 21 32 21 32 20
33 21 34 20 35 21 34 22
29 27 27 29 28 30 30 28
28 26 29 25 30 26 29 27
19 21 19 19 20 19 20 21
19 22 18 22 18 21 19 21
19 20 18 21 19 22 20 21
25 29 25 30 27 30 27 29
24 30 25 29 27 31 26 32
22 30 23 31 24 30 23 29
19 29 21 31 22 30 20 28
18 28 19 29 17 31 16 30
18 29 18 28 19 28 19 29
17 28 17 26 18 26 18 28
24 32 23 32 23 31 24 31
24 34 23 33 24 32 25 33
23 37 22 36 24 34 25 35
22 20 21 19 23 17 24 18
19 24 18 23 19 22 20 23
25 31 24 31 24 30 25 30
24 20 26 20 26 21 24 21
23 19 23 20 24 20 24 19
22 18 22 19 23 19 23 18
21 17 21 18 22 18 22 17
21 24 20 23 21 22 22 23
25 20 24 21 23 20 24 19
25 28 25 29 24 29 24 28
27 24 25 22 26 21 28 23
27 23 28 23 28 24 27 24
26 26 25 25 27 23 28 24
27 27 25 29 24 28 26 26
25 21 24 20 25 19 26 20
26 22 25 23 24 22 25 21
28 21 28 22 26 22 26 21
29 19 29 21 28 21 28 19
30 18 29 19 28 18 29 17
30 19 29 19 29 18 30 18
31 20 29 22 28 21 30 19
33 20 32 21 31 20 32 19
26 23 26 22 25 22 25 23
23 25 23 23 24 23 24 25
37 29 37 30 36 30 36 29
38 28 37 29 36 28 37 27
38 29 37 29 37 28 38 28
31 19 30 18 31 17 32 18
30 20 31 20 31 19 30 19
31 21 30 20 31 19 32 20
30 22 31 21 33 23 32 24
36 26 36 27 34 27 34 26
32 28 32 29 31 29 31 28
30 21 30 22 29 22 29 21
26 37 23 37 23 36 26 36
25 36 26 35 27 36 26 37
23 38 21 36 23 34 25 36
20 38 20 37 23 37 23 38
19 39 16 36 17 35 20 38
17 39 17 36 19 36 19 39
37 23 37 26 36 26 36 23
36 24 35 23 36 22 37 23
37 25 36 26 35 25 36 24
20 25 20 28 19 28 19 25
19 26 18 25 19 24 20 25
22 25 21 26 20 25 21 24
