best-score: 734249
count: 9
elapsed-time: 4.844
128
10 29 9 28 10 27 11 28
29 27 28 28 27 27 28 26
28 27 29 27 29 28 28 28
28 25 28 26 27 26 27 25
29 26 28 27 27 26 28 25
13 12 13 11 14 11 14 12
14 13 13 14 12 13 13 12
10 15 11 16 10 17 9 16
10 16 10 15 11 15 11 16
9 17 10 17 10 16 9 16
14 10 13 11 14 12 15 11
15 10 15 11 14 11 14 10
23 12 23 13 22 13 22 12
21 12 22 13 23 12 22 11
21 11 22 11 22 12 21 12
21 13 20 12 21 11 22 12
20 13 20 12 21 12 21 13
20 29 19 29 19 28 20 28
15 15 15 14 16 14 16 15
16 16 15 15 16 14 17 15
17 16 16 16 16 15 17 15
18 26 17 25 18 24 19 25
17 26 17 25 18 25 18 26
18 27 17 26 18 25 19 26
19 27 18 27 18 26 19 26
18 28 19 27 20 28 19 29
20 26 19 26 19 25 20 25
19 24 19 25 18 25 18 24
10 28 10 29 9 29 9 28
11 27 11 28 10 28 10 27
12 27 11 27 11 26 12 26
8 26 9 25 11 27 10 28
25 26 25 27 27 27 27 26
24 26 26 24 27 25 25 27
8 21 10 19 11 20 9 22
8 22 8 21 9 21 9 22
14 15 14 13 12 13 12 15
13 16 12 15 13 14 14 15
11 17 13 17 13 16 11 16
10 18 9 17 10 16 11 17
11 18 10 18 10 17 11 17
9 18 10 19 11 18 10 17
9 19 9 18 10 18 10 19
13 13 15 15 13 17 11 15
14 21 14 22 12 22 12 21
15 16 14 15 15 14 16 15
15 18 15 16 16 16 16 18
17 20 15 18 17 16 19 18
16 20 16 18 17 18 17 20
18 22 17 23 15 21 16 20
18 20 19 20 19 22 18 22
18 16 16 18 18 20 20 18
19 15 18 16 17 15 18 14
21 15 20 16 19 15 20 14
22 15 21 15 21 13 22 13
13 20 11 18 13 16 15 18
13 22 12 21 13 20 14 21
13 18 13 20 11 20 11 18
15 20 13 18 15 16 17 18
16 21 16 20 15 20 15 21
15 22 14 21 15 20 16 21
14 24 15 24 15 22 14 22
10 24 12 26 14 24 12 22
7 23 9 25 10 24 8 22
19 10 21 12 20 13 18 11
14 16 15 16 15 15 14 15
21 22 19 24 20 25 22 23
20 21 22 19 23 20 21 22
18 21 19 22 20 21 19 20
17 22 16 21 17 20 18 21
18 23 18 22 17 22 17 23
17 24 18 23 19 24 18 25
13 24 15 26 17 24 15 22
15 25 17 25 17 24 15 24
18 13 20 13 20 14 18 14
19 14 17 16 16 15 18 13
21 16 19 14 20 13 22 15
21 18 20 18 20 16 21 16
19 16 21 18 19 20 17 18
18 15 18 16 19 16 19 15
17 14 17 15 18 15 18 14
22 16 21 15 23 13 24 14
23 15 23 16 22 16 22 15
21 24 19 24 19 22 21 22
18 18 18 16 17 16 17 18
14 18 16 20 18 18 16 16
14 20 14 18 15 18 15 20
13 21 14 20 15 21 14 22
24 17 22 19 21 18 23 16
20 20 19 20 19 18 20 18
22 18 20 20 18 18 20 16
21 19 22 19 22 18 21 18
14 17 14 18 13 18 13 17
26 11 22 11 22 9 26 9
27 12 23 16 22 15 26 11
12 25 9 25 9 22 12 22
13 26 12 27 11 26 12 25
14 26 13 26 13 24 14 24
17 29 14 26 15 25 18 28
15 29 15 26 17 26 17 29
14 30 11 27 12 26 15 29
19 6 22 9 18 13 15 10
16 6 19 6 19 10 16 10
15 28 13 26 15 24 17 26
18 12 18 13 14 13 14 12
20 11 20 12 18 12 18 11
17 13 15 11 16 10 18 12
10 22 9 21 13 17 14 18
17 10 18 11 15 14 14 13
25 14 25 17 24 17 24 14
23 26 23 28 20 28 20 26
22 25 23 26 20 29 19 28
20 23 20 25 22 25 22 23
23 21 20 21 20 20 23 20
24 22 20 26 19 25 23 21
23 22 24 22 24 26 23 26
25 20 23 22 19 18 21 16
26 25 25 26 22 23 23 22
26 29 22 29 22 25 26 25
27 30 26 29 28 27 29 28
27 24 27 25 26 25 26 24
33 15 29 19 24 14 28 10
25 29 18 22 20 20 27 27
32 19 27 24 23 20 28 15
32 26 29 26 29 19 32 19
33 10 33 15 28 15 28 10
27 4 33 10 28 15 22 9
23 4 27 4 27 12 23 12
