best-score: 659231
count: 8
elapsed-time: 4.858
83
16 15 16 14 17 14 17 15
31 20 32 21 31 22 30 21
16 35 14 35 14 33 16 33
44 35 42 37 40 35 42 33
42 35 42 37 40 37 40 35
44 33 44 35 42 35 42 33
14 26 14 25 16 25 16 26
21 19 23 19 23 20 21 20
14 28 16 26 17 27 15 29
30 19 32 19 32 21 30 21
31 18 32 19 31 20 30 19
33 20 35 22 34 23 32 21
33 22 31 22 31 20 33 20
30 37 28 39 27 38 29 36
27 26 25 24 27 22 29 24
32 23 30 25 29 24 31 22
34 21 34 23 32 23 32 21
27 24 27 26 25 26 25 24
29 22 29 24 27 24 27 22
37 17 41 21 44 18 40 14
41 18 41 17 37 17 37 18
43 18 43 21 41 21 41 18
43 15 44 15 44 18 43 18
46 18 44 20 41 17 43 15
46 20 44 20 44 18 46 18
25 40 25 43 22 43 22 40
28 45 24 41 25 40 29 44
35 16 36 17 33 20 32 19
23 39 26 42 25 43 22 40
25 44 25 43 29 43 29 44
38 30 38 33 42 33 42 30
39 29 38 30 36 28 37 27
21 22 23 20 27 24 25 26
30 16 30 19 29 19 29 16
21 25 22 24 26 28 25 29
27 31 24 34 22 32 25 29
38 27 38 30 37 30 37 27
22 19 21 20 16 15 17 14
40 21 34 21 34 14 40 14
40 15 37 18 40 21 43 18
10 22 17 15 21 19 14 26
30 15 35 15 35 16 30 16
32 17 31 18 29 16 30 15
36 19 36 17 32 17 32 19
29 9 34 14 29 19 24 14
30 14 30 15 24 15 24 14
23 16 24 15 30 21 29 22
23 9 29 9 29 16 23 16
22 8 23 9 17 15 16 14
35 32 37 30 42 35 40 37
35 38 35 32 43 32 43 38
31 46 29 44 35 38 37 40
16 22 21 22 21 25 16 25
10 15 10 22 16 22 16 15
32 41 24 41 24 34 32 34
37 28 38 27 43 32 42 33
20 29 16 25 21 20 25 24
20 26 25 26 25 29 20 29
17 21 16 22 20 26 21 25
18 15 18 21 17 21 17 15
23 45 23 39 28 39 28 45
26 36 29 36 29 42 26 42
21 37 23 39 26 36 24 34
26 30 26 36 23 36 23 30
33 32 29 36 23 30 27 26
17 42 17 27 19 27 19 42
23 48 17 42 23 36 29 42
34 35 25 44 16 35 25 26
40 23 40 35 34 35 34 23
41 23 40 23 40 21 41 21
46 24 44 26 41 23 43 21
12 27 14 25 27 38 25 40
12 21 17 21 17 27 12 27
31 44 29 42 38 33 40 35
29 46 31 46 31 44 29 44
36 30 26 30 26 28 36 28
30 24 36 30 32 34 26 28
46 25 46 24 30 24 30 25
28 22 35 15 37 17 30 24
36 40 36 30 37 30 37 40
44 31 27 31 27 26 44 26
45 32 44 33 43 32 44 31
45 21 45 32 43 32 43 21
