best-score: 640927
count: 53
elapsed-time: 4.551
39
11 20 10 20 10 19 11 19
12 19 11 20 10 19 11 18
9 22 11 22 11 23 9 23
12 22 10 20 11 19 13 21
19 9 18 10 16 8 17 7
12 11 11 10 13 8 14 9
12 9 14 9 14 11 12 11
13 23 13 21 14 21 14 23
12 24 11 23 12 22 13 23
12 20 12 22 11 22 11 20
11 12 11 11 12 11 12 12
21 11 23 11 23 7 21 7
23 9 21 11 19 9 21 7
5 18 7 16 10 19 8 21
12 25 9 22 11 20 14 23
7 19 7 16 8 16 8 19
18 7 18 10 17 10 17 7
22 11 18 15 14 11 18 7
9 15 12 18 11 19 8 16
8 15 9 15 9 16 8 16
12 13 9 16 8 15 11 12
15 7 16 8 12 12 11 11
16 19 16 20 12 20 12 19
14 17 16 19 14 21 12 19
5 12 11 12 11 18 5 18
4 13 5 12 8 15 7 16
22 20 21 20 21 14 22 14
14 14 21 14 21 11 14 11
16 12 17 13 15 15 14 14
13 12 13 8 16 8 16 12
13 13 12 13 12 12 13 12
12 14 13 13 14 14 13 15
4 14 4 13 12 13 12 14
20 21 12 13 13 12 21 20
15 13 15 15 13 15 13 13
15 10 17 10 17 13 15 13
11 7 11 10 15 10 15 7
12 17 12 14 14 14 14 17
20 17 20 21 14 21 14 17
