best-score: 609524
count: 12
elapsed-time: 4.733
61
26 14 27 15 26 16 25 15
25 19 26 20 25 21 24 20
26 18 25 19 24 18 25 17
27 17 27 15 25 15 25 17
28 16 28 14 26 14 26 16
29 15 28 16 27 15 28 14
18 25 18 23 19 23 19 25
24 16 26 16 26 18 24 18
15 36 19 36 19 39 15 39
33 21 36 18 37 19 34 22
33 22 31 22 31 21 33 21
33 25 33 22 34 22 34 25
34 26 31 29 30 28 33 25
32 20 31 21 27 17 28 16
36 20 32 20 32 18 36 18
21 25 21 29 19 29 19 25
23 27 21 25 25 21 27 23
23 31 21 29 23 27 25 29
26 24 26 20 24 20 24 24
25 32 25 29 26 29 26 32
33 41 33 39 38 39 38 41
31 46 26 41 33 34 38 39
33 19 37 19 37 14 33 14
20 30 14 36 13 35 19 29
17 20 17 18 24 18 24 20
19 22 18 23 16 21 17 20
26 15 33 22 26 29 19 22
29 43 22 36 26 32 33 39
41 29 35 35 33 33 39 27
40 29 41 29 41 36 40 36
19 21 19 19 25 19 25 21
16 22 19 22 19 21 16 21
22 22 19 25 16 22 19 19
22 23 19 23 19 22 22 22
39 26 39 27 34 27 34 26
36 29 34 27 37 24 39 26
31 24 31 29 26 29 26 24
14 16 14 13 24 13 24 16
19 11 24 16 19 21 14 16
26 11 26 14 19 14 19 11
28 13 26 15 24 13 26 11
33 13 33 14 28 14 28 13
28 17 41 17 41 16 28 16
28 23 27 23 27 17 28 17
28 5 19 14 28 23 37 14
24 5 28 5 28 13 24 13
31 48 19 36 26 29 38 41
25 49 15 39 23 31 33 41
14 49 14 37 25 37 25 49
32 11 39 18 25 32 18 25
40 20 40 29 36 29 36 20
28 32 28 41 26 41 26 32
27 36 22 36 22 23 27 23
40 38 40 36 27 36 27 38
37 41 28 32 31 29 40 38
34 31 23 31 23 27 34 27
36 46 31 46 31 29 36 29
30 35 13 35 13 28 30 28
15 26 27 38 30 35 18 23
14 26 15 26 15 36 14 36
30 32 25 37 14 26 19 21
