best-score: 561415
count: 36
elapsed-time: 4.569
45
23 22 25 24 26 23 24 21
22 22 22 20 23 20 23 22
25 18 23 20 24 21 26 19
19 15 17 13 19 11 21 13
22 16 20 18 22 20 24 18
13 25 9 25 9 23 13 23
17 26 17 25 13 25 13 26
23 23 23 26 26 26 26 23
24 20 22 22 23 23 25 21
23 18 23 20 24 20 24 18
19 22 18 21 22 17 23 18
19 23 19 22 22 22 22 23
18 22 19 23 17 25 16 24
19 21 19 22 18 22 18 21
20 20 19 21 17 19 18 18
22 18 22 20 20 20 20 18
23 17 23 18 22 18 22 17
18 23 22 27 23 26 19 22
24 24 24 21 25 21 25 24
28 24 26 26 24 24 26 22
25 14 22 17 19 14 22 11
24 14 25 14 25 18 24 18
10 20 14 16 17 19 13 23
15 11 19 11 19 14 15 14
12 14 15 11 17 13 14 16
11 12 11 14 12 14 12 12
16 19 18 21 13 26 11 24
17 24 17 19 16 19 16 24
9 16 10 15 18 23 17 24
9 11 14 11 14 16 9 16
6 14 9 11 12 14 9 17
18 6 24 12 18 18 12 12
24 25 17 25 17 24 24 24
19 16 16 19 11 14 14 11
22 15 22 16 19 16 19 15
13 22 18 22 18 23 13 23
14 15 15 14 23 22 22 23
21 19 17 19 17 13 21 13
6 24 6 14 11 14 11 24
20 6 20 18 18 18 18 6
9 21 9 18 18 18 18 21
10 28 6 24 9 21 13 25
20 28 10 28 10 20 20 20
19 27 23 23 24 24 20 28
18 27 18 23 19 23 19 27
