best-score: 699408
count: 2
elapsed-time: 4.819
342
14 39 13 39 13 38 14 38
14 15 15 14 16 15 15 16
14 16 13 16 13 15 14 15
16 14 16 13 17 13 17 14
15 15 16 15 16 14 15 14
14 14 15 15 14 16 13 15
18 12 19 13 18 14 17 13
16 39 16 38 17 38 17 39
17 40 16 39 17 38 18 39
18 40 17 40 17 39 18 39
18 38 17 39 18 40 19 39
19 38 19 39 18 39 18 38
20 38 19 38 19 37 20 37
21 39 21 38 20 38 20 39
20 40 19 39 20 38 21 39
19 40 19 39 20 39 20 40
35 14 34 14 34 13 35 13
16 16 15 15 16 14 17 15
18 15 17 16 16 15 17 14
18 16 17 16 17 15 18 15
19 15 18 16 17 15 18 14
19 14 19 15 18 15 18 14
19 16 18 15 19 14 20 15
20 16 19 16 19 15 20 15
33 37 33 36 34 36 34 37
18 37 19 36 20 37 19 38
18 36 19 36 19 37 18 37
17 37 18 36 19 37 18 38
15 37 16 38 17 37 16 36
21 37 20 38 19 37 20 36
22 37 21 37 21 36 22 36
14 21 14 20 15 20 15 21
13 20 14 19 15 20 14 21
13 19 14 19 14 20 13 20
14 18 15 19 14 20 13 19
15 18 15 19 14 19 14 18
20 35 20 36 19 36 19 35
15 31 14 30 15 29 16 30
16 22 16 21 15 21 15 22
23 38 24 37 25 38 24 39
22 39 21 38 22 37 23 38
35 31 35 30 36 30 36 31
31 18 32 18 32 17 31 17
32 20 31 19 32 18 33 19
32 19 33 19 33 20 32 20
33 18 32 19 31 18 32 17
14 28 13 27 14 26 15 27
15 28 16 28 16 29 15 29
14 27 14 28 15 28 15 27
13 26 13 27 14 27 14 26
15 26 14 27 13 26 14 25
17 31 16 30 17 29 18 30
25 14 25 13 26 13 26 14
15 25 15 26 14 26 14 25
13 25 14 26 15 25 14 24
13 24 14 24 14 25 13 25
17 30 17 29 16 29 16 30
18 31 18 30 17 30 17 31
34 29 34 30 35 30 35 29
34 31 33 30 34 29 35 30
33 31 33 30 34 30 34 31
32 32 31 31 32 30 33 31
32 31 33 31 33 32 32 32
31 30 31 31 32 31 32 30
31 32 30 31 31 30 32 31
32 33 32 32 31 32 31 33
30 33 31 34 32 33 31 32
30 34 30 33 31 33 31 34
29 35 30 35 30 34 29 34
18 28 17 29 16 28 17 27
34 32 33 31 34 30 35 31
34 33 33 33 33 32 34 32
35 32 34 33 33 32 34 31
20 30 19 31 18 30 19 29
21 31 21 30 20 30 20 31
21 29 20 30 21 31 22 30
20 28 20 29 21 29 21 28
19 27 20 28 19 29 18 28
32 34 31 33 32 32 33 33
33 34 32 34 32 33 33 33
23 34 22 34 22 33 23 33
30 32 30 31 31 31 31 32
29 33 30 32 31 33 30 34
29 32 30 32 30 33 29 33
28 33 29 32 30 33 29 34
28 34 28 33 29 33 29 34
28 32 27 33 28 34 29 33
27 32 28 32 28 33 27 33
27 34 26 33 27 32 28 33
26 34 26 33 27 33 27 34
22 31 21 32 20 31 21 30
22 32 21 32 21 31 22 31
21 33 22 32 23 33 22 34
19 30 19 29 20 29 20 30
18 29 19 30 18 31 17 30
17 28 17 29 18 29 18 28
16 27 16 28 17 28 17 27
33 23 34 24 33 25 32 24
33 29 32 30 31 29 32 28
34 28 35 29 34 30 33 29
33 28 34 28 34 29 33 29
32 29 33 29 33 30 32 30
31 28 31 29 32 29 32 28
32 27 33 28 32 29 31 28
33 27 33 28 32 28 32 27
22 29 22 30 21 30 21 29
30 30 30 29 31 29 31 30
29 31 30 30 31 31 30 32
29 30 30 30 30 31 29 31
28 31 29 30 30 31 29 32
26 31 27 32 28 31 27 30
26 30 27 30 27 31 26 31
28 30 27 31 26 30 27 29
29 29 29 30 28 30 28 29
30 28 31 29 30 30 29 29
29 28 30 28 30 29 29 29
30 27 31 28 30 29 29 28
31 27 31 28 30 28 30 27
32 26 33 27 32 28 31 27
31 26 32 26 32 27 31 27
32 25 33 26 32 27 31 26
33 24 33 25 32 25 32 24
34 23 34 24 33 24 33 23
29 21 30 21 30 22 29 22
28 22 29 21 30 22 29 23
28 23 28 22 29 22 29 23
29 20 28 21 29 22 30 21
28 20 29 20 29 21 28 21
29 27 30 28 31 27 30 26
29 26 30 26 30 27 29 27
30 25 31 26 30 27 29 26
31 25 31 26 30 26 30 25
25 24 25 23 24 23 24 24
27 28 28 29 27 30 26 29
28 28 28 29 27 29 27 28
28 27 29 27 29 28 28 28
23 27 23 26 24 26 24 27
23 25 22 26 23 27 24 26
22 25 23 25 23 26 22 26
35 33 34 34 33 33 34 32
35 34 34 34 34 33 35 33
34 35 33 34 34 33 35 34
33 35 33 34 34 34 34 35
32 36 33 35 34 36 33 37
32 35 33 35 33 36 32 36
31 35 31 34 32 34 32 35
30 36 29 35 30 34 31 35
31 36 30 36 30 35 31 35
32 37 31 36 32 35 33 36
31 37 31 36 32 36 32 37
29 36 30 35 31 36 30 37
29 37 29 36 30 36 30 37
30 38 29 37 30 36 31 37
31 38 30 38 30 37 31 37
29 38 30 39 31 38 30 37
28 38 29 38 29 39 28 39
16 26 16 27 15 27 15 26
35 36 34 37 33 36 34 35
35 37 35 36 36 36 36 37
35 35 34 36 35 37 36 36
14 36 16 36 16 38 14 38
13 37 14 36 15 37 14 38
13 35 15 35 15 37 13 37
14 34 15 35 14 36 13 35
12 17 13 16 15 18 14 19
37 15 36 16 34 14 35 13
16 18 16 16 15 16 15 18
36 14 36 16 35 16 35 14
38 32 37 33 35 31 36 30
19 18 19 16 18 16 18 18
18 19 19 18 21 20 20 21
16 19 16 18 18 18 18 19
16 20 15 20 15 19 16 19
17 21 16 22 15 21 16 20
17 19 16 20 15 19 16 18
18 20 17 19 18 18 19 19
19 20 18 20 18 19 19 19
12 23 14 21 15 22 13 24
17 20 16 21 15 20 16 19
18 21 18 20 17 20 17 21
18 17 16 19 15 18 17 16
20 17 19 18 18 17 19 16
21 16 21 17 20 17 20 16
21 14 20 15 21 16 22 15
23 14 23 16 21 16 21 14
24 15 23 16 22 15 23 14
26 15 25 16 24 15 25 14
37 29 37 28 39 28 39 29
36 28 37 29 36 30 35 29
35 28 35 26 36 26 36 28
34 27 35 28 34 29 33 28
34 25 33 26 34 27 35 26
35 24 34 25 33 24 34 23
35 25 34 25 34 24 35 24
37 23 38 24 36 26 35 25
38 23 38 24 37 24 37 23
35 22 37 24 38 23 36 21
32 21 34 23 35 22 33 20
30 20 30 21 32 21 32 20
29 19 30 20 29 21 28 20
30 19 30 20 29 20 29 19
30 18 31 18 31 19 30 19
30 16 29 17 30 18 31 17
17 33 19 31 21 33 19 35
15 33 15 31 17 31 17 33
37 32 37 33 35 33 35 32
38 29 36 31 37 32 39 30
38 27 37 28 38 29 39 28
26 39 24 39 24 37 26 37
27 38 26 39 25 38 26 37
28 37 29 38 28 39 27 38
27 37 28 37 28 38 27 38
26 36 28 34 29 35 27 37
27 36 27 37 26 37 26 36
28 36 27 36 27 34 28 34
22 17 21 18 20 17 21 16
24 17 22 17 22 15 24 15
23 18 22 17 23 16 24 17
24 19 24 18 23 18 23 19
22 19 23 20 24 19 23 18
22 20 22 19 23 19 23 20
20 18 21 17 23 19 22 20
20 20 20 18 21 18 21 20
19 21 20 21 20 20 19 20
18 22 19 21 21 23 20 24
19 22 18 22 18 21 19 21
19 34 21 32 22 33 20 35
23 36 25 36 25 38 23 38
22 35 23 36 22 37 21 36
20 34 20 35 22 35 22 34
23 35 23 36 22 36 22 35
21 35 22 36 23 35 22 34
22 18 22 17 21 17 21 18
16 24 16 22 18 22 18 24
17 25 16 26 15 25 16 24
19 25 19 27 17 27 17 25
21 25 20 26 19 25 20 24
19 23 19 25 21 25 21 23
28 35 29 36 28 37 27 36
24 35 23 36 24 37 25 36
25 32 23 34 24 35 26 33
24 34 24 35 23 35 23 34
25 37 23 35 24 34 26 36
28 17 29 17 29 19 28 19
30 15 28 17 26 15 28 13
29 15 29 13 30 13 30 15
31 13 32 14 30 16 29 15
29 18 30 19 29 20 28 19
26 35 25 36 26 37 27 36
25 35 26 35 26 36 25 36
18 26 17 25 18 24 19 25
34 26 33 26 33 25 34 25
35 27 34 28 33 27 34 26
37 27 36 28 35 27 36 26
41 27 39 29 37 27 39 25
22 22 24 24 23 25 21 23
21 22 21 20 22 20 22 22
20 23 19 22 20 21 21 22
31 24 30 25 28 23 29 22
32 23 33 24 32 25 31 24
31 23 32 23 32 24 31 24
33 21 31 23 30 22 32 20
34 21 33 21 33 20 34 20
36 23 36 21 34 21 34 23
22 27 23 27 23 29 22 29
21 26 22 25 23 26 22 27
21 27 21 26 22 26 22 27
22 28 21 29 20 28 21 27
24 28 23 29 22 28 23 27
21 24 23 22 24 23 22 25
23 28 22 29 21 28 22 27
25 30 23 28 24 27 26 29
24 31 25 30 26 31 25 32
24 33 24 31 26 31 26 33
26 24 25 23 27 21 28 22
25 27 24 26 26 24 27 25
25 28 24 28 24 27 25 27
28 24 29 23 31 25 30 26
26 23 26 24 28 24 28 23
25 22 26 23 25 24 24 23
26 22 26 23 25 23 25 22
26 21 27 21 27 22 26 22
26 17 24 19 26 21 28 19
26 18 24 18 24 17 26 17
25 19 26 18 28 20 27 21
24 20 23 19 24 18 25 19
24 22 23 22 23 20 24 20
25 29 26 29 26 30 25 30
26 28 25 29 24 28 25 27
27 27 28 28 27 29 26 28
28 25 28 27 27 27 27 25
30 24 30 25 28 25 28 24
27 24 26 23 27 22 28 23
26 27 26 28 27 28 27 27
27 26 28 27 27 28 26 27
26 25 27 24 28 25 27 26
25 25 26 25 26 27 25 27
21 13 21 14 19 14 19 13
22 14 20 16 19 15 21 13
28 15 28 17 26 17 26 15
28 11 26 13 28 15 30 13
29 11 29 13 28 13 28 11
25 20 25 19 24 19 24 20
24 30 24 31 22 31 22 30
23 31 22 30 23 29 24 30
25 31 24 30 25 29 26 30
24 32 25 31 27 33 26 34
31 16 34 13 35 14 32 17
30 17 31 17 31 16 30 16
38 35 35 35 35 34 38 34
37 34 38 35 36 37 35 36
16 34 14 34 14 30 16 30
17 35 16 36 15 35 16 34
17 34 19 34 19 35 17 35
18 35 14 39 13 38 17 34
34 17 32 17 32 14 34 14
31 12 30 13 34 17 35 16
30 12 31 12 31 13 30 13
28 12 29 13 30 12 29 11
27 11 28 12 26 14 25 13
37 20 34 20 34 17 37 17
38 17 36 19 37 20 39 18
16 32 17 33 16 34 15 33
35 20 33 18 34 17 36 19
25 11 29 15 26 18 22 14
21 11 25 11 25 13 21 13
36 18 36 19 33 19 33 18
39 16 39 18 36 18 36 16
36 13 39 16 38 17 35 14
35 17 36 18 34 20 33 19
41 24 41 27 38 27 38 24
20 25 17 28 18 29 21 26
19 24 20 23 21 24 20 25
18 25 15 22 16 21 19 24
17 26 18 25 21 28 20 29
16 25 17 26 16 27 15 26
15 24 15 25 16 25 16 24
14 22 14 24 15 24 15 22
13 21 14 20 15 21 14 22
13 22 13 21 14 21 14 22
38 15 38 17 37 17 37 15
26 16 24 18 19 13 21 11
