best-score: 742640
count: 8
elapsed-time: 4.881
131
33 31 32 32 31 31 32 30
12 11 12 10 13 10 13 11
30 29 30 28 31 28 31 29
12 12 13 11 14 12 13 13
31 14 30 15 29 14 30 13
30 14 31 14 31 15 30 15
29 13 29 14 30 14 30 13
32 25 32 26 31 26 31 25
29 16 30 17 31 16 30 15
30 23 29 23 29 22 30 22
31 22 30 23 29 22 30 21
25 26 24 25 25 24 26 25
26 26 25 26 25 25 26 25
25 27 24 26 25 25 26 26
24 27 24 26 25 26 25 27
31 21 31 22 30 22 30 21
24 24 24 25 25 25 25 24
19 23 20 24 19 25 18 24
19 24 19 23 20 23 20 24
18 25 19 25 19 24 18 24
33 29 33 31 31 31 31 29
32 28 33 29 32 30 31 29
17 33 16 32 18 30 19 31
29 27 31 25 32 26 30 28
29 24 30 23 32 25 31 26
32 24 31 25 29 23 30 22
15 14 17 16 16 17 14 15
17 24 15 26 16 27 18 25
18 23 18 24 17 24 17 23
16 21 18 23 17 24 15 22
16 22 15 22 15 21 16 21
18 20 16 22 15 21 17 19
22 25 22 26 24 26 24 25
23 24 22 25 20 23 21 22
24 22 24 24 23 24 23 22
25 19 26 19 26 21 25 21
21 19 22 19 22 17 21 17
19 22 18 23 19 24 20 23
18 22 19 22 19 23 18 23
29 30 29 32 32 32 32 30
27 30 27 27 29 27 29 30
33 28 29 32 27 30 31 26
16 13 15 14 12 11 13 10
18 17 18 13 16 13 16 17
20 15 22 17 20 19 18 17
19 12 18 13 20 15 21 14
22 12 19 12 19 10 22 10
33 26 33 28 32 28 32 26
27 33 26 32 30 28 31 29
12 15 12 12 14 12 14 15
16 11 16 13 13 13 13 11
14 17 12 15 16 11 18 13
27 24 31 28 30 29 26 25
24 21 26 19 29 22 27 24
25 22 25 21 24 21 24 22
27 22 27 24 25 24 25 22
31 18 27 22 26 21 30 17
29 18 29 16 31 16 31 18
27 18 29 18 29 22 27 22
23 14 25 12 29 16 27 18
20 17 16 13 19 10 23 14
17 20 20 17 22 19 19 22
13 18 16 21 17 20 14 17
13 30 16 27 17 28 14 31
25 14 23 14 23 12 25 12
23 16 21 14 23 12 25 14
21 16 21 14 23 14 23 16
20 16 21 16 21 17 20 17
17 15 17 16 20 16 20 15
14 18 17 15 21 19 18 22
13 17 13 18 14 18 14 17
10 13 10 17 13 17 13 13
8 15 10 13 12 15 10 17
25 16 25 14 29 14 29 16
23 19 25 19 25 16 23 16
24 20 23 19 24 18 25 19
23 21 24 20 25 21 24 22
23 20 24 20 24 21 23 21
22 20 22 19 23 19 23 20
22 18 21 19 22 20 23 19
12 20 11 19 13 17 14 18
13 20 13 24 12 24 12 20
11 22 13 20 15 22 13 24
11 26 11 22 15 22 15 26
13 28 11 26 13 24 15 26
17 30 17 28 13 28 13 30
18 33 18 30 17 30 17 33
15 19 15 21 11 21 11 19
15 16 17 16 17 19 15 19
18 19 18 17 20 17 20 19
21 25 21 22 22 22 22 25
19 29 21 29 21 25 19 25
18 28 21 25 22 26 19 29
17 25 17 28 18 28 18 25
13 25 13 24 17 24 17 25
14 26 13 25 16 22 17 23
17 22 17 20 18 20 18 22
16 23 17 23 17 22 16 22
23 23 21 25 20 24 22 22
25 23 24 24 23 23 24 22
22 21 23 20 24 21 23 22
19 20 21 22 22 21 20 19
19 21 19 20 22 20 22 21
20 22 20 19 21 19 21 22
21 21 22 20 23 21 22 22
10 28 10 25 13 25 13 28
9 27 12 24 13 25 10 28
15 31 15 29 19 29 19 31
29 9 30 10 22 18 21 17
8 20 8 15 12 15 12 20
11 17 15 21 12 24 8 20
38 22 32 28 25 21 31 15
9 23 16 23 16 27 9 27
17 27 15 29 9 23 11 21
22 6 29 13 24 18 17 11
30 6 30 10 22 10 22 6
19 7 22 10 17 15 14 12
13 7 19 7 19 10 13 10
7 13 13 7 17 11 11 17
21 36 18 33 24 27 27 30
22 15 30 15 30 17 22 17
20 32 20 24 23 24 23 32
22 30 20 32 19 31 21 29
22 33 22 30 27 30 27 33
18 27 17 28 22 33 23 32
25 30 24 31 18 25 19 24
22 28 22 30 18 30 18 28
18 26 21 29 22 28 19 25
18 9 29 9 29 13 18 13
30 36 21 36 21 29 30 29
21 13 22 12 31 21 30 22
