best-score: 737810
count: 2
elapsed-time: 4.996
288
31 12 32 13 33 12 32 11
30 13 31 13 31 12 30 12
29 12 30 11 31 12 30 13
28 13 27 12 28 11 29 12
28 12 29 12 29 13 28 13
29 11 30 12 29 13 28 12
32 12 31 12 31 11 32 11
33 13 33 12 32 12 32 13
34 14 33 15 32 14 33 13
13 32 12 33 11 32 12 31
14 31 15 32 14 33 13 32
33 14 32 15 31 14 32 13
34 13 34 14 33 14 33 13
14 32 15 32 15 33 14 33
13 31 13 32 14 32 14 31
31 15 30 14 31 13 32 14
32 16 31 17 30 16 31 15
31 16 32 16 32 17 31 17
33 16 32 17 31 16 32 15
12 30 11 29 12 28 13 29
11 30 11 29 12 29 12 30
13 30 12 31 11 30 12 29
14 30 13 30 13 29 14 29
15 31 14 32 13 31 14 30
16 30 17 31 16 32 15 31
15 30 16 30 16 31 15 31
16 29 17 30 16 31 15 30
17 29 17 30 16 30 16 29
16 28 17 29 16 30 15 29
15 28 16 28 16 29 15 29
13 28 14 29 15 28 14 27
13 27 14 27 14 28 13 28
16 34 15 33 16 32 17 33
29 14 30 13 31 14 30 15
29 15 29 14 30 14 30 15
28 16 29 15 30 16 29 17
27 11 28 11 28 12 27 12
28 14 29 15 30 14 29 13
17 32 16 32 16 31 17 31
16 33 15 32 16 31 17 32
17 34 17 33 16 33 16 34
18 31 17 31 17 30 18 30
18 33 17 32 18 31 19 32
29 29 29 30 28 30 28 29
23 33 23 32 24 32 24 33
22 34 21 33 22 32 23 33
33 21 32 22 31 21 32 20
19 29 19 30 18 30 18 29
18 28 19 29 18 30 17 29
17 28 18 28 18 29 17 29
16 27 17 28 16 29 15 28
17 27 17 28 16 28 16 27
19 28 20 29 19 30 18 29
14 24 15 24 15 25 14 25
14 26 13 25 14 24 15 25
13 26 13 25 14 25 14 26
15 26 14 27 13 26 14 25
15 27 14 27 14 26 15 26
16 26 17 27 16 28 15 27
16 24 15 25 16 26 17 25
16 22 15 23 16 24 17 23
16 23 15 23 15 22 16 22
17 24 17 23 16 23 16 24
16 25 15 24 16 23 17 24
17 26 17 25 16 25 16 26
19 31 19 30 20 30 20 31
18 32 17 31 18 30 19 31
19 33 19 32 18 32 18 33
18 34 17 33 18 32 19 33
31 24 30 23 31 22 32 23
32 24 31 24 31 23 32 23
33 23 32 24 31 23 32 22
30 25 31 24 32 25 31 26
23 31 23 32 22 32 22 31
13 21 14 20 15 21 14 22
14 21 13 21 13 20 14 20
18 17 18 18 17 18 17 17
19 18 18 19 17 18 18 17
19 19 18 19 18 18 19 18
20 18 21 19 20 20 19 19
21 17 21 18 20 18 20 17
19 17 20 18 21 17 20 16
18 16 19 17 18 18 17 17
19 16 19 17 18 17 18 16
20 15 20 16 19 16 19 15
22 15 21 16 20 15 21 14
33 22 33 23 32 23 32 22
21 29 20 30 19 29 20 28
21 30 20 30 20 29 21 29
21 32 20 31 21 30 22 31
22 33 22 32 21 32 21 33
23 34 23 33 22 33 22 34
32 21 32 22 31 22 31 21
33 20 33 21 32 21 32 20
34 21 33 22 32 21 33 20
34 22 33 22 33 21 34 21
30 22 30 23 31 23 31 22
30 24 29 23 30 22 31 23
31 25 31 24 30 24 30 25
32 26 32 25 31 25 31 26
30 26 31 27 32 26 31 25
30 27 30 26 31 26 31 27
31 20 30 21 31 22 32 21
30 20 31 20 31 21 30 21
29 21 30 20 31 21 30 22
29 22 29 21 30 21 30 22
28 22 29 22 29 23 28 23
27 23 28 22 29 23 28 24
26 24 25 23 26 22 27 23
26 23 27 23 27 24 26 24
27 22 28 23 27 24 26 23
26 21 27 20 28 21 27 22
27 21 27 22 26 22 26 21
28 20 29 21 28 22 27 21
29 20 29 21 28 21 28 20
27 26 26 25 27 24 28 25
28 26 27 26 27 25 28 25
29 25 28 26 27 25 28 24
29 26 29 25 30 25 30 26
29 24 28 25 29 26 30 25
17 21 16 22 15 21 16 20
24 28 23 27 24 26 25 27
18 24 18 25 17 25 17 24
19 24 18 25 17 24 18 23
20 25 19 24 20 23 21 24
20 19 19 18 20 17 21 18
19 20 20 20 20 19 19 19
17 20 18 21 19 20 18 19
18 20 18 21 17 21 17 20
17 19 18 18 19 19 18 20
16 19 17 19 17 20 16 20
16 17 15 18 16 19 17 18
22 16 22 17 21 17 21 16
19 23 19 24 18 24 18 23
18 22 19 23 18 24 17 23
17 22 18 22 18 23 17 23
16 21 16 22 17 22 17 21
15 20 16 21 15 22 14 21
25 22 25 23 26 23 26 22
25 24 24 23 25 22 26 23
25 25 25 24 26 24 26 25
26 26 25 25 26 24 27 25
25 26 26 26 26 27 25 27
24 25 25 24 26 25 25 26
19 22 18 23 17 22 18 21
20 22 20 23 19 23 19 22
19 21 19 22 18 22 18 21
21 21 20 22 19 21 20 20
24 24 25 24 25 23 24 23
23 25 24 24 25 25 24 26
23 26 23 25 24 25 24 26
22 25 23 24 24 25 23 26
22 24 23 24 23 25 22 25
23 22 23 23 24 23 24 22
24 21 23 22 22 21 23 20
25 21 25 22 24 22 24 21
26 20 27 21 26 22 25 21
25 20 26 20 26 21 25 21
22 23 23 22 24 23 23 24
21 23 22 23 22 24 21 24
20 24 19 23 20 22 21 23
19 25 20 25 20 24 19 24
18 26 17 25 18 24 19 25
19 26 18 26 18 25 19 25
18 27 17 26 18 25 19 26
19 27 19 28 18 28 18 27
22 22 23 23 22 24 21 23
23 21 23 22 22 22 22 21
24 20 24 21 23 21 23 20
24 19 25 19 25 20 24 20
22 20 23 21 22 22 21 21
21 20 22 20 22 21 21 21
20 21 19 20 20 19 21 20
21 22 20 23 19 22 20 21
28 27 28 26 29 26 29 27
29 28 28 27 29 26 30 27
30 29 29 30 28 29 29 28
27 28 26 27 27 26 28 27
27 30 26 29 27 28 28 29
23 19 24 18 25 19 24 20
22 18 23 19 22 20 21 19
23 17 22 18 21 17 22 16
23 18 22 18 22 17 23 17
22 19 23 18 24 19 23 20
30 28 30 29 29 29 29 28
32 28 31 29 30 28 31 27
28 28 29 29 30 28 29 27
27 29 28 29 28 28 27 28
26 30 27 30 27 29 26 29
27 31 26 30 27 29 28 30
28 31 27 31 27 30 28 30
29 31 29 32 28 32 28 31
30 30 29 31 28 30 29 29
30 31 29 31 29 30 30 30
31 32 30 33 29 32 30 31
26 31 27 30 28 31 27 32
26 32 26 31 27 31 27 32
27 33 26 32 27 31 28 32
28 33 27 33 27 32 28 32
31 30 30 30 30 29 31 29
13 12 13 11 15 11 15 12
32 31 32 33 30 33 30 31
33 32 32 33 31 32 32 31
13 16 13 15 11 15 11 16
11 18 13 16 15 18 13 20
11 17 13 17 13 18 11 18
14 12 15 11 17 13 16 14
17 10 18 11 16 13 15 12
33 30 33 32 31 32 31 30
32 29 33 30 32 31 31 30
31 28 31 29 32 29 32 28
32 27 31 28 30 27 31 26
30 19 31 20 33 18 32 17
28 17 30 19 29 20 27 18
29 16 29 17 28 17 28 16
30 17 29 16 30 15 31 16
29 19 30 19 30 17 29 17
32 18 30 20 29 19 31 17
33 17 33 18 32 18 32 17
34 16 33 17 32 16 33 15
34 17 33 17 33 16 34 16
9 17 11 15 13 17 11 19
9 16 11 16 11 17 9 17
31 18 32 18 32 20 31 20
25 30 26 31 24 33 23 32
25 31 25 30 26 30 26 31
24 30 25 31 24 32 23 31
25 28 25 30 24 30 24 28
24 27 25 26 26 27 25 28
23 28 24 28 24 27 23 27
22 27 23 26 24 27 23 28
22 26 23 26 23 27 22 27
21 25 22 26 20 28 19 27
21 26 21 25 22 25 22 26
20 27 19 26 20 25 21 26
22 28 22 27 20 27 20 28
27 14 25 16 23 14 25 12
25 14 25 12 27 12 27 14
23 16 25 16 25 14 23 14
24 17 23 18 22 17 23 16
26 19 24 17 25 16 27 18
27 19 27 20 26 20 26 19
28 18 29 19 28 20 27 19
27 17 27 18 28 18 28 17
18 13 20 15 19 16 17 14
18 14 17 14 17 13 18 13
17 15 18 14 19 15 18 16
16 15 17 15 17 17 16 17
15 14 16 13 17 14 16 15
15 15 15 14 16 14 16 15
15 19 13 17 15 15 17 17
16 18 16 19 15 19 15 18
11 25 11 23 13 23 13 25
10 26 11 25 13 27 12 28
9 21 11 19 13 21 11 23
27 16 27 14 28 14 28 16
25 17 27 17 27 16 25 16
25 18 24 18 24 17 25 17
26 18 26 19 25 19 25 18
26 16 25 17 26 18 27 17
24 29 25 30 26 29 25 28
28 15 27 16 28 17 29 16
23 12 23 14 21 14 21 12
24 11 24 12 23 12 23 11
14 19 15 19 15 20 14 20
24 16 25 17 24 18 23 17
20 26 20 27 19 27 19 26
14 15 12 13 13 12 15 14
10 14 13 11 14 12 11 15
16 10 17 10 17 13 16 13
23 15 27 11 28 12 24 16
10 27 10 26 13 26 13 27
11 26 13 28 12 29 10 27
20 9 23 12 21 14 18 11
14 18 14 15 15 15 15 18
13 19 14 19 14 18 13 18
11 20 13 20 13 19 11 19
9 18 11 16 13 18 11 20
9 19 9 18 11 18 11 19
7 21 9 19 13 23 11 25
7 19 9 19 9 21 7 21
10 21 11 20 15 24 14 25
17 9 23 15 22 16 16 10
20 10 20 9 17 9 17 10
22 8 28 14 26 16 20 10
9 26 9 21 10 21 10 26
8 25 13 20 14 21 9 26
22 10 22 15 20 15 20 10
