best-score: 801258
count: 1
elapsed-time: 4.83
460
42 41 42 42 41 42 41 41
16 16 16 15 15 15 15 16
14 16 15 17 16 16 15 15
14 17 14 16 15 16 15 17
16 17 15 16 16 15 17 16
17 17 16 17 16 16 17 16
16 18 17 17 18 18 17 19
15 18 15 17 16 17 16 18
16 14 17 14 17 15 16 15
43 18 42 19 41 18 42 17
43 19 42 19 42 18 43 18
41 19 40 18 41 17 42 18
42 20 41 21 40 20 41 19
41 20 41 19 42 19 42 20
40 21 41 21 41 20 40 20
42 21 41 22 40 21 41 20
42 22 41 22 41 21 42 21
43 23 42 24 41 23 42 22
43 24 42 24 42 23 43 23
41 24 42 25 43 24 42 23
41 25 41 24 42 24 42 25
40 17 41 17 41 18 40 18
18 16 17 17 16 16 17 15
18 15 18 16 17 16 17 15
19 16 18 17 17 16 18 15
19 17 18 17 18 16 19 16
15 39 16 38 17 39 16 40
16 39 16 40 15 40 15 39
17 38 17 39 16 39 16 38
17 40 16 39 17 38 18 39
18 40 17 40 17 39 18 39
19 39 18 40 17 39 18 38
41 36 41 35 42 35 42 36
40 35 41 34 42 35 41 36
40 34 41 34 41 35 40 35
42 34 41 35 40 34 41 33
17 18 17 17 18 17 18 18
16 19 15 18 16 17 17 18
19 38 19 39 18 39 18 38
16 36 15 36 15 35 16 35
14 36 15 37 16 36 15 35
14 37 14 36 15 36 15 37
42 33 42 34 41 34 41 33
40 32 41 31 42 32 41 33
39 33 38 32 39 31 40 32
20 18 21 17 22 18 21 19
19 19 18 18 19 17 20 18
19 21 18 20 19 19 20 20
19 22 19 21 20 21 20 22
20 23 19 22 20 21 21 22
20 25 19 24 20 23 21 24
19 25 20 25 20 26 19 26
18 24 18 25 19 25 19 24
17 23 18 24 17 25 16 24
18 23 18 24 17 24 17 23
16 23 17 24 18 23 17 22
16 22 17 22 17 23 16 23
17 21 18 22 17 23 16 22
16 20 17 19 18 20 17 21
17 20 17 21 16 21 16 20
18 19 18 20 17 20 17 19
19 18 19 19 18 19 18 18
20 17 20 18 19 18 19 17
21 16 20 17 19 16 20 15
20 16 21 16 21 17 20 17
19 15 20 16 19 17 18 16
18 21 18 22 17 22 17 21
19 20 18 21 17 20 18 19
20 19 20 20 19 20 19 19
21 18 21 19 20 19 20 18
22 17 22 18 21 18 21 17
22 19 21 18 22 17 23 18
23 19 22 19 22 18 23 18
22 20 23 19 24 20 23 21
21 21 20 20 21 19 22 20
43 26 42 27 41 26 42 25
34 37 34 38 35 38 35 37
36 37 35 38 34 37 35 36
15 22 16 23 15 24 14 23
15 21 16 21 16 22 15 22
15 23 16 23 16 24 15 24
14 22 14 23 15 23 15 22
21 20 20 21 19 20 20 19
22 21 22 20 21 20 21 21
22 22 22 21 23 21 23 22
21 23 22 23 22 22 21 22
20 24 19 23 20 22 21 23
21 25 21 24 20 24 20 25
34 36 35 37 34 38 33 37
33 36 34 36 34 37 33 37
16 25 16 24 17 24 17 25
24 39 23 39 23 38 24 38
25 38 24 39 23 38 24 37
23 20 22 21 21 20 22 19
24 19 24 20 23 20 23 19
36 36 36 37 35 37 35 36
42 26 42 27 41 27 41 26
43 25 43 26 42 26 42 25
25 37 25 38 24 38 24 37
40 26 41 25 42 26 41 27
40 25 41 25 41 26 40 26
40 27 39 26 40 25 41 26
39 27 39 26 40 26 40 27
39 25 38 26 39 27 40 26
38 25 39 25 39 26 38 26
40 31 39 31 39 30 40 30
41 32 41 31 40 31 40 32
40 33 41 32 42 33 41 34
39 32 39 33 40 33 40 32
38 33 37 32 38 31 39 32
37 33 37 32 38 32 38 33
35 33 36 34 37 33 36 32
35 34 34 34 34 33 35 33
36 33 35 34 34 33 35 32
37 34 37 33 36 33 36 34
39 34 38 35 37 34 38 33
38 34 38 33 39 33 39 34
39 35 38 34 39 33 40 34
38 30 39 29 40 30 39 31
38 29 39 29 39 30 38 30
37 30 38 29 39 30 38 31
37 31 37 30 38 30 38 31
36 31 37 31 37 32 36 32
18 26 18 25 17 25 17 26
16 26 17 27 18 26 17 25
16 27 16 26 17 26 17 27
18 27 17 28 16 27 17 26
18 28 17 28 17 27 18 27
19 29 19 28 18 28 18 29
19 30 19 29 20 29 20 30
19 27 18 26 19 25 20 26
20 28 19 29 18 28 19 27
40 28 39 29 38 28 39 27
41 28 40 28 40 27 41 27
34 32 35 33 34 34 33 33
33 32 34 32 34 33 33 33
33 34 32 33 33 32 34 33
32 34 32 33 33 33 33 34
24 23 23 24 22 23 23 22
23 23 24 23 24 24 23 24
22 24 21 23 22 22 23 23
21 26 20 27 19 26 20 25
21 27 20 27 20 26 21 26
22 26 23 27 22 28 21 27
23 25 22 26 21 25 22 24
22 25 22 24 23 24 23 25
21 28 20 29 19 28 20 27
21 29 20 29 20 28 21 28
22 30 21 29 22 28 23 29
22 29 23 29 23 30 22 30
30 33 31 34 32 33 31 32
26 33 27 33 27 34 26 34
27 32 26 33 25 32 26 31
27 31 28 31 28 32 27 32
26 30 26 31 27 31 27 30
27 29 28 30 27 31 26 30
28 29 28 30 27 30 27 29
29 30 28 29 29 28 30 29
29 31 28 31 28 30 29 30
22 27 22 28 21 28 21 27
23 28 22 29 21 28 22 27
24 26 23 25 24 24 25 25
24 28 23 27 24 26 25 27
24 29 23 29 23 28 24 28
25 30 24 31 23 30 24 29
26 29 27 30 26 31 25 30
25 29 26 29 26 30 25 30
24 30 23 29 24 28 25 29
23 31 24 31 24 30 23 30
23 26 23 27 22 27 22 26
24 25 24 26 23 26 23 25
25 24 25 25 24 25 24 24
26 35 25 34 26 33 27 34
25 35 25 34 26 34 26 35
26 32 27 31 28 32 27 33
25 33 26 33 26 32 25 32
24 34 25 33 26 34 25 35
24 33 25 33 25 34 24 34
23 32 24 31 25 32 24 33
22 31 23 32 22 33 21 32
22 32 22 31 23 31 23 32
21 31 22 30 23 31 22 32
21 30 22 30 22 31 21 31
20 31 19 30 20 29 21 30
20 32 20 31 21 31 21 32
19 31 20 30 21 31 20 32
30 24 30 25 29 25 29 24
29 23 30 24 29 25 28 24
28 23 29 23 29 24 28 24
28 25 27 24 28 23 29 24
27 25 27 24 28 24 28 25
26 26 25 25 26 24 27 25
30 26 29 27 28 26 29 25
29 26 30 26 30 27 29 27
27 26 28 27 29 26 28 25
27 27 27 26 28 26 28 27
26 28 25 27 26 26 27 27
26 27 27 27 27 28 26 28
25 28 26 27 27 28 26 29
24 27 25 28 24 29 23 28
25 26 25 27 24 27 24 26
26 25 26 26 25 26 25 25
26 23 25 24 26 25 27 24
27 23 27 24 26 24 26 23
31 26 30 27 29 26 30 25
28 28 29 28 29 27 28 27
15 20 16 19 17 20 16 21
15 19 16 19 16 20 15 20
14 18 15 17 16 18 15 19
14 19 14 18 15 18 15 19
13 18 14 17 15 18 14 19
13 17 14 17 14 18 13 18
14 20 15 19 16 20 15 21
14 21 14 20 15 20 15 21
13 20 14 19 15 20 14 21
13 19 14 19 14 20 13 20
12 18 13 17 14 18 13 19
12 19 12 18 13 18 13 19
37 35 37 34 38 34 38 35
35 35 36 36 37 35 36 34
36 35 35 35 35 34 36 34
37 36 37 35 36 35 36 36
39 36 38 37 37 36 38 35
40 36 39 36 39 35 40 35
41 37 40 36 41 35 42 36
40 37 40 36 41 36 41 37
34 35 35 36 36 35 35 34
32 35 33 36 34 35 33 34
31 35 31 34 32 34 32 35
33 35 34 36 35 35 34 34
32 36 31 35 32 34 33 35
19 32 20 31 21 32 20 33
19 33 19 32 20 32 20 33
21 33 21 32 22 32 22 33
22 34 21 33 22 32 23 33
23 34 22 34 22 33 23 33
24 35 23 34 24 33 25 34
23 35 23 34 24 34 24 35
24 36 24 35 25 35 25 36
26 36 25 37 24 36 25 35
26 37 25 37 25 36 26 36
27 36 26 37 25 36 26 35
22 35 21 34 22 33 23 34
21 35 21 34 22 34 22 35
22 36 21 35 22 34 23 35
23 36 22 36 22 35 23 35
23 37 23 36 24 36 24 37
22 38 23 37 24 38 23 39
22 37 23 37 23 38 22 38
21 36 22 35 23 36 22 37
21 37 21 36 22 36 22 37
24 32 24 33 23 33 23 32
25 31 25 32 24 32 24 31
27 35 27 36 26 36 26 35
28 36 27 37 26 36 27 35
28 37 27 37 27 36 28 36
28 34 27 35 26 34 27 33
28 35 27 35 27 34 28 34
29 36 28 37 27 36 28 35
29 35 29 36 28 36 28 35
31 25 31 26 30 26 30 25
20 34 19 33 20 32 21 33
16 41 16 42 14 42 14 41
15 42 14 41 15 40 16 41
40 39 39 40 41 42 42 41
40 40 39 40 39 39 40 39
42 38 40 40 39 39 41 37
17 43 16 42 18 40 19 41
17 41 16 41 16 40 17 40
17 42 17 41 19 41 19 42
16 43 17 43 17 42 16 42
13 38 14 37 16 39 15 40
18 41 17 42 16 41 17 40
41 38 40 39 39 38 40 37
42 37 42 38 41 38 41 37
38 18 40 18 40 20 38 20
37 17 39 15 40 16 38 18
36 18 34 16 35 15 37 17
34 20 36 18 38 20 36 22
34 21 33 21 33 20 34 20
32 21 33 22 34 21 33 20
32 22 32 21 33 21 33 22
35 23 34 24 32 22 33 21
36 23 35 23 35 22 36 22
37 26 35 24 36 23 38 25
39 28 38 29 36 27 37 26
40 29 40 28 39 28 39 29
41 30 40 31 39 30 40 29
18 37 17 38 15 36 16 35
17 37 18 37 18 38 17 38
18 36 19 37 18 38 17 37
19 36 19 37 18 37 18 36
19 35 21 35 21 36 19 36
20 36 19 35 20 34 21 35
20 38 19 37 20 36 21 37
37 38 37 36 39 36 39 38
38 39 37 38 38 37 39 38
36 39 36 37 38 37 38 39
34 41 33 40 35 38 36 39
20 37 19 38 18 37 19 36
21 38 21 37 20 37 20 38
22 39 21 38 22 37 23 38
21 39 21 38 22 38 22 39
21 41 19 41 19 39 21 39
24 40 22 42 21 41 23 39
25 39 25 40 24 40 24 39
29 39 27 41 25 39 27 37
24 15 22 17 21 16 23 14
24 16 24 15 25 15 25 16
25 17 23 19 22 18 24 16
27 17 25 17 25 16 27 16
26 16 27 17 26 18 25 17
39 24 41 24 41 23 39 23
40 23 41 24 40 25 39 24
20 40 19 39 20 38 21 39
20 42 19 41 20 40 21 41
22 40 22 42 20 42 20 40
23 40 22 40 22 39 23 39
24 41 23 40 24 39 25 40
23 41 23 40 24 40 24 41
33 16 34 16 34 18 33 18
32 15 33 16 32 17 31 16
32 16 31 16 31 15 32 15
29 17 30 18 32 16 31 15
36 20 34 20 34 18 36 18
38 22 36 20 38 18 40 20
38 23 38 22 39 22 39 23
37 23 38 23 38 25 37 25
38 24 37 25 36 24 37 23
40 24 39 25 38 24 39 23
13 25 15 23 16 24 14 26
25 42 24 42 24 41 25 41
27 44 25 42 27 40 29 42
18 35 20 33 21 34 19 36
16 33 16 35 18 35 18 33
14 25 16 25 16 26 14 26
13 23 13 25 14 25 14 23
15 26 14 25 15 24 16 25
26 17 24 19 23 18 25 16
31 20 30 19 32 17 33 18
31 18 33 18 33 20 31 20
30 16 30 18 31 18 31 16
41 29 41 30 40 30 40 29
42 28 41 29 40 28 41 27
42 29 41 29 41 28 42 28
43 28 42 29 41 28 42 27
28 39 27 40 25 38 26 37
29 37 29 39 28 39 28 37
30 36 29 37 28 36 29 35
30 37 29 37 29 36 30 36
24 18 26 18 26 19 24 19
23 16 23 18 24 18 24 16
21 14 21 16 23 16 23 14
26 22 24 20 26 18 28 20
25 23 26 22 27 23 26 24
24 22 25 23 24 24 23 23
25 22 25 23 24 23 24 22
26 21 25 22 23 20 24 19
25 21 26 21 26 22 25 22
35 25 37 25 37 26 35 26
34 25 34 24 35 24 35 25
32 26 34 26 34 25 32 25
31 27 30 26 31 25 32 26
32 27 31 27 31 26 32 26
33 26 32 27 31 26 32 25
34 27 33 26 34 25 35 26
35 27 34 27 34 26 35 26
36 26 35 27 34 26 35 25
37 27 36 26 37 25 38 26
37 29 36 28 37 27 38 28
36 30 37 29 38 30 37 31
36 29 37 29 37 30 36 30
35 28 35 29 36 29 36 28
33 28 34 29 35 28 34 27
32 29 31 28 32 27 33 28
38 27 39 27 39 28 38 28
33 30 34 29 36 31 35 32
31 30 31 28 33 28 33 30
32 31 31 30 32 29 33 30
32 32 31 32 31 31 32 31
31 33 32 32 33 33 32 34
30 32 30 33 31 33 31 32
29 33 28 32 29 31 30 32
30 34 29 35 28 34 29 33
29 34 29 33 30 33 30 34
28 33 29 34 28 35 27 34
29 32 29 33 28 33 28 32
30 31 30 32 29 32 29 31
30 30 31 30 31 31 30 31
29 29 30 30 29 31 28 30
30 28 30 29 29 29 29 28
37 28 37 29 38 29 38 28
33 31 34 32 36 30 35 29
32 30 33 31 32 32 31 31
33 29 32 30 30 28 31 27
31 22 32 23 30 25 29 24
30 21 31 20 32 21 31 22
28 19 30 21 28 23 26 21
29 18 28 19 26 17 27 16
27 18 27 17 29 17 29 18
30 20 30 19 28 19 28 20
31 21 31 20 30 20 30 21
28 22 29 23 31 21 30 20
27 22 28 22 28 23 27 23
34 28 35 29 36 28 35 27
33 27 33 28 34 28 34 27
33 25 32 26 33 27 34 26
31 23 31 25 32 25 32 23
29 22 29 23 31 23 31 22
32 24 31 25 30 24 31 23
42 30 41 31 40 30 41 29
42 31 41 31 41 30 42 30
43 30 42 31 41 30 42 29
43 29 43 30 42 30 42 29
43 27 43 28 42 28 42 27
44 26 43 27 42 26 43 25
44 27 43 27 43 26 44 26
44 28 43 29 42 28 43 27
44 29 43 29 43 28 44 28
45 28 44 29 43 28 44 27
45 27 45 28 44 28 44 27
37 16 40 16 40 17 37 17
20 43 19 42 22 39 23 40
19 43 19 42 20 42 20 43
38 40 35 37 36 36 39 39
11 25 13 23 16 26 14 28
31 38 31 41 34 41 34 38
32 41 30 39 31 38 33 40
31 13 34 16 30 20 27 17
31 44 27 44 27 41 31 41
15 32 18 29 19 30 16 33
15 31 19 31 19 32 15 32
14 32 15 31 19 35 18 36
14 35 14 32 15 32 15 35
13 36 14 35 15 36 14 37
13 35 14 35 14 36 13 36
15 30 15 31 14 31 14 30
16 29 19 32 18 33 15 30
27 42 25 40 28 37 30 39
30 42 29 42 29 39 30 39
33 39 30 39 30 37 33 37
36 40 36 39 33 39 33 40
35 41 33 39 34 38 36 40
37 41 35 41 35 38 37 38
26 40 26 37 27 37 27 40
26 41 25 41 25 40 26 40
30 40 29 39 32 36 33 37
29 41 30 40 31 41 30 42
39 16 40 17 35 22 34 21
10 30 14 26 19 31 15 35
10 28 14 28 14 30 10 30
34 15 40 21 39 22 33 16
35 16 35 15 34 15 34 16
25 13 31 13 31 15 25 15
24 12 25 13 21 17 20 16
20 12 24 12 24 15 20 15
19 11 20 12 17 15 16 14
18 11 19 11 19 15 18 15
17 12 18 11 21 14 20 15
21 11 25 15 24 16 20 12
