best-score: 833449
count: 5
elapsed-time: 4.815
210
28 26 27 27 26 26 27 25
10 26 11 26 11 27 10 27
26 9 27 10 26 11 25 10
27 9 27 10 26 10 26 9
27 26 27 27 26 27 26 26
28 25 28 26 27 26 27 25
25 11 26 11 26 10 25 10
25 9 24 10 25 11 26 10
24 9 25 9 25 10 24 10
25 12 24 12 24 11 25 11
27 12 26 13 25 12 26 11
25 14 26 15 27 14 26 13
26 14 26 15 25 15 25 14
27 15 26 16 25 15 26 14
27 16 26 16 26 15 27 15
27 13 27 14 26 14 26 13
13 24 12 24 12 23 13 23
14 23 13 24 12 23 13 22
15 22 16 23 15 24 14 23
14 21 14 22 15 22 15 21
10 23 10 22 11 22 11 23
11 24 10 23 11 22 12 23
26 21 26 20 27 20 27 21
28 21 27 22 26 21 27 20
28 22 27 22 27 21 28 21
9 17 9 16 10 16 10 17
23 22 23 23 24 23 24 22
22 22 22 21 23 21 23 22
22 24 21 23 22 22 23 23
12 22 13 23 12 24 11 23
13 14 14 15 13 16 12 15
12 14 12 13 13 13 13 14
11 14 12 14 12 15 11 15
13 12 12 13 13 14 14 13
14 12 14 13 13 13 13 12
22 23 22 24 21 24 21 23
23 24 22 23 23 22 24 23
13 21 14 20 15 21 14 22
13 20 14 20 14 21 13 21
12 21 13 20 14 21 13 22
11 21 12 21 12 22 11 22
12 20 13 21 12 22 11 21
21 13 20 14 19 13 20 12
22 13 22 14 21 14 21 13
23 14 22 15 21 14 22 13
23 15 22 15 22 14 23 14
24 15 24 16 23 16 23 15
24 13 23 14 24 15 25 14
23 12 24 11 25 12 24 13
23 13 23 12 24 12 24 13
22 12 23 11 24 12 23 13
22 11 23 11 23 12 22 12
21 12 22 11 23 12 22 13
20 13 21 13 21 12 20 12
19 14 20 14 20 13 19 13
20 15 19 14 20 13 21 14
21 16 21 15 20 15 20 16
22 16 21 15 22 14 23 15
21 17 22 17 22 16 21 16
22 18 21 17 22 16 23 17
22 20 21 19 22 18 23 19
21 21 22 20 23 21 22 22
21 20 22 20 22 21 21 21
24 18 23 17 24 16 25 17
24 19 23 19 23 18 24 18
24 14 23 15 24 16 25 15
25 13 25 14 24 14 24 13
26 12 25 13 24 12 25 11
27 11 27 12 26 12 26 11
28 12 27 13 26 12 27 11
28 13 27 13 27 12 28 12
15 14 16 15 15 16 14 15
17 24 16 23 17 22 18 23
17 23 18 23 18 24 17 24
19 23 18 24 17 23 18 22
13 15 14 15 14 16 13 16
12 16 11 15 12 14 13 15
12 17 12 16 13 16 13 17
11 16 12 17 11 18 10 17
10 15 10 16 11 16 11 15
10 13 9 14 10 15 11 14
14 17 13 18 12 17 13 16
14 18 13 18 13 17 14 17
15 17 14 18 13 17 14 16
24 17 23 18 22 17 23 16
25 18 25 17 24 17 24 18
25 20 24 19 25 18 26 19
25 19 26 19 26 20 25 20
24 20 23 19 24 18 25 19
25 21 24 22 23 21 24 20
26 22 25 21 26 20 27 21
25 22 25 21 26 21 26 22
24 21 25 20 26 21 25 22
23 20 24 21 23 22 22 21
22 19 23 18 24 19 23 20
21 18 21 19 22 19 22 18
20 19 21 18 22 19 21 20
18 19 19 20 20 19 19 18
19 19 18 19 18 18 19 18
18 20 17 19 18 18 19 19
17 20 17 19 18 19 18 20
17 18 16 19 17 20 18 19
16 18 17 18 17 19 16 19
15 19 16 18 17 19 16 20
15 20 15 19 16 19 16 20
16 21 15 22 14 21 15 20
16 22 16 21 17 21 17 22
15 23 16 23 16 22 15 22
14 24 13 23 14 22 15 23
15 25 15 24 14 24 14 25
13 25 14 26 15 25 14 24
13 26 13 25 14 25 14 26
12 25 13 24 14 25 13 26
10 25 11 26 12 25 11 24
9 26 10 26 10 25 9 25
13 19 14 18 15 19 14 20
12 19 13 19 13 20 12 20
14 19 13 20 12 19 13 18
15 18 15 19 14 19 14 18
16 17 16 18 15 18 15 17
16 24 15 23 16 22 17 23
19 15 20 16 21 15 20 14
18 21 17 22 16 21 17 20
20 21 19 22 18 21 19 20
21 22 20 21 21 20 22 21
20 23 21 22 22 23 21 24
19 24 18 23 19 22 20 23
20 24 19 24 19 23 20 23
20 22 19 23 20 24 21 23
19 21 19 22 20 22 20 21
20 20 21 21 20 22 19 21
20 18 19 19 20 20 21 19
19 17 20 16 21 17 20 18
20 17 20 18 19 18 19 17
19 16 20 15 21 16 20 17
28 10 27 11 26 10 27 9
28 11 27 11 27 10 28 10
29 12 28 13 27 12 28 11
29 11 29 12 28 12 28 11
11 25 11 24 12 24 12 25
12 26 11 25 12 24 13 25
10 24 11 25 10 26 9 25
9 23 10 22 11 23 10 24
9 24 9 23 10 23 10 24
8 25 9 24 10 25 9 26
8 24 9 24 9 25 8 25
15 11 14 12 12 10 13 9
14 11 14 9 15 9 15 11
12 9 14 11 13 12 11 10
11 9 12 9 12 10 11 10
11 11 10 10 11 9 12 10
10 12 11 11 13 13 12 14
12 12 12 13 10 13 10 12
13 10 13 12 12 12 12 10
10 11 10 10 11 10 11 11
9 12 10 12 10 11 9 11
11 12 10 13 9 12 10 11
22 8 24 10 23 11 21 9
16 25 16 27 15 27 15 25
17 25 16 25 16 24 17 24
16 26 15 25 16 24 17 25
15 26 14 25 15 24 16 25
20 26 19 27 17 25 18 24
21 26 20 26 20 24 21 24
16 13 16 15 14 15 14 13
15 12 16 13 15 14 14 13
16 11 16 12 15 12 15 11
15 8 14 9 16 11 17 10
10 19 10 17 12 17 12 19
11 20 10 19 11 18 12 19
10 21 11 20 12 21 11 22
10 20 11 20 11 21 10 21
9 21 10 20 11 21 10 22
9 22 9 21 10 21 10 22
8 23 9 22 10 23 9 24
8 22 9 22 9 23 8 23
7 23 8 22 9 23 8 24
7 24 7 23 8 23 8 24
18 15 19 16 17 18 16 17
17 12 16 13 18 15 19 14
17 13 16 13 16 12 17 12
18 16 18 15 19 15 19 16
17 17 18 16 19 17 18 18
16 16 17 17 16 18 15 17
17 16 17 17 16 17 16 16
16 14 17 13 19 15 18 16
15 13 16 14 14 16 13 15
18 17 18 18 17 18 17 17
24 29 21 26 23 24 26 27
26 25 26 22 27 22 27 25
27 24 28 25 27 26 26 25
19 8 19 9 15 9 15 8
20 7 23 10 22 11 19 8
18 29 16 27 19 24 21 26
18 8 19 9 16 12 15 11
18 27 18 24 19 24 19 27
16 29 18 29 18 27 16 27
9 19 12 16 13 17 10 20
9 20 9 19 10 19 10 20
8 21 9 20 10 21 9 22
8 20 9 20 9 21 8 21
7 21 8 20 9 21 8 22
7 22 7 21 8 21 8 22
6 23 7 22 8 23 7 24
6 22 7 22 7 23 6 23
20 10 20 12 17 12 17 10
23 7 23 10 20 10 20 7
19 26 18 27 16 25 17 24
18 9 21 12 20 13 17 10
20 8 21 9 20 10 19 9
