best-score: 814658
count: 2
elapsed-time: 4.794
286
30 34 30 35 31 35 31 34
29 35 28 34 29 33 30 34
28 35 28 34 29 34 29 35
29 36 28 35 29 34 30 35
30 36 29 36 29 35 30 35
34 32 33 33 32 32 33 31
33 32 33 31 34 31 34 32
32 33 33 33 33 32 32 32
30 33 31 34 32 33 31 32
30 32 31 32 31 33 30 33
28 32 29 33 30 32 29 31
34 33 33 32 34 31 35 32
35 33 34 33 34 32 35 32
32 34 31 34 31 33 32 33
31 31 30 32 31 33 32 32
32 31 32 32 31 32 31 31
13 15 14 14 15 15 14 16
32 15 33 16 32 17 31 16
31 15 32 15 32 16 31 16
10 20 11 19 12 20 11 21
10 19 11 19 11 20 10 20
18 12 19 13 18 14 17 13
14 15 15 15 15 16 14 16
13 14 13 15 14 15 14 14
33 17 33 16 32 16 32 17
18 31 17 32 16 31 17 30
17 31 17 30 18 30 18 31
16 32 17 32 17 31 16 31
18 32 17 33 16 32 17 31
18 33 17 33 17 32 18 32
12 21 12 20 11 20 11 21
13 22 13 21 12 21 12 22
18 13 19 13 19 14 18 14
17 12 17 13 18 13 18 12
15 19 15 18 14 18 14 19
15 17 14 18 15 19 16 18
16 17 16 18 15 18 15 17
16 19 15 18 16 17 17 18
16 20 15 20 15 19 16 19
18 20 17 21 16 20 17 19
19 20 18 20 18 19 19 19
17 20 18 21 19 20 18 19
16 21 15 20 16 19 17 20
17 15 18 14 19 15 18 16
16 16 15 15 16 14 17 15
10 22 11 21 12 22 11 23
20 15 20 14 19 14 19 15
31 17 31 18 30 18 30 17
30 16 31 15 32 16 31 17
29 16 30 16 30 17 29 17
30 15 31 16 30 17 29 16
20 16 19 15 20 14 21 15
21 16 20 16 20 15 21 15
21 14 20 15 21 16 22 15
17 29 16 28 17 27 18 28
16 30 17 29 18 30 17 31
16 29 17 29 17 30 16 30
15 29 15 28 16 28 16 29
14 22 13 23 12 22 13 21
16 22 15 23 14 22 15 21
17 22 16 22 16 21 17 21
26 16 25 15 26 14 27 15
23 12 24 12 24 13 23 13
14 20 15 19 16 20 15 21
13 19 14 20 13 21 12 20
13 20 13 19 14 19 14 20
12 19 13 20 12 21 11 20
14 21 13 20 14 19 15 20
15 22 15 21 14 21 14 22
16 23 16 22 15 22 15 23
14 23 15 24 16 23 15 22
14 24 14 23 15 23 15 24
13 25 12 24 13 23 14 24
12 26 13 25 14 26 13 27
32 25 31 24 32 23 33 24
27 28 26 29 27 30 28 29
28 27 28 28 27 28 27 27
18 17 19 18 18 19 17 18
18 18 18 17 19 17 19 18
17 17 18 16 19 17 18 18
17 16 18 16 18 17 17 17
16 15 17 16 16 17 15 16
15 14 15 15 16 15 16 14
14 13 15 14 14 15 13 14
15 13 15 14 14 14 14 13
16 12 17 13 16 14 15 13
27 29 26 28 27 27 28 28
26 30 27 30 27 29 26 29
28 30 27 31 26 30 27 29
28 31 27 31 27 30 28 30
29 32 29 31 28 31 28 32
28 33 29 32 30 33 29 34
27 34 28 34 28 33 27 33
26 15 26 16 25 16 25 15
27 14 27 15 26 15 26 14
27 16 26 15 27 14 28 15
28 16 27 16 27 15 28 15
29 15 30 16 29 17 28 16
29 21 30 21 30 22 29 22
25 14 26 15 25 16 24 15
25 12 24 13 25 14 26 13
23 14 24 15 23 16 22 15
23 15 22 15 22 14 23 14
24 14 23 15 22 14 23 13
25 13 25 14 24 14 24 13
26 12 26 13 25 13 25 12
25 11 26 12 25 13 24 12
24 11 25 11 25 12 24 12
25 10 26 11 25 12 24 11
26 10 26 11 25 11 25 10
30 23 29 24 30 25 31 24
31 23 31 24 30 24 30 23
29 23 30 24 31 23 30 22
22 13 23 12 24 13 23 14
21 13 22 13 22 14 21 14
20 12 21 13 20 14 19 13
29 25 30 25 30 24 29 24
19 21 18 20 19 19 20 20
18 22 19 21 20 22 19 23
17 23 16 22 17 21 18 22
18 23 17 23 17 22 18 22
17 24 16 23 17 22 18 23
16 24 16 23 17 23 17 24
15 25 14 24 15 23 16 24
16 25 15 25 15 24 16 24
24 16 24 15 23 15 23 16
31 22 30 23 29 22 30 21
32 22 32 23 31 23 31 22
20 21 20 20 19 20 19 21
19 22 19 21 18 21 18 22
20 23 20 22 19 22 19 23
19 24 18 23 19 22 20 23
18 24 18 23 19 23 19 24
17 25 16 24 17 23 18 24
18 25 17 25 17 24 18 24
17 26 16 25 17 24 18 25
16 26 16 25 17 25 17 26
15 27 14 26 15 25 16 26
14 28 15 27 16 28 15 29
14 27 15 27 15 28 14 28
13 26 13 27 14 27 14 26
12 25 12 26 13 26 13 25
27 12 28 13 27 14 26 13
27 11 27 12 26 12 26 11
23 10 24 11 23 12 22 11
33 22 32 23 31 22 32 21
18 26 17 27 16 26 17 25
18 27 17 27 17 26 18 26
33 21 33 22 32 22 32 21
32 13 34 13 34 12 32 12
30 11 32 13 30 15 28 13
13 13 13 14 11 14 11 13
12 14 11 13 12 12 13 13
12 16 11 15 12 14 13 15
14 17 14 16 12 16 12 17
13 16 14 15 15 16 14 17
12 15 13 16 12 17 11 16
12 13 11 14 12 15 13 14
13 11 14 11 14 13 13 13
30 10 32 12 31 13 29 11
29 10 30 10 30 11 29 11
28 9 29 10 27 12 26 11
14 12 15 13 14 14 13 13
11 17 12 16 14 18 13 19
30 13 31 13 31 15 30 15
32 11 34 13 32 15 30 13
30 12 32 12 32 11 30 11
28 12 30 12 30 13 28 13
28 10 27 11 28 12 29 11
29 9 29 10 28 10 28 9
19 10 20 11 18 13 17 12
33 29 33 31 32 31 32 29
30 30 31 31 33 29 32 28
29 29 30 30 29 31 28 30
31 29 31 31 29 31 29 29
31 28 32 28 32 29 31 29
18 11 20 11 20 12 18 12
26 36 25 35 27 33 28 34
27 35 25 35 25 34 27 34
33 20 31 18 32 17 34 19
13 18 14 17 15 18 14 19
12 18 13 18 13 19 12 19
11 18 11 17 12 17 12 18
10 24 10 22 12 22 12 24
11 25 10 24 11 23 12 24
11 24 13 22 14 23 12 25
19 32 18 31 20 29 21 30
20 35 18 33 19 32 21 34
19 28 17 30 16 29 18 27
19 29 19 28 20 28 20 29
19 27 18 28 19 29 20 28
20 24 18 26 19 27 21 25
36 23 34 25 33 24 35 22
27 19 29 17 30 18 28 20
28 19 28 20 27 20 27 19
29 20 28 19 30 17 31 18
28 21 29 21 29 20 28 20
26 21 27 22 28 21 27 20
26 22 24 22 24 21 26 21
27 23 26 22 28 20 29 21
27 24 27 23 29 23 29 24
29 26 28 27 26 25 27 24
30 27 29 26 30 25 31 26
30 28 30 27 31 27 31 28
28 26 29 25 31 27 30 28
29 27 29 26 28 26 28 27
35 24 35 22 33 22 33 24
33 26 31 26 31 24 33 24
34 27 32 29 31 28 33 26
32 27 32 25 34 25 34 27
29 30 28 29 30 27 31 28
30 31 29 32 28 31 29 30
31 30 32 31 31 32 30 31
29 28 29 29 28 29 28 28
21 19 19 17 20 16 22 18
21 32 21 30 22 30 22 32
19 34 21 34 21 32 19 32
21 18 21 19 19 19 19 18
22 19 20 21 19 20 21 18
24 18 24 19 22 19 22 18
25 18 24 18 24 16 25 16
22 17 24 19 25 18 23 16
20 17 21 18 22 17 21 16
19 16 19 17 20 17 20 16
18 15 18 16 19 16 19 15
17 14 17 15 18 15 18 14
16 13 17 14 16 15 15 14
15 10 14 11 16 13 17 12
26 17 28 19 27 20 25 18
27 17 26 17 26 16 27 16
25 19 24 18 26 16 27 17
27 18 27 19 25 19 25 18
29 18 27 18 27 17 29 17
30 20 30 18 29 18 29 20
31 19 33 21 32 22 30 20
32 18 31 19 30 18 31 17
32 19 31 19 31 18 32 18
32 20 32 21 30 21 30 20
33 19 33 20 32 20 32 19
34 18 33 19 32 18 33 17
33 18 34 18 34 19 33 19
21 17 22 17 22 18 21 18
26 23 27 23 27 22 26 22
28 23 27 24 26 23 27 22
15 12 16 12 16 13 15 13
35 27 35 28 34 28 34 27
19 31 19 32 18 32 18 31
20 30 19 31 18 30 19 29
21 29 21 30 20 30 20 29
21 31 20 30 21 29 22 30
15 34 14 35 11 32 12 31
16 35 15 34 17 32 18 33
16 33 17 33 17 35 16 35
15 32 15 34 11 34 11 32
12 30 16 30 16 31 12 31
11 29 13 27 14 28 12 30
18 36 17 35 21 31 22 32
21 10 21 13 19 13 19 10
21 12 20 11 21 10 22 11
20 13 21 12 22 13 21 14
36 26 35 27 31 23 32 22
36 29 33 29 33 26 36 26
33 30 34 31 36 29 35 28
22 36 22 32 26 32 26 36
23 35 22 36 18 32 19 31
21 35 21 34 23 34 23 35
24 37 21 34 24 31 27 34
24 33 24 31 27 31 27 33
24 35 23 34 24 33 25 34
23 37 24 37 24 35 23 35
11 30 12 31 15 28 14 27
12 29 12 30 11 30 11 29
25 21 22 18 24 16 27 19
25 23 24 22 25 21 26 22
25 25 25 23 26 23 26 25
25 29 21 29 21 25 25 25
23 33 22 32 25 29 26 30
24 34 24 33 23 33 23 34
24 36 23 35 24 34 25 35
22 24 21 25 25 29 26 28
22 28 20 28 20 24 22 24
21 27 22 28 21 29 20 28
26 24 25 25 27 27 28 26
23 23 20 20 21 19 24 22
22 25 20 23 24 19 26 21
20 27 22 25 26 29 24 31
