best-score: 692610
count: 1
elapsed-time: 5.333
438
15 16 15 15 14 15 14 16
16 17 16 16 15 16 15 17
16 14 17 15 16 16 15 15
16 15 16 14 17 14 17 15
17 16 16 17 15 16 16 15
18 15 18 16 17 16 17 15
18 17 17 16 18 15 19 16
15 41 15 42 14 42 14 41
41 17 40 17 40 16 41 16
18 42 19 41 20 42 19 43
18 41 19 41 19 42 18 42
17 40 18 39 19 40 18 41
44 21 43 22 42 21 43 20
20 43 19 42 20 41 21 42
21 43 20 43 20 42 21 42
22 42 21 43 20 42 21 41
23 43 22 42 23 41 24 42
22 14 22 15 21 15 21 14
13 35 14 34 15 35 14 36
18 40 19 39 20 40 19 41
17 39 17 40 18 40 18 39
17 41 16 40 17 39 18 40
16 41 16 40 17 40 17 41
15 40 16 41 15 42 14 41
21 40 21 41 20 41 20 40
20 39 21 40 20 41 19 40
19 38 19 39 20 39 20 38
16 20 17 20 17 21 16 21
41 38 40 38 40 37 41 37
42 36 41 37 40 36 41 35
23 42 22 42 22 41 23 41
22 43 21 42 22 41 23 42
21 39 20 40 21 41 22 40
22 39 22 40 21 40 21 39
23 40 22 41 21 40 22 39
24 43 23 43 23 42 24 42
24 44 24 43 25 43 25 44
39 36 39 37 40 37 40 36
41 23 40 23 40 22 41 22
44 26 43 26 43 25 44 25
38 19 37 20 36 19 37 18
16 25 16 26 15 26 15 25
42 34 41 35 40 34 41 33
43 33 44 34 43 35 42 34
43 34 43 33 44 33 44 34
42 35 43 35 43 34 42 34
41 36 42 36 42 35 41 35
40 35 41 36 40 37 39 36
41 34 41 35 40 35 40 34
42 33 42 34 41 34 41 33
43 32 44 33 43 34 42 33
43 30 42 31 43 32 44 31
42 29 43 28 44 29 43 30
18 34 17 35 18 36 19 35
42 32 43 32 43 33 42 33
41 32 41 31 42 31 42 32
40 33 41 32 42 33 41 34
40 32 41 32 41 33 40 33
32 19 33 19 33 18 32 18
31 18 32 19 31 20 30 19
17 30 17 31 16 31 16 30
26 41 27 40 28 41 27 42
36 37 35 38 34 37 35 36
35 37 35 36 36 36 36 37
34 38 35 38 35 37 34 37
29 16 30 16 30 17 29 17
28 18 28 17 27 17 27 18
26 18 27 19 28 18 27 17
26 19 26 18 27 18 27 19
27 20 26 19 27 18 28 19
27 21 27 20 28 20 28 21
26 22 27 21 28 22 27 23
26 23 26 22 27 22 27 23
25 24 26 24 26 23 25 23
17 29 16 30 17 31 18 30
18 29 18 30 17 30 17 29
18 31 17 30 18 29 19 30
19 31 18 31 18 30 19 30
23 36 22 35 23 34 24 35
23 35 24 35 24 36 23 36
22 34 22 35 23 35 23 34
22 36 21 35 22 34 23 35
23 37 23 36 22 36 22 37
27 41 27 40 28 40 28 41
26 42 27 42 27 41 26 41
28 42 27 43 26 42 27 41
28 43 27 43 27 42 28 42
29 40 29 39 30 39 30 40
31 40 30 41 29 40 30 39
31 41 30 41 30 40 31 40
29 41 30 42 31 41 30 40
29 42 29 41 30 41 30 42
30 43 29 44 28 43 29 42
24 34 25 35 24 36 23 35
30 18 29 19 28 18 29 17
31 17 31 18 30 18 30 17
31 19 30 18 31 17 32 18
30 20 31 20 31 19 30 19
32 20 31 21 30 20 31 19
32 21 31 21 31 20 32 20
32 23 31 22 32 21 33 22
32 25 31 24 32 23 33 24
30 38 31 39 30 40 29 39
31 38 31 39 30 39 30 38
27 39 28 38 29 39 28 40
26 40 27 40 27 39 26 39
26 20 27 19 28 20 27 21
29 20 29 19 28 19 28 20
26 21 27 20 28 21 27 22
26 35 25 35 25 34 26 34
25 36 24 35 25 34 26 35
37 29 38 30 37 31 36 30
37 30 37 29 38 29 38 30
38 31 37 30 38 29 39 30
39 31 38 31 38 30 39 30
40 31 40 32 39 32 39 31
41 30 42 31 41 32 40 31
42 30 41 30 41 29 42 29
43 31 43 30 42 30 42 31
44 32 43 33 42 32 43 31
37 32 36 32 36 31 37 31
38 33 37 32 38 31 39 32
35 31 34 32 35 33 36 32
35 30 36 30 36 31 35 31
36 29 37 30 36 31 35 30
37 28 37 29 36 29 36 28
36 27 37 28 36 29 35 28
35 27 36 27 36 28 35 28
33 27 34 28 35 27 34 26
33 26 34 26 34 27 33 27
31 26 32 27 33 26 32 25
30 25 31 26 30 27 29 26
31 25 31 26 30 26 30 25
32 26 31 27 30 26 31 25
33 25 33 26 32 26 32 25
30 22 31 22 31 21 30 21
29 23 28 22 29 21 30 22
30 23 29 23 29 22 30 22
31 23 31 24 30 24 30 23
32 22 32 23 31 23 31 22
33 21 33 22 32 22 32 21
33 23 32 22 33 21 34 22
32 24 33 24 33 23 32 23
34 24 33 25 32 24 33 23
34 25 33 25 33 24 34 24
34 23 33 24 34 25 35 24
35 23 35 24 34 24 34 23
36 22 35 23 34 22 35 21
35 22 35 21 36 21 36 22
34 21 35 22 34 23 33 22
35 26 34 27 33 26 34 25
35 32 35 33 34 33 34 32
36 33 35 32 36 31 37 32
22 27 23 26 24 27 23 28
22 26 23 26 23 27 22 27
21 27 22 26 23 27 22 28
21 28 21 27 22 27 22 28
27 24 26 23 27 22 28 23
27 25 26 24 27 23 28 24
28 25 27 25 27 24 28 24
26 25 27 26 28 25 27 24
26 26 26 25 27 25 27 26
24 28 24 27 23 27 23 28
24 29 24 28 25 28 25 29
35 25 35 26 34 26 34 25
36 24 35 25 34 24 35 23
36 25 35 25 35 24 36 24
37 26 36 27 35 26 36 25
29 25 28 24 29 23 30 24
28 26 29 26 29 25 28 25
29 27 28 26 29 25 30 26
28 28 29 28 29 27 28 27
29 29 28 28 29 27 30 28
30 29 29 29 29 28 30 28
30 31 29 30 30 29 31 30
24 26 25 27 24 28 23 27
25 26 25 27 24 27 24 26
24 25 25 24 26 25 25 26
23 25 24 25 24 26 23 26
27 27 26 26 27 25 28 26
26 27 25 28 24 27 25 26
27 28 26 27 27 26 28 27
26 28 26 27 27 27 27 28
27 29 26 30 25 29 26 28
28 29 27 29 27 28 28 28
28 30 28 29 29 29 29 30
31 28 30 28 30 27 31 27
25 41 24 42 25 43 26 42
25 40 26 40 26 41 25 41
24 39 25 38 26 39 25 40
32 16 31 17 30 16 31 15
40 30 41 31 42 30 41 29
39 29 40 30 39 31 38 30
40 29 40 30 39 30 39 29
41 28 42 29 41 30 40 29
40 28 41 28 41 29 40 29
42 28 41 29 40 28 41 27
43 29 43 28 42 28 42 29
44 30 43 31 42 30 43 29
42 27 42 28 41 28 41 27
44 27 43 28 42 27 43 26
34 20 33 21 32 20 33 19
33 20 34 20 34 21 33 21
34 19 33 20 32 19 33 18
35 20 35 19 34 19 34 20
35 18 34 19 35 20 36 19
36 18 36 19 35 19 35 18
21 36 21 35 22 35 22 36
38 28 39 29 40 28 39 27
39 28 39 29 38 29 38 28
40 27 40 28 39 28 39 27
38 27 39 28 40 27 39 26
38 26 39 26 39 27 38 27
37 27 38 27 38 28 37 28
36 26 36 27 37 27 37 26
37 25 38 26 37 27 36 26
38 25 38 26 37 26 37 25
39 24 40 25 39 26 38 25
22 25 23 24 24 25 23 26
22 24 23 24 23 25 22 25
21 25 22 24 23 25 22 26
21 26 21 25 22 25 22 26
20 27 21 26 22 27 21 28
20 26 21 26 21 27 20 27
20 28 19 27 20 26 21 27
19 28 19 27 20 27 20 28
36 20 35 21 34 20 35 19
37 19 37 20 36 20 36 19
38 18 38 19 37 19 37 18
37 17 38 18 37 19 36 18
36 17 37 17 37 18 36 18
34 17 35 18 36 17 35 16
41 26 42 27 41 28 40 27
40 26 41 26 41 27 40 27
39 25 40 26 39 27 38 26
40 24 40 25 39 25 39 24
39 23 40 22 41 23 40 24
20 24 21 25 20 26 19 25
38 24 37 25 36 24 37 23
38 23 39 23 39 24 38 24
39 22 40 23 39 24 38 23
43 15 41 17 40 16 42 14
44 15 44 16 43 16 43 15
42 13 44 15 43 16 41 14
41 13 42 13 42 14 41 14
16 43 18 41 19 42 17 44
13 39 14 38 16 40 15 41
16 19 16 20 14 20 14 19
18 19 16 19 16 17 18 17
18 21 17 20 18 19 19 20
17 23 18 23 18 21 17 21
18 24 16 26 15 25 17 23
19 24 19 25 18 25 18 24
20 23 20 24 19 24 19 23
19 22 20 23 19 24 18 23
15 38 16 38 16 40 15 40
38 43 38 42 40 42 40 43
39 14 41 16 40 17 38 15
15 36 15 38 14 38 14 36
14 37 15 36 16 37 15 38
45 37 44 38 42 36 43 35
20 14 21 15 19 17 18 16
41 20 43 20 43 22 41 22
40 19 40 20 41 20 41 19
38 21 40 19 41 20 39 22
37 22 36 21 37 20 38 21
36 23 37 23 37 22 36 22
37 24 36 25 35 24 36 23
15 20 16 19 17 20 16 21
20 17 19 16 21 14 22 15
20 18 20 17 22 17 22 18
18 18 19 19 20 18 19 17
17 19 15 17 16 16 18 18
18 20 17 21 16 20 17 19
19 21 19 20 18 20 18 21
20 22 20 21 19 21 19 22
18 22 19 23 20 22 19 21
16 22 17 23 18 22 17 21
14 21 14 22 16 22 16 21
13 20 14 19 15 20 14 21
13 21 13 20 14 20 14 21
15 21 14 22 13 21 14 20
20 16 20 17 19 17 19 16
39 17 41 19 40 20 38 18
39 19 39 17 40 17 40 19
39 21 38 21 38 19 39 19
38 22 36 20 37 19 39 21
37 21 37 22 38 22 38 21
19 37 17 39 16 38 18 36
17 37 17 35 19 35 19 37
17 38 16 38 16 37 17 37
18 37 19 38 18 39 17 38
24 17 24 15 22 15 22 17
22 19 24 17 26 19 24 21
21 18 22 19 20 21 19 20
14 23 16 21 18 23 16 25
20 20 19 21 18 20 19 19
22 20 22 21 20 21 20 20
24 22 22 24 20 22 22 20
25 21 26 22 25 23 24 22
25 22 25 21 26 21 26 22
24 23 25 22 26 23 25 24
21 22 23 24 24 23 22 21
21 23 20 23 20 22 21 22
41 21 40 22 39 21 40 20
23 16 24 15 25 16 24 17
26 45 25 44 27 42 28 43
32 45 30 43 32 41 34 43
20 19 20 20 19 20 19 19
33 16 35 16 35 18 33 18
32 17 33 16 34 17 33 18
31 16 32 17 31 18 30 17
32 15 32 16 31 16 31 15
30 15 31 16 32 15 31 14
30 14 31 14 31 15 30 15
42 24 43 25 41 27 40 26
24 18 24 19 22 19 22 18
23 19 24 18 26 20 25 21
21 19 22 20 23 19 22 18
16 32 14 32 14 31 16 31
19 33 18 34 16 32 17 31
19 34 18 34 18 33 19 33
21 34 21 35 19 35 19 34
20 35 21 34 22 35 21 36
17 36 18 37 20 35 19 34
40 21 40 22 39 22 39 21
45 27 43 29 42 28 44 26
45 29 44 29 44 27 45 27
26 15 28 17 27 18 25 16
38 35 39 36 37 38 36 37
36 35 36 33 38 33 38 35
33 34 35 36 36 35 34 33
26 17 26 18 24 18 24 17
27 15 27 17 26 17 26 15
28 14 30 16 29 17 27 15
23 38 25 38 25 40 23 40
21 38 22 39 23 38 22 37
20 37 21 38 20 39 19 38
21 37 21 38 20 38 20 37
22 38 21 39 20 38 21 37
25 19 25 21 24 21 24 19
34 39 32 41 31 40 33 38
33 39 33 38 34 38 34 39
32 39 33 39 33 41 32 41
17 33 17 31 18 31 18 33
15 33 17 33 17 35 15 35
13 33 14 34 15 33 14 32
17 26 18 25 20 27 19 28
16 27 15 26 16 25 17 26
17 27 16 27 16 26 17 26
32 36 34 38 33 39 31 37
33 36 32 36 32 34 33 34
32 37 33 36 34 37 33 38
30 37 31 38 32 37 31 36
30 36 31 36 31 37 30 37
29 37 30 36 31 37 30 38
27 37 29 37 29 39 27 39
28 36 29 37 28 38 27 37
28 34 30 34 30 36 28 36
26 33 26 34 28 34 28 33
22 23 22 22 24 22 24 23
21 24 22 24 22 23 21 23
20 25 21 24 22 25 21 26
19 26 20 26 20 25 19 25
21 29 19 31 18 30 20 28
20 29 20 28 21 28 21 29
32 38 31 38 31 37 32 37
25 37 25 36 27 36 27 37
24 38 25 37 27 39 26 40
23 39 22 38 23 37 24 38
24 40 23 41 22 40 23 39
33 30 32 31 34 33 35 32
31 29 31 30 33 30 33 29
32 28 31 29 30 28 31 27
33 28 32 28 32 27 33 27
34 29 33 28 34 27 35 28
35 29 34 29 34 28 35 28
34 30 33 29 34 28 35 29
34 31 33 31 33 30 34 30
29 34 27 36 26 35 28 33
31 32 33 34 31 36 29 34
29 32 29 30 31 30 31 32
28 32 30 34 28 36 26 34
26 32 26 30 28 30 28 32
30 32 28 34 26 32 28 30
24 30 23 31 21 29 22 28
31 33 33 31 34 32 32 34
32 29 31 28 32 27 33 28
29 33 28 33 28 32 29 32
39 11 41 13 37 17 35 15
41 40 41 38 44 38 44 40
43 42 40 42 40 41 43 41
42 43 40 41 41 40 43 42
37 14 39 14 39 17 37 17
35 40 37 38 40 41 38 43
37 40 35 40 35 38 37 38
38 41 37 40 40 37 41 38
38 38 40 38 40 41 38 41
37 39 35 37 36 36 38 38
38 16 35 16 35 15 38 15
44 24 42 24 42 21 44 21
45 25 44 26 43 25 44 24
34 40 37 43 36 44 33 41
35 43 35 40 34 40 34 43
25 17 24 18 21 15 22 14
13 34 16 31 18 33 15 36
14 35 14 34 13 34 13 35
44 23 41 26 40 25 43 22
39 39 38 38 39 37 40 38
45 24 45 25 44 25 44 24
31 45 31 41 32 41 32 45
33 15 36 18 35 19 32 16
37 36 37 32 39 32 39 36
39 35 36 32 37 31 40 34
38 36 39 35 40 36 39 37
23 33 19 33 19 31 23 31
24 33 24 34 23 34 23 33
25 32 26 33 25 34 24 33
25 33 25 32 26 32 26 33
24 32 25 33 24 34 23 33
20 30 20 32 24 32 24 30
19 29 19 30 20 30 20 29
18 28 18 29 19 29 19 28
16 28 17 29 18 28 17 27
35 35 36 36 40 32 39 31
29 36 26 39 27 40 30 37
21 31 20 32 22 34 23 33
24 31 27 28 28 29 25 32
23 32 20 29 21 28 24 31
22 33 23 32 24 33 23 34
34 48 31 45 37 39 40 42
30 48 30 43 34 43 34 48
29 49 24 44 25 43 30 48
36 49 29 49 29 44 36 44
33 42 33 41 38 41 38 42
13 26 15 26 15 33 13 33
12 27 13 26 17 30 16 31
12 28 12 27 16 27 16 28
