best-score: 680693
count: 2
elapsed-time: 4.922
344
14 38 14 39 13 39 13 38
16 38 15 39 14 38 15 37
15 38 15 37 16 37 16 38
16 39 15 40 14 39 15 38
16 40 15 40 15 39 16 39
39 39 40 40 41 39 40 38
37 14 38 15 37 16 36 15
37 15 36 15 36 14 37 14
39 38 39 39 38 39 38 38
38 37 39 38 38 39 37 38
37 37 38 37 38 38 37 38
36 38 35 37 36 36 37 37
14 37 15 36 16 37 15 38
14 36 15 36 15 37 14 37
17 39 16 38 17 37 18 38
17 38 18 38 18 39 17 39
17 40 16 39 17 38 18 39
33 40 33 41 34 41 34 40
20 14 21 13 22 14 21 15
21 14 20 14 20 13 21 13
21 16 20 15 21 14 22 15
22 16 21 16 21 15 22 15
21 17 20 16 21 15 22 16
20 17 20 16 21 16 21 17
20 39 21 39 21 40 20 40
15 20 16 21 15 22 14 21
16 20 16 21 15 21 15 20
21 12 22 13 21 14 20 13
22 12 22 13 21 13 21 12
34 15 35 16 34 17 33 16
20 38 21 37 22 38 21 39
14 22 15 22 15 21 14 21
39 21 40 22 39 23 38 22
29 40 29 41 30 41 30 40
31 40 30 41 29 40 30 39
35 18 36 19 35 20 34 19
35 19 35 18 36 18 36 19
34 20 35 20 35 19 34 19
31 39 31 40 30 40 30 39
35 35 34 36 33 35 34 34
39 22 39 23 38 23 38 22
40 23 39 24 38 23 39 22
40 24 39 24 39 23 40 23
39 25 38 24 39 23 40 24
38 26 39 26 39 25 38 25
39 27 38 26 39 25 40 26
40 27 39 27 39 26 40 26
19 35 20 34 21 35 20 36
42 26 41 27 40 26 41 25
40 25 39 26 38 25 39 24
41 26 41 25 40 25 40 26
42 27 42 26 41 26 41 27
41 28 40 27 41 26 42 27
40 28 40 27 41 27 41 28
37 23 38 23 38 24 37 24
35 23 36 24 37 23 36 22
36 23 35 23 35 22 36 22
37 22 38 23 37 24 36 23
17 33 17 32 18 32 18 33
42 25 41 26 40 25 41 24
21 20 22 21 21 22 20 21
21 21 21 20 22 20 22 21
23 21 22 22 21 21 22 20
23 22 22 22 22 21 23 21
36 25 37 26 38 25 37 24
37 25 36 25 36 24 37 24
20 22 21 22 21 21 20 21
19 21 20 20 21 21 20 22
19 20 20 20 20 21 19 21
24 33 25 34 24 35 23 34
25 33 25 34 24 34 24 33
25 35 24 34 25 33 26 34
26 35 25 35 25 34 26 34
27 36 26 35 27 34 28 35
27 35 28 35 28 36 27 36
29 36 28 35 29 34 30 35
22 32 22 31 23 31 23 32
30 34 29 34 29 33 30 33
21 25 22 24 23 25 22 26
21 24 22 24 22 25 21 25
30 23 29 24 28 23 29 22
30 24 29 24 29 23 30 23
31 25 30 26 29 25 30 24
31 26 31 25 32 25 32 26
31 28 30 27 31 26 32 27
32 28 31 28 31 27 32 27
33 27 32 28 31 27 32 26
31 30 30 31 29 30 30 29
31 31 30 31 30 30 31 30
32 30 31 31 30 30 31 29
21 26 22 25 23 26 22 27
29 29 29 30 30 30 30 29
29 27 28 28 29 29 30 28
29 26 30 26 30 27 29 27
23 27 23 26 22 26 22 27
22 28 21 27 22 26 23 27
21 28 21 27 22 27 22 28
32 29 32 30 31 30 31 29
33 25 32 26 31 25 32 24
28 22 28 23 29 23 29 22
28 24 27 23 28 22 29 23
28 25 28 24 29 24 29 25
30 25 29 26 28 25 29 24
31 24 31 25 30 25 30 24
32 23 32 24 31 24 31 23
31 22 32 23 31 24 30 23
30 22 31 22 31 23 30 23
27 24 28 24 28 23 27 23
27 26 26 25 27 24 28 25
33 26 33 27 32 27 32 26
40 21 40 22 39 22 39 21
42 24 42 25 41 25 41 24
41 23 42 24 41 25 40 24
42 22 41 23 40 22 41 21
41 22 41 23 40 23 40 22
42 21 42 22 41 22 41 21
41 20 42 21 41 22 40 21
40 20 41 20 41 21 40 21
33 24 33 25 32 25 32 24
34 25 33 26 32 25 33 24
34 26 33 26 33 25 34 25
35 25 34 26 33 25 34 24
36 26 35 25 36 24 37 25
35 26 35 25 36 25 36 26
35 24 34 25 35 26 36 25
34 23 34 24 35 24 35 23
33 22 34 23 33 24 32 23
34 27 34 26 35 26 35 27
33 28 32 27 33 26 34 27
34 28 33 28 33 27 34 27
33 29 32 29 32 28 33 28
42 23 41 24 40 23 41 22
42 15 40 17 38 15 40 13
39 17 38 16 40 14 41 15
41 19 40 20 38 18 39 17
13 16 15 14 16 15 14 17
14 16 14 17 13 17 13 16
14 15 16 15 16 16 14 16
18 17 16 15 18 13 20 15
35 17 36 18 38 16 37 15
34 16 34 17 35 17 35 16
33 15 33 16 34 16 34 15
35 13 36 14 34 16 33 15
37 18 37 16 38 16 38 18
19 36 17 38 16 37 18 35
20 35 20 36 19 36 19 35
21 34 21 35 20 35 20 34
20 33 22 31 23 32 21 34
18 34 20 34 20 33 18 33
16 36 18 34 19 35 17 37
15 35 16 36 15 37 14 36
16 35 16 36 15 36 15 35
16 34 18 34 18 35 16 35
17 36 17 37 16 37 16 36
14 33 13 34 15 36 16 35
15 34 15 35 13 35 13 34
34 38 34 36 36 36 36 38
33 37 34 36 35 37 34 38
31 38 33 38 33 37 31 37
28 37 30 39 31 38 29 36
29 37 28 37 28 36 29 36
26 38 27 39 29 37 28 36
32 38 31 39 33 41 34 40
32 36 31 37 32 38 33 37
32 34 34 34 34 36 32 36
31 35 32 34 33 35 32 36
30 37 31 37 31 35 30 35
29 39 30 39 30 37 29 37
28 40 29 39 30 40 29 41
28 39 29 39 29 40 28 40
27 37 27 39 28 39 28 37
33 19 32 18 34 16 35 17
33 21 32 20 33 19 34 20
32 22 33 21 35 23 34 24
31 20 31 22 32 22 32 20
34 21 33 22 31 20 32 19
36 21 35 22 34 21 35 20
37 21 37 22 36 22 36 21
38 20 37 21 35 19 36 18
40 18 40 20 38 20 38 18
17 23 16 24 14 22 15 21
37 33 38 34 36 36 35 35
37 35 37 37 35 37 35 35
22 36 22 38 20 38 20 36
22 34 21 35 22 36 23 35
22 35 22 34 23 34 23 35
21 36 20 35 21 34 22 35
23 18 22 19 20 17 21 16
23 19 22 19 22 18 23 18
23 20 23 19 24 19 24 20
24 21 23 22 22 21 23 20
25 20 25 21 24 21 24 20
33 17 34 17 34 19 33 19
19 19 21 17 22 18 20 20
19 33 18 34 17 33 18 32
20 32 21 33 20 34 19 33
18 30 18 32 20 32 20 30
19 29 20 30 19 31 18 30
20 26 18 28 19 29 21 27
20 25 21 25 21 26 20 26
19 25 19 24 20 24 20 25
18 22 17 23 19 25 20 24
17 19 16 20 18 22 19 21
17 20 17 19 19 19 19 20
16 25 16 27 14 27 14 25
27 16 29 14 30 15 28 17
33 20 34 20 34 21 33 21
30 19 32 19 32 18 30 18
30 21 29 20 30 19 31 20
29 21 30 21 30 22 29 22
31 19 32 20 30 22 29 21
31 17 30 18 31 19 32 18
31 16 33 16 33 17 31 17
32 13 30 15 31 16 33 14
21 32 21 33 20 33 20 32
26 39 25 38 27 36 28 37
25 39 25 38 26 38 26 39
22 33 22 34 21 34 21 33
29 19 28 19 28 17 29 17
28 18 29 17 30 18 29 19
23 33 22 34 21 33 22 32
24 32 24 33 23 33 23 32
26 30 24 32 23 31 25 29
33 23 32 23 32 22 33 22
20 23 21 24 20 25 19 24
18 23 18 22 20 22 20 23
17 22 19 20 20 21 18 23
15 23 17 23 17 22 15 22
30 20 29 20 29 19 30 19
34 31 33 32 31 30 32 29
21 23 21 24 20 24 20 23
23 23 22 24 21 23 22 22
24 23 23 23 23 22 24 22
22 23 21 23 21 22 22 22
23 24 22 25 21 24 22 23
25 26 23 24 24 23 26 25
27 27 27 26 25 26 25 27
26 26 28 24 29 25 27 27
24 24 26 26 25 27 23 25
25 23 24 24 23 23 24 22
27 21 27 23 25 23 25 21
28 20 29 21 28 22 27 21
28 21 28 20 29 20 29 21
27 20 28 19 29 20 28 21
27 19 28 19 28 20 27 20
26 18 27 19 25 21 24 20
21 29 23 31 22 32 20 30
21 30 20 30 20 29 21 29
22 29 21 30 20 29 21 28
23 28 23 29 22 29 22 28
23 30 22 29 23 28 24 29
24 30 23 30 23 29 24 29
26 32 26 30 24 30 24 32
27 32 27 34 26 34 26 32
28 31 30 33 29 34 27 32
28 29 27 30 28 31 29 30
27 28 29 26 30 27 28 29
27 29 27 28 28 28 28 29
26 29 27 29 27 30 26 30
20 28 20 26 18 26 18 28
32 32 30 34 29 33 31 31
34 30 36 32 34 34 32 32
35 29 34 30 33 29 34 28
28 32 29 33 27 35 26 34
30 32 28 32 28 31 30 31
32 33 32 32 30 32 30 33
33 30 33 32 32 32 32 30
34 29 34 30 33 30 33 29
35 28 35 29 34 29 34 28
36 27 35 28 34 27 35 26
37 27 36 27 36 26 37 26
36 28 35 27 36 26 37 27
25 24 25 23 24 23 24 24
24 25 24 24 23 24 23 25
27 31 28 32 30 30 29 29
28 30 28 31 27 31 27 30
24 28 23 28 23 27 24 27
26 28 25 29 24 28 25 27
25 28 26 28 26 29 25 29
25 30 24 29 25 28 26 29
26 31 24 33 23 32 25 30
26 27 25 28 24 27 25 26
17 26 16 25 18 23 19 24
37 13 40 13 40 14 37 14
38 14 37 15 36 14 37 13
42 19 41 19 41 15 42 15
39 18 41 20 42 19 40 17
39 35 39 38 40 38 40 35
40 36 38 38 37 37 39 35
17 13 20 16 17 19 14 16
17 17 17 13 18 13 18 17
14 19 17 19 17 17 14 17
16 19 15 20 14 19 15 18
19 18 17 20 16 19 18 17
12 18 13 17 16 20 15 21
12 14 15 14 15 18 12 18
11 15 12 14 14 16 13 17
16 14 20 14 20 15 16 15
19 13 20 14 17 17 16 16
36 37 33 40 34 41 37 38
37 36 36 37 32 33 33 32
39 34 40 35 38 37 37 36
38 35 39 35 39 34 38 34
23 11 26 14 25 15 22 12
25 36 21 40 20 39 24 35
25 37 25 36 27 36 27 37
24 38 25 37 26 38 25 39
24 37 25 37 25 38 24 38
23 37 23 35 24 35 24 37
23 39 21 39 21 37 23 37
32 14 29 14 29 13 32 13
30 16 32 14 33 15 31 17
27 13 30 16 29 17 26 14
11 30 13 28 16 31 14 33
15 31 16 31 16 34 15 34
14 32 15 31 17 33 16 34
32 15 33 15 33 14 32 14
26 13 26 14 22 14 22 13
41 29 37 33 36 32 40 28
27 15 30 15 30 16 27 16
19 28 20 29 17 32 16 31
18 27 20 25 21 26 19 28
17 28 16 27 17 26 18 27
14 28 17 28 17 32 14 32
13 27 13 28 14 28 14 27
17 25 14 28 13 27 16 24
18 25 18 26 17 26 17 25
26 16 23 19 22 18 25 15
27 18 27 16 26 16 26 18
26 17 27 18 25 20 24 19
23 12 22 13 26 17 27 16
22 11 22 12 23 12 23 11
40 32 36 32 36 28 40 28
41 33 39 35 38 34 40 32
37 29 37 33 41 33 41 29
36 30 35 29 36 28 37 29
38 31 38 34 34 34 34 31
37 32 34 29 35 28 38 31
17 24 17 25 16 25 16 24
18 24 17 24 17 23 18 23
16 29 16 31 19 31 19 29
14 31 16 29 20 33 18 35
29 18 28 19 27 18 28 17
32 17 30 19 29 18 31 16
