best-score: 657256
count: 58
elapsed-time: 4.523
37
22 9 21 8 22 7 23 8
21 12 21 13 20 13 20 12
22 13 21 14 20 13 21 12
22 14 21 14 21 13 22 13
20 14 19 13 20 12 21 13
19 14 19 13 20 13 20 14
13 17 14 17 14 18 13 18
12 16 13 17 12 18 11 17
23 9 23 11 22 11 22 9
24 12 22 14 21 13 23 11
20 9 22 11 21 12 19 10
20 7 22 7 22 9 20 9
19 8 20 7 21 8 20 9
21 10 21 8 19 8 19 10
13 15 13 17 11 17 11 15
12 14 13 15 12 16 11 15
13 10 10 13 7 10 10 7
17 6 19 8 15 12 13 10
24 10 24 12 21 12 21 10
22 10 23 11 24 10 23 9
22 21 19 21 19 17 22 17
19 18 22 21 21 22 18 19
19 12 15 12 15 10 19 10
18 13 19 12 20 13 19 14
7 16 10 13 11 14 8 17
23 15 20 18 19 17 22 14
21 18 20 18 20 14 21 14
18 15 19 14 22 17 21 18
11 23 8 23 8 17 11 17
18 7 18 13 10 13 10 7
7 18 7 16 12 16 12 18
23 19 18 19 18 15 23 15
18 12 19 13 14 18 13 17
14 14 14 17 19 17 19 14
20 20 19 21 13 15 14 14
10 22 9 22 9 13 10 13
15 19 11 23 10 22 14 18
