best-score: 849637
count: 3
elapsed-time: 4.538
222
27 10 28 10 28 9 27 9
9 25 10 25 10 26 9 26
11 25 10 26 9 25 10 24
10 14 10 15 9 15 9 14
11 15 10 16 9 15 10 14
11 16 10 16 10 15 11 15
12 17 12 16 11 16 11 17
12 15 11 16 12 17 13 16
13 15 13 16 12 16 12 15
12 14 13 15 12 16 11 15
11 14 12 14 12 15 11 15
10 13 11 14 10 15 9 14
26 27 25 28 24 27 25 26
11 24 11 25 10 25 10 24
25 12 26 12 26 11 25 11
25 13 24 12 25 11 26 12
24 13 24 12 25 12 25 13
14 10 15 10 15 11 14 11
15 9 16 10 15 11 14 10
16 9 16 10 15 10 15 9
17 10 16 11 15 10 16 9
27 16 26 15 27 14 28 15
28 16 27 16 27 15 28 15
28 17 28 16 29 16 29 17
30 17 29 18 28 17 29 16
30 18 29 18 29 17 30 17
28 18 29 19 30 18 29 17
28 19 28 18 29 18 29 19
26 14 27 14 27 15 26 15
25 15 24 14 25 13 26 14
14 24 14 25 13 25 13 24
15 23 14 24 13 23 14 22
14 23 15 23 15 24 14 24
13 22 13 23 14 23 14 22
12 23 13 22 14 23 13 24
12 24 12 23 13 23 13 24
12 26 11 25 12 24 13 25
20 11 21 12 22 11 21 10
21 11 21 12 20 12 20 11
22 10 22 11 21 11 21 10
16 12 16 11 17 11 17 12
17 13 16 14 15 13 16 12
15 26 14 25 15 24 16 25
10 20 9 20 9 19 10 19
8 20 9 21 10 20 9 19
8 21 8 20 9 20 9 21
16 13 16 14 15 14 15 13
15 12 16 11 17 12 16 13
14 13 13 12 14 11 15 12
14 12 15 12 15 13 14 13
13 13 14 12 15 13 14 14
12 12 13 13 12 14 11 13
13 11 13 12 12 12 12 11
12 10 13 11 12 12 11 11
11 10 12 10 12 11 11 11
12 9 13 10 12 11 11 10
13 9 13 10 12 10 12 9
12 8 13 9 12 10 11 9
11 8 12 8 12 9 11 9
11 23 12 24 13 23 12 22
11 22 12 22 12 23 11 23
10 23 11 22 12 23 11 24
9 24 10 24 10 23 9 23
8 25 9 24 10 25 9 26
8 24 9 24 9 25 8 25
12 21 13 21 13 22 12 22
14 21 13 22 12 21 13 20
15 21 15 22 14 22 14 21
14 20 15 21 14 22 13 21
13 14 13 13 14 13 14 14
12 13 13 14 12 15 11 14
11 12 11 13 12 13 12 12
10 11 11 12 10 13 9 12
10 12 9 12 9 11 10 11
10 10 9 11 10 12 11 11
10 9 11 9 11 10 10 10
9 10 10 9 11 10 10 11
14 15 13 14 14 13 15 14
15 15 14 15 14 14 15 14
14 16 13 15 14 14 15 15
13 17 14 16 15 17 14 18
12 18 11 17 12 16 13 17
13 18 12 18 12 17 13 17
17 26 18 25 19 26 18 27
18 26 17 26 17 25 18 25
19 27 19 26 18 26 18 27
17 27 18 28 19 27 18 26
17 28 17 27 18 27 18 28
17 15 16 16 15 15 16 14
15 16 15 17 14 17 14 16
16 15 16 16 15 16 15 15
17 14 17 15 16 15 16 14
18 13 18 14 17 14 17 13
20 13 19 14 18 13 19 12
22 13 21 14 20 13 21 12
16 22 16 23 15 23 15 22
17 21 18 22 17 23 16 22
22 23 21 22 22 21 23 22
19 13 19 12 20 12 20 13
18 12 19 13 18 14 17 13
22 22 21 22 21 21 22 21
23 23 23 22 22 22 22 23
23 21 22 22 21 21 22 20
9 13 10 12 11 13 10 14
10 22 11 23 10 24 9 23
23 20 23 21 22 21 22 20
25 7 27 9 25 11 23 9
10 28 10 26 12 26 12 28
29 13 27 15 26 14 28 12
7 22 8 21 10 23 9 24
28 13 27 14 25 12 26 11
26 13 26 12 28 12 28 13
25 14 26 14 26 13 25 13
24 15 25 15 25 14 24 14
25 16 24 15 25 14 26 15
26 16 25 16 25 15 26 15
27 17 26 16 27 15 28 16
26 17 26 16 27 16 27 17
25 18 24 17 25 16 26 17
26 26 25 26 25 24 26 24
27 26 27 27 26 27 26 26
29 24 27 26 25 24 27 22
23 10 25 12 24 13 22 11
22 9 22 10 23 10 23 9
21 8 22 9 21 10 20 9
29 15 28 15 28 13 29 13
30 16 29 17 28 16 29 15
30 15 30 16 29 16 29 15
29 14 30 15 29 16 28 15
11 20 11 22 10 22 10 20
10 21 9 20 10 19 11 20
8 18 10 16 11 17 9 19
23 13 21 11 22 10 24 12
23 14 23 13 24 13 24 14
24 22 26 20 28 22 26 24
23 11 23 13 22 13 22 11
25 10 25 11 23 11 23 10
26 9 27 10 26 11 25 10
19 30 17 28 18 27 20 29
27 18 26 17 27 16 28 17
25 19 27 19 27 18 25 18
26 18 27 19 26 20 25 19
15 27 15 26 17 26 17 27
16 26 15 27 13 25 14 24
18 9 20 11 19 12 17 10
18 11 18 9 20 9 20 11
10 17 11 17 11 19 10 19
9 16 10 15 11 16 10 17
9 17 9 16 10 16 10 17
24 25 23 25 23 23 24 23
20 25 22 27 24 25 22 23
18 24 18 25 20 25 20 24
16 24 17 25 18 24 17 23
17 24 16 24 16 23 17 23
22 15 20 15 20 13 22 13
21 16 20 15 21 14 22 15
23 16 21 16 21 14 23 14
23 18 23 16 25 16 25 18
22 17 23 16 24 17 23 18
20 19 19 18 21 16 22 17
13 19 13 20 11 20 11 19
12 20 11 19 12 18 13 19
11 21 12 20 13 21 12 22
15 25 15 24 16 24 16 25
14 26 15 26 15 25 14 25
21 25 20 24 22 22 23 23
14 19 14 18 13 18 13 19
15 18 14 19 13 18 14 17
16 17 16 18 15 18 15 17
17 16 16 17 15 16 16 15
18 17 17 16 19 14 20 15
24 21 24 22 23 22 23 21
26 19 24 21 23 20 25 18
27 20 26 19 27 18 28 19
26 22 27 22 27 20 26 20
26 23 24 23 24 22 26 22
25 22 24 23 23 22 24 21
15 19 14 20 13 19 14 18
15 20 14 20 14 19 15 19
16 21 15 22 14 21 15 20
17 22 17 21 16 21 16 22
18 23 17 24 16 23 17 22
19 17 17 15 18 14 20 16
21 18 21 17 19 17 19 18
21 20 21 18 22 18 22 20
19 20 21 20 21 21 19 21
18 19 19 20 17 22 16 21
17 19 17 17 18 17 18 19
21 19 19 21 17 19 19 17
23 19 22 20 21 19 22 18
25 20 25 19 23 19 23 20
16 20 16 21 15 21 15 20
22 19 23 20 22 21 21 20
20 21 19 20 20 19 21 20
19 24 18 23 20 21 21 22
17 18 18 17 19 18 18 19
16 19 15 18 16 17 17 18
17 20 17 19 16 19 16 20
24 28 25 29 27 27 26 26
22 28 22 27 24 27 24 28
24 29 24 28 25 28 25 29
22 31 20 29 22 27 24 29
28 20 27 20 27 19 28 19
10 29 9 28 13 24 14 25
9 29 9 28 10 28 10 29
31 13 29 15 26 12 28 10
13 31 10 28 12 26 15 29
31 23 29 25 26 22 28 20
28 26 27 26 27 22 28 22
18 31 18 28 22 28 22 31
22 30 19 27 21 25 24 28
17 8 21 8 21 10 17 10
29 23 29 24 26 24 26 23
31 19 31 23 29 23 29 19
32 20 29 23 28 22 31 19
32 22 28 22 28 20 32 20
21 29 20 29 20 25 21 25
21 23 18 23 18 22 21 22
22 25 22 23 21 23 21 25
11 31 11 25 13 25 13 31
17 32 10 25 11 24 18 31
12 32 12 28 17 28 17 32
