best-score: 657221
count: 10
elapsed-time: 4.533
115
25 20 24 21 23 20 24 19
11 9 11 8 12 8 12 9
9 20 8 20 8 19 9 19
18 9 19 9 19 8 18 8
17 9 18 9 18 10 17 10
12 20 11 21 12 22 13 21
11 20 12 20 12 21 11 21
12 19 13 20 12 21 11 20
12 18 13 18 13 19 12 19
11 19 12 18 13 19 12 20
11 12 11 11 12 11 12 12
12 13 11 12 12 11 13 12
13 13 12 13 12 12 13 12
16 23 16 24 17 24 17 23
20 14 21 15 22 14 21 13
21 14 20 14 20 13 21 13
22 15 22 14 21 14 21 15
22 13 21 14 22 15 23 14
23 13 23 14 22 14 22 13
19 20 18 19 19 18 20 19
20 21 20 20 19 20 19 21
16 9 17 10 16 11 15 10
11 18 12 17 13 18 12 19
11 16 12 15 13 16 12 17
12 16 12 17 11 17 11 16
13 17 12 18 11 17 12 16
13 15 13 16 12 16 12 15
20 15 20 16 19 16 19 15
19 14 20 13 21 14 20 15
14 14 15 13 16 14 15 15
12 14 13 15 14 14 13 13
13 14 13 13 14 13 14 14
11 14 12 15 13 14 12 13
11 15 11 14 12 14 12 15
10 16 11 16 11 15 10 15
10 14 9 15 10 16 11 15
11 13 11 14 10 14 10 13
10 12 11 11 12 12 11 13
9 14 10 13 11 14 10 15
8 14 9 14 9 15 8 15
22 24 22 23 24 23 24 24
10 11 9 10 11 8 12 9
9 12 10 11 11 12 10 13
9 11 10 11 10 12 9 12
7 13 9 11 10 12 8 14
10 22 8 20 9 19 11 21
13 11 11 9 12 8 14 10
14 12 13 13 12 12 13 11
15 12 15 13 14 13 14 12
17 12 15 12 15 10 17 10
16 13 15 12 16 11 17 12
15 14 16 14 16 13 15 13
14 15 13 14 14 13 15 14
10 17 8 19 9 20 11 18
10 18 10 17 11 17 11 18
9 17 10 16 11 17 10 18
9 16 10 16 10 17 9 17
7 16 8 17 9 16 8 15
13 9 13 11 12 11 12 9
21 10 22 11 20 13 19 12
22 10 22 11 21 11 21 10
24 8 24 10 22 10 22 8
10 9 11 9 11 11 10 11
20 8 19 9 21 11 22 10
15 8 15 10 14 10 14 8
15 21 15 22 13 22 13 21
14 22 15 21 17 23 16 24
14 11 14 12 13 12 13 11
13 8 12 9 14 11 15 10
22 19 22 20 20 20 20 19
21 22 20 21 22 19 23 20
19 13 17 13 17 12 19 12
18 14 19 13 20 14 19 15
18 15 18 14 19 14 19 15
17 16 15 14 16 13 18 15
19 17 19 16 17 16 17 17
18 16 19 15 20 16 19 17
15 19 13 17 15 15 17 17
15 20 13 20 13 19 15 19
17 15 16 14 17 13 18 14
15 16 17 16 17 15 15 15
17 18 15 20 13 18 15 16
17 20 17 18 19 18 19 20
18 21 16 23 15 22 17 20
19 22 18 21 19 20 20 21
18 22 18 21 19 21 19 22
15 17 15 16 13 16 13 17
17 19 15 21 13 19 15 17
18 18 20 20 19 21 17 19
15 18 17 18 17 17 15 17
17 21 15 21 15 20 17 20
21 25 18 22 19 21 22 24
19 25 19 22 21 22 21 25
19 11 22 8 24 10 21 13
16 12 17 13 19 11 18 10
15 11 16 12 15 13 14 12
16 8 14 10 15 11 17 9
17 8 17 9 16 9 16 8
16 7 17 8 16 9 15 8
15 7 16 7 16 8 15 8
18 7 19 8 18 9 17 8
17 7 18 7 18 8 17 8
16 6 17 7 16 8 15 7
17 6 17 7 16 7 16 6
21 12 19 12 19 11 21 11
22 12 22 13 21 13 21 12
24 15 24 19 22 19 22 15
28 19 24 23 20 19 24 15
28 21 24 21 24 19 28 19
23 18 22 19 19 16 20 15
25 18 25 20 23 20 23 18
24 17 25 18 24 19 23 18
23 17 23 18 19 18 19 17
22 18 20 16 21 15 23 17
26 22 24 24 20 20 22 18
