best-score: 621538
count: 12
elapsed-time: 4.797
78
24 20 25 21 24 22 23 21
14 36 12 36 12 34 14 34
10 36 12 38 14 36 12 34
10 38 10 36 12 36 12 38
14 32 15 32 15 34 14 34
21 40 19 38 21 36 23 38
17 29 18 29 18 31 17 31
19 19 20 20 18 22 17 21
28 31 26 29 28 27 30 29
11 14 12 13 15 16 14 17
19 34 19 38 15 38 15 34
19 32 22 32 22 34 19 34
18 32 18 31 19 31 19 32
15 35 14 34 17 31 18 32
25 40 21 40 21 36 25 36
27 38 25 40 23 38 25 36
16 35 15 34 18 31 19 32
32 25 28 21 32 17 36 21
11 34 15 30 19 34 15 38
24 35 28 31 29 32 25 36
31 17 31 21 28 21 28 17
32 15 32 17 31 17 31 15
26 30 26 29 30 29 30 30
23 27 26 30 22 34 19 31
26 22 22 26 23 27 27 23
20 19 24 19 24 20 20 20
19 17 19 19 20 19 20 17
17 19 19 17 23 21 21 23
19 21 19 19 17 19 17 21
29 31 28 31 28 27 29 27
25 35 22 32 26 28 29 31
27 22 24 19 25 18 28 21
30 25 28 27 25 24 27 22
32 29 32 25 30 25 30 29
23 18 25 18 25 21 23 21
26 20 26 22 24 22 24 20
27 21 26 22 25 21 26 20
28 22 28 21 27 21 27 22
32 18 28 22 27 21 31 17
26 23 27 23 27 22 26 22
34 38 26 30 29 27 37 35
27 36 27 38 34 38 34 36
37 12 37 15 32 15 32 12
37 18 32 18 32 17 37 17
35 35 34 36 29 31 30 30
35 31 37 31 37 35 35 35
36 30 35 31 27 23 28 22
37 22 37 30 36 30 36 22
31 28 37 22 38 23 32 29
14 13 19 13 19 17 14 17
16 36 16 35 21 35 21 36
15 37 14 36 15 35 16 36
24 8 31 15 26 20 19 13
21 38 15 32 18 29 24 35
31 22 36 22 36 21 31 21
19 23 22 26 17 31 14 28
21 31 21 23 19 23 19 31
24 31 24 35 21 35 21 31
13 26 20 19 25 24 18 31
18 26 13 26 13 22 18 22
22 29 22 26 18 26 18 29
21 34 19 32 22 29 24 31
27 35 27 36 25 36 25 35
17 37 16 36 21 31 22 32
29 15 29 16 15 16 15 15
34 14 31 17 29 15 32 12
22 14 34 14 34 26 22 26
35 27 29 27 29 16 35 16
20 30 20 20 15 20 15 30
29 34 27 36 13 22 15 20
25 28 14 28 14 24 25 24
25 29 25 28 26 28 26 29
25 32 22 32 22 29 25 29
25 34 25 32 29 32 29 34
24 16 20 20 30 30 34 26
30 37 25 32 32 25 37 30
36 37 30 37 30 30 36 30
12 14 12 34 11 34 11 14
