best-score: 656815
count: 4
elapsed-time: 4.64
139
41 43 41 44 42 44 42 43
41 42 40 43 41 44 42 43
40 42 41 42 41 43 40 43
42 42 41 43 40 42 41 41
42 41 42 42 41 42 41 41
34 15 33 16 32 15 33 14
19 21 20 21 20 22 19 22
41 35 40 35 40 34 41 34
21 25 21 26 20 26 20 25
17 43 16 44 14 42 15 41
20 17 22 19 20 21 18 19
18 17 20 17 20 19 18 19
38 20 40 22 41 21 39 19
22 21 22 19 20 19 20 21
35 14 35 16 33 16 33 14
36 15 35 16 34 15 35 14
22 18 24 16 26 18 24 20
22 32 20 34 18 32 20 30
20 32 22 32 22 34 20 34
18 30 18 32 20 32 20 30
22 23 23 24 21 26 20 25
21 22 22 21 23 22 22 23
20 23 19 22 20 21 21 22
21 23 20 23 20 22 21 22
22 25 22 23 21 23 21 25
25 24 25 22 23 22 23 24
25 20 23 22 25 24 27 22
27 20 27 22 25 22 25 20
28 18 30 18 30 19 28 19
26 17 26 18 28 18 28 17
25 18 26 17 28 19 27 20
24 18 25 18 25 20 24 20
22 16 22 18 24 18 24 16
21 13 20 14 22 16 23 15
33 25 35 27 36 26 34 24
18 23 20 23 20 25 18 25
15 44 15 41 16 41 16 44
38 39 41 42 42 41 39 38
39 41 39 38 41 38 41 41
20 15 20 14 23 14 23 15
22 17 20 19 18 17 20 15
18 35 14 35 14 32 18 32
20 39 17 36 18 35 21 38
24 39 24 41 20 41 20 39
24 13 27 16 26 17 23 14
27 13 27 16 24 16 24 13
26 12 27 13 24 16 23 15
41 29 37 25 40 22 44 26
40 27 40 29 41 29 41 27
41 26 44 29 43 30 40 27
44 27 44 26 41 26 41 27
34 23 30 19 33 16 37 20
35 24 35 23 34 23 34 24
39 27 39 24 35 24 35 27
31 14 31 17 28 17 28 14
29 18 28 17 31 14 32 15
29 20 28 19 29 18 30 19
28 44 27 43 31 39 32 40
24 44 24 41 28 41 28 44
27 15 30 18 31 17 28 14
27 23 24 26 21 23 24 20
30 23 27 23 27 22 30 22
27 26 30 23 31 24 28 27
24 28 27 28 27 26 24 26
22 26 24 28 20 32 18 30
24 25 24 26 22 26 22 25
26 27 24 25 25 24 27 26
37 29 33 29 33 25 37 25
35 31 33 29 35 27 37 29
34 33 35 33 35 31 34 31
35 32 34 33 33 32 34 31
25 37 22 34 23 33 26 36
25 36 26 36 26 37 25 37
23 38 25 36 26 37 24 39
33 26 32 25 34 23 35 24
31 27 34 27 34 24 31 24
28 24 30 22 33 25 31 27
26 24 28 24 28 27 26 27
13 39 20 32 22 34 15 41
13 34 20 34 20 39 13 39
18 31 14 35 13 34 17 30
22 47 16 41 22 35 28 41
38 19 39 19 39 14 38 14
41 24 37 20 38 19 42 23
44 21 44 24 41 24 41 21
39 44 34 39 35 38 40 43
36 35 36 42 40 42 40 35
47 30 39 38 36 35 44 27
34 10 38 14 30 22 26 18
32 10 34 10 34 15 32 15
31 9 32 10 28 14 27 13
33 9 33 14 31 14 31 9
37 19 38 19 38 20 37 20
34 22 37 19 38 20 35 23
36 22 34 22 34 15 36 15
40 26 40 22 36 22 36 26
43 23 44 24 41 27 40 26
47 23 47 30 43 30 43 23
42 16 42 23 35 23 35 16
33 28 34 27 41 34 40 35
44 34 41 34 41 29 44 29
21 33 23 33 23 38 21 38
37 34 37 29 40 29 40 34
22 43 22 35 27 35 27 43
17 47 22 47 22 43 17 43
31 33 31 39 34 39 34 33
28 33 28 27 31 27 31 33
18 29 25 36 28 33 21 26
17 29 18 29 18 30 17 30
15 33 14 32 17 29 18 30
39 33 39 38 35 38 35 33
33 41 32 40 39 33 40 34
33 44 33 41 39 41 39 44
31 32 26 37 33 44 38 39
32 31 31 32 27 28 28 27
15 28 16 27 18 29 17 30
21 28 21 33 15 33 15 28
22 28 21 28 21 26 22 26
24 32 24 28 22 28 22 32
23 31 24 32 23 33 22 32
25 32 22 35 18 31 21 28
24 36 25 36 25 32 24 32
30 38 31 39 36 34 35 33
29 39 26 36 27 35 30 38
18 28 20 26 22 28 20 30
13 25 17 29 18 28 14 24
29 19 22 26 21 25 28 18
33 23 29 19 30 18 34 22
33 22 34 22 34 23 33 23
33 19 33 22 30 22 30 19
32 23 33 23 33 25 32 25
25 33 31 27 33 29 27 35
29 35 22 28 24 26 31 33
29 34 36 34 36 35 29 35
22 39 24 41 22 43 20 41
22 37 21 38 22 39 23 38
24 54 17 47 29 35 36 42
16 54 16 44 24 44 24 54
27 44 25 42 34 33 36 35
