best-score: 828958
count: 7
elapsed-time: 4.73
163
10 27 9 27 9 26 10 26
11 26 10 27 9 26 10 25
10 10 10 9 11 9 11 10
11 11 10 10 11 9 12 10
11 25 11 26 10 26 10 25
11 27 10 26 11 25 12 26
12 27 11 27 11 26 12 26
12 25 11 26 12 27 13 26
26 25 26 26 25 26 25 25
11 8 12 9 11 10 10 9
12 8 12 9 11 9 11 8
14 26 13 27 12 26 13 25
14 27 13 27 13 26 14 26
9 22 10 21 11 22 10 23
9 23 9 22 10 22 10 23
21 10 22 10 22 9 21 9
15 25 14 26 15 27 16 26
11 21 11 22 10 22 10 21
17 27 16 26 17 25 18 26
17 26 18 26 18 27 17 27
16 25 16 26 17 26 17 25
18 25 17 26 16 25 17 24
19 24 20 25 19 26 18 25
20 24 20 25 19 25 19 24
10 18 9 17 10 16 11 17
14 14 14 13 15 13 15 14
16 14 15 15 14 14 15 13
16 15 15 15 15 14 16 14
21 15 20 14 21 13 22 14
12 16 13 17 12 18 11 17
24 20 23 19 24 18 25 19
18 24 18 25 17 25 17 24
19 23 20 24 19 25 18 24
18 23 19 23 19 24 18 24
16 24 17 23 18 24 17 25
16 23 17 23 17 24 16 24
17 22 18 23 17 24 16 23
18 22 18 23 17 23 17 22
24 19 23 19 23 18 24 18
25 20 25 19 24 19 24 20
17 16 18 17 17 18 16 17
17 14 16 15 17 16 18 15
16 13 16 14 17 14 17 13
15 12 16 13 15 14 14 13
16 12 16 13 15 13 15 12
14 12 15 13 16 12 15 11
14 11 15 11 15 12 14 12
15 10 16 11 15 12 14 11
16 10 16 11 15 11 15 10
17 15 18 15 18 16 17 16
18 14 17 15 16 14 17 13
16 18 17 18 17 19 16 19
15 17 15 18 16 18 16 17
14 16 15 17 14 18 13 17
16 16 15 17 16 18 17 17
19 17 18 18 17 17 18 16
19 18 18 18 18 17 19 17
20 18 20 19 19 19 19 18
18 20 17 19 18 18 19 19
13 10 14 11 13 12 12 11
13 11 12 11 12 10 13 10
13 13 13 12 14 12 14 13
12 12 13 11 14 12 13 13
11 12 11 11 12 11 12 12
10 11 11 10 12 11 11 12
15 24 16 24 16 25 15 25
29 22 27 24 25 22 27 20
12 24 11 25 9 23 10 22
11 24 12 24 12 25 11 25
9 24 10 25 11 24 10 23
27 23 25 25 24 24 26 22
15 23 13 25 12 24 14 22
26 20 26 22 25 22 25 20
13 20 13 21 11 21 11 20
14 21 13 20 15 18 16 19
13 22 14 21 16 23 15 24
11 15 13 13 14 14 12 16
9 15 11 15 11 17 9 17
10 14 11 15 10 16 9 15
12 14 12 16 10 16 10 14
20 21 21 22 19 24 18 23
13 15 15 15 15 17 13 17
11 13 11 15 13 15 13 13
10 12 11 11 12 12 11 13
10 13 10 12 11 12 11 13
22 16 20 18 19 17 21 15
20 16 20 14 22 14 22 16
13 7 16 10 15 11 12 8
15 7 15 10 13 10 13 7
16 8 13 11 12 10 15 7
17 8 17 10 16 10 16 8
24 23 24 24 27 24 27 23
23 24 24 23 26 25 25 26
24 26 24 24 23 24 23 26
25 27 24 26 25 25 26 26
24 27 24 26 25 26 25 27
29 25 26 25 26 22 29 22
22 22 22 25 25 25 25 22
22 26 20 24 22 22 24 24
20 26 20 25 22 25 22 26
19 27 18 26 19 25 20 26
20 27 19 27 19 26 20 26
19 28 18 27 19 26 20 27
18 28 18 27 19 27 19 28
21 28 20 27 22 25 23 26
25 12 24 13 21 10 22 9
14 25 13 25 13 22 14 22
15 26 14 25 15 24 16 25
16 27 16 26 15 26 15 27
17 28 16 27 17 26 18 27
16 28 16 27 17 27 17 28
17 29 16 28 17 27 18 28
18 29 17 29 17 28 18 28
12 23 15 23 15 24 12 24
12 21 11 22 12 23 13 22
12 19 11 20 12 21 13 20
14 19 12 19 12 18 14 18
16 21 16 19 14 19 14 21
21 18 25 22 24 23 20 19
22 18 22 22 21 22 21 18
23 16 23 18 22 18 22 16
20 13 23 16 21 18 18 15
18 13 20 13 20 14 18 14
17 12 18 13 17 14 16 13
18 11 17 12 16 11 17 10
24 15 21 15 21 13 24 13
28 19 27 20 23 16 24 15
15 28 14 27 15 26 16 27
14 28 14 27 15 27 15 28
15 29 14 28 15 27 16 28
16 29 15 29 15 28 16 28
17 30 16 29 17 28 18 29
16 30 16 29 17 29 17 30
20 10 21 10 21 13 20 13
20 8 19 9 20 10 21 9
13 24 12 25 11 24 12 23
26 15 27 16 24 19 23 18
26 19 25 19 25 15 26 15
27 19 27 20 26 20 26 19
26 18 27 19 26 20 25 19
28 16 28 19 27 19 27 16
24 12 28 16 26 18 22 14
25 13 25 12 24 12 24 13
17 11 17 12 16 12 16 11
18 10 18 11 17 11 17 10
18 8 20 8 20 10 18 10
17 9 18 8 19 9 18 10
22 23 21 22 24 19 25 20
21 24 22 23 23 24 22 25
20 22 20 24 21 24 21 22
19 21 22 18 23 19 20 22
17 21 17 19 19 19 19 21
16 22 17 22 17 21 16 21
13 19 14 18 17 21 16 22
10 20 11 21 13 19 12 18
11 18 11 20 10 20 10 18
12 17 12 18 11 18 11 17
13 18 12 19 11 18 12 17
18 12 17 13 16 12 17 11
15 22 16 22 16 23 15 23
23 21 22 22 19 19 20 18
19 22 19 21 20 21 20 22
24 11 24 12 18 12 18 11
