best-score: 642825
count: 15
elapsed-time: 4.72
84
23 26 23 25 24 25 24 26
8 16 9 15 10 16 9 17
16 25 15 26 14 25 15 24
14 13 14 12 15 12 15 13
15 14 14 15 13 14 14 13
27 18 27 19 26 19 26 18
14 19 13 18 14 17 15 18
14 21 13 20 14 19 15 20
18 19 17 19 17 18 18 18
19 18 18 19 17 18 18 17
19 17 19 18 18 18 18 17
24 23 24 25 26 25 26 23
11 15 11 17 9 17 9 15
12 16 11 17 10 16 11 15
13 16 12 16 12 14 13 14
15 16 14 17 13 16 14 15
17 16 17 18 15 18 15 16
16 13 15 14 17 16 18 15
16 12 18 12 18 13 16 13
15 11 16 12 15 13 14 12
16 11 16 12 15 12 15 11
17 12 16 13 15 12 16 11
14 23 12 23 12 21 14 21
14 24 14 23 15 23 15 24
13 24 14 24 14 25 13 25
13 22 12 23 13 24 14 23
15 22 13 22 13 20 15 20
16 23 15 24 14 23 15 22
11 18 13 20 12 21 10 19
13 17 13 18 11 18 11 17
14 16 14 17 13 17 13 16
15 15 15 16 14 16 14 15
13 13 15 15 14 16 12 14
14 14 14 13 13 13 13 14
16 22 16 23 15 23 15 22
16 14 16 13 15 13 15 14
16 19 16 21 14 21 14 19
16 17 15 18 16 19 17 18
16 15 18 15 18 17 16 17
20 15 18 15 18 13 20 13
20 11 18 13 20 15 22 13
22 11 22 12 20 12 20 11
17 20 16 21 15 20 16 19
27 10 23 10 23 9 27 9
11 28 10 27 13 24 14 25
10 10 11 9 14 12 13 13
10 9 11 9 11 10 10 10
9 10 10 9 11 10 10 11
9 11 9 10 10 10 10 11
8 12 9 11 12 14 11 15
10 12 10 16 8 16 8 12
14 11 14 12 10 12 10 11
13 12 14 11 15 12 14 13
20 23 21 22 24 25 23 26
20 22 21 22 21 23 20 23
21 21 20 22 17 19 18 18
19 27 15 23 16 22 20 26
12 19 12 16 10 16 10 19
20 25 16 25 16 23 20 23
16 20 13 17 14 16 17 19
20 21 20 22 16 22 16 21
19 22 17 20 18 19 20 21
17 26 16 25 19 22 20 23
21 15 19 17 16 14 18 12
20 16 21 16 21 15 20 15
17 24 17 26 15 26 15 24
29 11 23 17 21 15 27 9
15 27 10 27 10 26 15 26
16 28 15 27 20 22 21 23
14 28 14 25 16 25 16 28
12 26 13 25 15 27 14 28
29 15 26 18 20 12 23 9
19 10 23 10 23 17 19 17
26 21 24 23 19 18 21 16
26 22 21 22 21 21 26 21
27 23 24 26 23 25 26 22
22 24 21 23 26 18 27 19
21 27 20 26 22 24 23 25
8 18 9 17 15 23 14 24
24 21 18 15 20 13 26 19
22 20 22 24 17 24 17 20
27 22 27 23 26 23 26 22
8 28 8 18 11 18 11 28
7 27 9 25 10 26 8 28
