best-score: 833692
count: 27
elapsed-time: 4.652
72
19 24 18 23 19 22 20 23
20 10 21 11 22 10 21 9
10 20 9 21 10 22 11 21
23 15 22 15 22 14 23 14
24 14 23 15 22 14 23 13
24 15 23 16 22 15 23 14
24 16 23 16 23 15 24 15
22 18 21 18 21 17 22 17
20 18 21 19 22 18 21 17
20 19 20 18 21 18 21 19
18 18 19 19 20 18 19 17
24 13 24 14 23 14 23 13
23 12 24 13 23 14 22 13
22 12 23 12 23 13 22 13
21 13 20 12 21 11 22 12
21 14 21 13 22 13 22 14
21 15 20 14 21 13 22 14
20 15 20 14 21 14 21 15
21 16 20 15 21 14 22 15
20 17 21 16 22 17 21 18
20 16 21 16 21 17 20 17
22 16 21 17 20 16 21 15
23 17 22 16 23 15 24 16
24 18 23 19 22 18 23 17
19 18 20 18 20 17 19 17
18 19 19 19 19 18 18 18
19 20 18 19 19 18 20 19
20 20 19 20 19 19 20 19
22 20 21 21 20 20 21 19
23 21 21 21 21 19 23 19
24 20 23 21 22 20 23 19
11 19 11 21 9 21 9 19
10 18 11 19 10 20 9 19
18 22 17 21 19 19 20 20
19 23 19 22 18 22 18 23
20 24 20 23 19 23 19 24
22 22 20 24 19 23 21 21
20 22 22 22 22 23 20 23
13 19 11 19 11 18 13 18
24 22 22 22 22 20 24 20
23 23 22 22 23 21 24 22
9 10 9 7 7 7 7 10
8 13 7 12 9 10 10 11
8 17 7 17 7 13 8 13
10 19 8 17 9 16 11 18
12 11 12 8 10 8 10 11
16 11 16 12 12 12 12 11
13 14 16 11 20 15 17 18
17 14 17 18 13 18 13 14
13 10 17 14 16 15 12 11
11 7 11 10 13 10 13 7
10 6 11 7 10 8 9 7
12 6 13 7 12 8 11 7
18 11 21 11 21 9 18 9
19 10 22 13 21 14 18 11
19 12 19 10 20 10 20 12
19 15 16 15 16 12 19 12
18 16 19 15 20 16 19 17
11 12 10 11 11 10 12 11
9 12 9 10 11 10 11 12
13 17 17 21 15 23 11 19
17 11 20 14 19 15 16 12
18 14 18 11 17 11 17 14
19 16 19 15 20 15 20 16
18 17 19 17 19 16 18 16
2 12 7 7 12 12 7 17
2 10 7 10 7 12 2 12
18 20 18 22 10 22 10 20
11 17 7 13 12 8 16 12
10 17 11 17 11 18 10 18
12 17 12 12 11 12 11 17
13 16 14 17 13 18 12 17
