best-score: 792223
count: 5
elapsed-time: 4.884
150
13 12 13 11 14 11 14 12
13 10 12 11 13 12 14 11
12 10 13 10 13 11 12 11
33 33 33 32 34 32 34 33
34 34 33 33 34 32 35 33
35 34 34 34 34 33 35 33
13 31 12 32 11 31 12 30
13 30 14 30 14 31 13 31
12 31 13 30 14 31 13 32
11 32 12 32 12 31 11 31
10 31 11 30 12 31 11 32
10 30 11 30 11 31 10 31
13 15 13 14 14 14 14 15
14 16 13 15 14 14 15 15
15 16 14 16 14 15 15 15
15 17 15 16 16 16 16 17
15 31 14 32 13 31 14 30
15 32 14 32 14 31 15 31
31 15 30 14 31 13 32 14
19 10 20 11 19 12 18 11
31 26 31 25 32 25 32 26
32 27 31 26 32 25 33 26
33 27 32 27 32 26 33 26
31 27 32 28 33 27 32 26
31 28 31 27 32 27 32 28
30 27 31 27 31 26 30 26
22 30 21 31 20 30 21 29
21 30 21 29 22 29 22 30
21 28 20 29 21 30 22 29
20 28 21 28 21 29 20 29
19 30 19 29 20 29 20 30
20 31 20 30 21 30 21 31
21 20 21 19 20 19 20 20
19 21 20 20 21 21 20 22
21 23 22 24 21 25 20 24
21 24 21 23 22 23 22 24
20 25 21 25 21 24 20 24
32 35 31 34 33 32 34 33
34 35 32 35 32 34 34 34
12 34 12 32 13 32 13 34
12 17 11 16 13 14 14 15
32 16 30 16 30 14 32 14
31 17 30 16 31 15 32 16
33 15 33 17 31 17 31 15
34 12 32 14 33 15 35 13
33 30 31 28 32 27 34 29
17 30 15 32 14 31 16 29
20 13 20 11 18 11 18 13
19 14 18 13 19 12 20 13
13 19 12 18 14 16 15 17
13 18 13 19 12 19 12 18
11 18 12 19 13 18 12 17
11 17 12 17 12 18 11 18
34 16 33 17 32 16 33 15
14 19 13 18 15 16 16 17
33 29 34 29 34 27 33 27
31 16 33 18 32 19 30 17
24 31 26 33 25 34 23 32
28 28 29 29 31 27 30 26
28 30 26 30 26 28 28 28
22 33 20 31 21 30 23 32
28 24 29 23 31 25 30 26
30 24 30 26 28 26 28 24
29 25 29 23 31 23 31 25
26 20 24 18 25 17 27 19
26 19 27 19 27 20 26 20
26 18 26 19 24 19 24 18
19 23 19 21 21 21 21 23
31 11 35 11 35 13 31 13
32 37 28 33 30 31 34 35
15 37 12 34 14 32 17 35
34 15 33 15 33 12 34 12
28 38 24 34 28 30 32 34
21 33 21 35 17 35 17 33
22 31 22 33 21 33 21 31
24 30 24 31 22 31 22 30
34 19 32 19 32 16 34 16
16 10 19 10 19 12 16 12
15 9 16 10 14 12 13 11
17 12 18 13 15 16 14 15
29 30 29 29 33 29 33 30
29 33 28 33 28 30 29 30
28 32 32 28 33 29 29 33
14 26 17 26 17 30 14 30
15 25 14 26 13 25 14 24
16 24 20 28 19 29 15 25
16 22 20 22 20 24 16 24
17 23 16 24 15 23 16 22
17 25 15 25 15 23 17 23
20 26 20 25 17 25 17 26
25 29 24 30 20 26 21 25
27 29 26 30 25 29 26 28
27 25 29 25 29 29 27 29
25 21 24 22 27 25 28 24
16 32 19 29 20 30 17 33
19 16 19 14 16 14 16 16
18 15 19 14 20 15 19 16
17 13 17 15 18 15 18 13
15 13 16 14 17 13 16 12
13 13 14 14 15 13 14 12
30 20 32 22 35 19 33 17
30 15 26 19 23 16 27 12
34 13 31 16 30 15 33 12
21 11 25 15 21 19 17 15
21 15 21 11 25 11 25 15
19 27 19 29 16 29 16 27
28 29 29 30 31 28 30 27
18 19 18 15 20 15 20 19
17 20 18 19 22 23 21 24
20 38 17 35 21 31 24 34
25 31 25 34 24 34 24 31
22 34 21 33 24 30 25 31
27 31 27 29 25 29 25 31
25 27 26 28 28 26 27 25
22 27 25 27 25 29 22 29
19 26 21 28 22 27 20 25
12 25 16 29 19 26 15 22
23 24 22 23 26 19 27 20
25 20 25 21 21 21 21 20
16 37 15 37 15 32 16 32
18 35 16 37 13 34 15 32
20 6 25 11 21 15 16 10
21 6 21 11 20 11 20 6
26 38 26 33 28 33 28 38
25 39 21 35 22 34 26 38
31 39 25 39 25 34 31 34
11 25 12 25 12 30 11 30
35 27 34 27 34 19 35 19
36 26 35 27 31 23 32 22
27 14 19 14 19 12 27 12
36 18 36 26 33 26 33 18
25 16 30 16 30 17 25 17
28 19 25 16 27 14 30 17
28 22 28 19 32 19 32 22
24 24 28 24 28 22 24 22
25 25 21 29 20 28 24 24
26 25 26 27 25 27 25 25
38 27 33 32 26 25 31 20
38 33 35 33 35 27 38 27
13 24 13 19 14 19 14 24
12 24 13 24 13 25 12 25
12 26 11 25 12 24 13 25
28 14 28 19 27 19 27 14
28 8 25 11 28 14 31 11
30 8 30 14 28 14 28 8
31 7 35 11 34 12 30 8
25 7 31 7 31 11 25 11
33 24 32 25 27 20 28 19
21 37 21 35 32 35 32 37
10 29 20 19 21 20 11 30
