best-score: 705589
count: 7
elapsed-time: 4.807
141
9 11 10 10 11 11 10 12
12 10 13 11 12 12 11 11
26 10 27 10 27 11 26 11
26 12 25 11 26 10 27 11
25 12 25 11 26 11 26 12
27 12 26 13 25 12 26 11
27 13 26 13 26 12 27 12
28 13 28 14 27 14 27 13
28 15 27 14 28 13 29 14
29 15 28 15 28 14 29 14
29 24 29 23 30 23 30 24
15 13 15 12 16 12 16 13
16 14 15 13 16 12 17 13
16 16 15 15 16 14 17 15
21 11 22 12 23 11 22 10
21 10 22 10 22 11 21 11
21 12 20 11 21 10 22 11
20 12 20 11 21 11 21 12
20 10 19 11 20 12 21 11
19 10 20 10 20 11 19 11
18 9 19 10 18 11 17 10
17 12 18 11 19 12 18 13
16 11 17 12 16 13 15 12
17 11 17 12 16 12 16 11
18 10 18 11 17 11 17 10
18 12 17 11 18 10 19 11
19 13 19 12 18 12 18 13
18 14 17 13 18 12 19 13
17 14 17 13 18 13 18 14
16 15 17 15 17 14 16 14
15 14 16 13 17 14 16 15
15 16 15 15 16 15 16 16
17 16 16 17 15 16 16 15
17 17 16 17 16 16 17 16
15 17 16 18 17 17 16 16
15 18 15 17 16 17 16 18
19 15 19 14 18 14 18 15
18 16 17 15 18 14 19 15
18 18 17 17 18 16 19 17
23 26 22 26 22 25 23 25
21 25 22 26 23 25 22 24
21 24 22 24 22 25 21 25
24 20 23 19 24 18 25 19
19 9 19 10 18 10 18 9
29 10 30 11 28 13 27 12
12 13 12 12 10 12 10 13
13 14 12 13 14 11 15 12
13 13 15 13 15 14 13 14
14 16 12 14 13 13 15 15
12 18 14 16 15 17 13 19
12 19 12 18 13 18 13 19
11 24 11 26 10 26 10 24
24 15 26 13 27 14 25 16
25 15 25 16 24 16 24 15
24 14 26 12 27 13 25 15
23 15 24 15 24 14 23 14
23 13 22 14 23 15 24 14
22 13 23 13 23 14 22 14
24 13 23 14 22 13 23 12
26 14 26 13 24 13 24 14
21 28 23 26 25 28 23 30
19 30 17 28 19 26 21 28
21 30 19 30 19 28 21 28
28 21 30 23 29 24 27 22
16 29 14 27 15 26 17 28
16 28 17 28 17 29 16 29
23 28 23 26 25 26 25 28
21 26 23 28 21 30 19 28
22 28 22 26 21 26 21 28
22 30 22 28 23 28 23 30
11 16 13 14 15 16 13 18
24 12 24 13 23 13 23 12
24 10 23 11 24 12 25 11
17 26 19 26 19 28 17 28
21 13 22 13 22 12 21 12
20 14 19 13 20 12 21 13
20 13 21 13 21 14 20 14
20 15 19 14 20 13 21 14
20 17 19 17 19 15 20 15
19 18 17 16 18 15 20 17
18 17 18 18 19 18 19 17
14 17 14 16 15 16 15 17
27 21 25 21 25 19 27 19
28 22 28 21 27 21 27 22
29 19 27 21 28 22 30 20
27 17 27 19 29 19 29 17
31 17 29 19 27 17 29 15
26 18 24 16 25 15 27 17
26 20 25 19 26 18 27 19
26 22 25 21 26 20 27 21
24 22 24 20 26 20 26 22
23 21 24 22 22 24 21 23
22 19 22 21 23 21 23 19
20 25 21 24 22 25 21 26
20 26 19 26 19 25 20 25
20 24 19 25 20 26 21 25
20 23 21 23 21 24 20 24
23 22 21 24 20 23 22 21
15 21 14 20 16 18 17 19
31 15 31 17 29 17 29 15
30 12 27 12 27 11 30 11
31 13 29 15 28 14 30 12
27 32 23 28 25 26 29 30
15 10 15 12 12 12 12 10
16 9 17 10 16 11 15 10
14 9 16 9 16 11 14 11
13 10 14 9 15 10 14 11
9 23 13 19 14 20 10 24
14 24 11 24 11 22 14 22
15 23 14 24 13 23 14 22
17 23 17 26 15 26 15 23
20 19 20 23 17 23 17 19
22 17 22 19 20 19 20 17
24 19 22 21 20 19 22 17
25 18 25 19 24 19 24 18
26 16 26 18 25 18 25 16
27 16 26 16 26 14 27 14
30 19 28 21 25 18 27 16
29 20 30 20 30 19 29 19
14 26 17 23 19 25 16 28
11 27 14 27 14 26 11 26
19 31 17 29 20 26 22 28
19 22 15 26 11 22 15 18
27 25 26 25 26 22 27 22
28 26 27 25 29 23 30 24
29 26 29 30 28 30 28 26
13 21 15 21 15 23 13 23
26 21 27 22 23 26 22 25
21 16 22 17 24 15 23 14
22 16 21 16 21 14 22 14
23 17 22 16 23 15 24 16
24 25 23 25 23 22 24 22
21 17 19 15 20 14 22 16
23 16 23 17 22 17 22 16
9 16 9 11 11 11 11 16
31 27 28 30 23 25 26 22
12 27 11 26 19 18 20 19
19 20 19 22 14 22 14 20
17 25 15 23 21 17 23 19
10 31 10 30 19 30 19 31
7 28 11 24 14 27 10 31
