best-score: 612176
count: 3
elapsed-time: 4.912
228
15 13 16 14 15 15 14 14
37 16 36 15 37 14 38 15
36 36 37 37 38 36 37 35
37 36 36 36 36 35 37 35
38 37 38 36 37 36 37 37
39 36 38 37 37 36 38 35
14 16 15 15 16 16 15 17
37 34 37 35 38 35 38 34
38 33 39 34 38 35 37 34
39 32 39 33 38 33 38 32
36 37 35 36 36 35 37 36
35 37 35 36 36 36 36 37
33 14 34 14 34 13 33 13
33 12 32 13 33 14 34 13
32 12 33 12 33 13 32 13
37 33 38 32 39 33 38 34
17 34 16 35 17 36 18 35
30 34 30 35 31 35 31 34
30 36 29 35 30 34 31 35
29 36 29 35 30 35 30 36
28 37 29 36 30 37 29 38
29 37 28 37 28 36 29 36
30 38 30 37 29 37 29 38
31 37 30 38 29 37 30 36
31 36 31 37 30 37 30 36
32 35 31 36 30 35 31 34
32 36 31 36 31 35 32 35
33 22 34 22 34 21 33 21
33 20 32 21 33 22 34 21
32 20 33 20 33 21 32 21
19 32 18 31 19 30 20 31
18 32 18 31 19 31 19 32
17 31 18 30 19 31 18 32
17 30 18 30 18 31 17 31
26 14 26 15 25 15 25 14
24 14 25 15 26 14 25 13
24 13 25 13 25 14 24 14
28 34 27 35 28 36 29 35
20 30 20 31 19 31 19 30
21 31 20 32 19 31 20 30
21 32 20 32 20 31 21 31
34 23 33 24 32 23 33 22
29 33 28 32 29 31 30 32
33 23 33 24 32 24 32 23
32 22 33 23 32 24 31 23
31 21 32 20 33 21 32 22
30 20 30 21 31 21 31 20
33 29 32 29 32 28 33 28
34 30 33 31 32 30 33 29
30 22 31 22 31 23 30 23
29 21 30 20 31 21 30 22
29 22 29 21 30 21 30 22
29 32 28 32 28 31 29 31
28 33 27 32 28 31 29 32
29 34 29 33 28 33 28 34
28 35 29 34 30 35 29 36
27 34 27 35 28 35 28 34
33 27 34 28 33 29 32 28
34 27 34 28 33 28 33 27
22 23 22 22 23 22 23 23
27 33 28 33 28 32 27 32
26 34 27 34 27 33 26 33
25 35 26 34 27 35 26 36
27 18 27 19 26 19 26 18
26 31 25 32 26 33 27 32
26 32 26 31 27 31 27 32
25 33 26 33 26 32 25 32
23 33 24 34 25 33 24 32
28 29 27 30 28 31 29 30
28 30 28 29 29 29 29 30
30 30 29 31 28 30 29 29
30 31 29 31 29 30 30 30
31 31 31 32 30 32 30 31
31 29 30 30 31 31 32 30
31 30 31 29 32 29 32 30
30 29 31 30 30 31 29 30
31 24 30 23 31 22 32 23
22 27 23 27 23 28 22 28
26 21 27 22 26 23 25 22
26 22 26 21 27 21 27 22
25 23 26 23 26 22 25 22
39 35 39 36 38 36 38 35
30 33 29 32 30 31 31 32
38 13 39 13 39 15 38 15
13 14 14 14 14 16 13 16
36 39 36 37 37 37 37 39
17 15 17 17 15 17 15 15
18 16 17 17 16 16 17 15
16 18 18 18 18 16 16 16
17 19 16 18 17 17 18 18
16 19 17 19 17 20 16 20
14 21 16 19 17 20 15 22
15 32 14 31 16 29 17 30
15 33 13 33 13 32 15 32
15 34 15 33 17 33 17 34
35 23 34 22 36 20 37 21
34 25 35 25 35 23 34 23
33 26 34 25 35 26 34 27
34 34 32 36 31 35 33 33
33 34 33 33 34 33 34 34
32 31 31 32 33 34 34 33
33 30 32 31 31 30 32 29
34 29 34 30 33 30 33 29
36 31 35 32 33 30 34 29
37 30 39 32 38 33 36 31
19 17 21 19 20 20 18 18
19 19 17 19 17 17 19 17
27 38 27 39 29 39 29 38
27 12 28 13 26 15 25 14
34 37 32 35 33 34 35 36
23 37 22 36 24 34 25 35
22 37 22 36 23 36 23 37
22 35 21 36 22 37 23 36
21 35 22 35 22 36 21 36
24 36 26 36 26 38 24 38
23 34 23 36 24 36 24 34
20 33 22 35 23 34 21 32
19 33 19 32 20 32 20 33
18 34 17 33 18 32 19 33
17 35 18 35 18 34 17 34
16 36 17 36 17 35 16 35
14 34 15 33 17 35 16 36
22 34 21 35 19 33 20 32
22 33 23 33 23 34 22 34
32 33 32 31 33 31 33 33
14 27 16 25 18 27 16 29
22 19 22 17 24 17 24 19
24 21 22 19 24 17 26 19
24 23 23 22 24 21 25 22
23 25 24 25 24 23 23 23
19 28 19 30 18 30 18 28
25 16 27 18 28 17 26 15
35 28 34 29 33 28 34 27
20 26 18 28 20 30 22 28
18 24 19 23 21 25 20 26
15 25 16 26 18 24 17 23
15 26 15 25 16 25 16 26
29 19 29 21 27 21 27 19
25 30 25 32 24 32 24 30
26 29 27 30 26 31 25 30
28 28 28 29 26 29 26 28
28 24 29 25 31 23 30 22
27 25 25 23 26 22 28 24
29 26 29 25 27 25 27 26
31 28 29 26 31 24 33 26
30 28 31 28 31 29 30 29
31 27 32 28 31 29 30 28
32 27 32 28 31 28 31 27
32 26 33 26 33 27 32 27
34 24 35 25 33 27 32 26
20 25 22 23 24 25 22 27
21 26 21 25 20 25 20 26
31 26 31 24 32 24 32 26
29 27 31 27 31 26 29 26
26 26 28 28 29 27 27 25
25 25 23 27 21 25 23 23
25 29 26 28 28 30 27 31
26 30 26 29 25 29 25 30
15 38 14 38 14 34 15 34
34 16 37 16 37 14 34 14
37 13 39 15 36 18 34 16
38 18 36 18 36 15 38 15
32 16 36 20 38 18 34 14
28 16 28 13 32 13 32 16
25 17 28 17 28 16 25 16
21 21 25 17 26 18 22 22
18 22 19 23 21 21 20 20
15 21 17 23 18 22 16 20
18 21 18 22 15 22 15 21
19 22 16 25 15 24 18 21
18 23 19 23 19 22 18 22
17 24 18 24 18 23 17 23
14 17 15 17 15 21 14 21
30 10 32 12 28 16 26 14
31 18 33 18 33 14 31 14
41 29 38 32 35 29 38 26
27 41 24 38 26 36 29 39
30 15 33 18 31 20 28 17
29 12 28 13 30 15 31 14
21 16 24 13 25 14 22 17
21 15 25 15 25 16 21 16
20 14 21 15 19 17 18 16
38 29 38 32 35 32 35 29
36 27 38 29 37 30 35 28
19 21 19 19 21 19 21 21
20 29 16 29 16 26 20 26
21 30 20 29 22 27 23 28
22 31 21 32 20 31 21 30
14 28 14 27 18 27 18 28
16 30 14 28 16 26 18 28
14 32 16 30 17 31 15 33
24 33 23 34 27 38 28 37
23 30 22 31 24 33 25 32
24 28 24 30 23 30 23 28
23 29 22 28 23 27 24 28
22 32 21 31 23 29 24 30
21 33 22 33 22 32 21 32
20 35 21 35 21 33 20 33
24 37 23 36 26 33 27 34
23 17 25 15 29 19 27 21
29 17 27 19 26 18 28 16
38 28 35 28 35 26 38 26
41 28 41 29 38 29 38 28
18 29 19 28 20 29 19 30
19 27 19 23 22 23 22 27
21 29 21 30 20 30 20 29
23 32 24 32 24 33 23 33
25 34 24 34 24 33 25 33
26 35 26 34 25 34 25 35
27 36 27 35 26 35 26 36
22 30 22 31 21 31 21 30
23 31 23 32 22 32 22 31
26 25 29 22 30 23 27 26
25 26 26 26 26 25 25 25
25 24 24 25 25 26 26 25
30 24 30 28 28 28 28 24
27 23 27 25 26 25 26 23
29 23 27 23 27 22 29 22
36 10 36 15 30 15 30 10
37 11 34 14 33 13 36 10
34 11 37 11 37 13 34 13
35 10 38 13 37 14 34 11
14 13 23 22 22 23 13 14
15 14 15 13 14 13 14 14
14 41 14 39 27 39 27 41
15 42 14 41 20 35 21 36
24 42 15 42 15 38 24 38
25 41 24 42 17 35 18 34
