best-score: 749793
count: 3
elapsed-time: 4.971
274
12 13 12 12 11 12 11 13
14 34 14 33 15 33 15 34
28 10 29 11 28 12 27 11
27 10 28 10 28 11 27 11
26 11 27 10 28 11 27 12
26 12 26 11 27 11 27 12
25 13 26 13 26 12 25 12
27 13 26 14 25 13 26 12
28 13 27 13 27 12 28 12
30 32 31 31 32 32 31 33
29 12 29 11 28 11 28 12
15 30 15 31 14 31 14 30
12 20 12 19 11 19 11 20
12 18 11 19 12 20 13 19
13 18 13 19 12 19 12 18
14 17 14 18 13 18 13 17
14 28 13 29 14 30 15 29
14 29 14 28 15 28 15 29
16 29 15 30 14 29 15 28
16 30 15 30 15 29 16 29
28 14 27 13 28 12 29 13
29 14 28 14 28 13 29 13
30 13 29 14 28 13 29 12
30 12 30 13 29 13 29 12
31 13 30 14 29 13 30 12
32 13 31 13 31 12 32 12
31 14 30 13 31 12 32 13
17 13 18 14 17 15 16 14
13 30 13 29 14 29 14 30
30 15 29 15 29 14 30 14
34 20 35 20 35 21 34 21
33 21 34 20 35 21 34 22
33 22 33 21 34 21 34 22
32 23 33 23 33 22 32 22
22 12 21 13 20 12 21 11
22 13 22 12 23 12 23 13
22 14 21 14 21 13 22 13
20 14 21 15 22 14 21 13
20 15 20 14 21 14 21 15
21 16 20 15 21 14 22 15
22 16 21 16 21 15 22 15
17 28 17 29 16 29 16 28
24 13 25 12 26 13 25 14
23 14 22 13 23 12 24 13
23 15 22 15 22 14 23 14
24 14 23 15 22 14 23 13
24 15 24 14 25 14 25 15
23 16 22 15 23 14 24 15
24 16 23 16 23 15 24 15
23 17 22 16 23 15 24 16
23 19 22 18 23 17 24 18
23 18 24 18 24 19 23 19
22 19 23 18 24 19 23 20
22 20 22 19 23 19 23 20
24 20 23 21 22 20 23 19
24 21 23 21 23 20 24 20
23 22 22 21 23 20 24 21
24 23 24 22 23 22 23 23
18 28 17 29 16 28 17 27
34 24 33 25 32 24 33 23
12 23 12 22 13 22 13 23
12 21 11 22 12 23 13 22
13 20 12 21 11 20 12 19
13 21 12 21 12 20 13 20
11 21 12 22 13 21 12 20
15 21 14 20 15 19 16 20
15 20 16 20 16 21 15 21
16 19 17 20 16 21 15 20
17 19 17 20 16 20 16 19
27 15 26 16 25 15 26 14
26 15 27 15 27 16 26 16
28 15 27 16 26 15 27 14
29 16 28 15 29 14 30 15
28 16 28 15 29 15 29 16
30 16 29 17 28 16 29 15
30 17 29 17 29 16 30 16
29 30 28 30 28 29 29 29
30 29 29 30 28 29 29 28
15 26 14 26 14 25 15 25
15 24 14 25 15 26 16 25
16 24 16 25 15 25 15 24
16 26 15 25 16 24 17 25
17 26 16 26 16 25 17 25
14 19 15 19 15 20 14 20
15 18 14 19 13 18 14 17
16 18 16 19 15 19 15 18
18 18 17 19 16 18 17 17
30 28 30 29 29 29 29 28
30 30 29 29 30 28 31 29
31 30 30 30 30 29 31 29
15 17 16 18 15 19 14 18
14 21 13 20 14 19 15 20
14 22 13 22 13 21 14 21
25 16 24 15 25 14 26 15
26 17 25 18 24 17 25 16
28 17 27 18 26 17 27 16
27 17 27 16 28 16 28 17
26 18 27 18 27 17 26 17
25 19 26 19 26 18 25 18
25 17 24 18 25 19 26 18
18 27 18 28 17 28 17 27
16 27 17 28 18 27 17 26
15 27 16 27 16 28 15 28
13 27 14 28 15 27 14 26
25 31 24 31 24 30 25 30
26 30 25 31 24 30 25 29
15 22 16 21 17 22 16 23
14 23 13 22 14 21 15 22
15 23 14 23 14 22 15 22
14 24 13 23 14 22 15 23
13 25 14 24 15 25 14 26
13 24 14 24 14 25 13 25
29 22 30 22 30 23 29 23
28 23 29 22 30 23 29 24
28 24 28 23 29 23 29 24
28 22 27 23 28 24 29 23
27 22 28 22 28 23 27 23
31 23 30 24 29 23 30 22
31 24 30 24 30 23 31 23
31 22 30 23 31 24 32 23
26 29 26 30 25 30 25 29
22 17 22 16 23 16 23 17
25 20 24 19 25 18 26 19
21 18 22 18 22 19 21 19
20 17 21 16 22 17 21 18
21 28 21 27 22 27 22 28
23 28 22 29 21 28 22 27
23 29 22 29 22 28 23 28
22 22 22 21 23 21 23 22
33 13 32 14 31 13 32 12
33 14 32 14 32 13 33 13
33 12 32 13 33 14 34 13
34 12 34 13 33 13 33 12
12 24 11 25 12 26 13 25
11 23 12 22 13 23 12 24
11 24 11 23 12 23 12 24
12 25 11 24 12 23 13 24
13 26 13 25 12 25 12 26
14 27 14 26 13 26 13 27
29 18 28 17 29 16 30 17
28 18 28 17 29 17 29 18
27 19 26 18 27 17 28 18
28 19 27 19 27 18 28 18
27 20 26 19 27 18 28 19
26 20 26 19 27 19 27 20
25 21 24 20 25 19 26 20
25 22 24 22 24 21 25 21
26 21 25 22 24 21 25 20
28 21 27 22 26 21 27 20
29 21 29 22 28 22 28 21
13 10 14 11 12 13 11 12
14 10 14 11 13 11 13 10
12 31 14 31 14 33 12 33
13 32 12 31 13 30 14 31
13 34 12 33 13 32 14 33
16 36 14 34 15 33 17 35
17 36 16 36 16 35 17 35
33 28 33 27 35 27 35 28
32 29 33 28 34 29 33 30
31 28 32 29 31 30 30 29
30 26 30 28 31 28 31 26
29 26 29 24 30 24 30 26
33 26 31 28 29 26 31 24
31 25 31 26 33 26 33 25
29 25 30 26 31 25 30 24
33 31 31 31 31 30 33 30
35 29 33 31 31 29 33 27
26 32 28 34 30 32 28 30
28 32 26 32 26 30 28 30
30 34 30 32 28 32 28 34
28 36 26 34 28 32 30 34
28 35 26 35 26 34 28 34
33 20 34 20 34 18 33 18
34 19 35 20 34 21 33 20
34 17 33 18 34 19 35 18
35 17 35 18 34 18 34 17
20 11 22 13 21 14 19 12
19 11 20 11 20 12 19 12
15 15 17 15 17 17 15 17
32 28 32 29 31 29 31 28
19 30 18 31 16 29 17 28
21 33 23 33 23 34 21 34
19 17 19 19 17 19 17 17
20 18 19 19 18 18 19 17
21 17 22 18 21 19 20 18
20 16 21 15 22 16 21 17
19 16 20 16 20 17 19 17
35 25 33 25 33 23 35 23
36 24 35 25 34 24 35 23
24 34 23 33 25 31 26 32
24 32 26 32 26 34 24 34
36 22 36 24 34 24 34 22
27 26 29 28 31 26 29 24
27 28 27 26 29 26 29 28
27 30 26 29 27 28 28 29
23 30 21 32 20 31 22 29
24 29 25 30 24 31 23 30
25 26 23 28 24 29 26 27
28 27 28 29 26 29 26 27
25 27 23 29 22 28 24 26
26 26 26 27 25 27 25 26
27 27 26 26 28 24 29 25
26 28 27 27 29 29 28 30
24 27 25 27 25 29 24 29
22 26 22 27 24 27 24 26
26 24 24 22 25 21 27 23
27 24 27 26 26 26 26 24
26 23 27 22 28 23 27 24
24 24 26 24 26 23 24 23
21 25 22 26 24 24 23 23
25 24 24 23 25 22 26 23
34 34 32 32 33 31 35 33
35 34 34 34 34 33 35 33
16 8 19 11 17 13 14 10
14 16 11 13 12 12 15 15
14 13 14 11 17 11 17 13
12 16 14 16 14 13 12 13
11 17 12 16 13 17 12 18
19 32 16 35 15 34 18 31
16 32 16 30 19 30 19 32
17 31 16 32 15 31 16 30
18 29 18 31 17 31 17 29
21 29 18 29 18 28 21 28
22 32 22 29 21 29 21 32
21 31 23 29 24 30 22 32
19 38 17 36 21 32 23 34
31 15 34 18 35 17 32 14
32 15 31 15 31 14 32 14
31 16 30 15 31 14 32 15
32 19 30 17 31 16 33 18
30 21 32 19 33 20 31 22
30 20 33 20 33 21 30 21
31 19 30 20 28 18 29 17
32 16 32 19 31 19 31 16
17 33 15 33 15 31 17 31
34 32 32 32 32 29 34 29
25 38 21 34 24 31 28 35
35 16 34 17 32 15 33 14
35 15 35 16 32 16 32 15
36 14 35 15 33 13 34 12
18 15 19 16 16 19 15 18
17 14 17 15 18 15 18 14
16 9 14 11 17 14 19 12
19 33 19 32 21 32 21 33
19 35 17 35 17 33 19 33
19 31 17 33 19 35 21 33
22 34 21 33 22 32 23 33
19 29 21 31 19 33 17 31
20 26 18 28 19 29 21 27
31 21 30 22 29 21 30 20
32 20 33 21 32 22 31 21
21 20 21 22 17 22 17 20
20 21 21 20 22 21 21 22
20 23 16 23 16 21 20 21
19 22 20 23 17 26 16 25
18 19 17 20 19 22 20 21
29 20 30 21 29 22 28 21
30 18 30 20 29 20 29 18
33 17 33 18 30 18 30 17
34 14 34 17 33 17 33 14
36 13 36 14 34 14 34 13
30 19 29 20 28 19 29 18
18 25 21 25 21 27 18 27
20 20 16 24 15 23 19 19
21 21 20 20 21 19 22 20
18 26 17 25 21 21 22 22
20 19 21 18 22 19 21 20
22 23 22 26 20 26 20 23
21 24 20 23 21 22 22 23
24 25 24 24 21 24 21 25
25 25 25 26 24 26 24 25
26 25 25 26 24 25 25 24
23 24 22 23 23 22 24 23
21 26 23 24 24 25 22 27
