best-score: 663141
count: 15
elapsed-time: 4.665
85
24 10 25 10 25 9 24 9
24 8 23 9 24 10 25 9
23 8 24 8 24 9 23 9
25 23 24 24 23 23 24 22
25 24 24 24 24 23 25 23
10 16 10 15 9 15 9 16
28 20 27 21 26 20 27 19
23 22 23 23 24 23 24 22
23 24 22 23 23 22 24 23
22 24 22 23 23 23 23 24
27 20 27 21 26 21 26 20
28 19 28 20 27 20 27 19
27 18 28 19 27 20 26 19
25 20 25 19 26 19 26 20
10 20 11 19 12 20 11 21
11 20 11 19 12 19 12 20
10 21 11 21 11 20 10 20
18 13 17 12 18 11 19 12
25 26 25 24 27 24 27 26
9 22 10 21 12 23 11 24
27 22 25 24 24 23 26 21
12 14 10 16 9 15 11 13
11 14 11 13 12 13 12 14
12 15 11 14 12 13 13 14
13 15 12 15 12 14 13 14
14 12 12 14 13 15 15 13
20 26 20 24 22 24 22 26
21 25 20 26 19 25 20 24
23 25 22 26 21 25 22 24
24 25 23 25 23 24 24 24
26 25 25 26 24 25 25 24
28 25 27 26 26 25 27 24
23 21 24 22 26 20 25 19
21 22 23 22 23 21 21 21
24 18 26 18 26 16 24 16
25 17 26 18 25 19 24 18
25 15 24 16 25 17 26 16
23 15 25 15 25 17 23 17
22 16 23 15 24 16 23 17
21 15 22 16 20 18 19 17
23 14 23 15 21 15 21 14
20 22 21 21 23 23 22 24
23 13 25 11 27 13 25 15
13 17 13 15 15 15 15 17
17 17 15 19 13 17 15 15
18 17 17 17 17 15 18 15
16 15 18 13 20 15 18 17
16 13 16 15 15 15 15 13
16 11 18 11 18 13 16 13
15 12 16 11 17 12 16 13
14 11 14 12 15 12 15 11
20 13 20 15 18 15 18 13
17 19 15 17 17 15 19 17
26 28 23 25 24 24 27 27
28 28 26 28 26 25 28 25
27 14 23 14 23 13 27 13
20 9 23 9 23 13 20 13
7 15 9 13 13 17 11 19
7 13 9 13 9 15 7 15
13 18 12 19 9 16 10 15
15 20 15 23 12 23 12 20
17 20 15 20 15 19 17 19
17 22 17 20 20 20 20 22
20 19 17 22 15 20 18 17
24 19 20 19 20 18 24 18
22 21 24 19 25 20 23 22
18 25 19 26 22 23 21 22
18 26 18 25 19 25 19 26
17 21 20 24 23 21 20 18
14 20 16 22 17 21 15 19
16 24 16 22 17 22 17 24
12 26 13 27 16 24 15 23
9 23 9 26 12 26 12 23
25 18 24 19 20 15 21 14
17 23 19 25 18 26 16 24
21 7 23 9 17 15 15 13
13 7 21 7 21 14 13 14
15 5 23 13 21 15 13 7
16 5 16 11 15 11 15 5
14 7 16 5 20 9 18 11
22 10 24 10 24 16 22 16
16 25 11 20 12 19 17 24
11 25 11 24 16 24 16 25
13 23 11 25 9 23 11 21
16 26 13 23 17 19 20 22
