best-score: 615946
count: 15
elapsed-time: 4.575
72
14 25 14 26 13 26 13 25
12 25 13 26 14 25 13 24
12 24 13 24 13 25 12 25
14 24 13 25 12 24 13 23
20 31 19 30 20 29 21 30
14 23 14 24 13 24 13 23
11 13 13 11 14 12 12 14
12 28 11 27 13 25 14 26
24 30 24 32 25 32 25 30
17 14 15 16 14 15 16 13
28 26 27 25 29 23 30 24
19 28 21 28 21 30 19 30
20 27 21 28 20 29 19 28
18 29 20 29 20 27 18 27
17 28 18 27 19 28 18 29
23 17 21 17 21 15 23 15
19 19 17 21 16 20 18 18
18 23 18 21 20 21 20 23
31 11 27 11 27 10 31 10
31 20 28 20 28 17 31 17
28 21 29 22 31 20 30 19
25 21 25 20 28 20 28 21
27 19 28 20 26 22 25 21
31 15 27 19 23 15 27 11
18 16 18 18 15 18 15 16
16 27 14 25 18 21 20 23
16 23 18 23 18 27 16 27
14 20 14 23 16 23 16 20
11 20 14 23 13 24 10 21
11 23 11 20 13 20 13 23
23 18 25 20 28 17 26 15
23 20 23 18 25 18 25 20
26 23 23 20 25 18 28 21
27 23 27 25 26 25 26 23
27 22 29 22 29 23 27 23
26 19 26 22 27 22 27 19
17 24 18 23 21 26 20 27
17 25 14 25 14 24 17 24
19 25 19 28 17 28 17 25
23 23 19 19 21 17 25 21
23 27 20 27 20 23 23 23
22 26 26 22 27 23 23 27
22 28 21 28 21 26 22 26
25 29 24 30 22 28 23 27
23 22 23 23 26 23 26 22
12 33 11 32 16 27 17 28
17 33 12 33 12 28 17 28
14 30 19 25 22 28 17 33
13 31 11 29 12 28 14 30
10 26 10 31 13 31 13 26
9 25 11 23 12 24 10 26
9 28 9 25 12 25 12 28
26 5 31 10 26 15 21 10
18 32 18 29 11 29 11 32
12 21 12 14 17 14 17 21
10 24 12 24 12 21 10 21
21 12 21 15 14 15 14 12
24 15 18 21 15 18 21 12
24 19 24 15 26 15 26 19
24 25 19 25 19 19 24 19
33 30 31 32 24 25 26 23
33 29 33 30 25 30 25 29
13 15 14 15 14 20 13 20
28 19 32 23 25 30 21 26
13 18 15 16 20 21 18 23
19 29 14 24 17 21 22 26
19 18 23 22 18 27 14 23
18 19 19 19 19 18 18 18
23 21 19 25 14 20 18 16
20 20 20 21 23 21 23 20
20 13 20 20 16 20 16 13
38 18 24 32 17 25 31 11
