best-score: 625994
count: 3
elapsed-time: 4.71
197
20 41 20 40 21 40 21 41
23 14 23 15 22 15 22 14
24 13 24 14 23 14 23 13
24 12 25 13 24 14 23 13
25 12 25 13 24 13 24 12
24 16 23 15 24 14 25 15
28 39 28 38 29 38 29 39
39 27 38 28 37 27 38 26
33 30 34 31 33 32 32 31
34 30 33 30 33 29 34 29
35 29 34 30 33 29 34 28
36 29 35 29 35 28 36 28
35 30 34 29 35 28 36 29
35 31 34 31 34 30 35 30
36 26 35 27 36 28 37 27
21 29 20 30 19 29 20 28
34 27 34 28 35 28 35 27
31 29 30 28 31 27 32 28
29 26 28 25 29 24 30 25
31 28 32 28 32 27 31 27
30 29 31 29 31 28 30 28
39 13 39 15 38 15 38 13
40 17 39 18 37 16 38 15
35 37 35 38 37 38 37 37
23 39 21 41 20 40 22 38
23 38 25 38 25 39 23 39
24 37 23 38 22 37 23 36
18 16 20 16 20 17 18 17
38 33 38 32 40 32 40 33
21 17 20 16 22 14 23 15
19 19 21 17 22 18 20 20
18 18 19 19 18 20 17 19
20 18 20 20 18 20 18 18
21 18 20 18 20 17 21 17
23 16 21 18 20 17 22 15
24 15 24 16 23 16 23 15
25 18 23 16 24 15 26 17
29 43 27 41 29 39 31 41
25 14 24 15 23 14 24 13
27 14 25 14 25 13 27 13
36 30 38 32 40 30 38 28
23 37 23 38 22 38 22 37
24 38 23 37 25 35 26 36
24 40 23 39 24 38 25 39
34 18 35 19 33 21 32 20
33 15 32 16 34 18 35 17
21 20 21 18 22 18 22 20
19 21 19 23 18 23 18 21
37 32 36 33 34 31 35 30
27 37 28 38 26 40 25 39
29 35 27 37 26 36 28 34
24 36 24 37 23 37 23 36
25 36 23 34 25 32 27 34
24 35 24 36 25 36 25 35
26 37 25 38 24 37 25 36
27 36 27 37 26 37 26 36
28 36 27 36 27 34 28 34
28 31 30 29 32 31 30 33
29 29 29 31 28 31 28 29
29 27 28 28 29 29 30 28
31 26 31 27 29 27 29 26
30 27 31 26 32 27 31 28
27 28 28 29 30 27 29 26
27 29 27 28 28 28 28 29
27 33 25 31 27 29 29 31
25 21 27 19 28 20 26 22
23 20 23 21 25 21 25 20
26 20 28 20 28 22 26 22
26 18 26 20 25 20 25 18
24 20 22 18 24 16 26 18
24 22 23 21 24 20 25 21
17 13 17 16 14 16 14 13
15 15 17 13 20 16 18 18
13 15 15 15 15 19 13 19
14 14 15 15 14 16 13 15
37 33 40 36 41 35 38 32
36 32 36 33 37 33 37 32
32 34 33 35 36 32 35 31
34 34 32 34 32 31 34 31
18 32 18 36 14 36 14 32
16 34 14 32 16 30 18 32
16 37 16 34 19 34 19 37
19 40 16 37 19 34 22 37
20 37 20 40 19 40 19 37
19 30 16 33 20 37 23 34
16 29 16 30 19 30 19 29
15 26 14 27 16 29 17 28
34 38 34 41 35 41 35 38
32 36 33 35 35 37 34 38
32 38 29 38 29 36 32 36
13 20 17 16 18 17 14 21
16 40 13 40 13 37 16 37
15 39 18 36 19 37 16 40
38 37 37 37 37 33 38 33
14 20 18 20 18 21 14 21
14 18 13 19 14 20 15 19
14 17 18 17 18 18 14 18
38 35 35 38 33 36 36 33
34 15 34 18 33 18 33 15
32 13 32 16 31 16 31 13
18 27 18 23 14 23 14 27
20 29 19 30 17 28 18 27
21 30 21 29 20 29 20 30
23 33 23 30 21 30 21 33
21 35 18 32 20 30 23 33
20 36 21 35 23 37 22 38
20 34 23 34 23 36 20 36
37 28 37 32 38 32 38 28
36 27 36 28 37 28 37 27
35 26 35 27 36 27 36 26
31 23 31 26 35 26 35 23
30 24 31 23 35 27 34 28
33 24 30 24 30 21 33 21
32 23 33 24 31 26 30 25
35 20 32 23 30 21 33 18
32 19 32 20 35 20 35 19
20 23 18 21 21 18 23 20
21 23 20 23 20 20 21 20
21 24 21 23 22 23 22 24
17 26 18 27 21 24 20 23
15 28 17 28 17 26 15 26
17 20 14 23 15 24 18 21
17 14 14 17 17 20 20 17
32 35 32 36 33 36 33 35
30 39 29 38 32 35 33 36
30 43 29 43 29 39 30 39
31 35 32 36 29 39 28 38
31 34 32 34 32 35 31 35
34 33 32 35 31 34 33 32
28 18 25 15 27 13 30 16
22 22 21 23 19 21 20 20
24 23 24 22 22 22 22 23
21 26 18 23 21 20 24 23
17 24 17 26 21 26 21 24
12 23 15 26 17 24 14 21
12 21 14 21 14 23 12 23
31 37 31 41 27 41 27 37
40 29 40 30 36 30 36 29
41 30 38 33 37 32 40 29
41 32 40 32 40 30 41 30
28 17 28 18 26 18 26 17
29 10 25 14 28 17 32 13
28 35 29 36 31 34 30 33
32 21 29 24 25 20 28 17
19 28 20 28 20 29 19 29
28 32 25 32 25 31 28 31
31 32 31 34 28 34 28 32
31 30 33 30 33 32 31 32
26 33 26 29 27 29 27 33
26 34 23 34 23 33 26 33
24 32 26 34 25 35 23 33
22 28 21 29 24 32 25 31
24 24 24 28 22 28 22 24
23 25 24 24 28 28 27 29
19 27 20 28 23 25 22 24
18 28 19 28 19 27 18 27
29 25 30 25 30 24 29 24
28 26 29 26 29 25 28 25
30 26 29 27 28 26 29 25
34 22 35 23 31 27 30 26
37 18 37 22 34 22 34 18
39 20 37 22 35 20 37 18
39 23 35 23 35 20 39 20
43 19 39 23 35 19 39 15
27 23 28 22 30 24 29 25
31 19 31 23 27 23 27 19
27 24 24 24 24 23 27 23
29 22 27 24 23 20 25 18
28 24 29 24 29 22 28 22
27 25 28 25 28 24 27 24
25 29 24 28 27 25 28 26
39 16 39 18 37 18 37 16
20 27 20 23 19 23 19 27
24 29 23 30 20 27 21 26
25 28 25 29 24 29 24 28
24 27 27 24 28 25 25 28
23 26 24 27 21 30 20 29
24 25 23 26 21 24 22 23
23 29 21 29 21 26 23 26
24 30 24 29 23 29 23 30
25 30 24 29 25 28 26 29
24 31 25 31 25 30 24 30
26 31 25 32 24 31 25 30
25 25 27 25 27 28 25 28
36 11 38 13 33 18 31 16
31 7 37 13 31 19 25 13
30 7 31 7 31 13 30 13
32 9 27 14 25 12 30 7
37 9 37 13 32 13 32 9
40 19 35 19 35 17 40 17
18 31 24 31 24 32 18 32
17 31 17 28 18 28 18 31
43 29 40 29 40 19 43 19
50 22 43 29 30 16 37 9
36 15 38 15 38 26 36 26
34 11 34 15 36 15 36 11
36 13 34 15 32 13 34 11
