best-score: 664408
count: 7
elapsed-time: 4.885
124
10 34 11 33 12 34 11 35
32 16 33 17 34 16 33 15
11 29 12 28 13 29 12 30
28 14 29 15 28 16 27 15
24 31 25 32 24 33 23 32
30 26 30 25 31 25 31 26
33 22 32 23 31 22 32 21
24 32 24 33 23 33 23 32
25 31 25 32 24 32 24 31
20 20 19 21 18 20 19 19
28 22 27 23 26 22 27 21
27 22 27 23 26 23 26 22
28 21 28 22 27 22 27 21
22 23 23 23 23 24 22 24
10 32 12 32 12 34 10 34
11 31 12 32 11 33 10 32
13 31 11 31 11 29 13 29
14 12 14 14 12 14 12 12
27 14 28 14 28 12 27 12
25 14 27 14 27 15 25 15
25 10 23 12 25 14 27 12
11 28 11 26 12 26 12 28
32 26 33 25 35 27 34 28
31 27 30 26 31 25 32 26
32 27 31 27 31 26 32 26
34 27 34 28 32 28 32 27
29 32 27 30 28 29 30 31
19 32 17 30 19 28 21 30
18 33 19 32 20 33 19 34
19 15 21 17 19 19 17 17
19 17 17 17 17 15 19 15
21 18 21 17 19 17 19 18
33 24 31 26 30 25 32 23
31 24 33 24 33 25 31 25
17 19 17 18 19 18 19 19
15 17 17 15 19 17 17 19
15 18 15 17 17 17 17 18
21 31 23 33 24 32 22 30
22 31 21 31 21 30 22 30
21 34 20 33 22 31 23 32
21 32 19 32 19 31 21 31
17 28 17 26 19 26 19 28
18 27 17 28 16 27 17 26
20 27 19 28 18 27 19 26
23 20 24 20 24 18 23 18
19 20 21 22 23 20 21 18
18 21 19 21 19 20 18 20
16 19 17 18 19 20 18 21
17 21 17 19 16 19 16 21
16 20 17 19 18 20 17 21
20 19 20 20 19 20 19 19
32 13 34 13 34 16 32 16
31 29 32 28 35 31 34 32
28 27 28 29 31 29 31 27
29 17 33 17 33 15 29 15
26 18 27 19 29 17 28 16
26 19 26 18 27 18 27 19
27 20 23 24 22 23 26 19
24 21 27 21 27 20 24 20
10 18 14 14 17 17 13 21
25 34 25 32 29 32 29 34
14 17 15 17 15 14 14 14
29 19 25 15 28 12 32 16
29 20 27 20 27 19 29 19
30 23 28 21 29 20 31 22
27 25 30 25 30 23 27 23
17 33 17 30 18 30 18 33
16 32 18 30 19 31 17 33
16 34 16 32 19 32 19 34
15 35 12 32 13 31 16 34
20 30 18 30 18 27 20 27
20 32 19 31 20 30 21 31
30 21 32 21 32 23 30 23
12 17 16 21 19 18 15 14
29 26 26 23 27 22 30 25
28 24 31 24 31 22 28 22
29 27 27 25 28 24 30 26
27 33 25 31 29 27 31 29
27 28 24 31 20 27 23 24
29 28 28 29 27 28 28 27
32 32 32 28 29 28 29 32
23 15 26 18 24 20 21 17
19 12 19 15 23 15 23 12
18 25 21 22 22 23 19 26
16 25 18 25 18 27 16 27
13 25 13 21 16 21 16 25
15 33 15 35 11 35 11 33
16 30 16 32 12 32 12 30
17 29 16 30 12 26 13 25
13 28 13 29 17 29 17 28
14 23 11 26 13 28 16 25
30 29 29 28 31 26 32 27
17 24 16 25 17 26 18 25
18 24 17 24 17 21 18 21
22 25 22 24 18 24 18 25
28 11 34 11 34 12 28 12
14 11 19 11 19 12 14 12
34 15 29 20 27 18 32 13
12 23 12 17 14 17 14 23
11 22 15 18 16 19 12 23
36 20 31 25 28 22 33 17
35 20 35 27 34 27 34 20
36 19 35 20 27 12 28 11
35 19 36 19 36 20 35 20
20 13 15 18 14 17 19 12
21 12 27 18 26 19 20 13
33 30 33 33 27 33 27 30
12 24 17 24 17 26 12 26
23 25 18 30 17 29 22 24
23 28 23 25 27 25 27 28
24 29 22 31 21 30 23 28
30 16 30 21 28 21 28 16
33 11 29 15 30 16 34 12
21 19 26 19 26 22 21 22
23 13 19 17 21 19 25 15
24 26 19 26 19 21 24 21
24 22 23 23 20 20 21 19
33 21 29 17 30 16 34 20
15 10 25 10 25 14 15 14
22 17 21 18 14 11 15 10
26 15 23 18 22 17 25 14
33 20 32 21 26 15 27 14
34 17 34 20 33 20 33 17
32 20 33 20 33 21 32 21
