best-score: 738880
count: 3
elapsed-time: 4.934
233
35 35 35 36 36 36 36 35
32 37 33 38 34 37 33 36
30 37 31 38 32 37 31 36
33 37 33 38 32 38 32 37
34 36 34 37 33 37 33 36
35 37 34 36 35 35 36 36
17 35 18 35 18 36 17 36
33 14 34 15 33 16 32 15
34 14 34 15 33 15 33 14
35 15 34 16 33 15 34 14
35 16 34 16 34 15 35 15
35 14 34 15 35 16 36 15
36 14 36 15 35 15 35 14
32 16 33 16 33 15 32 15
32 14 31 15 32 16 33 15
31 14 32 14 32 15 31 15
31 16 30 15 31 14 32 15
30 16 30 15 31 15 31 16
30 14 29 15 30 16 31 15
38 19 38 20 37 20 37 19
20 15 19 16 18 15 19 14
20 16 19 16 19 15 20 15
18 16 19 17 20 16 19 15
18 17 18 16 19 16 19 17
18 14 19 14 19 15 18 15
32 35 31 36 30 35 31 34
31 17 32 17 32 16 31 16
15 29 14 30 15 31 16 30
15 30 15 29 16 29 16 30
14 31 15 31 15 30 14 30
13 30 14 29 15 30 14 31
13 29 14 29 14 30 13 30
28 15 29 14 30 15 29 16
27 14 28 15 27 16 26 15
33 32 32 31 33 30 34 31
33 31 33 32 32 32 32 31
34 30 34 31 33 31 33 30
34 32 33 31 34 30 35 31
35 32 34 32 34 31 35 31
28 14 28 15 29 15 29 14
27 13 27 14 28 14 28 13
24 35 25 34 26 35 25 36
25 35 25 34 26 34 26 35
24 34 25 33 26 34 25 35
24 33 25 33 25 34 24 34
23 32 24 33 23 34 22 33
26 33 26 34 27 34 27 33
25 32 25 33 26 33 26 32
23 35 23 34 24 34 24 35
24 36 24 35 25 35 25 36
32 26 32 27 33 27 33 26
32 28 31 27 32 26 33 27
31 28 31 27 32 27 32 28
30 27 31 26 32 27 31 28
26 20 25 21 24 20 25 19
22 22 23 21 24 22 23 23
25 31 24 30 25 29 26 30
24 32 25 31 26 32 25 33
24 31 25 31 25 32 24 32
23 30 24 31 23 32 22 31
23 31 23 30 24 30 24 31
22 32 23 32 23 31 22 31
23 33 22 32 23 31 24 32
22 34 23 33 24 34 23 35
25 30 24 30 24 29 25 29
26 31 26 30 25 30 25 31
27 32 26 33 25 32 26 31
25 28 26 29 25 30 24 29
26 28 26 29 25 29 25 28
23 22 24 22 24 23 23 23
22 21 22 22 23 22 23 21
33 33 33 32 34 32 34 33
27 31 27 32 26 32 26 31
28 32 27 33 26 32 27 31
28 33 27 33 27 32 28 32
29 32 28 33 27 32 28 31
29 31 29 32 28 32 28 31
36 12 38 12 38 14 36 14
36 39 34 37 35 36 37 38
15 16 13 14 14 13 16 15
34 12 35 12 35 14 34 14
36 10 38 12 36 14 34 12
35 10 36 10 36 12 35 12
16 34 17 35 15 37 14 36
33 34 34 33 36 35 35 36
31 33 31 34 33 34 33 33
30 34 28 32 29 31 31 33
31 35 31 34 30 34 30 35
32 36 32 35 31 35 31 36
31 37 32 36 33 37 32 38
30 38 31 38 31 37 30 37
12 31 14 31 14 33 12 33
36 34 35 35 33 33 34 32
16 33 15 34 17 36 18 35
15 33 16 33 16 34 15 34
16 16 16 15 18 15 18 16
15 18 16 18 16 16 15 16
35 21 36 22 38 20 37 19
35 30 35 31 37 31 37 30
36 31 35 32 34 31 35 30
32 34 31 33 32 32 33 33
33 35 32 36 31 35 32 34
35 34 35 35 33 35 33 34
36 32 36 34 35 34 35 32
36 30 35 31 36 32 37 31
34 18 33 19 31 17 32 16
33 18 33 16 34 16 34 18
34 17 33 18 32 17 33 16
37 29 35 27 36 26 38 28
22 37 21 36 23 34 24 35
26 11 28 13 27 14 25 12
29 36 27 34 28 33 30 35
28 39 27 38 29 36 30 37
17 32 15 30 16 29 18 31
26 16 25 15 27 13 28 14
27 15 27 16 26 16 26 15
20 33 18 31 20 29 22 31
20 34 20 33 22 33 22 34
22 36 20 38 18 36 20 34
24 37 24 36 22 36 22 37
26 39 24 37 25 36 27 38
16 21 18 23 17 24 15 22
38 26 36 26 36 25 38 25
23 37 22 36 23 35 24 36
34 25 32 23 33 22 35 24
29 30 28 31 26 29 27 28
31 30 29 30 29 28 31 28
30 33 29 32 31 30 32 31
28 34 30 34 30 33 28 33
27 35 26 34 27 33 28 34
28 35 27 35 27 34 28 34
28 37 28 35 30 35 30 37
26 37 28 37 28 39 26 39
21 28 20 28 20 26 21 26
22 27 24 29 23 30 21 28
23 26 22 27 21 26 22 25
23 19 25 19 25 21 23 21
22 20 23 19 24 20 23 21
26 22 24 22 24 20 26 20
25 23 24 22 25 21 26 22
21 24 23 22 24 23 22 25
23 24 23 26 21 26 21 24
23 27 24 26 26 28 25 29
24 27 23 27 23 26 24 26
12 34 15 34 15 37 12 37
14 32 15 33 13 35 12 34
12 14 14 12 18 16 16 18
13 16 13 14 12 14 12 16
16 13 18 15 15 18 13 16
14 15 16 15 16 13 14 13
14 38 14 36 17 36 17 38
11 36 14 33 15 34 12 37
18 19 16 21 13 18 15 16
17 22 18 22 18 19 17 19
15 24 17 24 17 22 15 22
22 39 18 35 20 33 24 37
20 30 20 33 16 33 16 30
19 29 20 30 16 34 15 33
19 28 20 28 20 29 19 29
20 27 21 28 20 29 19 28
14 18 15 18 15 22 14 22
20 20 18 22 14 18 16 16
22 16 22 20 20 20 20 16
26 18 25 19 22 16 23 15
23 16 23 18 26 18 26 16
22 15 22 16 23 16 23 15
19 20 18 19 22 15 23 16
38 29 37 30 33 26 34 25
38 30 37 30 37 29 38 29
13 21 16 18 17 19 14 22
15 25 15 29 14 29 14 25
16 24 20 28 19 29 15 25
34 27 34 30 35 30 35 27
23 12 26 15 23 18 20 15
24 15 24 12 23 12 23 15
23 20 22 21 18 17 19 16
30 19 26 23 23 20 27 16
29 19 29 16 30 16 30 19
28 18 30 16 31 17 29 19
28 20 26 20 26 18 28 18
32 24 30 26 26 22 28 20
35 23 35 24 32 24 32 23
39 25 38 26 35 23 36 22
20 22 17 19 19 17 22 20
19 22 19 20 20 20 20 22
20 25 18 23 19 22 21 24
19 26 20 25 21 26 20 27
19 25 20 25 20 26 19 26
34 22 36 22 36 25 34 25
33 25 32 24 34 22 35 23
34 26 34 25 33 25 33 26
34 28 33 27 34 26 35 27
34 19 34 22 33 22 33 19
37 18 37 19 34 19 34 18
36 19 37 18 38 19 37 20
32 20 34 22 35 21 33 19
30 20 32 20 32 23 30 23
26 12 26 15 25 15 25 12
14 27 17 24 19 26 16 29
18 29 14 25 15 24 19 28
19 31 19 29 18 29 18 31
23 29 23 30 20 30 20 29
19 33 16 30 20 26 23 29
19 23 19 22 18 22 18 23
28 28 28 31 27 31 27 28
29 29 27 31 26 30 28 28
30 28 33 31 32 32 29 29
29 27 30 26 31 27 30 28
28 27 29 27 29 28 28 28
29 26 30 27 29 28 28 27
29 23 30 23 30 26 29 26
31 24 31 26 32 26 32 24
31 22 30 23 31 24 32 23
30 21 33 18 34 19 31 22
24 24 25 23 29 27 28 28
25 24 24 24 24 23 25 23
26 25 24 27 23 26 25 24
27 25 27 28 26 28 26 25
29 22 29 23 26 23 26 22
27 26 26 25 29 22 30 23
26 27 27 26 28 27 27 28
14 16 14 18 13 18 13 16
15 39 15 37 22 37 22 39
16 38 15 39 14 38 15 37
39 20 39 25 38 25 38 20
40 21 36 25 35 24 39 20
40 23 35 23 35 21 40 21
35 22 38 25 40 23 37 20
25 20 31 26 35 22 29 16
34 11 34 12 26 12 26 11
32 13 34 11 35 12 33 14
33 13 33 14 32 14 32 13
18 18 23 18 23 19 18 19
