best-score: 769072
count: 42
elapsed-time: 4.536
50
22 9 23 9 23 8 22 8
21 8 22 7 23 8 22 9
21 7 22 7 22 8 21 8
8 17 9 17 9 18 8 18
8 19 7 18 8 17 9 18
7 19 7 18 8 18 8 19
9 14 8 13 9 12 10 13
12 8 13 8 13 9 12 9
13 7 14 8 13 9 12 8
14 7 14 8 13 8 13 7
9 13 9 14 8 14 8 13
16 22 16 23 15 23 15 22
10 10 10 12 9 12 9 10
11 26 8 23 12 19 15 22
19 11 18 10 21 7 22 8
6 10 7 9 10 12 9 13
12 23 12 19 8 19 8 23
9 22 9 18 11 18 11 22
6 14 10 10 13 13 9 17
6 17 6 14 8 14 8 17
13 15 10 12 13 9 16 12
10 15 10 13 13 13 13 15
8 15 9 16 10 15 9 14
20 10 20 13 18 13 18 10
15 13 13 13 13 9 15 9
15 16 15 13 18 13 18 16
12 16 15 16 15 19 12 19
11 17 8 14 9 13 12 16
16 18 15 19 12 16 13 15
14 15 15 16 12 19 11 18
11 16 11 17 9 17 9 16
16 3 21 8 14 15 9 10
16 9 22 9 22 12 16 12
15 3 15 9 16 9 16 3
14 24 8 18 9 17 15 23
17 15 14 15 14 8 17 8
21 11 22 12 18 16 17 15
19 8 19 11 21 11 21 8
11 9 12 9 12 16 11 16
24 15 16 23 15 22 23 14
15 10 13 8 14 7 16 9
16 11 11 16 10 15 15 10
21 10 18 13 16 11 19 8
21 12 20 13 16 9 17 8
16 17 16 18 11 18 11 17
17 18 12 23 11 22 16 17
24 18 17 18 17 15 24 15
17 22 16 22 16 18 17 18
19 14 16 17 15 16 18 13
13 24 13 15 14 15 14 24
