best-score: 768631
count: 2
elapsed-time: 4.919
350
14 38 13 37 14 36 15 37
37 37 36 36 37 35 38 36
37 36 38 36 38 37 37 37
36 35 36 36 37 36 37 35
37 34 36 35 35 34 36 33
36 34 36 33 37 33 37 34
38 34 37 35 36 34 37 33
38 35 37 35 37 34 38 34
39 36 38 37 37 36 38 35
13 13 14 14 13 15 12 14
13 14 13 13 14 13 14 14
12 13 13 12 14 13 13 14
12 12 13 12 13 13 12 13
12 15 13 15 13 14 12 14
13 16 12 15 13 14 14 15
14 16 13 16 13 15 14 15
39 35 39 36 38 36 38 35
14 37 14 36 15 36 15 37
15 38 14 37 15 36 16 37
16 38 15 38 15 37 16 37
17 37 16 38 15 37 16 36
18 38 18 37 17 37 17 38
35 35 35 34 36 34 36 35
34 36 35 35 36 36 35 37
17 36 16 37 17 38 18 37
16 35 16 36 17 36 17 35
15 34 15 35 16 35 16 34
14 35 15 34 16 35 15 36
12 31 13 31 13 32 12 32
31 36 32 35 33 36 32 37
32 36 32 37 31 37 31 36
33 37 32 36 33 35 34 36
34 37 33 37 33 36 34 36
34 38 34 37 35 37 35 38
39 20 38 21 37 20 38 19
30 36 31 35 32 36 31 37
29 37 30 37 30 36 29 36
17 33 16 34 17 35 18 34
16 33 16 32 17 32 17 33
14 33 15 34 16 33 15 32
34 16 33 17 32 16 33 15
34 17 33 17 33 16 34 16
13 30 12 29 13 28 14 29
14 31 14 30 13 30 13 31
15 30 16 31 15 32 14 31
15 31 15 30 16 30 16 31
14 32 15 32 15 31 14 31
15 33 14 32 15 31 16 32
14 34 15 34 15 33 14 33
13 35 14 34 15 35 14 36
13 36 13 35 14 35 14 36
32 15 32 16 33 16 33 15
18 32 17 33 16 32 17 31
15 29 14 30 15 31 16 30
32 34 31 35 30 34 31 33
31 34 32 34 32 35 31 35
30 33 30 34 31 34 31 33
29 34 30 33 31 34 30 35
29 35 29 34 30 34 30 35
28 36 29 35 30 36 29 37
28 35 29 35 29 36 28 36
28 37 27 36 28 35 29 36
27 37 27 36 28 36 28 37
27 38 26 38 26 37 27 37
12 28 12 27 13 27 13 28
18 31 18 32 17 32 17 31
17 30 18 31 17 32 16 31
18 30 17 30 17 29 18 29
19 29 20 30 19 31 18 30
19 30 19 29 20 29 20 30
19 28 18 29 19 30 20 29
18 28 19 28 19 29 18 29
16 28 17 29 18 28 17 27
17 28 16 28 16 27 17 27
16 29 17 28 18 29 17 30
15 28 16 29 15 30 14 29
14 28 15 28 15 29 14 29
15 27 16 28 15 29 14 28
15 25 14 26 15 27 16 26
17 18 18 19 17 20 16 19
22 15 22 16 21 16 21 15
23 16 22 17 21 16 22 15
17 19 18 20 17 21 16 20
18 18 18 19 17 19 17 18
13 29 12 28 13 27 14 28
12 30 13 30 13 29 12 29
11 31 12 30 13 31 12 32
11 30 12 30 12 31 11 31
23 15 22 16 21 15 22 14
26 36 27 37 26 38 25 37
27 35 27 36 26 36 26 35
26 34 27 35 26 36 25 35
25 34 26 34 26 35 25 35
26 33 27 34 26 35 25 34
27 33 27 34 26 34 26 33
32 30 33 31 34 30 33 29
32 29 33 29 33 30 32 30
35 22 34 22 34 21 35 21
33 22 34 23 35 22 34 21
32 23 31 22 32 21 33 22
33 23 32 23 32 22 33 22
33 21 32 22 33 23 34 22
25 38 24 38 24 37 25 37
25 36 24 37 25 38 26 37
16 21 17 21 17 20 16 20
28 33 29 34 28 35 27 34
27 32 27 33 28 33 28 32
26 31 27 32 26 33 25 32
36 25 36 26 37 26 37 25
23 14 23 15 22 15 22 14
28 34 28 35 27 35 27 34
29 33 29 34 28 34 28 33
15 26 16 26 16 27 15 27
14 25 14 26 15 26 15 25
13 25 13 24 14 24 14 25
12 26 13 25 14 26 13 27
31 21 32 21 32 22 31 22
31 23 30 22 31 21 32 22
30 23 30 22 31 22 31 23
14 27 15 26 16 27 15 28
13 26 13 27 14 27 14 26
12 25 12 26 13 26 13 25
11 26 12 25 13 26 12 27
11 27 11 26 12 26 12 27
23 18 24 19 23 20 22 19
22 18 22 17 23 17 23 18
21 17 22 16 23 17 22 18
25 31 24 31 24 30 25 30
26 32 26 31 25 31 25 32
25 33 26 32 27 33 26 34
24 33 25 33 25 34 24 34
24 35 23 34 24 33 25 34
24 36 24 35 25 35 25 36
23 37 24 36 25 37 24 38
23 36 24 36 24 37 23 37
23 38 22 37 23 36 24 37
22 38 22 37 23 37 23 38
21 37 22 36 23 37 22 38
21 36 22 36 22 37 21 37
26 19 25 20 24 19 25 18
23 32 24 33 25 32 24 31
23 26 23 27 22 27 22 26
24 25 25 26 24 27 23 26
24 26 24 25 25 25 25 26
23 25 24 24 25 25 24 26
23 24 24 24 24 25 23 25
24 23 25 24 24 25 23 24
25 23 25 24 24 24 24 23
23 23 24 24 25 23 24 22
23 22 24 22 24 23 23 23
24 21 25 22 24 23 23 22
24 20 25 20 25 21 24 21
23 19 23 20 24 20 24 19
22 24 22 23 23 23 23 24
21 23 22 22 23 23 22 24
21 22 22 22 22 23 21 23
22 21 23 22 22 23 21 22
23 21 23 22 22 22 22 21
22 20 23 19 24 20 23 21
26 22 27 23 26 24 25 23
27 22 27 23 26 23 26 22
26 21 27 22 26 23 25 22
21 25 22 24 23 25 22 26
27 24 26 25 25 24 26 23
28 24 27 24 27 23 28 23
27 25 27 24 26 24 26 25
29 25 28 26 27 25 28 24
29 24 30 24 30 25 29 25
31 24 30 25 29 24 30 23
32 24 31 24 31 23 32 23
31 25 30 24 31 23 32 24
26 26 25 25 26 24 27 25
13 38 13 37 14 37 14 38
12 37 13 36 14 37 13 38
12 36 13 36 13 37 12 37
13 33 13 32 14 32 14 33
23 35 24 34 25 35 24 36
22 35 23 35 23 36 22 36
34 24 33 25 32 24 33 23
33 24 33 23 34 23 34 24
32 25 31 24 32 23 33 24
28 25 27 24 28 23 29 24
27 26 28 26 28 25 27 25
26 27 25 26 26 25 27 26
26 29 25 28 26 27 27 28
27 30 26 31 25 30 26 29
27 27 26 27 26 26 27 26
28 28 27 27 28 26 29 27
28 27 29 27 29 28 28 28
29 26 28 27 27 26 28 25
28 29 27 28 28 27 29 28
27 29 27 28 28 28 28 29
26 30 27 30 27 29 26 29
25 29 26 30 25 31 24 30
26 28 26 29 25 29 25 28
25 27 26 26 27 27 26 28
24 28 23 27 24 26 25 27
23 28 23 27 24 27 24 28
24 29 23 28 24 27 25 28
23 30 24 29 25 30 24 31
23 29 24 29 24 30 23 30
40 17 38 19 36 17 38 15
36 19 38 19 38 18 36 18
32 19 34 21 36 19 34 17
32 18 34 18 34 19 32 19
30 20 29 19 31 17 32 18
35 30 37 32 36 33 34 31
36 30 35 30 35 29 36 29
36 28 35 29 36 30 37 29
36 27 38 27 38 28 36 28
37 28 36 27 37 26 38 27
15 17 16 16 18 18 17 19
14 17 14 16 15 16 15 17
14 21 12 19 14 17 16 19
14 22 12 22 12 21 14 21
31 18 30 17 32 15 33 16
32 17 32 18 31 18 31 17
34 20 36 20 36 19 34 19
35 19 36 20 35 21 34 20
35 17 34 18 35 19 36 18
35 18 34 18 34 17 35 17
31 14 30 15 28 13 29 12
33 19 32 18 33 17 34 18
32 20 33 19 34 20 33 21
30 19 30 20 32 20 32 19
31 20 30 19 31 18 32 19
39 27 38 28 36 26 37 25
11 23 12 22 14 24 13 25
19 34 20 33 22 35 21 36
18 33 19 34 17 36 16 35
19 33 19 34 18 34 18 33
20 32 19 33 18 32 19 31
22 30 22 32 20 32 20 30
23 31 22 30 23 29 24 30
24 32 24 31 23 31 23 32
23 33 24 32 25 33 24 34
22 33 22 32 23 32 23 33
20 35 22 35 22 33 20 33
29 15 30 15 30 17 29 17
30 14 32 16 31 17 29 15
29 14 29 12 30 12 30 14
35 31 34 31 34 30 35 30
38 32 37 33 35 31 36 30
38 33 37 33 37 32 38 32
39 34 38 35 37 34 38 33
33 28 35 30 36 29 34 27
33 27 34 27 34 28 33 28
32 27 32 25 33 25 33 27
31 28 29 26 30 25 32 27
19 32 20 32 20 33 19 33
20 31 19 32 18 31 19 30
21 30 23 32 22 33 20 31
33 20 34 20 34 21 33 21
28 16 26 14 27 13 29 15
34 26 34 27 36 27 36 26
35 27 34 28 33 27 34 26
27 16 25 18 23 16 25 14
35 26 33 24 34 23 36 25
29 31 28 32 26 30 27 29
30 31 30 33 29 33 29 31
29 30 30 31 28 33 27 32
31 30 29 30 29 28 31 28
30 29 31 28 32 29 31 30
30 27 32 27 32 29 30 29
27 31 27 30 29 30 29 31
31 29 29 27 31 25 33 27
30 32 29 31 31 29 32 30
19 21 21 23 20 24 18 22
22 29 20 29 20 27 22 27
21 28 22 29 21 30 20 29
21 26 20 27 21 28 22 27
20 25 22 23 23 24 21 26
19 25 19 24 20 24 20 25
20 26 19 25 20 24 21 25
21 27 19 29 18 28 20 26
22 28 21 27 22 26 23 27
29 21 30 22 28 24 27 23
18 24 19 25 17 27 16 26
19 22 19 24 18 24 18 22
21 21 21 22 19 22 19 21
21 20 22 20 22 21 21 21
30 26 30 27 29 27 29 26
31 26 30 26 30 25 31 25
22 25 22 26 21 26 21 25
39 33 39 34 38 34 38 33
40 34 39 35 38 34 39 33
40 35 39 35 39 34 40 34
31 15 30 15 30 14 31 14
18 23 16 21 17 20 19 22
38 13 34 17 33 16 37 12
32 32 35 35 36 34 33 31
31 32 31 30 32 30 32 32
32 31 31 32 30 31 31 30
33 32 32 31 33 30 34 31
34 33 32 35 31 34 33 32
12 20 12 19 16 19 16 20
14 18 16 20 14 22 12 20
13 17 14 16 15 17 14 18
13 18 13 17 14 17 14 18
19 12 22 12 22 14 19 14
21 14 17 18 15 16 19 12
22 13 23 14 22 15 21 14
37 23 36 23 36 20 37 20
36 24 37 23 38 24 37 25
34 25 36 25 36 24 34 24
33 34 32 34 32 32 33 32
26 15 29 15 29 14 26 14
26 16 23 16 23 15 26 15
27 19 27 16 26 16 26 19
26 18 28 16 29 17 27 19
34 32 33 32 33 31 34 31
36 32 36 33 34 33 34 32
37 30 37 32 36 32 36 30
38 29 37 30 36 29 37 28
38 30 37 30 37 29 38 29
39 29 38 30 37 29 38 28
39 24 39 27 38 27 38 24
38 23 39 24 37 26 36 25
37 24 38 24 38 23 37 23
19 17 22 20 21 21 18 18
19 16 21 16 21 17 19 17
16 14 16 16 19 16 19 14
18 12 21 15 19 17 16 14
21 19 21 20 18 20 18 19
21 18 22 18 22 19 21 19
20 19 21 18 22 19 21 20
27 21 29 21 29 19 27 19
26 20 27 21 26 22 25 21
25 19 25 20 26 20 26 19
24 16 23 17 25 19 26 18
25 13 23 15 24 16 26 14
26 13 26 14 25 14 25 13
17 26 20 26 20 27 17 27
16 25 18 23 19 24 17 26
15 24 16 25 15 26 14 25
16 24 16 25 15 25 15 24
15 23 17 21 18 22 16 24
14 23 15 23 15 24 14 24
11 22 13 24 14 23 12 21
12 23 12 22 11 22 11 23
17 25 17 26 16 26 16 25
26 8 22 12 26 16 30 12
27 18 31 22 30 23 26 19
18 27 17 28 16 27 17 26
19 26 20 27 19 28 18 27
24 18 25 18 25 19 24 19
39 28 39 29 38 29 38 28
39 12 39 20 37 20 37 12
33 13 38 13 38 15 33 15
27 8 27 13 26 13 26 8
