best-score: 688322
count: 3
elapsed-time: 4.863
239
14 40 15 39 16 40 15 41
15 40 14 40 14 39 15 39
16 41 16 40 15 40 15 41
35 40 35 41 34 41 34 40
38 18 37 18 37 17 38 17
15 23 14 22 15 21 16 22
15 22 16 22 16 23 15 23
14 21 14 22 15 22 15 21
20 18 19 19 18 18 19 17
23 13 24 14 23 15 22 14
22 13 23 13 23 14 22 14
40 25 41 25 41 24 40 24
42 25 41 26 40 25 41 24
42 26 41 26 41 25 42 25
24 15 24 14 23 14 23 15
16 21 17 22 16 23 15 22
17 21 17 22 16 22 16 21
16 20 17 19 18 20 17 21
15 20 16 20 16 21 15 21
20 20 19 21 18 20 19 19
22 39 22 38 23 38 23 39
18 22 17 23 16 22 17 21
18 23 17 23 17 22 18 22
28 15 29 15 29 14 28 14
30 15 29 16 28 15 29 14
30 16 29 16 29 15 30 15
24 39 23 38 24 37 25 38
22 19 23 18 24 19 23 20
27 37 28 38 29 37 28 36
28 37 27 37 27 36 28 36
29 38 29 37 28 37 28 38
29 36 28 37 29 38 30 37
30 36 30 37 29 37 29 36
31 32 30 31 31 30 32 31
31 31 32 31 32 30 31 30
30 32 31 32 31 31 30 31
32 25 33 26 32 27 31 26
31 27 31 28 30 28 30 27
32 26 32 27 31 27 31 26
33 25 33 26 32 26 32 25
33 24 34 24 34 25 33 25
35 24 34 25 33 24 34 23
35 23 35 24 34 24 34 23
41 39 40 39 40 37 41 37
39 15 37 17 36 16 38 14
17 16 17 15 19 15 19 16
36 38 37 39 35 41 34 40
20 40 22 38 23 39 21 41
20 16 19 15 21 13 22 14
20 17 19 17 19 16 20 16
36 17 37 18 35 20 34 19
36 19 34 19 34 17 36 17
16 18 18 18 18 20 16 20
17 17 18 18 17 19 16 18
39 24 40 24 40 22 39 22
37 22 39 24 37 26 35 24
35 22 35 20 37 20 37 22
37 24 35 22 37 20 39 22
35 26 37 26 37 24 35 24
34 27 33 26 34 25 35 26
18 33 20 33 20 35 18 35
16 33 17 34 18 33 17 32
17 33 16 33 16 32 17 32
19 31 17 33 16 32 18 30
17 31 19 31 19 32 17 32
22 35 20 37 18 35 20 33
23 33 23 35 22 35 22 33
25 35 23 33 24 32 26 34
23 36 25 36 25 35 23 35
24 35 25 36 24 37 23 36
34 33 36 35 34 37 32 35
34 29 32 31 34 33 36 31
36 27 36 29 34 29 34 27
35 33 36 33 36 35 35 35
20 22 20 20 18 20 18 22
19 23 18 22 19 21 20 22
34 36 32 38 30 36 32 34
37 37 36 38 34 36 35 35
38 37 38 39 37 39 37 37
22 37 22 35 20 35 20 37
21 38 22 37 23 38 22 39
18 39 19 40 21 38 20 37
17 38 18 39 16 41 15 40
16 37 16 38 17 38 17 37
15 36 17 34 18 35 16 37
22 17 24 15 25 16 23 18
22 18 20 18 20 17 22 17
23 19 23 18 22 18 22 19
24 16 22 18 23 19 25 17
24 17 24 16 25 16 25 17
17 25 17 23 16 23 16 25
21 25 19 27 17 25 19 23
19 25 21 25 21 27 19 27
18 25 18 23 19 23 19 25
14 25 16 27 18 25 16 23
16 26 16 25 14 25 14 26
37 31 37 33 36 33 36 31
39 33 37 35 35 33 37 31
39 35 37 35 37 33 39 33
39 39 37 37 39 35 41 37
26 39 25 38 27 36 28 37
27 16 29 16 29 18 27 18
25 18 27 16 29 18 27 20
25 19 25 18 27 18 27 19
26 37 26 39 24 39 24 37
33 20 35 22 34 23 32 21
33 33 32 34 30 32 31 31
35 31 37 33 35 35 33 33
34 31 35 31 35 33 34 33
38 31 36 33 34 31 36 29
29 17 31 19 29 21 27 19
28 16 29 15 30 16 29 17
35 30 36 30 36 31 35 31
33 21 35 23 34 24 32 22
32 20 32 21 33 21 33 20
24 20 24 19 23 19 23 20
27 34 27 36 26 36 26 34
29 35 28 36 26 34 27 33
28 35 29 35 29 36 28 36
26 35 27 36 28 35 27 34
33 29 32 30 30 28 31 27
34 28 36 30 35 31 33 29
35 27 34 28 32 26 33 25
28 33 27 33 27 31 28 31
29 24 31 26 30 27 28 25
36 37 36 35 37 35 37 37
38 35 40 37 38 39 36 37
37 16 37 17 36 17 36 16
34 15 36 17 37 16 35 14
34 38 34 37 36 37 36 38
32 40 34 40 34 38 32 38
33 41 32 40 33 39 34 40
41 33 39 35 37 33 39 31
41 31 41 33 39 33 39 31
33 31 33 29 34 29 34 31
32 33 33 33 33 31 32 31
40 13 41 14 38 17 37 16
40 14 38 14 38 13 40 13
41 17 41 14 40 14 40 17
42 16 41 17 39 15 40 14
38 42 34 38 37 35 41 39
39 42 38 42 38 39 39 39
37 42 35 40 38 37 40 39
35 10 38 13 34 17 31 14
31 10 35 10 35 14 31 14
16 19 13 16 16 13 19 16
17 20 16 21 15 20 16 19
19 22 17 20 20 17 22 19
18 36 18 39 15 39 15 36
20 38 18 36 21 33 23 35
21 40 21 38 20 38 20 40
12 18 13 17 16 20 15 21
19 41 16 38 17 37 20 40
18 40 18 41 19 41 19 40
12 36 13 35 16 38 15 39
31 36 30 37 34 41 35 40
29 32 28 33 31 36 32 35
29 30 28 31 29 32 30 31
28 29 30 27 31 28 29 30
29 25 29 29 28 29 28 25
32 24 32 25 29 25 29 24
33 22 33 24 32 24 32 22
35 15 36 16 32 20 31 19
38 15 35 15 35 14 38 14
39 17 39 15 38 15 38 17
15 33 18 36 17 37 14 34
12 33 15 33 15 36 12 36
39 18 39 22 38 22 38 18
40 18 39 18 39 17 40 17
39 19 38 18 39 17 40 18
38 19 37 18 38 17 39 18
31 37 31 36 34 36 34 37
36 26 40 30 39 31 35 27
22 21 22 19 19 19 19 21
24 40 23 39 26 36 27 37
24 41 21 41 21 40 24 40
23 42 21 40 22 39 24 41
31 23 34 23 34 19 31 19
30 26 29 25 31 23 32 24
30 23 31 23 31 26 30 26
27 22 29 24 30 23 28 21
30 22 30 23 27 23 27 22
30 21 32 21 32 22 30 22
32 19 30 21 27 18 29 16
33 18 34 19 33 20 32 19
35 18 35 20 33 20 33 18
16 28 14 26 17 23 19 25
19 28 16 28 16 27 19 27
21 30 19 28 23 24 25 26
22 31 20 33 19 32 21 30
21 31 22 31 22 33 21 33
19 30 19 31 21 31 21 30
14 29 17 32 19 30 16 27
25 40 25 38 28 38 28 40
29 34 29 35 32 35 32 34
40 29 40 30 36 30 36 29
39 30 36 27 37 26 40 29
21 23 20 22 23 19 24 20
23 25 21 27 19 25 21 23
21 24 21 25 23 25 23 24
20 25 18 23 19 22 21 24
30 18 30 21 29 21 29 18
33 16 33 18 30 18 30 16
26 29 22 33 24 35 28 31
31 21 32 22 31 23 30 22
24 22 24 20 27 20 27 22
23 22 24 22 24 24 23 24
24 21 23 22 22 21 23 20
28 22 27 23 24 20 25 19
29 23 28 22 29 21 30 22
31 22 33 24 32 25 30 23
31 29 31 30 29 30 29 29
33 28 33 29 31 29 31 28
35 28 34 29 33 28 34 27
32 29 31 28 32 27 33 28
12 13 16 13 16 18 12 18
26 41 26 39 33 39 33 41
25 42 24 41 25 40 26 41
32 14 40 22 38 24 30 16
38 26 38 31 37 31 37 26
39 27 38 26 40 24 41 25
40 28 37 31 36 30 39 27
39 26 38 26 38 24 39 24
41 27 41 26 39 26 39 27
17 30 17 25 18 25 18 30
13 31 17 31 17 30 13 30
14 30 16 32 15 33 13 31
28 27 26 29 21 24 23 22
22 23 27 23 27 31 22 31
19 26 20 25 28 33 27 34
14 27 17 30 19 28 16 25
24 30 29 30 29 32 24 32
22 28 24 30 21 33 19 31
28 30 23 25 24 24 29 29
29 33 27 31 28 30 30 32
30 33 29 33 29 32 30 32
31 33 31 36 30 36 30 33
24 27 24 30 21 30 21 27
28 34 28 33 29 33 29 34
