best-score: 696935
count: 8
elapsed-time: 4.868
102
36 15 35 16 34 15 35 14
18 19 17 20 16 19 17 18
18 20 17 20 17 19 18 19
17 21 16 20 17 19 18 20
17 22 16 22 16 21 17 21
16 23 15 22 16 21 17 22
15 23 15 22 16 22 16 23
16 18 17 18 17 19 16 19
21 26 20 27 19 26 20 25
21 27 20 27 20 26 21 26
18 21 19 22 18 23 17 22
19 25 20 25 20 26 19 26
13 31 11 29 12 28 14 30
13 30 13 28 14 28 14 30
15 32 15 31 17 31 17 32
16 31 17 32 16 33 15 32
26 34 26 32 28 32 28 34
19 17 17 19 16 18 18 16
14 20 16 20 16 21 14 21
13 21 14 20 16 22 15 23
18 28 17 27 19 25 20 26
23 25 21 27 20 26 22 24
18 27 18 28 17 28 17 27
13 11 13 15 12 15 12 11
36 17 33 20 32 19 35 16
34 17 34 15 36 15 36 17
10 17 12 15 16 19 14 21
32 30 28 34 29 35 33 31
32 34 31 34 31 30 32 30
11 17 13 15 16 18 14 20
25 37 23 35 26 32 28 34
29 37 25 37 25 35 29 35
28 38 25 35 26 34 29 37
31 38 28 38 28 34 31 34
10 25 14 21 15 22 11 26
10 26 10 25 11 25 11 26
13 27 12 28 10 26 11 25
12 27 13 27 13 28 12 28
17 24 13 28 12 27 16 23
13 24 17 24 17 27 13 27
15 25 11 25 11 23 15 23
16 26 14 28 13 27 15 25
18 26 16 26 16 23 18 23
19 27 19 26 18 26 18 27
28 15 26 17 23 14 25 12
29 16 28 15 31 12 32 13
26 19 29 16 32 19 29 22
22 15 26 19 22 23 18 19
21 12 20 13 22 15 23 14
25 32 22 35 21 34 24 31
25 29 26 29 26 32 25 32
23 31 25 29 28 32 26 34
24 35 24 31 23 31 23 35
32 22 29 22 29 19 32 19
36 18 32 22 29 19 33 15
26 16 26 17 29 17 29 16
26 22 23 19 26 16 29 19
26 23 26 22 29 22 29 23
26 24 22 24 22 23 26 23
27 34 25 32 29 28 31 30
23 17 26 17 26 19 23 19
19 14 19 17 23 17 23 14
17 10 16 11 19 14 20 13
16 10 17 10 17 11 16 11
12 14 16 10 17 11 13 15
20 24 19 25 16 22 17 21
22 25 22 24 20 24 20 25
25 30 21 26 22 25 26 29
19 24 19 22 17 22 17 24
18 25 17 24 18 23 19 24
17 26 18 25 19 26 18 27
22 21 22 23 18 23 18 21
23 18 26 21 22 25 19 22
17 14 17 11 19 11 19 14
10 12 11 12 11 17 10 17
18 17 17 18 11 12 12 11
19 19 19 17 18 17 18 19
23 22 23 19 19 19 19 22
29 14 35 14 35 16 29 16
14 11 16 11 16 18 14 18
21 7 27 13 23 17 17 11
25 7 25 12 21 12 21 7
28 20 33 20 33 15 28 15
16 29 11 29 11 26 16 26
22 38 15 31 18 28 25 35
23 38 22 38 22 35 23 35
27 42 23 38 27 34 31 38
35 30 32 30 32 22 35 22
30 25 35 30 31 34 26 29
9 23 14 18 16 20 11 25
25 34 24 35 17 28 18 27
21 32 21 34 25 34 25 32
27 26 33 20 35 22 29 28
22 31 22 25 23 25 23 31
22 22 20 24 25 29 27 27
35 31 32 34 23 25 26 22
21 13 27 13 27 26 21 26
20 12 20 13 21 13 21 12
17 15 20 12 21 13 18 16
10 14 14 18 17 15 13 11
22 18 17 18 17 15 22 15
24 6 25 7 20 12 19 11
