best-score: 683200
count: 1
elapsed-time: 5.158
463
14 42 15 41 16 42 15 43
16 19 16 18 17 18 17 19
39 15 39 16 38 16 38 15
40 20 39 19 40 18 41 19
40 19 41 19 41 20 40 20
39 18 39 19 40 19 40 18
37 43 38 44 39 43 38 42
38 43 37 43 37 42 38 42
39 44 39 43 38 43 38 44
20 42 19 41 20 40 21 41
36 16 35 16 35 15 36 15
36 18 35 17 36 16 37 17
35 18 36 18 36 19 35 19
44 36 44 35 45 35 45 36
46 36 45 37 44 36 45 35
46 37 45 37 45 36 46 36
43 21 43 22 42 22 42 21
21 40 22 40 22 41 21 41
22 39 23 40 22 41 21 40
23 39 23 40 22 40 22 39
22 38 23 39 22 40 21 39
21 38 22 38 22 39 21 39
23 38 22 39 21 38 22 37
24 39 24 38 23 38 23 39
24 41 23 40 24 39 25 40
21 19 22 20 21 21 20 20
21 20 20 20 20 19 21 19
19 20 20 21 21 20 20 19
19 21 19 20 20 20 20 21
34 17 35 17 35 16 34 16
36 17 35 18 34 17 35 16
37 16 37 17 36 17 36 16
37 14 36 15 37 16 38 15
22 21 22 20 21 20 21 21
23 20 24 21 23 22 22 21
23 21 23 20 24 20 24 21
22 22 23 22 23 21 22 21
20 22 21 23 22 22 21 21
21 22 20 22 20 21 21 21
22 23 22 22 21 22 21 23
23 24 22 23 23 22 24 23
20 39 20 40 21 40 21 39
18 25 17 24 18 23 19 24
17 26 18 25 19 26 18 27
23 19 24 20 23 21 22 20
22 19 23 19 23 20 22 20
40 22 40 23 39 23 39 22
41 23 40 24 39 23 40 22
41 24 40 24 40 23 41 23
40 25 39 24 40 23 41 24
39 25 39 24 40 24 40 25
19 22 20 23 21 22 20 21
18 22 18 21 19 21 19 22
19 23 18 22 19 21 20 22
18 24 19 24 19 23 18 23
17 25 18 25 18 24 17 24
16 25 17 25 17 26 16 26
44 27 43 28 42 27 43 26
19 25 19 24 20 24 20 25
18 26 19 26 19 25 18 25
17 27 18 27 18 26 17 26
19 27 18 28 17 27 18 26
19 28 18 28 18 27 19 27
20 29 20 28 19 28 19 29
42 32 43 33 42 34 41 33
23 37 23 38 22 38 22 37
42 29 43 29 43 28 42 28
22 25 21 26 20 25 21 24
22 24 23 24 23 25 22 25
21 25 20 24 21 23 22 24
22 26 22 25 21 25 21 26
23 26 23 27 22 27 22 26
24 25 23 26 22 25 23 24
24 26 23 26 23 25 24 25
20 35 21 34 22 35 21 36
21 35 21 36 20 36 20 35
22 34 22 35 21 35 21 34
17 31 18 31 18 32 17 32
17 33 16 32 17 31 18 32
18 34 17 35 16 34 17 33
40 34 39 33 40 32 41 33
40 36 39 35 40 34 41 35
41 36 40 36 40 35 41 35
42 36 42 37 41 37 41 36
43 35 42 36 41 35 42 34
38 35 38 34 39 34 39 35
38 33 37 34 38 35 39 34
37 33 38 33 38 34 37 34
38 32 39 33 38 34 37 33
39 32 39 33 38 33 38 32
39 31 40 31 40 32 39 32
39 29 38 30 39 31 40 30
39 30 38 30 38 29 39 29
38 31 39 30 40 31 39 32
37 32 38 32 38 31 37 31
19 31 20 32 19 33 18 32
19 32 19 31 20 31 20 32
18 33 17 32 18 31 19 32
17 34 18 34 18 33 17 33
16 35 17 35 17 34 16 34
33 20 32 20 32 19 33 19
40 33 40 34 39 34 39 33
41 34 40 35 39 34 40 33
42 33 42 34 41 34 41 33
43 32 43 33 42 33 42 32
41 32 41 33 40 33 40 32
42 31 42 32 41 32 41 31
41 30 42 31 41 32 40 31
36 24 37 25 36 26 35 25
31 19 32 20 31 21 30 20
20 30 19 29 20 28 21 29
21 30 20 30 20 29 21 29
19 30 20 31 21 30 20 29
18 30 19 30 19 31 18 31
17 29 18 28 19 29 18 30
38 36 37 35 38 34 39 35
37 36 37 35 38 35 38 36
39 36 38 37 37 36 38 35
39 37 38 37 38 36 39 36
37 37 38 38 39 37 38 36
36 37 36 36 37 36 37 37
26 22 27 22 27 23 26 23
26 24 25 23 26 22 27 23
25 24 25 23 26 23 26 24
27 24 26 25 25 24 26 23
27 25 26 25 26 24 27 24
25 25 26 26 27 25 26 24
24 24 25 25 24 26 23 25
23 23 23 24 24 24 24 23
24 22 25 23 24 24 23 23
25 22 25 23 24 23 24 22
26 21 27 22 26 23 25 22
25 21 26 21 26 22 25 22
32 39 31 40 30 39 31 38
32 40 32 39 33 39 33 40
25 26 25 25 26 25 26 26
35 27 36 27 36 26 35 26
27 37 26 36 27 35 28 36
34 24 35 25 34 26 33 25
28 23 29 24 28 25 27 24
28 24 27 24 27 23 28 23
28 26 27 25 28 24 29 25
27 26 27 25 28 25 28 26
29 26 28 27 27 26 28 25
29 27 28 27 28 26 29 26
29 22 28 23 27 22 28 21
35 28 34 27 35 26 36 27
34 28 34 27 35 27 35 28
33 27 34 26 35 27 34 28
33 26 34 26 34 27 33 27
32 25 32 26 33 26 33 25
32 27 31 26 32 25 33 26
31 27 31 26 32 26 32 27
32 28 31 27 32 26 33 27
32 30 31 29 32 28 33 29
33 30 32 30 32 29 33 29
33 28 32 29 33 30 34 29
26 27 25 26 26 25 27 26
27 27 26 27 26 26 27 26
28 28 27 27 28 26 29 27
27 28 27 27 28 27 28 28
34 25 35 25 35 26 34 26
33 24 33 25 34 25 34 24
35 24 34 25 33 24 34 23
36 25 36 24 35 24 35 25
37 26 37 25 36 25 36 26
38 27 37 28 36 27 37 26
36 29 35 30 34 29 35 28
37 30 36 29 37 28 38 29
36 31 37 30 38 31 37 32
36 30 37 30 37 31 36 31
37 29 38 30 37 31 36 30
36 28 36 29 37 29 37 28
37 27 36 28 35 27 36 26
38 28 38 27 37 27 37 28
35 29 35 30 36 30 36 29
34 30 33 29 34 28 35 29
28 33 27 33 27 32 28 32
31 34 31 33 32 33 32 34
33 34 32 35 31 34 32 33
33 35 32 35 32 34 33 34
31 28 32 28 32 29 31 29
30 29 31 28 32 29 31 30
30 30 30 29 31 29 31 30
31 32 30 31 31 30 32 31
32 32 31 32 31 31 32 31
33 31 32 32 31 31 32 30
34 31 33 31 33 30 34 30
33 32 32 31 33 30 34 31
33 33 32 33 32 32 33 32
34 34 33 35 32 34 33 33
20 41 20 42 19 42 19 41
19 40 20 39 21 40 20 41
17 22 18 21 19 22 18 23
17 23 17 22 18 22 18 23
17 21 16 22 17 23 18 22
16 21 17 21 17 22 16 22
17 20 16 21 15 20 16 19
18 19 19 20 18 21 17 20
18 20 17 20 17 19 18 19
16 20 17 21 18 20 17 19
15 19 15 20 16 20 16 19
14 20 15 19 16 20 15 21
14 21 14 20 15 20 15 21
16 24 17 25 16 26 15 25
15 24 16 24 16 25 15 25
16 23 17 24 16 25 15 24
15 22 16 21 17 22 16 23
15 23 15 22 16 22 16 23
14 22 15 21 16 22 15 23
19 19 18 20 19 21 20 20
20 18 20 19 19 19 19 18
40 37 39 36 40 35 41 36
41 38 41 37 40 37 40 38
42 39 41 38 42 37 43 38
42 38 43 38 43 39 42 39
43 37 42 38 41 37 42 36
16 33 16 32 17 32 17 33
15 34 16 33 17 34 16 35
15 33 16 33 16 34 15 34
37 38 37 37 38 37 38 38
39 38 38 39 37 38 38 37
40 39 39 38 40 37 41 38
39 39 39 38 40 38 40 39
35 23 35 24 34 24 34 23
35 32 34 31 35 30 36 31
34 33 34 34 33 34 33 33
35 34 34 35 33 34 34 33
35 35 34 35 34 34 35 34
36 34 37 35 36 36 35 35
36 35 36 34 37 34 37 35
36 33 35 34 36 35 37 34
36 32 37 32 37 33 36 33
35 31 35 32 36 32 36 31
34 32 33 31 34 30 35 31
35 33 35 32 34 32 34 33
18 17 19 18 18 19 17 18
35 36 36 37 37 36 36 35
43 16 45 16 45 18 43 18
17 43 15 43 15 41 17 41
18 42 17 43 16 42 17 41
19 43 19 42 18 42 18 43
43 41 43 42 45 42 45 41
17 45 17 43 18 43 18 45
47 39 45 41 43 39 45 37
20 17 20 16 18 16 18 17
21 18 20 19 19 18 20 17
23 16 24 17 22 19 21 18
24 16 24 17 23 17 23 16
25 19 23 17 24 16 26 18
27 20 27 19 25 19 25 20
28 19 29 20 28 21 27 20
19 17 17 19 16 18 18 16
21 17 20 18 19 17 20 16
23 18 23 17 21 17 21 18
25 18 25 19 23 19 23 18
27 16 25 18 24 17 26 15
28 17 27 16 28 15 29 16
26 17 26 15 28 15 28 17
25 17 26 17 26 18 25 18
42 17 43 18 41 20 40 19
41 18 42 18 42 17 41 17
44 41 43 42 41 40 42 39
16 41 17 40 19 42 18 43
19 39 17 41 15 39 17 37
20 38 21 39 20 40 19 39
19 38 20 38 20 39 19 39
20 37 21 38 20 39 19 38
21 37 21 38 20 38 20 37
19 37 20 38 21 37 20 36
19 36 20 36 20 37 19 37
37 46 36 45 38 43 39 44
44 39 43 38 45 36 46 37
21 44 19 42 20 41 22 43
15 40 15 39 17 39 17 40
45 38 43 38 43 37 45 37
38 45 36 45 36 44 38 44
15 37 17 35 19 37 17 39
15 38 15 37 17 37 17 38
17 36 19 38 17 40 15 38
19 35 19 36 17 36 17 35
20 33 20 35 19 35 19 33
21 32 20 33 19 32 20 31
21 33 20 33 20 32 21 32
23 31 24 32 22 34 21 33
21 31 21 30 23 30 23 31
22 42 24 42 24 43 22 43
23 41 22 42 21 41 22 40
24 40 24 41 23 41 23 40
25 41 24 42 23 41 24 40
25 42 24 42 24 41 25 41
23 42 24 43 25 42 24 41
38 21 37 20 39 18 40 19
37 21 37 20 38 20 38 21
33 21 35 23 37 21 35 19
35 22 35 21 33 21 33 22
34 21 36 19 37 20 35 22
32 21 33 22 34 21 33 20
32 22 31 22 31 21 32 21
32 24 32 22 33 22 33 24
31 25 32 24 33 25 32 26
31 24 32 24 32 25 31 25
32 23 33 24 32 25 31 24
43 34 41 36 42 37 44 35
44 33 43 34 42 33 43 32
44 34 43 34 43 33 44 33
14 27 16 25 17 26 15 28
37 41 36 40 38 38 39 39
32 18 33 19 35 17 34 16
31 18 32 18 32 19 31 19
30 21 29 20 31 18 32 19
30 23 29 22 30 21 31 22
30 25 29 24 30 23 31 24
30 26 29 26 29 25 30 25
30 24 29 25 30 26 31 25
31 23 31 24 30 24 30 23
30 22 31 21 32 22 31 23
29 21 29 22 30 22 30 21
28 20 28 21 29 21 29 20
29 19 30 20 29 21 28 20
30 19 30 20 29 20 29 19
42 35 42 34 43 34 43 35
25 39 25 40 24 40 24 39
20 34 19 35 18 34 19 33
26 20 25 21 24 20 25 19
27 21 26 20 27 19 28 20
28 22 28 21 27 21 27 22
29 23 28 22 29 21 30 22
22 36 22 37 21 37 21 36
23 35 22 36 21 35 22 34
23 36 22 36 22 35 23 35
40 29 38 27 40 25 42 27
41 29 41 30 40 30 40 29
42 30 41 31 40 30 41 29
21 27 21 26 19 26 19 27
22 28 21 27 22 26 23 27
24 30 23 31 21 29 22 28
23 29 23 30 24 30 24 29
26 19 27 20 26 21 25 20
38 23 39 24 37 26 36 25
37 22 38 21 39 22 38 23
37 23 35 23 35 22 37 22
38 25 38 23 37 23 37 25
39 27 39 25 38 25 38 27
38 26 39 27 38 28 37 27
38 24 37 25 38 26 39 25
38 22 37 23 38 24 39 23
39 21 38 22 37 21 38 20
41 21 40 22 39 21 40 20
42 20 43 21 42 22 41 21
43 19 42 20 41 19 42 18
42 19 42 18 43 18 43 19
31 44 29 42 31 40 33 42
33 44 31 44 31 42 33 42
35 42 33 44 31 42 33 40
35 41 37 41 37 42 35 42
34 42 35 41 37 43 36 44
29 17 29 19 28 19 28 17
30 16 32 18 31 19 29 17
30 17 29 17 29 16 30 16
31 14 29 16 30 17 32 15
16 28 18 28 18 30 16 30
15 29 16 28 17 29 16 30
15 31 15 29 17 29 17 31
14 32 15 31 16 32 15 33
14 30 16 30 16 32 14 32
20 26 21 27 20 28 19 27
28 16 26 18 27 19 29 17
25 35 23 37 24 38 26 36
25 37 25 35 27 35 27 37
40 26 42 28 41 29 39 27
41 25 40 26 39 25 40 24
41 26 40 26 40 25 41 25
29 40 31 40 31 42 29 42
29 44 27 42 29 40 31 42
28 44 29 44 29 45 28 45
28 46 27 45 28 44 29 45
27 46 27 45 28 45 28 46
34 40 34 42 33 42 33 40
35 39 36 40 35 41 34 40
34 38 36 36 37 37 35 39
32 36 34 38 33 39 31 37
21 28 21 27 22 27 22 28
20 27 21 26 22 27 21 28
33 41 32 40 33 39 34 40
40 27 40 29 39 29 39 27
36 38 36 40 34 40 34 38
25 28 24 29 22 27 23 26
24 28 24 26 25 26 25 28
25 27 24 28 23 27 24 26
26 28 25 27 26 26 27 27
26 29 26 28 27 28 27 29
31 20 31 21 30 21 30 20
25 31 24 30 26 28 27 29
26 34 24 32 25 31 27 33
28 34 28 36 26 36 26 34
29 33 28 34 27 33 28 32
29 32 31 32 31 33 29 33
28 31 29 32 28 33 27 32
28 30 30 30 30 31 28 31
29 29 28 30 27 29 28 28
30 28 31 29 30 30 29 29
30 27 31 27 31 28 30 28
29 30 27 28 28 27 30 29
29 28 30 28 30 29 29 29
15 27 16 26 17 27 16 28
14 25 14 27 15 27 15 25
16 27 16 28 15 28 15 27
46 19 43 22 42 21 45 18
46 21 43 21 43 19 46 19
48 19 46 21 43 18 45 16
40 42 40 39 42 39 42 42
39 41 42 38 43 39 40 42
38 41 38 39 39 39 39 41
39 42 38 41 40 39 41 40
40 43 40 42 39 42 39 43
45 25 41 25 41 24 45 24
44 26 41 23 42 22 45 25
43 27 44 27 44 26 43 26
44 28 43 29 42 28 43 27
35 45 34 45 34 42 35 42
46 31 45 32 42 29 43 28
30 46 29 45 33 41 34 42
29 37 25 41 28 44 32 40
27 40 29 40 29 37 27 37
27 44 25 42 27 40 29 42
26 45 27 44 28 45 27 46
26 44 27 44 27 45 26 45
26 46 25 45 26 44 27 45
25 46 25 45 26 45 26 46
23 44 24 43 26 45 25 46
27 41 25 41 25 40 27 40
29 39 27 41 25 39 27 37
28 42 28 44 27 44 27 42
25 43 26 44 28 42 27 41
24 45 25 45 25 43 24 43
45 29 45 32 43 32 43 29
33 36 33 39 35 39 35 36
30 37 31 38 33 36 32 35
26 33 30 37 27 40 23 36
22 33 26 33 26 34 22 34
24 31 22 33 21 32 23 30
25 30 27 32 26 33 24 31
46 30 46 31 42 31 42 30
47 31 44 34 43 33 46 30
34 37 33 36 34 35 35 36
35 38 33 40 32 39 34 37
36 39 35 38 36 37 37 38
35 40 36 39 38 41 37 42
30 38 30 37 31 37 31 38
23 32 23 31 24 31 24 32
30 34 30 37 29 37 29 34
30 32 29 33 30 34 31 33
29 31 30 30 31 31 30 32
27 31 28 32 29 31 28 30
25 32 27 32 27 31 25 31
24 35 25 35 25 32 24 32
31 35 29 37 28 36 30 34
31 36 31 35 32 35 32 36
30 43 30 46 37 46 37 43
47 36 46 36 46 31 47 31
48 35 47 36 44 33 45 32
48 32 48 35 45 35 45 32
