best-score: 548348
count: 12
elapsed-time: 4.563
60
36 14 37 15 36 16 35 15
36 15 36 16 37 16 37 15
35 14 35 15 36 15 36 14
26 28 26 27 27 27 27 28
27 29 26 28 27 27 28 28
28 29 27 29 27 28 28 28
42 26 40 24 42 22 44 24
28 25 29 26 27 28 26 27
44 40 44 43 45 43 45 40
17 38 18 38 18 41 17 41
44 38 41 41 39 39 42 36
44 20 44 24 40 24 40 20
42 18 44 20 42 22 40 20
41 42 38 42 38 41 41 41
40 19 40 20 37 20 37 19
33 22 37 26 36 27 32 23
21 45 17 41 23 35 27 39
26 35 19 42 18 41 25 34
25 35 26 35 26 43 25 43
23 34 23 35 25 35 25 34
22 33 27 28 28 29 23 34
16 37 17 38 22 33 21 32
16 38 16 37 17 37 17 38
17 39 16 38 17 37 18 38
23 37 17 37 17 35 23 35
20 34 22 32 25 35 23 37
23 29 23 34 20 34 20 29
31 37 25 43 17 35 23 29
37 23 42 23 42 26 37 26
33 19 36 16 40 20 37 23
45 27 40 32 32 24 37 19
32 20 37 20 37 23 32 23
31 17 30 18 32 20 33 19
35 17 31 17 31 15 35 15
40 30 32 30 32 24 40 24
43 32 43 30 40 30 40 32
24 24 24 23 32 23 32 24
22 26 22 32 21 32 21 26
33 37 40 30 45 35 38 42
17 29 17 18 20 18 20 29
37 21 23 35 17 29 31 15
50 33 41 42 28 29 37 20
50 44 36 44 36 33 50 33
21 30 20 29 35 14 36 15
26 34 36 44 35 45 25 35
25 28 25 34 26 34 26 28
16 19 17 18 26 27 25 28
18 19 18 31 16 31 16 19
27 16 36 16 36 27 27 27
25 26 25 15 29 15 29 26
36 32 36 33 22 33 22 32
50 34 44 40 36 32 42 26
31 22 33 22 33 37 31 37
41 46 21 26 24 23 44 43
24 38 24 40 44 40 44 38
37 51 24 38 32 30 45 43
29 51 29 26 37 26 37 51
24 31 24 38 18 38 18 31
45 34 45 35 26 35 26 34
36 39 38 41 45 34 43 32
