best-score: 749761
count: 5
elapsed-time: 4.65
161
10 26 10 27 9 27 9 26
28 12 29 12 29 13 28 13
29 14 28 15 27 14 28 13
28 14 29 14 29 15 28 15
27 13 27 14 28 14 28 13
26 14 27 13 28 14 27 15
29 24 29 25 28 25 28 24
30 14 29 15 28 14 29 13
27 11 28 12 27 13 26 12
27 12 26 12 26 11 27 11
28 11 29 12 28 13 27 12
27 10 28 9 29 10 28 11
28 10 28 11 27 11 27 10
29 9 29 10 28 10 28 9
22 10 21 11 20 10 21 9
21 10 21 9 22 9 22 10
20 11 21 11 21 10 20 10
27 18 28 18 28 17 27 17
24 24 24 23 25 23 25 24
26 24 25 25 24 24 25 23
26 25 25 25 25 24 26 24
22 26 21 27 20 26 21 25
21 26 21 25 22 25 22 26
15 25 14 24 15 23 16 24
16 23 15 23 15 22 16 22
22 15 23 16 22 17 21 16
21 14 21 15 22 15 22 14
23 14 22 15 21 14 22 13
22 16 22 17 23 17 23 16
21 17 22 16 23 17 22 18
21 18 21 17 22 17 22 18
20 18 21 18 21 19 20 19
19 19 20 18 21 19 20 20
19 20 19 19 20 19 20 20
19 22 18 21 19 20 20 21
14 19 15 19 15 20 14 20
14 21 13 20 14 19 15 20
13 21 13 20 14 20 14 21
23 15 22 16 21 15 22 14
18 17 17 18 16 17 17 16
23 19 22 20 21 19 22 18
22 19 21 20 20 19 21 18
23 20 23 19 22 19 22 20
21 21 20 21 20 20 21 20
30 13 30 14 29 14 29 13
23 13 23 14 22 14 22 13
24 27 26 29 28 27 26 25
8 24 9 23 11 25 10 26
25 14 24 13 26 11 27 12
24 17 23 16 25 14 26 15
25 18 23 20 22 19 24 17
26 27 28 27 28 25 26 25
25 27 26 27 26 29 25 29
26 26 28 28 27 29 25 27
12 15 11 16 9 14 10 13
12 14 14 14 14 15 12 15
14 12 12 14 11 13 13 11
16 13 16 12 14 12 14 13
30 16 28 18 27 17 29 15
25 12 26 12 26 14 25 14
24 25 24 27 25 27 25 25
23 24 24 23 25 24 24 25
23 25 23 24 24 24 24 25
24 28 22 26 23 25 25 27
23 27 23 28 24 28 24 27
14 16 12 18 10 16 12 14
16 26 14 26 14 24 16 24
15 27 14 26 15 25 16 26
28 22 28 24 26 24 26 22
26 17 27 17 27 15 26 15
26 19 25 18 26 17 27 18
24 19 24 17 26 17 26 19
19 8 21 10 20 11 18 9
30 19 29 20 27 18 28 17
30 20 29 20 29 19 30 19
27 21 28 22 30 20 29 19
25 21 26 22 27 21 26 20
27 23 27 21 25 21 25 23
27 25 26 24 27 23 28 24
9 20 11 18 13 20 11 22
25 15 23 15 23 14 25 14
25 19 23 17 25 15 27 17
12 16 12 18 11 18 11 16
20 12 22 14 23 13 21 11
24 12 23 13 25 15 26 14
23 12 24 12 24 13 23 13
24 11 23 12 21 10 22 9
25 11 25 12 24 12 24 11
12 17 14 15 16 17 14 19
10 17 11 18 12 17 11 16
11 19 12 18 14 20 13 21
10 20 9 19 10 18 11 19
17 20 15 22 16 23 18 21
18 19 17 20 16 19 17 18
19 18 20 19 19 20 18 19
18 18 19 18 19 19 18 19
17 17 17 18 18 18 18 17
16 20 15 19 17 17 18 18
17 19 17 20 16 20 16 19
22 23 20 21 21 20 23 22
21 24 22 23 23 24 22 25
20 25 21 25 21 24 20 24
18 23 19 22 21 24 20 25
18 24 16 24 16 23 18 23
18 28 16 26 18 24 20 26
20 23 18 23 18 21 20 21
20 15 21 16 19 18 18 17
20 16 20 15 21 15 21 16
19 17 20 16 21 17 20 18
20 17 20 18 19 18 19 17
16 16 17 16 17 17 16 17
18 14 16 16 14 14 16 12
19 13 21 15 20 16 18 14
15 17 16 17 16 19 15 19
17 22 17 20 19 20 19 22
10 19 10 20 9 20 9 19
16 15 16 16 14 16 14 15
18 15 16 15 16 14 18 14
17 14 18 15 17 16 16 15
21 22 21 24 23 24 23 22
19 26 20 27 21 26 20 25
19 27 19 26 20 26 20 27
14 17 12 15 14 13 16 15
19 15 19 17 18 17 18 15
20 13 20 15 19 15 19 13
22 12 22 13 20 13 20 12
23 10 23 12 22 12 22 10
19 14 20 15 21 14 20 13
11 26 14 26 14 28 11 28
10 25 11 26 10 27 9 26
10 22 11 22 11 25 10 25
27 9 27 10 23 10 23 9
25 7 27 9 25 11 23 9
26 7 26 11 25 11 25 7
29 22 26 25 25 24 28 21
18 8 20 10 16 14 14 12
14 8 18 8 18 9 14 9
29 21 29 22 28 22 28 21
16 11 20 11 20 12 16 12
17 8 15 10 16 11 18 9
20 22 21 21 24 24 23 25
18 20 20 22 18 24 16 22
27 20 24 23 23 22 26 19
28 20 28 21 27 21 27 20
27 19 27 20 26 20 26 19
24 20 25 21 21 25 20 24
24 22 23 22 23 20 24 20
28 8 29 9 28 10 27 9
27 8 28 8 28 9 27 9
12 9 12 14 9 14 9 9
10 11 12 9 16 13 14 15
11 11 11 13 10 13 10 11
12 6 9 9 11 11 14 8
14 31 11 28 16 23 19 26
18 31 14 31 14 28 18 28
20 33 18 31 24 25 26 27
21 33 20 33 20 27 21 27
20 34 14 28 15 27 21 33
15 7 20 12 19 13 14 8
20 7 20 10 15 10 15 7
9 13 11 11 14 14 12 16
