best-score: 709261
count: 2
elapsed-time: 4.837
274
14 39 13 38 14 37 15 38
14 38 15 38 15 39 14 39
13 37 13 38 14 38 14 37
34 14 35 14 35 13 34 13
15 20 14 21 13 20 14 19
14 20 14 19 15 19 15 20
13 21 14 21 14 20 13 20
21 13 22 13 22 14 21 14
20 14 21 13 22 14 21 15
20 15 20 14 21 14 21 15
20 13 19 14 20 15 21 14
22 15 21 14 22 13 23 14
23 15 22 15 22 14 23 14
30 15 29 14 30 13 31 14
30 14 31 14 31 15 30 15
29 15 30 14 31 15 30 16
29 16 29 15 30 15 30 16
16 21 17 20 18 21 17 22
16 20 17 20 17 21 16 21
15 21 14 20 15 19 16 20
29 13 30 13 30 14 29 14
36 32 37 33 36 34 35 33
18 22 18 21 17 21 17 22
18 20 17 21 18 22 19 21
19 20 19 21 18 21 18 20
16 32 15 31 16 30 17 31
16 31 16 30 15 30 15 31
17 32 17 31 16 31 16 32
26 16 26 17 25 17 25 16
25 15 26 16 25 17 24 16
24 15 25 15 25 16 24 16
23 16 24 15 25 16 24 17
23 17 23 16 24 16 24 17
22 16 23 15 24 16 23 17
20 16 21 17 22 16 21 15
30 18 29 19 28 18 29 17
31 17 32 18 31 19 30 18
30 19 31 19 31 20 30 20
29 18 29 19 30 19 30 18
28 17 28 18 29 18 29 17
30 17 29 18 28 17 29 16
31 18 31 17 30 17 30 18
32 19 31 20 30 19 31 18
35 24 36 24 36 25 35 25
35 26 34 25 35 24 36 25
35 27 34 27 34 26 35 26
37 25 37 26 36 26 36 25
21 30 21 31 20 31 20 30
37 28 36 27 37 26 38 27
28 20 29 19 30 20 29 21
28 34 29 33 30 34 29 35
26 34 27 35 28 34 27 33
29 20 30 20 30 21 29 21
28 19 29 18 30 19 29 20
35 28 34 27 35 26 36 27
36 28 35 28 35 27 36 27
35 29 34 28 35 27 36 28
34 29 34 28 35 28 35 29
33 29 32 28 33 27 34 28
33 28 34 28 34 27 33 27
33 30 32 29 33 28 34 29
34 30 33 30 33 29 34 29
35 31 34 30 35 29 36 30
31 29 31 28 32 28 32 29
23 26 23 25 24 25 24 26
22 25 23 24 24 25 23 26
22 24 23 24 23 25 22 25
23 23 24 24 23 25 22 24
24 23 24 24 23 24 23 23
25 24 24 23 25 22 26 23
25 26 25 27 24 27 24 26
26 25 25 26 24 25 25 24
26 26 25 26 25 25 26 25
26 28 25 27 26 26 27 27
21 16 21 15 22 15 22 16
20 17 21 17 21 16 20 16
19 16 20 15 21 16 20 17
19 15 20 15 20 16 19 16
18 14 19 13 20 14 19 15
18 13 19 13 19 14 18 14
22 17 21 16 22 15 23 16
22 18 21 18 21 17 22 17
36 29 36 28 37 28 37 29
35 30 34 29 35 28 36 29
36 31 36 30 35 30 35 31
15 40 17 40 17 41 15 41
13 40 14 41 15 40 14 39
38 12 40 14 39 15 37 13
37 12 38 12 38 13 37 13
36 11 37 12 35 14 34 13
37 15 39 15 39 17 37 17
36 16 34 14 35 13 37 15
40 18 38 20 37 19 39 17
38 18 40 18 40 20 38 20
21 43 19 41 21 39 23 41
17 17 19 15 20 16 18 18
15 15 17 17 16 18 14 16
36 17 37 17 37 19 36 19
21 41 21 40 23 40 23 41
19 43 21 43 21 41 19 41
19 39 17 41 19 43 21 41
19 40 19 39 21 39 21 40
34 34 32 36 34 38 36 36
34 32 36 32 36 34 34 34
33 33 34 32 35 33 34 34
33 31 35 31 35 33 33 33
31 33 29 31 31 29 33 31
31 35 29 35 29 33 31 33
31 36 31 35 32 35 32 36
33 38 31 36 32 35 34 37
33 37 34 37 34 38 33 38
17 18 18 18 18 20 17 20
16 17 16 18 17 18 17 17
18 15 19 16 17 18 16 17
17 14 18 13 19 14 18 15
17 15 17 14 18 14 18 15
16 14 17 13 18 14 17 15
16 13 17 13 17 14 16 14
12 30 13 29 15 31 14 32
32 15 33 16 31 18 30 17
33 12 31 14 32 15 34 13
18 19 20 17 21 18 19 20
16 19 17 20 18 19 17 18
15 18 15 19 16 19 16 18
36 20 34 20 34 19 36 19
32 17 32 15 31 15 31 17
24 19 23 20 21 18 22 17
27 18 25 20 24 19 26 17
26 18 26 17 27 17 27 18
27 19 26 18 27 17 28 18
27 20 27 19 28 19 28 20
27 22 25 22 25 20 27 20
27 24 26 23 27 22 28 23
21 22 20 23 18 21 19 20
22 21 24 23 23 24 21 22
19 30 17 32 18 33 20 31
16 22 17 22 17 24 16 24
14 24 13 23 15 21 16 22
12 26 14 24 16 26 14 28
30 38 29 37 31 35 32 36
30 36 31 36 31 38 30 38
28 36 28 34 30 34 30 36
26 38 28 36 29 37 27 39
24 40 26 40 26 38 24 38
28 14 29 15 27 17 26 16
28 15 28 14 29 14 29 15
27 14 28 15 26 17 25 16
38 28 38 27 40 27 40 28
37 27 38 28 37 29 36 28
38 26 38 27 37 27 37 26
34 18 34 19 32 19 32 18
35 17 37 19 36 20 34 18
35 16 36 16 36 17 35 17
33 18 35 16 36 17 34 19
14 26 16 26 16 24 14 24
12 28 14 28 14 26 12 26
27 15 28 15 28 17 27 17
25 14 25 15 27 15 27 14
24 13 25 14 24 15 23 14
25 19 25 17 24 17 24 19
24 18 25 17 26 18 25 19
23 19 22 18 23 17 24 18
24 20 24 19 23 19 23 20
27 37 27 35 29 35 29 37
32 22 30 20 31 19 33 21
32 34 31 35 30 34 31 33
34 35 34 34 32 34 32 35
22 22 22 24 21 24 21 22
25 21 23 23 22 22 24 20
26 22 25 21 27 19 28 20
27 23 25 25 24 24 26 22
28 22 28 23 27 23 27 22
28 24 27 23 28 22 29 23
29 24 28 24 28 23 29 23
29 22 28 23 29 24 30 23
28 21 28 22 29 22 29 21
26 21 27 22 28 21 27 20
24 21 25 22 26 21 25 20
24 22 22 22 22 21 24 21
25 23 25 22 24 22 24 23
26 24 26 23 25 23 25 24
27 25 27 24 26 24 26 25
29 25 29 27 27 27 27 25
28 26 27 25 28 24 29 25
28 28 26 28 26 26 28 26
28 33 28 31 29 31 29 33
27 34 28 34 28 33 27 33
26 35 27 35 27 34 26 34
30 22 30 23 29 23 29 22
32 21 32 22 30 22 30 21
31 22 30 21 31 20 32 21
32 25 30 23 31 22 33 24
31 26 32 25 34 27 33 28
32 26 32 25 34 25 34 26
33 25 34 26 33 27 32 26
28 30 26 32 27 33 29 31
30 26 29 27 31 29 32 28
30 28 30 26 31 26 31 28
30 30 28 30 28 28 30 28
15 22 15 21 16 21 16 22
16 34 17 35 14 38 13 37
14 34 14 32 16 32 16 34
13 14 16 14 16 17 13 17
12 15 13 14 16 17 15 18
12 18 12 15 15 15 15 18
11 19 12 18 14 20 13 21
11 16 14 16 14 19 11 19
35 36 38 39 37 40 34 37
37 32 34 35 35 36 38 33
41 28 37 32 36 31 40 27
40 32 41 32 41 28 40 28
44 36 40 40 36 36 40 32
44 35 44 36 41 36 41 35
38 17 36 19 33 16 35 14
23 43 21 41 24 38 26 40
41 21 37 25 36 24 40 20
11 23 13 21 16 24 14 26
11 21 13 21 13 23 11 23
40 33 36 29 37 28 41 32
38 32 38 33 40 33 40 32
39 31 38 32 36 30 37 29
38 24 36 24 36 20 38 20
25 35 21 39 17 35 21 31
26 36 26 35 25 35 25 36
28 38 28 36 26 36 26 38
40 36 37 33 38 32 41 35
41 40 41 36 40 36 40 40
40 34 40 36 36 36 36 34
38 29 38 32 37 32 37 29
21 25 19 27 16 24 18 22
17 25 17 24 21 24 21 25
16 27 19 27 19 30 16 30
20 29 19 30 16 27 17 26
30 37 27 34 28 33 31 36
30 39 29 38 30 37 31 38
29 39 29 38 30 38 30 39
28 39 25 36 26 35 29 38
31 34 35 30 36 31 32 35
35 21 35 24 33 24 33 21
34 22 33 21 34 20 35 21
33 23 34 22 36 24 35 25
20 26 20 29 17 29 17 26
20 20 23 20 23 23 20 23
19 19 21 17 22 18 20 20
17 19 18 20 19 19 18 18
30 31 30 30 33 30 33 31
29 30 31 28 32 29 30 31
21 23 19 21 20 20 22 22
19 29 23 25 24 26 20 30
25 34 21 30 24 27 28 31
25 32 26 32 26 34 25 34
22 34 25 34 25 35 22 35
20 36 22 34 26 38 24 40
18 38 14 34 16 32 20 36
32 24 32 25 29 25 29 24
31 23 32 24 30 26 29 25
20 19 20 20 19 20 19 19
37 39 37 33 38 33 38 39
30 40 37 40 37 39 30 39
31 39 30 40 29 39 30 38
20 33 22 35 17 40 15 38
18 36 20 36 20 33 18 33
15 36 18 36 18 38 15 38
22 37 19 40 15 36 18 33
22 39 22 37 27 37 27 39
22 41 21 40 22 39 23 40
34 36 37 39 39 37 36 34
35 37 35 36 34 36 34 37
17 37 17 35 22 35 22 37
24 32 22 34 17 29 19 27
22 30 21 30 21 25 22 25
22 31 22 30 28 30 28 31
21 34 22 34 22 31 21 31
23 30 29 24 31 26 25 32
