best-score: 788756
count: 5
elapsed-time: 4.74
165
32 11 32 12 31 12 31 11
31 31 30 32 29 31 30 30
27 10 28 10 28 11 27 11
15 31 15 32 14 32 14 31
33 16 32 17 31 16 32 15
26 25 25 26 24 25 25 24
17 17 18 18 17 19 16 18
23 17 22 18 21 17 22 16
23 22 24 23 23 24 22 23
24 21 24 22 23 22 23 21
22 21 23 22 24 21 23 20
22 20 23 20 23 21 22 21
21 19 22 20 21 21 20 20
21 20 20 20 20 19 21 19
20 21 21 20 22 21 21 22
20 22 20 21 21 21 21 22
10 32 10 31 12 31 12 32
14 30 12 32 10 30 12 28
12 30 14 30 14 31 12 31
12 34 10 32 12 30 14 32
14 34 12 34 12 32 14 32
32 32 30 32 30 30 32 30
33 31 32 32 31 31 32 30
29 13 30 14 32 12 31 11
31 13 29 13 29 12 31 12
12 29 12 30 10 30 10 29
12 33 10 31 12 29 14 31
34 16 32 18 30 16 32 14
31 29 31 31 29 31 29 29
30 28 31 29 30 30 29 29
12 14 12 15 10 15 10 14
30 15 30 14 32 14 32 15
27 14 26 13 28 11 29 12
16 28 14 30 15 31 17 29
16 29 16 28 17 28 17 29
17 30 15 32 14 31 16 29
18 29 18 30 17 30 17 29
19 32 17 30 18 29 20 31
19 31 20 31 20 32 19 32
27 12 25 12 25 11 27 11
14 13 15 14 13 16 12 15
13 11 13 13 14 13 14 11
27 31 27 32 25 32 25 31
12 24 14 22 16 24 14 26
18 27 19 28 18 29 17 28
15 22 16 22 16 24 15 24
14 20 14 22 15 22 15 20
11 19 13 21 14 20 12 18
23 26 23 24 25 24 25 26
22 25 23 24 24 25 23 26
26 17 28 19 27 20 25 18
27 15 27 17 26 17 26 15
28 14 30 16 29 17 27 15
26 12 27 11 29 13 28 14
17 23 16 24 18 26 19 25
26 23 26 25 24 25 24 23
25 22 26 23 25 24 24 23
23 19 21 19 21 17 23 17
24 20 23 21 22 20 23 19
21 24 21 22 23 22 23 24
20 23 21 22 22 23 21 24
20 25 20 23 22 23 22 25
21 26 20 25 21 24 22 25
19 26 21 26 21 28 19 28
18 25 18 26 19 26 19 25
17 26 18 25 19 26 18 27
17 27 17 26 18 26 18 27
24 19 24 20 23 20 23 19
33 29 32 30 31 29 32 28
33 30 32 30 32 29 33 29
31 28 31 29 32 29 32 28
30 27 30 28 31 28 31 27
28 12 28 14 27 14 27 12
29 11 29 12 28 12 28 11
29 9 28 10 29 11 30 10
31 9 31 11 29 11 29 9
32 10 31 11 30 10 31 9
15 35 14 34 18 30 19 31
19 35 15 35 15 32 19 32
18 36 14 32 15 31 19 35
29 32 28 31 31 28 32 29
28 32 28 31 29 31 29 32
28 30 27 31 28 32 29 31
28 28 30 28 30 30 28 30
27 29 28 28 29 29 28 30
24 30 25 31 27 29 26 28
27 30 24 30 24 29 27 29
26 31 27 30 28 31 27 32
23 30 25 32 26 31 24 29
20 29 22 31 23 30 21 28
22 29 22 31 20 31 20 29
33 13 33 16 31 16 31 13
16 14 13 17 10 14 13 11
15 10 15 14 16 14 16 10
19 14 18 15 14 11 15 10
20 14 17 17 13 13 16 10
23 15 22 16 20 14 21 13
23 13 26 13 26 15 23 15
24 14 23 13 25 11 26 12
26 18 23 15 24 14 27 17
25 17 25 18 26 18 26 17
15 28 12 28 12 24 15 24
16 27 17 28 16 29 15 28
14 25 15 24 17 26 16 27
11 25 14 25 14 26 11 26
10 26 11 25 13 27 12 28
16 15 16 18 12 18 12 15
18 14 18 15 16 15 16 14
30 19 31 19 31 16 30 16
34 23 30 27 26 23 30 19
29 18 32 18 32 17 29 17
28 17 30 15 31 16 29 18
29 14 29 17 28 17 28 14
32 13 30 15 29 14 31 12
26 27 26 25 30 25 30 27
23 28 24 29 26 27 25 26
21 30 23 30 23 28 21 28
17 16 17 17 13 17 13 16
19 18 17 16 18 15 20 17
16 23 15 22 19 18 20 19
13 26 15 28 12 31 10 29
24 28 20 32 19 31 23 27
24 27 26 27 26 28 24 28
27 19 28 19 28 17 27 17
29 21 27 19 29 17 31 19
26 21 26 18 29 18 29 21
31 24 30 25 26 21 27 20
20 27 20 29 18 29 18 27
22 27 21 28 20 27 21 26
22 26 23 26 23 27 22 27
21 25 22 26 18 30 17 29
20 24 23 21 24 22 21 25
19 15 19 18 18 18 18 15
20 15 19 15 19 14 20 14
21 14 25 18 24 19 20 15
20 13 20 14 21 14 21 13
25 21 24 20 26 18 27 19
26 22 26 21 25 21 25 22
27 23 23 27 22 26 26 22
33 25 31 27 27 23 29 21
18 22 18 18 16 18 16 22
17 21 18 22 17 23 16 22
17 20 20 20 20 21 17 21
15 19 15 20 17 20 17 19
27 22 27 23 26 23 26 22
21 15 21 17 20 17 20 15
25 20 24 21 25 22 26 21
25 19 27 19 27 20 25 20
24 18 24 19 25 19 25 18
18 23 18 22 20 22 20 23
17 25 18 25 18 23 17 23
24 16 24 18 22 18 22 16
17 18 20 21 18 23 15 20
21 36 18 36 18 30 21 30
33 23 34 23 34 16 33 16
36 20 33 23 27 17 30 14
30 23 30 25 33 25 33 23
28 23 28 19 30 19 30 23
27 28 28 28 28 23 27 23
22 10 22 16 17 16 17 10
21 18 20 17 25 12 26 13
22 19 21 20 20 19 21 18
27 27 26 28 20 22 21 21
36 22 27 22 27 20 36 20
35 23 31 19 32 18 36 22
