best-score: 744706
count: 3
elapsed-time: 4.889
277
31 15 32 15 32 14 31 14
30 14 31 13 32 14 31 15
29 13 29 14 30 14 30 13
29 15 28 14 29 13 30 14
29 16 28 16 28 15 29 15
30 15 29 16 28 15 29 14
31 16 30 15 31 14 32 15
30 16 30 15 31 15 31 16
29 17 28 16 29 15 30 16
28 17 29 17 29 18 28 18
27 18 28 17 29 18 28 19
26 18 27 18 27 19 26 19
27 17 28 18 27 19 26 18
26 16 27 15 28 16 27 17
25 17 24 16 25 15 26 16
24 18 25 17 26 18 25 19
25 18 25 19 24 19 24 18
26 17 27 18 26 19 25 18
27 16 27 17 26 17 26 16
26 15 27 16 26 17 25 16
33 27 32 28 31 27 32 26
12 28 12 29 11 29 11 28
13 27 14 28 13 29 12 28
13 25 12 26 13 27 14 26
12 25 12 24 13 24 13 25
11 24 12 23 13 24 12 25
32 16 31 17 30 16 31 15
32 17 31 17 31 16 32 16
32 27 31 27 31 26 32 26
33 26 32 27 31 26 32 25
14 14 13 15 12 14 13 13
33 25 33 26 32 26 32 25
15 29 16 29 16 30 15 30
30 27 29 26 30 25 31 26
31 28 31 27 30 27 30 28
27 14 28 14 28 15 27 15
26 13 27 14 26 15 25 14
25 13 25 12 26 12 26 13
24 12 25 11 26 12 25 13
30 17 29 17 29 16 30 16
31 18 30 17 31 16 32 17
30 18 30 17 31 17 31 18
29 19 28 18 29 17 30 18
30 19 29 19 29 18 30 18
28 26 28 25 29 25 29 26
27 26 28 25 29 26 28 27
27 27 27 26 28 26 28 27
29 27 28 28 27 27 28 26
30 26 30 27 29 27 29 26
31 25 30 26 29 25 30 24
32 24 33 25 32 26 31 25
31 24 32 24 32 25 31 25
29 24 29 25 30 25 30 24
30 23 31 24 30 25 29 24
31 23 31 24 30 24 30 23
27 28 26 29 25 28 26 27
26 28 26 27 27 27 27 28
25 29 26 29 26 28 25 28
31 19 32 19 32 20 31 20
32 18 31 19 30 18 31 17
14 24 13 25 12 24 13 23
15 24 15 25 14 25 14 24
16 23 17 24 16 25 15 24
15 23 15 22 16 22 16 23
16 24 15 25 14 24 15 23
17 23 17 24 16 24 16 23
17 21 16 22 17 23 18 22
17 22 17 21 18 21 18 22
16 21 17 22 16 23 15 22
17 20 17 21 16 21 16 20
18 19 19 20 18 21 17 20
13 26 13 25 14 25 14 26
12 27 13 27 13 26 12 26
11 26 12 25 13 26 12 27
11 25 12 25 12 26 11 26
10 24 11 23 12 24 11 25
10 25 10 24 11 24 11 25
11 22 12 22 12 23 11 23
26 14 26 15 25 15 25 14
27 13 27 14 26 14 26 13
14 23 13 24 14 25 15 24
22 12 21 12 21 11 22 11
30 20 29 21 28 20 29 19
31 21 31 20 30 20 30 21
17 27 18 26 19 27 18 28
18 13 19 13 19 14 18 14
18 15 17 14 18 13 19 14
17 15 17 14 18 14 18 15
24 14 25 13 26 14 25 15
24 13 25 13 25 14 24 14
23 12 24 11 25 12 24 13
22 13 21 12 22 11 23 12
23 13 22 13 22 12 23 12
23 11 22 12 23 13 24 12
24 15 24 16 25 16 25 15
23 14 24 13 25 14 24 15
23 15 23 14 24 14 24 15
22 14 23 13 24 14 23 15
21 14 20 15 19 14 20 13
21 13 22 13 22 14 21 14
20 12 20 13 21 13 21 12
20 14 19 13 20 12 21 13
21 15 21 14 20 14 20 15
19 15 20 16 21 15 20 14
18 16 17 15 18 14 19 15
19 16 18 16 18 15 19 15
18 17 17 16 18 15 19 16
17 17 17 16 18 16 18 17
16 18 17 18 17 17 16 17
16 16 15 17 16 18 17 17
16 15 17 15 17 16 16 16
15 16 16 15 17 16 16 17
28 21 29 21 29 20 28 20
29 22 28 21 29 20 30 21
30 22 29 22 29 21 30 21
32 22 31 23 30 22 31 21
27 20 28 20 28 19 27 19
26 21 27 20 28 21 27 22
22 15 21 14 22 13 23 14
23 16 23 15 22 15 22 16
24 17 23 16 24 15 25 16
23 17 23 16 24 16 24 17
22 18 23 17 24 18 23 19
21 19 20 18 21 17 22 18
21 18 22 18 22 19 21 19
20 17 20 18 21 18 21 17
21 16 20 17 19 16 20 15
22 17 21 16 22 15 23 16
23 18 23 17 22 17 22 18
18 27 18 26 19 26 19 27
19 28 18 27 19 26 20 27
20 28 19 28 19 27 20 27
21 27 20 28 19 27 20 26
18 24 17 25 16 24 17 23
18 25 17 25 17 24 18 24
19 17 19 16 20 16 20 17
18 18 17 17 18 16 19 17
19 18 18 18 18 17 19 17
20 19 19 18 20 17 21 18
19 19 19 18 20 18 20 19
18 20 19 20 19 19 18 19
17 19 18 18 19 19 18 20
15 19 16 20 17 19 16 18
21 26 21 27 20 27 20 26
24 20 23 20 23 19 24 19
23 21 24 20 25 21 24 22
22 20 22 21 23 21 23 20
21 20 22 19 23 20 22 21
20 20 20 19 21 19 21 20
21 21 20 20 21 19 22 20
20 22 21 22 21 21 20 21
22 22 21 23 20 22 21 21
22 23 21 23 21 22 22 22
21 24 20 23 21 22 22 23
20 24 20 23 21 23 21 24
21 25 20 24 21 23 22 24
22 25 22 26 21 26 21 25
20 25 21 26 22 25 21 24
19 24 20 25 19 26 18 25
19 25 19 24 20 24 20 25
19 23 18 24 19 25 20 24
19 22 20 22 20 23 19 23
18 23 19 22 20 23 19 24
19 21 19 20 20 20 20 21
33 28 32 28 32 27 33 27
32 29 31 28 32 27 33 28
31 29 31 28 32 28 32 29
29 29 30 30 31 29 30 28
13 28 12 29 11 28 12 27
14 27 14 28 13 28 13 27
15 26 14 27 13 26 14 25
15 27 14 27 14 26 15 26
16 26 15 27 14 26 15 25
17 26 16 26 16 25 17 25
16 27 15 26 16 25 17 26
29 28 29 29 28 29 28 28
30 29 29 28 30 27 31 28
29 30 30 30 30 29 29 29
27 30 28 31 29 30 28 29
28 30 28 31 27 31 27 30
27 29 28 28 29 29 28 30
26 30 27 30 27 29 26 29
16 28 15 29 14 28 15 27
17 28 16 28 16 27 17 27
15 28 16 29 17 28 16 27
14 29 13 28 14 27 15 28
16 14 17 15 16 16 15 15
15 14 16 14 16 15 15 15
16 13 17 14 16 15 15 14
17 13 17 14 16 14 16 13
15 13 16 14 17 13 16 12
14 13 15 13 15 14 14 14
13 12 13 13 14 13 14 12
18 12 19 13 18 14 17 13
17 12 18 12 18 13 17 13
19 12 18 13 17 12 18 11
20 11 21 12 20 13 19 12
19 11 20 11 20 12 19 12
20 10 21 11 20 12 19 11
21 10 21 11 20 11 20 10
28 32 27 31 28 30 29 31
29 32 28 32 28 31 29 31
15 12 16 12 16 13 15 13
16 11 17 12 16 13 15 12
17 11 17 12 16 12 16 11
18 10 19 11 18 12 17 11
19 10 19 11 18 11 18 10
20 9 21 10 20 11 19 10
19 9 20 9 20 10 19 10
14 11 15 12 14 13 13 12
15 11 15 12 14 12 14 11
16 10 17 11 16 12 15 11
30 11 31 11 31 13 30 13
25 33 24 32 26 30 27 31
10 14 12 14 12 16 10 16
8 16 10 14 12 16 10 18
8 18 8 16 10 16 10 18
18 32 16 30 18 28 20 30
22 34 20 32 22 30 24 32
14 18 12 16 13 15 15 17
14 20 14 18 16 18 16 20
13 19 14 18 15 19 14 20
13 17 15 17 15 19 13 19
13 16 13 15 15 15 15 16
12 15 14 13 15 14 13 16
19 30 20 30 20 32 19 32
18 30 18 28 19 28 19 30
18 34 16 32 18 30 20 32
19 34 18 34 18 32 19 32
17 32 19 30 21 32 19 34
17 30 18 30 18 32 17 32
21 30 19 32 17 30 19 28
22 32 22 30 21 30 21 32
23 34 23 32 22 32 22 34
16 31 15 30 16 29 17 30
12 17 13 17 13 16 12 16
14 21 12 23 11 22 13 20
13 21 13 20 14 20 14 21
14 22 13 23 12 22 13 21
15 21 15 22 14 22 14 21
27 24 27 22 29 22 29 24
28 23 27 24 26 23 27 22
26 25 28 25 28 23 26 23
25 26 24 25 25 24 26 25
23 26 25 26 25 28 23 28
23 24 22 25 23 26 24 25
23 25 22 25 22 24 23 24
25 23 23 25 22 24 24 22
23 23 23 21 25 21 25 23
13 22 14 22 14 23 13 23
12 21 12 22 13 22 13 21
24 28 23 29 21 27 22 26
25 27 26 28 25 29 24 28
21 28 21 30 20 30 20 28
22 27 21 28 20 27 21 26
22 28 21 28 21 27 22 27
22 29 22 28 23 28 23 29
24 31 23 32 21 30 22 29
25 32 24 31 26 29 27 30
24 33 25 33 25 32 24 32
22 33 23 34 24 33 23 32
24 27 23 28 22 27 23 26
26 22 25 21 27 19 28 20
27 21 27 22 26 22 26 21
25 22 23 20 24 19 26 21
24 23 25 22 26 23 25 24
23 22 24 23 23 24 22 23
23 31 23 32 24 32 24 31
12 19 12 21 10 21 10 19
13 35 10 32 13 29 16 32
11 9 14 12 13 13 10 10
12 31 16 31 16 32 12 32
13 32 12 31 14 29 15 30
11 21 8 18 10 16 13 19
10 22 11 21 12 22 11 23
13 33 12 32 15 29 16 30
24 26 29 21 30 22 25 27
