best-score: 704560
count: 1
elapsed-time: 4.927
452
40 13 41 14 40 15 39 14
41 13 41 14 40 14 40 13
42 14 41 15 40 14 41 13
42 15 41 15 41 14 42 14
41 16 40 16 40 15 41 15
40 17 39 16 40 15 41 16
39 17 39 16 40 16 40 17
39 15 38 16 39 17 40 16
38 15 39 15 39 16 38 16
15 39 14 38 15 37 16 38
15 41 14 40 15 39 16 40
37 40 37 41 38 41 38 40
36 39 36 40 37 40 37 39
37 38 38 39 37 40 36 39
38 38 38 39 37 39 37 38
36 38 37 39 38 38 37 37
36 37 37 37 37 38 36 38
37 36 38 37 37 38 36 37
38 36 38 37 37 37 37 36
39 37 38 36 39 35 40 36
39 38 38 38 38 37 39 37
41 35 41 36 42 36 42 35
41 37 40 36 41 35 42 36
40 37 40 36 41 36 41 37
39 36 40 37 39 38 38 37
40 35 40 36 39 36 39 35
41 34 42 35 41 36 40 35
40 34 40 33 41 33 41 34
38 34 39 35 40 34 39 33
39 34 38 34 38 33 39 33
38 35 39 34 40 35 39 36
21 14 21 15 20 15 20 14
22 15 21 16 20 15 21 14
24 15 23 16 22 15 23 14
23 15 24 15 24 16 23 16
22 14 23 15 22 16 21 15
41 19 42 20 41 21 40 20
35 14 36 14 36 15 35 15
16 37 17 37 17 38 16 38
17 36 18 37 17 38 16 37
18 36 18 37 17 37 17 36
18 38 17 37 18 36 19 37
19 38 18 38 18 37 19 37
19 36 18 37 19 38 20 37
20 36 20 37 19 37 19 36
35 41 36 40 37 41 36 42
39 40 38 40 38 39 39 39
40 39 39 40 38 39 39 38
40 38 40 39 39 39 39 38
41 20 41 21 42 21 42 20
40 19 40 20 41 20 41 19
20 40 21 40 21 41 20 41
22 40 21 41 20 40 21 39
23 40 23 41 22 41 22 40
25 40 24 41 23 40 24 39
25 41 25 40 26 40 26 41
25 42 24 42 24 41 25 41
15 36 14 35 15 34 16 35
16 36 16 37 15 37 15 36
17 20 17 19 18 19 18 20
19 20 18 21 17 20 18 19
19 21 18 21 18 20 19 20
19 19 18 20 17 19 18 18
38 18 39 19 38 20 37 19
42 34 41 35 40 34 41 33
37 18 36 19 35 18 36 17
38 19 38 18 37 18 37 19
39 20 39 19 38 19 38 20
40 21 39 20 40 19 41 20
41 22 40 23 39 22 40 21
41 23 40 23 40 22 41 22
42 22 41 23 40 22 41 21
19 18 19 19 18 19 18 18
21 17 21 16 22 16 22 17
22 18 21 17 22 16 23 17
21 42 20 41 21 40 22 41
22 42 21 42 21 41 22 41
23 43 22 42 23 41 24 42
19 35 18 36 17 35 18 34
18 35 19 35 19 36 18 36
17 34 18 35 17 36 16 35
16 34 17 34 17 35 16 35
15 35 16 34 17 35 16 36
14 34 14 35 15 35 15 34
37 21 38 20 39 21 38 22
38 21 38 22 37 22 37 21
37 20 38 19 39 20 38 21
36 21 37 21 37 20 36 20
35 21 36 21 36 22 35 22
34 22 35 21 36 22 35 23
34 23 34 22 35 22 35 23
36 23 35 24 34 23 35 22
37 24 37 23 36 23 36 24
38 23 37 24 36 23 37 22
39 23 38 23 38 22 39 22
38 24 37 23 38 22 39 23
38 25 37 25 37 24 38 24
31 43 30 42 31 41 32 42
21 38 22 38 22 39 21 39
22 37 21 38 20 37 21 36
21 37 21 36 22 36 22 37
20 38 21 38 21 37 20 37
25 15 24 16 23 15 24 14
25 14 25 15 24 15 24 14
25 16 24 15 25 14 26 15
26 16 25 16 25 15 26 15
27 15 28 16 27 17 26 16
26 14 26 15 27 15 27 14
25 43 24 42 25 41 26 42
26 43 25 43 25 42 26 42
27 42 26 43 25 42 26 41
36 18 36 17 35 17 35 18
35 19 36 18 37 19 36 20
35 20 35 19 36 19 36 20
34 21 35 20 36 21 35 22
34 20 35 20 35 21 34 21
20 39 21 40 22 39 21 38
19 39 19 38 20 38 20 39
24 17 23 18 22 17 23 16
25 17 24 17 24 16 25 16
24 18 23 17 24 16 25 17
39 32 39 33 40 33 40 32
38 31 39 32 38 33 37 32
38 32 37 32 37 31 38 31
38 30 37 31 38 32 39 31
39 30 39 31 38 31 38 30
40 29 40 30 39 30 39 29
38 29 39 30 40 29 39 28
38 28 39 28 39 29 38 29
37 29 38 28 39 29 38 30
37 30 37 29 38 29 38 30
27 41 27 42 26 42 26 41
27 43 26 42 27 41 28 42
28 43 27 43 27 42 28 42
41 31 40 32 39 31 40 30
29 43 28 42 29 41 30 42
21 35 22 36 21 37 20 36
20 35 21 35 21 36 20 36
19 34 20 35 19 36 18 35
20 34 20 35 19 35 19 34
22 34 21 35 20 34 21 33
21 34 22 34 22 35 21 35
22 33 23 34 22 35 21 34
23 33 23 34 22 34 22 33
24 34 23 35 22 34 23 33
24 35 23 35 23 34 24 34
25 34 24 35 23 34 24 33
30 40 31 39 32 40 31 41
31 40 30 40 30 39 31 39
32 41 32 40 31 40 31 41
42 27 41 28 40 27 41 26
42 28 41 28 41 27 42 27
23 36 22 36 22 35 23 35
40 26 40 27 41 27 41 26
36 33 36 32 37 32 37 33
36 31 35 32 36 33 37 32
36 30 37 30 37 31 36 31
35 31 36 30 37 31 36 32
33 31 34 32 35 31 34 30
33 30 34 30 34 31 33 31
34 29 35 30 34 31 33 30
34 28 35 28 35 29 34 29
33 29 34 28 35 29 34 30
20 33 21 33 21 34 20 34
38 27 39 28 40 27 39 26
18 30 19 30 19 31 18 31
19 29 20 30 19 31 18 30
20 29 20 30 19 30 19 29
19 28 20 29 19 30 18 29
20 27 19 28 18 27 19 26
19 27 20 27 20 28 19 28
18 28 17 27 18 26 19 27
17 28 17 27 18 27 18 28
17 26 16 27 17 28 18 27
16 26 17 26 17 27 16 27
16 30 17 31 18 30 17 29
17 30 17 31 16 31 16 30
16 29 17 28 18 29 17 30
16 28 17 28 17 29 16 29
15 27 16 26 17 27 16 28
15 28 15 27 16 27 16 28
15 26 14 27 15 28 16 27
14 26 15 26 15 27 14 27
18 25 19 25 19 26 18 26
36 26 35 25 36 24 37 25
36 34 35 33 36 32 37 33
35 34 35 33 36 33 36 34
36 25 35 25 35 24 36 24
34 25 35 26 36 25 35 24
34 26 34 25 35 25 35 26
34 24 33 25 34 26 35 25
33 24 34 24 34 25 33 25
32 23 33 24 32 25 31 24
32 24 31 24 31 23 32 23
33 23 32 24 31 23 32 22
34 33 34 32 35 32 35 33
33 32 34 31 35 32 34 33
33 33 32 33 32 32 33 32
34 34 33 33 34 32 35 33
33 34 33 33 34 33 34 34
31 34 32 35 33 34 32 33
32 34 32 35 31 35 31 34
31 33 32 32 33 33 32 34
30 32 30 33 31 33 31 32
35 35 35 34 34 34 34 35
31 37 30 37 30 36 31 36
30 38 31 37 32 38 31 39
29 38 29 37 30 37 30 38
31 38 30 39 29 38 30 37
32 37 32 38 31 38 31 37
33 36 32 37 31 36 32 35
32 36 33 36 33 37 32 37
33 35 32 36 31 35 32 34
34 36 33 35 34 34 35 35
34 38 33 37 34 36 35 37
36 29 37 30 36 31 35 30
37 26 36 25 37 24 38 25
29 39 28 38 29 37 30 38
28 39 28 38 29 38 29 39
21 29 22 30 21 31 20 30
22 29 21 29 21 28 22 28
21 30 20 29 21 28 22 29
20 31 21 31 21 30 20 30
19 32 18 31 19 30 20 31
20 32 19 32 19 31 20 31
22 32 21 33 20 32 21 31
21 32 22 32 22 33 21 33
23 32 22 33 21 32 22 31
24 32 24 33 23 33 23 32
25 33 25 34 24 34 24 33
26 34 25 33 26 32 27 33
25 35 26 35 26 34 25 34
27 35 26 36 25 35 26 34
27 36 26 36 26 35 27 35
36 28 35 29 36 30 37 29
37 28 37 29 36 29 36 28
36 27 37 26 38 27 37 28
35 27 36 27 36 28 35 28
37 27 36 28 35 27 36 26
38 26 38 27 37 27 37 26
39 27 38 28 37 27 38 26
40 28 40 27 39 27 39 28
41 29 41 28 40 28 40 29
20 26 21 27 20 28 19 27
21 26 21 27 20 27 20 26
22 27 21 28 20 27 21 26
23 27 23 28 22 28 22 27
22 26 23 27 22 28 21 27
21 25 21 26 22 26 22 25
33 22 33 23 32 23 32 22
32 21 33 22 32 23 31 22
33 21 32 21 32 20 33 20
31 21 32 22 33 21 32 20
32 31 33 32 32 33 31 32
31 31 32 31 32 32 31 32
32 30 33 31 32 32 31 31
32 29 33 29 33 30 32 30
31 30 32 29 33 30 32 31
23 30 23 31 22 31 22 30
24 29 23 30 22 29 23 28
34 27 35 26 36 27 35 28
33 27 34 28 35 27 34 26
33 26 34 26 34 27 33 27
32 27 31 26 32 25 33 26
31 27 31 26 32 26 32 27
30 26 31 25 32 26 31 27
28 20 29 21 28 22 27 21
29 20 29 21 28 21 28 20
27 22 28 22 28 21 27 21
30 30 31 31 30 32 29 31
30 31 30 30 31 30 31 31
29 32 30 31 31 32 30 33
25 31 26 30 27 31 26 32
24 30 25 31 24 32 23 31
23 29 23 30 24 30 24 29
26 31 26 30 27 30 27 31
25 30 26 29 27 30 26 31
24 31 25 31 25 30 24 30
25 32 24 33 23 32 24 31
26 33 26 32 25 32 25 33
27 34 27 33 26 33 26 34
28 35 27 36 26 35 27 34
28 32 27 31 28 30 29 31
28 31 29 31 29 32 28 32
25 29 25 30 26 30 26 29
27 29 26 30 25 29 26 28
28 29 28 30 27 30 27 29
29 30 28 31 27 30 28 29
30 29 31 30 30 31 29 30
29 29 30 29 30 30 29 30
31 29 30 30 29 29 30 28
32 28 33 29 32 30 31 29
33 28 32 28 32 27 33 27
31 28 32 29 33 28 32 27
30 27 30 28 31 28 31 27
29 26 30 25 31 26 30 27
29 25 30 25 30 26 29 26
28 26 27 25 28 24 29 25
29 27 28 28 27 27 28 26
28 27 28 26 29 26 29 27
27 28 28 28 28 27 27 27
29 28 28 29 27 28 28 27
16 25 16 26 15 26 15 25
17 24 18 25 17 26 16 25
17 32 16 31 17 30 18 31
18 32 17 32 17 31 18 31
19 33 18 32 19 31 20 32
18 33 19 33 19 34 18 34
16 33 17 34 18 33 17 32
15 33 16 33 16 34 15 34
28 40 29 39 30 40 29 41
27 39 28 40 27 41 26 40
27 40 27 39 28 39 28 40
26 39 27 40 26 41 25 40
39 25 38 26 37 25 38 24
40 25 40 26 39 26 39 25
39 24 40 25 39 26 38 25
40 24 39 24 39 23 40 23
41 25 40 26 39 25 40 24
42 26 42 25 41 25 41 26
43 27 42 28 41 27 42 26
28 34 28 35 27 35 27 34
29 33 28 34 27 33 28 32
30 34 29 33 30 32 31 33
29 35 30 34 31 35 30 36
28 36 27 35 28 34 29 35
29 36 28 36 28 35 29 35
30 35 31 36 30 37 29 36
29 34 30 33 31 34 30 35
28 33 28 34 29 34 29 33
27 32 28 33 27 34 26 33
24 28 25 29 24 30 23 29
25 28 25 29 24 29 24 28
26 27 27 28 26 29 25 28
25 27 26 27 26 28 25 28
26 26 27 27 26 28 25 27
27 26 27 27 26 27 26 26
28 25 29 26 28 27 27 26
29 24 29 25 28 25 28 24
30 23 31 24 30 25 29 24
30 22 31 22 31 23 30 23
30 20 29 21 30 22 31 21
30 18 29 19 30 20 31 19
29 23 29 24 30 24 30 23
27 23 28 24 29 23 28 22
24 26 23 27 24 28 25 27
14 33 15 32 16 33 15 34
14 32 15 32 15 33 14 33
13 33 14 32 15 33 14 34
13 34 13 33 14 33 14 34
41 24 42 25 41 26 40 25
43 26 43 27 42 27 42 26
30 19 30 20 29 20 29 19
31 18 31 19 30 19 30 18
14 42 14 40 16 40 16 42
15 43 14 42 15 41 16 42
42 40 41 41 39 39 40 38
40 40 40 39 42 39 42 40
39 42 40 42 40 40 39 40
40 41 39 42 38 41 39 40
39 43 37 41 38 40 40 42
43 38 42 39 40 37 41 36
17 41 16 40 18 38 19 39
17 43 15 43 15 41 17 41
18 42 17 43 16 42 17 41
19 17 18 16 20 14 21 15
21 18 21 17 19 17 19 18
20 17 21 16 22 17 21 18
37 17 35 15 36 14 38 16
37 15 37 17 36 17 36 15
17 22 16 23 14 21 15 20
17 23 16 23 16 22 17 22
18 22 20 24 19 25 17 23
17 21 18 20 19 21 18 22
15 21 15 20 17 20 17 21
16 20 17 21 16 22 15 21
15 22 14 22 14 21 15 21
34 42 32 42 32 41 34 41
33 39 32 40 34 42 35 41
35 39 33 39 33 37 35 37
14 24 16 22 17 23 15 25
33 16 35 18 33 20 31 18
35 38 33 36 34 35 36 37
33 40 35 38 36 39 34 41
32 39 32 40 33 40 33 39
33 38 32 39 31 38 32 37
36 35 36 34 38 34 38 35
37 34 36 35 35 34 36 33
32 16 30 18 28 16 30 14
14 29 16 29 16 30 14 30
13 30 14 29 16 31 15 32
13 32 13 30 14 30 14 32
12 33 13 32 14 33 13 34
12 32 13 32 13 33 12 33
25 38 24 39 22 37 23 36
28 37 26 39 25 38 27 36
27 37 27 36 28 36 28 37
26 38 27 37 28 38 27 39
25 39 26 39 26 38 25 38
24 40 25 40 25 39 24 39
23 37 22 38 24 40 25 39
24 36 23 37 22 36 23 35
25 36 24 36 24 35 25 35
23 38 23 37 22 37 22 38
24 37 23 37 23 36 24 36
28 18 28 16 26 16 26 18
27 19 28 18 29 19 28 20
25 19 25 17 27 17 27 19
25 23 23 21 25 19 27 21
25 25 25 23 27 23 27 25
23 25 25 25 25 27 23 27
22 24 23 25 22 26 21 25
23 24 23 25 22 25 22 24
26 24 25 25 24 24 25 23
26 23 27 22 29 24 28 25
36 43 36 42 39 42 39 43
35 42 37 40 38 41 36 43
36 41 36 42 35 42 35 41
16 15 17 14 20 17 19 18
18 41 17 41 17 38 18 38
17 40 19 38 20 39 18 41
19 41 19 42 18 42 18 41
34 16 35 17 32 20 31 19
29 44 28 43 31 40 32 41
31 44 29 44 29 43 31 43
32 43 31 44 27 40 28 39
31 42 31 43 32 43 32 42
30 41 30 42 31 42 31 41
29 40 29 41 30 41 30 40
25 22 23 24 19 20 21 18
21 21 21 25 19 25 19 21
20 23 20 24 17 24 17 23
19 24 17 22 18 21 20 23
20 25 19 26 18 25 19 24
21 24 22 25 21 26 20 25
23 22 21 24 20 23 22 21
22 22 22 21 23 21 23 22
22 20 21 21 22 22 23 21
21 20 21 18 22 18 22 20
24 19 22 21 21 20 23 18
24 22 24 19 25 19 25 22
23 19 23 18 24 18 24 19
21 19 22 20 23 19 22 18
25 18 28 21 27 22 24 19
26 17 25 18 24 17 25 16
27 16 30 19 29 20 26 17
28 15 27 16 26 15 27 14
32 15 32 16 28 16 28 15
34 13 35 14 33 16 32 15
33 13 34 13 34 16 33 16
32 14 33 13 35 15 34 16
33 44 32 43 34 41 35 42
