best-score: 740068
count: 22
elapsed-time: 4.582
83
21 11 22 10 23 11 22 12
22 11 21 11 21 10 22 10
23 12 23 11 22 11 22 12
17 21 16 21 16 20 17 20
18 22 18 21 17 21 17 22
16 22 17 23 18 22 17 21
16 23 16 22 17 22 17 23
15 22 16 21 17 22 16 23
15 21 16 21 16 22 15 22
15 20 16 21 17 20 16 19
15 19 16 19 16 20 15 20
14 20 15 19 16 20 15 21
14 21 14 20 15 20 15 21
14 19 13 20 14 21 15 20
13 19 14 19 14 20 13 20
18 20 17 21 16 20 17 19
19 15 18 16 17 15 18 14
18 19 18 20 17 20 17 19
19 20 18 21 17 20 18 19
19 21 18 21 18 20 19 20
20 22 19 23 18 22 19 21
19 22 19 21 20 21 20 22
18 23 19 23 19 22 18 22
20 8 21 8 21 10 20 10
10 10 10 12 8 12 8 10
12 12 10 14 8 12 10 10
11 11 11 12 12 12 12 11
21 18 22 19 20 21 19 20
22 18 22 19 21 19 21 18
19 17 21 19 22 18 20 16
17 17 17 15 19 15 19 17
16 17 17 17 17 19 16 19
14 17 14 15 16 15 16 17
18 17 16 19 14 17 16 15
17 13 18 14 20 12 19 11
16 13 16 12 17 12 17 13
13 14 14 15 16 13 15 12
14 14 14 15 13 15 13 14
14 10 12 12 14 14 16 12
12 8 13 7 15 9 14 10
12 7 13 7 13 8 12 8
11 14 11 12 10 12 10 14
18 18 17 17 18 16 19 17
20 14 20 16 18 16 18 14
22 14 20 14 20 12 22 12
21 15 20 16 19 15 20 14
12 10 12 8 10 8 10 10
14 11 14 10 12 10 12 11
4 18 7 15 10 18 7 21
17 4 21 8 17 12 13 8
20 4 20 8 17 8 17 4
5 13 8 10 10 12 7 15
10 22 13 19 14 20 11 23
8 22 8 18 10 18 10 22
8 15 8 12 7 12 7 15
10 17 8 15 11 12 13 14
12 18 12 17 10 17 10 18
16 14 17 15 13 19 12 18
17 14 17 15 16 15 16 14
18 13 18 14 17 14 17 13
19 14 18 13 21 10 22 11
21 16 18 19 16 17 19 14
20 18 21 18 21 16 20 16
20 19 18 19 18 18 20 18
21 21 21 19 20 19 20 21
22 24 20 22 21 21 23 23
7 17 10 14 11 15 8 18
17 10 20 10 20 12 17 12
14 8 14 10 17 10 17 8
8 17 11 14 14 17 11 20
7 18 8 18 8 17 7 17
4 21 7 21 7 18 4 18
10 15 10 17 8 17 8 15
13 23 11 23 11 20 13 20
14 24 13 23 15 21 16 22
16 9 17 10 15 12 14 11
11 19 11 15 13 15 13 19
11 17 10 18 11 19 12 18
16 18 13 15 14 14 17 17
14 13 16 13 16 14 14 14
7 24 7 21 14 21 14 24
10 21 7 24 4 21 7 18
8 13 7 12 12 7 13 8
