best-score: 689912
count: 3
elapsed-time: 4.802
224
16 16 15 15 16 14 17 15
16 17 15 17 15 16 16 16
16 18 16 17 17 17 17 18
36 15 37 16 38 15 37 14
41 35 40 35 40 34 41 34
17 34 16 35 17 36 18 35
17 35 17 34 18 34 18 35
16 36 17 36 17 35 16 35
15 37 14 36 15 35 16 36
14 37 15 37 15 38 14 38
14 39 13 38 14 37 15 38
13 39 13 38 14 38 14 39
18 36 17 35 18 34 19 35
19 36 18 36 18 35 19 35
19 17 20 17 20 18 19 18
18 18 19 17 20 18 19 19
17 19 16 18 17 17 18 18
18 19 17 19 17 18 18 18
19 20 18 19 19 18 20 19
20 20 19 20 19 19 20 19
21 16 22 17 21 18 20 17
32 39 31 38 32 37 33 38
14 25 14 26 13 26 13 25
15 26 14 27 13 26 14 25
15 27 14 27 14 26 15 26
16 26 15 27 14 26 15 25
21 19 21 18 20 18 20 19
32 35 33 36 32 37 31 36
32 36 31 36 31 35 32 35
33 37 33 36 32 36 32 37
34 38 34 37 33 37 33 38
18 21 19 20 20 21 19 22
20 34 21 33 22 34 21 35
21 34 20 34 20 33 21 33
22 35 22 34 21 34 21 35
16 25 16 26 15 26 15 25
16 27 15 26 16 25 17 26
17 27 16 27 16 26 17 26
17 25 16 26 17 27 18 26
16 24 16 25 17 25 17 24
12 26 13 27 14 26 13 25
12 27 12 26 13 26 13 27
34 32 34 31 35 31 35 32
25 17 25 18 24 18 24 17
26 18 25 19 24 18 25 17
26 19 25 19 25 18 26 18
25 20 24 19 25 18 26 19
24 20 24 19 25 19 25 20
18 25 18 26 17 26 17 25
20 30 19 29 20 28 21 29
32 30 31 29 32 28 33 29
32 29 33 29 33 30 32 30
32 27 31 26 32 25 33 26
33 28 32 29 31 28 32 27
34 29 34 28 33 28 33 29
35 30 34 31 33 30 34 29
32 26 33 26 33 27 32 27
31 25 31 26 32 26 32 25
30 26 31 25 32 26 31 27
30 27 30 26 31 26 31 27
27 29 27 28 28 28 28 29
25 29 26 30 27 29 26 28
39 37 41 39 39 41 37 39
38 36 40 34 41 35 39 37
40 36 38 36 38 35 40 35
38 13 38 15 36 15 36 13
37 12 38 13 37 14 36 13
33 17 32 16 34 14 35 15
33 19 32 18 33 17 34 18
35 21 33 23 31 21 33 19
16 33 16 35 15 35 15 33
19 32 17 34 16 33 18 31
18 37 19 36 21 38 20 39
16 39 15 38 17 36 18 37
17 37 17 36 18 36 18 37
30 39 30 37 32 37 32 39
29 38 30 37 31 38 30 39
29 36 31 36 31 38 29 38
30 35 31 36 30 37 29 36
34 16 34 18 32 18 32 16
17 20 19 20 19 22 17 22
16 19 17 18 18 19 17 20
16 20 16 19 17 19 17 20
16 21 17 22 18 21 17 20
23 21 22 22 20 20 21 19
20 23 18 25 17 24 19 22
18 23 18 21 20 21 20 23
33 34 32 33 34 31 35 32
25 35 24 36 22 34 23 33
28 34 26 36 25 35 27 33
30 36 28 34 29 33 31 35
36 30 35 31 33 29 34 28
36 31 35 31 35 30 36 30
23 23 21 25 20 24 22 22
26 22 24 20 25 19 27 21
29 24 31 26 30 27 28 25
29 30 28 29 30 27 31 28
26 26 27 26 27 28 26 28
28 24 30 26 28 28 26 26
26 25 28 25 28 24 26 24
27 24 28 25 27 26 26 25
38 37 38 41 39 41 39 37
34 36 34 37 38 37 38 36
35 37 34 38 33 37 34 36
37 42 33 38 34 37 38 41
35 42 35 39 37 39 37 42
39 38 35 42 34 41 38 37
34 12 37 12 37 14 34 14
21 10 24 13 21 16 18 13
12 19 15 16 16 17 13 20
12 18 16 18 16 19 12 19
12 20 15 17 16 18 13 21
12 21 12 20 13 20 13 21
37 30 36 31 40 35 41 34
13 24 13 21 16 21 16 24
30 17 33 17 33 14 30 14
13 31 17 27 19 29 15 33
17 31 17 34 13 34 13 31
18 27 18 31 17 31 17 27
19 26 18 27 17 26 18 25
19 27 18 27 18 26 19 26
21 27 21 29 19 29 19 27
20 26 21 27 20 28 19 27
19 24 19 26 20 26 20 24
22 13 24 13 24 17 22 17
16 30 20 30 20 33 16 33
15 30 15 27 16 27 16 30
16 29 15 30 13 28 14 27
20 29 18 31 16 29 18 27
15 23 19 19 20 20 16 24
14 23 15 23 15 25 14 25
15 22 17 24 16 25 14 23
17 23 17 22 15 22 15 23
18 24 18 23 17 23 17 24
11 23 13 21 15 23 13 25
29 39 32 36 33 37 30 40
29 40 29 39 30 39 30 40
29 17 28 17 28 13 29 13
28 20 26 18 30 14 32 16
32 24 31 25 27 21 28 20
36 24 36 25 32 25 32 24
35 23 36 24 33 27 32 26
35 26 33 26 33 23 35 23
36 27 34 29 33 28 35 26
37 27 37 30 36 30 36 27
36 28 32 24 33 23 37 27
38 23 36 25 33 22 35 20
35 22 35 23 38 23 38 22
33 21 33 22 35 22 35 21
31 19 31 21 33 21 33 19
30 16 29 17 31 19 32 18
29 14 25 18 24 17 28 13
34 34 34 36 33 36 33 34
33 33 34 34 32 36 31 35
31 31 32 30 34 32 33 33
30 32 27 29 28 28 31 31
31 32 31 35 30 35 30 32
29 34 31 32 32 33 30 35
28 33 28 34 29 34 29 33
17 29 16 30 14 28 15 27
23 20 23 21 20 21 20 20
22 21 20 19 21 18 23 20
24 27 20 23 22 21 26 25
24 29 20 33 19 32 23 28
31 30 28 33 24 29 27 26
32 31 31 30 32 29 33 30
33 31 33 33 32 33 32 31
34 30 34 31 33 31 33 30
35 29 35 30 34 30 34 29
24 32 26 32 26 36 24 36
21 32 21 29 24 29 24 32
38 26 36 24 38 22 40 24
42 30 41 31 37 27 38 26
23 24 23 23 20 23 20 24
27 23 27 21 23 21 23 23
25 23 26 24 27 23 26 22
30 20 31 21 28 24 27 23
29 20 29 17 30 17 30 20
38 29 35 29 35 26 38 26
23 26 23 28 20 28 20 26
23 25 26 25 26 26 23 26
29 31 29 30 31 30 31 31
25 33 25 29 27 29 27 33
23 35 25 35 25 33 23 33
25 31 26 32 25 33 24 32
23 30 23 28 26 28 26 30
25 27 25 29 24 29 24 27
23 29 21 27 23 25 25 27
11 22 12 21 14 23 13 24
14 22 14 23 11 23 11 22
36 21 40 21 40 24 36 24
36 20 36 21 35 21 35 20
39 13 41 15 36 20 34 18
40 15 40 13 39 13 39 15
41 19 41 15 40 15 40 19
39 22 38 22 38 15 39 15
32 15 33 14 40 21 39 22
21 14 21 16 16 16 16 14
20 13 21 14 17 18 16 17
29 6 36 13 29 20 22 13
36 6 36 13 29 13 29 6
37 7 30 14 29 13 36 6
14 17 15 17 15 22 14 22
36 32 36 31 41 31 41 32
35 33 34 32 35 31 36 32
36 33 35 33 35 32 36 32
37 34 34 37 33 36 36 33
40 31 41 32 38 35 37 34
19 41 19 36 24 36 24 41
18 42 14 38 15 37 19 41
21 39 21 38 29 38 29 39
20 40 17 37 18 36 21 39
21 40 20 40 20 39 21 39
22 41 21 40 28 33 29 34
23 34 29 40 28 41 22 35
22 33 27 28 28 29 23 34
22 30 23 30 23 33 22 33
21 31 22 30 24 32 23 33
17 33 18 34 21 31 20 30
37 37 34 34 35 33 38 36
27 20 32 25 35 22 30 17
27 17 28 17 28 20 27 20
41 17 35 23 33 21 39 15
26 33 29 36 24 41 21 38
