best-score: 620783
count: 3
elapsed-time: 4.645
178
16 41 16 42 15 42 15 41
39 38 38 37 39 36 40 37
39 37 40 37 40 38 39 38
38 36 38 37 39 37 39 36
37 35 38 34 39 35 38 36
43 27 44 27 44 28 43 28
42 28 43 27 44 28 43 29
21 29 20 30 21 31 22 30
27 25 26 26 25 25 26 24
27 24 28 24 28 25 27 25
31 27 31 28 30 28 30 27
29 27 30 28 31 27 30 26
29 26 30 26 30 27 29 27
31 26 30 27 29 26 30 25
31 25 31 26 30 26 30 25
29 25 30 26 31 25 30 24
29 24 30 24 30 25 29 25
28 23 29 24 28 25 27 24
29 23 29 24 28 24 28 23
28 26 28 25 29 25 29 26
43 16 41 18 39 16 41 14
41 16 41 14 43 14 43 16
39 18 41 18 41 16 39 16
18 16 18 18 16 18 16 16
39 19 41 21 40 22 38 20
41 27 43 27 43 25 41 25
39 29 41 27 42 28 40 30
22 19 22 18 24 18 24 19
36 36 36 34 38 34 38 36
35 35 36 34 37 35 36 36
33 39 33 37 34 37 34 39
32 41 33 41 33 39 32 39
35 21 37 23 36 24 34 22
36 20 35 21 33 19 34 18
28 40 29 40 29 42 28 42
29 41 28 42 27 41 28 40
30 38 28 36 29 35 31 37
22 28 24 28 24 30 22 30
28 28 26 30 24 28 26 26
26 28 26 26 28 26 28 28
24 26 26 28 24 30 22 28
24 24 26 24 26 26 24 26
23 25 24 24 25 25 24 26
16 45 15 44 18 41 19 42
19 45 16 45 16 42 19 42
22 42 19 45 16 42 19 39
41 45 37 41 40 38 44 42
17 19 17 22 16 22 16 19
17 17 16 18 17 19 18 18
17 15 16 16 17 17 18 16
22 39 22 42 19 42 19 39
40 33 40 37 44 37 44 33
38 30 38 33 40 33 40 30
23 45 22 44 26 40 27 41
42 23 38 23 38 20 42 20
43 35 40 38 39 37 42 34
33 45 29 41 33 37 37 41
37 45 33 45 33 41 37 41
38 17 38 20 36 20 36 17
35 42 32 39 34 37 37 40
38 24 41 27 43 25 40 22
37 24 37 23 38 23 38 24
36 26 37 26 37 24 36 24
35 25 36 26 33 29 32 28
31 21 31 25 35 25 35 21
32 22 30 24 29 23 31 21
34 24 34 22 32 22 32 24
36 18 32 22 34 24 38 20
34 16 36 14 38 16 36 18
30 16 34 16 34 18 30 18
28 16 29 17 30 16 29 15
28 17 26 17 26 16 28 16
24 21 22 19 26 15 28 17
19 21 23 25 22 26 18 22
21 21 19 21 19 20 21 20
21 24 21 21 24 21 24 24
24 27 21 24 24 21 27 24
22 27 22 26 24 26 24 27
18 28 22 28 22 27 18 27
16 34 14 32 18 28 20 30
18 34 18 37 16 37 16 34
18 31 21 31 21 34 18 34
15 34 18 31 21 34 18 37
16 30 16 34 15 34 15 30
21 15 18 18 21 21 24 18
21 17 17 17 17 15 21 15
18 20 21 17 22 18 19 21
19 18 19 20 18 20 18 18
20 17 22 19 21 20 19 18
28 37 25 40 24 39 27 36
31 36 31 37 28 37 28 36
29 38 31 36 34 39 32 41
30 40 30 38 29 38 29 40
26 37 28 37 28 40 26 40
39 28 42 28 42 29 39 29
36 27 38 29 39 28 37 26
33 33 33 34 36 34 36 33
31 35 33 33 35 35 33 37
35 36 35 35 31 35 31 36
36 31 33 34 35 36 38 33
28 20 30 18 34 22 32 24
29 20 28 20 28 17 29 17
27 22 29 20 30 21 28 23
26 22 27 22 27 24 26 24
27 21 29 23 28 24 26 22
25 17 24 18 27 21 28 20
25 20 21 20 21 17 25 17
25 23 25 20 28 20 28 23
23 23 25 23 25 25 23 25
24 22 25 23 24 24 23 23
27 18 30 18 30 21 27 21
30 33 27 36 23 32 26 29
30 29 33 29 33 33 30 33
29 28 30 27 31 28 30 29
29 29 29 28 30 28 30 29
34 32 33 33 29 29 30 28
25 28 28 25 29 26 26 29
25 29 25 28 26 28 26 29
25 31 21 31 21 29 25 29
30 34 29 35 25 31 26 30
29 30 26 30 26 29 29 29
27 32 29 30 33 34 31 36
23 36 27 36 27 32 23 32
15 21 17 19 18 20 16 22
25 27 25 28 24 28 24 27
27 27 25 27 25 25 27 25
42 45 37 40 39 38 44 43
44 41 37 41 37 40 44 40
48 37 44 41 40 37 44 33
48 40 44 40 44 37 48 37
35 24 41 18 43 20 37 26
14 21 16 19 21 24 19 26
15 26 15 21 19 21 19 26
24 23 18 29 15 26 21 20
28 44 22 44 22 42 28 42
37 42 34 39 40 33 43 36
15 23 16 22 22 28 21 29
36 42 35 42 35 36 36 36
17 27 17 22 18 22 18 27
22 22 23 23 18 28 17 27
37 18 30 25 29 24 36 17
38 19 37 18 38 17 39 18
35 30 31 26 38 19 42 23
35 29 38 29 38 30 35 30
36 28 35 29 31 25 32 24
32 31 36 31 36 28 32 28
25 39 32 39 32 31 25 31
24 40 25 40 25 39 24 39
26 46 22 42 24 40 28 44
25 46 25 40 26 40 26 46
19 40 23 36 29 42 25 46
15 38 18 41 19 40 16 37
24 25 22 27 17 22 19 20
34 42 33 41 38 36 39 37
43 34 42 34 42 29 43 29
39 22 44 27 43 28 38 23
40 19 40 22 39 22 39 19
19 33 25 39 24 40 18 34
36 23 29 23 29 20 36 20
36 15 36 17 29 17 29 15
37 14 39 16 38 17 36 15
37 15 36 15 36 14 37 14
24 37 24 30 26 30 26 37
22 37 24 37 24 39 22 39
20 37 20 30 22 30 22 37
20 41 18 41 18 37 20 37
37 27 39 29 38 30 36 28
37 28 36 28 36 27 37 27
31 30 31 35 29 35 29 30
35 26 36 27 32 31 31 30
33 26 35 26 35 29 33 29
38 31 36 33 31 28 33 26
41 34 41 45 42 45 42 34
14 40 24 30 25 31 15 41
15 35 29 35 29 38 15 38
20 38 19 39 15 35 16 34
15 36 24 27 25 28 16 37
14 25 23 25 23 32 14 32
