best-score: 593898
count: 60
elapsed-time: 4.567
31
22 10 23 11 21 13 20 12
21 21 20 22 18 20 19 19
20 21 21 21 21 22 20 22
19 24 18 23 20 21 21 22
17 24 15 22 16 21 18 23
15 23 13 23 13 22 15 22
13 18 14 18 14 20 13 20
11 17 13 15 14 16 12 18
16 11 18 13 17 14 15 12
15 18 14 18 14 16 15 16
21 12 20 12 20 8 21 8
16 18 16 21 20 21 20 18
16 22 14 20 16 18 18 20
15 21 15 22 16 22 16 21
18 14 21 14 21 13 18 13
18 22 14 18 18 14 22 18
16 23 18 23 18 22 16 22
12 15 10 17 13 20 15 18
18 19 16 21 13 18 15 16
19 20 19 19 18 19 18 20
19 23 19 20 23 20 23 23
18 24 19 24 19 23 18 23
17 25 15 23 16 22 18 24
18 25 17 25 17 24 18 24
17 17 17 14 18 14 18 17
15 15 17 17 16 18 14 16
13 12 13 15 15 15 15 12
18 16 20 18 19 19 17 17
14 2 20 8 13 15 7 9
11 24 11 17 17 17 17 24
8 17 13 12 18 17 13 22
