best-score: 635871
count: 12
elapsed-time: 4.691
93
27 28 26 29 27 30 28 29
27 27 28 27 28 28 27 28
23 19 22 19 22 18 23 18
24 18 25 19 24 20 23 19
21 24 22 24 22 25 21 25
21 23 22 24 21 25 20 24
20 23 21 23 21 24 20 24
35 17 33 19 31 17 33 15
12 17 14 17 14 18 12 18
28 31 26 31 26 29 28 29
27 32 26 31 27 30 28 31
18 18 16 20 14 18 16 16
16 18 16 19 14 19 14 18
18 16 18 18 16 18 16 16
20 18 18 20 16 18 18 16
20 16 22 16 22 18 20 18
20 20 18 18 20 16 22 18
18 19 18 20 20 20 20 19
18 15 20 15 20 16 18 16
25 29 24 28 26 26 27 27
14 20 16 20 16 22 14 22
14 16 12 18 14 20 16 18
23 15 25 17 24 18 22 16
30 33 28 31 31 28 33 30
30 15 33 15 33 19 30 19
25 12 29 16 30 15 26 11
24 12 25 12 25 13 24 13
22 14 24 12 25 13 23 15
16 13 16 16 14 16 14 13
27 33 24 30 25 29 28 32
28 33 27 33 27 32 28 32
24 32 24 30 27 30 27 32
31 29 28 29 28 28 31 28
31 30 31 29 33 29 33 30
35 26 31 30 28 27 32 23
9 20 12 17 14 19 11 22
10 24 14 20 16 22 12 26
29 15 31 17 27 21 25 19
29 14 30 14 30 15 29 15
26 14 26 11 29 11 29 14
28 10 25 13 26 14 29 11
18 13 20 15 16 19 14 17
26 16 22 16 22 14 26 14
26 20 26 16 29 16 29 20
24 24 26 24 26 20 24 20
29 23 26 26 24 24 27 21
32 20 32 23 29 23 29 20
18 23 14 19 18 15 22 19
25 28 26 29 22 33 21 32
26 28 26 29 25 29 25 28
33 22 32 23 29 20 30 19
21 28 21 30 24 30 24 28
32 14 28 18 26 16 30 12
18 26 14 22 16 20 20 24
16 26 16 23 18 23 18 26
24 15 24 18 23 18 23 15
22 30 19 27 21 25 24 28
21 35 19 33 22 30 24 32
24 35 21 35 21 32 24 32
25 36 24 35 27 32 28 33
32 12 32 14 30 14 30 12
11 11 12 11 12 17 11 17
18 9 24 15 20 19 14 13
16 9 18 9 18 13 16 13
16 31 15 30 21 24 22 25
12 31 12 26 16 26 16 31
13 32 12 31 14 29 15 30
11 29 11 22 14 22 14 29
9 19 14 19 14 20 9 20
10 18 14 22 13 23 9 19
12 24 12 18 10 18 10 24
15 27 12 24 13 23 16 26
19 30 19 27 15 27 15 30
19 32 19 30 21 30 21 32
13 33 19 33 19 32 13 32
12 32 18 26 19 27 13 33
31 13 31 17 25 17 25 13
19 20 27 28 28 27 20 19
15 22 16 23 19 20 18 19
14 25 16 23 21 28 19 30
19 21 19 27 27 27 27 21
17 23 16 22 18 20 19 21
18 36 11 29 17 23 24 30
18 29 25 29 25 36 18 36
10 25 16 19 20 23 14 29
22 22 21 23 19 21 20 20
31 26 35 26 35 17 31 17
30 27 22 19 23 18 31 26
28 19 28 27 30 27 30 19
25 18 25 19 28 19 28 18
26 19 21 24 20 23 25 18
23 26 22 25 28 19 29 20
25 26 23 26 23 19 25 19
