best-score: 637514
count: 6
elapsed-time: 4.798
102
41 42 41 41 42 41 42 42
42 43 41 42 42 41 43 42
43 43 42 43 42 42 43 42
43 41 42 42 43 43 44 42
44 41 44 42 43 42 43 41
37 14 38 15 37 16 36 15
21 20 21 19 20 19 20 20
22 19 21 20 20 19 21 18
22 18 23 18 23 19 22 19
22 20 21 19 22 18 23 19
19 35 18 35 18 34 19 34
19 33 18 34 19 35 20 34
18 32 19 31 20 32 19 33
20 33 20 34 19 34 19 33
23 27 24 26 25 27 24 28
23 28 24 28 24 29 23 29
26 30 26 31 25 31 25 30
35 16 37 16 37 14 35 14
34 15 35 14 36 15 35 16
42 35 42 37 43 37 43 35
46 25 44 27 42 25 44 23
22 16 22 18 21 18 21 16
24 17 23 18 21 16 22 15
42 36 40 34 41 33 43 35
16 34 16 32 18 32 18 34
16 30 14 32 16 34 18 32
14 30 16 30 16 32 14 32
23 23 25 25 24 26 22 24
29 36 29 38 31 38 31 36
24 31 25 31 25 33 24 33
25 32 24 31 25 30 26 31
23 25 25 25 25 27 23 27
41 23 44 23 44 27 41 27
42 24 39 27 38 26 41 23
46 24 46 25 42 25 42 24
32 40 35 37 37 39 34 42
28 40 28 39 32 39 32 40
28 45 25 42 28 39 31 42
21 24 21 20 22 20 22 24
34 38 34 42 31 42 31 38
25 40 29 36 31 38 27 42
27 40 27 42 25 42 25 40
29 21 32 18 33 19 30 22
37 23 41 27 37 31 33 27
39 33 35 37 34 36 38 32
30 19 33 19 33 22 30 22
26 23 30 19 33 22 29 26
18 29 20 29 20 32 18 32
20 31 18 29 21 26 23 28
26 19 26 23 23 23 23 19
26 16 30 16 30 19 26 19
22 34 20 32 23 29 25 31
31 34 31 36 34 36 34 34
37 34 34 34 34 31 37 31
34 37 31 34 34 31 37 34
35 38 35 37 34 37 34 38
33 40 32 39 34 37 35 38
32 43 33 43 33 40 32 40
34 41 32 43 31 42 33 40
30 34 29 35 25 31 26 30
26 15 26 16 22 16 22 15
28 17 26 19 24 17 26 15
32 13 34 15 30 19 28 17
51 34 44 41 37 34 44 27
51 41 44 41 44 34 51 34
50 42 43 35 44 34 51 41
39 13 43 17 37 23 33 19
39 18 32 18 32 13 39 13
9 23 15 17 22 24 16 30
9 17 15 17 15 23 9 23
16 10 22 16 15 23 9 17
39 41 39 33 41 33 41 41
38 40 42 36 43 37 39 41
33 32 33 40 38 40 38 32
41 16 41 23 37 23 37 16
46 21 44 23 39 18 41 16
34 23 36 23 36 15 34 15
39 28 31 36 26 31 34 23
41 28 39 28 39 27 41 27
38 17 39 18 34 23 33 22
43 15 43 17 38 17 38 15
15 25 15 23 23 23 23 25
20 30 15 25 18 22 23 27
26 34 20 40 19 39 25 33
30 31 30 34 26 34 26 31
30 23 34 23 34 31 30 31
29 22 30 23 24 29 23 28
24 22 29 22 29 26 24 26
21 21 23 23 24 22 22 20
22 40 20 40 20 34 22 34
19 38 15 34 20 29 24 33
25 39 25 38 19 38 19 39
40 39 37 39 37 34 40 34
44 39 42 41 40 39 42 37
18 17 24 17 24 22 18 22
24 41 18 35 19 34 25 40
35 47 28 40 34 34 41 41
39 22 39 27 33 27 33 22
18 16 18 17 15 17 15 16
17 17 18 16 21 19 20 20
24 7 39 22 30 31 15 16
19 36 19 35 29 35 29 36
