best-score: 769617
count: 11
elapsed-time: 4.551
99
30 28 29 29 28 28 29 27
29 28 28 28 28 27 29 27
30 29 30 28 29 28 29 29
24 13 25 14 26 13 25 12
25 13 24 13 24 12 25 12
26 14 26 13 25 13 25 14
10 22 11 21 12 22 11 23
11 22 11 23 10 23 10 22
25 16 24 15 25 14 26 15
27 18 28 18 28 17 27 17
9 19 10 19 10 20 9 20
10 18 11 19 10 20 9 19
11 18 11 19 10 19 10 18
27 19 26 18 27 17 28 18
26 19 26 18 27 18 27 19
26 17 25 18 26 19 27 18
25 17 26 17 26 18 25 18
27 25 25 23 27 21 29 23
28 25 28 27 27 27 27 25
8 21 9 20 11 22 10 23
27 23 29 23 29 21 27 21
25 25 27 25 27 23 25 23
23 25 25 25 25 27 23 27
22 26 20 24 21 23 23 25
21 29 20 28 22 26 23 27
25 29 23 27 25 25 27 27
27 29 25 29 25 27 27 27
25 21 27 19 29 21 27 23
25 20 27 20 27 21 25 21
26 21 25 20 26 19 27 20
27 15 27 17 26 17 26 15
24 16 25 17 27 15 26 14
23 15 23 16 24 16 24 15
22 14 24 12 25 13 23 15
24 14 22 14 22 13 24 13
25 15 25 14 24 14 24 15
12 19 12 21 11 21 11 19
11 20 10 19 11 18 12 19
24 23 24 21 25 21 25 23
21 14 22 13 24 15 23 16
20 13 21 14 20 15 19 14
20 11 22 11 22 13 20 13
24 17 25 17 25 16 24 16
23 20 22 19 24 17 25 18
25 19 25 20 23 20 23 19
24 18 25 17 26 18 25 19
20 14 19 14 19 13 20 13
21 15 21 14 20 14 20 15
21 13 20 14 21 15 22 14
22 23 21 22 23 20 24 21
22 22 22 23 21 23 21 22
18 19 16 17 17 16 19 18
9 10 9 9 12 9 12 10
28 10 29 11 26 14 25 13
24 31 20 27 24 23 28 27
25 31 24 31 24 29 25 29
23 29 25 27 27 29 25 31
21 27 21 29 23 29 23 27
24 7 26 9 22 13 20 11
15 10 19 14 17 16 13 12
20 9 20 11 17 11 17 9
18 11 20 9 22 11 20 13
14 26 18 22 20 24 16 28
12 26 13 27 14 26 13 25
12 29 12 26 14 26 14 29
24 26 22 26 22 23 24 23
16 27 16 28 20 28 20 27
21 24 21 27 20 27 20 24
21 19 20 18 23 15 24 16
22 15 22 19 21 19 21 15
20 17 24 17 24 18 20 18
16 15 16 17 20 17 20 15
20 16 23 19 24 18 21 15
14 22 14 19 18 19 18 22
21 20 19 18 20 17 22 19
16 25 16 27 13 27 13 25
15 26 11 22 12 21 16 25
13 28 15 26 16 27 14 29
7 12 9 10 16 17 14 19
9 16 9 11 17 11 17 16
13 23 14 22 20 28 19 29
11 25 13 25 13 23 11 23
11 27 10 26 11 25 12 26
11 28 11 27 13 27 13 28
12 27 13 28 12 29 11 28
13 17 16 17 16 23 13 23
7 17 7 12 13 12 13 17
11 14 19 14 19 18 11 18
13 16 11 18 9 16 11 14
16 20 14 22 11 19 13 17
19 24 19 18 20 18 20 24
16 21 18 19 21 22 19 24
21 32 16 27 19 24 24 29
19 32 19 29 21 29 21 32
10 10 22 22 21 23 9 11
13 7 24 7 24 12 13 12
12 6 13 7 10 10 9 9
17 6 17 9 12 9 12 6
14 10 14 19 12 19 12 10
