best-score: 560551
count: 8
elapsed-time: 4.645
111
15 16 15 15 16 15 16 16
31 19 30 20 29 19 30 18
30 19 31 19 31 20 30 20
29 18 29 19 30 19 30 18
30 22 29 23 28 22 29 21
26 23 25 22 26 21 27 22
25 23 25 22 26 22 26 23
27 21 27 22 26 22 26 21
25 21 26 22 27 21 26 20
25 20 26 20 26 21 25 21
33 10 35 12 33 14 31 12
17 31 17 33 16 33 16 31
18 17 17 18 15 16 16 15
20 16 20 17 18 17 18 16
24 16 22 18 20 16 22 14
22 16 22 14 24 14 24 16
22 12 20 14 22 16 24 14
24 33 26 35 27 34 25 32
25 33 24 33 24 32 25 32
26 30 24 32 25 33 27 31
32 30 30 30 30 29 32 29
27 18 29 18 29 16 27 16
28 19 26 21 25 20 27 18
29 20 28 19 29 18 30 19
30 21 30 20 29 20 29 21
31 22 30 21 31 20 32 21
20 13 22 13 22 14 20 14
13 24 15 22 17 24 15 26
24 15 22 17 20 15 22 13
28 20 29 20 29 19 28 19
31 21 31 22 30 22 30 21
32 20 32 21 31 21 31 20
32 18 31 19 32 20 33 19
28 23 27 22 29 20 30 21
29 25 29 23 28 23 28 25
20 18 20 17 22 17 22 18
16 18 18 20 20 18 18 16
17 16 17 18 16 18 16 16
16 20 18 20 18 22 16 22
23 18 21 20 20 19 22 17
29 24 28 25 27 24 28 23
27 23 28 23 28 22 27 22
26 24 27 24 27 23 26 23
28 26 26 24 27 23 29 25
26 25 26 26 28 26 28 25
25 24 26 23 27 24 26 25
25 25 25 24 26 24 26 25
24 24 25 23 26 24 25 25
24 23 25 23 25 24 24 24
23 24 24 23 25 24 24 25
23 25 23 24 24 24 24 25
21 26 23 26 23 25 21 25
19 24 21 22 23 24 21 26
34 10 34 14 33 14 33 10
12 14 12 11 14 11 14 14
9 17 12 14 16 18 13 21
33 35 30 32 32 30 35 33
31 34 31 35 33 35 33 34
27 32 27 34 30 34 30 32
25 31 25 32 27 32 27 31
15 30 14 30 14 26 15 26
11 34 15 30 16 31 12 35
17 27 14 30 17 33 20 30
19 27 17 27 17 24 19 24
15 23 16 22 20 26 19 27
16 23 15 23 15 22 16 22
16 14 20 14 20 15 16 15
18 12 20 14 18 16 16 14
17 12 18 12 18 16 17 16
33 27 30 30 26 26 29 23
33 29 32 29 32 27 33 27
13 27 14 26 18 30 17 31
23 28 26 25 30 29 27 32
20 27 22 29 23 28 21 26
21 27 20 27 20 26 21 26
22 27 22 29 21 29 21 27
26 13 29 16 27 18 24 15
17 21 17 24 13 24 13 21
15 21 16 22 17 21 16 20
26 12 26 13 22 13 22 12
17 19 17 18 20 18 20 19
19 30 19 27 20 27 20 30
12 29 16 33 19 30 15 26
23 33 20 30 21 29 24 32
25 15 29 19 28 20 24 16
27 13 25 15 24 14 26 12
26 16 27 16 27 13 26 13
19 21 18 22 17 21 18 20
20 20 24 24 23 25 19 21
20 22 20 20 21 20 21 22
18 26 20 26 20 22 18 22
26 28 23 28 23 26 26 26
24 30 21 27 23 25 26 28
20 32 24 32 24 30 20 30
23 21 23 24 19 24 19 21
25 19 23 21 20 18 22 16
28 15 28 19 25 19 25 15
21 19 25 19 25 20 21 20
15 13 16 14 15 15 14 14
9 16 14 11 20 17 15 22
15 17 15 16 9 16 9 17
32 33 31 34 23 26 24 25
35 30 35 33 32 33 32 30
36 31 33 34 32 33 35 30
31 14 33 14 33 19 31 19
37 28 35 30 32 27 34 25
25 30 24 30 24 25 25 25
35 11 26 20 25 19 34 10
31 11 35 11 35 12 31 12
27 15 31 11 34 14 30 18
21 35 12 35 12 29 21 29
