best-score: 731498
count: 3
elapsed-time: 4.917
288
32 34 31 33 32 32 33 33
32 29 33 30 32 31 31 30
31 29 32 29 32 30 31 30
31 31 30 30 31 29 32 30
31 32 31 31 32 31 32 32
33 31 32 31 32 30 33 30
34 30 33 31 32 30 33 29
30 31 30 30 31 30 31 31
34 29 34 30 33 30 33 29
31 13 32 14 31 15 30 14
32 28 33 28 33 29 32 29
15 32 16 31 17 32 16 33
28 13 29 13 29 12 28 12
29 14 28 15 27 14 28 13
30 13 30 14 29 14 29 13
29 15 28 14 29 13 30 14
29 29 29 30 30 30 30 29
28 29 28 28 29 28 29 29
27 11 28 12 27 13 26 12
17 30 16 31 15 30 16 29
17 31 16 31 16 30 17 30
18 31 18 32 17 32 17 31
19 30 20 31 19 32 18 31
14 14 15 14 15 15 14 15
13 13 14 12 15 13 14 14
14 13 13 13 13 12 14 12
13 14 14 13 15 14 14 15
11 26 12 25 13 26 12 27
15 29 15 30 16 30 16 29
14 29 14 28 15 28 15 29
13 30 14 29 15 30 14 31
18 33 18 32 19 32 19 33
16 28 15 29 14 28 15 27
25 32 25 31 26 31 26 32
24 31 25 30 26 31 25 32
27 15 28 15 28 14 27 14
26 14 27 13 28 14 27 15
26 13 27 13 27 14 26 14
12 21 11 20 12 19 13 20
12 20 13 20 13 21 12 21
13 19 14 20 13 21 12 20
12 18 13 17 14 18 13 19
13 18 13 19 12 19 12 18
14 17 14 18 13 18 13 17
15 18 14 19 13 18 14 17
16 19 16 18 15 18 15 19
16 17 15 18 16 19 17 18
16 16 17 16 17 17 16 17
15 17 16 16 17 17 16 18
16 27 16 28 15 28 15 27
17 28 16 29 15 28 16 27
17 29 16 29 16 28 17 28
18 30 17 31 16 30 17 29
19 31 19 30 18 30 18 31
20 32 20 31 19 31 19 32
20 34 19 33 20 32 21 33
12 26 12 25 13 25 13 26
11 27 12 27 12 26 11 26
13 27 12 28 11 27 12 26
13 28 12 28 12 27 13 27
14 27 15 28 14 29 13 28
18 29 18 30 17 30 17 29
11 19 12 19 12 20 11 20
10 20 11 19 12 20 11 21
10 21 10 20 11 20 11 21
14 26 14 27 13 27 13 26
11 22 11 21 12 21 12 22
32 20 33 21 32 22 31 21
32 21 32 20 33 20 33 21
31 22 32 22 32 21 31 21
32 23 31 22 32 21 33 22
33 23 32 23 32 22 33 22
29 24 30 25 29 26 28 25
29 25 28 25 28 24 29 24
30 26 30 25 29 25 29 26
15 20 15 19 14 19 14 20
17 20 16 21 15 20 16 19
16 20 17 20 17 21 16 21
15 21 14 20 15 19 16 20
16 22 16 21 15 21 15 22
23 13 24 13 24 14 23 14
23 15 22 14 23 13 24 14
22 15 22 14 23 14 23 15
18 17 18 18 17 18 17 17
14 22 13 23 12 22 13 21
15 23 14 22 15 21 16 22
15 24 15 23 16 23 16 24
14 23 15 22 16 23 15 24
13 22 13 23 14 23 14 22
12 23 11 22 12 21 13 22
30 20 31 21 30 22 29 21
30 21 29 21 29 20 30 20
28 26 27 25 28 24 29 25
14 21 13 20 14 19 15 20
29 19 29 20 28 20 28 19
26 25 26 26 27 26 27 25
27 24 28 25 27 26 26 25
27 23 28 23 28 24 27 24
19 19 19 18 18 18 18 19
19 17 18 18 19 19 20 18
20 17 20 18 19 18 19 17
21 16 21 17 20 17 20 16
23 16 22 17 21 16 22 15
23 17 22 17 22 16 23 16
24 16 23 17 22 16 23 15
27 19 28 20 27 21 26 20
27 20 26 20 26 19 27 19
27 18 26 19 27 20 28 19
28 18 28 19 27 19 27 18
26 18 27 19 28 18 27 17
24 15 24 16 23 16 23 15
25 14 24 15 23 14 24 13
25 15 24 15 24 14 25 14
25 13 24 14 25 15 26 14
25 12 26 12 26 13 25 13
16 25 16 24 17 24 17 25
21 15 22 16 21 17 20 16
27 22 26 23 27 24 28 23
26 22 27 22 27 23 26 23
28 22 27 23 26 22 27 21
19 16 18 17 19 18 20 17
18 16 19 16 19 17 18 17
19 15 20 16 19 17 18 16
20 15 20 16 19 16 19 15
24 17 23 16 24 15 25 16
25 17 24 17 24 16 25 16
26 16 25 17 24 16 25 15
28 16 27 17 26 16 27 15
29 16 28 16 28 15 29 15
28 21 28 20 27 20 27 21
29 22 29 21 28 21 28 22
30 23 29 22 30 21 31 22
29 23 29 22 30 22 30 23
22 26 23 25 24 26 23 27
23 26 22 26 22 25 23 25
24 27 24 26 23 26 23 27
22 27 23 28 24 27 23 26
22 28 22 27 23 27 23 28
20 19 20 18 21 18 21 19
19 20 20 20 20 19 19 19
18 21 17 20 18 19 19 20
23 18 22 19 21 18 22 17
24 18 23 18 23 17 24 17
25 19 24 18 25 17 26 18
25 18 26 18 26 19 25 19
24 19 23 18 24 17 25 18
26 21 27 20 28 21 27 22
25 22 26 22 26 21 25 21
25 24 24 23 25 22 26 23
25 26 24 25 25 24 26 25
23 19 22 19 22 18 23 18
22 20 21 19 22 18 23 19
21 20 21 19 22 19 22 20
20 21 19 20 20 19 21 20
21 21 20 21 20 20 21 20
25 25 25 26 24 26 24 25
25 27 24 26 25 25 26 26
26 27 25 27 25 26 26 26
25 28 24 27 25 26 26 27
24 28 24 27 25 27 25 28
23 29 22 28 23 27 24 28
24 29 23 29 23 28 24 28
26 29 25 30 24 29 25 28
24 20 25 19 26 20 25 21
25 20 24 20 24 19 25 19
24 21 25 20 26 21 25 22
24 24 24 25 23 25 23 24
25 23 25 24 24 24 24 23
26 24 25 25 24 24 25 23
24 22 25 21 26 22 25 23
23 22 24 23 23 24 22 23
23 21 24 21 24 22 23 22
22 22 21 21 22 20 23 21
23 23 23 22 22 22 22 23
22 24 23 23 24 24 23 25
26 15 25 14 26 13 27 14
27 16 27 15 26 15 26 16
28 17 27 18 26 17 27 16
25 29 25 30 24 30 24 29
26 30 25 31 24 30 25 29
26 28 26 29 25 29 25 28
31 11 33 11 33 13 31 13
30 10 31 11 29 13 28 12
13 34 12 33 14 31 15 32
12 34 12 33 13 33 13 34
10 32 11 31 13 33 12 34
11 33 11 31 12 31 12 33
12 29 14 29 14 31 12 31
11 28 12 27 13 28 12 29
11 29 11 28 12 28 12 29
14 33 14 31 16 31 16 33
10 17 11 16 13 18 12 19
11 30 12 29 13 30 12 31
13 32 13 30 15 30 15 32
12 16 14 14 15 15 13 17
11 18 12 18 12 16 11 16
29 27 30 26 32 28 31 29
28 27 28 26 29 26 29 27
30 27 29 28 28 27 29 26
30 28 29 28 29 27 30 27
31 28 31 29 30 29 30 28
31 26 32 26 32 28 31 28
32 25 31 26 30 25 31 24
27 32 26 31 28 29 29 30
26 33 27 33 27 32 26 32
32 27 31 28 30 27 31 26
27 31 26 30 28 28 29 29
28 32 27 33 26 32 27 31
28 31 28 32 27 32 27 31
27 30 27 31 26 31 26 30
23 10 25 12 24 13 22 11
18 26 16 28 17 29 19 27
18 27 18 26 19 26 19 27
19 28 18 29 17 28 18 27
21 28 21 30 19 30 19 28
27 27 28 26 29 27 28 28
27 28 27 27 28 27 28 28
23 32 22 33 20 31 21 30
21 13 21 15 20 15 20 13
23 12 23 13 21 13 21 12
25 10 25 12 23 12 23 10
20 14 21 13 22 14 21 15
18 23 17 24 19 26 20 25
17 22 18 21 19 22 18 23
17 23 16 23 16 22 17 22
18 22 17 23 16 22 17 21
19 21 19 22 18 22 18 21
20 22 19 21 20 20 21 21
18 24 17 24 17 23 18 23
20 26 18 24 20 22 22 24
21 29 19 27 20 26 22 28
22 30 20 32 19 31 21 29
23 31 22 30 23 29 24 30
23 30 24 30 24 31 23 31
22 29 23 28 24 29 23 30
20 29 21 30 22 29 21 28
19 25 19 26 20 26 20 25
20 24 22 24 22 25 20 25
19 24 19 22 20 22 20 24
18 25 19 25 19 24 18 24
17 26 18 26 18 25 17 25
15 26 16 27 17 26 16 25
14 24 14 26 15 26 15 24
12 24 13 25 14 24 13 23
13 24 12 24 12 23 13 23
11 24 12 25 13 24 12 23
11 25 11 24 12 24 12 25
20 27 20 26 22 26 22 27
21 26 22 27 21 28 20 27
21 24 20 25 21 26 22 25
14 25 15 26 14 27 13 26
15 25 14 24 15 23 16 24
16 26 15 27 14 26 15 25
17 27 17 26 16 26 16 27
18 28 18 27 17 27 17 28
28 33 28 32 31 32 31 33
27 34 26 33 27 32 28 33
28 34 27 34 27 33 28 33
29 34 28 33 30 31 31 32
34 17 33 18 29 14 30 13
26 9 29 12 28 13 25 10
28 9 28 12 26 12 26 9
29 10 26 13 25 12 28 9
30 12 30 10 29 10 29 12
10 14 13 14 13 17 10 17
32 16 29 19 28 18 31 15
30 16 30 14 32 14 32 16
30 19 29 19 29 16 30 16
32 19 32 20 30 20 30 19
34 19 33 20 32 19 33 18
32 17 32 19 34 19 34 17
17 11 20 14 19 15 16 12
17 13 15 13 15 11 17 11
18 13 18 16 17 16 17 13
17 14 18 13 20 15 19 16
18 11 20 13 17 16 15 14
20 11 20 13 18 13 18 11
21 10 22 11 21 12 20 11
33 25 32 26 29 23 30 22
33 26 32 26 32 25 33 25
34 27 33 28 32 27 33 26
23 34 20 34 20 32 23 32
24 35 23 34 25 32 26 33
31 18 30 19 28 17 29 16
33 15 33 18 31 18 31 15
34 14 33 15 32 14 33 13
31 20 30 21 29 20 30 19
16 10 21 10 21 12 16 12
