best-score: 689043
count: 9
elapsed-time: 4.553
96
26 31 25 32 24 31 25 30
31 22 30 21 31 20 32 21
31 24 30 23 31 22 32 23
30 24 30 23 31 23 31 24
16 23 17 24 16 25 15 24
29 20 28 21 29 22 30 21
17 23 18 23 18 24 17 24
32 22 32 23 31 23 31 22
31 29 29 31 27 29 29 27
8 16 10 14 12 16 10 18
29 29 27 29 27 27 29 27
31 31 31 29 29 29 29 31
16 12 18 10 19 11 17 13
27 30 25 30 25 29 27 29
28 33 26 31 27 30 29 32
22 11 24 11 24 12 22 12
27 31 25 29 27 27 29 29
27 32 27 31 29 31 29 32
28 23 28 21 30 21 30 23
29 24 28 23 29 22 30 23
30 19 29 20 27 18 28 17
32 19 32 21 30 21 30 19
31 18 32 19 31 20 30 19
32 18 31 18 31 16 32 16
29 18 31 18 31 20 29 20
24 26 22 28 21 27 23 25
20 26 18 24 20 22 22 24
20 24 20 22 22 22 22 24
18 26 20 26 20 24 18 24
8 20 8 16 11 16 11 20
28 16 31 16 31 13 28 13
27 9 24 12 28 16 31 13
16 31 20 31 20 32 16 32
19 12 19 14 16 14 16 12
30 27 29 27 29 24 30 24
15 27 14 27 14 24 15 24
16 26 15 27 13 25 14 24
13 26 13 25 16 25 16 26
9 22 11 20 15 24 13 26
18 30 17 29 20 26 21 27
16 30 16 26 18 26 18 30
13 31 16 31 16 30 13 30
29 23 30 24 27 27 26 26
19 31 22 28 23 29 20 32
17 33 16 32 18 30 19 31
25 17 28 17 28 21 25 21
25 25 25 29 23 29 23 25
25 27 24 26 25 25 26 26
25 31 23 29 25 27 27 29
26 32 26 31 25 31 25 32
17 19 17 23 16 23 16 19
19 17 19 19 17 19 17 17
14 16 17 19 19 17 16 14
26 22 23 25 22 24 25 21
26 20 29 20 29 22 26 22
19 22 20 21 23 24 22 25
15 20 18 23 19 22 16 19
17 21 19 19 22 22 20 24
19 21 20 21 20 22 19 22
15 21 17 23 19 21 17 19
11 21 11 20 15 20 15 21
14 18 17 21 14 24 11 21
12 18 12 16 14 16 14 18
22 20 20 22 19 21 21 19
14 28 15 27 17 29 16 30
24 30 24 31 25 31 25 30
20 30 20 26 24 26 24 30
24 22 24 26 26 26 26 22
24 20 24 22 22 22 22 20
25 19 26 20 25 21 24 20
14 9 19 14 18 15 13 10
29 10 29 18 27 18 27 10
23 33 17 33 17 29 23 29
24 34 23 33 25 31 26 32
13 15 18 15 18 10 13 10
13 17 12 16 13 15 14 16
26 16 25 17 31 23 32 22
24 16 26 16 26 20 24 20
22 14 24 16 21 19 19 17
22 16 22 14 24 14 24 16
15 16 22 16 22 20 15 20
24 17 20 21 15 16 19 12
15 9 15 16 14 16 14 9
20 14 22 12 24 14 22 16
20 12 22 12 22 14 20 14
22 10 24 12 22 14 20 12
22 9 27 9 27 10 22 10
20 17 20 14 19 14 19 17
12 12 17 17 20 14 15 9
11 12 12 12 12 16 11 16
7 16 11 12 15 16 11 20
20 11 20 12 19 12 19 11
22 13 20 11 22 9 24 11
20 10 22 10 22 11 20 11
10 32 10 18 12 18 12 32
37 20 30 27 20 17 27 10
