best-score: 558513
count: 11
elapsed-time: 4.611
80
39 38 38 38 38 37 39 37
32 31 32 32 31 32 31 31
40 35 41 36 39 38 38 37
24 18 24 17 26 17 26 18
32 35 30 33 31 32 33 34
33 35 32 35 32 34 33 34
30 37 30 39 28 39 28 37
21 29 19 27 20 26 22 28
26 28 27 28 27 30 26 30
20 38 17 41 15 39 18 36
35 35 35 37 38 37 38 35
36 34 39 37 38 38 35 35
19 36 18 36 18 32 19 32
37 31 33 35 35 37 39 33
36 31 36 27 37 27 37 31
33 31 36 31 36 34 33 34
40 30 36 34 33 31 37 27
30 16 32 18 29 21 27 19
23 23 22 22 26 18 27 19
23 26 20 26 20 23 23 23
19 24 22 27 23 26 20 23
22 24 22 27 19 27 19 24
27 27 26 28 22 24 23 23
30 27 27 27 27 25 30 25
33 30 30 27 33 24 36 27
32 30 33 30 33 31 32 31
28 26 32 30 31 31 27 27
30 24 33 24 33 25 30 25
29 23 30 24 28 26 27 25
26 27 26 28 22 28 22 27
29 24 30 25 27 28 26 27
30 23 30 24 29 24 29 23
26 23 30 27 27 30 23 26
26 21 29 21 29 23 26 23
27 20 30 23 29 24 26 21
23 27 26 30 25 31 22 28
15 42 14 41 19 36 20 37
21 39 21 42 15 42 15 39
21 16 21 18 15 18 15 16
42 35 42 41 40 41 40 35
33 10 40 17 33 24 26 17
21 12 26 17 20 23 15 18
31 11 36 16 29 23 24 18
38 30 38 35 40 35 40 30
32 26 37 31 38 30 33 25
28 30 32 30 32 26 28 26
27 37 28 37 28 30 27 30
27 38 20 38 20 37 27 37
29 38 28 39 27 38 28 37
31 38 30 39 29 38 30 37
29 32 29 38 31 38 31 32
22 39 20 37 27 30 29 32
29 31 21 39 20 38 28 30
25 24 25 31 29 31 29 24
24 35 24 42 32 42 32 35
28 38 24 42 23 41 27 37
29 39 28 38 32 34 33 35
37 36 32 31 33 30 38 35
41 31 41 36 37 36 37 31
35 16 35 23 30 23 30 16
25 22 25 24 22 24 22 22
22 17 21 18 25 22 26 21
26 36 31 31 32 32 27 37
38 25 38 30 33 30 33 25
26 15 40 15 40 17 26 17
29 18 27 20 24 17 26 15
32 21 32 18 29 18 29 21
44 33 42 35 30 23 32 21
44 37 39 37 39 33 44 33
43 38 41 36 42 35 44 37
30 12 30 16 21 16 21 12
22 29 22 39 21 39 21 29
41 25 32 34 29 31 38 22
41 22 41 25 38 25 38 22
32 19 38 25 41 22 35 16
46 21 36 31 30 25 40 15
46 26 32 26 32 21 46 21
45 25 46 26 41 31 40 30
45 31 41 31 41 25 45 25
14 15 17 15 17 41 14 41
