best-score: 707314
count: 2
elapsed-time: 4.86
391
42 16 41 16 41 15 42 15
43 17 42 18 41 17 42 16
40 15 41 14 42 15 41 16
40 14 41 14 41 15 40 15
40 16 41 16 41 17 40 17
39 15 40 14 41 15 40 16
39 16 39 15 40 15 40 16
19 40 20 40 20 41 19 41
18 19 18 18 17 18 17 19
19 18 20 19 19 20 18 19
38 39 37 40 36 39 37 38
36 40 35 41 34 40 35 39
37 39 37 40 36 40 36 39
38 40 37 41 36 40 37 39
38 41 37 41 37 40 38 40
38 35 39 36 38 37 37 36
37 35 38 35 38 36 37 36
38 38 38 39 37 39 37 38
37 37 38 38 37 39 36 38
36 37 37 37 37 38 36 38
34 37 35 38 36 37 35 36
35 37 35 38 34 38 34 37
36 36 36 37 35 37 35 36
39 37 38 37 38 36 39 36
39 21 38 21 38 20 39 20
33 39 34 40 33 41 32 40
32 39 33 39 33 40 32 40
32 41 31 40 32 39 33 40
31 41 31 40 32 40 32 41
33 42 32 42 32 41 33 41
32 43 31 42 32 41 33 42
31 43 31 42 32 42 32 43
30 42 31 41 32 42 31 43
30 41 31 41 31 42 30 42
30 43 29 42 30 41 31 42
29 43 29 42 30 42 30 43
28 42 29 41 30 42 29 43
28 41 29 41 29 42 28 42
29 40 28 41 27 40 28 39
30 40 30 41 29 41 29 40
31 39 32 40 31 41 30 40
30 39 31 39 31 40 30 40
13 25 14 24 15 25 14 26
34 41 34 40 33 40 33 41
19 19 20 19 20 20 19 20
18 20 17 19 18 18 19 19
30 16 29 15 30 14 31 15
30 15 31 15 31 16 30 16
29 14 29 15 30 15 30 14
29 16 28 15 29 14 30 15
34 35 35 36 36 35 35 34
32 35 33 36 34 35 33 34
33 35 32 35 32 34 33 34
34 36 34 35 33 35 33 36
33 37 32 36 33 35 34 36
32 38 33 37 34 38 33 39
31 38 32 38 32 39 31 39
33 38 32 39 31 38 32 37
34 39 34 38 33 38 33 39
35 40 34 41 33 40 34 39
36 41 36 40 35 40 35 41
37 42 36 41 37 40 38 41
36 42 36 41 37 41 37 42
35 21 34 21 34 20 35 20
33 21 34 22 35 21 34 20
33 22 33 21 34 21 34 22
33 20 32 21 33 22 34 21
34 19 34 20 33 20 33 19
35 18 36 19 35 20 34 19
36 18 35 18 35 17 36 17
35 35 36 36 35 37 34 36
34 34 34 35 35 35 35 34
33 33 33 34 34 34 34 33
32 32 32 33 33 33 33 32
31 33 32 32 33 33 32 34
31 34 31 33 32 33 32 34
29 34 30 35 31 34 30 33
30 34 30 35 29 35 29 34
31 35 30 36 29 35 30 34
31 36 30 36 30 35 31 35
31 37 31 36 32 36 32 37
30 38 31 37 32 38 31 39
29 39 30 39 30 38 29 38
28 40 29 40 29 39 28 39
27 41 28 41 28 40 27 40
27 39 26 40 27 41 28 40
27 37 26 38 27 39 28 38
27 15 28 14 29 15 28 16
27 14 28 14 28 15 27 15
32 20 33 20 33 21 32 21
32 18 31 19 32 20 33 19
32 19 31 19 31 18 32 18
33 18 34 19 33 20 32 19
26 39 26 40 27 40 27 39
25 38 26 39 25 40 24 39
25 39 25 38 26 38 26 39
24 40 25 40 25 39 24 39
25 41 24 40 25 39 26 40
26 41 25 41 25 40 26 40
24 41 25 42 26 41 25 40
24 42 24 41 25 41 25 42
30 37 30 38 31 38 31 37
29 37 29 36 30 36 30 37
28 37 29 37 29 38 28 38
27 36 28 35 29 36 28 37
26 35 26 36 27 36 27 35
25 36 24 35 25 34 26 35
18 29 19 30 18 31 17 30
19 28 18 29 17 28 18 27
20 26 19 25 20 24 21 25
20 25 20 24 21 24 21 25
19 26 20 26 20 25 19 25
18 25 19 26 18 27 17 26
27 38 28 38 28 39 27 39
26 37 26 38 27 38 27 37
24 37 25 38 26 37 25 36
23 38 22 37 23 36 24 37
23 40 22 39 23 38 24 39
23 41 23 40 24 40 24 41
22 40 23 39 24 40 23 41
21 40 21 39 22 39 22 40
22 41 21 42 20 41 21 40
23 42 22 41 23 40 24 41
22 42 22 41 23 41 23 42
23 43 22 42 23 41 24 42
24 43 23 43 23 42 24 42
39 30 38 30 38 29 39 29
40 29 39 30 38 29 39 28
40 28 41 28 41 29 40 29
40 30 39 29 40 28 41 29
30 20 29 19 30 18 31 19
25 37 25 36 26 36 26 37
24 38 25 37 26 38 25 39
23 37 23 38 24 38 24 37
22 38 23 37 24 38 23 39
25 35 24 35 24 34 25 34
24 36 25 35 26 36 25 37
23 35 23 36 24 36 24 35
22 36 23 35 24 36 23 37
35 30 35 31 36 31 36 30
28 17 29 18 28 19 27 18
29 17 28 17 28 16 29 16
31 17 30 18 29 17 30 16
30 17 31 17 31 18 30 18
32 17 31 18 30 17 31 16
33 17 33 18 32 18 32 17
32 16 33 17 32 18 31 17
25 33 24 34 25 35 26 34
26 33 26 34 25 34 25 33
27 32 28 33 27 34 26 33
30 19 29 19 29 18 30 18
31 20 30 19 31 18 32 19
34 31 33 32 32 31 33 30
35 32 34 31 35 30 36 31
36 33 35 34 34 33 35 32
34 32 34 31 35 31 35 32
35 33 34 34 33 33 34 32
36 32 36 33 35 33 35 32
37 31 36 32 35 31 36 30
39 31 38 32 37 31 38 30
40 31 39 31 39 30 40 30
38 31 39 32 40 31 39 30
37 32 38 32 38 31 37 31
37 30 36 31 37 32 38 31
36 29 37 28 38 29 37 30
37 29 37 30 36 30 36 29
38 28 38 29 37 29 37 28
36 28 37 29 38 28 37 27
35 29 36 29 36 28 35 28
36 27 37 27 37 28 36 28
34 27 35 27 35 28 34 28
35 26 36 27 35 28 34 27
36 26 36 27 35 27 35 26
28 34 27 35 28 36 29 35
27 33 27 34 28 34 28 33
26 32 26 33 27 33 27 32
25 31 26 32 25 33 24 32
25 32 25 31 26 31 26 32
24 33 25 33 25 32 24 32
24 31 23 32 24 33 25 32
23 31 24 31 24 32 23 32
21 28 22 27 23 28 22 29
34 29 35 28 36 29 35 30
34 30 34 29 35 29 35 30
33 31 34 30 35 31 34 32
32 30 32 31 33 31 33 30
31 31 32 30 33 31 32 32
31 32 31 31 32 31 32 32
30 32 31 32 31 33 30 33
29 33 30 32 31 33 30 34
28 32 29 33 28 34 27 33
29 32 29 33 28 33 28 32
30 31 31 32 30 33 29 32
29 31 30 31 30 32 29 32
30 30 31 31 30 32 29 31
31 30 31 31 30 31 30 30
29 30 30 31 31 30 30 29
29 29 30 29 30 30 29 30
33 29 34 28 35 29 34 30
33 28 34 28 34 29 33 29
32 29 33 28 34 29 33 30
31 29 32 29 32 30 31 30
30 28 31 29 30 30 29 29
31 27 31 28 30 28 30 27
32 28 31 29 32 30 33 29
33 27 33 28 32 28 32 27
34 26 35 27 34 28 33 27
33 26 34 26 34 27 33 27
28 25 27 26 26 25 27 24
31 26 32 27 31 28 30 27
32 26 32 27 31 27 31 26
30 26 31 27 32 26 31 25
30 25 31 25 31 26 30 26
32 25 31 26 30 25 31 24
33 25 33 26 32 26 32 25
27 29 26 29 26 28 27 28
21 41 20 40 21 39 22 40
20 42 21 42 21 41 20 41
21 43 20 42 21 41 22 42
22 43 21 43 21 42 22 42
23 44 22 43 23 42 24 43
22 44 22 43 23 43 23 44
34 17 33 18 32 17 33 16
35 16 36 17 35 18 34 17
34 16 35 16 35 17 34 17
34 18 33 17 34 16 35 17
35 19 35 18 34 18 34 19
36 20 36 19 35 19 35 20
37 19 36 20 35 19 36 18
37 18 37 19 36 19 36 18
40 32 39 31 40 30 41 31
41 32 40 32 40 31 41 31
32 24 32 25 31 25 31 24
15 40 16 40 16 42 15 42
13 38 15 36 17 38 15 40
18 40 16 42 14 40 16 38
19 39 20 40 19 41 18 40
18 39 19 39 19 40 18 40
19 17 18 18 16 16 17 15
18 17 19 17 19 18 18 18
17 16 18 17 17 18 16 17
16 15 16 16 17 16 17 15
17 14 18 15 17 16 16 15
18 14 18 15 17 15 17 14
17 40 16 40 16 38 17 38
18 41 17 40 18 39 19 40
17 41 17 40 18 40 18 41
38 19 37 18 39 16 40 17
37 20 38 19 39 20 38 21
43 34 41 36 39 34 41 32
19 16 20 17 19 18 18 17
20 16 20 17 19 17 19 16
14 20 16 20 16 22 14 22
12 22 14 20 16 22 14 24
12 24 12 22 14 22 14 24
25 12 27 14 25 16 23 14
41 34 41 36 39 36 39 34
42 32 42 34 41 34 41 32
36 22 38 20 39 21 37 23
36 23 34 23 34 22 36 22
37 22 36 23 34 21 35 20
40 23 39 24 37 22 38 21
40 24 39 24 39 23 40 23
40 26 40 24 42 24 42 26
39 26 40 26 40 28 39 28
38 25 39 26 37 28 36 27
38 24 39 24 39 25 38 25
35 25 36 26 38 24 37 23
34 24 35 25 34 26 33 25
32 23 32 24 34 24 34 23
30 21 30 23 32 23 32 21
31 22 30 21 31 20 32 21
29 24 31 24 31 22 29 22
29 26 28 25 29 24 30 25
28 29 27 28 29 26 30 27
38 34 38 32 39 32 39 34
40 36 38 34 40 32 42 34
40 38 39 37 40 36 41 37
41 25 40 26 39 25 40 24
43 25 42 26 41 25 42 24
39 22 39 23 37 23 37 22
37 33 37 35 36 35 36 33
36 34 35 33 36 32 37 33
16 25 18 25 18 27 16 27
15 26 16 25 17 26 16 27
15 28 15 26 17 26 17 28
16 29 15 28 16 27 17 28
16 31 16 29 18 29 18 31
15 30 16 29 17 30 16 31
21 23 23 21 24 22 22 24
22 23 22 24 21 24 21 23
22 25 21 24 22 23 23 24
24 27 24 25 22 25 22 27
25 26 27 28 26 29 24 27
25 24 27 24 27 26 25 26
24 23 25 24 24 25 23 24
26 23 26 25 24 25 24 23
28 21 29 22 27 24 26 23
29 21 29 22 28 22 28 21
28 20 29 21 28 22 27 21
27 20 28 20 28 21 27 21
29 20 28 21 27 20 28 19
22 22 24 22 24 23 22 23
33 24 32 23 33 22 34 23
34 25 33 26 32 25 33 24
37 24 35 26 34 25 36 23
36 24 36 23 37 23 37 24
21 30 19 30 19 28 21 28
22 31 21 30 22 29 23 30
22 30 23 30 23 31 22 31
35 24 35 25 34 25 34 24
28 23 30 23 30 25 28 25
26 22 26 23 28 23 28 22
24 30 26 28 27 29 25 31
25 30 25 31 24 31 24 30
24 29 25 30 24 31 23 30
23 29 24 29 24 30 23 30
22 28 22 29 23 29 23 28
21 29 22 28 23 29 22 30
27 30 26 31 25 30 26 29
28 30 27 30 27 29 28 29
28 31 28 30 29 30 29 31
27 31 28 31 28 32 27 32
26 30 26 31 27 31 27 30
25 29 25 30 26 30 26 29
25 27 25 29 24 29 24 27
29 27 30 27 30 26 29 26
28 27 29 27 29 29 28 29
26 27 26 25 28 25 28 27
28 28 27 29 28 30 29 29
14 25 15 25 15 26 14 26
21 27 22 27 22 28 21 28
39 41 39 37 41 37 41 41
38 42 39 42 39 41 38 41
37 43 36 42 37 41 38 42
38 43 37 43 37 42 38 42
45 21 42 24 39 21 42 18
38 14 39 15 36 18 35 17
43 38 42 38 42 34 43 34
40 41 38 39 41 36 43 38
41 39 39 41 38 40 40 38
15 33 15 36 14 36 14 33
17 35 15 33 16 32 18 34
18 38 18 35 17 35 17 38
21 35 22 36 19 39 18 38
19 35 21 35 21 39 19 39
18 36 19 35 22 38 21 39
15 37 16 38 18 36 17 35
14 37 15 37 15 40 14 40
24 20 23 21 19 17 20 16
25 19 27 21 26 22 24 20
25 17 28 17 28 19 25 19
26 16 29 19 28 20 25 17
26 12 26 16 25 16 25 12
17 36 18 35 22 39 21 40
17 21 18 20 21 23 20 24
17 33 15 33 15 30 17 30
43 28 41 28 41 25 43 25
44 29 41 32 40 31 43 28
44 31 41 31 41 29 44 29
43 32 40 29 41 28 44 31
19 34 19 35 18 35 18 34
20 35 19 34 22 31 23 32
21 36 18 39 17 38 20 35
20 23 20 20 21 20 21 23
19 24 20 23 21 24 20 25
19 23 20 23 20 24 19 24
18 23 18 20 19 20 19 23
17 24 18 23 19 24 18 25
15 32 16 31 19 34 18 35
23 22 21 20 25 16 27 18
20 34 23 31 24 32 21 35
20 33 24 33 24 34 20 34
19 33 20 34 19 35 18 34
18 24 19 24 19 25 18 25
17 23 17 24 18 24 18 23
16 26 15 25 17 23 18 24
21 32 21 35 23 35 23 32
24 18 27 18 27 20 24 20
33 23 32 24 29 21 30 20
35 23 34 24 33 23 34 22
24 28 21 25 22 24 25 27
25 23 26 22 30 26 29 27
45 22 39 22 39 21 45 21
46 21 45 22 40 17 41 16
27 13 20 20 19 19 26 12
23 13 27 13 27 14 23 14
21 11 23 13 20 16 18 14
15 31 20 26 21 27 16 32
24 12 27 15 26 16 23 13
15 27 16 26 24 34 23 35
