best-score: 677523
count: 15
elapsed-time: 4.71
91
25 13 24 13 24 12 25 12
23 13 24 14 25 13 24 12
23 14 23 13 24 13 24 14
19 9 20 9 20 10 19 10
18 9 19 8 20 9 19 10
18 8 19 8 19 9 18 9
10 16 9 17 8 16 9 15
19 12 20 13 19 14 18 13
20 12 20 13 19 13 19 12
21 13 20 14 19 13 20 12
21 14 20 14 20 13 21 13
22 15 21 16 20 15 21 14
24 15 23 16 22 15 23 14
23 15 24 15 24 16 23 16
22 14 22 15 23 15 23 14
22 12 21 13 22 14 23 13
18 11 19 10 20 11 19 12
19 15 20 15 20 14 19 14
18 14 19 14 19 13 18 13
16 20 15 21 14 20 15 19
19 18 18 19 17 18 18 17
25 15 24 16 23 15 24 14
25 14 25 15 24 15 24 14
26 13 25 14 24 13 25 12
26 14 25 14 25 13 26 13
24 22 24 24 26 24 26 22
25 19 23 21 24 22 26 20
23 17 23 19 25 19 25 17
24 18 23 17 24 16 25 17
12 11 12 9 11 9 11 11
11 10 12 9 13 10 12 11
10 12 11 12 11 14 10 14
9 9 8 10 10 12 11 11
8 14 10 14 10 16 8 16
9 13 10 14 9 15 8 14
18 12 17 11 19 9 20 10
19 11 19 12 18 12 18 11
17 9 18 9 18 11 17 11
17 7 16 8 17 9 18 8
22 11 22 12 20 12 20 11
23 12 21 14 20 13 22 11
22 13 23 13 23 12 22 12
21 17 23 17 23 16 21 16
20 16 22 14 23 15 21 17
21 15 21 16 20 16 20 15
17 13 18 14 19 13 18 12
17 12 18 12 18 13 17 13
17 16 18 17 20 15 19 14
19 16 19 18 17 18 17 16
23 7 25 9 22 12 20 10
9 10 9 13 8 13 8 10
14 23 11 26 10 25 13 22
10 20 10 23 14 23 14 20
11 19 10 20 8 18 9 17
11 21 11 19 15 19 15 21
20 24 20 25 24 25 24 24
19 17 16 20 20 24 23 21
18 16 19 15 20 16 19 17
15 13 18 16 15 19 12 16
14 12 16 10 17 11 15 13
12 12 12 11 14 11 14 12
15 7 11 11 12 12 16 8
15 9 15 7 17 7 17 9
21 21 24 24 26 22 23 19
21 19 23 19 23 21 21 21
10 17 10 20 9 20 9 17
11 18 9 20 8 19 10 17
13 8 16 8 16 10 13 10
14 7 18 11 17 12 13 8
17 14 14 17 11 14 14 11
15 14 15 13 17 13 17 14
14 15 11 12 12 11 15 14
14 21 11 18 14 15 17 18
12 17 12 16 10 16 10 17
15 18 11 18 11 14 15 14
17 19 17 18 15 18 15 19
16 17 16 20 14 20 14 17
24 7 24 12 23 12 23 7
17 20 23 26 24 25 18 19
18 20 17 20 17 19 18 19
9 22 14 17 15 18 10 23
14 13 14 15 9 15 9 13
15 12 15 13 14 13 14 12
15 11 17 11 17 12 15 12
14 9 14 11 15 11 15 9
12 7 12 9 14 9 14 7
11 8 12 7 13 8 12 9
9 8 11 8 11 9 9 9
6 11 9 8 11 10 8 13
19 22 19 18 24 18 24 22
20 23 20 24 14 24 14 23
