best-score: 541372
count: 28
elapsed-time: 4.616
44
8 22 9 21 10 22 9 23
9 22 9 23 10 23 10 22
8 21 8 22 9 22 9 21
20 12 21 13 20 14 19 13
18 14 18 13 19 13 19 14
19 15 20 15 20 14 19 14
19 22 18 23 17 22 18 21
15 10 17 10 17 11 15 11
16 12 17 11 19 13 18 14
14 26 14 28 10 28 10 26
18 22 14 26 10 22 14 18
19 23 19 22 18 22 18 23
22 18 18 22 19 23 23 19
19 18 22 18 22 22 19 22
23 14 24 15 20 19 19 18
22 26 22 29 26 29 26 26
18 24 21 27 22 26 19 23
14 20 18 24 17 25 13 21
10 18 10 20 14 20 14 18
11 15 9 17 10 18 12 16
24 20 28 24 26 26 22 22
20 27 24 23 26 25 22 29
10 21 13 21 13 22 10 22
9 20 9 21 10 21 10 20
11 22 10 23 9 22 10 21
13 25 13 22 17 22 17 25
23 12 23 14 20 14 20 12
22 11 23 12 20 15 19 14
23 17 22 18 19 15 20 14
20 17 23 17 23 19 20 19
17 21 18 21 18 22 17 22
33 16 29 20 24 15 28 11
10 24 10 23 18 23 18 24
24 22 24 20 29 20 29 22
22 23 24 23 24 22 22 22
19 26 22 26 22 23 19 23
28 12 28 11 23 11 23 12
17 12 18 13 10 21 9 20
20 11 20 12 17 12 17 11
19 12 17 10 18 9 20 11
14 15 19 15 19 18 14 18
9 13 9 9 18 9 18 13
13 9 15 11 11 15 9 13
16 21 16 12 17 12 17 21
