best-score: 807393
count: 2
elapsed-time: 5.075
338
13 13 13 12 14 12 14 13
15 13 14 14 13 13 14 12
15 14 14 14 14 13 15 13
14 15 13 14 14 13 15 14
38 15 37 16 36 15 37 14
17 37 16 38 15 37 16 36
16 37 16 36 17 36 17 37
15 38 16 38 16 37 15 37
14 16 13 15 14 14 15 15
13 16 13 15 14 15 14 16
12 17 13 17 13 16 12 16
11 17 12 16 13 17 12 18
11 18 11 17 12 17 12 18
13 18 12 19 11 18 12 17
37 15 37 16 36 16 36 15
38 16 37 17 36 16 37 15
38 17 37 17 37 16 38 16
37 18 36 17 37 16 38 17
36 18 36 17 37 17 37 18
15 35 16 34 17 35 16 36
11 19 12 18 13 19 12 20
11 20 11 19 12 19 12 20
33 34 33 35 34 35 34 34
35 34 34 35 33 34 34 33
16 35 16 34 17 34 17 35
15 36 16 36 16 35 15 35
14 37 15 36 16 37 15 38
14 36 15 36 15 37 14 37
15 34 15 33 16 33 16 34
14 35 15 34 16 35 15 36
14 34 15 34 15 35 14 35
13 35 14 34 15 35 14 36
13 36 13 35 14 35 14 36
13 38 12 37 13 36 14 37
35 33 35 34 34 34 34 33
35 35 34 34 35 33 36 34
36 35 35 35 35 34 36 34
15 32 16 33 15 34 14 33
14 32 15 32 15 33 14 33
13 33 14 32 15 33 14 34
13 34 13 33 14 33 14 34
12 35 13 34 14 35 13 36
12 34 13 34 13 35 12 35
11 33 12 32 13 33 12 34
11 34 11 33 12 33 12 34
36 19 35 20 34 19 35 18
35 19 35 18 36 18 36 19
34 20 35 20 35 19 34 19
33 19 34 18 35 19 34 20
32 19 32 18 33 18 33 19
33 20 32 19 33 18 34 19
34 21 33 22 32 21 33 20
33 21 33 20 34 20 34 21
32 22 33 22 33 21 32 21
32 20 31 21 32 22 33 21
31 19 32 18 33 19 32 20
31 20 31 19 32 19 32 20
31 22 30 21 31 20 32 21
30 22 30 21 31 21 31 22
29 21 30 20 31 21 30 22
29 20 30 20 30 21 29 21
16 17 17 18 16 19 15 18
14 31 15 30 16 31 15 32
13 32 14 32 14 31 13 31
18 35 17 36 16 35 17 34
18 36 17 36 17 35 18 35
37 22 36 22 36 21 37 21
27 38 27 37 28 37 28 38
27 36 28 35 29 36 28 37
39 26 38 27 37 26 38 25
28 36 28 35 29 35 29 36
27 35 28 34 29 35 28 36
26 35 26 34 27 34 27 35
25 34 26 33 27 34 26 35
25 33 26 33 26 34 25 34
24 34 25 33 26 34 25 35
24 35 24 34 25 34 25 35
23 34 24 33 25 34 24 35
23 33 24 33 24 34 23 34
29 37 28 38 27 37 28 36
35 23 36 23 36 22 35 22
34 24 35 24 35 23 34 23
34 28 33 29 34 30 35 29
34 29 33 29 33 28 34 28
35 30 35 29 34 29 34 30
35 32 34 31 35 30 36 31
35 31 36 31 36 32 35 32
34 32 35 31 36 32 35 33
33 32 33 31 34 31 34 32
32 31 33 30 34 31 33 32
32 30 33 30 33 31 32 31
31 29 31 30 32 30 32 29
30 30 31 29 32 30 31 31
30 31 30 30 31 30 31 31
29 30 30 29 31 30 30 31
29 29 30 29 30 30 29 30
18 31 19 30 20 31 19 32
19 31 18 31 18 30 19 30
20 32 20 31 19 31 19 32
15 27 16 26 17 27 16 28
14 26 15 27 14 28 13 27
15 25 14 26 13 25 14 24
16 24 17 25 16 26 15 25
16 25 15 25 15 24 16 24
17 26 17 25 16 25 16 26
27 33 28 34 29 33 28 32
28 33 28 34 27 34 27 33
29 34 28 35 27 34 28 33
14 25 14 26 13 26 13 25
15 26 14 25 15 24 16 25
14 27 15 27 15 26 14 26
13 28 14 28 14 27 13 27
12 27 13 26 14 27 13 28
12 26 13 26 13 27 12 27
11 27 12 26 13 27 12 28
11 28 11 27 12 27 12 28
33 24 34 23 35 24 34 25
33 25 33 24 34 24 34 25
35 25 34 26 33 25 34 24
35 26 34 26 34 25 35 25
29 32 29 33 28 33 28 32
22 31 21 30 22 29 23 30
23 31 22 31 22 30 23 30
23 29 22 30 23 31 24 30
24 29 24 30 23 30 23 29
25 30 24 31 23 30 24 29
25 31 24 31 24 30 25 30
25 32 25 31 26 31 26 32
27 32 26 33 25 32 26 31
28 31 29 32 28 33 27 32
27 31 28 31 28 32 27 32
26 30 27 31 26 32 25 31
27 30 27 31 26 31 26 30
26 29 27 30 26 31 25 30
25 29 26 29 26 30 25 30
24 28 24 29 25 29 25 28
25 27 26 28 25 29 24 28
26 27 26 28 25 28 25 27
27 28 26 29 25 28 26 27
27 29 26 29 26 28 27 28
28 28 27 29 26 28 27 27
29 27 30 28 29 29 28 28
28 29 29 30 28 31 27 30
28 30 27 30 27 29 28 29
29 31 29 30 28 30 28 31
30 32 30 31 29 31 29 32
31 28 31 29 30 29 30 28
32 27 33 28 32 29 31 28
31 27 31 26 32 26 32 27
32 28 31 29 30 28 31 27
33 27 33 28 32 28 32 27
35 27 34 28 33 27 34 26
24 32 25 32 25 33 24 33
23 32 23 31 24 31 24 32
22 33 23 33 23 32 22 32
21 32 22 31 23 32 22 33
21 31 22 31 22 32 21 32
21 33 20 32 21 31 22 32
21 29 21 30 22 30 22 29
20 30 21 29 22 30 21 31
19 29 20 30 19 31 18 30
20 29 20 30 19 30 19 29
20 25 20 26 19 26 19 25
29 28 29 29 28 29 28 28
30 27 30 28 29 28 29 27
30 25 29 26 30 27 31 26
23 28 23 29 22 29 22 28
21 28 22 29 23 28 22 27
20 28 21 28 21 29 20 29
21 27 22 28 21 29 20 28
28 27 29 28 28 29 27 28
28 26 29 26 29 27 28 27
26 26 27 27 28 26 27 25
27 26 27 27 26 27 26 26
28 25 28 26 27 26 27 25
26 25 27 26 28 25 27 24
26 24 27 24 27 25 26 25
27 23 28 24 27 25 26 24
28 23 28 24 27 24 27 23
23 27 24 28 23 29 22 28
24 27 24 28 23 28 23 27
22 23 22 22 23 22 23 23
38 14 38 15 37 15 37 14
12 29 12 28 13 28 13 29
35 13 36 12 38 14 37 15
34 37 34 35 35 35 35 37
34 38 33 38 33 37 34 37
34 36 33 37 34 38 35 37
34 14 36 16 34 18 32 16
36 14 36 15 34 15 34 14
37 12 37 14 36 14 36 12
15 17 15 18 13 18 13 17
14 18 13 17 14 16 15 17
16 20 15 21 13 19 14 18
33 11 32 12 34 14 35 13
32 11 33 11 33 12 32 12
13 22 11 20 12 19 14 21
11 30 12 29 14 31 13 32
33 16 35 18 36 17 34 15
34 16 34 18 33 18 33 16
38 20 37 21 35 19 36 18
19 12 21 12 21 13 19 13
16 15 16 17 15 17 15 15
21 34 19 36 18 35 20 33
20 34 20 33 21 33 21 34
19 33 20 34 18 36 17 35
18 32 19 31 20 32 19 33
17 31 18 32 16 34 15 33
15 29 16 28 18 30 17 31
13 30 15 30 15 29 13 29
11 31 13 31 13 30 11 30
10 30 12 28 13 29 11 31
10 28 11 28 11 30 10 30
27 10 29 12 27 14 25 12
17 33 16 33 16 31 17 31
19 34 19 33 17 33 17 34
20 36 20 34 19 34 19 36
31 18 32 18 32 16 31 16
30 19 31 18 32 19 31 20
30 18 31 18 31 19 30 19
29 19 30 18 31 19 30 20
27 20 29 20 29 19 27 19
29 22 28 23 26 21 27 20
28 21 28 22 29 22 29 21
14 30 13 29 14 28 15 29
15 31 14 32 13 31 14 30
16 30 16 31 15 31 15 30
18 28 18 30 16 30 16 28
19 27 20 28 19 29 18 28
18 26 19 25 20 26 19 27
18 27 17 27 17 26 18 26
18 25 17 26 18 27 19 26
19 23 19 25 18 25 18 23
39 24 38 25 36 23 37 22
37 24 39 24 39 26 37 26
16 23 14 21 16 19 18 21
17 24 17 23 16 23 16 24
19 24 18 25 17 24 18 23
21 22 22 23 20 25 19 24
11 24 12 23 14 25 13 26
17 29 15 29 15 27 17 27
14 22 15 21 17 23 16 24
13 24 14 24 14 22 13 22
11 25 13 25 13 24 11 24
12 24 13 25 12 26 11 25
10 22 12 20 14 22 12 24
19 17 21 15 23 17 21 19
21 17 19 17 19 15 21 15
23 15 21 17 19 15 21 13
15 22 14 22 14 21 15 21
26 38 24 36 25 35 27 37
26 36 26 38 24 38 24 36
36 27 34 29 33 28 35 26
36 28 36 27 38 27 38 28
37 31 35 29 36 28 38 30
22 35 21 34 22 33 23 34
22 36 22 35 24 35 24 36
21 35 23 33 24 34 22 36
22 34 22 35 21 35 21 34
19 18 21 18 21 19 19 19
17 17 17 18 19 18 19 17
17 13 15 15 17 17 19 15
17 15 17 13 19 13 19 15
17 19 15 17 17 15 19 17
16 18 16 19 17 19 17 18
36 26 36 27 35 27 35 26
37 27 36 28 35 27 36 26
23 18 23 17 21 17 21 18
17 21 18 21 18 23 17 23
18 20 17 21 16 20 17 19
27 18 28 17 30 19 29 20
17 28 18 27 20 29 19 30
16 29 14 27 15 26 17 28
19 28 18 28 18 27 19 27
26 20 28 22 29 21 27 19
25 20 26 20 26 21 25 21
25 16 23 18 25 20 27 18
24 20 25 21 23 23 22 22
25 24 24 25 22 23 23 22
30 24 30 25 28 25 28 24
31 25 29 27 28 26 30 24
32 24 33 25 32 26 31 25
31 24 31 22 32 22 32 24
25 25 25 27 24 27 24 25
21 25 23 27 25 25 23 23
22 25 22 27 21 27 21 25
23 13 23 15 21 15 21 13
25 11 26 12 24 14 23 13
26 11 26 12 25 12 25 11
20 37 20 36 22 36 22 37
21 11 19 13 21 15 23 13
30 26 30 25 31 25 31 26
34 41 31 38 34 35 37 38
37 41 34 41 34 38 37 38
34 13 36 15 33 18 31 16
30 33 34 37 33 38 29 34
33 33 30 33 30 32 33 32
32 32 33 31 34 32 33 33
31 33 30 32 31 31 32 32
31 37 29 35 31 33 33 35
29 38 31 38 31 37 29 37
28 39 27 38 28 37 29 38
29 39 28 39 28 38 29 38
18 11 19 12 16 15 15 14
32 13 29 13 29 12 32 12
33 13 33 16 32 16 32 13
34 12 34 13 33 13 33 12
31 35 31 37 33 37 33 35
31 39 29 37 31 35 33 37
33 39 31 39 31 38 33 38
36 42 33 39 34 38 37 41
16 21 13 18 16 15 19 18
17 20 17 21 16 21 16 20
18 19 18 20 17 20 17 19
31 12 32 11 33 12 32 13
31 41 29 39 31 37 33 39
29 41 29 39 31 39 31 41
13 20 13 19 16 19 16 20
12 22 13 22 13 20 12 20
10 23 12 23 12 22 10 22
27 15 30 18 32 16 29 13
27 17 23 17 23 15 27 15
28 18 28 17 27 17 27 18
26 18 27 19 28 18 27 17
26 19 26 18 27 18 27 19
25 40 22 37 24 35 27 38
31 34 31 35 29 35 29 34
31 32 30 33 29 32 30 31
27 13 27 14 24 14 24 13
21 23 18 20 19 19 22 22
19 22 19 23 21 23 21 22
22 19 19 22 18 21 21 18
24 16 25 16 25 20 24 20
25 15 24 16 23 15 24 14
29 15 27 17 25 15 27 13
31 13 34 16 32 18 29 15
25 19 23 17 24 16 26 18
29 14 29 15 27 15 27 14
