best-score: 700395
count: 23
elapsed-time: 4.506
67
20 9 19 8 20 7 21 8
19 7 19 8 18 8 18 7
17 22 17 21 18 21 18 22
22 12 22 13 21 13 21 12
12 17 13 16 14 17 13 18
12 18 12 17 13 17 13 18
14 16 14 17 13 17 13 16
14 15 13 14 14 13 15 14
7 7 9 7 9 9 7 9
12 25 10 23 12 21 14 23
9 17 11 19 9 21 7 19
8 11 9 10 11 12 10 13
10 11 10 13 8 13 8 11
14 7 15 8 13 10 12 9
15 7 15 8 14 8 14 7
24 15 22 17 21 16 23 14
12 11 13 10 15 12 14 13
10 9 10 11 12 11 12 9
17 12 15 12 15 11 17 11
16 11 17 12 16 13 15 12
13 12 15 12 15 14 13 14
11 10 11 12 13 12 13 10
11 8 10 9 11 10 12 9
18 15 17 16 15 14 16 13
16 15 16 13 14 13 14 15
16 17 16 15 18 15 18 17
17 18 16 17 17 16 18 17
10 19 10 23 8 23 8 19
11 20 8 23 7 22 10 19
14 19 12 21 11 20 13 18
16 19 14 19 14 17 16 17
15 20 16 19 18 21 17 22
19 12 21 12 21 8 19 8
19 15 18 15 18 12 19 12
17 9 15 11 19 15 21 13
20 11 20 9 17 9 17 11
20 13 19 12 20 11 21 12
20 16 20 13 21 13 21 16
17 17 18 18 20 16 19 15
9 25 9 21 12 21 12 25
23 11 22 12 18 8 19 7
19 22 18 21 22 17 23 18
15 10 18 7 19 8 16 11
18 10 15 10 15 8 18 8
13 19 14 19 14 23 13 23
12 20 11 19 12 18 13 19
15 21 15 20 12 20 12 21
18 24 15 21 18 18 21 21
19 24 18 24 18 22 19 22
16 6 18 8 17 9 15 7
21 18 21 21 18 21 18 18
23 16 23 18 21 18 21 16
6 15 8 13 12 17 10 19
12 19 12 20 11 20 11 19
18 20 17 21 13 17 14 16
12 16 12 17 9 17 9 16
11 17 12 16 13 17 12 18
13 15 14 16 18 12 17 11
12 15 13 15 13 16 12 16
6 17 8 19 12 15 10 13
6 21 6 17 9 17 9 21
1 17 9 9 17 17 9 25
1 15 6 15 6 17 1 17
6 10 7 9 13 15 12 16
9 15 9 10 6 10 6 15
7 13 8 13 8 19 7 19
24 22 19 22 19 15 24 15
