best-score: 613849
count: 7
elapsed-time: 4.879
117
33 13 34 13 34 14 33 14
20 38 19 39 18 38 19 37
19 38 19 37 20 37 20 38
18 39 19 39 19 38 18 38
34 20 35 20 35 21 34 21
33 28 33 29 34 29 34 28
32 28 33 29 34 28 33 27
32 27 33 27 33 28 32 28
15 22 17 22 17 23 15 23
29 18 31 18 31 17 29 17
37 21 37 23 35 23 35 21
33 23 35 25 37 23 35 21
33 25 33 23 35 23 35 25
23 35 22 34 24 32 25 33
35 26 36 27 34 29 33 28
23 34 23 32 22 32 22 34
23 29 24 30 22 32 21 31
23 30 24 30 24 32 23 32
22 22 23 22 23 24 22 24
23 23 22 24 21 23 22 22
26 22 24 24 23 23 25 21
40 35 36 39 34 37 38 33
38 16 39 17 35 21 34 20
35 16 38 16 38 20 35 20
36 15 35 16 33 14 34 13
18 37 15 37 15 36 18 36
17 38 18 37 19 38 18 39
17 32 14 35 15 36 18 33
13 30 13 32 17 32 17 30
30 16 31 17 34 14 33 13
30 14 33 14 33 16 30 16
30 11 33 14 29 18 26 15
21 33 22 34 19 37 18 36
21 36 18 36 18 33 21 33
23 40 20 37 21 36 24 39
24 42 20 38 23 35 27 39
27 42 24 42 24 39 27 39
27 36 24 39 27 42 30 39
30 35 30 39 31 39 31 35
41 25 39 27 35 23 37 21
16 21 20 17 21 18 17 22
32 17 35 20 34 21 31 18
18 26 15 23 18 20 21 23
36 26 36 27 39 27 39 26
40 30 38 32 34 28 36 26
34 18 34 20 31 20 31 18
35 17 38 20 37 21 34 18
31 32 31 29 33 29 33 32
27 28 31 32 27 36 23 32
27 24 29 24 29 28 27 28
25 22 29 18 31 20 27 24
23 21 23 22 25 22 25 21
26 35 23 35 23 34 26 34
25 31 25 33 21 33 21 31
28 16 29 17 25 21 24 20
23 28 26 31 23 34 20 31
24 28 23 28 23 24 24 24
27 30 27 28 24 28 24 30
31 34 27 30 29 28 33 32
34 35 34 34 31 34 31 35
37 32 34 35 31 32 34 29
37 33 37 32 38 32 38 33
40 34 39 35 37 33 38 32
39 34 40 34 40 35 39 35
19 28 23 28 23 29 19 29
21 34 17 30 19 28 23 32
36 25 36 26 35 26 35 25
27 20 27 24 24 24 24 20
25 26 25 22 26 22 26 26
21 26 23 28 25 26 23 24
15 24 19 28 21 26 17 22
22 26 24 24 26 26 24 28
21 24 21 26 22 26 22 24
22 21 20 23 21 24 23 22
29 26 27 28 25 26 27 24
33 38 30 35 31 34 34 37
20 24 20 23 21 23 21 24
13 19 13 13 16 13 16 19
39 37 34 37 34 35 39 35
35 33 39 37 38 38 34 34
15 18 15 15 21 15 21 18
13 35 19 29 21 31 15 37
22 11 30 11 30 14 22 14
23 12 16 19 15 18 22 11
40 21 36 25 31 20 35 16
27 35 31 39 37 33 33 29
26 36 27 36 27 35 26 35
25 35 26 34 27 35 26 36
24 16 24 20 18 20 18 16
23 17 21 15 22 14 24 16
29 12 29 17 23 17 23 12
9 26 16 19 20 23 13 30
22 19 22 21 16 21 16 19
25 14 21 18 22 19 26 15
39 29 39 34 34 34 34 29
29 25 26 22 31 17 34 20
28 26 29 25 32 28 31 29
28 31 26 31 26 26 28 26
34 31 29 26 34 21 39 26
26 32 26 34 31 34 31 32
32 24 25 31 26 32 33 25
25 15 24 16 32 24 33 23
26 21 26 15 25 15 25 21
34 22 34 21 26 21 26 22
33 36 33 38 27 38 27 36
20 26 21 26 21 31 20 31
18 24 18 26 20 26 20 24
13 29 18 24 20 26 15 31
20 21 22 19 25 22 23 24
24 18 18 24 17 23 23 17
30 30 30 35 27 35 27 30
17 17 18 16 23 21 22 22
27 33 26 34 25 33 26 32
31 37 27 33 30 30 34 34
41 15 41 25 36 25 36 15
14 40 14 35 23 35 23 40
9 33 9 26 18 26 18 33
