best-score: 725131
count: 1
elapsed-time: 5.244
574
18 16 18 17 17 17 17 16
19 17 18 18 17 17 18 16
20 16 21 17 20 18 19 17
20 17 19 17 19 16 20 16
19 18 18 17 19 16 20 17
42 45 41 44 42 43 43 44
42 44 43 44 43 45 42 45
41 43 41 44 42 44 42 43
42 42 43 43 42 44 41 43
42 40 41 41 42 42 43 41
42 41 42 40 43 40 43 41
41 42 42 41 43 42 42 43
40 43 41 43 41 42 40 42
39 42 40 43 39 44 38 43
38 42 39 42 39 43 38 43
39 41 40 42 39 43 38 42
42 46 41 45 42 44 43 45
41 46 41 45 42 45 42 46
19 44 20 43 21 44 20 45
19 43 20 43 20 44 19 44
19 45 18 44 19 43 20 44
16 21 16 20 15 20 15 21
14 21 15 22 16 21 15 20
14 22 14 21 15 21 15 22
15 23 14 22 15 21 16 22
16 23 16 24 15 24 15 23
17 22 17 23 16 23 16 22
17 24 16 23 17 22 18 23
18 24 17 24 17 23 18 23
17 25 16 24 17 23 18 24
16 25 16 24 17 24 17 25
17 26 16 25 17 24 18 25
16 27 17 27 17 26 16 26
21 45 21 44 20 44 20 45
45 40 44 40 44 39 45 39
44 41 43 40 44 39 45 40
44 43 43 42 44 41 45 42
44 44 43 44 43 43 44 43
44 42 43 43 44 44 45 43
45 41 45 42 44 42 44 41
46 40 45 41 44 40 45 39
46 41 45 41 45 40 46 40
46 38 45 39 44 38 45 37
46 39 45 39 45 38 46 38
47 40 46 41 45 40 46 39
39 17 40 17 40 16 39 16
39 15 38 16 39 17 40 16
38 15 39 15 39 16 38 16
40 44 39 44 39 43 40 43
40 45 40 44 41 44 41 45
43 38 44 39 45 38 44 37
43 39 43 38 44 38 44 39
14 23 15 22 16 23 15 24
46 36 45 37 44 36 45 35
46 37 45 37 45 36 46 36
47 38 46 39 45 38 46 37
22 18 21 17 22 16 23 17
21 19 22 19 22 18 21 18
21 21 20 20 21 19 22 20
24 15 24 16 23 16 23 15
24 17 23 16 24 15 25 16
46 24 45 25 44 24 45 23
19 40 20 39 21 40 20 41
23 42 22 43 23 44 24 43
43 37 43 36 44 36 44 37
42 38 43 37 44 38 43 39
42 37 43 37 43 38 42 38
41 36 42 35 43 36 42 37
44 35 44 36 45 36 45 35
22 17 23 17 23 16 22 16
21 16 22 17 21 18 20 17
24 18 23 17 24 16 25 17
23 18 23 17 24 17 24 18
24 19 23 20 22 19 23 18
25 18 25 19 24 19 24 18
42 24 43 25 44 24 43 23
43 24 43 25 42 25 42 24
44 23 44 24 43 24 43 23
37 43 36 42 37 41 38 42
27 46 26 45 27 44 28 45
22 41 21 40 22 39 23 40
35 42 35 43 36 43 36 42
35 44 34 43 35 42 36 43
34 44 34 43 35 43 35 44
34 42 33 43 34 44 35 43
34 41 35 41 35 42 34 42
36 41 35 42 34 41 35 40
37 42 37 41 36 41 36 42
37 44 36 43 37 42 38 43
38 44 37 44 37 43 38 43
39 45 38 44 39 43 40 44
38 45 38 44 39 44 39 45
39 46 38 45 39 44 40 45
40 46 39 46 39 45 40 45
23 19 23 20 22 20 22 19
24 20 23 19 24 18 25 19
20 40 20 39 21 39 21 40
19 41 20 41 20 40 19 40
19 39 18 40 19 41 20 40
18 39 19 39 19 40 18 40
16 35 17 34 18 35 17 36
16 36 16 35 17 35 17 36
15 35 16 34 17 35 16 36
15 34 16 34 16 35 15 35
41 22 42 23 41 24 40 23
41 23 41 22 42 22 42 23
40 24 41 24 41 23 40 23
39 23 40 24 39 25 38 24
40 22 40 23 39 23 39 22
41 21 42 22 41 23 40 22
40 21 41 21 41 22 40 22
41 25 40 24 41 23 42 24
18 26 17 27 16 26 17 25
37 39 38 40 37 41 36 40
37 40 36 40 36 39 37 39
38 41 38 40 37 40 37 41
39 40 40 41 39 42 38 41
40 40 40 41 39 41 39 40
39 39 40 40 39 41 38 40
38 39 39 39 39 40 38 40
37 38 38 37 39 38 38 39
36 37 37 38 36 39 35 38
36 38 36 37 37 37 37 38
38 38 37 39 36 38 37 37
40 38 39 39 38 38 39 37
40 39 39 39 39 38 40 38
18 34 18 35 17 35 17 34
22 40 21 39 22 38 23 39
21 41 22 41 22 40 21 40
27 45 27 44 26 44 26 45
28 46 28 45 27 45 27 46
33 42 33 43 34 43 34 42
33 40 32 41 33 42 34 41
33 38 32 39 33 40 34 39
34 38 33 38 33 37 34 37
35 39 35 38 34 38 34 39
34 40 35 39 36 40 35 41
33 39 33 40 34 40 34 39
32 38 32 39 33 39 33 38
31 37 32 38 31 39 30 38
31 38 30 38 30 37 31 37
30 39 31 38 32 39 31 40
30 40 30 39 31 39 31 40
21 38 21 39 22 39 22 38
22 37 23 38 22 39 21 38
24 40 23 40 23 39 24 39
25 39 24 40 23 39 24 38
26 39 25 39 25 38 26 38
25 40 24 39 25 38 26 39
24 41 25 41 25 40 24 40
42 28 43 27 44 28 43 29
42 29 42 28 43 28 43 29
44 29 43 30 42 29 43 28
44 30 43 30 43 29 44 29
22 36 23 37 22 38 21 37
23 36 23 37 22 37 22 36
22 35 23 36 22 37 21 36
21 35 22 35 22 36 21 36
28 17 28 18 27 18 27 17
28 16 29 16 29 17 28 17
29 15 30 16 29 17 28 16
30 15 30 16 29 16 29 15
36 22 37 22 37 23 36 23
44 27 44 28 43 28 43 27
33 20 32 19 33 18 34 19
32 21 33 21 33 20 32 20
34 21 33 22 32 21 33 20
34 22 33 22 33 21 34 21
34 20 33 21 34 22 35 21
35 20 35 21 34 21 34 20
33 19 34 19 34 20 33 20
31 19 32 20 33 19 32 18
31 20 31 19 32 19 32 20
30 19 31 18 32 19 31 20
30 18 31 18 31 19 30 19
29 19 30 18 31 19 30 20
28 19 29 19 29 20 28 20
26 19 27 20 28 19 27 18
25 20 24 19 25 18 26 19
24 37 24 38 23 38 23 37
25 36 26 37 25 38 24 37
25 37 25 36 26 36 26 37
27 37 26 38 25 37 26 36
27 38 26 38 26 37 27 37
28 39 27 40 26 39 27 38
29 38 30 39 29 40 28 39
29 39 29 38 30 38 30 39
29 37 28 38 29 39 30 38
29 36 30 36 30 37 29 37
28 37 29 36 30 37 29 38
27 36 27 37 28 37 28 36
18 31 18 32 17 32 17 31
18 33 17 32 18 31 19 32
19 33 18 33 18 32 19 32
17 33 18 34 19 33 18 32
16 33 17 33 17 34 16 34
39 36 39 37 38 37 38 36
41 34 40 33 41 32 42 33
27 19 27 20 26 20 26 19
26 18 27 19 26 20 25 19
26 16 25 17 26 18 27 17
26 17 25 17 25 16 26 16
27 16 28 17 27 18 26 17
37 35 38 36 37 37 36 36
24 24 24 23 23 23 23 24
24 22 23 23 24 24 25 23
25 22 25 23 24 23 24 22
35 37 36 38 35 39 34 38
35 36 36 36 36 37 35 37
36 35 35 36 34 35 35 34
37 36 37 35 36 35 36 36
38 35 39 36 38 37 37 36
37 34 38 33 39 34 38 35
38 34 38 35 37 35 37 34
24 36 23 37 24 38 25 37
29 41 28 42 29 43 30 42
30 41 29 41 29 40 30 40
29 42 28 41 29 40 30 41
30 43 30 42 29 42 29 43
36 24 37 23 38 24 37 25
37 24 37 25 36 25 36 24
38 23 37 24 36 23 37 22
39 24 39 23 38 23 38 24
40 25 40 24 39 24 39 25
38 25 39 26 40 25 39 24
37 26 36 25 37 24 38 25
38 26 37 26 37 25 38 25
40 34 39 34 39 33 40 33
41 33 40 34 39 33 40 32
42 32 42 33 41 33 41 32
21 32 20 33 21 34 22 33
22 31 21 32 20 31 21 30
23 31 22 31 22 30 23 30
27 21 27 20 28 20 28 21
29 18 30 19 29 20 28 19
30 17 30 18 29 18 29 17
31 16 30 17 29 16 30 15
31 17 30 17 30 16 31 16
32 17 32 18 31 18 31 17
34 17 33 18 32 17 33 16
31 42 30 41 31 40 32 41
31 41 31 42 30 42 30 41
32 40 32 41 31 41 31 40
33 41 32 40 33 39 34 40
32 42 33 42 33 41 32 41
31 43 30 42 31 41 32 42
32 43 31 43 31 42 32 42
33 44 32 43 33 42 34 43
32 44 32 43 33 43 33 44
41 31 41 32 40 32 40 31
39 31 40 32 41 31 40 30
39 30 40 30 40 31 39 31
38 30 38 29 39 29 39 30
38 32 37 31 38 30 39 31
37 33 38 32 39 33 38 34
37 32 38 32 38 33 37 33
36 33 35 32 36 31 37 32
36 34 36 33 37 33 37 34
35 33 36 32 37 33 36 34
34 32 34 33 35 33 35 32
35 31 34 32 33 31 34 30
36 30 37 31 36 32 35 31
37 30 37 31 36 31 36 30
38 31 37 30 38 29 39 30
39 32 38 33 37 32 38 31
28 40 29 39 30 40 29 41
27 39 27 40 28 40 28 39
26 40 25 39 26 38 27 39
30 21 29 22 28 21 29 20
29 21 29 20 30 20 30 21
28 22 29 22 29 21 28 21
21 31 20 31 20 30 21 30
22 32 21 31 22 30 23 31
21 33 22 33 22 32 21 32
20 34 21 34 21 33 20 33
22 34 21 35 20 34 21 33
23 26 24 27 23 28 22 27
22 26 23 26 23 27 22 27
21 27 22 26 23 27 22 28
20 27 21 27 21 28 20 28
21 26 22 27 21 28 20 27
32 37 33 36 34 37 33 38
31 36 32 37 31 38 30 37
32 36 32 37 31 37 31 36
33 35 34 36 33 37 32 36
35 26 36 26 36 25 35 25
34 27 35 26 36 27 35 28
33 27 33 26 34 26 34 27
34 34 34 35 35 35 35 34
33 33 34 32 35 33 34 34
33 34 33 33 34 33 34 34
33 32 32 33 33 34 34 33
32 32 33 32 33 33 32 33
21 29 22 28 23 29 22 30
22 29 22 30 21 30 21 29
24 29 23 30 22 29 23 28
25 30 25 29 24 29 24 30
25 28 24 29 25 30 26 29
24 28 24 27 23 27 23 28
25 27 26 28 25 29 24 28
26 27 26 28 25 28 25 27
25 26 26 27 25 28 24 27
24 26 25 26 25 27 24 27
25 25 26 26 25 27 24 26
26 25 26 26 25 26 25 25
35 27 34 26 35 25 36 26
34 28 35 28 35 27 34 27
35 29 34 28 35 27 36 28
36 29 35 29 35 28 36 28
35 30 36 29 37 30 36 31
34 31 35 31 35 30 34 30
32 31 33 32 34 31 33 30
31 32 32 32 32 31 31 31
31 30 30 31 31 32 32 31
30 29 30 30 31 30 31 29
32 29 31 30 30 29 31 28
34 29 33 30 32 29 33 28
33 29 34 29 34 30 33 30
32 28 33 29 32 30 31 29
32 27 33 27 33 28 32 28
31 26 32 25 33 26 32 27
37 28 36 28 36 27 37 27
38 27 37 28 36 27 37 26
39 27 38 27 38 26 39 26
40 26 39 27 38 26 39 25
41 26 40 26 40 25 41 25
19 29 20 30 21 29 20 28
20 29 21 28 22 29 21 30
19 28 19 29 20 29 20 28
32 34 32 35 33 35 33 34
31 33 32 32 33 33 32 34
31 34 31 33 32 33 32 34
30 35 31 34 32 35 31 36
31 35 31 36 30 36 30 35
29 35 30 36 29 37 28 36
28 35 29 35 29 36 28 36
26 35 27 36 28 35 27 34
27 35 26 35 26 34 27 34
25 35 26 36 27 35 26 34
24 35 25 35 25 36 24 36
25 34 26 35 25 36 24 35
25 33 26 33 26 34 25 34
27 33 26 34 25 33 26 32
27 25 28 26 27 27 26 26
28 25 27 25 27 24 28 24
28 23 27 24 28 25 29 24
29 23 29 24 28 24 28 23
30 22 29 23 28 22 29 21
31 21 31 22 30 22 30 21
32 22 31 21 32 20 33 21
32 23 31 23 31 22 32 22
32 24 31 23 32 22 33 23
33 24 32 24 32 23 33 23
34 23 33 24 32 23 33 22
30 23 29 23 29 22 30 22
31 24 30 23 31 22 32 23
30 24 30 23 31 23 31 24
29 25 28 24 29 23 30 24
29 26 28 26 28 25 29 25
27 26 28 27 29 26 28 25
31 25 32 25 32 24 31 24
29 34 28 35 29 36 30 35
30 34 30 35 29 35 29 34
27 32 27 33 26 33 26 32
28 33 27 34 26 33 27 32
28 34 27 34 27 33 28 33
29 33 30 34 29 35 28 34
30 25 30 24 29 24 29 25
30 26 30 25 31 25 31 26
29 27 28 26 29 25 30 26
30 27 29 27 29 26 30 26
31 27 31 28 30 28 30 27
32 26 32 27 31 27 31 26
33 25 33 26 32 26 32 25
25 31 26 30 27 31 26 32
24 32 23 31 24 30 25 31
23 33 24 32 25 33 24 34
23 34 22 34 22 33 23 33
23 35 23 34 24 34 24 35
26 31 25 31 25 30 26 30
30 33 31 34 32 33 31 32
29 32 30 33 29 34 28 33
28 32 29 32 29 33 28 33
28 30 27 31 28 32 29 31
28 31 28 32 27 32 27 31
29 30 30 31 29 32 28 31
30 32 30 33 31 33 31 32
27 30 28 31 27 32 26 31
29 29 30 30 31 29 30 28
29 28 30 28 30 29 29 29
28 28 28 27 29 27 29 28
27 29 28 28 29 29 28 30
28 29 28 30 27 30 27 29
27 28 28 29 27 30 26 29
47 39 47 40 46 40 46 39
47 37 47 38 46 38 46 37
48 38 47 39 46 38 47 37
48 39 47 39 47 38 48 38
37 46 36 45 37 44 38 45
32 16 31 16 31 15 32 15
33 17 32 18 31 17 32 16
34 16 34 17 33 17 33 16
34 15 35 15 35 16 34 16
33 14 34 15 33 16 32 15
31 44 30 43 31 42 32 43
30 44 30 43 31 43 31 44
31 45 30 44 31 43 32 44
32 45 31 45 31 44 32 44
40 27 39 28 38 27 39 26
40 28 39 28 39 27 40 27
38 28 39 29 40 28 39 27
37 29 36 28 37 27 38 28
42 16 44 16 44 15 42 15
16 45 16 44 18 44 18 45
41 14 42 15 40 17 39 16
14 38 16 36 17 37 15 39
17 19 18 18 20 20 19 21
15 19 15 17 17 17 17 19
14 20 15 19 16 20 15 21
14 19 15 19 15 20 14 20
21 43 20 43 20 41 21 41
22 44 21 45 20 44 21 43
23 43 23 44 22 44 22 43
22 42 24 40 25 41 23 43
23 41 23 42 22 42 22 41
20 19 18 21 17 20 19 18
21 20 21 19 20 19 20 20
22 21 22 20 21 20 21 21
21 22 22 21 24 23 23 24
19 22 19 21 21 21 21 22
18 22 19 22 19 23 18 23
17 21 18 22 17 23 16 22
18 20 18 21 17 21 17 20
19 20 18 20 18 18 19 18
35 46 35 44 37 44 37 46
34 47 32 45 33 44 35 46
41 38 40 39 42 41 43 40
40 36 40 38 41 38 41 36
39 35 40 36 39 37 38 36
40 35 40 36 39 36 39 35
41 35 40 35 40 34 41 34
42 36 42 35 41 35 41 36
43 35 44 36 43 37 42 36
44 34 43 35 41 33 42 32
43 34 44 34 44 35 43 35
44 31 42 33 43 34 45 32
41 40 41 38 42 38 42 40
20 42 21 41 22 42 21 43
18 42 19 43 20 42 19 41
16 42 16 40 18 40 18 42
15 44 16 44 16 42 15 42
46 25 45 26 43 24 44 23
46 26 45 26 45 25 46 25
37 17 36 18 34 16 35 15
19 35 21 37 19 39 17 37
24 42 24 43 23 43 23 42
20 22 19 23 18 22 19 21
22 24 20 22 21 21 23 23
20 25 18 23 19 22 21 24
20 26 18 26 18 25 20 25
21 25 20 26 18 24 19 23
22 25 21 25 21 24 22 24
24 25 23 26 22 25 23 24
25 24 25 25 24 25 24 24
26 23 25 24 24 23 25 22
26 24 25 24 25 23 26 23
27 23 28 24 27 25 26 24
26 21 26 23 27 23 27 21
24 21 25 22 26 21 25 20
25 21 24 21 24 20 25 20
23 21 24 22 25 21 24 20
23 22 23 21 24 21 24 22
21 23 23 23 23 22 21 22
19 24 21 24 21 23 19 23
38 19 40 21 39 22 37 20
37 19 38 19 38 20 37 20
40 18 38 20 37 19 39 17
38 18 40 18 40 19 38 19
36 16 36 18 38 18 38 16
39 21 37 23 36 22 38 20
37 21 39 21 39 22 37 22
41 37 40 36 41 35 42 36
41 39 40 38 41 37 42 38
14 31 15 30 17 32 16 33
40 37 39 36 40 35 41 36
18 29 16 27 17 26 19 28
19 31 19 29 18 29 18 31
18 30 19 31 18 32 17 31
16 28 17 27 19 29 18 30
27 43 25 41 26 40 28 42
28 44 27 45 26 44 27 43
30 45 30 44 28 44 28 45
31 46 30 45 31 44 32 45
30 46 30 45 31 45 31 46
28 43 28 44 27 44 27 43
29 44 28 43 29 42 30 43
29 46 28 45 29 44 30 45
23 25 22 26 21 25 22 24
26 22 25 21 26 20 27 21
29 45 28 44 29 43 30 44
29 47 28 46 29 45 30 46
28 47 28 46 29 46 29 47
19 27 20 26 21 27 20 28
17 28 19 28 19 27 17 27
34 24 36 24 36 23 34 23
34 25 33 25 33 24 34 24
35 24 36 25 35 26 34 25
35 22 34 23 35 24 36 23
36 21 35 22 34 21 35 20
36 20 37 20 37 21 36 21
35 18 35 20 36 20 36 18
36 19 35 20 34 19 35 18
27 22 26 21 27 20 28 21
41 28 42 29 40 31 39 30
42 26 42 28 41 28 41 26
41 27 40 26 41 25 42 26
41 29 40 28 41 27 42 28
40 29 40 28 41 28 41 29
42 27 41 28 40 27 41 26
43 26 44 27 43 28 42 27
20 32 19 32 19 31 20 31
42 31 42 29 41 29 41 31
44 32 44 31 42 31 42 32
45 34 45 32 44 32 44 34
46 35 45 36 44 35 45 34
35 23 34 24 33 23 34 22
14 42 16 40 18 42 16 44
46 34 46 35 45 35 45 34
45 33 46 34 45 35 44 34
36 17 35 18 34 17 35 16
37 18 36 17 38 15 39 16
44 26 43 27 42 26 43 25
45 27 44 26 45 25 46 26
35 19 36 18 37 19 36 20
34 18 35 19 34 20 33 19
35 17 35 18 34 18 34 17
44 25 44 26 43 26 43 25
45 24 45 25 44 25 44 24
46 23 46 24 45 24 45 23
47 18 43 22 40 19 44 15
14 39 15 39 15 42 14 42
16 43 15 42 18 39 19 40
17 44 16 45 15 44 16 43
18 43 19 44 18 45 17 44
19 42 19 43 18 43 18 42
15 38 19 42 18 43 14 39
18 38 18 39 15 39 15 38
19 38 18 38 18 35 19 35
20 38 20 39 19 39 19 38
20 37 21 37 21 38 20 38
19 34 18 35 20 37 21 36
20 35 20 34 19 34 19 35
45 22 43 22 43 18 45 18
44 19 41 22 40 21 43 18
14 35 15 35 15 38 14 38
15 36 14 35 15 34 16 35
21 42 20 43 19 42 20 41
43 17 43 18 40 18 40 17
43 15 42 16 43 17 44 16
16 37 17 36 19 38 18 39
14 37 15 38 16 37 15 36
33 47 33 44 34 44 34 47
32 48 30 46 31 45 33 47
36 48 32 48 32 45 36 45
37 49 36 48 39 45 40 46
39 49 37 49 37 46 39 46
20 36 20 37 17 37 17 36
34 48 33 47 37 43 38 44
25 44 24 43 27 40 28 41
26 41 26 44 25 44 25 41
27 41 26 41 26 40 27 40
27 42 27 41 28 41 28 42
16 31 16 28 17 28 17 31
14 33 16 33 16 31 14 31
