best-score: 694215
count: 4
elapsed-time: 4.857
204
11 11 12 12 11 13 10 12
29 15 28 14 29 13 30 14
29 17 28 16 29 15 30 16
30 18 29 19 28 18 29 17
29 18 29 17 30 17 30 18
28 17 29 16 30 17 29 18
27 18 28 18 28 17 27 17
26 17 27 16 28 17 27 18
26 16 27 16 27 17 26 17
27 15 28 16 27 17 26 16
26 14 26 15 27 15 27 14
26 12 25 13 26 14 27 13
26 13 25 13 25 12 26 12
24 13 25 14 26 13 25 12
23 12 23 13 24 13 24 12
28 13 29 13 29 14 28 14
27 12 28 13 27 14 26 13
30 15 30 14 29 14 29 15
15 29 14 28 15 27 16 28
15 28 16 28 16 29 15 29
15 30 14 29 15 28 16 29
14 30 14 29 15 29 15 30
15 31 14 30 15 29 16 30
16 31 15 31 15 30 16 30
17 30 16 30 16 29 17 29
18 29 17 30 16 29 17 28
14 27 14 28 15 28 15 27
15 26 16 27 15 28 14 27
16 25 15 26 14 25 15 24
15 25 16 25 16 26 15 26
16 24 17 25 16 26 15 25
17 24 17 25 16 25 16 24
30 24 29 24 29 23 30 23
24 14 23 13 24 12 25 13
23 14 24 14 24 15 23 15
22 13 23 12 24 13 23 14
22 14 22 13 23 13 23 14
21 15 22 14 23 15 22 16
22 15 22 16 21 16 21 15
23 16 22 15 23 14 24 15
10 22 11 21 12 22 11 23
17 31 16 30 17 29 18 30
18 31 17 31 17 30 18 30
17 32 16 31 17 30 18 31
16 32 16 31 17 31 17 32
17 27 17 28 16 28 16 27
18 28 17 29 16 28 17 27
19 29 19 28 18 28 18 29
28 19 29 19 29 18 28 18
30 19 29 20 28 19 29 18
30 20 29 20 29 19 30 19
25 16 24 15 25 14 26 15
25 15 26 15 26 16 25 16
24 16 23 15 24 14 25 15
13 23 14 22 15 23 14 24
27 19 26 18 27 17 28 18
26 19 26 18 27 18 27 19
27 20 26 19 27 18 28 19
28 20 28 21 27 21 27 20
26 20 27 21 28 20 27 19
25 19 25 20 26 20 26 19
25 21 24 20 25 19 26 20
24 22 25 22 25 21 24 21
26 22 25 23 24 22 25 21
26 23 25 23 25 22 26 22
23 27 22 26 23 25 24 26
11 22 11 21 12 21 12 22
10 23 11 23 11 22 10 22
9 24 10 23 11 24 10 25
29 21 28 20 29 19 30 20
20 29 19 28 20 27 21 28
12 20 13 20 13 21 12 21
14 23 14 24 15 24 15 23
13 22 13 23 14 23 14 22
12 23 11 22 12 21 13 22
12 24 11 24 11 23 12 23
16 22 16 23 15 23 15 22
17 23 16 24 15 23 16 22
21 26 21 25 22 25 22 26
20 25 21 26 20 27 19 26
20 23 19 24 20 25 21 24
20 24 20 23 21 23 21 24
19 25 20 25 20 24 19 24
20 26 19 25 20 24 21 25
21 27 21 26 20 26 20 27
24 25 23 25 23 24 24 24
23 26 22 25 23 24 24 25
22 27 23 27 23 26 22 26
22 28 21 28 21 27 22 27
22 24 23 25 24 24 23 23
22 23 23 23 23 24 22 24
26 21 25 22 24 21 25 20
27 22 26 21 27 20 28 21
14 21 15 22 14 23 13 22
15 21 15 22 14 22 14 21
14 20 15 21 14 22 13 21
13 19 13 20 14 20 14 19
15 20 14 21 13 20 14 19
29 29 29 27 30 27 30 29
13 27 11 29 12 30 14 28
13 25 14 25 14 27 13 27
11 27 10 26 12 24 13 25
13 28 13 27 11 27 11 28
12 29 13 28 14 29 13 30
11 30 12 30 12 29 11 29
10 29 11 28 12 29 11 30
10 28 11 28 11 29 10 29
10 10 12 10 12 12 10 12
11 9 12 10 11 11 10 10
29 26 30 27 28 29 27 28
27 27 29 27 29 26 27 26
27 31 25 29 27 27 29 29
27 10 27 12 26 12 26 10
13 29 13 28 14 28 14 29
28 26 27 25 29 23 30 24
31 22 30 23 28 21 29 20
13 26 11 24 12 23 14 25
12 27 13 26 14 27 13 28
9 26 11 28 12 27 10 25
9 28 9 26 10 26 10 28
28 25 26 23 27 22 29 24
26 26 24 24 25 23 27 25
26 25 27 25 27 26 26 26
14 26 13 25 14 24 15 25
28 23 28 21 29 21 29 23
27 23 28 23 28 25 27 25
28 22 27 23 26 22 27 21
30 22 29 23 28 22 29 21
31 23 31 22 30 22 30 23
18 11 20 13 18 15 16 13
20 12 20 11 18 11 18 12
22 12 22 13 20 13 20 12
21 13 22 12 23 13 22 14
18 25 19 26 17 28 16 27
18 26 18 25 19 25 19 26
18 24 17 25 18 26 19 25
19 23 18 24 17 23 18 22
20 22 21 23 20 24 19 23
19 22 20 22 20 23 19 23
21 20 19 22 17 20 19 18
23 9 21 11 22 12 24 10
20 30 19 29 21 27 22 28
19 30 19 29 20 29 20 30
23 17 25 19 26 18 24 16
21 17 22 18 23 17 22 16
19 17 19 16 21 16 21 17
15 17 16 18 14 20 13 19
15 19 14 19 14 17 15 17
17 19 17 20 15 20 15 19
18 16 16 18 17 19 19 17
19 15 19 16 18 16 18 15
18 14 20 12 21 13 19 15
24 17 23 17 23 16 24 16
25 18 24 17 25 16 26 17
25 17 26 17 26 18 25 18
18 23 17 24 18 25 19 24
17 22 17 23 18 23 18 22
16 21 17 22 16 23 15 22
17 21 17 22 16 22 16 21
16 20 17 21 16 22 15 21
24 19 25 20 26 19 25 18
24 18 25 18 25 19 24 19
16 19 17 20 16 21 15 20
23 28 23 27 27 27 27 28
22 29 21 28 22 27 23 28
23 29 22 29 22 28 23 28
24 28 25 29 24 30 23 29
17 13 17 10 16 10 16 13
16 16 15 15 17 13 18 14
18 18 18 16 16 16 16 18
22 9 23 9 23 12 22 12
24 7 27 10 25 12 22 9
25 7 25 10 24 10 24 7
24 29 23 28 26 25 27 26
25 30 25 29 24 29 24 30
15 14 18 14 18 15 15 15
14 11 13 12 15 14 16 13
14 13 11 13 11 11 14 11
14 16 14 13 16 13 16 16
13 16 14 16 14 17 13 17
16 15 14 17 13 16 15 14
18 13 21 16 19 18 16 15
20 14 20 13 18 13 18 14
10 14 13 17 14 16 11 13
15 11 17 13 18 12 16 10
15 18 18 15 19 16 16 19
13 18 14 19 15 18 14 17
23 20 21 20 21 17 23 17
23 21 23 20 24 20 24 21
21 19 22 18 24 20 23 21
20 18 21 19 18 22 17 21
20 16 19 17 20 18 21 17
22 22 23 23 24 22 23 21
21 22 22 22 22 23 21 23
20 20 20 22 21 22 21 20
19 20 19 18 20 18 20 20
18 20 19 20 19 22 18 22
21 18 23 20 21 22 19 20
12 16 12 12 13 12 13 16
11 20 12 20 12 16 11 16
9 18 11 16 13 18 11 20
9 17 13 17 13 18 9 18
8 18 9 17 12 20 11 21
8 24 8 18 9 18 9 24
