best-score: 806320
count: 2
elapsed-time: 4.815
384
35 39 34 38 35 37 36 38
34 39 34 38 35 38 35 39
34 37 33 38 34 39 35 38
33 37 34 37 34 38 33 38
33 39 32 38 33 37 34 38
32 39 32 38 33 38 33 39
31 38 32 37 33 38 32 39
31 37 32 37 32 38 31 38
30 38 29 37 30 36 31 37
29 38 29 37 30 37 30 38
30 39 29 38 30 37 31 38
31 39 30 39 30 38 31 38
36 37 36 38 35 38 35 37
38 15 38 16 37 16 37 15
39 16 38 17 37 16 38 15
39 17 38 17 38 16 39 16
37 17 38 18 39 17 38 16
37 18 37 17 38 17 38 18
35 15 36 14 37 15 36 16
35 16 35 15 36 15 36 16
35 14 34 15 35 16 36 15
34 14 35 14 35 15 34 15
15 12 16 12 16 13 15 13
15 14 14 13 15 12 16 13
14 14 14 13 15 13 15 14
14 12 13 13 14 14 15 13
13 12 14 12 14 13 13 13
13 14 12 13 13 12 14 13
12 14 12 13 13 13 13 14
37 14 37 15 36 15 36 14
39 14 38 15 37 14 38 13
15 34 16 35 15 36 14 35
16 33 15 34 14 33 15 32
15 33 15 32 16 32 16 33
16 34 15 33 16 32 17 33
15 35 16 35 16 34 15 34
14 36 15 36 15 35 14 35
16 36 15 37 14 36 15 35
17 36 16 36 16 35 17 35
18 36 18 37 17 37 17 36
18 38 17 37 18 36 19 37
19 38 18 38 18 37 19 37
16 37 16 36 15 36 15 37
17 38 16 37 17 36 18 37
16 38 16 37 17 37 17 38
15 39 14 38 15 37 16 38
19 13 19 12 18 12 18 13
19 11 18 12 19 13 20 12
20 11 20 12 19 12 19 11
35 17 36 16 37 17 36 18
35 18 35 17 36 17 36 18
36 19 35 18 36 17 37 18
37 19 36 19 36 18 37 18
36 20 35 19 36 18 37 19
37 21 37 20 36 20 36 21
36 22 37 21 38 22 37 23
37 22 37 23 36 23 36 22
38 21 38 22 37 22 37 21
39 22 38 23 37 22 38 21
39 23 38 23 38 22 39 22
14 34 14 33 15 33 15 34
20 13 19 14 18 13 19 12
20 14 19 14 19 13 20 13
21 15 20 14 21 13 22 14
21 11 22 12 21 13 20 12
17 34 16 34 16 33 17 33
18 35 17 36 16 35 17 34
19 36 18 35 19 34 20 35
20 37 19 38 18 37 19 36
14 18 15 19 14 20 13 19
35 20 36 19 37 20 36 21
19 35 19 36 18 36 18 35
18 34 19 35 18 36 17 35
31 36 31 37 30 37 30 36
33 36 32 37 31 36 32 35
32 36 33 36 33 37 32 37
31 35 31 36 32 36 32 35
33 35 32 36 31 35 32 34
34 35 33 35 33 34 34 34
35 36 34 37 33 36 34 35
34 36 35 36 35 37 34 37
35 35 34 36 33 35 34 34
21 12 21 13 20 13 20 12
22 11 22 12 21 12 21 11
21 10 22 11 21 12 20 11
20 10 21 10 21 11 20 11
20 36 20 37 19 37 19 36
18 33 17 34 16 33 17 32
20 33 19 34 18 33 19 32
14 19 14 20 13 20 13 19
15 18 15 19 14 19 14 18
16 19 15 20 14 19 15 18
16 20 15 20 15 19 16 19
16 18 15 19 16 20 17 19
17 18 17 19 16 19 16 18
18 17 19 18 18 19 17 18
17 17 18 17 18 18 17 18
18 16 19 17 18 18 17 17
32 33 31 34 32 35 33 34
32 31 31 32 32 33 33 32
31 30 31 31 32 31 32 30
30 29 31 28 32 29 31 30
31 29 31 30 30 30 30 29
32 28 32 29 31 29 31 28
33 29 32 30 31 29 32 28
34 30 33 29 34 28 35 29
33 31 34 31 34 30 33 30
20 34 20 35 19 35 19 34
21 35 20 36 19 35 20 34
21 36 20 36 20 35 21 35
37 29 36 30 35 29 36 28
18 32 18 33 17 33 17 32
19 33 18 34 17 33 18 32
20 32 21 33 20 34 19 33
21 32 21 33 20 33 20 32
33 33 33 34 32 34 32 33
34 32 33 33 32 32 33 31
34 33 33 33 33 32 34 32
35 32 34 33 33 32 34 31
15 21 15 20 14 20 14 21
35 22 36 23 37 22 36 21
35 21 36 21 36 22 35 22
35 31 35 32 34 32 34 31
31 33 31 32 32 32 32 33
37 24 38 24 38 23 37 23
35 24 36 25 37 24 36 23
36 24 36 25 35 25 35 24
37 25 36 24 37 23 38 24
19 19 19 18 18 18 18 19
13 27 14 26 15 27 14 28
13 28 13 27 14 27 14 28
14 29 13 28 14 27 15 28
15 29 14 29 14 28 15 28
16 29 16 30 15 30 15 29
16 31 15 30 16 29 17 30
17 31 16 31 16 30 17 30
15 31 16 32 17 31 16 30
17 20 17 19 18 19 18 20
35 28 35 27 36 27 36 28
34 29 35 29 35 28 34 28
33 28 34 29 33 30 32 29
29 15 30 16 29 17 28 16
30 31 30 32 31 32 31 31
15 26 15 27 14 27 14 26
13 25 14 24 15 25 14 26
13 26 12 26 12 25 13 25
14 25 15 26 14 27 13 26
13 24 13 25 14 25 14 24
16 28 15 27 16 26 17 27
17 29 16 30 15 29 16 28
26 16 27 15 28 16 27 17
26 17 26 16 27 16 27 17
25 16 26 15 27 16 26 17
25 15 26 15 26 16 25 16
23 15 24 16 25 15 24 14
17 28 17 29 16 29 16 28
16 27 17 28 16 29 15 28
17 26 17 27 16 27 16 26
17 25 18 25 18 26 17 26
17 23 16 24 17 25 18 24
16 23 17 23 17 24 16 24
15 24 16 23 17 24 16 25
14 23 15 24 14 25 13 24
15 23 15 24 14 24 14 23
29 31 30 30 31 31 30 32
29 30 30 30 30 31 29 31
28 29 28 30 29 30 29 29
29 28 30 29 29 30 28 29
30 28 30 29 29 29 29 28
31 27 31 28 30 28 30 27
28 15 28 16 27 16 27 15
18 28 17 27 18 26 19 27
18 27 19 27 19 28 18 28
18 29 17 28 18 27 19 28
18 30 17 30 17 29 18 29
19 31 18 30 19 29 20 30
20 31 20 32 19 32 19 31
19 30 19 29 20 29 20 30
21 30 20 31 19 30 20 29
22 31 21 30 22 29 23 30
24 18 23 17 24 16 25 17
24 17 24 16 25 16 25 17
21 28 20 29 19 28 20 27
22 27 23 28 22 29 21 28
21 31 20 31 20 30 21 30
22 32 22 31 21 31 21 32
26 32 25 31 26 30 27 31
25 32 25 31 26 31 26 32
24 33 25 33 25 32 24 32
24 35 23 34 24 33 25 34
28 28 29 29 28 30 27 29
27 28 28 28 28 29 27 29
26 29 27 28 28 29 27 30
29 22 30 22 30 23 29 23
29 24 28 23 29 22 30 23
28 24 28 23 29 23 29 24
30 24 29 25 28 24 29 23
30 25 29 25 29 24 30 24
28 31 27 31 27 30 28 30
29 32 28 31 29 30 30 31
20 26 20 27 19 27 19 26
19 24 19 25 18 25 18 24
18 23 19 24 18 25 17 24
17 22 17 23 18 23 18 22
20 25 19 24 20 23 21 24
21 26 20 27 19 26 20 25
27 32 26 31 27 30 28 31
21 25 21 26 20 26 20 25
20 24 21 25 20 26 19 25
19 23 19 24 20 24 20 23
25 28 24 29 23 28 24 27
27 23 28 24 27 25 26 24
26 26 26 25 27 25 27 26
36 35 35 36 36 37 37 36
36 36 35 36 35 35 36 35
37 37 37 36 36 36 36 37
37 35 36 36 35 35 36 34
38 36 38 35 37 35 37 36
37 34 37 35 36 35 36 34
35 34 34 35 33 34 34 33
36 33 37 34 36 35 35 34
35 33 36 33 36 34 35 34
36 32 35 33 34 32 35 31
14 31 13 30 14 29 15 30
14 32 14 31 15 31 15 32
13 33 14 32 15 33 14 34
13 32 14 32 14 33 13 33
18 31 17 30 18 29 19 30
12 35 12 34 14 34 14 35
11 34 13 32 14 33 12 35
15 15 13 17 12 16 14 14
31 16 33 14 34 15 32 17
30 15 30 16 31 16 31 15
17 15 19 13 20 14 18 16
15 17 17 17 17 15 15 15
16 16 17 17 16 18 15 17
16 14 15 15 16 16 17 15
18 14 16 14 16 13 18 13
33 19 35 19 35 18 33 18
24 12 24 14 22 14 22 12
23 13 23 15 21 15 21 13
25 13 24 14 23 13 24 12
27 13 25 13 25 12 27 12
29 33 28 34 30 36 31 35
28 33 28 32 29 32 29 33
26 35 25 34 27 32 28 33
27 36 27 35 26 35 26 36
25 36 26 37 27 36 26 35
23 36 23 34 25 34 25 36
24 37 23 36 24 35 25 36
37 31 35 31 35 29 37 29
22 33 20 35 21 36 23 34
23 32 22 33 21 32 22 31
24 30 24 32 23 32 23 30
23 29 24 30 22 32 21 31
22 28 22 29 23 29 23 28
21 27 21 28 22 28 22 27
20 28 19 27 20 26 21 27
21 29 21 28 20 28 20 29
22 30 22 29 21 29 21 30
30 35 28 33 29 32 31 34
29 36 30 35 31 36 30 37
27 37 29 37 29 36 27 36
28 36 27 37 26 36 27 35
29 35 30 35 30 36 29 36
29 34 31 34 31 33 29 33
28 35 29 35 29 34 28 34
28 37 27 36 28 35 29 36
16 21 16 23 15 23 15 21
18 21 17 22 16 21 17 20
20 22 20 21 18 21 18 22
19 21 21 19 22 20 20 22
17 21 18 22 19 21 18 20
16 22 15 21 16 20 17 21
22 35 21 35 21 33 22 33
22 37 22 35 24 35 24 37
21 38 20 37 21 36 22 37
23 38 21 38 21 36 23 36
24 39 23 38 24 37 25 38
26 39 24 39 24 37 26 37
27 38 26 39 25 38 26 37
28 39 27 38 28 37 29 38
29 39 28 39 28 38 29 38
30 40 29 39 30 38 31 39
29 40 29 39 30 39 30 40
38 26 36 28 35 27 37 25
36 26 38 26 38 27 36 27
15 22 14 21 15 20 16 21
23 33 22 33 22 32 23 32
22 34 21 33 22 32 23 33
24 34 23 33 24 32 25 33
25 20 23 18 24 17 26 19
24 20 25 20 25 21 24 21
23 20 23 18 24 18 24 20
24 31 25 32 24 33 23 32
25 30 24 31 23 30 24 29
25 29 26 29 26 30 25 30
24 28 24 29 25 29 25 28
23 27 23 28 24 28 24 27
25 25 26 26 24 28 23 27
25 24 26 24 26 25 25 25
27 22 28 23 26 25 25 24
28 22 28 23 27 23 27 22
28 20 29 20 29 22 28 22
25 19 26 19 26 17 25 17
26 20 25 21 24 20 25 19
28 19 28 20 26 20 26 19
26 21 28 19 29 20 27 22
25 22 24 21 25 20 26 21
23 22 25 22 25 24 23 24
22 22 22 20 23 20 23 22
22 23 20 23 20 22 22 22
21 20 20 21 22 23 23 22
22 19 22 20 21 20 21 19
20 17 22 19 21 20 19 18
20 18 19 18 19 17 20 17
22 16 23 17 21 19 20 18
20 16 20 14 22 14 22 16
32 24 30 24 30 23 32 23
28 26 29 25 31 27 30 28
29 26 29 28 28 28 28 26
31 26 30 27 29 26 30 25
21 23 20 24 19 23 20 22
29 21 30 22 29 23 28 22
29 19 28 20 29 21 30 20
30 19 30 20 29 20 29 19
31 20 30 19 32 17 33 18
31 22 30 22 30 20 31 20
33 22 32 23 31 22 32 21
33 24 33 22 35 22 35 24
35 26 33 28 31 26 33 24
37 26 36 27 35 26 36 25
22 26 21 27 22 28 23 27
23 26 23 27 22 27 22 26
22 25 23 26 22 27 21 26
26 28 25 29 26 30 27 29
25 26 25 28 26 28 26 26
23 25 23 26 25 26 25 25
22 24 23 25 22 26 21 25
23 23 22 24 21 23 22 22
24 22 26 24 25 25 23 23
26 22 25 22 25 21 26 21
27 21 28 22 27 23 26 22
27 19 26 20 27 21 28 20
27 27 26 26 27 25 28 26
24 25 25 26 24 27 23 26
24 23 23 24 24 25 25 24
26 27 25 26 26 25 27 26
17 13 16 14 15 13 16 12
28 17 29 17 29 19 28 19
29 16 28 17 27 16 28 15
30 17 30 16 29 16 29 17
32 19 32 17 30 17 30 19
33 21 33 19 32 19 32 21
14 17 14 14 13 14 13 17
32 16 35 16 35 17 32 17
30 18 32 16 35 19 33 21
28 18 29 19 30 18 29 17
26 18 27 19 28 18 27 17
28 10 30 12 27 15 25 13
25 8 29 12 26 15 22 11
24 8 25 8 25 12 24 12
23 7 24 8 21 11 20 10
28 12 29 12 29 15 28 15
30 14 29 15 27 13 28 12
33 12 33 14 30 14 30 12
30 9 33 12 30 15 27 12
29 9 30 9 30 12 29 12
33 13 34 14 32 16 31 15
27 10 27 12 28 12 28 10
33 25 32 24 35 21 36 22
33 26 33 25 35 25 35 26
32 26 33 26 33 28 32 28
33 27 32 28 31 27 32 26
34 26 35 27 34 28 33 27
32 22 33 21 36 24 35 25
32 25 33 25 33 24 32 24
31 25 32 25 32 26 31 26
31 23 30 24 31 25 32 24
31 21 30 22 31 23 32 22
32 18 30 20 31 21 33 19
11 26 12 26 12 34 11 34
12 27 11 26 12 25 13 26
24 11 25 12 20 17 19 16
