best-score: 745587
count: 4
elapsed-time: 4.891
191
13 33 12 32 13 31 14 32
14 34 13 35 12 34 13 33
12 16 11 15 12 14 13 15
13 17 12 18 11 17 12 16
13 18 12 18 12 17 13 17
11 18 12 19 13 18 12 17
11 19 11 18 12 18 12 19
12 20 11 19 12 18 13 19
13 20 12 20 12 19 13 19
31 34 31 35 30 35 30 34
11 16 12 16 12 17 11 17
17 33 16 33 16 32 17 32
15 33 16 34 17 33 16 32
15 34 15 33 16 33 16 34
11 27 11 26 12 26 12 27
15 32 16 33 17 32 16 31
14 33 15 33 15 32 14 32
13 34 14 34 14 33 13 33
12 35 13 35 13 34 12 34
12 33 11 34 12 35 13 34
11 33 12 33 12 34 11 34
15 31 16 31 16 32 15 32
28 32 27 31 28 30 29 31
27 32 27 31 28 31 28 32
26 31 27 30 28 31 27 32
26 30 27 30 27 31 26 31
26 32 25 31 26 30 27 31
25 32 25 31 26 31 26 32
25 30 24 31 25 32 26 31
24 30 25 30 25 31 24 31
24 20 25 21 24 22 23 21
25 20 25 21 24 21 24 20
26 21 25 22 24 21 25 20
28 21 27 22 26 21 27 20
26 22 25 22 25 21 26 21
23 22 24 22 24 21 23 21
14 35 13 34 14 33 15 34
15 35 14 35 14 34 15 34
16 36 15 35 16 34 17 35
13 32 13 33 12 33 12 32
14 31 15 32 14 33 13 32
10 31 11 30 13 32 12 33
10 29 12 27 13 28 11 30
18 35 17 35 17 33 18 33
17 36 15 34 16 33 18 35
16 35 16 36 17 36 17 35
13 29 14 29 14 31 13 31
14 28 13 29 11 27 12 26
32 17 30 15 31 14 33 16
30 32 30 34 28 34 28 32
30 30 29 31 30 32 31 31
30 31 29 31 29 30 30 30
29 32 30 31 32 33 31 34
33 27 33 26 35 26 35 27
31 32 30 32 30 31 31 31
13 24 14 25 12 27 11 26
12 24 12 23 13 23 13 24
15 19 15 18 13 18 13 19
17 21 16 22 14 20 15 19
16 19 16 21 17 21 17 19
14 21 13 20 15 18 16 19
15 22 13 24 12 23 14 21
15 21 16 21 16 22 15 22
31 30 30 31 29 30 30 29
31 29 31 30 30 30 30 29
31 28 30 27 32 25 33 26
33 29 33 28 31 28 31 29
13 21 13 20 14 20 14 21
30 21 31 21 31 19 30 19
25 33 23 33 23 32 25 32
27 35 25 33 26 32 28 34
32 21 30 23 28 21 30 19
22 32 23 33 25 31 24 30
20 19 19 18 21 16 22 17
17 22 16 23 15 22 16 21
17 23 16 23 16 22 17 22
18 25 18 23 17 23 17 25
16 27 14 25 16 23 18 25
18 29 16 31 14 29 16 27
20 29 18 29 18 27 20 27
22 27 20 29 18 27 20 25
25 26 23 28 22 27 24 25
27 26 27 27 25 27 25 26
28 20 26 22 25 21 27 19
27 21 28 21 28 20 27 20
22 25 22 27 20 27 20 25
20 23 22 25 20 27 18 25
30 24 28 24 28 23 30 23
20 20 21 19 23 21 22 22
21 20 20 20 20 19 21 19
22 19 24 21 23 22 21 20
21 17 21 19 22 19 22 17
26 25 25 24 27 22 28 23
26 27 25 26 26 25 27 26
24 24 25 24 25 22 24 22
26 26 24 24 26 22 28 24
26 28 25 27 26 26 27 27
25 28 26 28 26 30 25 30
28 29 27 30 25 28 26 27
28 27 30 27 30 29 28 29
22 23 24 25 25 24 23 22
20 21 22 23 20 25 18 23
18 21 20 21 20 23 18 23
22 24 22 25 24 25 24 24
20 24 20 23 22 23 22 24
22 26 20 24 22 22 24 24
23 23 23 22 22 22 22 23
27 33 27 35 25 35 25 33
27 29 27 30 28 30 28 29
25 29 26 30 27 29 26 28
19 20 20 19 21 20 20 21
17 18 19 20 18 21 16 19
19 19 19 18 17 18 17 19
18 22 17 21 19 19 20 20
19 25 17 23 18 22 20 24
19 24 20 24 20 25 19 25
23 27 23 28 25 28 25 27
22 28 23 27 25 29 24 30
17 16 17 18 15 18 15 16
13 16 15 18 17 16 15 14
12 15 12 16 13 16 13 15
11 14 11 15 12 15 12 14
10 15 11 14 12 15 11 16
10 16 10 15 11 15 11 16
17 14 18 14 18 16 17 16
19 16 17 18 15 16 17 14
19 17 19 16 21 16 21 17
16 18 17 19 19 17 18 16
14 16 16 18 15 19 13 17
14 14 15 14 15 16 14 16
15 15 14 16 13 15 14 14
17 13 17 14 15 14 15 13
16 16 15 15 17 13 18 14
14 17 14 16 13 16 13 17
33 14 31 14 31 11 33 11
10 28 13 28 13 29 10 29
18 10 21 13 18 16 15 13
17 10 18 10 18 13 17 13
20 7 24 11 21 14 17 10
34 21 32 21 32 17 34 17
32 24 30 26 33 29 35 27
31 24 31 21 32 21 32 24
31 26 30 26 30 24 31 24
13 25 14 25 14 28 13 28
15 23 17 25 15 27 13 25
13 22 13 23 15 23 15 22
21 30 18 33 17 32 20 29
22 29 24 31 23 32 21 30
20 32 22 32 22 29 20 29
18 32 20 32 20 33 18 33
19 31 18 32 14 28 15 27
28 26 27 27 30 30 31 29
27 24 27 26 28 26 28 24
26 24 26 22 27 22 27 24
28 22 30 24 28 26 26 24
30 22 28 22 28 21 30 21
34 23 34 22 30 22 30 23
33 22 34 23 32 25 31 24
33 20 32 21 33 22 34 21
11 25 12 24 13 25 12 26
17 29 17 32 18 32 18 29
20 34 20 33 23 33 23 34
19 35 17 33 18 32 20 34
30 16 30 19 27 19 27 16
33 19 31 21 28 18 30 16
31 16 31 19 33 19 33 16
33 23 32 24 30 22 31 21
22 16 25 19 24 20 21 17
23 29 22 29 22 28 23 28
25 25 25 24 26 24 26 25
24 26 25 26 25 25 24 25
31 15 31 16 30 16 30 15
17 28 17 29 14 29 14 28
22 14 22 16 21 16 21 14
24 16 21 19 19 17 22 14
24 17 22 17 22 16 24 16
26 19 25 20 23 18 24 17
26 20 26 19 27 19 27 20
25 15 28 18 27 19 24 16
26 15 26 19 25 19 25 15
39 22 35 26 30 21 34 17
24 35 19 35 19 31 24 31
27 38 24 35 27 32 30 35
30 38 27 38 27 35 30 35
39 21 39 22 34 22 34 21
36 18 39 21 33 27 30 24
27 11 27 16 24 16 24 11
31 7 35 11 31 15 27 11
27 7 31 7 31 11 27 11
28 8 22 14 21 13 27 7
36 8 36 18 28 18 28 8
