best-score: 801355
count: 22
elapsed-time: 4.606
66
24 25 23 25 23 24 24 24
24 21 25 20 26 21 25 22
25 27 23 25 24 24 26 26
24 26 26 26 26 25 24 25
10 11 10 9 9 9 9 11
26 23 24 25 23 24 25 22
24 23 24 21 26 21 26 23
23 10 25 12 24 13 22 11
23 12 23 10 25 10 25 12
15 7 16 8 14 10 13 9
11 20 10 20 10 18 11 18
20 23 20 25 18 25 18 23
13 16 13 14 12 14 12 16
18 15 20 15 20 14 18 14
26 11 22 11 22 9 26 9
27 10 26 11 25 10 26 9
5 20 8 17 11 20 8 23
11 15 8 12 9 11 12 14
9 17 11 15 12 16 10 18
8 15 8 17 9 17 9 15
10 13 13 16 11 18 8 15
10 12 10 13 8 13 8 12
11 16 8 13 10 11 13 14
12 18 12 16 11 16 11 18
7 17 10 20 12 18 9 15
17 28 15 26 18 23 20 25
15 23 15 20 18 20 18 23
12 20 15 17 18 20 15 23
11 24 12 24 12 20 11 20
7 20 11 16 15 20 11 24
8 20 7 20 7 17 8 17
10 22 8 20 10 18 12 20
8 22 8 20 10 20 10 22
15 18 15 20 12 20 12 18
16 13 13 16 15 18 18 15
15 12 18 9 19 10 16 13
21 20 18 23 15 20 18 17
21 22 21 20 25 20 25 22
22 25 20 23 21 22 23 24
18 19 21 19 21 20 18 20
22 15 25 18 21 22 18 19
22 18 22 15 25 15 25 18
17 15 21 19 22 18 18 14
14 12 17 15 15 17 12 14
14 11 15 11 15 12 14 12
17 17 18 17 18 15 17 15
17 18 15 18 15 17 17 17
9 23 10 22 12 24 11 25
13 11 14 10 15 11 14 12
13 10 14 10 14 11 13 11
16 7 17 8 14 11 13 10
17 7 17 8 16 8 16 7
13 12 10 12 10 11 13 11
14 13 13 12 14 11 15 12
13 13 13 12 14 12 14 13
5 14 10 9 13 12 8 17
27 21 24 24 17 17 20 14
9 26 9 23 15 23 15 26
27 14 27 21 26 21 26 14
28 13 27 14 25 12 26 11
18 6 26 14 25 15 17 7
22 6 22 9 18 9 18 6
24 19 21 19 21 13 24 13
13 20 18 25 20 23 15 18
31 15 21 25 12 16 22 6
31 12 31 15 25 15 25 12
