best-score: 755606
count: 8
elapsed-time: 4.688
131
11 12 12 13 11 14 10 13
23 27 23 28 24 28 24 27
27 16 28 17 27 18 26 17
27 17 27 16 28 16 28 17
29 17 28 18 27 17 28 16
29 18 28 18 28 17 29 17
11 22 10 21 11 20 12 21
20 12 20 11 19 11 19 12
26 18 27 18 27 17 26 17
27 19 28 19 28 18 27 18
25 19 26 20 27 19 26 18
26 19 25 19 25 18 26 18
27 20 27 19 26 19 26 20
26 21 25 20 26 19 27 20
25 21 25 20 26 20 26 21
20 13 19 12 20 11 21 12
21 13 20 13 20 12 21 12
22 14 22 13 21 13 21 14
24 17 25 16 26 17 25 18
25 17 24 17 24 16 25 16
26 16 27 17 26 18 25 17
22 15 21 14 22 13 23 14
23 15 22 15 22 14 23 14
23 13 22 14 23 15 24 14
24 13 24 14 23 14 23 13
11 21 11 22 10 22 10 21
12 20 12 21 11 21 11 20
12 11 12 13 10 13 10 11
11 10 12 11 11 12 10 11
13 12 13 10 11 10 11 12
16 13 15 14 13 12 14 11
16 12 17 12 17 13 16 13
30 10 30 12 29 12 29 10
11 30 11 28 12 28 12 30
30 29 28 29 28 28 30 28
25 30 23 28 24 27 26 29
12 18 12 17 10 17 10 18
14 18 14 20 12 20 12 18
12 16 14 18 12 20 10 18
24 11 22 13 21 12 23 10
26 15 25 16 23 14 24 13
27 15 27 16 26 16 26 15
29 13 30 14 28 16 27 15
30 13 30 14 29 14 29 13
28 13 29 14 30 13 29 12
28 12 29 12 29 13 28 13
29 11 30 12 29 13 28 12
14 23 12 23 12 21 14 21
13 26 12 25 14 23 15 24
27 23 25 21 26 20 28 22
28 26 26 24 27 23 29 25
28 25 29 25 29 26 28 26
27 28 26 27 28 25 29 26
27 30 26 29 27 28 28 29
25 28 25 30 27 30 27 28
25 13 24 14 26 16 27 15
16 23 18 23 18 25 16 25
17 24 16 25 15 24 16 23
19 24 18 25 17 24 18 23
17 26 19 26 19 24 17 24
18 27 17 26 18 25 19 26
19 15 18 14 20 12 21 13
22 19 20 17 22 15 24 17
24 21 23 22 21 20 22 19
22 20 21 20 21 19 22 19
27 26 27 28 28 28 28 26
25 11 25 13 24 13 24 11
14 31 11 28 13 26 16 29
16 28 12 28 12 25 16 25
13 22 13 26 11 26 11 22
13 20 12 21 13 22 14 21
16 16 16 13 12 13 12 16
15 15 17 13 18 14 16 16
18 15 15 15 15 14 18 14
15 18 18 15 20 17 17 20
12 15 15 18 13 20 10 17
22 10 23 10 23 13 22 13
21 9 22 10 20 12 19 11
19 14 18 15 16 13 17 12
18 12 18 14 19 14 19 12
17 11 18 12 17 13 16 12
18 11 18 12 17 12 17 11
19 10 19 11 18 11 18 10
14 15 15 15 15 18 14 18
19 23 23 27 26 24 22 20
17 17 17 13 20 13 20 17
15 19 14 18 16 16 17 17
17 21 16 22 14 20 15 19
21 21 17 21 17 20 21 20
21 24 21 21 24 21 24 24
26 25 24 27 21 24 23 22
28 24 28 25 26 25 26 24
15 21 17 21 17 24 15 24
20 15 19 14 20 13 21 14
24 18 20 18 20 17 24 17
23 17 24 18 22 20 21 19
22 16 23 15 24 16 23 17
15 20 15 21 14 21 14 20
17 18 15 20 12 17 14 15
17 19 15 19 15 18 17 18
17 22 16 23 14 21 15 20
20 19 21 20 18 23 17 22
18 22 17 21 20 18 21 19
19 22 19 23 18 23 18 22
14 12 14 15 13 15 13 12
16 11 16 12 14 12 14 11
17 10 18 11 17 12 16 11
17 9 18 10 17 11 16 10
16 9 17 9 17 10 16 10
15 8 16 9 14 11 13 10
24 25 24 27 26 27 26 25
7 13 10 10 15 15 12 18
7 17 7 13 10 13 10 17
6 18 7 17 11 21 10 22
6 21 6 18 10 18 10 21
7 20 12 25 11 26 6 21
12 31 11 30 16 25 17 26
14 30 14 31 12 31 12 30
14 29 16 29 16 30 14 30
34 22 28 28 24 24 30 18
34 24 28 24 28 22 34 22
33 25 27 19 28 18 34 24
14 26 12 28 14 30 16 28
13 29 14 29 14 26 13 26
30 25 29 25 29 18 30 18
33 28 33 25 30 25 30 28
32 29 29 26 30 25 33 28
23 29 16 29 16 28 23 28
22 28 23 27 24 28 23 29
28 9 28 12 21 12 21 9
23 25 23 27 18 27 18 25
