best-score: 666202
count: 4
elapsed-time: 4.95
208
33 37 33 38 34 38 34 37
14 34 15 33 16 34 15 35
37 18 38 18 38 19 37 19
36 19 37 18 38 19 37 20
36 20 36 19 37 19 37 20
38 20 37 21 36 20 37 19
38 21 37 21 37 20 38 20
36 21 37 22 38 21 37 20
19 13 20 12 21 13 20 14
13 24 13 23 12 23 12 24
13 22 12 23 13 24 14 23
14 22 14 23 13 23 13 22
27 36 28 35 29 36 28 37
18 18 18 17 19 17 19 18
20 18 19 19 18 18 19 17
20 19 19 19 19 18 20 18
30 18 31 19 32 18 31 17
37 23 36 24 35 23 36 22
36 23 36 22 37 22 37 23
35 24 36 24 36 23 35 23
15 24 14 23 15 22 16 23
20 21 20 22 19 22 19 21
25 32 24 33 23 32 24 31
18 26 17 26 17 25 18 25
28 27 28 28 27 28 27 27
36 35 36 33 37 33 37 35
33 34 35 36 36 35 34 33
32 10 34 12 32 14 30 12
33 10 33 12 32 12 32 10
30 14 32 14 32 12 30 12
32 16 31 17 29 15 30 14
30 16 32 16 32 18 30 18
14 32 16 32 16 34 14 34
15 31 16 32 15 33 14 32
13 33 15 33 15 31 13 31
13 35 12 34 13 33 14 34
12 32 13 31 14 32 13 33
34 17 36 17 36 19 34 19
18 12 20 12 20 14 18 14
17 13 18 12 19 13 18 14
17 15 18 14 20 16 19 17
18 15 17 15 17 14 18 14
10 26 12 24 14 26 12 28
15 27 17 29 15 31 13 29
16 24 14 26 15 27 17 25
18 24 16 24 16 23 18 23
17 23 19 21 20 22 18 24
15 21 17 23 16 24 14 22
14 21 15 21 15 22 14 22
16 19 17 20 15 22 14 21
13 26 12 27 14 29 15 28
14 24 14 26 13 26 13 24
15 23 15 24 14 24 14 23
16 22 16 23 15 23 15 22
27 34 27 36 29 36 29 34
28 33 29 34 28 35 27 34
28 14 29 15 27 17 26 16
19 28 17 30 15 28 17 26
18 21 17 20 19 18 20 19
18 19 19 19 19 21 18 21
16 18 16 19 18 19 18 18
15 15 14 16 16 18 17 17
15 17 15 15 17 15 17 17
30 15 30 16 29 16 29 15
22 16 23 17 21 19 20 18
22 18 20 18 20 16 22 16
17 22 18 21 19 22 18 23
16 20 16 22 17 22 17 20
29 20 27 20 27 18 29 18
28 19 29 20 28 21 27 20
28 17 27 18 28 19 29 18
27 14 26 15 28 17 29 16
21 21 21 19 20 19 20 21
23 23 22 24 20 22 21 21
23 24 22 24 22 23 23 23
21 26 20 25 22 23 23 24
20 29 19 28 21 26 22 27
20 31 20 29 22 29 22 31
21 17 23 17 23 19 21 19
23 30 25 30 25 32 23 32
24 29 25 30 24 31 23 30
23 26 22 27 24 29 25 28
21 25 21 26 23 26 23 25
22 26 21 25 22 24 23 25
22 33 22 31 24 31 24 33
21 32 22 31 23 32 22 33
21 30 22 29 23 30 22 31
19 30 20 31 21 30 20 29
19 32 19 30 21 30 21 32
20 33 19 32 20 31 21 32
25 19 25 20 23 20 23 19
28 18 26 20 25 19 27 17
19 25 18 26 17 25 18 24
19 24 19 25 18 25 18 24
19 26 18 25 19 24 20 25
18 28 19 28 19 26 18 26
22 21 23 20 25 22 24 23
21 23 22 23 22 21 21 21
20 23 21 23 21 25 20 25
21 22 20 23 19 22 20 21
20 26 19 26 19 25 20 25
20 27 20 26 21 26 21 27
24 27 24 29 22 29 22 27
20 24 21 25 20 26 19 25
19 29 18 28 20 26 21 27
20 28 20 29 19 29 19 28
26 22 25 22 25 20 26 20
26 23 26 22 28 22 28 23
24 24 26 24 26 23 24 23
24 25 23 25 23 24 24 24
25 24 24 25 23 24 24 23
27 24 26 25 25 24 26 23
27 25 26 25 26 24 27 24
29 23 27 25 26 24 28 22
31 25 29 23 31 21 33 23
31 23 31 25 29 25 29 23
33 21 33 23 31 23 31 21
29 21 31 23 33 21 31 19
29 22 28 22 28 21 29 21
27 22 28 23 29 22 28 21
26 21 27 22 26 23 25 22
26 19 25 20 26 21 27 20
25 26 26 25 28 27 27 28
24 26 25 26 25 27 24 27
25 25 24 26 23 25 24 24
26 26 26 25 25 25 25 26
28 26 27 27 26 26 27 25
30 27 30 26 28 26 28 27
27 30 25 30 25 28 27 28
29 27 28 26 29 25 30 26
25 21 26 22 24 24 23 23
18 33 16 31 17 30 19 32
17 33 18 33 18 34 17 34
17 35 16 34 17 33 18 34
16 35 16 34 17 34 17 35
15 37 16 37 16 35 15 35
18 31 18 33 20 33 20 31
31 20 31 21 29 21 29 20
30 13 33 10 37 14 34 17
14 14 14 13 17 13 17 14
16 12 17 13 15 15 14 14
37 17 36 17 36 14 37 14
36 18 37 17 38 18 37 19
36 34 37 35 34 38 33 37
18 40 15 37 17 35 20 38
30 33 34 37 33 38 29 34
33 30 30 33 27 30 30 27
29 30 33 30 33 34 29 34
27 32 25 30 27 28 29 30
25 34 27 34 27 32 25 32
26 37 24 35 25 34 27 36
26 35 28 35 28 37 26 37
32 13 36 17 34 19 30 15
33 22 31 20 34 17 36 19
20 37 17 34 18 33 21 36
22 37 22 38 20 38 20 37
23 34 21 36 22 37 24 35
21 34 21 32 23 32 23 34
17 38 16 37 20 33 21 34
20 30 17 33 16 32 19 29
21 31 20 30 24 26 25 27
25 35 22 38 18 34 21 31
24 34 24 35 25 35 25 34
10 29 10 26 13 26 13 29
16 28 16 31 15 31 15 28
18 36 18 34 21 34 21 36
33 20 36 20 36 21 33 21
35 22 33 20 34 19 36 21
34 23 35 22 36 23 35 24
34 22 35 22 35 23 34 23
35 19 33 21 34 22 36 20
33 15 32 16 35 19 36 18
34 15 33 15 33 12 34 12
14 30 14 29 17 29 17 30
12 30 14 30 14 32 12 32
11 29 12 28 13 29 12 30
12 15 16 19 18 17 14 13
30 35 28 35 28 33 30 33
30 37 30 35 33 35 33 37
28 38 30 38 30 37 28 37
23 14 27 14 27 17 23 17
22 15 23 14 27 18 26 19
21 14 22 15 19 18 18 17
23 13 23 14 21 14 21 13
33 19 33 20 31 20 31 19
37 15 33 19 32 18 36 14
16 27 15 27 15 24 16 24
34 24 33 23 34 22 35 23
33 24 33 23 34 23 34 24
32 23 33 22 34 23 33 24
25 16 26 16 26 19 25 19
31 26 30 27 27 24 28 23
25 15 25 16 22 16 22 15
24 18 23 17 25 15 26 16
24 20 23 19 24 18 25 19
11 28 10 29 16 35 17 34
11 27 12 27 12 28 11 28
25 8 30 13 23 20 18 15
26 8 26 15 25 15 25 8
24 10 26 8 30 12 28 14
34 27 34 33 30 33 30 27
35 27 34 27 34 24 35 24
39 27 37 29 35 27 37 25
37 26 31 26 31 25 37 25
40 29 36 33 33 30 37 26
40 33 37 33 37 29 40 29
39 36 35 36 35 27 39 27
32 38 21 27 22 26 33 37
