best-score: 658765
count: 5
elapsed-time: 4.778
126
32 25 33 26 32 27 31 26
15 16 15 14 16 14 16 16
41 40 40 39 42 37 43 38
21 43 19 41 20 40 22 42
41 18 41 19 39 19 39 18
16 24 16 25 14 25 14 24
19 33 17 35 18 36 20 34
37 16 39 18 37 20 35 18
16 26 18 28 16 30 14 28
18 26 16 26 16 25 18 25
19 28 19 26 18 26 18 28
18 27 19 26 20 27 19 28
28 19 28 17 27 17 27 19
26 18 27 19 25 21 24 20
34 24 32 24 32 23 34 23
33 25 35 25 35 26 33 26
33 23 32 24 33 25 34 24
25 23 26 23 26 25 25 25
44 44 41 44 41 40 44 40
19 42 15 42 15 41 19 41
19 19 16 16 18 14 21 17
17 23 19 23 19 19 17 19
19 25 18 26 16 24 17 23
22 23 22 25 19 25 19 23
22 21 25 21 25 23 22 23
28 23 26 25 22 21 24 19
32 19 32 23 28 23 28 19
16 19 16 16 17 16 17 19
39 38 39 35 43 35 43 38
22 41 19 41 19 38 22 38
26 42 26 41 22 41 22 42
23 37 22 38 26 42 27 41
23 36 27 36 27 37 23 37
20 39 23 36 25 38 22 41
16 43 15 42 19 38 20 39
36 16 37 16 37 20 36 20
17 33 17 35 14 35 14 33
19 17 21 17 21 19 19 19
19 21 17 19 19 17 21 19
17 21 19 23 16 26 14 24
19 36 18 36 18 33 19 33
20 37 19 36 23 32 24 33
22 37 20 37 20 34 22 34
23 38 23 37 22 37 22 38
22 45 19 42 23 38 26 41
19 45 19 42 22 42 22 45
21 20 21 19 24 19 24 20
17 24 21 20 22 21 18 25
16 23 16 24 17 24 17 23
14 19 14 23 16 23 16 19
12 17 15 14 17 16 14 19
15 24 16 25 17 24 16 23
13 24 14 25 15 24 14 23
13 23 14 23 14 24 13 24
21 12 25 16 21 20 17 16
41 24 38 27 34 23 37 20
36 32 39 29 42 32 39 35
34 29 34 32 36 32 36 29
34 18 36 20 33 23 31 21
31 41 27 41 27 37 31 37
38 40 34 44 31 41 35 37
39 40 38 40 38 38 39 38
38 39 39 38 40 39 39 40
34 27 38 27 38 28 34 28
37 28 36 29 34 27 35 26
22 27 22 25 25 25 25 27
37 27 38 28 34 32 33 31
35 35 35 37 31 37 31 35
30 36 26 32 27 31 31 35
18 16 18 14 25 14 25 16
6 27 14 19 22 27 14 35
35 41 35 37 42 37 42 41
32 38 35 35 38 38 35 41
32 31 33 31 33 38 32 38
30 29 32 27 34 29 32 31
20 33 23 36 30 29 27 26
22 33 20 33 20 27 22 27
24 34 24 33 22 33 22 34
20 26 18 28 24 34 26 32
27 12 27 17 21 17 21 12
30 15 28 17 25 14 27 12
43 21 37 27 35 25 41 19
50 29 42 37 34 29 42 21
26 46 22 42 27 37 31 41
15 35 17 33 22 38 20 40
34 38 34 44 33 44 33 38
39 24 41 24 41 29 39 29
35 23 34 23 34 18 35 18
45 25 41 29 35 23 39 19
31 16 31 21 25 21 25 16
31 14 36 14 36 16 31 16
32 15 31 16 30 15 31 14
42 33 37 28 38 27 43 32
43 33 42 33 42 32 43 32
49 39 44 44 38 38 43 33
17 28 18 28 18 33 17 33
15 26 16 25 18 27 17 28
15 30 15 26 16 26 16 30
20 31 18 33 15 30 17 28
35 20 32 23 28 19 31 16
28 42 27 41 31 37 32 38
28 46 26 46 26 42 28 42
26 19 28 17 34 23 32 25
19 12 26 19 22 23 15 16
12 12 19 12 19 17 12 17
27 23 26 23 26 19 27 19
23 23 25 25 27 23 25 21
22 22 23 23 20 26 19 25
27 34 20 27 22 25 29 32
30 34 30 36 27 36 27 34
28 26 28 23 27 23 27 26
31 29 23 37 20 34 28 26
30 26 30 29 31 29 31 26
29 21 27 23 30 26 32 24
34 12 27 19 29 21 36 14
26 27 32 27 32 25 26 25
25 32 26 32 26 27 25 27
24 18 26 18 26 19 24 19
32 26 27 31 19 23 24 18
35 27 34 28 32 26 33 25
45 15 45 25 44 25 44 15
40 10 45 15 41 19 36 14
21 30 21 43 16 43 16 30
33 51 28 46 39 35 44 40
37 34 33 38 22 27 26 23
49 10 49 39 40 39 40 10
