best-score: 607253
count: 6
elapsed-time: 4.743
115
38 35 37 36 36 35 37 34
21 20 21 19 20 19 20 20
22 20 21 21 20 20 21 19
22 21 21 21 21 20 22 20
22 17 23 17 23 18 22 18
36 34 36 35 35 35 35 34
34 24 33 24 33 23 34 23
41 18 39 18 39 17 41 17
39 16 41 18 39 20 37 18
19 41 18 41 18 39 19 39
37 19 39 19 39 18 37 18
20 16 21 15 23 17 22 18
21 38 20 38 20 36 21 36
31 40 31 42 32 42 32 40
30 37 29 38 31 40 32 39
35 19 33 21 31 19 33 17
24 19 22 21 21 20 23 18
34 19 36 21 34 23 32 21
38 24 39 25 37 27 36 26
36 33 35 34 33 32 34 31
37 33 37 34 36 34 36 33
32 23 33 23 33 21 32 21
36 25 35 26 33 24 34 23
35 25 36 25 36 26 35 26
17 35 20 38 19 39 16 36
24 15 24 19 21 19 21 15
24 13 23 14 24 15 25 14
28 13 28 15 24 15 24 13
38 39 36 39 36 35 38 35
37 38 38 39 37 40 36 39
25 17 25 14 23 14 23 17
38 20 34 24 33 23 37 19
37 20 38 20 38 24 37 24
35 20 35 19 37 19 37 20
43 23 42 24 38 20 39 19
25 16 23 18 22 17 24 15
39 24 36 21 37 20 40 23
41 25 41 24 39 24 39 25
42 25 42 29 41 29 41 25
37 28 38 29 42 25 41 24
32 29 34 31 37 28 35 26
36 17 36 21 33 21 33 17
36 16 39 16 39 17 36 17
38 14 41 17 39 19 36 16
16 33 16 36 20 36 20 33
15 31 15 33 16 33 16 31
16 32 15 33 14 32 15 31
36 40 32 40 32 39 36 39
24 39 21 36 24 33 27 36
34 27 37 27 37 24 34 24
34 29 32 29 32 27 34 27
38 31 38 29 34 29 34 31
39 32 37 34 36 33 38 31
25 33 27 33 27 36 25 36
24 30 24 33 25 33 25 30
25 29 24 30 20 26 21 25
26 30 25 29 29 25 30 26
29 26 29 30 26 30 26 26
30 25 30 26 29 26 29 25
31 26 30 25 32 23 33 24
31 30 30 30 30 26 31 26
28 27 29 26 32 29 31 30
28 23 32 23 32 27 28 27
27 24 28 23 30 25 29 26
31 32 29 30 32 27 34 29
33 30 33 32 31 32 31 30
32 19 28 23 24 19 28 15
31 21 32 21 32 19 31 19
31 24 27 24 27 21 31 21
33 26 33 24 31 24 31 26
35 30 35 26 33 26 33 30
17 12 22 17 20 19 15 14
42 18 42 24 41 24 41 18
43 17 42 18 41 17 42 16
13 36 16 33 21 38 18 41
27 49 19 41 27 33 35 41
13 34 16 31 21 36 18 39
30 11 36 17 34 19 28 13
30 35 23 42 18 37 25 30
35 37 35 35 30 35 30 37
39 37 39 41 35 41 35 37
40 37 39 37 39 32 40 32
42 42 42 37 40 37 40 42
29 46 21 38 28 31 36 39
21 46 21 38 29 38 29 46
29 36 29 38 37 38 37 36
44 36 39 41 35 37 40 32
28 30 35 37 32 40 25 33
41 30 36 25 37 24 42 29
44 34 44 36 37 36 37 34
30 20 35 20 35 25 30 25
25 25 30 20 31 21 26 26
21 29 25 29 25 25 21 25
17 25 21 21 25 25 21 29
17 24 21 24 21 25 17 25
16 23 20 19 21 20 17 24
18 32 21 29 25 33 22 36
29 17 29 25 25 25 25 17
28 18 29 17 31 19 30 20
23 23 28 23 28 18 23 18
23 31 16 31 16 23 23 23
40 36 39 37 36 34 37 33
31 29 36 34 35 35 30 30
30 28 34 24 35 25 31 29
19 24 22 21 28 27 25 30
22 23 29 30 28 31 21 24
29 35 29 30 30 30 30 35
43 32 40 32 40 23 43 23
41 34 39 32 41 30 43 32
28 42 23 42 23 31 28 31
35 49 28 42 35 35 42 42
27 41 27 49 35 49 35 41
25 43 20 38 22 36 27 41
22 43 22 36 25 36 25 43
37 15 37 18 28 18 28 15
