best-score: 827724
count: 5
elapsed-time: 4.885
214
11 29 11 30 10 30 10 29
13 29 12 30 11 29 12 28
27 30 27 29 28 29 28 30
27 28 26 29 27 30 28 29
26 28 26 27 27 27 27 28
25 29 24 28 25 27 26 28
25 28 26 28 26 29 25 29
24 27 24 28 25 28 25 27
23 28 22 27 23 26 24 27
22 28 22 27 23 27 23 28
23 29 22 28 23 27 24 28
14 12 13 13 12 12 13 11
14 13 13 13 13 12 14 12
13 14 12 13 13 12 14 13
12 14 12 13 13 13 13 14
12 15 11 15 11 14 12 14
11 16 10 15 11 14 12 15
12 16 12 17 11 17 11 16
10 16 11 17 12 16 11 15
12 11 13 11 13 12 12 12
28 28 27 29 26 28 27 27
10 14 11 13 12 14 11 15
10 13 11 13 11 14 10 14
11 12 12 13 11 14 10 13
25 30 24 29 25 28 26 29
24 30 24 29 25 29 25 30
14 14 13 15 12 14 13 13
15 13 15 14 14 14 14 13
15 11 14 12 15 13 16 12
25 26 25 27 26 27 26 26
23 30 22 29 23 28 24 29
22 30 22 29 23 29 23 30
23 31 22 30 23 29 24 30
24 31 23 31 23 30 24 30
13 16 13 15 12 15 12 16
14 15 13 16 12 15 13 14
19 9 20 10 19 11 18 10
16 11 17 11 17 12 16 12
21 29 21 28 22 28 22 29
21 27 20 28 21 29 22 28
22 26 22 27 21 27 21 26
23 25 23 26 22 26 22 25
21 25 22 26 23 25 22 24
21 24 22 24 22 25 21 25
20 25 21 24 22 25 21 26
20 26 20 25 21 25 21 26
19 25 20 26 19 27 18 26
19 26 18 26 18 25 19 25
20 27 20 26 19 26 19 27
18 27 19 28 20 27 19 26
18 28 18 27 19 27 19 28
19 29 18 28 19 27 20 28
20 29 19 29 19 28 20 28
21 30 20 29 21 28 22 29
26 16 25 16 25 15 26 15
25 17 26 16 27 17 26 18
21 31 20 30 21 29 22 30
22 31 21 31 21 30 22 30
23 32 22 31 23 30 24 31
22 32 22 31 23 31 23 32
24 16 23 15 24 14 25 15
24 17 24 16 25 16 25 17
24 26 24 27 23 27 23 26
25 25 25 26 24 26 24 25
27 25 26 26 25 25 26 24
27 24 28 24 28 25 27 25
24 24 25 25 24 26 23 25
23 24 24 24 24 25 23 25
22 23 22 24 23 24 23 23
20 23 21 24 22 23 21 22
27 23 27 24 26 24 26 23
23 17 24 18 25 17 24 16
23 18 23 17 24 17 24 18
23 16 22 17 23 18 24 17
24 15 24 16 23 16 23 15
25 14 26 15 25 16 24 15
19 24 18 25 19 26 20 25
20 24 20 25 19 25 19 24
21 23 21 24 20 24 20 23
22 22 22 23 21 23 21 22
20 22 21 23 22 22 21 21
20 21 21 21 21 22 20 22
16 17 17 16 18 17 17 18
19 14 20 15 19 16 18 15
22 16 23 16 23 17 22 17
22 14 21 15 22 16 23 15
19 23 20 24 19 25 18 24
18 23 19 23 19 24 18 24
23 12 25 12 25 10 23 10
27 12 25 14 23 12 25 10
27 14 25 14 25 12 27 12
29 26 27 28 26 27 28 25
30 23 28 25 27 24 29 22
19 30 17 30 17 29 19 29
18 29 19 28 20 29 19 30
9 18 11 16 12 17 10 19
17 9 19 9 19 11 17 11
16 10 17 9 18 10 17 11
15 10 16 10 16 11 15 11
14 9 15 10 13 12 12 11
28 18 26 18 26 16 28 16
28 22 26 20 28 18 30 20
28 20 29 20 29 22 28 22
26 19 26 20 28 20 28 19
27 18 26 19 24 17 25 16
29 23 28 24 27 23 28 22
30 22 30 23 29 23 29 22
10 17 11 17 11 19 10 19
16 13 18 15 17 16 15 14
15 12 16 11 17 12 16 13
14 11 14 12 15 12 15 11
13 9 13 11 14 11 14 9
14 8 16 10 15 11 13 9
29 17 28 18 27 17 28 16
11 20 11 19 13 19 13 20
9 20 10 21 11 20 10 19
26 22 24 20 26 18 28 20
25 23 26 22 27 23 26 24
23 22 23 23 25 23 25 22
24 23 23 24 22 23 23 22
25 24 24 23 25 22 26 23
26 25 26 24 25 24 25 25
27 26 27 25 26 25 26 26
29 27 29 26 27 26 27 27
30 26 29 27 27 25 28 24
25 20 25 22 26 22 26 20
21 20 23 22 25 20 23 18
24 22 23 23 24 24 25 23
22 20 24 18 26 20 24 22
20 20 21 21 22 20 21 19
20 19 21 19 21 20 20 20
21 18 20 19 18 17 19 16
23 19 23 18 21 18 21 19
16 15 18 15 18 17 16 17
17 14 19 14 19 16 17 16
24 19 24 18 26 18 26 19
23 20 24 20 24 19 23 19
20 18 22 16 23 17 21 19
22 21 21 21 21 20 22 20
23 21 23 22 22 22 22 21
19 20 20 21 21 20 20 19
19 21 19 20 20 20 20 21
18 22 19 21 20 22 19 23
18 21 19 21 19 22 18 22
17 22 18 21 19 22 18 23
17 23 17 22 18 22 18 23
16 26 15 25 17 23 18 24
16 27 16 26 18 26 18 27
15 28 16 27 18 29 17 30
16 19 18 21 19 20 17 18
15 17 15 19 16 19 16 17
14 18 12 16 13 15 15 17
14 20 13 19 14 18 15 19
31 29 30 30 28 28 29 27
15 27 16 26 18 28 17 29
16 28 16 27 15 27 15 28
29 30 29 27 30 27 30 30
31 28 29 30 28 29 30 27
15 30 12 30 12 28 15 28
12 27 15 24 18 27 15 30
17 8 17 9 14 9 14 8
18 9 16 11 15 10 17 8
31 25 31 28 28 28 28 25
32 24 31 25 29 23 30 22
13 23 15 25 12 28 10 26
14 23 13 23 13 20 14 20
16 21 17 22 15 24 14 23
18 19 18 21 16 21 16 19
18 18 20 18 20 19 18 19
19 17 18 18 14 14 15 13
29 14 29 17 27 17 27 14
30 13 29 14 27 12 28 11
29 13 30 13 30 14 29 14
28 12 29 13 26 16 25 15
27 11 27 12 28 12 28 11
24 8 27 11 24 14 21 11
12 24 15 24 15 25 12 25
21 8 23 10 19 14 17 12
24 11 24 8 21 8 21 11
20 16 16 12 17 11 21 15
21 16 21 18 20 18 20 16
22 15 22 16 21 16 21 15
21 14 22 15 21 16 20 15
20 14 21 14 21 15 20 15
12 22 12 24 10 24 10 22
15 21 13 23 12 22 14 20
16 24 16 21 15 21 15 24
16 25 16 24 18 24 18 25
15 26 16 26 16 25 15 25
12 26 15 26 15 27 12 27
10 25 10 26 12 26 12 25
8 27 10 25 12 27 10 29
8 28 8 27 12 27 12 28
9 27 11 29 10 30 8 28
30 17 30 20 29 20 29 17
31 18 29 20 28 19 30 17
31 19 28 19 28 18 31 18
8 20 11 17 13 19 10 22
8 18 9 18 9 20 8 20
6 20 8 18 12 22 10 24
15 20 12 17 13 16 16 19
14 19 14 20 15 20 15 19
13 18 13 19 14 19 14 18
20 11 20 14 19 14 19 11
23 14 24 15 23 16 22 15
22 12 22 14 23 14 23 12
14 16 17 16 17 18 14 18
16 20 18 22 17 23 15 21
17 19 18 18 20 20 19 21
16 18 17 19 16 20 15 19
6 27 6 20 8 20 8 27
11 23 13 23 13 29 11 29
9 23 9 20 11 20 11 23
14 29 14 23 17 23 17 29
