best-score: 970287
count: 10
elapsed-time: 4.559
128
6 22 7 21 8 22 7 23
6 21 7 21 7 22 6 22
7 20 8 21 7 22 6 21
8 20 8 21 7 21 7 20
9 20 8 20 8 19 9 19
8 23 8 22 7 22 7 23
6 10 7 9 8 10 7 11
6 11 6 10 7 10 7 11
7 12 6 11 7 10 8 11
8 12 7 12 7 11 8 11
9 11 10 12 9 13 8 12
10 11 10 12 9 12 9 11
10 13 9 12 10 11 11 12
11 13 10 13 10 12 11 12
11 11 10 12 11 13 12 12
10 10 10 11 11 11 11 10
9 9 10 10 9 11 8 10
8 9 9 9 9 10 8 10
6 9 7 10 8 9 7 8
6 8 7 8 7 9 6 9
8 8 7 9 6 8 7 7
21 23 20 23 20 22 21 22
9 21 8 20 9 19 10 20
9 22 8 22 8 21 9 21
10 21 9 22 8 21 9 20
11 20 11 21 10 21 10 20
10 22 9 23 8 22 9 21
12 22 11 23 10 22 11 21
22 19 21 18 22 17 23 18
23 19 22 19 22 18 23 18
24 18 23 19 22 18 23 17
22 13 23 13 23 12 22 12
10 9 11 10 10 11 9 10
6 13 7 12 8 13 7 14
20 12 21 11 22 12 21 13
21 12 21 13 20 13 20 12
22 11 22 12 21 12 21 11
24 11 23 12 22 11 23 10
21 17 21 18 22 18 22 17
21 19 20 18 21 17 22 18
20 19 20 18 21 18 21 19
24 17 24 18 23 18 23 17
6 15 7 14 8 15 7 16
21 14 20 13 21 12 22 13
22 14 21 14 21 13 22 13
21 15 20 14 21 13 22 14
20 15 20 14 21 14 21 15
20 11 21 10 22 11 21 12
20 10 21 10 21 11 20 11
19 12 19 11 20 11 20 12
12 15 13 16 12 17 11 16
12 16 12 15 13 15 13 16
11 17 12 17 12 16 11 16
13 17 12 18 11 17 12 16
13 18 12 18 12 17 13 17
14 16 14 17 13 17 13 16
8 7 8 8 7 8 7 7
10 23 9 23 9 22 10 22
9 24 8 23 9 22 10 23
8 24 8 23 9 23 9 24
10 6 11 7 9 9 8 8
8 6 10 6 10 7 8 7
23 8 23 10 21 10 21 8
11 9 11 7 10 7 10 9
12 10 11 11 10 10 11 9
12 9 12 10 11 10 11 9
13 10 12 11 11 10 12 9
13 11 12 11 12 10 13 10
13 9 12 10 13 11 14 10
14 9 14 10 13 10 13 9
15 10 14 11 13 10 14 9
15 11 14 11 14 10 15 10
6 17 6 15 8 15 8 17
7 18 6 17 7 16 8 17
6 19 7 18 8 19 7 20
18 17 19 16 21 18 20 19
9 15 9 13 8 13 8 15
8 16 9 15 11 17 10 18
23 16 22 17 20 15 21 14
22 16 23 16 23 17 22 17
20 16 21 17 22 16 21 15
19 18 20 18 20 16 19 16
19 19 17 19 17 18 19 18
19 20 19 19 20 19 20 20
22 21 21 22 19 20 20 19
21 21 21 19 22 19 22 21
22 20 21 21 20 20 21 19
10 19 12 17 13 18 11 20
9 18 10 19 9 20 8 19
10 15 8 17 9 18 11 16
12 19 12 18 10 18 10 19
12 20 12 19 13 19 13 20
11 19 12 18 13 19 12 20
10 14 11 13 13 15 12 16
8 14 9 15 10 14 9 13
12 14 12 15 10 15 10 14
22 22 21 23 20 22 21 21
23 21 23 22 22 22 22 21
24 20 23 21 22 20 23 19
11 24 10 23 13 20 14 21
10 24 10 23 11 23 11 24
9 25 8 24 9 23 10 24
10 25 9 25 9 24 10 24
19 23 16 20 17 19 20 22
17 20 17 23 19 23 19 20
16 21 13 18 14 17 17 20
14 20 14 21 16 21 16 20
15 25 12 22 14 20 17 23
14 23 11 23 11 21 14 21
13 24 10 21 11 20 14 23
16 23 14 21 17 18 19 20
16 14 17 15 20 12 19 11
15 15 12 12 13 11 16 14
15 18 15 15 17 15 17 18
15 19 13 19 13 18 15 18
16 18 15 19 13 17 14 16
19 15 20 16 17 19 16 18
16 10 15 11 19 15 20 14
16 8 20 8 20 10 16 10
17 7 20 10 19 11 16 8
16 16 19 19 20 18 17 15
14 14 14 16 16 16 16 14
13 14 13 11 14 11 14 14
14 13 18 17 17 18 13 14
16 13 20 13 20 14 16 14
17 12 20 15 19 16 16 13
19 6 15 10 17 12 21 8
16 19 16 20 17 20 17 19
