best-score: 710670
count: 3
elapsed-time: 4.945
262
10 33 11 32 12 33 11 34
13 34 14 33 15 34 14 35
30 13 31 14 32 13 31 12
31 13 31 14 30 14 30 13
32 12 32 13 31 13 31 12
32 14 31 13 32 12 33 13
33 14 32 14 32 13 33 13
34 30 34 29 35 29 35 30
16 35 15 34 16 33 17 34
32 15 31 16 30 15 31 14
31 15 31 14 32 14 32 15
29 15 30 16 31 15 30 14
29 14 30 14 30 15 29 15
28 13 29 12 30 13 29 14
29 13 29 14 28 14 28 13
30 12 30 13 29 13 29 12
16 34 16 33 17 33 17 34
15 35 16 35 16 34 15 34
33 15 32 16 31 15 32 14
33 16 32 16 32 15 33 15
34 15 33 16 32 15 33 14
30 30 30 31 31 31 31 30
18 15 17 14 18 13 19 14
18 17 17 16 18 15 19 16
19 17 19 18 18 18 18 17
20 16 20 17 19 17 19 16
19 15 20 14 21 15 20 16
18 16 19 16 19 15 18 15
17 17 18 17 18 16 17 16
17 18 16 18 16 17 17 17
18 19 17 18 18 17 19 18
17 20 18 19 19 20 18 21
18 20 17 20 17 19 18 19
20 20 19 21 18 20 19 19
21 21 20 20 21 19 22 20
33 19 32 20 31 19 32 18
27 15 28 14 29 15 28 16
19 31 19 32 18 32 18 31
15 18 16 17 17 18 16 19
15 19 15 18 16 18 16 19
14 20 15 19 16 20 15 21
14 19 15 19 15 20 14 20
13 18 13 19 14 19 14 18
14 17 15 18 14 19 13 18
15 17 15 18 14 18 14 17
16 16 17 17 16 18 15 17
15 16 16 16 16 17 15 17
16 15 17 16 16 17 15 16
17 15 16 15 16 14 17 14
15 15 16 16 17 15 16 14
20 15 20 14 19 14 19 15
21 16 21 15 20 15 20 16
31 20 32 20 32 19 31 19
32 21 31 20 32 19 33 20
33 21 32 21 32 20 33 20
31 21 32 22 33 21 32 20
31 22 31 21 32 21 32 22
32 23 31 22 32 21 33 22
33 23 32 23 32 22 33 22
18 14 19 15 18 16 17 15
19 13 19 14 18 14 18 13
27 16 28 16 28 17 27 17
26 15 26 16 27 16 27 15
16 21 15 20 16 19 17 20
30 21 31 21 31 20 30 20
20 18 19 19 18 18 19 17
20 19 19 19 19 18 20 18
21 18 20 19 19 18 20 17
22 18 22 19 21 19 21 18
21 17 22 18 21 19 20 18
15 23 14 24 15 25 16 24
26 18 25 17 26 16 27 17
24 29 25 28 26 29 25 30
21 20 20 21 19 20 20 19
22 21 21 20 22 19 23 20
23 21 22 21 22 20 23 20
25 26 26 27 25 28 24 27
25 27 25 26 26 26 26 27
24 28 25 28 25 27 24 27
34 14 34 15 33 15 33 14
14 15 15 16 14 17 13 16
15 14 15 15 14 15 14 14
16 13 17 14 16 15 15 14
15 13 16 13 16 14 15 14
17 13 16 14 15 13 16 12
18 12 19 13 18 14 17 13
17 12 18 12 18 13 17 13
33 18 33 19 32 19 32 18
36 12 34 14 33 13 35 11
13 32 13 34 11 34 11 32
36 32 35 33 33 31 34 30
15 10 17 12 16 13 14 11
12 35 12 33 14 33 14 35
13 12 15 14 14 15 12 13
14 12 13 12 13 11 14 11
13 13 14 12 15 13 14 14
11 13 12 14 13 13 12 12
11 14 11 13 12 13 12 14
9 16 11 14 13 16 11 18
9 18 9 16 11 16 11 18
30 32 31 31 33 33 32 34
30 34 28 34 28 32 30 32
31 33 31 31 33 31 33 33
35 18 33 18 33 16 35 16
19 36 17 34 19 32 21 34
17 36 17 34 19 34 19 36
13 29 12 29 12 27 13 27
12 32 11 31 13 29 14 30
13 20 13 19 11 19 11 20
14 22 14 20 13 20 13 22
16 22 16 24 14 24 14 22
17 22 16 22 16 21 17 21
19 22 18 23 17 22 18 21
18 22 18 21 19 21 19 22
17 23 16 22 17 21 18 22
17 25 16 24 17 23 18 24
17 24 18 24 18 25 17 25
19 24 18 25 17 24 18 23
21 24 20 25 19 24 20 23
21 25 20 25 20 24 21 24
27 11 29 13 28 14 26 12
29 11 29 12 27 12 27 11
19 35 17 33 18 32 20 34
31 18 32 18 32 16 31 16
32 17 33 18 32 19 31 18
20 32 20 34 19 34 19 32
21 31 20 32 19 31 20 30
20 31 21 31 21 32 20 32
22 31 21 32 20 31 21 30
23 31 23 32 22 32 22 31
22 30 23 31 22 32 21 31
23 27 21 29 22 30 24 28
10 21 11 20 13 22 12 23
21 11 22 12 20 14 19 13
19 12 21 12 21 11 19 11
18 11 19 12 18 13 17 12
26 14 25 14 25 12 26 12
25 15 26 14 27 15 26 16
24 15 24 14 25 14 25 15
25 16 24 15 25 14 26 15
26 17 26 16 25 16 25 17
27 18 26 17 27 16 28 17
27 19 26 19 26 18 27 18
28 21 28 19 27 19 27 21
14 26 13 27 11 25 12 24
12 26 12 24 14 24 14 26
11 27 12 27 12 26 11 26
29 29 30 30 28 32 27 31
27 27 27 29 29 29 29 27
26 28 25 27 26 26 27 27
25 29 26 29 26 28 25 28
26 30 25 29 26 28 27 29
24 32 26 30 27 31 25 33
23 34 24 34 24 32 23 32
21 36 19 34 21 32 23 34
20 36 20 34 21 34 21 36
17 29 19 31 18 32 16 30
22 36 20 34 22 32 24 34
23 36 22 36 22 34 23 34
25 34 23 36 21 34 23 32
19 30 20 31 19 32 18 31
19 29 20 29 20 30 19 30
20 28 21 29 20 30 19 29
21 28 21 29 20 29 20 28
22 29 21 30 20 29 21 28
24 30 24 29 22 29 22 30
25 32 25 30 24 30 24 32
14 21 13 20 14 19 15 20
22 13 20 15 19 14 21 12
24 13 24 14 22 14 22 13
26 13 25 14 24 13 25 12
27 14 26 13 27 12 28 13
28 15 27 16 26 15 27 14
29 16 29 15 28 15 28 16
30 19 28 17 29 16 31 18
29 20 30 19 31 20 30 21
27 20 28 21 29 20 28 19
25 20 26 21 27 20 26 19
21 13 21 12 22 12 22 13
30 18 31 18 31 19 30 19
29 18 29 16 30 16 30 18
29 19 30 18 31 19 30 20
28 18 28 19 29 19 29 18
28 20 27 19 28 18 29 19
30 22 29 23 27 21 28 20
30 24 30 22 31 22 31 24
31 25 30 24 32 22 33 23
24 10 26 12 24 14 22 12
29 17 28 18 27 17 28 16
31 17 30 18 29 17 30 16
33 17 32 18 31 17 32 16
27 30 26 30 26 29 27 29
28 22 30 22 30 21 28 21
21 23 20 24 18 22 19 21
22 24 22 23 21 23 21 24
24 26 23 27 21 25 22 24
23 26 24 26 24 27 23 27
24 25 23 26 21 24 22 23
25 25 25 26 24 26 24 25
25 19 23 21 22 20 24 18
26 20 25 19 26 18 27 19
25 21 26 21 26 20 25 20
26 22 25 21 26 20 27 21
27 22 26 22 26 21 27 21
25 24 24 23 26 21 27 22
26 25 25 26 24 25 25 24
19 23 19 24 18 24 18 23
20 22 20 23 19 23 19 22
21 22 20 22 20 21 21 21
23 22 22 23 21 22 22 21
25 22 23 22 23 21 25 21
26 24 26 22 25 22 25 24
27 25 26 26 25 25 26 24
28 26 27 25 29 23 30 24
28 28 27 27 28 26 29 27
27 26 26 26 26 25 27 25
23 19 23 20 25 20 25 19
24 22 22 24 21 23 23 21
11 15 12 14 15 17 14 18
13 15 13 16 11 16 11 15
17 32 13 32 13 29 17 29
13 28 17 32 16 33 12 29
16 23 12 27 13 28 17 24
15 22 16 21 17 22 16 23
14 23 13 22 14 21 15 22
30 26 31 25 35 29 34 30
28 24 28 26 30 26 30 24
27 24 27 22 28 22 28 24
28 25 27 24 30 21 31 22
9 21 11 19 14 22 12 24
14 27 16 27 16 30 14 30
18 33 17 33 17 32 18 32
29 30 25 34 26 35 30 31
30 29 30 30 29 30 29 29
31 28 30 29 27 26 28 25
36 25 32 29 31 28 35 24
32 26 32 29 30 29 30 26
35 25 31 25 31 24 35 24
36 29 36 25 35 25 35 29
35 28 36 29 35 30 34 29
36 27 35 28 31 24 32 23
29 31 27 31 27 30 29 30
16 28 20 24 21 25 17 29
17 26 20 29 19 30 16 27
15 26 15 25 17 25 17 26
22 15 24 15 24 18 22 18
21 14 21 15 22 15 22 14
20 13 20 14 21 14 21 13
19 26 19 29 17 29 17 26
22 27 21 28 19 26 20 25
23 28 22 27 23 26 24 27
23 30 22 29 23 28 24 29
24 31 23 32 22 31 23 30
26 31 25 32 24 31 25 30
27 35 27 31 26 31 26 35
26 36 24 34 25 33 27 35
30 25 27 22 28 21 31 24
31 26 27 30 26 29 30 25
18 28 18 25 20 25 20 28
22 28 22 27 23 27 23 28
36 26 31 31 30 30 35 25
9 33 9 21 10 21 10 33
