best-score: 608347
count: 5
elapsed-time: 4.924
176
13 33 14 32 15 33 14 34
13 34 13 33 14 33 14 34
12 33 13 32 14 33 13 34
12 32 13 32 13 33 12 33
20 14 20 13 19 13 19 14
17 34 16 35 15 34 16 33
16 34 17 34 17 35 16 35
16 32 16 33 15 33 15 32
17 33 16 34 15 33 16 32
18 17 18 16 19 16 19 17
35 22 36 22 36 23 35 23
21 17 22 18 21 19 20 18
21 18 21 17 22 17 22 18
22 19 21 18 22 17 23 18
21 20 22 20 22 19 21 19
34 22 35 21 36 22 35 23
34 21 35 21 35 22 34 22
18 32 18 31 19 31 19 32
20 19 21 19 21 18 20 18
20 21 19 20 20 19 21 20
23 19 23 18 22 18 22 19
23 21 22 20 23 19 24 20
23 20 24 20 24 21 23 21
22 21 21 20 22 19 23 20
22 22 22 21 23 21 23 22
23 23 22 22 23 21 24 22
24 23 23 23 23 22 24 22
25 22 24 23 23 22 24 21
28 19 29 20 30 19 29 18
28 18 29 18 29 19 28 19
30 20 30 19 29 19 29 20
19 25 19 24 18 24 18 25
21 30 22 30 22 31 21 31
23 30 22 31 21 30 22 29
20 25 19 26 18 25 19 24
20 26 19 26 19 25 20 25
26 33 26 34 25 34 25 33
26 32 27 33 26 34 25 33
27 32 27 33 26 33 26 32
23 29 23 30 22 30 22 29
25 21 25 22 24 22 24 21
25 19 24 20 25 21 26 20
38 37 38 39 37 39 37 37
17 15 19 13 20 14 18 16
35 35 34 34 36 32 37 33
35 33 37 33 37 35 35 35
17 30 15 32 16 33 18 31
19 30 17 30 17 29 19 29
20 31 19 32 18 31 19 30
34 36 34 35 35 35 35 36
36 38 34 36 35 35 37 37
33 19 34 19 34 17 33 17
32 35 34 35 34 34 32 34
31 16 29 18 28 17 30 15
16 30 17 29 19 31 18 32
17 32 17 30 16 30 16 32
18 33 18 32 17 32 17 33
19 36 17 34 18 33 20 35
22 35 23 34 25 36 24 37
20 30 20 31 19 31 19 30
20 32 19 31 20 30 21 31
21 32 20 32 20 31 21 31
24 33 23 34 21 32 22 31
25 32 25 33 24 33 24 32
27 30 25 32 23 30 25 28
26 18 28 18 28 17 26 17
24 18 26 18 26 20 24 20
23 17 24 18 23 19 22 18
22 15 22 17 23 17 23 15
21 16 19 14 20 13 22 15
24 17 24 18 23 18 23 17
25 35 25 36 27 36 27 35
23 35 23 34 25 34 25 35
22 34 24 32 25 33 23 35
20 34 22 34 22 35 20 35
19 35 17 33 18 32 20 34
20 36 20 35 19 35 19 36
27 21 26 20 28 18 29 19
26 36 25 35 26 34 27 35
25 17 26 18 25 19 24 18
26 15 26 17 25 17 25 15
24 13 26 15 24 17 22 15
28 35 27 36 25 34 26 33
27 34 27 35 28 35 28 34
27 19 27 21 25 21 25 19
25 31 24 32 22 30 23 29
26 31 26 32 25 32 25 31
23 28 25 28 25 29 23 29
19 34 19 32 20 32 20 34
36 16 38 18 35 21 33 19
38 19 35 22 34 21 37 18
37 19 37 18 38 18 38 19
13 29 14 29 14 32 13 32
16 26 19 29 16 32 13 29
16 22 14 24 16 26 18 24
15 21 19 17 20 18 16 22
22 12 25 15 23 17 20 14
20 12 22 12 22 13 20 13
32 16 33 17 30 20 29 19
33 16 33 17 32 17 32 16
33 15 36 15 36 16 33 16
31 13 33 15 32 16 30 14
32 13 32 16 31 16 31 13
22 39 22 35 23 35 23 39
26 14 30 14 30 15 26 15
29 17 28 18 25 15 26 14
32 18 32 17 29 17 29 18
16 29 14 29 14 26 16 26
20 27 17 30 16 29 19 26
21 27 21 30 20 30 20 27
24 24 21 27 20 26 23 23
28 22 25 25 24 24 27 21
31 21 29 23 28 22 30 20
32 20 34 22 33 23 31 21
34 20 34 21 32 21 32 20
37 20 34 20 34 19 37 19
32 15 31 16 32 17 33 16
28 31 28 34 32 34 32 31
31 36 27 32 28 31 32 35
21 24 21 20 19 20 19 24
24 27 23 28 20 25 21 24
29 36 28 35 32 31 33 32
29 33 31 33 31 36 29 36
28 32 29 33 28 34 27 33
16 28 19 25 20 26 17 29
10 30 12 32 16 28 14 26
23 31 23 34 22 34 22 31
25 30 25 31 23 31 23 30
27 29 27 30 25 30 25 29
28 30 26 32 25 31 27 29
33 31 31 33 28 30 30 28
32 29 32 31 33 31 33 29
28 21 27 22 23 18 24 17
31 22 31 21 28 21 28 22
30 23 28 21 29 20 31 22
22 28 20 30 19 29 21 27
19 28 22 28 22 29 19 29
21 21 22 22 19 25 18 24
20 20 21 19 22 20 21 21
27 18 24 21 23 20 26 17
26 23 29 23 29 20 26 20
26 24 24 24 24 23 26 23
20 23 22 21 23 22 21 24
23 25 23 23 20 23 20 25
27 31 27 30 28 30 28 31
26 26 23 29 22 28 25 25
27 25 25 25 25 22 27 22
32 26 30 28 27 25 29 23
35 14 36 15 34 17 33 16
36 31 36 32 33 32 33 31
7 19 13 13 20 20 14 26
7 21 7 19 15 19 15 21
18 18 18 24 14 24 14 18
38 24 39 24 39 19 38 19
41 21 38 24 36 22 39 19
15 23 15 21 20 21 20 23
41 27 36 32 33 29 38 24
37 26 32 21 34 19 39 24
18 37 18 33 24 33 24 37
21 40 18 37 19 36 22 39
41 14 41 21 35 21 35 14
36 9 41 14 37 18 32 13
35 29 33 29 33 23 35 23
38 26 35 29 32 26 35 23
37 24 37 26 38 26 38 24
31 28 32 29 37 24 36 23
30 27 31 28 28 31 27 30
31 27 31 28 30 28 30 27
34 27 31 27 31 22 34 22
41 34 41 27 34 27 34 34
36 29 41 34 38 37 33 32
27 26 27 29 32 29 32 26
26 25 27 26 25 28 24 27
29 27 30 27 30 23 29 23
31 26 30 27 26 23 27 22
5 23 7 21 16 30 14 32
