best-score: 743842
count: 7
elapsed-time: 4.766
148
14 11 14 12 13 12 13 11
14 13 13 12 14 11 15 12
14 14 14 13 15 13 15 14
13 13 14 12 15 13 14 14
12 13 13 14 12 15 11 14
12 14 12 13 13 13 13 14
11 15 12 15 12 14 11 14
12 26 11 27 10 26 11 25
14 15 13 14 14 13 15 14
13 15 13 14 14 14 14 15
12 16 11 15 12 14 13 15
13 16 12 16 12 15 13 15
26 14 27 13 28 14 27 15
26 26 26 27 25 27 25 26
21 12 22 13 21 14 20 13
19 26 18 25 19 24 20 25
20 27 19 28 18 27 19 26
19 27 19 26 20 26 20 27
18 28 19 28 19 27 18 27
18 22 17 23 16 22 17 21
23 22 23 21 24 21 24 22
23 20 22 21 23 22 24 21
22 20 23 20 23 21 22 21
13 30 13 31 11 31 11 30
30 15 32 15 32 13 30 13
31 14 32 15 31 16 30 15
31 12 30 13 31 14 32 13
29 12 31 12 31 14 29 14
28 13 29 12 30 13 29 14
27 14 28 14 28 13 27 13
26 15 27 15 27 14 26 14
28 15 27 16 26 15 27 14
29 15 28 15 28 14 29 14
13 27 11 27 11 25 13 25
14 26 13 27 12 26 13 25
29 16 28 15 29 14 30 15
30 16 29 16 29 15 30 15
28 18 30 16 32 18 30 20
17 12 17 13 15 13 15 12
10 17 12 15 13 16 11 18
28 16 27 16 27 15 28 15
26 16 27 17 28 16 27 15
26 17 26 16 27 16 27 17
29 18 28 18 28 16 29 16
28 19 26 17 27 16 29 18
28 25 26 27 25 26 27 24
22 11 22 13 20 13 20 11
21 10 22 11 21 12 20 11
21 27 23 29 25 27 23 25
20 28 19 27 20 26 21 27
21 28 20 28 20 27 21 27
15 19 16 18 18 20 17 21
15 20 13 20 13 19 15 19
24 23 24 22 26 22 26 23
18 23 20 23 20 25 18 25
17 22 17 23 18 23 18 22
15 24 17 22 18 23 16 25
16 21 17 21 17 22 16 22
19 22 18 23 19 24 20 23
19 20 19 22 18 22 18 20
20 21 19 20 21 18 22 19
22 23 22 21 20 21 20 23
23 24 22 23 23 22 24 23
18 19 19 20 17 22 16 21
9 11 10 10 13 13 12 14
12 29 10 29 10 26 12 26
11 28 12 29 11 30 10 29
31 28 31 31 29 31 29 28
33 26 31 28 28 25 30 23
15 26 16 27 13 30 12 29
14 24 14 26 15 26 15 24
10 22 13 25 14 24 11 21
16 30 13 30 13 27 16 27
16 32 16 30 17 30 17 32
17 10 20 13 18 15 15 12
18 12 18 10 17 10 17 12
18 14 18 12 21 12 21 14
19 13 18 14 17 13 18 12
23 17 19 13 22 10 26 14
22 17 22 15 23 15 23 17
18 17 22 17 22 19 18 19
20 15 18 17 15 14 17 12
19 15 19 13 20 13 20 15
15 17 16 18 19 15 18 14
15 15 18 15 18 17 15 17
14 16 13 15 14 14 15 15
12 18 14 16 15 17 13 19
12 21 12 18 16 18 16 21
10 19 11 18 13 20 12 21
13 17 13 19 10 19 10 17
14 17 13 17 13 16 14 16
15 16 14 17 13 16 14 15
31 20 30 20 30 16 31 16
30 19 31 20 27 24 26 23
32 17 30 19 29 18 31 16
11 16 12 16 12 18 11 18
13 22 16 22 16 25 13 25
9 26 13 22 15 24 11 28
9 22 10 22 10 26 9 26
10 20 13 20 13 22 10 22
27 20 30 23 31 22 28 19
27 23 27 20 30 20 30 23
26 24 27 24 27 23 26 23
25 23 26 22 27 23 26 24
22 24 23 25 25 23 24 22
22 25 22 24 23 24 23 25
24 27 22 25 23 24 25 26
24 30 24 27 25 27 25 30
19 31 19 28 20 28 20 31
19 17 23 13 26 16 22 20
15 23 19 27 18 28 14 24
17 24 17 23 15 23 15 24
17 26 17 24 19 24 19 26
17 28 16 27 17 26 18 27
18 30 18 28 17 28 17 30
17 33 16 32 18 30 19 31
30 30 29 31 25 27 26 26
12 20 13 19 16 22 15 23
11 19 12 20 11 21 10 20
26 20 23 20 23 17 26 17
25 19 26 20 24 22 23 21
25 18 28 18 28 19 25 19
23 14 22 15 25 18 26 17
26 13 26 14 23 14 23 13
27 12 28 13 27 14 26 13
26 12 27 12 27 13 26 13
15 28 17 28 17 26 15 26
21 16 20 15 21 14 22 15
20 17 21 16 22 17 21 18
16 17 18 19 20 17 18 15
24 19 25 18 27 20 26 21
23 18 24 19 23 20 22 19
25 14 22 17 23 18 26 15
23 10 22 11 25 14 26 13
23 11 22 11 22 10 23 10
25 21 24 21 24 19 25 19
22 26 20 26 20 25 22 25
31 26 29 28 24 23 26 21
33 28 33 26 31 26 31 28
21 7 26 12 23 15 18 10
18 7 21 7 21 10 18 10
28 29 23 29 23 25 28 25
31 32 28 29 29 28 32 31
32 32 31 32 31 31 32 31
31 21 31 22 26 22 26 21
28 24 27 23 30 20 31 21
12 30 22 20 23 21 13 31
27 33 17 33 17 32 27 32
