best-score: 722336
count: 23
elapsed-time: 4.555
62
21 24 20 24 20 23 21 23
20 25 19 24 20 23 21 24
19 25 19 24 20 24 20 25
11 21 12 21 12 22 11 22
13 21 12 22 11 21 12 20
15 20 16 20 16 21 15 21
14 19 15 18 16 19 15 20
18 19 17 20 16 19 17 18
17 19 17 20 16 20 16 19
18 18 18 19 17 19 17 18
22 19 22 20 24 20 24 19
21 18 22 19 20 21 19 20
23 18 21 18 21 17 23 17
23 20 22 19 23 18 24 19
9 20 10 19 12 21 11 22
21 9 21 11 20 11 20 9
23 7 24 8 22 10 21 9
13 18 15 18 15 20 13 20
12 19 13 18 14 19 13 20
10 20 12 20 12 19 10 19
15 17 16 16 18 18 17 19
17 17 17 18 15 18 15 17
7 23 10 20 11 21 8 24
22 7 23 7 23 10 22 10
10 24 9 24 9 20 10 20
7 11 10 8 12 10 9 13
7 9 8 9 8 11 7 11
21 14 20 13 23 10 24 11
24 14 21 14 21 11 24 11
27 17 24 20 21 17 24 14
6 13 8 11 12 15 10 17
25 13 24 14 21 11 22 10
16 23 16 21 20 21 20 23
15 24 12 21 13 20 16 23
13 24 13 21 15 21 15 24
12 23 15 20 16 21 13 24
10 25 9 24 11 22 12 23
13 25 10 25 10 24 13 24
17 24 17 20 19 20 19 24
6 16 9 13 13 17 10 20
8 13 8 16 6 16 6 13
9 11 9 13 8 13 8 11
17 11 20 11 20 13 17 13
16 10 17 9 18 10 17 11
17 14 21 18 24 15 20 11
15 11 17 11 17 9 15 9
14 10 15 9 16 10 15 11
11 13 8 16 12 20 15 17
12 8 9 11 11 13 14 10
10 10 12 10 12 8 10 8
10 18 10 17 13 17 13 18
14 15 14 19 12 19 12 15
14 3 20 9 14 15 8 9
16 3 16 10 14 10 14 3
27 10 27 17 23 17 23 10
25 21 20 21 20 13 25 13
22 24 21 23 24 20 25 21
12 9 17 14 13 18 8 13
16 15 24 15 24 16 16 16
11 14 11 13 17 13 17 14
17 10 20 13 15 18 12 15
15 12 15 17 13 17 13 12
