39 2
200000000000002000002200000000000000000
000000002000000000000000000000000020202
001010000000000000010010000000000010000
000100000001000010000200000020000000000
000000001000100000000000000000000020010
020002201000000001002021000010000000002
000000000200000010000000000000000200000
000000000000001120000000000020000002000
000000000000002000000100000000000000000
000010000000000000000000001100000000000
010000000000000000000000010000000000000
000000000000000000000001020000000200000
020020000000000012000000020000000022000
010000000000100000001001020000000002200
000000120000000000200002100000002001010
000100000000000000000000200000000100000
100002020000002022000100000020000000001
020001000000000000010000120000000102000
002000000020000000100020000000200020000
000000000110000010000000001000000000000
000000000200001002000200020001000200000
000000000000000002000000011000000000000
000001000000200000002000000100000000000
000100000000020000002200100000000000100
000010000002100111000000200000000001000
000000000000010000000010000000000002200
012000000000000000000000000200100000010
000000000000000000000000000100000010001
000010000000200000000000000000000000010
000000020002020200000000001000000000010
000000001000200020000000000002000000002
010010000002000000000000110000000000000
000000020000000010000200000000002000102
000000000002001000100000000001001000000
000010000000000002100000000000000000000
220100100001200000002000000200010000000
020000002000000000202000000000000002100
000100000001010000100000000010000000000
010000000020200000000000000002002000001
