100 58
3 42
3 0
7 0
8 94
1 0
5 91
8 93
4 99
8 0
3 0
1 37
4 0
3 0
0 15
7 12
5 0
2 0
2 92
3 0
7 0
1 0
7 0
9 0
7 4
3 0
8 42
8 56
7 0
3 0
7 78
7 0
9 0
5 0
1 0
3 0
1 0
1 80
7 0
8 0
8 0
7 0
8 0
4 0
9 43
9 0
9 0
3 0
6 6
8 0
4 19
2 0
3 0
2 88
8 96
0 0
9 74
4 0
0 0
8 0
0 1
3 0
4 44
5 0
2 0
3 0
9 0
2 13
4 0
1 44
2 77
7 0
0 0
2 0
8 97
3 0
0 0
4 75
5 0
1 84
8 0
4 0
0 0
3 0
9 34
2 0
5 0
5 0
1 68
5 0
4 0
1 0
3 0
5 0
4 0
3 0
8 0
6 0
5 58
6 0
9 0
8 0
8 0
9 0
7 90
2 0
8 0
2 71
0 25
8 0
2 0
5 62
3 0
7 0
2 0
7 2
4 0
0 67
6 0
7 0
4 58
5 0
3 0
2 0
0 0
2 0
4 0
7 0
4 76
1 0
3 0
6 0
9 0
8 59
0 0
8 0
6 0
4 0
7 0
9 0
3 0
0 0
4 0
8 0
1 0
3 0
5 0
5 48
1 0
4 0
8 0
2 0
6 0
2 0
8 0
2 0
2 0
5 0
8 0
8 0
4 0
8 0
5 0
4 16
8 0
7 0
5 0
3 33
3 0
9 0
7 47
9 0
1 0
5 14
7 0
5 95
7 17
9 72
5 38
2 46
5 0
6 0
3 0
4 0
2 22
7 62
8 0
2 0
9 0
2 0
3 0
6 0
1 0
5 0
5 0
8 0
2 0
4 0
4 0
4 0
5 0
