100 11
72 92
40 0
42 0
93 0
56 43
48 85
85 0
97 0
5 59
31 0
45 3
33 66
63 0
39 0
16 0
98 0
20 12
50 89
53 0
68 0
85 0
17 27
3 97
65 0
6 80
73 0
54 3
8 62
39 52
45 15
73 0
59 0
30 7
92 0
25 96
9 48
56 0
92 0
73 0
76 0
24 36
11 33
19 0
83 0
80 0
87 61
60 0
16 75
80 0
67 0
49 37
91 0
87 0
20 30
58 0
1 55
67 0
88 0
97 0
62 0
57 93
31 0
42 0
58 45
79 0
25 32
22 32
78 0
0 56
58 0
44 39
98 0
76 0
73 0
90 0
69 0
5 86
34 64
25 0
50 0
49 0
9 19
41 15
80 0
70 0
96 77
66 54
22 53
37 23
53 74
66 26
92 0
8 10
59 1
11 81
24 44
71 0
90 0
2 31
99 0
80 40
55 34
51 0
19 0
74 0
40 18
97 0
72 0
69 9
90 0
39 0
79 0
64 79
34 0
72 0
87 0
45 0
88 0
86 95
52 0
84 0
9 0
68 0
19 91
13 72
17 98
49 0
41 63
0 11
45 55
65 0
84 0
4 20
77 29
39 6
50 0
98 0
21 49
90 0
1 72
87 0
92 14
97 0
59 0
78 56
50 0
74 0
0 57
41 78
96 0
91 0
98 0
77 0
79 0
77 81
28 0
92 0
34 0
70 59
75 17
9 0
53 0
58 71
12 67
99 0
22 30
44 0
93 0
96 0
55 83
97 0
2 8
45 7
80 0
85 0
16 87
92 0
17 67
73 0
50 0
44 0
87 0
34 0
48 0
31 48
27 0
6 22
98 0
20 82
79 0
63 69
84 0
83 0
97 71
83 99
59 22
94 0
46 38
53 0
87 0
