100 50
9132 0
3369 0
3600 0
889 0
1108 0
6346 38
5830 0
2214 0
7154 39
7396 0
9146 0
1904 0
1540 37
6569 0
8625 0
4101 55
7021 0
7508 44
1822 7
222 76
9200 0
4674 0
9680 0
209 71
2544 3
8448 0
9413 39
6432 0
2353 0
9376 42
5133 0
656 0
695 57
3938 0
6693 95
4776 0
9368 0
9836 0
7345 0
9874 68
6925 0
6696 0
2483 27
3198 3
371 86
9951 0
5519 0
5906 0
7902 35
7227 0
5953 0
7034 0
7331 51
5709 78
4256 0
1357 0
6438 0
1869 0
3438 0
5472 0
7459 22
4991 46
9388 79
6566 0
281 0
3245 42
3458 0
3473 89
2934 84
4008 0
1756 0
1801 0
6153 0
5056 0
606 72
4138 55
3536 97
5778 0
5444 73
4705 0
3522 0
1448 0
1189 97
9816 0
8523 70
9537 0
3124 0
9038 76
7231 0
9661 91
837 23
8748 0
6397 0
7243 0
9026 40
3593 83
1889 0
6800 0
7882 14
8027 58
6429 0
2716 80
8356 0
1717 0
9559 85
6852 79
8618 0
8164 0
4578 6
4287 0
7548 16
3630 27
9462 0
4245 66
5542 0
813 0
4043 0
7433 0
5207 0
3310 30
8990 87
9569 8
4778 8
9608 53
7584 0
6496 0
1265 66
1408 47
8255 16
8406 48
2682 0
9899 45
2011 93
7559 81
8454 0
563 0
5776 71
2228 0
2389 0
4623 0
5233 0
3614 0
9890 0
4146 0
4718 91
3001 0
717 0
2055 0
8986 49
5395 0
2167 0
3839 0
4931 2
7219 0
5032 0
2260 0
6639 92
9124 0
9906 84
9230 0
4540 5
5446 24
7942 57
9974 0
8547 32
6660 0
3136 0
8830 46
704 50
4989 0
1787 0
9405 0
526 0
4884 29
6335 95
9099 0
4584 0
5964 0
1185 0
6614 0
2223 90
3758 0
381 0
5547 0
7559 26
3998 0
7409 34
5085 0
7368 19
4791 52
2948 0
4905 74
1859 0
9975 0
3447 19
4590 0
1121 0
4405 73
4674 18
9949 0
