100 59
968280 0
990084 0
917909 0
402571 100
826292 0
808352 0
809434 0
925039 0
608668 0
415694 25
809670 0
782105 78
271156 0
81736 61
769686 10
789274 0
521658 85
422219 0
266092 0
310536 57
786661 0
616250 18
165209 63
82710 69
990465 0
556007 0
973691 0
726401 0
783554 0
395652 83
976062 0
304430 0
348763 16
35436 93
244845 77
752154 0
166837 30
329630 87
669444 0
857473 0
809657 56
856191 0
835560 0
904825 0
892854 0
843679 0
812859 0
126497 45
662429 0
585737 0
101151 92
499156 16
577520 0
750230 0
179993 94
833769 0
674509 0
862069 70
407652 0
197100 49
977452 0
863820 0
504355 19
201088 43
649439 0
585693 82
167814 74
359066 0
261874 0
945169 0
447467 0
96904 48
579302 0
837715 99
446489 37
752372 30
459635 61
33490 59
586939 80
602690 10
465383 98
98123 0
567378 0
328563 82
218386 0
271564 76
700116 0
530314 15
483938 0
442145 0
888915 0
139612 0
578668 0
256217 47
78758 90
299065 83
553723 0
366502 34
161771 70
17632 51
604947 0
184240 11
272207 0
251320 0
766912 0
10094 27
745456 88
816761 0
340912 0
838758 0
892447 0
839072 9
976959 15
273221 46
904270 9
762649 66
261033 0
147859 77
308498 21
808516 0
621332 0
26302 13
450626 0
81386 7
711687 53
694139 32
433127 0
760237 0
970102 0
631103 0
696873 0
502300 29
545123 0
558192 0
10133 41
466394 0
308965 99
126256 0
648263 8
370679 0
490855 22
78215 4
234149 79
609537 0
469592 0
119111 0
566705 0
890330 0
945023 0
698560 13
235230 0
575301 0
570026 36
745510 0
781416 0
372576 89
780235 0
191071 44
599667 0
588448 66
759570 0
401832 92
463473 89
712893 0
643539 14
360066 34
257478 0
769995 0
855367 0
21571 0
45171 84
581247 0
133149 55
98643 33
841012 0
951255 0
634091 43
237501 0
725632 32
291244 35
820604 72
570564 0
482082 91
214250 14
393194 46
668280 0
797178 0
756943 23
674414 86
344965 0
478043 0
965381 0
575016 0
454526 0
684430 12
20826 40
668057 0
242101 0
574033 0
203021 58
