500 462
4 289
4 16
9 0
5 319
6 0
0 427
1 279
6 0
1 0
7 0
9 0
5 0
4 0
0 254
0 469
9 0
7 228
1 308
5 457
8 0
8 0
6 0
8 0
0 298
5 203
9 0
8 0
1 398
9 0
8 0
0 58
5 383
7 0
1 73
1 462
0 312
8 0
8 0
9 0
8 459
6 0
4 0
1 134
5 0
7 0
5 206
0 20
5 251
2 485
7 0
7 0
8 0
5 0
3 447
2 424
8 0
8 0
1 197
4 67
4 0
6 0
8 0
7 110
7 0
5 418
0 43
2 341
9 0
9 0
8 0
4 175
8 421
4 236
3 140
1 102
6 0
3 132
5 0
6 190
7 130
7 0
1 385
1 132
5 415
4 367
6 0
4 161
6 67
1 186
9 380
2 103
9 0
7 0
2 285
3 202
9 0
1 464
2 421
8 320
9 0
3 0
7 0
4 307
3 163
5 0
1 23
2 6
4 0
1 345
6 222
9 77
0 448
0 117
2 475
3 121
3 0
7 0
4 0
7 0
0 41
2 14
7 0
9 0
5 0
0 226
8 0
4 0
9 92
6 0
4 428
3 223
6 216
5 0
7 0
7 473
8 425
8 319
1 483
8 0
4 0
8 0
1 248
9 0
6 0
9 90
4 0
9 0
4 329
6 0
7 81
9 0
6 0
5 335
7 145
3 454
8 0
8 0
6 181
7 0
4 496
9 0
1 107
3 436
0 270
1 324
6 314
7 378
4 0
0 166
5 0
9 0
6 0
5 212
8 220
2 22
3 0
0 49
7 308
2 141
7 0
1 452
3 401
5 0
5 0
5 0
4 266
4 259
1 244
2 69
6 269
9 0
1 403
9 0
9 0
0 44
8 384
3 232
8 0
0 225
0 409
4 11
0 441
4 0
2 0
7 455
6 0
4 292
9 0
8 213
7 0
9 0
1 392
0 315
6 0
9 0
9 0
1 63
0 61
9 0
1 180
4 390
5 146
1 29
0 372
1 425
2 344
1 137
0 138
5 0
3 472
6 0
0 488
9 0
2 330
9 0
6 45
0 280
2 402
3 0
7 391
5 0
6 0
8 0
9 0
3 0
9 0
6 277
1 265
9 0
4 211
5 323
6 142
5 68
9 0
9 0
6 0
5 100
6 0
6 0
3 175
3 321
1 150
4 355
1 172
4 327
1 477
0 246
3 0
2 54
9 0
2 0
5 187
6 0
5 0
0 118
9 0
0 397
3 201
7 0
5 0
7 281
6 0
9 0
7 0
4 296
2 193
3 229
1 83
4 0
7 0
7 0
6 0
9 0
0 223
0 107
2 53
9 0
2 0
4 80
8 0
0 387
2 342
2 275
7 0
3 260
6 0
8 0
5 0
2 0
2 413
5 0
3 221
2 329
4 449
6 126
3 84
4 42
4 326
2 381
6 365
6 185
5 0
3 167
9 0
7 0
1 200
2 492
0 430
5 105
1 217
5 0
2 444
6 0
5 0
2 290
1 309
7 458
0 276
8 0
1 122
9 0
0 460
3 183
0 241
8 0
6 385
6 106
0 207
1 267
3 239
8 0
5 0
9 0
4 0
9 453
8 0
5 3
5 302
5 0
0 350
4 409
5 0
4 115
6 0
9 0
1 456
7 0
7 165
0 339
2 364
5 0
3 208
6 0
4 419
4 386
6 384
6 0
7 368
4 419
1 230
3 18
3 480
5 346
1 454
2 353
2 403
1 0
6 0
4 0
0 110
4 0
2 74
5 0
1 46
8 0
6 333
2 157
7 0
2 0
4 0
0 193
5 0
5 448
3 0
2 25
0 20
4 359
2 455
9 0
7 0
1 33
7 0
2 0
8 210
2 485
4 304
6 491
9 0
8 0
0 337
2 0
2 133
8 0
9 0
8 0
1 37
9 0
6 24
3 414
8 243
1 36
4 97
9 0
2 496
2 442
9 0
9 0
2 0
0 316
5 395
7 331
5 0
8 0
9 0
1 109
2 0
0 104
1 374
9 0
1 159
1 440
7 36
7 100
6 437
0 406
3 64
2 96
0 318
1 405
8 0
2 397
8 274
7 0
4 489
2 0
7 0
4 296
0 257
2 478
7 0
5 265
9 0
8 0
7 374
3 494
5 382
2 268
6 0
0 306
6 0
4 10
2 258
8 0
1 0
1 371
0 85
6 381
6 0
3 0
6 0
7 0
9 0
6 0
1 75
6 0
7 0
0 61
8 0
2 0
9 416
9 434
7 494
9 0
7 0
7 0
0 56
9 0
5 468
0 467
6 0
9 0
1 336
4 486
3 433
9 160
0 309
0 96
0 497
8 0
9 0
9 0
9 78
2 422
1 272
6 0
1 499
9 0
3 0
5 0
6 0
6 0
6 377
0 114
5 129
9 0
1 225
0 311
7 0
9 0
1 0
8 353
4 37
1 338
1 172
0 400
2 378
5 322
5 0
8 0
3 48
1 33
4 0
6 0
3 346
5 328
1 500
8 0
0 5
6 458
5 165
0 159
0 481
2 93
8 8
3 0
4 327
4 0
5 0
2 0
7 0
0 240
2 326
6 427
8 0
0 263
3 0
4 52
6 0
3 220
0 145
0 75
0 243
9 0
0 323
3 0
5 176
5 99
6 0
4 490
0 169
2 463
2 180
3 445
8 176
7 0
1 302
6 0
0 9
4 0
8 0
9 0
3 264
4 51
5 0
4 343
3 0
1 236
3 149
1 0
2 198
7 0
6 224
3 268
7 294
9 0
5 444
0 351
3 0
5 113
9 0
1 207
0 66
2 0
7 0
1 0
1 127
5 0
7 0
0 203
2 469
2 368
4 271
9 0
5 388
7 0
4 15
4 438
3 0
0 128
6 317
9 0
7 0
7 0
7 0
6 196
7 0
9 95
8 0
2 351
3 0
0 334
5 367
6 0
4 0
3 470
3 369
0 474
0 406
7 0
1 260
1 123
3 190
9 0
1 0
4 284
6 8
9 0
3 126
9 0
6 392
6 256
7 290
8 187
5 0
1 10
1 0
0 357
7 0
1 247
0 398
9 0
7 0
4 0
1 476
0 239
7 0
3 286
3 167
0 396
6 0
1 119
1 191
9 0
3 171
7 0
4 0
8 0
0 304
3 393
5 0
4 31
0 394
5 322
0 89
5 269
1 472
9 0
1 387
6 0
8 0
5 0
2 76
7 0
8 0
3 347
5 0
1 468
0 13
7 0
7 0
8 0
3 437
5 0
4 457
0 177
3 0
6 0
6 88
7 407
0 453
8 0
2 0
5 1
5 422
4 356
0 68
9 0
1 81
9 0
7 0
6 430
7 0
2 256
7 0
8 388
2 227
4 129
6 0
7 152
2 99
5 0
2 0
7 0
3 57
9 0
9 0
2 0
5 310
0 199
7 0
9 0
9 0
3 318
8 0
4 465
9 0
9 238
9 294
7 0
1 372
0 238
8 0
8 0
6 0
9 0
8 299
2 456
9 0
0 221
8 0
4 0
0 108
2 461
0 66
1 241
0 195
8 0
0 360
3 0
1 162
8 0
4 0
8 0
0 413
1 253
3 184
9 0
0 279
8 414
8 151
6 0
6 2
4 0
0 429
8 0
3 305
8 0
5 42
2 313
6 0
3 0
2 362
9 0
9 451
7 0
3 5
5 0
8 0
7 52
8 0
5 160
2 446
0 354
3 0
0 364
1 293
4 0
9 0
5 317
3 439
8 0
7 218
8 0
3 0
7 0
7 97
1 0
4 0
3 348
8 0
5 50
9 0
2 0
7 0
1 142
8 0
8 148
1 0
9 0
6 0
8 0
2 316
0 245
5 0
4 0
4 0
6 0
7 0
1 85
5 361
9 0
7 19
0 119
2 1
2 358
3 475
4 0
0 197
2 123
2 293
8 0
0 245
3 271
2 0
8 0
0 178
3 224
5 29
6 0
1 144
7 283
5 424
9 0
0 361
5 43
0 495
2 433
0 285
1 258
4 0
9 0
6 0
4 0
4 0
6 370
1 478
4 298
8 229
3 0
9 401
6 0
1 252
1 383
0 426
9 0
9 0
5 0
8 0
0 333
8 38
9 0
3 94
1 230
6 0
4 463
0 376
9 0
2 158
7 0
2 211
0 328
9 0
9 0
2 219
6 0
3 0
8 0
8 0
6 181
6 0
0 95
8 163
1 420
4 206
6 0
6 0
6 0
1 330
3 434
0 459
0 108
3 291
5 0
6 0
3 0
7 0
9 0
6 166
2 295
9 0
1 55
1 156
1 275
3 83
5 0
6 460
4 120
7 0
0 233
1 380
2 262
9 0
2 218
9 0
4 0
2 82
5 0
2 17
2 0
3 0
5 0
8 0
5 0
1 0
4 410
8 0
9 0
6 0
1 21
7 0
6 235
7 0
9 0
2 215
3 116
5 0
5 0
6 55
8 0
9 0
2 355
7 484
0 375
2 0
2 274
0 347
1 438
6 0
3 135
1 88
