500 68
8764 0
5483 0
6656 383
3103 0
467 433
6307 0
6748 0
5624 383
4169 0
822 225
1491 316
735 468
6599 144
2044 313
4285 0
6554 0
7084 0
9646 0
1259 240
9402 0
386 0
269 62
4465 399
2824 194
5472 0
4584 0
1819 0
9735 0
7306 0
6756 163
9231 0
55 106
9168 2
3917 0
3560 0
3324 173
9677 0
8205 0
5601 0
7498 0
4769 396
6909 0
8441 0
5633 0
3375 94
9777 0
83 306
5220 226
8384 0
6122 0
7398 492
9110 0
9990 0
1291 307
3515 309
4458 0
3429 174
7646 0
7857 0
9895 0
9312 0
2540 496
4668 0
1805 130
5192 0
9342 0
2225 237
7098 466
4579 0
7703 0
395 163
7046 0
7588 0
2063 235
1459 495
4535 0
7618 0
7279 0
7853 0
7539 0
1320 0
3800 439
4317 0
4061 0
234 288
1942 385
7302 0
1752 177
182 339
5115 96
5173 0
6052 0
6172 0
2570 0
7018 0
5211 0
4614 183
3255 247
1849 0
6434 0
2340 0
4181 348
1073 107
6708 125
8613 264
7483 0
4322 0
4802 280
2172 306
7920 0
7560 0
6819 0
7982 0
2192 0
4523 0
5809 272
4457 389
7670 0
971 74
9815 0
2325 428
5948 0
2584 0
2692 227
7763 0
1956 0
3187 256
5780 457
3041 0
5605 398
6551 0
5465 0
7102 0
373 190
3460 349
8788 0
1061 132
9541 0
5515 63
1622 415
2147 446
3342 173
8592 0
896 68
7201 224
5698 76
1925 14
5185 0
9481 299
6663 0
784 371
7649 0
6882 0
5717 0
5014 0
2222 417
7091 0
7603 0
7852 0
1104 135
6061 0
2895 473
5966 314
9692 0
3929 0
6935 18
6896 0
7592 0
427 212
6580 0
4539 171
8184 0
3903 296
4611 0
9393 0
7699 0
8357 0
1610 387
6132 32
6852 0
3088 436
7368 240
3871 44
396 372
554 330
1315 119
8367 0
9923 0
1582 112
8911 489
1051 64
9593 0
4897 123
1403 101
3739 0
6638 430
1882 391
6157 0
4514 245
7794 0
1930 0
127 403
7933 0
5900 28
9522 0
8733 207
9498 0
4200 259
6005 0
4111 314
5680 263
3301 147
3163 166
8161 98
9606 0
9716 0
4905 300
3084 390
4609 6
4404 116
2169 134
9983 0
8176 0
4954 0
1752 203
6310 0
6863 0
4811 58
5409 146
4614 113
7610 0
3957 0
4448 0
8190 0
2116 210
4116 124
7022 0
3350 155
7493 42
9482 0
8495 421
2100 14
4848 0
4677 0
9684 0
1974 149
9111 0
9277 220
4648 323
4467 316
849 460
2553 279
5882 25
836 411
3403 59
6787 73
8392 0
6405 176
8161 0
5555 291
6406 0
3314 164
920 446
6031 49
5166 0
573 331
9900 0
8427 0
3743 262
8245 0
5165 99
8723 0
483 367
3877 270
50 328
6141 0
4251 209
5249 0
7055 0
861 183
6625 0
8472 0
7264 0
7224 0
1861 0
9900 0
6349 233
1003 186
1023 0
3302 190
9400 0
406 425
7429 372
4718 0
1534 469
2260 78
8832 0
2657 129
3145 0
5831 0
844 0
4625 0
2693 220
3303 0
8633 0
7990 0
4898 427
4548 110
4296 198
1622 333
2148 46
6488 0
3586 0
1823 351
1868 334
5504 216
9235 0
7221 455
9311 0
2519 0
5878 0
7334 0
6035 0
7424 0
1203 302
6952 0
3764 342
9530 0
1303 128
3523 475
8605 0
7512 343
9072 0
1679 434
5807 0
3764 0
4462 443
9723 0
355 408
1935 101
6523 486
3558 177
9517 0
3038 0
7090 0
10 366
4056 370
8433 229
9952 0
3906 243
5544 103
3211 344
9143 0
6446 302
5247 140
4052 13
93 15
8943 0
6623 466
9305 0
1635 413
7379 0
4163 0
2740 126
6529 0
3090 18
748 5
6795 0
2902 0
5824 0
8241 0
464 202
7258 0
1954 435
6222 0
1233 211
1312 196
1926 61
9340 0
1375 388
5920 139
3806 102
2527 0
1301 218
2517 0
2667 270
6915 182
4105 0
4761 10
8034 0
3223 387
375 40
6808 161
1274 439
4713 0
2408 0
6747 205
9888 0
3316 164
8910 0
1842 35
1393 87
2955 278
5724 0
128 263
8900 0
8330 0
3346 142
3297 490
5402 0
6111 61
5939 303
8011 482
4694 112
8993 0
5895 0
1757 0
7643 0
1279 0
1439 474
5133 137
2017 132
5669 0
1985 440
8732 0
583 223
6397 0
311 287
4446 117
1499 216
3974 0
3196 291
9738 0
9784 0
6225 0
4355 499
6894 0
7315 299
6450 365
6010 0
6577 0
5481 0
9217 0
691 304
5924 0
4854 406
9039 0
8770 0
8262 0
1114 338
4018 221
3669 26
7799 0
6351 0
6786 0
8326 0
6280 0
4944 335
2742 174
7790 0
6328 250
4855 126
7853 341
3565 231
8033 0
5668 83
5740 352
4166 70
5885 0
2341 0
3869 2
5418 99
5090 0
2221 286
8062 0
5270 0
8494 0
8715 0
2099 487
5302 449
8864 0
9512 0
7389 37
6737 0
3840 95
3103 29
875 33
7983 199
6088 0
9291 0
9497 0
3966 0
672 170
8108 0
3366 0
5101 476
3570 167
4094 27
7979 0
7547 0
1895 0
5829 385
5386 17
4820 0
2485 127
2374 0
2233 369
1906 0
6619 140
5876 108
6755 0
9894 0
1262 307
3981 13
9108 0
3485 378
5333 0
1354 267
8558 0
1626 214
6338 0
9972 0
3265 370
2260 41
719 360
4894 35
1654 9
9357 0
7771 0
6064 451
8240 0
424 0
6297 0
9290 0
3252 443
5710 0
4133 85
7052 423
2372 15
5314 104
5694 100
138 404
1033 0
6332 0
4391 0
9517 0
5475 188
432 337
4907 0
9041 0
324 57
5051 465
2404 246
8188 0
6109 0
4581 0
6321 0
8748 0
9252 0
9283 0
2799 66
9519 0
6645 0
6491 0
9173 268
7423 0
5866 0
8373 0
3876 0
9173 134
1132 0
7952 0
1308 81
285 401
2676 284
3750 467
2361 160
7303 0
9549 0
313 168
600 448
7354 0
68 467
2371 93
2087 308
6285 488
7966 0
2929 417
7716 0
2440 403
4567 105
3438 0
9078 0
1927 315
8909 0
4404 0
7016 0
6167 90
2954 0
3694 456
6840 0
4760 226
5758 0
3289 0
1786 421
8028 0
3590 0
9281 0
705 361
6828 0
4618 0
1578 431
9441 0
5453 0
7163 0
8208 233
7717 0
6659 0
3430 0
7533 0
5873 0
7544 20
4416 133
699 0
3889 239
4530 264
2389 0
3884 0
1058 293
8891 0
9920 0
4445 0
7842 0
727 269
3986 0
9602 0
3886 215
3332 382
1509 47
4774 243
4034 0
998 271
8705 0
9594 0
8209 0
699 313
1201 420
9223 0
5793 31
6304 0
8606 0
1935 52
7013 0
1943 111
6593 260
6463 345
5005 0
2223 0
5763 55
8661 0
3121 420
4165 200
3376 359
4516 0
9729 0
4305 34
3054 0
7372 0
9725 0
5333 274
4103 322
6332 493
4259 201
618 473
3908 0
9736 0
3226 0
2366 185
1763 450
8110 0
8140 0
2020 93
5821 0
3095 412
3008 49
4025 0
5903 0
1977 368
2185 497
8979 0
5849 0
9354 0
3047 375
3670 0
1129 215
8764 88
3613 354
9054 0
7221 0
3233 358
2892 459
6822 0
5053 0
9010 0
4829 455
1761 22
3760 498
3753 410
6129 0
7027 0
3097 275
7143 369
7865 0
6942 70
676 481
7201 0
7780 0
3351 21
1641 430
2638 0
5223 0
4023 147
3407 3
5325 346
5106 0
7115 0
1942 332
9242 367
5086 0
9858 0
1056 138
5706 204
2565 92
9704 0
251 33
9742 0
589 62
1366 355
5175 0
3266 238
672 411
5586 335
7195 0
3752 21
4753 84
4482 209
560 60
3993 137
332 409
2712 245
1943 86
6216 120
4934 89
1878 22
2105 406
5374 75
7516 0
161 490
8150 0
3650 0
9504 0
3344 0
1048 301
6286 325
2052 0
694 161
4250 0
2493 395
1317 237
1433 64
6250 0
643 327
691 165
2727 333
9159 0
5074 109
7628 309
8913 0
9031 0
3279 0
3702 0
7637 282
4363 416
8345 0
5662 0
7733 0
6225 418
4057 266
4003 364
1498 196
5511 19
6438 0
6111 0
9168 0
3807 474
8273 0
5673 0
748 324
4500 214
9559 0
1247 422
2381 187
5384 0
2920 238
1996 0
5294 341
7753 0
6190 0
5927 213
3000 45
1305 0
1115 184
2910 0
7836 0
1704 0
9437 0
5003 0
6593 29
5078 0
3369 67
4632 0
2993 199
8359 41
3324 185
455 274
7582 0
427 272
1403 95
3452 487
6248 0
4119 405
4157 0
9589 0
9972 0
2989 108
4440 365
3171 0
807 407
1953 471
1956 144
7727 0
4559 181
7840 4
8642 0
6403 0
740 78
3191 384
6426 0
5118 176
2529 0
3219 77
59 334
7105 0
6554 0
3509 0
6332 0
2542 36
8915 0
354 276
4979 197
1753 187
7755 0
5145 143
4927 106
2656 486
7643 386
120 480
2127 165
5511 0
1012 242
7549 0
9570 0
3284 207
3929 148
3029 426
825 451
3297 401
2756 388
9325 0
751 154
6245 193
5764 0
4690 16
3888 461
9394 0
6537 0
9947 0
6760 0
1264 11
7409 172
8053 0
206 340
3446 432
2258 179
6370 8
4902 0
4638 381
3572 131
7068 0
4722 0
2658 0
8873 152
261 437
7308 0
951 454
9505 0
9149 0
823 130
5042 0
6944 0
9983 0
5304 318
1828 362
4682 292
8562 0
8621 0
1522 400
980 7
8687 168
5449 0
1792 229
6190 0
3527 301
5480 317
6411 281
6414 0
6060 484
1273 494
3963 0
4584 232
8144 0
1312 0
6851 0
6881 456
8827 43
2019 188
7932 300
6290 0
1545 438
6445 0
4193 0
1830 464
9705 0
9526 0
52 4
5808 0
9755 0
2415 8
7473 0
747 267
9265 0
1086 158
3426 0
4026 331
1016 170
411 51
2166 76
8259 122
272 462
9180 0
5003 0
9071 0
7812 0
5713 343
1177 453
5228 0
5965 69
4761 297
7505 0
8676 0
4537 118
9758 0
3419 12
354 102
4957 0
1249 423
6477 475
6923 0
4603 0
766 344
457 251
130 425
3565 30
4224 429
156 23
5977 373
7907 347
2591 0
9164 0
3092 96
668 442
5385 0
1415 246
4964 122
1401 293
1139 350
5550 111
5266 258
6769 0
4541 154
