500 42
1572 0
1504 0
426 0
56 0
1628 0
2474 0
7145 43
9359 460
8461 283
383 0
6275 56
6776 80
2124 0
592 0
2990 0
7970 100
3620 0
6131 35
3482 0
625 0
9777 394
5519 438
5590 497
3144 0
374 0
5285 487
3147 0
3539 0
4377 77
743 0
2393 0
5035 32
200 0
7121 38
2592 0
6583 274
1959 0
3656 0
5058 289
103 0
1848 0
4315 54
175 0
2046 0
3287 0
2370 0
4989 422
841 0
4835 177
1457 0
7149 462
1585 0
2968 0
1755 0
9656 262
9933 429
5686 321
234 0
3800 0
7797 137
3620 0
5333 474
3090 0
3944 270
1501 0
370 0
9196 34
6676 196
3334 0
4128 17
9938 85
6233 294
6969 493
2597 0
7800 71
2961 0
3620 0
173 0
5696 176
5479 363
3464 0
3724 0
2666 0
4917 189
4669 203
8047 309
5531 201
609 0
5568 500
3758 0
7504 353
9425 432
5207 316
3006 0
4402 435
9710 296
426 0
6738 262
4791 472
9747 318
1902 0
3591 0
7181 187
2682 0
1558 0
8416 11
1198 0
262 0
3728 0
6957 364
6501 110
9775 26
3120 0
7768 384
2572 0
4509 3
9608 91
4939 208
4350 422
3298 0
4900 468
5517 465
8915 73
1231 0
7202 75
2052 0
3167 0
5891 167
225 0
5309 60
5703 394
3087 0
4849 129
2770 0
7659 243
7539 410
4992 277
3018 0
2976 0
6047 186
5069 14
9391 119
7689 247
138 0
9066 188
7213 269
1057 0
2528 0
1887 0
3277 0
4072 232
2387 0
5270 216
8000 160
2730 0
9672 325
1191 0
4876 196
2874 0
4365 395
3647 0
8428 192
9914 467
5884 390
5376 233
9228 101
8622 187
1610 0
4842 452
912 0
4144 125
5200 442
2199 0
2228 0
8729 108
7187 448
3003 0
6154 248
8292 29
3861 458
6337 123
1034 0
1458 0
2383 0
7287 276
5085 346
8050 68
5200 328
4561 255
71 0
6259 323
3326 0
9016 243
8959 284
7040 193
2945 0
9811 200
41 0
564 0
1763 0
7208 391
3482 0
3143 0
1146 0
9398 412
904 0
2354 0
2890 0
71 0
7021 326
623 0
9191 210
5046 245
5616 120
2528 0
6039 219
7828 130
5698 273
9151 307
189 0
4034 480
2359 0
2374 0
1100 0
8570 232
5125 225
821 0
5035 372
5834 108
8521 162
6874 359
4073 151
4675 316
7017 213
2916 0
724 0
2207 0
2353 0
1352 0
854 0
6088 381
4678 247
4364 44
3637 0
4506 52
2291 0
3943 263
2640 0
8897 393
543 0
166 0
7210 293
2501 0
6798 102
5456 259
9925 199
1851 0
2363 0
2641 0
1139 0
4780 45
8299 165
8882 195
7173 353
5708 223
7058 15
4724 458
2191 0
1539 0
9484 389
6850 416
8 0
8453 273
9385 38
6508 349
8318 500
4641 224
3635 0
4456 116
5555 208
8055 165
922 0
9336 155
6246 78
8205 313
3055 0
5048 436
8536 41
6167 383
6987 279
7294 145
1781 0
1980 0
8809 428
8448 248
1660 0
3705 0
2952 0
8409 181
7124 107
7330 374
4764 53
8737 334
5412 46
9497 87
5973 21
9535 101
3509 0
5912 254
2810 0
8300 97
6614 52
117 0
483 0
7312 68
5526 113
2040 0
5405 244
7615 483
1163 0
9044 408
6086 449
3459 0
8525 157
179 0
5808 142
2581 0
8422 166
2201 0
3560 0
5967 356
6676 210
1792 0
8322 358
1884 0
4299 264
2213 0
8494 293
5181 92
2487 0
6605 148
5784 427
4644 321
4834 117
6548 278
1409 0
9521 384
1736 0
5586 237
2407 0
6 0
1628 0
4507 184
9716 64
5367 5
1528 0
8258 492
5500 391
7906 357
7818 439
6294 215
6349 464
7806 89
7077 336
390 0
7240 37
8338 103
3922 163
9835 105
7691 249
7204 313
5324 214
7019 397
7800 406
1107 0
5476 122
6822 319
9845 350
4459 369
3729 0
2143 0
9516 172
1211 0
4893 413
907 0
9890 150
9186 481
4911 498
8506 392
1919 0
8810 228
8141 27
1174 0
1049 0
5414 98
6493 15
8489 260
1175 0
8098 364
9987 47
6068 110
6017 377
6944 62
4541 197
8329 237
4728 385
3984 134
6312 150
4004 137
5304 218
3686 0
788 0
6314 372
5108 75
8832 98
6558 401
1087 0
8823 476
4766 354
1796 0
2370 0
1342 0
5802 438
4260 62
2666 0
8600 158
1311 0
8399 40
5485 22
7781 336
5334 6
3145 0
3440 0
8050 60
6536 270
66 0
6892 388
6197 83
4602 10
9164 154
1147 0
3877 3
1487 0
4801 141
7828 229
6399 167
6733 131
9592 479
5975 184
217 0
6827 357
5464 304
4978 123
7330 141
5405 241
3543 0
4272 27
769 0
6506 55
6247 272
2217 0
4116 397
3920 340
6312 386
5336 387
3154 0
9173 308
5260 6
3262 0
1073 0
2679 0
3475 0
431 0
9429 144
8018 277
1558 0
7108 36
7975 470
9128 401
6104 325
4916 444
8359 194
6916 71
1056 0
2976 0
2756 0
4603 490
9631 312
684 0
8895 168
1604 0
9722 82
8632 147
7875 40
3700 0
4086 109
2734 0
9014 396
951 0
7205 149
7701 351
3289 0
7983 266
9553 356
2666 0
7568 327
8192 415
9115 446
9904 287
3291 0
3696 0
1373 0
6529 115
5355 190
5840 393
814 0
4010 381
7639 431
6510 380
7651 417
8283 276
2450 0
7156 50
9169 386
8883 352
5061 485
9554 118
4925 49
1781 0
6434 126
2835 0
4830 360
3735 0
7275 453
2235 0
7005 94
6036 330
1656 0
1445 0
5591 7
9135 30
2905 0
5775 191
4957 180
8499 106
6953 482
5546 213
8666 359
9236 303
6321 166
3178 0
8197 63
2471 0
5332 94
304 0
6302 470
4038 392
9261 223
2049 0
312 0
4606 90
4948 102
5171 61
3867 74
9282 55
8178 461
2690 0
472 0
4169 29
4460 121
3621 0
3269 0
4464 407
4889 26
9852 132
975 0
2627 0
2556 0
2998 0
6773 179
9181 217
5655 404
6214 89
9464 156
5123 216
4270 245
9010 70
8683 163
6850 288
1518 0
3880 291
401 0
3436 0
962 0
8825 328
1714 0
3268 0
8530 378
5086 339
5856 496
2915 0
182 0
5374 131
2013 0
5165 76
1773 0
7055 25
2627 0
790 0
2210 0
7435 378
3467 0
1605 0
3049 0
3741 0
5042 280
2106 0
8874 307
170 0
5308 8
5786 225
1494 0
3859 183
2990 0
9634 59
1205 0
3351 0
4888 251
1501 0
4754 339
4099 48
7013 346
7508 450
3921 174
1180 0
5623 409
963 0
8524 483
1075 0
4457 4
7600 233
2568 0
718 0
9985 127
444 0
6416 291
1752 0
1460 0
86 0
4864 375
8097 104
7745 437
7457 2
1124 0
4843 9
1947 0
4913 51
7688 140
9096 227
1322 0
2137 0
5479 290
2300 0
2117 0
9947 14
2533 0
7723 159
6248 332
7774 299
748 0
9509 182
9934 218
9875 423
3148 0
1932 0
2491 0
9664 192
3972 463
1897 0
700 0
7457 37
566 0
5166 404
5355 361
715 0
7668 382
6071 451
7748 268
5791 111
4191 145
4510 419
5553 409
9662 342
9838 107
1762 0
858 0
5265 43
1772 0
8103 310
6715 267
780 0
7259 344
9257 133
257 0
126 0
5205 130
2000 0
5310 146
4783 399
5484 286
9148 256
7857 100
6826 303
1180 0
9345 214
181 0
7982 333
5743 338
6414 402
950 0
8372 320
7587 492
7570 278
6226 292
8654 65
7004 212
2604 0
1322 0
9871 139
9813 259
4791 159
6036 95
1685 0
6665 469
2404 0
6461 1
6025 429
6686 324
7775 70
2769 0
3993 468
2343 0
5606 45
4086 207
5351 117
11 0
767 0
5186 47
7982 281
8662 72
2470 0
4840 143
4231 456
3598 0
8810 475
5770 198
8522 332
5799 469
3815 0
8307 490
9552 19
1501 0
7107 461
118 0
7379 181
8565 219
1433 0
5402 170
9787 81
9970 462
3620 0
8773 299
2488 0
2812 0
5569 236
9348 197
7205 63
8540 170
9510 39
2490 0
1983 0
1482 0
7956 403
7002 220
6986 322
3507 0
9451 53
8810 173
6846 430
101 0
3350 0
7458 258
9807 371
6191 443
2437 0
5661 17
7315 34
6367 396
129 0
9858 402
1368 0
6340 427
8396 477
7776 362
2949 0
4733 246
3631 0
8975 304
1945 0
2074 0
5213 478
8861 93
2434 0
3165 0
9772 428
8190 258
7422 489
1586 0
5221 44
7194 376
4860 128
8027 360
7695 341
3024 0
9123 185
1681 0
2109 0
2967 0
665 0
9531 309
2824 0
2136 0
4425 4
331 0
4651 242
4063 20
8010 436
6869 286
8852 23
7538 421
7789 36
6095 343
7565 83
9460 421
6078 373
7161 80
7311 203
6202 306
1827 0
5059 1
1147 0
8745 195
2990 0
6727 256
8435 459
9823 377
2115 0
4304 486
6880 289
2317 0
5424 426
9218 329
8542 139
6494 69
6874 229
1053 0
9413 183
8531 227
8538 257
4005 231
5060 426
763 0
9096 124
6250 201
8028 494
7349 18
7578 297
21 0
2126 0
6174 120
4624 411
9670 254
6861 238
455 0
2115 0
3689 0
6631 215
6179 244
6741 151
4192 224
5234 175
4237 69
1522 0
9236 455
7931 460
9833 285
7007 481
7255 495
8688 177
2423 0
8868 338
3011 0
3661 0
3010 0
4432 13
9909 435
1790 0
5477 361
7946 168
9895 331
7955 105
9031 302
8662 497
6775 12
5271 494
3691 0
4737 205
8520 434
8277 486
9632 91
8023 67
4344 138
9012 455
7629 444
7724 251
7626 301
8971 419
3507 0
3100 0
6304 81
2795 0
110 0
6633 148
7957 274
9066 292
3092 0
9785 285
7737 230
6753 143
3037 0
9223 389
567 0
1518 0
4600 28
1138 0
1682 0
9028 472
9937 282
2533 0
7678 119
5702 484
4412 205
5871 345
3371 0
6159 457
2026 0
5910 269
2739 0
377 0
1534 0
5996 275
2177 0
4030 200
589 0
7723 217
7671 367
2789 0
9965 271
449 0
8983 198
2138 0
2658 0
9861 18
8319 498
8043 144
7307 59
4480 116
1358 0
9124 142
6850 380
1309 0
8672 253
9450 138
6261 474
6142 473
7301 112
1685 0
2000 0
6652 400
9535 479
5490 118
8567 261
3439 0
4856 349
1678 0
4571 88
1725 0
3854 0
4728 28
2040 0
