1000 231
7187 438
8897 0
7845 0
1547 0
6703 0
6209 23
679 0
2846 0
2248 0
3065 0
3168 0
9401 328
70 456
6499 0
128 576
146 0
6426 0
8244 0
4148 470
1211 0
4973 647
5246 0
3275 0
703 0
2092 0
9253 41
9522 0
8766 0
5972 0
2543 220
3462 0
9661 0
127 0
1231 0
4852 0
9731 0
1271 283
4697 369
7748 87
173 643
7659 0
3713 0
8489 386
2927 0
3465 569
7674 0
4038 0
9052 0
4877 0
5895 0
6017 0
890 0
9873 0
825 0
3670 0
2296 0
92 0
9098 802
4645 633
39 702
8603 256
9684 0
7024 95
5181 0
7441 0
4511 0
6202 0
317 0
8282 0
6510 0
2337 171
1305 253
9607 185
2291 0
8184 0
1390 854
8140 0
3401 0
3522 0
9256 186
4004 398
6944 0
9491 306
1926 400
6212 816
7284 783
9778 0
6487 405
491 0
8195 0
8957 0
9534 870
7707 809
8315 0
8052 0
3842 852
1969 0
3591 0
8698 163
6365 0
7957 944
6652 214
8885 0
6840 0
2344 0
1708 532
2156 0
4327 0
1150 0
4229 0
1359 657
2714 0
1146 669
6762 0
6023 0
5689 0
4884 0
1097 0
9904 0
4687 0
2882 39
3323 0
3561 0
4695 268
6049 0
1254 0
2194 0
5739 0
4680 340
6845 0
5032 0
6959 0
9142 0
1281 801
9055 959
8680 0
1510 0
2477 0
3878 0
3660 0
1644 0
9389 0
678 0
9113 0
8507 0
8365 0
6991 0
567 0
7858 699
1974 0
575 320
4262 0
7983 0
2274 0
2112 0
7216 0
48 0
5352 0
3047 232
4825 620
2241 0
4968 0
6704 0
9052 0
4241 382
2652 0
8122 0
7228 0
9910 0
9248 153
48 123
4212 550
8517 0
3211 0
9822 0
6514 396
1726 0
4187 0
869 0
6008 0
3136 0
8167 0
8559 0
4734 384
5919 0
1584 0
8548 0
9641 190
8104 0
2257 966
3582 877
60 0
2823 0
2526 0
5476 0
6887 0
9346 0
9862 0
964 285
4658 0
1350 0
7238 0
4131 154
2169 693
8414 0
2584 0
6006 711
333 126
4791 0
6111 0
5555 0
5086 0
6624 0
1206 0
6838 191
6691 0
7357 188
4237 0
9668 0
603 0
7426 0
4654 634
8314 0
4378 0
4910 488
2071 0
3229 0
9723 530
1755 0
6342 0
4891 764
3092 0
7246 0
2636 426
2639 964
1165 0
4673 989
3530 905
8124 290
6314 0
7497 0
6393 0
8225 0
4484 769
6730 0
6543 0
9493 0
8128 0
2724 0
3150 0
6815 90
9743 0
5146 0
6219 347
7319 468
5872 0
888 0
4455 0
3273 193
5622 190
8007 652
5620 406
2726 559
8878 0
3420 0
2266 241
2881 0
4707 0
2536 683
9685 227
6976 0
8992 529
5850 0
8732 0
1900 452
6575 0
5407 360
5837 0
5011 0
1781 0
4496 949
6275 0
7098 0
4883 1
1903 0
1331 558
7263 0
9868 0
4816 124
749 0
6295 0
8654 991
219 0
4417 0
149 0
8934 160
6300 0
1901 420
3065 0
7654 203
3696 0
9488 0
2100 6
1248 35
7227 0
3746 0
7073 0
3472 0
7589 0
353 0
640 806
32 0
8851 854
1280 82
4281 0
464 92
7345 307
5901 0
1624 334
4779 0
7711 0
3022 0
3531 207
2746 0
7615 0
9644 0
513 598
6520 521
7879 52
7615 0
216 0
9623 417
7827 0
2737 0
9744 0
917 0
767 0
1743 0
4285 0
6056 488
9663 910
9786 624
778 0
2524 0
873 0
6276 0
2420 277
7637 0
3609 689
2470 0
88 0
1964 0
9218 0
1771 845
3568 66
9715 239
9356 349
1333 0
9541 0
4085 0
1772 0
8648 0
4108 0
8338 0
8021 0
3770 173
7 977
9372 0
797 0
528 0
1534 105
1264 0
3812 4
5390 0
9160 979
8079 267
3831 0
4435 0
3222 0
5504 0
3704 0
5289 0
6436 0
8849 323
8042 464
8929 364
9845 867
8688 884
5033 0
6619 0
4400 0
4437 0
1828 992
4756 262
9505 0
9961 462
5242 309
9463 729
9607 0
5241 0
3558 684
9068 187
9215 0
8430 0
2347 0
2123 0
7025 702
1802 0
2663 0
2339 0
3100 0
4891 0
8325 259
3039 0
8716 0
7263 0
1977 0
5216 0
2005 0
2031 0
9528 0
3287 0
496 522
9364 868
6356 0
9380 819
1345 293
4868 0
914 0
7800 0
9188 692
6042 0
78 797
2103 889
1943 600
9902 0
3978 0
7319 716
4434 339
9048 0
9001 0
1187 0
4413 0
7680 0
206 0
2882 0
9162 796
6186 418
3282 0
8450 0
3888 0
4772 0
1135 0
6882 0
8171 0
7237 0
2204 890
4590 0
4820 0
8292 0
9038 130
16 0
1967 898
4735 0
3772 0
856 0
3864 524
3042 832
6433 673
2398 723
9640 0
8121 0
1185 0
8102 0
8339 0
8056 0
9023 0
9070 0
6676 0
1076 0
5631 0
7672 0
1985 987
6398 108
4175 0
1807 306
3630 0
615 0
7310 963
7592 0
2999 227
5262 0
852 0
3823 832
4010 0
9362 0
654 111
6650 0
809 0
8868 0
4971 0
3592 108
752 269
3349 430
5608 544
9714 0
9695 622
1486 0
560 283
2248 0
6061 0
4325 409
3642 0
4998 0
8468 0
1509 0
445 0
5127 170
2234 0
9979 0
6371 286
3059 0
3226 0
5139 895
9869 0
5561 0
7602 0
594 0
7961 0
7451 265
1086 0
8132 0
7920 0
1711 826
2440 496
1976 0
1756 0
8777 956
255 0
7915 0
4236 0
1423 0
9712 0
403 0
4792 0
4914 0
5768 0
7973 745
1920 0
5942 0
1870 0
1457 327
9131 641
2311 0
1568 0
1662 545
8850 433
3101 0
8453 0
4202 0
6712 0
27 0
8384 0
4507 0
7568 0
6075 81
2018 629
2746 449
1603 0
5884 0
7676 515
7964 0
4549 0
7070 241
9270 294
7733 0
792 0
8138 0
9461 531
3233 0
8798 0
3348 0
1010 0
1404 0
3558 0
2523 29
8112 0
5987 0
2368 0
7228 0
3170 0
6686 380
1954 0
6089 0
9407 0
1918 0
3219 0
1466 0
7480 676
1349 0
6622 343
2805 0
9345 0
3166 494
236 215
579 691
5857 195
6153 37
7920 142
8813 275
8824 0
7839 325
4733 0
8960 0
8088 635
5414 0
5609 0
9465 0
5378 543
9163 299
1440 0
1909 0
4762 0
9795 778
4889 0
835 370
1343 0
6689 0
9001 0
6920 0
4171 0
3458 0
8101 0
267 0
5567 0
697 0
7015 0
2916 767
8463 0
6977 0
3707 0
6859 0
5683 0
1339 0
7476 0
6042 0
100 0
2022 106
7385 0
4915 399
603 0
2269 798
8725 182
7661 0
1322 0
2767 652
3630 150
1948 0
6104 0
4360 667
6354 313
5208 0
3391 0
5604 0
4001 0
5411 0
1993 427
2840 0
274 0
4550 0
2889 0
2277 655
2134 0
4613 87
4429 599
675 750
720 311
8690 0
3808 0
6251 0
2167 662
8208 0
8254 0
4534 0
379 0
5610 0
4114 0
6064 0
6262 31
4237 746
2213 0
8392 58
1853 0
6197 0
3547 939
7688 0
5340 0
7374 353
7690 904
2464 0
5895 0
1773 0
6433 0
6836 0
2996 0
9540 861
5812 554
1076 0
2117 0
9577 0
3817 864
150 823
7228 0
2991 0
3611 0
6766 0
2541 0
6594 0
6572 601
4839 0
6531 0
4953 0
1527 0
7247 0
70 866
6600 0
1107 0
6626 0
6766 0
8228 0
1976 1
1582 199
7042 404
4612 234
7245 0
2899 0
277 0
8824 0
6811 578
5930 813
1929 0
188 0
1313 122
7599 0
2989 0
6965 969
7141 0
2805 0
2957 0
4775 0
6090 0
5810 0
6719 0
8341 781
5771 0
5199 0
7914 580
5604 0
8861 0
6715 0
4814 0
3431 0
5875 0
2582 0
7986 0
5722 875
59 0
2102 0
9017 547
5782 0
7813 0
7681 706
938 0
6795 0
8517 235
8286 0
9600 708
4651 0
2815 0
9233 0
6649 0
6898 605
152 0
6231 0
6617 0
4211 0
6689 0
981 0
7609 0
5665 896
1552 0
8030 0
8349 800
9481 192
3587 0
1195 0
556 892
2610 0
7178 714
8897 651
1023 0
7208 285
5473 0
5463 0
3025 0
1969 0
2910 0
6983 0
2908 0
7284 679
6993 0
5615 415
4894 665
4898 0
931 0
3993 0
8914 0
6963 0
4378 132
6529 0
3611 0
7944 719
6357 0
5693 0
6340 0
6 511
228 0
9012 0
6176 0
8533 0
5613 760
8765 0
351 857
1348 59
2695 7
5560 616
3583 0
4946 0
5582 0
4441 0
2428 0
1832 0
6902 453
9606 0
6051 0
8370 157
3740 814
4315 0
654 131
1345 0
1358 0
5565 0
655 0
9236 0
2395 0
3973 0
3418 0
6794 0
3678 0
6401 0
1093 0
9641 0
4680 0
6696 0
63 0
4887 0
5300 0
456 86
8802 970
1078 0
1421 103
5810 0
8102 0
8761 0
6424 0
4349 747
7231 0
1574 0
2105 846
5446 0
9256 0
7939 0
6546 0
9578 0
6343 54
7255 0
6802 764
5083 0
2783 0
8138 0
3640 0
1202 0
6295 0
7475 822
1391 0
9083 0
6535 0
6696 0
6093 0
7545 0
8034 875
6986 0
7553 0
6344 823
7212 0
7579 962
3149 0
9789 0
2583 0
7450 118
5484 0
9515 0
2953 0
8267 0
3704 0
2236 0
7416 0
7425 279
9882 0
1731 0
4757 836
1765 0
8783 0
2344 0
4210 550
873 0
72 421
8384 0
7324 0
5876 518
9289 0
4857 354
9168 846
6698 0
5230 0
9371 0
2313 0
7099 0
6852 433
3144 0
102 0
8698 0
6403 0
2314 0
6599 0
8273 737
4041 0
7165 21
7485 558
3455 0
8427 0
4697 0
8485 0
9337 0
5394 0
4796 597
8315 0
1357 0
9066 0
2613 43
5633 422
9774 0
724 0
4959 862
3842 0
7228 0
2810 0
9898 0
8096 0
9257 0
515 0
8174 0
3003 364
1920 739
7627 0
6839 515
4059 0
1210 795
4868 0
1445 0
437 0
2464 300
3460 0
7784 324
952 873
8236 0
26 0
1269 0
4309 0
4476 0
9478 19
7959 859
4218 0
9894 0
7097 0
5541 0
7511 785
1037 56
7925 0
622 281
839 0
3969 0
6712 860
8611 0
1837 168
1810 582
7509 184
1926 722
7806 0
4699 0
3734 596
4866 0
9788 0
3946 0
8147 598
9171 0
269 0
2030 0
7042 0
2233 0
1213 874
15 0
3415 0
2483 0
5479 406
8300 0
9301 0
2163 0
731 0
6207 0
6854 0
5797 0
9652 0
4052 0
5597 0
4930 582
2776 245
2362 458
2380 992
9488 746
2485 0
9937 0
8730 0
3352 0
814 0
9862 0
1204 0
9413 376
3933 0
2675 0
4779 0
7212 682
5229 0
1144 0
338 0
640 0
5148 0
410 0
9352 288
2436 0
3835 0
7713 0
4333 0
1487 788
6698 447
9329 0
533 0
6251 0
1542 0
6134 665
24 0
2732 0
9788 118
7909 0
6145 953
7317 986
8907 0
3683 0
1718 0
867 0
3758 0
6798 632
4529 0
5712 0
1113 0
8682 0
9355 466
7415 0
2976 978
4315 0
1800 0
3908 0
4627 0
614 0
6507 0
9658 0
2811 737
62 0
829 730
9166 0
6683 0
2528 0
2500 0
6062 0
8888 0
3316 70
3956 483
8428 0
8957 0
8371 0
3383 0
3356 0
9012 0
3992 0
7013 0
3697 0
3988 704
2292 0
6992 0
4475 0
1547 0
7580 592
2466 215
6176 694
3056 116
1293 0
8193 261
4020 0
7424 568
3662 0
7387 20
431 0
9389 639
4681 506
2699 0
5049 0
1713 0
4308 0
9679 0
6518 0
437 0
9635 0
734 0
9631 0
2280 0
2442 0
6556 0
7458 0
7171 358
9329 0
8616 0
9228 0
1168 682
4191 0
81 19
3110 0
1298 0
4499 561
9916 920
5906 357
3051 0
6766 0
6593 0
6 0
7967 0
2388 945
4362 274
9706 28
8889 271
5661 0
9139 0
2192 0
528 841
315 0
8156 892
7820 0
5199 0
6342 464
8882 293
8723 777
5513 0
5224 0
3136 0
8712 675
37 0
3366 0
4160 0
6252 614
8900 0
6981 181
3327 0
6267 906
8274 165
7697 844
9321 0
921 461
8119 0
463 0
7831 0
6891 0
1724 533
1484 0
7231 0
4056 0
9960 636
5902 0
6365 0
7756 925
3268 0
9832 0
6358 0
2928 0
6182 0
5599 988
415 0
5801 0
2344 0
264 0
1661 0
6838 0
5589 267
2437 0
2503 77
108 27
4175 0
5323 0
2263 0
2585 0
7025 0
3984 0
5496 0
7080 0
919 0
8744 0
9309 0
8232 0
2257 0
7433 0
7155 0
5664 0
4242 890
312 0
9114 352
7786 0
4580 0
2500 0
4674 0
8011 555
1925 0
4944 855
7999 620
9457 0
1249 0
4238 0
4280 0
4645 0
28 73
8703 0
5506 986
7843 553
9512 441
2980 0
5970 298
9249 0
756 0
6045 0
2193 0
7428 867
5281 0
4208 0
244 132
7526 157
310 528
4230 0
4126 0
3809 359
1555 0
5326 0
865 936
8284 230
606 0
7236 0
6271 0
4366 0
7668 0
2064 0
9510 0
7596 399
145 0
7843 0
4651 0
9791 0
6724 0
3351 0
1252 928
1074 766
1350 0
6135 0
2804 886
7136 0
3667 0
5139 0
4806 0
577 0
7815 0
6045 0
9354 780
467 0
5366 0
8326 0
6216 228
7209 0
2271 0
2581 0
7782 0
2610 566
6762 0
2023 0
3276 983
5274 0
473 0
7710 216
3625 0
8401 0
5963 0
837 0
8125 0
877 0
3067 264
9212 0
8552 734
1704 535
8956 104
7694 0
8003 61
624 10
8335 0
2233 409
1443 0
9323 0
8573 0
3291 0
2489 0
2875 0
2577 619
1397 786
6946 0
4381 984
4141 0
4421 276
1468 0
4394 0
1791 0
4223 528
2755 833
1570 0
5263 0
1245 713
2907 231
8814 0
4880 0
4166 0
2716 0
2654 0
1312 593
7660 0
5167 322
6751 0
3838 0
837 0
1184 0
7520 0
727 0
8353 216
8153 0
3559 732
1835 0
3333 0
1284 0
503 813
4821 0
7666 0
8232 955
5764 177
562 163
4332 0
5355 0
3226 481
9973 489
7898 72
2923 0
618 455
7993 713
8761 0
2671 749
8812 266
7478 873
9175 745
7271 0
3325 0
3055 924
33 13
8819 0
2555 0
5037 0
5859 198
2212 272
7708 0
5987 775
5955 0
2649 0
8266 112
5226 0
3534 0
494 0
6085 0
6809 0
8264 0
3031 0
8790 0
4045 818
6281 0
9872 0
3970 0
7880 699
2456 0
8628 0
7864 0
1597 0
4991 0
5765 0
7045 0
5261 83
1942 0
4694 0
9715 0
2339 0
8251 0
7074 0
478 777
4898 0
4665 825
4528 0
3835 0
348 0
3395 373
5792 0
267 554
6870 0
141 0
7232 0
2672 602
2188 0
9514 0
4034 0
7982 0
5554 0
9193 0
8355 914
1392 0
1949 0
338 185
1295 0
4013 0
8314 0
2113 317
6537 0
466 0
6137 571
7917 179
326 0
4159 0
9962 0
4041 0
3591 0
8419 0
4173 0
1479 0
2323 62
291 0
8695 1000
3562 0
8532 0
5699 225
2661 0
7250 0
8659 0
700 0
3645 0
1080 0
4884 0
3501 0
7140 0
6986 303
4421 0
5011 322
2165 0
6380 0
6861 0
3694 583
2656 935
9831 0
8587 0
8280 0
4987 0
882 0
2245 0
8024 0
4956 0
7271 0
5020 990
9642 0
5903 0
7756 0
3202 0
3021 0
3242 0
3642 0
5928 0
7193 431
2645 0
2978 388
6942 0
6946 0
6294 994
3401 0
4537 0
3745 0
8771 0
9820 82
2013 0
9674 0
9495 0
1627 779
5644 0
7654 0
1066 0
394 0
4545 0
3118 0
2599 0
2864 0
6270 803
5854 0
7396 981
7950 328
8954 350
8330 0
9226 0
683 0
4916 0
7679 0
8514 0
4196 365
2725 0
6621 0
7758 0
6539 0
5675 0
5172 0
5279 757
9758 668
9604 0
278 0
2293 0
2643 179
4770 0
4205 0
2907 0
3946 0
741 50
1454 0
1784 55
1340 97
9324 0
1925 0
5594 456
3245 0
5120 0
8834 0
6873 0
5786 0
100 0
3276 0
599 583
7734 0
1242 252
1494 0
8229 0
6106 0
2052 0
7525 0
5538 808
2633 0
7170 0
4415 0
2206 0
1136 0
2660 0
283 0
2443 0
4998 0
4941 0
5161 709
8165 0
3468 0
3921 0
7381 0
9633 0
7468 0
4926 0
1731 687
9637 412
8136 0
4116 0
6024 0
240 0
4614 0
6624 0
3382 0
1006 0
5278 202
3559 0
7845 0
732 0
4910 0
6290 0
2006 0
4735 0
1817 0
8705 0
2867 726
6648 0
4858 0
9037 0
5929 0
7679 307
241 0
9132 0
7510 0
8040 0
4523 798
3780 0
8643 848
5657 0
7646 0
2792 0
3681 0
2212 0
259 849
5582 0
8837 0
9784 38
192 0
2771 0
8513 0
4075 68
2132 0
4806 86
4787 0
9996 0
9627 363
1466 0
7543 817
6319 473
9997 0
7639 0
7296 90
2703 0
3158 0
5448 965
530 76
7164 172
5753 344
4207 0
1321 93
5349 0
2554 649
15 0
3634 314
6125 69
5816 0
8236 222
1870 115
5939 500
5492 62
7672 454
2442 0
5166 166
3978 0
4276 0
4114 0
4653 0
3579 951
9428 0
5131 0
2854 0
6204 0
342 0
5326 776
4773 633
8385 0
7674 0
4746 0
3367 516
7184 0
755 0
9340 0
878 0
1041 476
2922 0
4838 0
9384 0
6511 0
6478 0
5165 100
848 16
8465 0
4739 0
9329 0
2130 0
8683 0
8152 624
4272 277
1729 0
6474 0
2374 0
6395 0
9103 0
7164 0
8237 0
4182 0
4482 0
5269 0
2161 0
3700 674
3284 0
2789 751
9912 33
8748 0
788 0
3622 0
1988 0
7710 0
1038 0
7799 54
9793 805
8689 0
8656 0
969 104
8814 618
9543 287
1806 0
5526 911
3708 0
3620 540
7982 462
903 34
4306 0
7461 0
8713 0
9490 0
1652 313
6200 0
441 0
5118 0
7099 258
6464 728
8258 436
5110 814
7234 0
4278 465
4920 0
654 0
6778 0
8937 897
1059 0
2984 0
6323 927
3682 0
4506 0
6072 0
8253 0
4307 759
2233 0
8160 0
2207 0
599 934
6557 982
819 0
909 0
4174 304
9710 0
8022 869
444 885
6060 0
7343 821
3734 0
2687 0
8567 0
4797 38
2106 0
3366 0
7417 0
3845 0
9235 0
3613 0
9239 0
7662 881
5385 0
2604 0
4517 645
6385 0
8374 0
8605 541
4975 0
7183 0
5035 440
5472 0
2831 0
4196 0
6678 0
8913 0
8641 0
1743 0
3974 446
4240 0
2536 0
6053 0
597 0
2230 0
2455 196
2151 345
5618 0
8805 0
6128 527
2364 0
286 0
7094 851
3250 0
7333 748
6472 654
7976 0
9638 0
7256 0
8566 0
3189 0
3368 0
4393 0
6412 30
9669 0
3338 231
650 0
9228 0
2059 161
1312 0
982 0
9781 176
6400 0
858 0
2718 0
428 0
7472 363
7410 0
4931 644
598 537
2261 0
3682 0
3567 0
1156 0
1034 2
5406 0
1976 655
277 0
3441 0
174 546
111 0
1597 575
7381 611
1524 0
2808 0
8565 0
6348 876
3769 0
7084 0
4356 0
5746 78
6272 0
8028 0
7841 0
8657 0
8037 0
7388 0
7370 0
5561 0
333 0
4521 859
7222 0
6143 0
9516 0
9769 0
8845 858
6033 968
190 0
5165 375
5621 0
5966 0
768 787
4759 0
5124 0
5277 0
7724 0
7240 0
9808 0
9931 0
6129 0
9933 0
5126 0
8997 642
8634 408
6676 85
6741 0
1611 840
3966 0
6473 0
5825 0
6182 0
5231 354
5314 0
6472 0
7444 0
6438 520
5913 0
1774 0
7940 63
1695 367
1456 0
6844 0
2463 0
5498 0
6796 0
3333 440
6479 916
5491 0
171 0
9374 0
8334 0
9734 0
885 0
4215 0
3963 0
4195 0
2380 675
4709 383
8104 0
5170 0
3432 0
4554 0
5505 0
890 0
7324 943
1338 0
6994 0
447 0
3076 0
8782 0
5966 0
855 0
1604 0
2752 0
1521 0
3695 502
7162 678
9280 0
5349 0
2954 778
8501 525
9740 0
6244 0
8687 0
1928 0
1128 233
6365 0
3193 0
130 0
361 0
9023 0
1879 0
4428 0
2144 0
9565 0
3692 0
9946 0
4514 0
2258 758
8057 0
9400 99
7895 603
3456 155
2868 288
