1000 573
9067 0
3864 0
1476 535
4840 0
7833 31
8257 882
8696 613
2397 0
377 0
1062 0
6424 0
8150 0
818 0
472 647
4167 606
9031 351
1691 886
3300 0
6089 0
9445 116
5406 0
7440 170
4215 0
5719 0
4057 548
6397 0
7675 0
9258 0
619 0
2169 0
969 0
4761 353
5852 0
8460 395
9993 0
5450 0
862 696
5446 0
7457 0
7293 0
1790 0
7202 640
4585 804
3806 0
2276 123
8034 807
1408 3
5590 510
6032 0
277 284
5035 252
3824 0
4749 455
3382 57
6350 0
6474 921
134 0
598 925
3390 0
7305 609
7175 0
8252 0
9467 518
4055 211
4446 843
6834 0
6258 584
2032 141
3621 861
8622 0
1125 176
3461 0
6833 846
2852 89
2264 0
4733 220
4882 0
9077 713
647 0
4009 0
375 0
9451 0
2065 290
9521 0
2815 0
9914 0
3621 807
2769 232
6250 0
1685 756
9177 420
8523 796
9242 274
4125 840
8412 414
5406 0
1144 276
2749 783
6227 308
2907 0
1556 0
9716 161
2979 0
7397 485
7931 0
7898 0
1916 0
6878 147
79 686
5096 0
5224 0
6519 0
9353 0
2989 0
3804 662
8609 0
5551 120
2053 13
4496 575
7051 0
4447 0
2588 702
1513 731
9064 606
203 0
3432 0
3543 576
7089 44
1715 0
748 35
491 0
9207 0
2773 0
7307 0
5299 476
1821 514
374 292
133 233
8928 0
5809 365
9420 376
8584 159
1678 0
4857 148
8327 182
3173 0
4116 0
8425 924
9930 0
4342 162
5725 0
7709 575
9987 0
488 774
4780 0
2637 0
749 0
1904 0
2290 0
75 192
309 211
2183 0
8209 0
2246 521
9336 349
9304 225
1622 416
6851 0
9982 0
2446 0
3095 0
5466 0
1223 0
5657 0
3408 0
463 0
3986 0
7595 0
4591 617
1230 982
7726 0
1460 0
2865 277
2044 0
5088 0
3452 208
1344 0
128 0
276 0
2578 325
2313 490
9056 0
7361 172
6335 104
5081 597
3004 10
3678 922
3712 672
2564 0
3648 479
173 0
5265 355
7689 0
1708 0
7525 39
1985 0
6114 721
3454 343
4459 664
5290 737
2436 0
3030 0
2697 56
1873 317
6334 177
5959 0
2799 0
5155 413
3007 808
298 0
2949 0
3679 412
3253 0
6714 772
8741 652
1688 0
2183 563
8934 0
7748 0
9969 0
1416 724
9930 0
815 0
8160 0
4932 294
346 683
1883 0
5756 741
2224 0
6286 113
6998 994
4043 0
1716 0
8319 264
7020 0
3080 0
2037 0
4106 827
9293 0
498 0
1970 0
7589 490
8356 0
4673 0
9645 158
932 234
8564 947
4756 0
3787 0
1855 0
1227 562
7532 374
3041 185
1933 593
8093 451
570 20
5924 0
9554 222
3983 0
5681 24
8039 583
7254 0
3756 408
1033 107
6149 0
934 0
1707 593
4355 0
6151 0
1925 912
542 0
4915 147
617 679
9320 0
4562 0
9508 0
3803 406
396 0
4098 0
4800 933
1511 197
2185 0
4691 567
3981 0
7849 0
3215 270
1148 0
6479 234
4964 505
1688 1
9868 0
6695 591
1022 0
5425 433
2071 0
1089 33
3053 0
600 32
1830 522
3586 243
6727 0
5050 0
7313 427
8590 0
6696 918
8690 0
2537 0
6029 835
5491 0
2573 431
5997 0
4491 0
5393 494
264 0
5693 430
1264 197
5192 822
882 0
6776 16
8480 0
8048 486
3521 727
18 849
7354 785
9081 134
1760 257
7581 225
9125 568
4956 989
3848 0
4086 883
7252 268
3802 0
8420 538
2541 0
3730 815
9183 302
6289 0
1435 0
1922 275
793 530
1112 0
3858 447
6672 695
5568 976
5018 541
5006 0
79 0
7939 952
2843 216
794 0
5128 349
418 419
1538 87
9456 981
2526 0
2344 0
8143 0
6899 0
498 0
398 0
7995 0
3556 0
8012 0
4822 733
8251 0
7956 0
9543 727
1659 85
2969 0
2116 0
4641 542
5821 0
8053 687
9582 0
7576 0
1661 455
6183 0
2054 215
8762 964
7303 0
7985 0
2899 0
7823 89
5004 0
2832 169
9558 643
1857 0
319 0
1485 701
7487 0
6079 932
9091 641
871 0
5832 0
5632 173
3779 886
5655 0
7122 0
8810 0
9691 0
6637 0
4837 17
2987 782
5355 887
5080 676
4623 0
1686 314
2714 0
1900 22
5402 501
7392 0
1115 259
6992 46
4631 985
2811 0
523 291
2488 0
2962 109
6275 0
9704 896
6616 997
2378 0
3670 871
2659 0
8599 0
9330 460
2798 610
3158 0
5546 622
7928 0
7303 0
448 570
3598 246
8820 286
715 0
5208 0
8515 0
8853 36
9284 948
663 0
7674 0
4945 63
6882 0
3487 0
3848 98
9411 386
8656 0
7839 533
6125 0
8999 0
5749 0
7325 554
8817 0
4043 0
7086 0
3840 53
7193 263
2332 199
9471 0
1591 508
1184 145
7122 0
9288 633
3774 474
3040 587
5054 467
1665 21
5037 958
2135 0
3626 442
6630 548
4810 740
439 0
5333 0
541 0
6492 132
9153 0
1972 0
9450 0
3622 0
817 0
3265 0
4226 0
9794 92
2664 0
6951 0
6748 0
108 0
1795 309
741 0
5311 0
9323 0
2718 697
2283 0
982 0
7678 716
5105 14
3905 0
1162 0
8046 883
8000 573
4462 0
1257 0
2319 845
9731 205
6765 0
3207 383
4042 625
750 0
3712 829
4491 366
4381 364
748 700
7856 906
6014 0
3892 0
3064 378
3993 0
8012 0
5995 696
4086 0
6039 0
5892 0
3216 0
2315 0
1796 0
2520 0
4162 0
8396 0
4260 0
8987 0
8268 765
2511 0
4696 620
3647 27
6057 0
5692 689
7794 524
5918 913
9748 0
7777 644
8901 0
6915 119
5974 419
8494 0
2429 224
417 0
8423 0
8416 272
6505 0
6405 0
4116 0
6336 0
2908 316
5709 0
2357 755
2964 427
782 0
8492 79
6267 0
2248 0
5237 0
630 858
5394 0
337 540
3433 0
524 403
7546 5
7992 0
8747 0
7061 0
504 957
1352 0
5440 0
2979 855
9145 531
6383 0
4740 673
7232 0
7465 346
4812 0
3087 668
6975 99
1317 0
3758 0
7753 739
3656 0
2138 0
8513 607
2205 0
961 0
9487 893
221 10
7471 0
6686 330
7023 83
8190 0
6742 0
1439 437
6701 442
8980 258
3667 0
6978 991
5548 764
5483 569
6548 0
8021 496
2802 806
3658 599
7572 0
7542 40
4977 742
2724 448
7806 0
6092 0
3750 0
9223 0
3618 685
7239 0
6652 0
5570 0
147 0
8463 486
7877 520
9330 0
6278 0
494 706
1561 196
3736 0
9323 0
7471 0
9683 0
7843 0
2271 850
7112 229
1265 191
912 138
297 0
2261 41
8424 680
636 0
8587 313
7395 45
6666 0
8183 0
839 0
7332 852
6919 563
5585 534
7917 567
5118 716
4401 0
5662 0
513 0
5058 0
8319 699
2601 0
9636 0
9350 517
7873 0
6060 0
7526 50
9238 0
7758 0
3963 79
3617 0
5600 132
3250 897
5363 0
259 131
5230 72
3648 9
1065 0
4327 0
9656 0
3674 0
4030 236
8053 0
3622 294
2274 0
3250 0
7694 0
3856 253
2935 0
9972 693
1387 86
809 473
3531 0
66 0
4601 671
2287 0
2030 493
9577 152
947 904
2476 609
2357 340
4197 843
2672 398
249 93
2680 0
2680 0
8384 920
4391 0
2024 468
1970 227
5995 248
629 619
309 60
237 20
6277 718
4328 828
6080 832
6710 0
4441 323
558 0
5192 0
1806 769
120 332
4753 92
6769 0
1637 0
7931 0
2395 956
5773 172
3036 0
4392 0
4674 445
7688 0
7555 341
6331 76
8697 910
5001 0
6781 298
2715 0
860 228
4271 0
3693 0
8825 0
920 0
3618 0
8775 730
164 0
6595 531
1793 908
775 0
7240 0
435 0
8666 0
8657 0
8783 0
9541 461
4641 0
3151 0
319 604
2962 0
1930 134
2115 188
4498 608
6994 0
4981 0
4201 0
2286 0
1935 682
4698 0
8142 68
2184 0
5416 496
6287 0
8451 0
5456 0
3560 475
3931 317
3048 0
3916 0
4808 865
9944 0
9568 136
8693 0
8695 245
7722 940
4699 519
9616 0
6403 0
5759 650
5062 904
507 961
3116 0
1282 119
219 0
8033 0
7987 171
9893 0
7401 222
4037 155
1651 0
3394 0
2994 0
1422 34
1509 0
857 0
4614 0
814 118
5970 0
7423 165
6095 838
6060 477
8636 0
5103 0
5843 0
6337 251
4382 244
2891 295
2822 0
8991 157
49 0
9634 975
553 358
3593 0
7653 74
552 0
3694 0
5194 0
9500 464
7123 0
8547 0
8224 677
5112 303
7691 0
7950 0
8477 0
9208 0
9451 790
5057 0
6225 142
6920 472
528 28
7341 0
460 61
9000 596
7097 425
220 719
9025 201
942 669
299 0
6692 440
2572 0
7335 0
4414 166
2297 0
7727 944
3462 0
4750 0
497 0
1140 0
9976 0
634 0
715 0
5078 48
153 0
8737 230
8920 0
6266 812
4996 0
8447 0
8694 914
8770 555
389 0
2627 823
69 881
1236 694
2373 409
9060 0
206 148
1836 0
8402 554
658 0
9721 0
2807 0
8533 954
5763 855
2016 824
1712 661
7452 0
1456 0
9959 195
6853 164
9814 0
4620 0
9986 0
8842 641
5156 337
5619 171
6272 0
8708 0
4808 320
9297 0
5753 407
2200 800
6578 0
9634 299
3784 660
1327 0
9663 811
2860 0
6154 0
5710 747
6166 674
7580 0
94 205
1482 0
2869 260
3417 26
2649 111
5325 0
5705 687
1177 0
9082 283
1288 0
1021 0
5450 313
3253 0
1091 283
6001 0
9147 434
6942 0
1725 0
6939 900
7955 0
1916 0
1577 0
9599 0
2715 0
3010 851
6098 300
5187 253
2949 0
2911 842
3120 364
7950 545
3662 189
3493 864
3494 75
5499 0
3820 698
8286 0
5516 0
7831 847
5117 0
9661 409
6440 2
8749 0
1038 561
1066 0
2131 159
8306 0
2101 792
6333 768
3623 0
1409 359
4214 0
8861 0
856 0
9133 223
3700 0
2638 581
1001 0
1349 0
3920 184
7967 691
4539 0
5461 49
1493 0
3850 151
8248 683
8209 0
5964 0
5480 0
1018 0
2074 870
1949 0
1130 291
3791 0
1930 0
9347 0
5573 661
2526 0
5181 179
4433 0
9913 0
717 701
6332 487
6621 350
5163 0
6140 707
2202 0
8844 0
9153 589
6183 0
8540 0
7839 445
8402 758
1445 893
3865 0
2008 408
6570 710
761 0
356 0
9270 743
547 942
1994 0
6078 578
2100 64
4542 890
7673 0
3748 0
5420 0
4101 0
45 167
2161 690
3579 568
6454 962
708 525
8053 0
1998 0
6858 0
1853 560
6599 58
9738 0
6912 0
4718 335
4380 0
4498 999
3957 0
1071 0
1613 790
9385 0
6693 417
2529 0
5621 437
5099 909
6642 67
353 0
5320 0
2373 0
6594 0
8766 0
8241 0
7023 0
7217 0
7016 717
5269 551
2120 791
6464 0
9668 229
1295 456
2864 515
3674 814
7454 0
4690 0
8058 0
9487 901
1251 0
1800 286
7236 0
4382 0
9132 738
34 90
9246 611
8773 760
4701 0
8427 705
5170 732
8184 776
2879 767
9203 0
8117 158
428 0
4033 714
2689 801
3798 410
5665 782
1237 0
3657 0
5190 421
7825 853
2811 0
8447 0
6510 0
2597 397
4719 0
4971 0
1810 271
885 0
1752 38
8139 0
8726 114
8110 872
8890 0
611 0
6234 736
447 689
8635 480
5354 382
8020 113
8797 0
5796 215
4712 710
8030 207
1640 0
9754 471
7122 0
8387 0
122 0
9762 0
7138 0
3893 0
4302 0
2871 0
3786 428
7043 0
3195 660
281 213
8074 0
6936 333
4327 0
3217 0
5089 0
9086 374
2183 0
3162 0
6026 0
9354 956
6778 0
5853 907
3878 0
4437 107
5370 74
6038 888
765 0
219 737
3316 261
8388 161
6557 426
499 0
213 0
7794 905
2111 880
529 181
1830 0
2053 869
6122 0
9452 0
7566 0
2848 0
647 54
6920 502
3237 0
4458 35
5900 574
8240 0
5003 761
9478 0
7447 0
858 0
9038 0
3573 899
1545 0
6484 292
5488 312
8290 0
5001 918
3254 370
2831 913
3012 888
3634 0
5934 371
6299 0
8536 0
6640 0
9168 0
5336 0
685 37
3868 695
7514 859
6245 0
7055 111
9433 0
9956 105
3391 361
3301 0
1701 0
2963 791
9661 802
2401 331
7369 384
7702 636
7634 0
9324 0
6105 0
5073 629
3200 176
6549 961
5697 0
8208 0
1108 138
1978 0
4701 0
1791 0
8498 0
1256 177
2624 0
8767 0
6002 0
3108 0
9549 0
2297 237
554 12
8654 0
5953 0
8195 29
3012 0
914 429
2653 0
4579 887
3005 15
1817 0
922 297
700 941
2502 0
1660 0
1443 929
3544 895
5287 129
3319 0
969 302
2258 0
7916 0
965 0
6291 949
4225 0
8235 390
1090 0
7668 0
5062 526
9076 0
6990 188
6932 0
9391 0
745 363
208 0
6672 0
1032 0
6042 517
6093 0
123 0
8263 621
7161 764
9907 193
2095 0
3487 180
6811 0
3569 0
4603 0
4107 0
9144 0
185 0
2856 550
4006 618
4730 617
8308 898
1639 0
5326 0
8521 639
7722 506
3421 362
3425 0
8411 282
4841 0
4863 623
1786 0
4827 0
3296 0
3789 459
4678 0
4839 465
7847 88
3374 0
4257 664
768 691
9911 0
535 711
3081 0
8877 0
5605 616
7076 402
9881 792
5952 163
6339 0
815 421
4525 942
2277 0
331 266
5167 989
522 0
1043 0
7868 0
8766 0
8227 12
6034 0
8399 0
4774 0
401 444
4430 797
7979 404
8979 678
6912 0
2303 21
318 61
5622 62
7391 0
1786 117
620 778
5647 110
2981 805
9972 0
476 0
9720 549
6342 0
7050 549
2607 0
897 0
1228 926
5673 900
9632 69
3680 0
936 786
4625 936
2376 260
894 178
8613 214
6475 0
9043 911
6607 0
8283 311
1534 847
9638 0
4082 0
1927 0
7173 877
8413 508
259 543
7301 0
2024 0
2373 135
7448 363
2243 0
1950 118
4463 0
4842 0
3192 0
49 0
1591 0
7891 0
3578 0
3349 128
2316 0
4225 0
2441 0
6050 465
8544 686
4546 219
1704 0
7152 655
3480 828
8293 457
7987 0
4339 0
1127 0
421 0
7075 856
6064 0
7347 0
6196 745
9570 722
649 0
3355 0
1852 0
6975 988
946 396
2333 0
8934 0
4193 0
8428 0
291 0
7283 878
8005 0
1640 0
2946 0
397 0
9655 916
3138 603
8804 0
9688 0
2750 0
2512 0
2655 0
2668 0
1087 333
8984 0
8528 773
9219 0
7875 0
317 123
559 0
9368 0
9717 0
3347 0
7967 139
2404 0
2614 604
7100 0
4122 27
7721 976
5210 0
4857 647
9854 238
4052 600
2914 637
6239 943
4045 0
2543 0
9094 0
3815 387
3857 0
7490 0
2977 589
5813 577
194 415
3764 635
6773 0
5504 299
4924 0
2883 0
9643 0
7883 0
3399 0
3421 0
7406 509
5858 350
9882 775
3370 0
3800 0
8263 0
998 33
8539 0
8705 0
1904 0
6639 557
7569 818
2665 0
6409 0
2644 0
2559 755
1245 629
2380 233
1167 0
9251 0
847 881
8609 0
448 0
9697 0
5499 544
6247 0
4487 0
6206 240
9166 0
655 0
4312 551
9213 0
7395 0
7303 0
9733 665
9878 0
9637 0
8428 94
3350 0
6408 521
451 187
3054 0
1878 0
5665 319
307 951
528 0
5806 84
7130 633
8629 0
2212 0
9703 0
2219 0
3379 0
3987 0
9192 553
7192 0
2538 0
36 0
8001 0
4277 752
5980 400
3792 0
4987 0
4664 0
6963 723
1445 0
3713 0
5565 0
2614 0
1029 873
314 137
2271 930
8471 0
9415 0
9462 0
3251 223
1120 80
5716 0
3891 0
1553 0
899 0
7075 723
2674 754
7187 541
6792 0
7106 0
8307 0
7029 0
1489 0
9216 811
1447 133
2380 0
4689 0
9260 0
8385 0
1338 0
9644 544
6828 0
4633 0
2934 231
3928 0
2851 0
8138 306
6810 526
8837 692
6745 910
1924 870
1428 298
868 939
1022 552
4205 375
8838 0
5756 0
1506 638
6803 0
4807 628
8542 0
4159 0
3664 590
8685 565
4178 735
8695 0
9011 626
27 0
3991 784
6195 765
1379 0
9940 0
4781 154
6581 938
1137 630
509 48
4108 984
1201 536
2645 168
8267 0
401 0
327 0
2138 0
7833 0
1750 0
3551 795
2168 600
340 0
8273 112
2259 0
9717 631
9288 586
3268 0
7881 0
4759 542
7324 0
9677 749
4704 646
5916 0
9617 136
9902 859
1706 0
1722 0
8429 836
710 0
71 834
949 0
700 0
7268 73
8517 256
3341 0
1628 115
456 0
2295 413
4423 889
7569 0
271 0
6265 0
8348 0
7001 0
9680 0
8132 0
8631 0
9403 0
4220 0
4329 352
5772 831
1532 863
1909 288
9891 481
8060 754
4098 616
2798 0
1768 0
5859 0
2863 0
8160 0
7747 0
7890 0
1975 0
4671 0
6187 448
5390 0
8289 645
8415 0
4178 0
7114 0
5345 0
5806 0
3035 0
319 0
2186 0
5349 0
8111 588
7945 0
5400 337
7287 0
7563 0
7620 181
1637 929
4389 533
5037 373
6995 0
1241 0
1070 523
7269 0
5356 46
1128 0
5786 725
7127 970
278 382
155 0
4200 0
3569 77
5034 312
4600 794
6470 0
5379 801
3750 829
9234 140
3976 0
1174 0
7434 0
9375 0
5004 930
607 0
6074 932
3127 797
5750 979
2143 0
4292 630
6789 0
438 692
3802 0
512 0
589 0
1522 625
7556 0
8755 0
9253 0
4075 254
195 209
1432 0
4169 986
5414 0
7691 0
8652 0
2580 440
9139 0
6644 0
7502 0
773 759
8835 767
1764 66
9418 418
7290 0
7594 0
2782 0
5228 0
6059 0
2787 224
5338 610
6951 537
4782 885
971 0
7775 766
5916 789
3264 0
6903 779
7728 471
3117 729
2914 0
8133 56
9665 846
9989 140
9212 0
7389 0
3036 280
875 0
4949 866
8677 933
6889 917
6687 0
3123 0
1761 469
3519 0
6635 165
5772 0
8815 26
16 380
9312 668
9836 0
6076 25
7928 0
5667 796
8196 0
7707 498
3034 296
5524 287
3464 0
6212 0
5971 997
8098 495
2395 0
8279 951
5610 0
242 0
4069 144
753 0
5851 969
899 484
7405 0
6672 0
8660 884
9689 919
2533 707
6050 912
3703 190
3794 193
4429 0
3568 248
9231 0
6203 338
6316 96
8006 0
7313 0
1156 0
6904 380
8522 0
5012 0
1786 788
7677 0
2463 0
4165 0
3194 0
6945 0
2634 0
8737 128
149 463
7305 0
7234 1000
669 397
4499 472
3495 6
8160 0
738 0
108 709
3174 185
9755 0
1675 0
8019 0
157 0
8899 768
2798 0
5461 685
1379 860
679 0
6687 0
7511 0
8529 985
7755 0
5308 704
1446 518
3986 895
722 892
6257 746
5029 0
1961 0
6689 516
7344 0
7449 279
4509 0
5280 607
3845 833
1145 452
3749 715
473 556
6842 287
6128 395
9988 0
6906 714
7972 0
4406 0
1877 322
5459 0
5371 0
5894 602
9492 454
9183 0
589 573
6183 190
4431 960
8347 0
2330 116
5821 979
9532 0
1558 0
5619 240
9116 497
726 0
5424 381
4646 0
6938 536
3785 0
200 926
7143 293
8545 0
6941 0
5396 0
8861 967
7132 0
7679 953
364 0
7204 446
978 0
242 0
2281 0
4269 0
298 981
5495 0
9424 199
6352 0
869 0
5310 0
2408 547
5940 566
2737 0
6904 857
9523 0
2679 355
2129 0
3070 281
3789 191
3218 0
4771 0
4411 0
94 0
7158 425
4946 0
3146 592
9364 341
5887 667
1927 0
803 0
3848 0
6979 578
1329 605
4627 658
9937 50
9948 0
5249 618
2768 0
2721 462
5417 0
1102 0
6985 0
9396 0
836 0
3778 0
9389 84
918 788
9256 458
5689 458
7755 65
614 0
9897 0
8131 0
6063 0
1177 0
1094 868
9272 324
357 477
4330 762
5204 489
358 500
1496 0
2275 6
5729 983
6314 0
4868 980
8918 0
4574 703
7361 0
1517 0
8158 0
4534 902
398 236
3820 0
5530 0
5953 0
9605 928
6243 780
5351 311
227 994
7588 0
7593 38
4059 0
3303 690
4267 663
6027 969
9451 512
4648 0
1109 0
9810 0
5661 558
916 0
1683 670
8054 0
8799 0
8750 0
8529 627
2718 0
2824 0
1429 0
2743 852
4437 0
6675 429
7066 389
5147 51
6090 528
7128 9
2721 0
950 0
351 443
7592 0
9122 122
