1000 193
4453 778
4810 543
6412 27
8942 154
261 0
2286 0
6846 734
4551 212
2403 0
5751 492
3794 305
4673 192
3574 658
3628 980
7018 498
9963 95
9665 171
414 0
7392 251
3163 173
3905 72
8745 645
4957 740
384 0
3837 507
5277 255
8231 569
2786 0
8353 410
8210 402
596 0
6116 224
2889 494
8642 743
4065 529
4506 971
5956 160
999 0
9694 710
8547 675
4805 531
3116 663
3857 879
3994 631
138 0
9162 479
1841 0
8817 925
4057 719
9994 303
998 0
2444 0
6384 885
1073 0
5569 863
7560 733
9236 712
1596 0
1994 0
5150 550
6793 172
2905 98
1050 0
4001 750
5417 897
2060 0
475 0
7775 547
6144 916
7193 493
8428 11
1722 0
5960 80
413 0
7747 170
7100 604
7693 401
7938 229
2258 0
141 0
762 0
7239 600
5965 619
6679 154
3311 784
579 0
3014 755
229 0
3305 31
6724 838
179 0
2224 0
4397 381
8783 538
4441 894
6962 122
8941 894
1669 0
9780 185
3737 329
6359 213
2508 0
3940 701
2434 0
7198 982
757 0
1582 0
7461 129
9647 268
4872 461
7160 155
2663 0
4572 97
1132 0
9247 645
411 0
3502 986
464 0
2448 0
5490 291
9027 48
7338 445
3486 610
8375 112
7468 37
4384 478
6425 34
4634 670
314 0
7770 177
8734 886
1434 0
3598 741
4499 184
1031 0
8473 193
9070 236
6055 882
8830 87
1325 0
255 0
192 0
6280 481
9723 661
3811 586
787 0
8397 320
9057 172
9786 605
6115 656
8952 279
5608 793
2583 0
271 0
5287 133
8927 616
4658 256
9407 672
4307 282
631 0
6852 552
2412 0
1091 0
2106 0
7671 875
2509 0
7669 170
3341 958
2036 0
3401 431
5162 266
8764 952
4615 112
3656 556
2690 0
5020 745
4509 535
9069 417
1986 0
715 0
7389 100
6679 862
1704 0
8714 435
89 0
13 0
7262 828
5125 518
8378 643
9162 179
7694 376
8013 730
1595 0
6021 7
3005 196
2175 0
4404 534
8616 479
646 0
5628 36
5020 837
2656 0
7563 823
656 0
4777 241
3710 567
8368 188
5724 315
1342 0
2760 0
7333 963
8815 772
8080 947
6452 152
1157 0
1122 0
836 0
6895 444
197 0
9098 66
6685 752
2072 0
9001 392
9606 231
3391 906
8942 867
5560 759
9768 134
4483 748
7364 244
1933 0
5817 59
2550 0
6020 23
3413 96
9499 914
8571 583
9604 330
1001 0
4173 221
6541 665
5808 519
5117 125
5286 148
4382 629
4441 389
5172 294
5360 368
5014 158
8148 898
7554 537
3485 357
8247 209
2340 0
4567 86
1353 0
5779 466
5467 795
2569 0
3551 996
4798 961
9266 233
4470 912
1765 0
8977 650
5704 144
7302 406
9582 654
8189 612
4544 207
6984 194
8457 795
2090 0
1198 0
9981 631
1405 0
4557 317
9415 316
4254 306
5258 979
1390 0
3648 53
1479 0
1624 0
2191 0
2185 0
1969 0
6563 724
9693 937
5174 884
2405 0
2683 0
2201 0
2115 0
5439 43
5474 648
8874 288
8544 469
2711 0
572 0
7012 85
3879 533
3071 349
8662 56
1058 0
6659 342
7865 517
8221 463
3355 13
9341 351
4169 460
8093 617
2963 407
4483 209
2682 0
6696 810
6700 827
7375 903
5713 313
5009 992
215 0
341 0
9316 982
3660 418
5331 333
6264 371
7789 162
7373 945
4316 101
7136 886
1464 0
4631 50
4127 402
6064 446
5640 366
8852 142
2776 0
7744 920
2209 0
7764 554
2926 605
5956 530
5586 503
5556 122
2239 0
3859 441
1851 0
2795 0
4993 848
7746 162
8469 899
368 0
7500 811
6272 714
3512 944
2707 0
2338 0
9937 165
8506 953
5898 323
7124 490
8994 168
2643 0
9240 155
3356 163
6834 226
8862 9
7254 549
7150 690
3418 375
3640 610
6198 326
1521 0
234 0
3869 183
7540 51
9370 723
8524 770
4946 639
7227 60
5840 513
9492 212
5036 799
5778 763
422 0
2514 0
7431 341
4510 991
3466 932
8910 409
811 0
4563 613
6667 385
9956 157
2782 0
9114 393
1785 0
497 0
9445 208
2309 0
6185 923
9226 858
7007 613
6414 624
4642 327
7545 773
9184 1
2944 419
6947 967
3062 235
2584 0
7753 819
4271 687
2377 0
3466 222
3957 372
4010 635
6946 820
9980 472
3478 971
2894 68
1423 0
7131 2
9844 40
1229 0
6990 304
917 0
9891 50
4182 158
5126 716
4712 485
2576 0
6049 99
1348 0
441 0
5750 246
8905 739
9825 744
3536 320
6669 321
9644 7
2988 55
9943 183
9200 187
2808 0
9005 159
6036 877
551 0
9429 182
2884 0
9383 382
7442 243
3731 89
2998 463
8672 883
3944 153
7934 718
3759 68
9135 729
8924 111
4367 331
9411 75
550 0
5928 957
6377 380
6372 467
8668 258
3828 874
3904 325
7991 961
7241 106
3579 364
2352 0
2987 737
1790 0
9489 636
3306 739
7528 649
2683 0
2889 0
9576 780
1736 0
8887 336
3932 396
4403 781
3329 818
9678 618
8012 367
4662 91
6934 408
411 0
6582 770
5745 941
5612 210
178 0
1861 0
280 0
7855 953
7458 214
798 0
8647 1000
4693 530
1150 0
9455 120
70 0
4826 840
6419 105
5936 292
40 0
8745 955
9800 524
6653 580
778 0
6282 782
8943 110
1024 0
9942 529
2573 0
4295 90
2184 0
584 0
9362 857
6965 555
2705 0
7113 522
4000 487
7158 650
423 0
4224 794
8180 290
9290 103
4296 459
8161 851
1153 0
8451 67
9041 150
4719 897
4245 572
1749 0
7733 536
5958 84
876 0
38 0
8146 560
3505 458
6595 215
5614 602
5336 700
6813 264
5631 590
969 0
9992 228
1637 0
6791 764
9628 395
9748 396
1613 0
3814 230
4240 168
6535 439
5827 657
6101 309
5076 528
8354 499
5048 987
393 0
4649 398
5054 868
9386 489
924 0
511 0
4345 12
2306 0
8342 491
6006 173
7329 37
8404 911
7127 118
8525 138
7683 998
4640 252
8518 451
931 0
327 0
9113 203
2245 0
7792 274
1041 0
8205 950
8285 903
2050 0
7661 582
7315 337
3199 622
1737 0
6635 424
6702 682
5309 614
5469 199
8681 381
7108 379
826 0
7951 714
5562 968
4078 690
3454 720
2980 866
9158 177
196 0
3774 607
3741 598
9620 156
564 0
2607 0
336 0
6171 519
4613 526
7722 365
7532 147
8354 918
9515 644
7743 662
1926 0
7601 669
3089 457
2033 0
372 0
4967 306
7153 323
4535 558
2444 0
5151 931
2191 0
6407 425
456 0
2234 0
8056 427
5653 954
9089 146
9078 276
5775 382
3289 71
4303 835
3299 149
7578 715
4568 854
4268 181
6112 684
6802 627
5583 579
4395 727
4370 249
4669 343
4009 343
8254 615
4974 653
8402 948
2227 0
7656 896
3631 378
5148 71
1389 0
3773 506
8182 258
3274 3
6884 521
1950 0
9074 753
8416 947
1910 0
7915 919
26 0
6766 705
4492 63
4559 565
7925 603
2854 0
8703 230
3706 657
2311 0
7236 32
9938 26
3230 574
6381 993
5948 263
949 0
7678 79
2504 0
4280 507
5786 108
2320 0
3883 523
433 0
1309 0
9030 76
2919 206
745 0
9988 471
3311 917
4290 719
953 0
9907 602
7349 946
4515 377
1073 0
6833 475
2622 0
2961 218
5188 766
1234 0
2583 0
496 0
3471 503
5438 270
4842 450
2272 0
3453 119
2373 0
7315 470
4679 747
9996 161
7165 281
4871 972
3541 482
8792 362
6509 925
7514 763
5870 27
1850 0
4084 892
7989 148
5768 8
7233 696
4722 881
6105 239
6662 470
2977 824
595 0
7668 926
7918 528
1084 0
9431 19
4771 434
9322 704
3655 517
5872 854
5622 929
8589 548
8092 160
8346 82
653 0
9948 784
4509 852
4185 939
6917 423
8903 767
9536 22
8346 951
5214 218
4168 400
4964 711
809 0
9154 480
384 0
7870 60
3769 521
4392 365
1190 0
1092 0
6886 284
7526 622
9163 890
7644 939
5072 984
5046 263
1590 0
9593 88
6079 534
5203 17
7754 545
1236 0
7444 347
5285 235
1631 0
6628 384
8815 496
2932 312
9274 462
3961 356
9908 208
3283 936
1095 0
99 0
6334 31
9462 922
557 0
5954 282
9265 251
8081 694
6193 239
5211 563
1815 0
7020 647
9472 856
1330 0
9606 539
785 0
3907 654
7715 649
3866 97
259 0
1794 0
6792 332
8110 705
3501 537
4420 335
8735 754
260 0
2093 0
1671 0
2230 0
6680 695
2809 0
4920 726
8171 328
3796 977
7047 147
6239 423
5973 487
8210 190
3609 286
6237 750
5796 778
1222 0
4009 941
8588 332
606 0
47 0
449 0
3466 227
790 0
8258 777
3517 872
2920 749
3780 924
6197 751
1336 0
1784 0
5776 458
2270 0
1105 0
8339 746
7651 8
1264 0
3861 363
535 0
8547 887
9194 847
8808 629
2227 0
9940 646
6803 990
9843 823
2183 0
3547 248
4254 540
5336 594
8078 755
3570 314
61 0
778 0
8009 416
4022 877
7335 678
7235 956
790 0
3546 693
9093 167
3622 697
2908 836
5356 945
4394 117
2629 0
9581 959
583 0
1597 0
8861 888
3116 275
9605 72
5305 500
7691 691
9177 164
8849 392
9565 280
455 0
762 0
704 0
5144 843
3742 74
701 0
3991 906
1146 0
7892 957
9380 200
2775 0
3392 913
7384 588
2804 0
3285 664
865 0
9084 430
8649 713
1515 0
9836 389
6143 791
7035 220
1380 0
6418 636
4808 285
1992 0
8602 564
1301 0
9394 688
7948 933
3162 846
2552 0
6130 340
4511 233
2443 0
1516 0
1214 0
3788 556
6914 302
7515 995
9696 802
811 0
6275 350
5026 315
3249 808
738 0
1278 0
9621 142
2123 0
1850 0
6700 703
1107 0
1599 0
8012 464
4838 214
7363 679
1489 0
887 0
8723 94
6083 94
8784 391
3398 870
2421 0
2660 0
2468 0
9101 987
1244 0
2510 0
4942 860
9103 655
3211 960
8901 370
2531 0
9764 169
4318 769
6983 985
6784 652
4190 887
7547 70
2104 0
1514 0
3334 551
6004 401
7567 958
8305 89
8806 655
9198 10
4901 659
2635 0
4941 532
7051 704
2164 0
8118 634
8897 865
5923 49
3522 397
7803 970
8424 625
6497 104
6544 431
6840 28
7966 278
5287 211
5091 1000
1554 0
5027 974
7704 910
5542 969
5563 545
8141 671
3026 907
5265 626
9262 785
6059 922
7915 899
6626 727
5356 421
762 0
7869 20
797 0
3978 493
8803 442
4069 324
2523 0
9288 561
5336 901
7230 207
303 0
4234 697
2339 0
548 0
6346 742
6650 769
2595 0
6219 819
7036 611
5785 508
1184 0
2569 0
9835 659
1482 0
4568 21
2149 0
8846 161
1249 0
2082 0
7993 845
8272 806
7247 303
1528 0
7792 452
2727 0
3882 242
2507 0
8342 47
7916 834
9837 447
8470 724
6532 128
1059 0
8971 883
3752 454
6965 361
2424 0
5250 353
3705 632
1515 0
4628 341
8994 383
5732 531
665 0
4834 552
2289 0
4921 891
5810 284
1110 0
8502 797
626 0
1606 0
6731 185
982 0
7549 842
3953 318
1315 0
6163 809
5079 701
6816 197
7830 563
48 0
7293 83
8543 395
7029 927
3680 443
3124 670
6283 604
4457 486
8817 264
5881 641
3037 571
3392 414
4375 979
9524 515
3741 283
1320 0
3464 741
1825 0
8511 416
579 0
5866 520
3498 878
8335 289
9559 157
3078 639
9856 461
1660 0
480 0
2881 0
8407 579
6820 426
4805 224
9601 765
6534 981
3697 6
399 0
3997 127
5485 811
5748 415
4414 943
3785 225
2581 0
1224 0
1507 0
2408 0
9797 965
8723 617
7621 310
9750 681
1827 0
6347 968
7021 126
6330 375
170 0
7297 673
9879 688
1987 0
1803 0
5518 115
2283 0
3743 324
4726 313
8348 549
6357 14
745 0
4413 257
5351 743
5948 359
3169 145
9739 146
3451 99
5011 840
794 0
4443 484
8961 988
7162 841
5153 422
1059 0
7162 201
9882 298
721 0
2068 0
1426 0
6560 756
685 0
5809 307
2048 0
3101 24
6141 4
8952 776
5878 668
1111 0
1585 0
6142 964
7601 997
1745 0
666 0
2735 0
3231 404
4441 633
2655 0
6820 804
9383 139
665 0
5339 90
4574 345
6407 859
2991 721
5491 702
6946 509
4994 969
1700 0
6115 308
3566 61
6382 358
1690 0
5372 821
9624 806
3764 25
5633 311
1056 0
964 0
1779 0
5151 648
9364 568
2110 0
150 0
5225 839
1751 0
6708 779
5784 414
9422 813
5292 921
6050 807
3169 304
4569 810
552 0
8673 981
8963 358
471 0
3886 65
2095 0
8606 646
6349 820
5655 679
9297 630
5952 864
9658 588
7804 316
8854 386
2671 0
3788 637
8450 855
3895 707
8393 478
403 0
3873 587
9735 686
6654 362
3635 385
1872 0
1729 0
3499 57
4917 355
6688 1
6925 674
5300 907
9152 970
1769 0
8346 432
5140 515
1474 0
9303 217
789 0
7354 974
4027 761
8319 928
1464 0
2584 0
4144 638
9549 818
1059 0
1546 0
9735 374
4067 829
2267 0
1356 0
5634 140
4363 929
4152 879
7212 483
466 0
6357 285
3927 951
9986 689
1027 0
9663 222
3899 849
4157 993
3772 272
1212 0
1061 0
370 0
3472 735
1272 0
4804 634
1437 0
9265 789
4163 798
9206 338
9546 182
2702 0
8179 475
5316 653
36 0
8007 204
625 0
3758 93
8590 254
7523 333
1056 0
9448 314
7924 905
2092 0
9044 262
2369 0
559 0
2747 0
3737 793
7623 374
280 0
4011 136
7449 628
4548 2
3795 973
6365 847
3246 109
1193 0
5411 180
7385 18
435 0
4038 742
2913 186
5509 370
6926 855
6337 803
957 0
4967 103
6138 824
4471 777
9522 297
665 0
939 0
4012 287
2525 0
1139 0
8430 42
2787 0
1685 0
3541 331
3308 317
1069 0
9979 677
672 0
1201 0
4003 871
4741 541
8327 277
682 0
3833 62
560 0
4304 682
7726 614
2171 0
1339 0
5946 911
855 0
2438 0
59 0
1390 0
4785 259
6683 24
8662 121
6533 651
3838 669
4812 407
8640 593
5697 383
3599 301
580 0
9146 145
6126 321
7109 815
8218 892
8025 807
1305 0
4312 914
9106 891
1774 0
1074 0
2651 0
3561 752
1230 0
265 0
3506 731
6094 516
8159 999
3228 43
543 0
6330 110
1013 0
8869 875
4894 88
8622 446
5116 205
9124 466
2942 347
1873 0
1294 0
1895 0
7054 260
2214 0
1286 0
5291 799
4943 635
9225 606
6163 513
5130 200
484 0
8569 522
3024 533
7847 611
5220 113
4176 621
9095 842
8644 231
9145 319
6155 935
2215 0
676 0
5188 637
2056 0
6302 14
2054 0
957 0
2492 0
921 0
9199 532
2905 917
9174 30
3240 994
1602 0
1328 0
5100 760
271 0
3136 544
7716 403
469 0
7606 615
7815 75
9591 740
3156 394
1579 0
3028 171
4791 676
5558 180
4657 822
5365 449
7936 205
8956 49
2969 399
3574 599
7714 990
6899 831
5505 437
2729 0
3030 833
5632 609
1480 0
200 0
1159 0
6294 436
3605 754
6502 959
1097 0
7453 607
2830 0
4598 369
9812 310
1024 0
9802 297
1882 0
7285 707
9057 246
3963 240
9985 467
9385 435
5520 544
2390 0
5640 664
4004 327
6140 353
2925 709
6211 434
1765 0
2051 0
5435 501
5762 338
1204 0
2397 0
8434 683
4835 833
8371 300
8588 124
8692 893
1318 0
1373 0
5738 832
269 0
522 0
8886 116
592 0
1067 0
5851 411
5153 275
7447 86
4171 216
3842 57
6709 271
5805 827
9306 296
3958 816
7504 865
6987 153
7850 378
5955 963
6355 931
5879 983
6685 905
1601 0
6789 114
4077 59
6804 35
3956 535
1440 0
5811 150
220 0
2875 0
6593 640
8759 976
7699 489
3050 366
2726 0
2499 0
4681 618
9448 861
4181 456
7012 296
8907 18
6444 893
3477 29
7948 872
3680 831
75 0
5419 61
258 0
2180 0
4700 753
8609 626
6271 191
4765 932
1620 0
4310 196
5354 919
8765 853
819 0
140 0
3340 553
4166 589
4918 413
3829 989
2460 0
4391 843
4486 211
1377 0
6233 278
1216 0
3037 111
4998 624
8782 584
8433 596
6713 193
9772 236
4147 302
6592 367
6880 988
4751 109
5893 336
1004 0
9970 28
9297 908
1783 0
8111 994
6203 273
8942 501
4358 852
3715 738
9103 651
7954 410
7203 55
394 0
4614 706
6769 856
5712 966
6014 986
9672 580
8380 415
6450 638
4002 841
3405 692
3139 802
6588 247
8739 130
5860 729
7031 140
9384 738
2994 711
6830 514
1066 0
398 0
4842 573
6279 412
7907 178
9293 136
8612 428
4000 757
5046 857
5921 746
5652 40
6415 102
1423 0
1806 0
1019 0
1199 0
5890 590
998 0
501 0
9863 902
7720 576
4135 956
8059 206
1369 0
8834 371
1964 0
7154 964
5077 599
3056 85
2132 0
2863 0
2875 0
3458 406
1995 0
5589 473
9318 329
7906 96
537 0
8499 933
5806 774
5481 380
6089 137
8080 698
1939 0
5221 680
9108 748
5009 924
6025 288
940 0
7556 113
3919 356
7344 965
698 0
8670 934
4197 594
8837 976
8365 774
6859 188
5996 728
5762 134
3586 454
7988 904
3857 3
3 0
5991 587
9821 627
5195 125
3513 698
8308 642
960 0
9936 326
2436 0
5447 666
8932 801
3952 901
5746 815
3563 418
7211 502
6531 114
2665 0
6331 290
234 0
3917 213
7144 257
4723 107
6327 265
7926 318
5958 102
6185 995
1287 0
2806 0
9130 175
9503 685
926 0
96 0
8418 849
8868 216
4471 874
9948 450
9853 578
1099 0
1590 0
9293 812
7847 128
4665 427
4757 126
4645 555
4769 215
2204 0
4886 369
2709 0
6330 796
4646 713
2564 0
1321 0
8753 768
8686 674
8271 384
9148 301
8457 267
5504 342
4512 163
2748 0
4105 512
1046 0
9244 882
2293 0
8545 511
7833 967
1361 0
6653 348
5796 597
7033 786
1526 0
5895 709
2079 0
3159 960
1325 0
8066 5
2465 0
2548 0
9310 620
9657 950
9754 539
9266 985
360 0
5386 266
9247 340
9748 816
6935 553
1638 0
1833 0
7340 477
9154 440
752 0
8947 497
5702 660
3396 584
908 0
7266 471
6502 930
8784 234
3899 702
8293 680
8454 504
4362 867
1082 0
6874 346
5571 33
5043 837
2002 0
3060 853
9033 141
5278 825
8278 189
9612 417
6469 623
8848 783
3622 575
131 0
7893 790
4494 232
342 0
6048 240
5828 5
597 0
6214 221
589 0
9338 744
6970 34
9790 422
9378 915
9838 550
5594 600
7363 606
4316 538
5016 363
8707 35
8039 788
5206 152
6174 936
6727 107
4379 866
2787 0
3635 999
1666 0
4025 248
7076 955
6248 38
6456 223
2190 0
4153 67
8527 388
8597 902
7618 33
3912 524
7775 64
8535 576
1216 0
9019 863
476 0
9288 404
9270 640
9119 245
9081 949
9727 839
7770 633
3606 391
4574 758
5277 388
6313 255
7582 420
5579 226
1690 0
459 0
6887 656
2944 38
3640 204
851 0
6888 725
4754 547
9694 408
875 0
1543 0
3497 440
6166 405
7157 345
4992 591
1981 0
4629 421
1425 0
9563 295
8141 762
778 0
350 0
279 0
198 0
1587 0
6485 775
8372 253
9074 453
9359 78
6605 783
1106 0
9746 444
2730 0
9288 189
6814 641
7376 311
5242 81
3606 335
1349 0
1131 0
4712 439
1413 0
6294 644
8746 684
3439 428
523 0
7326 184
3619 45
5919 169
2415 0
3911 844
9598 225
2902 804
1756 0
6561 573
7740 975
4848 822
3849 687
4330 474
9907 119
364 0
9549 798
5867 424
7954 319
8221 95
4777 948
6998 46
2234 0
5746 518
4742 241
7105 262
1368 0
93 0
1394 0
3918 603
4984 265
8036 201
1 0
3013 194
7673 364
8927 858
7360 771
2408 0
7175 223
4944 117
5229 895
5242 244
5682 775
7152 23
1571 0
1416 0
2016 0
5086 660
1188 0
6773 834
6195 492
4938 850
1804 0
3890 4
4989 477
3035 889
6601 598
1100 0
2307 0
3116 238
71 0
3489 229
2717 0
6599 565
9440 181
8916 115
4588 210
4945 74
9911 130
718 0
6490 632
2699 0
8840 921
7818 546
4212 772
5701 898
1337 0
6999 869
4422 813
4674 675
250 0
8705 495
8722 912
4303 525
2999 186
3415 256
8333 541
6419 991
3591 452
2625 0
5905 106
7163 625
9171 293
3528 322
3049 448
7940 481
3207 453
4093 876
7900 977
7646 511
3122 938
5009 601
3958 474
6051 429
7174 717
9860 472
298 0
2891 496
3800 768
9302 292
9380 583
3001 516
