1000 969
60470 0
55627 0
29853 0
56496 0
36425 0
580 0
19050 0
27587 0
67004 930
60804 534
18969 206
11209 0
37709 749
42118 0
60845 0
3092 127
99373 0
79161 0
7038 586
53581 950
68433 951
71312 854
51686 0
26059 0
74375 0
59075 0
75494 0
34320 0
65393 0
27279 0
90487 0
27749 0
99465 0
77533 565
47054 435
22138 0
55900 659
57897 0
53388 0
83158 0
77645 0
77673 769
62999 0
47392 0
1903 0
23346 363
28246 469
21104 0
34320 0
63593 744
75421 101
44631 0
43673 322
27389 439
33319 0
3165 235
34193 0
12169 946
50152 237
38358 0
80699 0
66540 448
27200 948
79742 446
4451 0
56645 0
52546 0
19927 0
14835 0
65436 0
46161 0
45869 0
48852 0
31796 769
63066 332
11422 0
40143 0
91785 0
12742 0
48413 0
86026 0
19605 841
6962 0
39909 125
76372 269
58728 0
52347 0
70878 0
50167 0
1528 0
56954 333
21349 0
49083 0
4091 0
77641 0
65937 0
87291 0
54138 0
77833 0
93459 0
76186 0
7476 0
94012 0
26198 789
68443 893
37746 781
53341 0
54900 869
55153 0
12269 0
47037 0
9813 0
36635 421
24013 0
94869 0
4974 0
56101 0
10403 0
77087 0
66252 0
67805 871
87421 0
62800 992
94380 0
52335 93
27183 774
64457 115
36575 0
5975 195
64336 910
44468 966
1333 0
38648 0
60121 0
25528 0
69416 0
17871 0
80796 0
93123 0
31597 0
10545 0
51380 497
78657 0
10600 681
82254 317
53173 143
86377 0
99838 0
82483 0
55622 0
7820 0
78844 0
27444 0
60564 602
30186 416
96087 0
4403 885
85797 0
48927 104
97022 0
9809 0
6015 0
14722 0
10809 549
92019 0
75033 0
25616 0
95484 209
23090 0
65822 0
17961 0
32499 287
96624 0
12492 849
97412 259
25454 0
84353 0
30531 675
23993 0
78012 0
91554 179
63652 0
30886 0
69545 617
35758 0
11107 0
77870 0
9866 0
20783 0
24311 0
44519 0
1078 273
66944 0
69546 0
64123 0
61772 0
7892 912
30437 0
15957 0
95998 0
19450 0
62932 306
10884 798
95122 0
43557 0
17000 0
97450 0
50784 0
16054 256
99544 64
67993 0
74413 0
51078 484
28488 988
88352 0
85367 0
46787 0
49603 103
56307 487
26597 0
63159 0
34956 0
31040 0
4453 248
30786 0
3053 0
37367 0
62358 0
39390 0
40400 8
422 0
53921 0
59642 0
48400 0
30341 0
24150 444
9004 446
98642 0
23305 0
56996 760
59751 0
90347 0
32161 0
78808 0
98502 0
97743 0
38780 217
43457 0
67414 0
99341 15
24350 0
69512 0
50549 0
36392 0
24900 0
71423 0
45206 567
64767 0
63256 0
48777 0
72431 0
96029 320
389 0
85615 862
95476 0
78949 661
36181 438
61519 0
51804 449
23486 0
63660 0
76091 0
5709 278
55581 0
76810 766
67138 0
26118 0
85081 0
55469 0
11858 0
22397 0
29654 0
11327 648
29303 0
57935 0
66300 0
82335 0
36056 0
21119 528
56099 0
39077 504
63896 0
81116 0
44226 984
30667 210
10306 826
51631 881
8568 0
70315 0
14920 0
75478 371
55943 0
64965 0
21157 865
34048 0
32918 952
43857 0
93988 0
47010 0
27068 611
83607 0
88879 0
23298 79
65142 205
30339 685
45118 970
58447 589
69045 0
64303 0
52102 0
76507 0
2666 0
68155 663
25646 0
9815 0
33549 122
72329 0
78517 0
3911 0
36982 0
70527 0
96900 0
8969 0
59154 0
36338 697
94760 0
75345 968
75940 0
91946 775
771 532
54877 0
75534 0
43420 0
4473 25
43674 0
25810 373
12106 0
57470 691
79085 783
56441 0
97409 911
57100 0
49171 707
44859 120
63555 0
39525 0
59705 0
83026 748
31000 0
30972 923
68680 0
7371 31
89759 0
73454 0
93303 0
13224 0
89031 327
2766 340
75375 0
87941 0
97689 0
71041 989
76753 50
71455 759
40588 137
12672 848
73457 0
48636 0
24861 445
75885 0
82812 588
56960 0
42767 0
47229 53
9211 0
74991 0
73700 0
13859 0
35073 0
57724 249
39327 0
98161 0
48496 0
55636 0
63131 0
91258 0
1774 0
77469 0
71836 0
59866 815
66159 0
17385 0
89494 333
79119 0
23054 0
79606 0
77376 0
11300 0
15596 0
10600 0
92490 0
12371 335
30106 0
64855 0
83630 178
68083 208
39101 334
74274 132
11011 654
29775 330
12474 0
57547 579
19369 0
44045 0
44418 995
8772 0
21991 0
56140 211
6916 194
19911 943
96311 0
2079 352
46584 0
15723 0
76699 628
86029 0
94024 0
41657 0
74792 977
54966 0
35219 0
26780 938
79707 0
81862 0
97639 0
66144 0
89231 0
89513 0
3411 448
86793 941
87008 0
15673 0
82858 0
7053 0
28494 0
38570 461
98744 0
68796 0
50681 0
30303 0
14620 0
63763 0
85822 0
87557 0
34643 95
72081 0
30371 0
45738 0
85351 226
82323 0
48255 0
65910 0
22170 0
47927 630
46068 0
4049 186
94142 0
39043 702
73330 0
34178 285
5173 0
95961 0
52785 984
77523 0
75136 758
32133 0
96854 0
94092 0
25752 0
81530 0
2370 215
23043 167
99953 0
68534 347
47304 337
18881 0
2630 0
13010 0
50694 0
41318 60
62822 0
68297 0
44413 0
75853 0
31582 56
5129 413
18888 825
28765 0
30636 0
9896 0
79456 0
18344 0
16763 0
29497 0
92846 0
74929 111
81957 241
59717 0
69375 864
62641 117
23123 443
85958 0
80968 0
7300 0
59121 0
92345 0
61764 0
77368 585
5459 505
5059 0
39769 0
53214 0
67905 0
3606 969
6790 0
64774 0
69095 0
83482 370
76275 0
88437 0
59279 0
33998 997
73226 0
68638 0
4956 687
44068 0
86346 0
29057 0
78506 0
4987 0
45451 0
90750 0
76449 0
58858 0
78757 0
11796 0
76318 0
39771 0
1700 885
94733 861
70194 776
15031 0
15969 898
2156 0
81956 0
32586 0
96137 0
57537 0
61701 0
26742 0
41765 0
33802 0
66563 0
37954 0
21263 0
91139 0
70741 737
66900 0
6046 0
55625 0
57048 0
15454 0
37984 0
32908 0
75353 0
38338 503
95788 471
76574 0
53149 0
19563 906
28892 0
75101 0
8266 0
60319 0
28599 58
53450 0
57228 0
55419 0
24474 0
4582 0
24811 385
91506 0
60936 816
70045 443
62340 0
79863 147
84879 0
70210 0
21774 0
6966 0
87009 0
50182 0
81962 0
77811 0
90455 511
72530 582
18915 0
73030 414
46071 0
85902 0
24296 0
71342 0
97815 447
3329 0
5150 817
85140 226
75908 945
91889 0
52145 0
8924 0
92321 0
17339 273
26682 0
52529 0
27137 968
52155 0
80492 0
28266 9
2913 0
19866 0
19251 0
85295 163
12662 0
38245 0
25777 261
52212 442
96009 816
75799 0
79995 98
35268 488
20938 723
77573 571
29740 0
4770 0
87091 561
83968 0
73642 0
66524 302
86949 0
96080 0
63500 0
6524 0
36220 0
30763 437
99588 0
22904 0
34250 0
1654 998
1383 0
95169 0
16244 768
6858 0
35500 491
6943 0
61854 0
16618 600
81470 440
17511 364
76455 90
61058 0
51139 0
68798 0
96502 913
95918 0
9933 0
77185 0
3276 0
10664 0
78498 0
82923 0
23518 0
96365 0
66109 251
55585 0
84856 0
66340 0
54788 0
23739 0
14954 0
21795 0
78008 378
5440 849
42627 0
29384 0
33579 0
49861 0
27863 329
13384 0
71266 441
73935 993
81571 0
60149 847
89482 0
18442 261
32157 708
54299 0
58602 0
24296 0
64773 571
93316 0
24682 0
94836 0
16551 0
53364 321
92431 0
59816 0
89938 0
75168 673
80938 0
25202 0
832 0
29292 530
45476 267
7233 0
35025 232
69050 0
24953 935
38364 416
95781 0
19435 667
76308 555
14898 361
71267 0
22136 0
21829 0
88817 0
62380 86
62063 0
89302 299
18727 0
79429 0
72825 557
28867 411
84433 0
91327 0
98314 0
553 0
86769 0
65918 543
66941 0
36720 0
68857 0
2831 0
43388 0
78918 0
83280 542
63206 0
43037 0
16989 0
75913 0
75059 0
25785 969
59947 0
91185 140
25461 0
61098 801
70750 0
44089 0
42131 503
86297 548
82291 0
65105 624
65348 0
44864 0
35216 575
43303 0
42314 938
19262 693
38853 0
48416 576
93295 0
49294 0
60794 852
83009 27
56483 76
90392 244
81341 0
20933 0
16854 0
40447 0
32579 958
60994 592
40922 0
43046 559
46060 803
19506 0
30555 0
86333 0
58531 0
42214 0
45086 0
35166 0
71205 426
69253 0
93382 51
91204 0
53288 0
78775 0
62589 0
40616 0
48981 0
19086 0
12984 0
3526 0
47943 0
21317 0
93890 0
26248 780
33289 0
93802 0
52284 634
78400 0
14572 507
38408 0
80011 0
78562 0
59525 0
29894 797
13330 0
61372 541
43328 397
25440 0
61744 0
68428 196
50311 158
13141 0
99731 660
39436 0
30108 0
84155 0
23383 0
70686 905
63602 972
25108 0
66481 0
94475 0
70651 0
58360 0
9632 183
12187 0
17917 0
9689 826
22081 0
44898 0
30034 0
76695 0
90010 0
22553 0
56975 0
59762 0
64930 0
69328 0
59196 0
18597 0
62065 483
76855 326
49324 0
57403 0
46020 0
26756 0
38825 0
38456 0
55120 168
5005 0
7217 0
9402 0
62737 0
14890 0
31106 0
49164 0
92297 142
94501 0
45025 0
7086 964
23233 250
21515 0
46315 0
7450 0
92775 0
26516 0
12771 0
99763 514
21952 875
15414 0
79108 127
11126 0
66758 10
28555 0
2075 0
52546 420
40239 0
6276 477
32141 310
29181 0
53179 0
56858 0
11717 0
31325 0
8353 0
75720 0
47550 0
78837 0
72568 0
34229 598
22771 0
34126 0
39542 20
71053 0
56771 510
37629 644
50015 0
59871 0
65415 0
32998 0
17505 0
60832 0
59569 0
5814 286
68938 0
29518 0
49654 724
78698 0
33750 978
13191 0
25464 977
87128 0
26018 711
32335 0
27993 214
74499 0
87172 0
78545 0
54187 0
81055 0
59513 0
74662 165
93283 0
97046 252
96109 0
28505 0
27270 0
92737 431
96336 0
75997 0
37132 307
73248 0
55697 0
12940 0
88290 0
19865 233
18356 0
44186 682
45089 738
59434 0
662 0
84624 0
12360 100
25543 732
50343 0
1749 292
28488 0
92614 527
79417 0
78369 0
5845 0
39119 0
86965 0
13407 289
48331 0
69083 654
86587 142
25773 0
1432 0
24620 39
52442 0
35580 0
12412 155
38792 309
53456 0
9385 0
43819 0
48787 0
65179 0
66687 0
40730 0
67200 0
5654 0
84882 517
60529 0
25929 0
10507 751
33574 281
56043 0
86694 0
64617 0
62702 0
43920 0
36538 0
77486 0
42826 0
10850 65
90630 0
65989 0
54091 0
35493 0
62411 0
64684 0
88630 0
19920 0
77850 0
56139 513
41001 0
69311 0
56144 780
71330 0
70180 63
67386 0
57183 0
96482 957
37159 0
15776 0
35758 0
28991 0
35630 0
4245 0
91922 0
2523 0
54415 957
24922 0
82210 0
7852 0
32031 57
55651 229
51280 0
80483 0
84762 0
28420 784
94875 182
52065 0
79794 119
57635 459
29989 0
94098 0
43121 818
64754 0
82684 0
47488 0
33914 0
61801 0
48473 0
72286 0
50150 0
78098 0
87793 0
82717 0
41935 0
98739 375
97820 0
14412 742
58294 0
16438 0
34590 0
68623 0
90699 0
96195 794
50536 0
57986 0
28381 672
25323 0
46014 807
2246 650
29773 8
22708 651
84076 0
63671 0
14809 0
11079 0
60586 836
15480 520
30973 0
90946 191
95406 0
8177 0
8368 0
4265 0
71302 0
66289 390
17967 604
34661 0
67860 0
43838 0
8010 0
68972 0
50160 563
14736 0
4525 0
70204 0
46714 0
71220 0
98063 0
61051 0
48440 508
67518 0
48190 854
26681 0
21682 0
12949 701
43211 0
16 752
10829 0
60424 620
70589 0
44601 0
17754 0
67377 0
16275 0
60011 0
50100 0
48139 0
80483 47
87216 0
24145 0
1479 972
90386 0
15111 0
62317 298
42150 0
77526 949
26201 0
21155 575
28364 285
40842 0
79146 0
73159 0
49370 0
25691 0
24349 0
75340 717
99384 0
50196 0
74236 214
25968 412
10294 0
88686 0
54999 132
26248 0
32238 0
4391 0
19139 811
40782 0
8258 0
39318 570
46119 0
87312 0
46161 868
24842 0
37909 0
34406 0
10362 0
11241 610
52522 0
70408 482
13027 0
620 0
34566 355
76615 770
51580 0
62885 322
38618 0
78847 0
83697 0
8999 0
11137 621
25782 0
19930 0
71085 0
43678 28
5377 0
67213 0
54396 0
25733 0
55309 988
37631 0
4759 0
74024 0
65491 0
83768 0
90712 0
68728 0
12116 0
45481 388
83582 0
33247 0
36771 785
72770 0
13747 146
87097 168
22502 74
81971 0
60643 0
12692 0
64451 0
87848 0
49411 218
2122 0
47045 0
97347 0
61846 0
9364 614
39760 0
71674 0
46562 0
3466 0
15479 154
29622 0
73819 276
19380 779
89237 0
31786 0
41056 944
11063 0
42351 0
90954 0
93888 472
53324 0
22482 859
5503 0
20801 242
83787 0
4785 647
52838 0
77668 0
85276 0
64391 0
18985 0
12586 0
30189 0
96828 0
70842 232
67882 0
34530 0
65893 0
90155 0
47672 552
19855 830
5669 0
81390 584
19783 338
30931 0
150 0
17490 0
18259 0
92634 0
35210 0
7437 0
86742 0
145 678
24314 0
30709 0
71830 0
57550 0
94857 453
59353 0
777 0
48839 0
9380 640
46184 0
44636 0
73632 909
73382 0
30588 979
65730 0
85422 601
23530 0
47650 0
5112 0
32788 0
58105 0
44824 0
13410 0
19259 0
12911 0
65872 0
75426 0
14719 0
42076 554
16327 0
42878 0
94751 0
64076 0
42902 0
25711 679
82630 0
6200 0
79493 0
95782 0
6282 0
81194 0
71912 0
89003 0
89130 0
22616 0
97173 0
94436 32
74908 0
58762 745
76564 0
29722 495
2337 0
34576 0
11552 0
65021 384
46311 577
98338 0
75697 0
17947 0
8168 0
10671 432
86731 0
49443 0
15986 0
97605 0
84912 0
59118 0
52229 0
25336 0
1755 0
15039 0
381 325
6666 176
37059 0
13379 0
36144 0
60634 0
32102 0
20570 0
58651 0
14879 0
75335 0
66887 0
64708 683
80767 301
46109 260
97943 0
8540 562
72272 375
18370 0
90583 0
33814 0
52880 0
25248 0
15026 0
9728 0
67477 0
61261 0
80267 87
68639 0
13261 0
55695 0
6842 184
50970 0
95336 0
37597 156
54225 110
82442 0
79068 0
54258 274
72474 0
56980 743
98905 597
76479 0
17798 0
87863 59
19510 326
1028 0
2118 80
43825 917
1817 0
47174 877
32865 843
44611 0
86768 0
51812 0
49547 0
28781 0
45609 0
29531 0
86612 0
37200 0
59863 0
85424 720
80767 0
15793 442
48924 231
29690 0
87415 278
53234 406
12889 787
27674 18
7635 0
51778 48
68137 569
14748 0
20135 430
86037 0
89631 0
25649 0
75501 339
45447 0
95748 0
96968 0
44279 266
21216 94
30622 0
89656 0
93959 41
27886 480
5537 0
2309 0
25858 0
88851 566
97074 0
6056 0
19196 0
68735 0
39221 0
15599 0
54181 0
31272 150
14936 0
34168 0
55192 0
6519 894
25774 789
81186 0
13287 0
50663 0
53 0
1763 618
81617 0
73302 0
99042 0
39049 0
36845 731
64258 0
60486 0
51039 0
49537 0
14929 339
35680 0
76442 0
50603 0
38191 0
81548 0
23482 0
70781 0
99174 0
70148 0
72286 0
54043 104
71850 552
95462 0
38900 0
19789 0
32660 0
72905 0
43850 305
98047 0
41364 856
92572 0
55510 795
10316 160
44939 152
69957 427
39334 0
70339 0
76166 0
55356 922
45692 0
13252 0
57798 295
67419 0
97787 800
93533 13
48419 0
86948 838
72320 0
12744 0
92228 0
58504 0
54305 0
90336 0
88093 393
45902 568
56412 670
75856 0
83185 0
41292 220
54705 0
82153 903
40543 0
15802 0
23446 0
94103 0
48321 0
25263 0
78909 0
70734 0
47270 0
40240 550
18800 342
85477 74
78069 653
47112 0
46893 0
33196 0
63924 0
14600 0
67249 0
13820 0
31615 0
61366 0
22507 0
82806 0
22804 0
29336 719
8361 0
18922 0
70673 0
13833 0
57687 0
84349 0
31110 231
35689 805
35969 0
87346 0
25932 82
59372 0
62935 814
10858 0
15714 0
77982 0
69483 619
10654 0
82175 0
6758 171
79270 982
37853 0
97342 0
28223 947
56240 300
2938 0
18161 394
9686 0
97811 189
18576 0
6282 0
62973 560
25427 0
28879 0
63743 0
97080 809
34546 0
40266 0
90567 311
68547 0
21177 0
35420 926
99235 0
79659 225
50422 170
26812 924
33274 827
82846 0
16343 181
91003 0
39950 0
54542 0
67041 0
64027 0
36485 44
71644 379
4318 0
99190 818
2354 0
8344 0
69616 0
92860 0
35446 0
3440 227
2601 0
65336 0
23824 0
53271 477
27119 0
29191 0
99571 0
52378 0
62384 0
32122 0
80477 0
16117 188
86702 0
54468 0
83535 0
95111 0
16039 0
63598 0
9203 626
76861 173
55081 0
23694 0
62662 0
9139 0
39282 897
29235 309
80142 0
61489 0
47511 0
65569 0
9718 0
20947 0
47067 0
97053 0
28957 0
64132 0
5006 0
66240 0
6839 0
58974 0
40972 206
49631 0
18991 0
61755 0
89223 385
96256 0
93428 0
70116 0
74468 0
83865 462
60663 625
13544 0
88926 0
67078 0
21651 0
47465 0
9948 0
71039 0
62745 0
75431 506
51658 0
28964 0
19269 0
25499 0
15948 0
72960 0
31583 0
91967 0
26997 0
24905 5
71882 275
50692 0
56800 0
64515 0
20787 0
95267 0
36706 0
86726 0
34965 0
28055 0
11798 0
23935 0
74514 0
3222 0
53400 0
71180 67
15995 0
84783 0
99154 0
44173 0
51654 0
61501 124
76521 0
62895 20
92461 0
36864 908
89517 986
97910 0
90432 0
68396 0
34930 10
39515 0
22504 0
39199 0
4447 0
79721 0
59991 22
31083 279
12366 0
97277 0
83688 595
5367 0
70888 0
86369 0
80972 0
35758 0
21267 0
39987 731
1695 0
91587 0
66512 0
91473 0
43989 771
55831 486
87688 43
7686 0
60106 0
5894 0
35972 0
73604 519
99782 0
22880 0
32424 0
52254 161
39529 0
66650 0
63014 0
97019 0
70010 374
76096 408
20803 0
40396 0
38538 55
13427 0
69624 0
23769 464
26984 0
33169 0
93631 0
63254 429
35895 579
58471 0
89690 0
80533 0
92008 272
8186 0
33653 0
72765 0
9934 0
9583 0
11673 0
42129 0
53424 0
10759 762
76216 0
26008 14
10414 627
77935 0
41355 801
56012 0
83012 0
80596 0
97751 130
9529 0
26018 0
28305 0
50578 0
68974 0
42499 0
48753 0
70477 0
95159 0
93469 0
93043 700
82738 829
62804 0
53643 0
75977 989
86533 0
59038 0
70307 0
6532 0
34112 0
12366 0
6320 0
27801 591
7411 0
33239 0
18802 922
97057 0
52546 824
3072 0
85275 0
90905 0
93727 0
36510 0
49870 0
11148 0
87799 0
96303 0
52677 0
51356 0
23472 0
66826 0
9516 0
81133 0
67426 0
42776 69
96639 576
84992 0
23178 0
86318 0
89406 0
15534 0
87968 0
51972 0
34441 0
51481 0
76513 0
96152 0
83803 0
20168 0
74239 0
98241 0
48851 0
20385 0
99109 983
38359 0
98691 0
5826 0
44909 0
24848 850
15406 481
4156 174
86821 178
8188 0
61434 233
88784 890
25763 692
88422 0
73128 250
2263 466
52504 502
98535 0
10165 787
69118 0
49096 7
89476 0
69256 0
14391 0
27188 0
68489 457
84120 371
40024 0
40915 483
1262 238
41260 240
3364 0
21145 0
34794 0
87113 0
37298 0
6284 0
6330 0
86843 0
81278 516
29430 148
68331 0
26805 0
46410 0
57633 872
24153 994
15645 865
63187 593
96971 887
32862 0
41089 0
44905 0
75984 678
35152 0
40675 0
80101 0
33018 704
46227 698
72774 0
44305 564
3617 0
87881 0
97726 856
80508 0
86805 486
24083 0
44264 0
94932 498
40504 0
49396 0
19302 930
61837 0
41994 0
61181 0
96746 556
39305 792
20155 0
63315 0
75860 0
40963 531
65579 200
32604 183
76262 0
7398 0
41176 0
4347 0
63997 990
4636 0
38719 0
11833 0
82504 544
28171 0
93734 501
92724 847
70592 0
29426 0
38638 0
45198 0
84619 0
22280 0
56054 475
73307 30
64103 0
45430 0
22261 0
11443 0
69871 746
55382 0
4478 0
78195 0
40140 676
83698 887
83253 0
57652 0
76248 756
21626 228
69910 0
29310 0
82017 0
63279 408
47074 0
11964 0
90238 929
94603 0
52531 0
70895 958
93582 0
21610 870
5927 0
18782 0
75155 0
61614 0
29811 243
97398 954
85826 0
99408 902
83030 881
8113 106
32970 0
34441 0
9745 0
72819 937
5177 269
19937 0
72004 0
85486 0
42022 366
58901 0
96863 0
88250 0
35795 379
92524 0
81047 0
27113 0
