1000 614
322881 255
119308 808
854869 0
877797 0
658011 0
833089 0
992923 0
761874 0
867543 0
480030 974
322979 302
180142 0
557426 0
833601 0
665381 739
599104 0
782951 0
85145 417
928300 0
246483 109
408974 0
163864 236
863228 0
933382 0
73856 285
686153 327
871410 0
551697 330
110286 0
662992 615
675377 0
510684 240
915467 0
240348 0
456326 0
918725 682
19246 234
43419 0
816068 0
362859 0
427124 995
833808 0
926442 949
861889 0
149774 390
331085 245
291856 548
517720 0
989850 0
485881 0
244742 165
220676 0
564740 214
110162 0
965246 0
596486 703
550109 745
607798 0
91177 387
955137 0
462974 0
791905 0
411962 811
214019 304
142140 143
612181 0
870955 803
77585 832
674608 0
948177 0
413418 415
126399 232
92260 789
750228 0
700377 0
114755 531
928997 610
166123 111
257536 0
811869 0
812271 0
915999 0
949463 0
246387 0
48138 510
685961 912
565852 165
971598 0
721196 765
614857 854
617301 0
372569 77
901640 0
101528 9
139452 200
265814 0
362936 0
86744 529
317913 716
326337 969
713620 0
340309 0
598390 336
115572 684
824666 0
620063 216
741789 0
273295 371
210430 0
865110 0
754249 0
342149 856
930716 0
440380 0
773175 101
271746 0
198009 834
850448 0
128475 429
979746 0
464794 918
272191 0
735974 0
423262 75
123312 823
993901 0
740605 0
312237 0
906472 0
882934 0
46117 731
550658 0
145660 816
588812 0
192671 0
361864 464
599858 0
231309 962
589418 0
40932 701
666370 0
324396 795
824238 0
814372 0
398646 0
689681 0
810173 0
4944 273
487537 0
449498 778
644322 550
695228 0
650971 860
396513 601
949263 0
966190 0
405530 113
720207 0
693870 0
910301 0
813758 431
848427 0
628184 975
586748 0
502516 0
423168 0
877377 0
619048 468
364423 0
510565 0
816226 0
170746 757
507689 721
689892 0
198169 481
181551 768
2744 654
129720 0
282033 377
828610 0
307715 890
355639 585
482257 0
485496 1
21416 651
36350 308
109089 663
773077 0
521698 0
942421 0
959750 0
406776 687
9088 992
35555 735
111981 0
323510 626
661037 0
987879 0
371722 601
88642 944
597341 266
85415 691
896299 0
567785 138
275727 799
947252 0
462105 0
858298 0
923209 0
55706 434
99345 450
959256 0
830306 324
364971 0
864959 0
425967 346
509136 0
930620 0
596688 129
850394 0
295902 958
133097 171
805066 0
968459 0
551196 0
357666 329
972902 0
608445 0
76127 665
990571 0
693069 599
586067 0
636992 277
102283 991
1510 292
793366 0
580278 0
402757 287
543129 0
848964 0
874199 0
305737 6
489906 990
765358 0
553699 924
54799 0
213138 116
303699 0
520578 66
160864 713
411191 717
279082 380
33902 941
176177 709
799339 0
475696 409
999669 0
878462 0
686702 0
647483 0
558721 0
675154 961
29816 373
562210 0
72898 724
334150 404
594598 0
740411 872
731221 0
563505 0
518028 960
491011 0
657768 0
2905 535
645071 0
614017 0
79563 375
926140 0
891543 0
99005 106
377044 0
481284 500
693806 0
226812 983
877774 0
307622 247
326331 0
351444 27
228239 94
330332 630
770675 0
619235 0
41269 333
856513 0
379500 0
476148 0
69678 476
500618 615
909935 0
987971 0
531702 0
656181 332
605531 398
200208 0
878914 0
95697 215
393653 453
234715 965
887464 0
933740 0
621634 670
452754 483
800703 0
746093 0
930066 0
261504 461
982339 0
593834 0
142635 879
425096 429
789568 0
487745 798
478395 470
111446 0
984312 0
50005 736
983923 0
319674 804
518321 835
912840 0
707449 0
527216 389
906597 0
872917 0
305343 121
536290 323
462067 0
664417 0
352514 43
455789 0
954264 0
762903 0
439193 58
483205 694
347024 866
756911 0
833616 436
984339 0
986168 0
799897 0
789405 0
218459 342
209899 100
814768 0
266732 76
55482 400
571457 0
565754 0
912112 0
225379 753
741164 0
336081 18
139623 17
466840 0
426167 0
449992 0
974076 0
559953 0
730390 571
476681 641
488608 440
464755 350
164184 705
278840 220
713810 0
38344 358
763953 0
446693 0
864330 241
447377 815
537109 510
261562 895
648273 0
763411 0
19631 632
52861 862
145030 614
769734 0
997919 0
784040 0
149005 0
285361 361
802412 0
215732 723
691809 562
845905 0
203076 128
949230 0
236377 177
699705 962
74547 597
179728 0
440665 669
171167 579
257834 0
51208 685
259309 0
750273 0
520330 0
824235 0
487276 609
275056 0
107600 90
780091 0
585732 0
350149 0
838954 240
418745 0
544517 518
420863 821
929665 713
500142 37
61523 20
741218 0
912893 0
946708 0
867577 0
516984 0
862347 0
614895 0
379422 161
206530 753
150516 26
813192 0
559092 0
45699 840
23890 411
275995 515
227633 191
235601 237
575555 0
408727 539
22109 177
478956 505
77995 190
669006 750
626338 0
325629 135
345263 0
855006 0
491305 0
457171 0
334106 549
77982 846
333775 380
194557 197
149258 586
349563 0
563783 850
527135 153
785788 898
79736 0
254108 892
621111 0
680295 0
673091 0
871498 0
582115 618
57742 553
165825 154
324658 392
891084 0
556023 0
475376 511
677830 0
686766 403
666924 229
902593 0
967167 0
869279 0
343448 881
143744 581
20970 151
437730 673
16984 649
706226 0
449869 681
352997 0
509485 0
370078 0
934837 0
237550 0
65839 271
759224 0
465141 0
777099 0
773668 0
676646 0
987143 0
363764 0
539718 357
40862 364
250448 623
691654 0
930799 0
857546 0
530158 0
802058 870
405141 78
480233 479
963282 0
737159 0
159662 591
646630 0
734183 655
157196 357
257926 0
273513 0
361323 914
816396 0
374995 896
198170 0
138023 661
470551 0
237215 460
134718 860
907058 0
667699 947
812255 0
642894 0
191717 610
524894 0
258114 0
778232 0
577945 0
527207 0
53198 693
344935 652
99006 81
403999 0
55581 902
711208 0
554850 483
752777 0
318024 535
900701 0
328567 0
717900 270
202530 51
695714 0
593621 0
80609 142
605256 924
708432 0
565441 0
115336 943
661262 0
608676 0
454856 857
168945 40
470352 447
280826 12
519839 498
114395 559
681345 454
357334 566
942023 0
253184 0
267519 148
954771 0
688223 0
514917 140
580060 0
933614 0
112558 730
553527 513
45452 424
28764 688
734500 643
203798 771
573115 582
463669 0
986411 0
398455 989
73443 477
140728 300
669779 0
932852 0
512223 0
517076 0
92749 917
514184 0
933495 0
156570 966
44123 520
640178 0
815946 0
26891 234
800391 264
154665 932
138218 0
284938 942
84896 158
58109 489
301877 910
321081 526
904960 0
176373 0
10993 264
634699 122
302770 0
442421 63
569589 0
406747 0
387925 593
777194 0
888864 0
778259 408
561732 0
451934 0
603003 0
620841 0
843185 0
97198 607
310232 0
154820 274
486406 0
259914 0
9692 930
479513 764
375651 700
226743 291
935910 0
413324 0
404115 192
964032 0
588884 303
51433 402
519784 0
381618 166
182357 523
665822 0
211910 114
835123 0
468273 0
584682 0
998473 0
254820 664
745344 254
24838 800
298312 385
574058 0
586827 521
713448 0
512493 257
28448 90
598898 0
439482 636
297645 0
409258 938
403269 849
1772 490
762748 0
933182 0
52633 346
456786 592
202830 0
712801 606
459679 0
957272 0
991472 0
532396 0
247445 252
543349 0
84544 0
557249 639
582276 0
229790 0
434341 0
712187 0
394183 0
259613 641
314507 196
93679 657
335000 919
10310 805
321461 446
357782 262
417269 0
967255 0
241329 761
468327 92
614604 233
833326 0
536234 689
447009 348
371609 0
650404 0
330836 449
770770 0
276008 749
821769 817
420466 351
525863 581
306952 585
909610 0
601273 0
750283 0
255461 0
91869 683
555311 930
992163 0
323843 529
862720 0
865305 414
431385 1000
178808 485
532632 204
314857 76
364095 698
12468 238
582291 54
985647 0
508235 416
812480 0
612604 640
28132 59
288278 921
558807 0
862970 0
798976 0
215053 597
101740 959
424197 0
897132 0
387847 125
320040 0
63252 632
930710 0
919070 0
729379 143
217937 457
58782 151
101444 344
966938 0
131355 279
15222 734
437852 846
837760 0
790223 0
982521 0
196725 892
666117 0
964597 0
244486 223
239994 760
70502 487
272589 306
377697 0
104531 405
841201 0
191359 0
303389 634
102285 617
770324 0
606374 0
340967 833
86624 517
484346 0
319823 649
161619 854
2314 844
736649 0
700379 0
52928 705
291176 851
680960 0
176651 388
882926 0
234954 0
420424 74
576906 554
37771 569
68460 619
191718 0
518429 582
596919 739
765037 763
480998 0
788358 0
396530 936
497400 0
720469 0
425416 0
583438 0
143626 82
817408 0
903795 0
900695 0
547054 0
359220 906
32103 734
984134 0
79165 420
579549 0
517349 0
12898 730
873483 0
61001 658
406144 19
179657 0
538218 0
430012 547
434680 465
777740 0
874983 0
607616 0
642566 417
755267 0
82947 946
798648 0
652410 0
948705 0
626031 0
360715 934
738602 0
516505 941
894607 0
409289 181
964807 538
212205 228
360536 159
847363 0
102057 35
544771 0
524889 0
80927 807
973681 0
597754 430
745016 551
964147 0
745637 652
558398 908
803643 96
641485 239
41958 600
296347 395
955213 0
116557 759
868373 556
626064 0
866604 0
994496 0
338303 0
803349 514
188250 525
159002 760
490390 737
6034 45
641977 88
942963 0
904019 0
176794 225
848232 0
83606 899
351370 647
171709 786
24467 493
67640 5
105716 68
216766 168
259681 79
455977 0
942948 0
344862 772
406440 0
783657 0
775192 0
249308 772
129398 226
600034 452
39565 21
617075 0
881749 0
451607 0
565801 0
365961 723
294166 45
650256 868
207245 699
724238 0
181106 479
811611 0
597877 0
843734 0
238503 0
62181 0
892882 0
563960 0
667017 0
446142 862
633556 0
287555 0
814673 0
955696 0
630201 0
305203 728
960062 0
4442 657
516660 659
959433 0
467851 284
750993 538
384612 0
208428 398
377071 0
350811 160
782626 0
111722 797
590217 0
48596 139
726721 0
82695 884
287392 387
770386 0
208879 0
652855 123
352435 885
276254 428
730810 115
738357 0
378548 801
74380 588
747474 0
798399 400
272982 376
623254 0
614510 0
230309 669
852917 0
270713 698
606130 0
602939 569
759722 0
322447 759
264767 543
157346 452
353255 0
841218 0
175814 407
444304 0
837428 424
244454 491
408240 727
653761 824
768683 0
969428 0
164653 0
269874 634
179077 316
29844 442
953087 0
352259 819
715638 0
656768 0
731585 0
579155 0
463407 148
834102 0
389067 0
886407 0
841350 0
446819 356
741441 0
446343 439
437812 0
857497 0
846758 0
484534 235
211722 179
285252 0
39162 261
279807 0
81417 422
936315 144
861867 432
44981 205
824215 0
437979 0
555357 564
96559 608
443832 0
284714 0
815431 0
456645 0
217981 0
849214 0
742924 0
410413 442
679688 0
476268 0
157365 756
604752 0
787990 0
444199 0
905641 0
271543 73
437236 490
363894 0
160392 110
365426 401
186843 863
377109 926
560946 0
30952 175
814656 0
81944 206
13617 354
84771 785
618009 0
96357 0
677517 0
110939 314
857436 0
641509 0
129176 742
936651 0
742805 946
780892 0
68206 277
362798 162
642956 312
998468 0
467888 150
470270 0
766278 0
512826 443
580303 475
458256 735
605091 780
447575 0
264011 99
205090 902
994122 0
408779 955
45384 322
143234 246
823716 317
506840 314
238267 222
398723 0
316951 496
517000 134
303041 484
470972 0
235932 901
519583 509
153284 474
574 593
907723 0
243181 980
901791 752
541001 95
469247 909
451048 230
877201 0
426556 426
108924 0
56507 830
899638 0
49856 48
366137 297
391092 40
189500 4
183086 0
977291 0
222235 971
340249 0
186668 751
943329 0
91380 656
176236 686
783587 0
320205 0
70023 307
635043 507
314289 127
365122 0
403989 0
824461 0
642381 0
521443 463
809219 0
82456 19
4954 903
553781 0
640814 0
423632 522
640079 0
636727 0
215074 15
560827 986
780855 0
318879 282
765511 0
722717 839
592630 897
33384 820
4376 406
877329 0
233188 0
168286 998
435228 0
569777 199
633293 0
945940 0
707591 300
479199 776
615261 0
548634 0
369189 409
564287 633
383871 633
533070 56
193129 0
101949 222
319092 166
41149 747
304709 0
697087 925
845150 0
277045 0
411859 221
975049 0
300862 152
905575 0
474125 0
767435 0
32446 512
566656 322
870875 0
976013 0
399015 584
750186 626
432894 0
434904 0
679247 718
181875 923
472335 317
295030 52
891782 0
167799 613
378814 762
673150 0
751903 0
33406 363
537976 0
40917 69
491091 861
302928 612
164508 643
450658 298
904964 0
935365 0
304226 0
992675 0
29983 864
452789 565
929877 0
813739 742
450217 0
8558 412
122142 101
748404 0
998070 0
125681 261
431398 869
606568 856
474307 0
211209 888
416523 0
838521 0
357943 439
88369 482
797052 0
176760 731
888021 0
474249 587
39198 672
600349 0
946417 0
865496 907
669757 0
483721 120
63596 861
926961 0
801288 0
284910 0
869868 0
120708 0
376191 94
296923 406
204938 666
106106 92
270429 0
687782 0
148702 450
960243 0
952489 0
805299 0
398643 0
141333 944
367970 749
723405 997
259731 175
914163 100
904958 0
1968 345
81780 542
446997 0
181686 91
222099 938
284783 271
616382 914
887432 502
589681 650
940950 0
526798 0
619363 478
275397 206
310400 663
528202 0
768371 0
947001 0
369167 729
919366 0
831949 0
39649 697
871113 130
161469 818
145988 492
336475 466
428292 0
114524 172
237186 169
496109 0
753958 0
435549 242
718114 0
371082 0
128250 0
653633 0
229743 0
480731 598
391359 0
422211 0
466695 796
827207 0
307639 900
191227 0
404051 0
525109 0
381116 0
454640 0
147476 599
780676 0
102344 691
736714 0
427662 819
498928 0
325836 826
39027 987
45874 685
426128 0
356322 91
380650 0
84056 327
588753 552
89560 948
214471 0
706138 973
1338 740
234688 855
597953 446
183620 378
928757 35
65633 39
185926 583
34329 427
849145 907
327686 774
526445 844
951892 0
702451 0
34951 604
188889 266
743998 787
606659 681
550744 0
482082 333
136712 853
633742 0
26835 110
998491 0
790378 0
992185 0
663403 752
79542 712
872793 0
801452 0
765726 0
359729 841
573174 0
809953 0
711338 0
440043 447
346767 0
887190 0
480264 750
125701 305
373343 0
535635 673
255198 0
889685 0
29799 348
671232 683
547012 0
26512 102
366729 984
630018 80
54624 158
634811 457
19374 445
986881 0
237005 624
391963 0
726947 880
773250 0
233562 0
960475 0
174919 150
962279 0
789966 276
833124 0
343490 0
429690 0
722353 169
297057 0
776345 0
712793 989
157441 178
622936 0
689623 0
651804 563
547209 484
356838 194
856846 0
462750 494
550884 744
493790 0
355490 0
975016 0
88946 225
518446 0
662717 0
874284 0
888008 0
183285 816
393841 50
428583 0
557077 0
405460 886
350312 0
732051 0
564851 0
825658 0
313472 0
363505 0
869759 0
916294 0
383930 366
382557 0
815111 0
844468 0
935943 0
799164 0
563459 0
535037 0
705965 0
223671 39
625907 207
729171 0
372639 0
390542 0
505814 491
9718 128
29774 115
42139 254
905737 0
876120 0
155461 891
456573 602
101810 537
552781 274
810105 0
985400 0
731468 0
59851 817
375504 0
733541 97
291539 969
547416 0
844587 0
347224 0
857838 0
687575 0
628870 0
848948 287
674445 0
13448 684
991828 0
832039 0
810495 720
770965 352
908650 0
368441 50
543606 931
948282 0
958787 0
143077 189
83925 774
406271 692
519379 0
66429 312
933948 0
829836 0
951783 0
164567 350
110960 211
509278 999
571612 0
507974 528
715532 75
463308 899
97851 0
297554 561
253379 29
517986 0
486322 167
49386 349
453494 0
617057 0
923755 0
878118 0
704527 0
829724 0
739460 0
297265 60
896709 0
129663 595
589954 0
482765 746
831971 0
991084 0
317090 0
524099 831
79050 859
401898 789
43787 24
92977 515
257418 647
825016 0
989329 0
129267 894
590009 0
756104 0
181393 263
986213 0
682007 0
256028 272
386294 0
791407 0
874103 0
548897 218
127142 340
252651 876
986823 0
424290 557
43050 841
768095 379
347614 718
993175 0
328256 155
278313 0
318366 0
659129 133
324438 189
402145 104
783140 0
79534 999
415103 0
674118 0
954870 0
692322 0
353749 0
59111 136
171384 476
502506 0
713084 793
218898 923
291104 0
161752 260
165270 77
747275 0
511396 0
885313 0
215611 0
271685 129
92970 55
869044 0
16917 122
681044 0
524630 67
393061 463
452588 0
248085 0
427445 0
135556 343
915585 0
98265 771
795958 0
638270 195
631482 0
741321 0
818131 0
761275 0
384892 0
40368 720
857847 0
567861 83
28257 107
949572 0
675321 927
837326 0
362467 0
998231 0
402294 686
270326 0
593121 0
441960 489
144912 716
657795 0
533940 868
135404 709
549102 0
820458 611
578979 0
51101 0
127274 198
645286 812
145302 0
113471 85
926145 0
957712 0
239321 0
88974 847
187751 434
374802 0
90173 661
536476 0
204046 0
343070 605
320955 0
811063 0
308691 306
948108 579
886166 0
882611 0
839737 0
347818 365
403001 769
785216 0
417487 921
226925 0
293277 994
149413 36
582180 0
261707 419
324160 775
868068 0
125143 877
564246 890
411390 418
941463 0
683764 0
678986 0
580791 241
333263 865
387728 449
947951 0
211938 0
569380 124
157345 53
556077 0
73436 23
479211 0
728455 0
197218 875
90033 498
233923 777
54141 309
597608 0
672587 783
74172 260
984810 0
490710 0
259887 964
949835 0
924004 0
798224 27
660433 0
863540 802
898655 0
354426 0
900053 0
783329 0
510901 939
285922 0
343302 0
552819 0
337315 804
932672 0
89938 644
122293 500
300290 0
636831 55
310061 0
323490 745
44760 642
552716 0
932326 0
755681 0
618401 0
869170 227
292730 714
973990 0
978340 0
165087 940
369863 0
847784 0
494845 117
533049 375
525126 291
790558 0
562528 0
13976 769
825702 0
634015 0
223722 871
86906 212
794724 201
317780 700
92612 451
574123 0
333368 364
192118 696
425959 16
366050 275
869419 0
336700 1
20269 3
207028 168
11537 940
545166 504
151107 0
935751 0
388243 0
514878 534
874776 0
772958 0
315758 521
972035 0
109414 497
576719 0
354664 0
743793 702
744254 0
630922 0
735313 0
946584 939
617183 0
37939 81
875177 0
433032 973
912965 0
494757 497
188587 66
514114 0
9768 153
585284 0
533753 0
189348 0
42243 0
913835 0
210428 722
498829 668
205732 547
449782 0
55870 173
155372 631
577054 0
316551 507
621594 0
968754 0
326241 0
124983 28
140477 870
523012 185
6397 329
345025 863
767998 73
697113 0
896706 0
920233 0
378478 0
469636 187
346823 0
131648 425
211169 341
594923 21
48758 119
271126 0
494734 0
296279 985
775528 0
560360 0
56324 514
392636 568
342552 0
418656 0
304278 528
109679 156
968195 0
617573 560
734142 0
4005 587
983118 0
701821 30
554990 829
360089 360
620668 622
522051 639
851943 504
68065 325
906340 496
634345 849
673509 0
254448 493
871820 0
180326 0
490763 542
576294 908
839045 927
542526 97
537286 139
472894 0
771037 0
129677 290
394647 0
203791 79
409376 96
20016 508
900767 970
319643 0
466879 202
467751 0
755363 0
341136 725
812906 0
590340 0
582045 502
848472 0
491182 0
500108 0
805932 0
469458 922
969291 0
808525 0
340940 353
389717 2
315631 0
262783 0
197843 368
419 13
817111 0
227644 949
146796 345
187199 791
800645 0
935886 0
384800 917
680305 0
939305 0
105092 767
610097 0
354224 0
87402 968
929652 0
171333 0
450933 198
459816 797
545063 0
84688 28
898262 0
110556 575
416730 725
249552 423
58264 11
999942 0
766961 0
458558 570
310060 338
300521 0
311564 407
290779 0
6386 402
157578 203
58749 9
855945 0
509940 0
258238 606
606958 878
769629 0
224852 540
271713 193
563691 982
941321 0
264330 207
548955 0
182860 833
46838 392
89286 997
483570 558
768392 0
572907 252
5847 733
52859 678
846732 0
433425 0
843550 0
733040 0
202697 0
544636 567
499939 751
839834 0
515094 929
82433 711
729927 0
722486 0
768100 0
592541 0
140082 495
11987 665
205746 648
827686 0
56515 0
300179 671
944955 0
490611 743
260163 0
81988 875
4836 269
598088 279
278794 265
35252 211
959251 468
601654 0
470949 281
428709 642
985429 0
166630 625
450418 0
429866 916
937231 0
391717 131
86489 278
632406 56
469389 0
918866 0
230313 29
40264 611
938145 879
29941 138
285764 298
728207 0
130815 831
33784 977
17826 952
890480 800
93667 10
484987 667
199619 873
834279 0
608931 755
266714 517
446961 0
60330 44
765784 0
511724 0
694824 0
539137 7
55072 34
284177 994
204116 290
112288 132
713907 0
415146 458
62810 621
587940 0
703466 544
356162 741
784561 0
202155 0
918269 0
902729 0
766527 0
673915 0
873701 0
859223 0
609483 60
478540 86
819122 0
578173 0
383772 199
352153 986
38045 808
175377 864
759174 0
432431 0
431166 728
275383 25
42278 191
365906 233
898555 0
801044 460
612078 0
659831 0
968519 0
832222 0
582162 0
335150 0
77640 464
920218 0
46236 821
91107 936
436016 706
431299 0
61656 86
351447 0
782214 0
960324 0
579118 0
692682 0
438414 0
708403 0
920224 0
579574 0
236671 422
154502 286
719566 0
757756 903
366603 0
987179 0
930019 0
440491 575
220120 109
825820 0
720079 0
805993 0
540647 0
976986 0
212394 70
140845 321
861042 0
981455 0
602064 0
968026 0
433336 0
669361 0
486773 604
675959 0
688397 0
926453 0
176364 0
784492 0
685531 320
84318 549
760362 0
311697 438
529293 558
