3000 1756
8173 0
2945 0
9717 0
7509 0
195 0
9114 0
1060 0
9245 0
5385 0
7376 0
2104 0
1784 0
4289 0
192 0
3426 0
8588 1625
8676 2538
4184 0
9405 2210
1643 0
8772 0
6007 0
1828 1748
8293 0
1791 0
5834 0
4661 0
3765 0
733 0
6222 0
3007 0
4597 0
389 0
1935 0
4840 2423
7689 0
6782 0
7542 0
132 0
9235 0
4880 0
3751 0
5745 0
2600 0
3438 1386
3114 0
9269 0
6519 1998
1511 0
7041 0
1967 0
6862 0
4289 0
7642 0
2126 0
235 609
1704 0
9139 1357
7576 0
6870 0
7240 0
9145 1113
2330 981
4962 0
1270 0
8000 0
8915 0
1991 0
8343 0
880 0
9603 0
8445 1696
895 0
2384 0
1552 0
1523 0
8294 0
3503 0
5754 0
3600 0
8972 0
1389 0
8421 0
3848 0
5419 0
1471 0
6931 0
6272 0
4543 2607
2723 0
4962 0
9867 0
3144 0
249 0
7556 0
7140 0
4665 0
8976 0
7220 0
400 0
7676 0
9554 0
4716 0
8313 850
9492 0
5633 0
6165 0
3834 2211
3533 0
7894 0
7976 0
1176 0
4333 0
996 0
5952 0
2660 0
9209 0
6145 0
1746 0
287 0
7006 0
2486 0
2834 0
1790 0
282 0
3098 0
8362 0
4847 0
8942 0
3794 0
608 0
5373 0
6267 0
2176 0
6256 0
2064 0
8410 0
3851 0
398 0
7783 0
1102 0
1382 598
5192 0
3848 0
2296 0
7801 0
6680 0
3907 0
5010 0
9153 0
785 0
138 0
3217 0
4823 0
8979 0
602 0
1527 0
8580 0
8393 0
2833 0
9446 1025
3758 0
7736 0
4304 0
6127 0
2288 0
6255 0
1510 0
5610 0
3972 0
8992 0
2884 0
2653 0
9364 0
9498 0
6037 0
9350 0
4661 0
3558 0
5913 0
4344 0
4180 0
8930 0
6489 1628
4704 61
2167 0
4901 0
6474 0
7308 0
4286 0
4813 0
2951 0
1424 0
7638 0
4397 0
5213 0
630 0
8523 0
2114 0
4614 0
7582 0
2406 0
8683 0
5856 0
6544 0
8041 0
6122 0
6795 0
1347 0
994 0
362 0
1410 0
6101 0
9438 0
3297 0
8554 0
9784 0
3671 0
2897 0
4534 1435
1581 0
8597 0
5768 1291
8501 0
5307 827
466 0
8637 0
5418 0
8462 0
142 0
5947 0
6097 0
8303 0
767 0
2780 0
3550 0
357 0
7801 0
4570 0
4053 0
8620 0
5489 0
865 0
4519 0
3737 2199
6986 0
5026 0
7205 0
5717 2819
9533 0
220 0
4311 0
311 0
3 0
2442 0
9527 0
5691 0
4434 0
8803 0
9054 0
3561 0
9108 0
7126 0
4200 0
6857 0
8586 1520
8212 0
1563 746
70 2179
8522 0
2443 0
9288 0
459 0
1788 0
3394 0
6205 0
2113 0
7046 0
1383 2138
9614 0
8216 0
174 0
2130 0
8810 0
8704 0
585 0
1520 0
8439 0
5975 0
1205 0
6856 0
9891 0
4834 1100
3578 0
6067 2934
7321 0
4485 0
6805 0
3449 0
6280 0
844 0
2481 0
6819 0
2280 0
460 0
4565 0
6749 0
7656 0
1700 0
3468 0
1956 0
8094 0
8948 0
8484 0
62 482
4871 0
539 0
8738 0
1531 0
3468 0
5116 0
3743 0
6139 0
1577 0
1888 0
6431 2098
3840 0
7238 0
3103 0
6343 0
3085 0
1697 0
8267 0
4232 0
1865 0
6197 0
2946 0
9228 0
7215 0
3145 0
3535 982
6432 0
2903 0
9312 0
4674 0
9097 0
6659 0
7455 0
2229 0
4022 0
7941 0
8031 0
3490 0
5980 0
839 0
3486 0
2092 0
4114 0
3483 0
4419 0
7389 0
2630 0
1857 0
8848 0
2600 0
3018 0
7044 0
5812 0
3531 0
9015 0
2279 0
9836 0
4809 0
1012 0
7490 0
6285 0
2815 0
2687 0
9412 0
775 0
3294 0
4581 0
793 0
1730 2094
8501 0
8055 0
4180 0
2547 0
3410 2607
3835 0
2369 0
9939 0
8826 0
9599 0
8998 0
8049 0
904 0
2571 0
6362 0
4967 0
6188 0
393 835
5017 0
1234 0
5883 0
4303 0
3834 0
6924 0
1791 0
9095 0
9242 2446
9321 0
5527 0
4358 0
2299 2067
5123 462
989 0
2593 0
6799 0
9982 0
2180 0
3089 0
5968 0
7952 0
2657 0
3974 0
1782 0
8604 0
8951 0
2098 887
2561 0
1081 0
1350 0
5728 0
8814 0
4932 0
5421 0
3549 0
8156 0
1335 0
3762 0
1559 0
1823 0
1225 0
8363 0
1825 0
7763 0
9735 0
268 0
8511 0
9717 0
7337 0
5371 0
4923 0
3727 0
1315 0
1809 84
4026 0
3722 0
6369 0
897 0
9161 0
6163 0
8452 0
9674 0
3039 0
9236 0
4949 0
4093 0
6259 0
5114 0
9966 0
9508 0
1439 0
3529 0
6187 0
8107 0
4590 0
4603 0
7086 0
7310 0
7529 0
3534 0
449 0
1994 1181
3895 0
651 0
8423 1292
7273 0
6366 0
178 0
8045 0
2051 0
423 1449
8820 393
7277 0
4489 0
5503 0
5379 0
1102 0
6252 0
5126 0
4017 0
403 0
9360 2166
5649 0
673 0
2685 0
8691 0
4491 2468
5011 872
743 0
3112 0
774 0
4051 0
8877 0
8184 0
4833 0
4520 0
1807 0
2939 0
7782 0
5321 0
6556 0
4633 0
4113 0
4392 0
5188 0
7072 2963
2789 0
7183 0
492 0
235 0
9480 0
9337 34
7843 0
290 1055
5111 0
8926 0
1732 0
3861 0
4018 0
154 0
1100 0
8487 0
7991 2519
4008 0
2426 0
3336 0
816 0
3778 0
1024 821
1459 0
2308 0
7102 0
2143 0
765 0
1279 0
6818 0
4184 0
2306 0
6204 2800
1823 0
5189 0
8832 0
6910 0
4298 0
2878 0
2128 0
7332 0
9977 0
3071 0
5756 0
9670 0
2334 0
1588 0
9466 0
2279 0
5075 0
999 0
7137 0
5069 0
6037 725
73 0
6939 0
2511 0
7143 0
756 1693
6547 0
3368 0
9300 0
6910 0
613 0
3192 0
5075 0
6922 1464
9394 0
1811 0
2726 0
9541 0
588 0
9144 0
4629 0
8686 0
5354 0
9750 0
4966 0
4569 0
3356 0
8764 0
3954 0
772 0
3163 0
6394 0
6336 0
375 0
1333 0
2407 0
1397 0
7286 0
9726 0
7247 0
1109 0
3366 0
3853 0
3231 0
5921 0
1463 0
8092 0
5476 0
3747 0
7672 0
2844 0
7731 0
9684 0
5293 0
5647 0
2595 0
1163 0
6262 0
3974 0
8336 0
8411 0
5313 552
997 0
2230 0
9530 0
9545 0
9573 0
6251 0
6158 0
6022 0
8559 0
9625 0
5754 935
2444 0
402 0
2833 0
4116 0
2380 0
7951 0
923 0
3791 0
2284 0
9192 0
411 0
8438 0
1719 0
1334 1583
9366 0
9269 2547
1233 0
2525 0
617 2092
6638 0
2945 0
7422 0
3336 0
7026 2512
9977 0
2107 0
6431 0
8424 0
4426 0
3694 0
9831 0
7925 0
192 717
7095 0
5714 0
7436 0
4578 0
264 0
5726 0
933 0
9650 1861
5441 0
5669 0
261 0
2918 1124
5075 0
443 0
4799 0
9179 0
4569 0
7880 0
1106 0
4969 0
5986 0
856 1002
8749 0
6083 0
9484 0
484 0
8337 0
1085 0
4541 330
411 751
9368 0
6423 0
4386 0
2914 2256
6193 0
797 0
1414 2882
9349 0
3867 0
5126 0
5202 0
1127 0
802 0
8940 0
6911 0
8358 301
2221 0
5312 0
6330 2424
1026 0
2383 0
4174 0
643 0
7714 0
3458 0
3798 0
7407 2229
9943 0
6990 0
8105 0
3616 0
1725 0
5026 0
2118 0
9877 0
5805 0
8103 0
7496 0
4315 0
5679 0
2573 0
4276 0
3177 0
3645 698
9858 0
8027 0
3817 0
6246 0
6242 0
9682 0
6251 0
7031 81
1927 0
7089 0
2134 0
9286 0
6941 0
2008 1863
3646 0
4782 0
5715 0
5887 0
5142 0
710 0
7970 0
7194 0
4067 0
5267 0
5132 0
9219 1828
4775 0
8006 2046
6690 0
3907 0
2934 0
8201 0
9099 0
9870 0
606 0
2555 0
1467 189
2033 0
8875 0
1137 0
9639 0
9281 0
9450 0
9655 0
8144 0
2355 0
9776 0
8767 741
5502 0
4557 0
4981 0
8369 0
7741 0
236 0
9847 0
1062 0
1143 0
4096 0
9062 0
8832 0
6948 0
3176 0
6746 0
9618 2139
7476 0
8044 0
877 0
1664 0
8951 0
2767 0
8750 0
2001 0
9553 1781
7762 2584
4049 0
6179 0
1053 0
9505 895
2164 0
4080 0
945 0
99 0
1601 0
6968 1286
9474 0
4501 0
4179 2341
7152 0
9110 0
9298 0
9932 1477
9891 0
266 0
403 0
2598 0
3413 0
6023 0
5332 0
3212 0
1197 0
5797 0
1019 0
77 0
2867 0
3273 0
6562 0
3259 0
8959 0
2580 0
1379 0
4727 0
4678 0
6577 0
7407 0
9799 0
8187 0
6472 0
5116 0
6666 0
8470 0
7883 0
9390 0
3320 0
1926 0
1599 0
5873 0
297 0
9607 0
7238 0
8187 0
5714 0
1661 0
4448 0
1416 0
3369 0
5746 1198
7321 0
3075 0
9742 0
396 0
2606 0
5211 0
7331 0
5496 0
4176 0
6966 0
9982 0
4778 0
6291 0
8259 0
2185 0
6396 0
6119 0
9823 0
624 0
5264 1665
8194 632
5778 0
9616 0
7144 0
4178 0
7287 0
3127 0
3081 0
6833 0
4993 0
3600 0
7171 0
700 0
3401 0
4297 0
4680 0
7544 0
8066 0
6424 0
8056 0
8509 0
8067 0
608 0
3084 0
9520 0
2303 0
9306 0
3875 0
5701 0
3612 0
2302 0
585 0
2158 0
518 0
9805 0
4871 337
2307 0
5060 0
5142 0
4855 0
2073 0
8181 0
3315 0
9465 0
8367 0
8314 0
5250 0
5010 0
8879 476
1357 0
7962 0
9156 0
2102 0
8183 0
1042 0
6919 0
77 0
2764 0
3800 0
6363 0
9297 0
6963 0
6673 1361
324 0
5507 0
2440 0
6910 0
9949 0
8914 0
7594 0
7000 0
9710 0
7334 1710
4083 0
5623 0
9857 0
7527 0
4986 0
6685 0
3587 0
9510 0
4569 0
6062 1122
2694 0
5970 0
5731 0
3672 0
1263 0
1597 0
3458 0
7903 0
9325 0
415 451
3445 0
4438 0
4891 886
2108 0
9854 0
6208 0
189 2613
8321 0
2672 0
6998 0
10 1506
2609 0
9648 0
1724 521
9818 0
9606 0
9358 1683
7236 0
5817 0
7801 0
6125 0
742 0
4882 0
6204 0
321 1724
1658 0
9017 0
8933 0
1769 0
4091 0
5332 2999
2905 0
5010 0
1669 0
5656 2775
6662 0
1839 0
9541 0
8487 0
233 0
2225 0
6114 0
8976 0
722 0
3802 0
6090 0
8515 0
8805 2696
3380 0
1734 0
536 0
6461 2496
9873 0
1749 0
5679 0
6918 0
7117 0
3767 0
8434 0
4555 2082
9802 699
7653 0
32 0
1605 0
8264 0
151 0
2401 0
1818 0
4413 0
3462 0
6989 0
8006 0
4220 0
5820 2632
1835 0
4110 0
89 0
4741 0
1515 0
5757 0
1282 0
7070 0
4888 0
3806 0
2298 0
8102 2329
7360 0
1123 0
458 0
8190 0
8486 0
1729 0
716 0
6641 0
2173 0
7056 0
1419 0
9153 0
3218 0
9875 0
8372 0
7453 0
8062 0
7816 2044
236 0
6232 0
8108 0
6314 0
4835 0
5330 0
3725 880
2402 0
5336 0
4344 0
871 0
3693 2972
4610 2343
1972 0
6957 0
3550 0
8784 0
6832 0
2932 0
7062 826
7747 0
5469 0
9434 0
5449 0
3981 0
1931 0
5816 0
5075 0
2643 0
9490 0
8470 0
5794 0
5702 0
2833 0
6113 0
9924 0
4840 0
6364 0
3467 0
7536 0
5679 2279
272 0
3357 0
4069 0
2957 0
3761 0
9974 621
5715 0
9834 0
5061 0
4677 0
7757 551
2648 0
9680 0
849 0
3670 0
2718 0
2471 0
8434 0
5264 0
3653 0
8581 0
3661 0
1528 0
8516 0
5222 0
6106 0
3914 0
4267 0
8224 0
2185 0
6670 0
8660 0
7625 0
2797 0
3931 0
2753 0
8498 0
7929 2434
7263 0
1696 0
4342 0
5270 0
8021 0
3906 0
4813 0
9579 0
7198 0
1935 0
5938 0
9506 0
5 0
2686 0
7420 0
842 0
1546 0
922 0
7192 0
5002 2525
9484 0
8910 0
6678 0
3884 0
415 0
8239 0
4418 559
2048 0
5689 0
8097 0
3133 0
3807 0
1269 0
2019 0
5770 0
3621 0
2252 0
5590 0
2149 653
9907 0
4673 0
3945 0
5271 1601
717 1320
480 0
3301 0
1261 0
6089 0
9100 0
6493 0
8187 0
2549 0
9035 0
5546 0
2538 0
4031 0
4280 0
236 0
3250 0
8343 0
7609 0
207 0
4126 0
4876 1689
6471 0
5296 0
9952 0
2021 0
119 0
2977 0
6959 0
6704 0
8968 0
8486 0
5536 0
1305 0
5639 831
6630 0
1278 0
2130 0
8194 2179
2156 0
9121 2625
890 0
4514 0
3064 0
439 0
4941 0
163 0
5416 0
7801 0
3412 0
7018 0
5067 0
9395 0
6742 0
160 0
1079 0
7311 0
4204 0
4892 0
6816 0
9052 0
3913 0
6536 0
1266 0
2707 0
3375 0
1053 0
1232 0
4489 0
2305 0
7719 0
3794 0
2886 0
8652 0
3918 0
353 0
7385 0
6347 0
6784 0
984 0
4109 0
1655 0
9861 2444
4348 0
9699 0
5804 0
890 0
1280 0
962 0
3079 0
2555 0
7365 0
3157 0
993 0
8052 0
7915 0
7508 0
2216 0
8554 0
1013 0
5246 0
7258 0
4963 0
1349 1245
5978 0
9952 0
9497 0
4008 0
5601 0
753 0
2528 2203
2933 0
4669 0
8567 0
7678 0
2118 0
4640 0
4995 1990
8427 0
1175 0
5005 0
8192 916
1367 0
1592 1119
9694 0
8585 0
3246 2173
2979 0
6379 0
8607 0
4074 0
4887 0
7515 15
6741 0
6719 0
3065 0
8205 0
3792 0
4174 157
5025 0
1992 491
9931 0
4789 0
4996 0
2290 0
5281 0
3306 0
9322 0
7829 0
4149 2005
3657 0
9935 0
5236 0
2518 2000
7776 0
5969 0
1201 0
406 0
3838 0
7051 0
1393 0
4842 0
9558 0
1482 0
6419 0
2773 0
8979 2909
8753 0
8149 0
9371 0
9814 0
5152 0
7246 0
6415 0
4621 0
2413 0
2523 0
5862 2711
8229 91
3316 0
555 0
2987 0
7884 0
5598 0
6337 0
3904 0
5502 0
960 0
9217 0
9970 0
9953 0
7057 0
4063 0
6343 0
1687 0
7952 0
5715 0
8612 0
6157 0
3435 0
3998 190
2706 0
5616 0
5301 0
3200 0
8917 0
5261 1455
1338 0
6210 0
892 0
5025 0
8600 0
2880 0
3264 0
2051 0
8569 0
3638 0
4444 0
1557 0
4600 0
5942 0
1498 0
5766 0
551 0
6290 0
1789 0
6618 0
3898 0
2334 0
5581 0
9759 0
5360 0
95 2018
5177 0
9 0
1572 0
7934 0
880 0
546 0
5250 0
8678 0
2738 0
3111 0
4174 0
4434 0
3908 0
6179 0
5574 0
4514 0
265 0
3084 0
4283 0
5941 0
2633 0
8285 0
4222 0
1553 0
1728 0
7832 0
9258 0
7056 0
390 0
4091 0
7499 2104
7119 0
1037 0
6367 0
4169 0
2213 0
5355 0
4917 0
3701 0
3862 0
4439 0
2903 0
8751 0
368 0
6799 718
344 0
6472 0
5044 0
8849 0
8154 0
7299 0
2478 446
1346 0
1041 0
1576 0
7493 0
700 0
3708 0
4474 0
7033 0
147 0
3785 0
8740 0
8197 0
3005 0
4086 0
4386 1384
6475 0
9084 0
6407 0
8576 0
7198 0
3002 0
4151 467
9797 0
5790 0
4547 0
8530 0
5380 0
1330 0
3295 0
3347 0
515 0
1214 0
7347 0
1604 0
6625 424
4851 0
591 0
7295 0
6817 0
8073 0
8296 0
497 0
7627 2922
3667 0
7552 0
5245 0
3604 0
7254 0
1139 0
8571 0
508 0
8177 0
8719 0
6426 0
1308 0
1018 0
6116 0
2836 0
3876 0
7913 0
947 0
1733 0
5604 1906
4642 0
9960 0
1555 0
511 0
7604 0
24 0
2733 0
5358 0
2530 0
5755 0
1661 1742
4569 0
9394 0
7962 0
3519 0
7993 0
6026 0
6022 0
4002 0
2575 0
6219 0
9405 0
6669 1877
5174 0
4787 0
8147 0
8257 0
1110 0
3101 0
3132 0
110 2954
957 0
3997 0
5460 0
6277 1948
7124 0
3543 0
8073 0
7786 0
9016 0
8994 0
3448 0
3446 0
2810 0
4419 0
7191 0
3215 0
8198 0
3319 0
9690 0
7815 0
8004 1133
970 0
9123 0
1648 0
4269 0
9395 709
8006 0
1684 0
7477 0
2793 0
7389 0
6233 0
6446 0
7496 0
6118 0
3045 0
2640 0
2510 0
6047 0
4671 0
8964 815
5980 0
9151 0
1727 0
763 0
5922 0
5343 0
7146 0
8336 0
6168 0
1365 0
1667 0
192 1251
2767 0
1074 0
1249 0
5176 0
4501 0
2351 0
1622 0
8351 0
9039 0
9262 2211
3723 0
8717 0
3429 0
2121 0
4335 0
3508 545
7155 0
6296 0
492 0
6348 0
1791 0
5773 0
3049 0
3602 0
5293 0
7425 0
4371 0
8578 0
8832 0
7555 0
2780 0
7622 0
896 0
5580 0
2293 0
5874 0
4242 0
2629 0
9555 0
5978 0
419 0
8820 0
6813 0
2291 0
530 0
9050 0
8319 0
6094 0
5864 0
2857 0
8198 2052
670 0
3472 0
3828 0
4928 0
8741 778
9498 0
7268 0
2825 0
3370 0
3559 0
2794 0
2909 0
3440 0
8854 0
2263 2951
7073 0
2045 0
6250 0
5215 0
4346 0
9156 0
4572 0
8427 0
252 0
219 0
2128 0
3701 0
867 0
2151 0
7046 0
174 0
2101 0
6439 180
4065 2768
3082 0
4028 0
4407 0
6954 0
2640 0
6652 0
6463 0
8706 0
4685 0
8948 0
5274 0
3725 0
3958 0
7035 0
6289 0
233 0
8133 0
7951 0
6602 0
8473 0
4648 0
5780 0
5989 0
8766 0
9058 0
6800 0
2508 0
4239 0
7735 0
3160 0
9687 0
4627 40
2418 0
1644 0
5833 0
7293 0
4849 0
9482 0
8799 0
4658 0
4900 0
696 1258
8031 0
9677 0
6356 0
6995 0
9592 0
7125 0
7567 0
8007 0
3972 0
5818 0
2229 1748
4869 0
8881 0
4941 0
5492 0
4605 2121
7642 0
5702 0
9459 0
1763 774
8406 0
959 0
6910 0
6184 0
7111 0
3633 0
9852 0
6175 0
4113 0
779 0
5025 0
513 0
5400 641
6019 0
302 0
8721 0
7549 0
1577 1267
5138 0
468 0
4039 0
2709 0
1569 0
1144 0
481 0
8868 0
2427 0
3116 0
9438 0
6567 0
6281 0
952 0
5116 0
6485 0
5475 0
2894 0
4918 0
7021 0
3862 1228
8016 724
5026 0
1403 0
2221 0
8612 0
9385 0
7382 0
6066 0
3158 0
5196 0
8906 0
4255 0
671 0
7195 0
7728 0
8710 0
9310 0
4321 0
8436 0
553 0
9685 0
75 0
508 0
3094 0
2087 0
8850 0
809 0
544 0
9862 2198
7029 0
829 0
2995 0
755 0
299 0
944 0
9105 930
7815 0
9280 0
3479 0
5996 0
7365 0
9526 0
2622 0
4151 0
3470 0
2868 0
8108 1712
8131 0
4874 0
6788 0
1993 0
519 0
706 0
2968 0
3853 0
2255 0
6032 0
219 0
3447 0
131 0
6473 0
8989 0
8714 0
9369 1289
9947 0
7325 0
1420 0
9713 0
5262 0
1422 0
3848 0
9292 0
3486 0
6737 0
6044 0
5787 0
5354 0
543 0
9767 0
2792 0
6944 0
5034 0
7698 0
6733 1512
6758 0
4142 0
1870 0
6381 1388
6099 0
1817 0
9947 0
3526 0
7467 0
1383 0
5792 1759
5188 0
9778 0
5171 0
503 0
8915 0
4392 0
6046 1550
6008 0
827 0
6120 0
1490 0
7620 0
875 0
1917 2206
3326 0
5893 0
97 0
3727 0
2099 328
1613 0
8010 0
4724 0
1494 0
2764 2961
1280 0
2880 0
4010 0
4433 0
1878 0
8608 0
1176 0
2754 0
3114 0
8004 0
6576 0
1010 0
7406 0
8385 0
373 0
8773 368
1336 0
2880 0
4837 0
2177 0
9260 0
4904 0
5422 0
6174 0
2818 0
9179 0
5384 0
6744 0
8120 0
8301 0
825 0
8028 0
9313 0
8521 0
2596 0
595 0
5625 0
2010 0
5670 0
1979 0
5001 0
8125 0
3958 0
5377 0
8357 0
2189 0
6107 0
9437 1369
7951 0
380 0
7289 0
467 0
536 0
8677 0
4907 0
6991 0
3577 0
3289 0
26 0
5461 0
160 0
210 0
4438 0
5020 0
2195 0
8798 0
8767 0
9868 0
9991 0
5453 0
5083 0
6273 0
5113 0
4182 0
9113 0
1995 0
6003 0
4094 0
4277 0
9997 0
9402 0
836 0
5082 0
5650 0
6912 1463
9172 0
155 0
8487 0
5359 0
5743 0
5592 0
4048 2523
6903 0
4619 0
9091 0
8708 0
7980 380
5385 0
6539 0
4228 0
6773 0
1164 0
4693 0
5319 1058
566 0
8704 0
9300 0
4617 0
5681 0
5297 0
6530 0
4534 0
3891 0
4180 0
3043 0
9770 0
9282 2374
2254 0
1834 0
5343 0
7976 0
4972 0
2841 0
1124 2384
2238 0
2883 0
2801 0
8397 0
5122 0
5367 0
9173 0
1746 0
56 0
6440 0
1306 0
4078 0
7054 0
9244 0
5177 0
9259 0
5019 0
6968 0
8256 0
8118 0
9505 0
7237 0
4981 0
3978 0
2137 0
3460 0
8381 0
8998 0
2608 0
1360 0
5510 0
1369 0
1830 0
5113 0
2056 1417
5902 0
7575 0
1228 0
7609 0
1998 0
7362 0
9242 0
1892 0
5272 0
5783 0
4478 0
2206 2848
6359 0
2806 0
56 0
3315 0
1167 0
2157 0
1790 0
3267 0
8463 0
899 0
6988 0
9970 0
1434 0
3150 0
1994 1913
9785 0
4726 0
70 0
8188 0
9346 0
2680 0
5358 0
120 0
5708 0
4741 0
674 0
1881 0
8100 0
9955 0
7617 0
2918 0
1628 322
6082 2269
8027 0
76 0
6709 0
1697 0
9443 0
7295 0
9398 0
1841 0
7434 0
3505 0
8779 0
3667 0
8387 0
6354 0
4246 0
5736 0
9463 0
4507 0
700 0
8527 0
5838 0
3270 0
5504 0
5727 0
4664 297
1968 102
8237 0
1501 0
6703 0
9549 0
6640 0
6602 0
1749 0
1179 0
8996 0
4995 0
5860 0
812 0
2665 0
2803 0
1045 0
7908 0
6175 0
6503 0
7480 0
1636 0
5671 0
2447 0
9613 0
5056 0
8042 295
2204 0
671 0
3089 0
761 0
8243 0
1684 0
8706 0
8767 0
997 0
9390 0
8944 0
6407 201
748 0
211 0
6594 0
8467 0
8433 0
3477 0
5626 0
2469 0
6518 0
3206 0
2849 0
8919 0
9943 0
7299 0
5417 0
7279 0
8054 0
440 0
4868 0
2884 0
7216 0
5727 0
1587 0
9808 0
6561 0
5096 0
7807 0
7755 0
6184 0
1115 0
796 0
1745 0
3738 0
8254 0
8452 0
5995 0
5233 0
9949 0
9029 0
8279 0
9373 0
375 0
2321 1301
6222 0
367 0
4746 0
3493 0
1760 0
8713 0
1658 0
1247 0
6992 0
7935 0
4303 0
8103 0
1245 0
1816 0
2617 0
2535 0
2987 0
8233 0
3508 0
7256 0
1001 0
7518 0
5847 0
552 0
2067 0
7132 0
9913 0
5950 1220
1914 0
6481 0
1113 425
4966 0
6011 0
3668 0
4558 0
2687 0
5260 0
4380 0
9998 0
6866 0
129 2486
8163 0
2834 120
2474 0
67 355
761 0
1199 2394
2102 0
1937 0
5846 1547
879 2753
2059 1620
9168 0
4849 0
343 0
3454 0
8859 0
6339 0
4365 0
2693 0
8662 0
7496 1823
8251 0
6815 0
8845 0
9737 0
9162 0
1747 0
6514 0
3340 0
774 0
3185 0
3398 0
5158 67
1065 0
7136 1741
166 1365
7990 0
795 0
5536 1854
1133 2007
4955 0
5842 0
500 0
4892 0
6928 0
2364 0
1832 0
1969 0
2361 2077
838 0
7986 0
8907 0
1668 0
5639 0
618 0
3472 0
9603 0
1043 0
4353 0
4381 0
4604 0
6534 2107
6664 0
9684 0
6593 0
9509 0
2345 2648
2607 0
6592 0
6749 0
9555 0
9444 463
8199 0
8916 0
9990 0
7707 0
2429 0
7779 0
3 0
22 0
5203 0
5935 0
2446 0
4685 0
5101 0
7937 705
4307 0
1028 0
451 0
8612 0
6046 0
3981 960
8195 824
2028 0
9722 0
2750 0
9104 0
9488 0
4697 0
5599 0
6138 1229
4647 0
190 0
5643 0
2402 0
3504 946
7907 0
4802 0
4520 0
2101 0
9218 0
4759 0
1109 0
8868 0
9277 0
9134 0
9514 0
680 0
2981 0
4027 0
4882 0
9442 0
9307 0
7945 0
799 0
4971 0
7534 0
2785 0
6303 0
9822 0
9634 0
1289 0
3947 0
8555 0
4717 0
7355 0
2570 0
1362 0
5661 0
2531 0
1946 0
398 0
1989 0
8385 69
5123 0
4505 0
1514 0
7674 2745
9337 0
1999 0
7997 0
4933 0
5883 0
291 0
6230 0
7370 0
6518 0
647 0
9970 0
6658 0
6779 0
4572 0
8541 0
2065 0
8183 0
1421 0
8683 0
6014 0
6095 0
1527 0
3606 0
1157 0
375 0
9868 0
3734 0
1570 0
5340 0
449 0
440 0
561 0
8767 0
9736 0
5221 0
929 0
9397 0
1303 0
1777 0
5055 0
9046 0
554 0
9181 0
1142 0
6641 0
8954 0
1311 0
7413 0
5225 0
3496 0
7003 0
5289 0
2945 0
1015 0
417 0
5573 0
3749 0
9141 2487
266 0
955 0
7905 0
9044 0
44 0
6545 0
7694 0
5698 0
445 0
2181 0
9740 0
7907 0
8658 0
1758 0
371 0
8386 0
8133 0
1486 1279
3167 0
9067 0
6321 0
5077 0
1321 0
4197 0
7634 0
1418 0
5566 0
2544 0
7712 0
1090 0
749 0
7313 0
2945 0
7366 0
8351 0
2561 0
8580 0
5071 0
4244 0
9760 0
102 1914
3872 0
7427 0
3122 0
5369 0
6309 0
784 0
7857 0
3333 0
7740 0
9861 0
5106 0
6131 0
7344 0
9832 0
2730 0
9091 0
4396 0
2853 0
4560 0
644 1744
5036 0
1372 0
9111 2003
4449 2818
8640 0
5638 0
457 0
6984 0
2374 2930
2160 0
1136 0
8043 0
877 0
9518 0
3513 0
3598 0
4702 0
2718 0
4629 0
3328 0
1882 0
7157 0
3308 0
1757 0
5156 0
3777 922
5135 0
9182 0
8601 2419
1329 0
6934 2649
1133 0
8608 0
2482 0
8589 0
7580 0
7622 0
293 0
5494 0
6989 0
7993 0
1282 0
6557 0
5448 0
6245 352
4301 0
4567 0
2134 0
3532 0
9472 0
5814 564
8875 0
1492 0
7373 2129
4970 0
5038 0
2861 0
281 0
6969 0
3678 0
1107 0
3183 0
3017 0
9992 0
616 0
6156 0
4791 0
9930 0
4693 0
7139 0
4483 0
6550 0
9548 0
5337 0
8277 0
7125 0
3195 0
7985 809
6201 0
7782 0
1962 0
5620 0
9027 0
6746 0
8687 0
9985 0
4811 0
6915 0
2898 0
7807 0
6811 0
1498 0
1848 0
9143 0
3656 0
6201 0
3738 0
6667 2325
3436 0
36 0
6455 0
6134 0
5522 0
6347 1257
5243 0
3741 0
5325 0
3486 0
1893 0
2593 2905
7291 0
9402 0
4204 0
5452 0
6564 0
1016 0
1984 0
5658 0
423 0
6964 0
1537 0
7881 0
9629 0
2739 0
6300 0
5101 0
481 1339
4473 0
8052 0
5395 0
1119 0
1788 0
8912 0
4472 0
8844 0
4217 0
7893 0
1579 0
179 0
1924 0
7436 0
8565 0
6296 0
1507 2009
3788 619
9803 0
3895 0
3264 0
7627 0
4193 0
31 0
3214 0
4595 0
5961 0
9781 0
945 0
6301 0
2758 0
4577 0
8218 0
9147 0
6060 0
294 0
2730 0
7945 0
9918 0
1619 0
3500 0
7067 0
7620 0
4633 0
1004 0
6759 0
1449 0
3758 0
3723 0
5679 769
7517 0
9763 0
1092 0
9971 0
526 0
2753 0
1308 0
5371 0
7941 0
9086 0
3213 1566
1266 0
5393 0
9932 0
9215 0
2931 0
4495 0
2991 2676
2179 0
3300 0
5692 0
3958 0
6140 0
959 0
587 0
5392 0
426 0
3152 0
8861 0
4143 0
4022 1009
8323 0
1221 0
2548 0
81 0
2641 1430
7289 0
447 0
233 0
2869 0
4549 0
6661 0
4807 0
8045 0
1370 0
3614 0
5001 0
2533 0
7702 0
4918 0
2691 0
395 0
4510 0
4959 51
6371 955
6625 0
7430 0
9760 122
2479 0
6135 0
3126 0
2641 0
211 0
1660 0
8259 0
1289 0
8744 0
4288 0
1477 0
9942 1674
4142 922
1551 0
1187 0
1999 0
886 0
5934 0
2976 0
4820 0
36 0
2064 0
7328 0
796 0
6808 0
7055 0
396 0
4923 0
9971 0
7034 0
5680 0
37 0
5547 0
718 0
8918 0
4281 0
9972 1735
1411 0
7636 0
9254 0
1278 0
2535 0
5700 0
7901 0
4838 0
1850 0
5947 0
5458 0
3283 0
5161 0
7626 0
2577 0
9757 0
5526 0
3132 0
3214 0
5644 0
1864 0
7065 0
2015 0
1134 0
9035 0
9853 0
3169 1853
9991 1539
9932 0
471 1131
8581 0
8020 0
6881 0
6244 0
4031 0
2954 0
9499 0
2914 0
8586 1571
4024 0
8181 0
5869 1760
8346 0
7435 0
8643 0
84 0
5298 0
4735 0
6827 0
6963 0
8658 0
3709 0
1686 1973
1946 0
4807 0
6135 0
4767 0
8772 0
7649 0
7237 0
7819 0
4383 0
230 0
2409 0
2086 0
293 0
2109 0
1892 0
8468 2969
4388 0
4505 0
1056 0
2317 0
2871 0
1611 0
2725 0
9942 0
3908 0
7323 0
8014 0
5771 0
5113 0
2843 0
9806 0
125 0
9627 2631
4120 0
1342 0
7007 0
7521 0
6172 0
7674 0
3584 0
4425 0
4885 0
2119 0
9344 0
1176 0
7692 0
6468 0
7926 0
7581 0
9460 0
315 0
1706 0
6678 0
3500 0
8663 0
9707 0
3865 0
5903 2316
1199 0
3204 0
9967 0
5087 1735
5602 222
6628 0
1214 0
4449 1362
9901 0
4762 0
7582 0
509 0
1766 0
5706 0
1914 0
5829 0
3826 0
1066 0
872 0
909 0
3411 0
8420 637
4019 0
1964 0
5670 0
1416 0
5402 0
6460 0
3983 0
5497 0
5071 0
7262 0
4030 0
6604 2217
2532 473
1953 0
7057 0
9622 0
2289 0
7522 0
5303 0
9619 0
6498 0
6954 0
2372 0
177 633
9487 0
9214 0
6293 0
1600 1157
7833 0
1034 0
8569 0
6393 0
1763 0
9398 0
4708 0
9523 0
5382 0
3775 0
4089 0
423 0
6763 0
1335 0
2210 0
4767 1792
2104 0
6490 0
4738 0
4692 0
8840 0
985 0
7770 0
5151 0
6101 0
8513 0
3486 0
3614 0
3104 0
3306 0
6031 0
7254 0
7394 0
3028 0
8827 0
9507 0
2829 0
3571 0
1075 0
3746 0
8157 0
8639 0
1191 0
98 0
4962 2212
7172 0
6385 0
5550 0
3443 0
5052 370
7773 0
2903 0
7044 0
291 0
9130 0
2409 0
2150 0
6717 0
424 0
1291 0
6659 0
3168 0
2822 0
9117 0
5254 0
2710 2068
3175 0
2593 0
5724 0
541 688
5628 0
5016 0
73 0
1680 0
3284 744
1819 0
2415 0
5054 0
4268 0
9163 0
4067 0
1490 0
4905 0
4309 0
7058 0
1000 0
6530 937
8079 0
4838 2621
6569 0
1448 0
7013 0
7937 0
6806 0
5468 0
6584 0
3900 0
2038 0
1033 0
2165 0
2404 0
8901 0
9389 0
7571 0
6736 0
6441 0
7694 2801
5390 0
5784 0
1151 0
40 0
7140 0
8577 0
3249 0
3191 0
6131 0
3906 201
6663 0
8899 0
3141 0
8812 0
1051 0
769 0
2830 0
6745 0
7950 0
2946 0
3133 0
1676 0
4305 0
3075 0
4558 0
7354 514
2434 0
6247 0
1300 0
3394 0
2673 0
9810 0
1078 0
1617 489
4305 0
4740 0
7281 0
2527 0
1822 0
8299 0
2971 0
2486 0
2944 0
1506 0
1418 0
8745 0
9591 0
5591 1123
343 0
2966 0
378 0
8109 0
6806 0
389 0
8135 0
7229 0
8429 0
4496 0
845 0
6973 0
6405 2421
2175 0
7736 785
6309 0
165 0
3774 0
5227 0
4801 0
8737 0
9968 0
2020 0
1648 0
6075 0
6571 0
4298 0
6297 0
2404 0
9998 0
143 0
4447 0
8341 0
221 0
5556 0
5806 0
9277 1568
3818 0
1516 0
4488 0
229 0
11 0
3106 0
9722 0
8886 0
553 1955
4159 0
3150 0
7123 0
7916 0
2628 1223
7269 0
9251 0
8426 0
2090 609
5443 0
5497 0
122 0
2454 0
8644 2722
1339 0
9883 0
1519 0
8110 0
4331 0
8874 0
5310 0
5000 0
7051 0
6003 0
9513 1688
8316 0
5451 0
8911 2783
3780 0
3078 0
999 822
2322 0
6918 0
1276 536
5607 0
7557 0
1199 0
4050 0
2508 0
9658 0
4704 0
7646 0
8603 0
4643 0
9417 0
339 0
1654 2895
8622 0
5700 0
1169 0
215 0
4562 0
3579 0
2602 0
3716 0
9933 0
9611 0
1738 0
8560 0
182 0
921 0
4179 1423
72 1994
1769 0
6295 0
9164 0
1972 1935
9553 0
1504 0
6240 0
5952 0
9219 0
7808 0
1675 0
9231 0
3694 0
5012 0
1728 0
5520 0
4041 0
8194 0
1229 0
572 0
7206 0
9630 0
9561 1300
1674 0
3494 0
2069 0
7501 0
1154 0
6611 0
1504 0
8033 0
1960 0
6154 0
2467 0
8359 0
1779 0
8600 0
3102 0
3824 0
6501 0
1308 0
4749 0
1086 0
6236 0
970 0
3296 672
8798 0
1056 0
4217 0
9108 0
2653 0
6801 2623
587 0
1779 0
3642 0
3812 0
5840 0
7779 0
9154 0
3995 0
9489 0
2175 0
4166 0
1963 0
3166 0
9371 0
225 0
1580 0
6223 2767
5983 0
3948 0
2609 0
6491 0
7837 0
8125 0
6082 0
4618 0
8284 0
7275 0
8820 0
3181 0
2803 0
9132 0
3262 0
2454 0
6091 0
6412 0
2724 0
2144 0
7039 0
5745 0
5845 0
1888 0
3591 0
7220 0
9006 0
127 1669
8027 0
2328 0
6594 0
6459 0
4909 0
4285 0
8672 0
7168 0
1604 0
6356 0
2784 2693
1651 0
9157 0
296 0
6286 0
1285 0
4542 0
2537 0
2485 0
3601 0
9453 0
5220 0
6392 2729
388 0
158 0
6723 0
9427 860
7437 0
4620 0
6500 0
2517 0
4011 0
7001 931
2160 0
2060 0
6813 0
797 681
214 0
5936 0
2176 0
4909 2152
2123 0
9310 1981
5151 0
2723 0
1943 0
2309 0
1419 0
5074 0
6602 0
958 0
6576 0
355 0
3294 0
9936 0
5789 0
6887 0
4918 0
4150 0
136 0
6028 0
2087 0
3463 0
497 0
5955 0
5486 1008
9261 0
1754 0
6387 0
118 614
6479 0
1086 0
7738 1051
6068 0
5233 2533
3910 2914
6662 0
1388 0
2256 0
3136 0
8083 0
2002 0
4319 0
4554 0
8810 0
3987 0
3893 0
541 0
637 0
8970 0
5113 0
9959 0
3214 0
4636 0
2811 0
8798 0
2714 0
2656 2057
5907 0
9753 0
4587 0
7874 0
9663 0
3405 0
1118 0
8635 0
4133 0
1370 0
1361 0
982 0
162 0
6723 0
1208 0
9239 0
8221 0
100 0
5018 0
2140 0
8179 0
4868 0
1829 0
3349 0
5136 0
8495 0
8370 0
6072 0
9393 0
542 0
7303 0
6184 0
7163 0
1508 0
5822 0
5612 0
400 0
1891 0
8250 0
4284 0
863 0
1636 0
1653 0
6403 0
7115 0
8917 0
5245 0
8598 0
573 0
4142 0
6497 0
6339 0
42 0
1987 0
6289 0
290 0
8460 0
9185 0
2086 0
8504 0
8067 0
6424 0
8696 0
7044 0
2716 0
4309 0
9255 0
1233 0
2443 0
7876 0
3004 0
9572 0
4827 0
9168 0
6713 0
9936 0
6781 0
9206 929
9840 0
1852 0
2468 0
1420 0
1012 0
4226 0
2790 0
9164 101
3768 0
6876 2593
5786 0
8456 0
4107 685
9061 0
4899 0
9747 0
6002 2109
1879 0
4804 0
6404 0
3904 0
8063 0
5551 0
7352 0
3100 0
7434 0
6555 0
3229 0
194 0
7850 2902
2936 0
8292 0
2383 0
9341 0
964 0
5692 0
8391 0
5356 1404
418 0
7867 0
8071 0
2452 0
7617 0
3949 0
2010 0
7412 0
8897 0
3067 0
6255 0
9285 0
9860 0
5181 0
7965 0
2356 0
6190 0
6488 0
5978 0
332 2409
9938 0
2720 1540
1249 0
7009 0
1328 0
2294 0
7297 2481
1323 0
8195 0
1567 0
3564 0
3504 0
4729 0
2623 0
2849 0
7251 0
2514 0
9235 0
6081 0
8791 0
3851 2968
504 0
681 0
4278 0
7701 299
8350 0
1242 0
2894 0
2737 0
753 0
5552 0
9129 0
3359 0
6212 0
1491 0
1967 0
2002 0
9159 0
1948 2203
8504 0
5160 687
5672 0
5838 0
261 0
6581 0
6033 0
9365 0
9721 0
7117 0
3930 0
9606 0
9237 0
2665 0
3859 0
6702 0
8610 0
8744 0
4850 68
5652 0
9529 0
1069 0
1907 0
3576 0
2644 0
4034 0
1818 0
3419 0
73 0
2959 0
2211 0
1122 0
9150 0
1299 0
1133 0
5308 1140
9117 0
2296 0
3159 0
898 2302
8361 0
2744 0
8652 0
2414 0
390 0
2622 0
8733 0
9834 0
4835 0
2088 0
3641 0
450 0
4909 0
8528 0
8602 445
5734 0
2844 0
1873 0
3861 0
6704 0
7412 1072
7853 0
8394 0
9801 0
7533 0
3433 0
6638 0
4260 0
3228 0
6483 0
6020 0
7941 0
1621 1101
3142 0
5955 2732
3428 0
9821 0
655 0
5243 0
336 0
6418 0
2578 0
7281 0
5574 0
296 0
7901 0
59 0
8131 0
4012 0
5703 0
3175 0
445 866
7986 0
9443 0
5761 0
5966 277
5541 0
2954 0
1917 0
1229 0
4947 0
7146 0
4004 0
8378 923
9120 0
2006 0
114 1269
1686 0
9306 0
1290 0
2521 0
243 0
3939 0
1625 0
7519 0
9198 0
1938 0
1252 0
2207 0
6619 1711
8596 0
7109 0
1167 0
285 0
2091 0
6683 0
3905 1140
8385 0
5323 2042
4590 0
5702 0
2465 324
6839 0
4377 0
3853 1533
1882 0
4932 0
4400 0
9774 0
3459 0
9485 0
5886 0
7135 0
8216 0
8063 1321
4350 0
8951 0
506 0
5266 86
5286 0
940 0
9000 0
5282 0
8877 0
4798 0
3609 0
1803 0
3188 0
6591 0
5964 954
1581 0
8066 0
1929 0
7249 0
4332 2891
3854 0
9188 0
1387 0
7610 0
5825 0
4664 0
6025 0
4546 0
5734 0
9973 0
4006 0
1504 0
182 0
2213 0
1677 0
3119 0
4764 0
8887 0
3454 0
2780 0
5776 0
885 0
6471 0
3316 0
1321 0
4980 0
7396 0
5021 0
3480 0
1714 0
1392 0
948 0
4366 0
3878 1999
1122 0
6837 0
974 1756
4463 0
4868 0
7196 0
7864 0
1798 0
8651 0
8226 0
4461 1821
3682 0
5240 0
7928 0
3693 0
4109 0
5783 0
6443 1884
6548 0
3817 0
4065 0
1928 0
4562 0
2172 0
3181 0
404 0
9678 0
4283 0
6746 2457
4769 0
8254 0
9734 0
1957 0
4890 0
8502 517
9462 0
7012 0
188 0
2540 94
78 0
8810 0
1502 0
2036 0
1821 0
8187 725
9665 0
95 2409
1857 0
8054 0
6875 0
149 0
6768 0
5215 0
5823 0
3113 0
8276 0
6742 0
1211 0
2592 2467
542 0
9308 0
9191 0
7402 2262
6686 1670
3882 0
2034 0
7627 0
8110 0
5962 0
4808 0
6797 0
3408 0
3391 0
3692 0
6606 0
2576 0
3001 0
821 1232
2685 0
50 0
8752 0
4399 0
9765 0
9751 0
6598 0
4865 0
374 0
4793 0
1465 0
5434 0
2511 0
483 0
4231 0
4114 0
5728 0
3625 383
3146 0
6144 0
5861 229
8618 0
2735 0
3807 0
9140 0
6944 0
8959 0
3917 0
6337 0
7188 0
6353 0
4224 753
9489 0
9982 0
8656 0
6923 0
9266 0
9856 0
789 0
7571 0
7343 0
9294 0
2228 0
1017 0
4697 0
9191 0
2957 0
3766 0
3869 1703
2158 0
7856 0
9365 0
5609 0
6457 0
524 0
1039 1065
8790 0
2872 0
6352 0
4221 0
7836 0
274 0
8821 0
373 0
8455 0
4460 0
7131 0
8317 0
4988 0
9783 138
8155 0
2517 0
462 0
4288 0
1571 0
4638 0
8657 0
5343 0
4377 0
2857 0
2024 0
6516 0
6285 0
2261 0
272 0
2784 0
4904 0
2785 0
6947 0
1590 241
8511 0
8323 0
9516 0
4500 0
6714 0
6543 0
8502 0
7663 0
168 0
8420 0
9433 0
2647 1
5427 0
4190 0
9975 0
1218 0
942 0
516 0
7946 0
7012 0
6971 0
337 0
5019 0
9047 0
783 0
944 0
675 0
8618 0
524 0
5564 0
7354 0
6226 0
389 0
2316 0
6629 0
635 0
1906 0
8773 0
5878 0
1899 0
7195 2737
5121 0
2217 2605
2426 0
8259 0
4522 0
7091 0
8049 0
8408 0
2448 0
3536 0
1458 0
8919 0
9642 0
3071 0
1786 2678
5110 0
8673 0
2302 0
3708 0
5914 0
3584 0
8405 0
2212 0
7518 0
4141 0
7643 0
4129 0
4028 0
8874 0
7444 0
3079 0
8414 0
7320 0
3590 0
5929 1219
7981 0
763 0
3225 0
7722 0
5300 0
2900 0
1954 0
5602 0
8059 0
304 0
2528 0
3990 0
8669 0
2834 0
606 0
2370 0
2367 0
5293 0
5603 0
1860 0
5690 0
6626 0
7197 0
8700 0
9125 0
4765 0
2309 0
6432 0
5779 0
5689 0
1134 0
6810 0
9870 0
8126 0
3206 0
7108 0
301 0
8692 0
7350 0
5204 0
6198 0
4273 0
1712 0
3509 0
6614 0
9050 0
9291 0
9186 0
4312 0
8251 0
1380 0
629 0
6377 0
7447 0
1300 0
5335 0
8946 0
9034 0
6052 0
3427 0
8064 0
4557 885
3121 2088
2241 0
2621 0
6009 0
8297 0
5875 0
3330 0
7875 2673
2305 2652
9110 0
8262 0
7494 0
1879 0
9978 0
7459 0
8414 0
9375 0
9287 0
4811 0
7154 0
890 0
9825 0
5808 0
6699 2851
8159 642
6704 1929
4610 0
8096 0
8160 0
4377 0
4533 0
8258 1821
3619 0
207 0
2957 0
4867 0
8469 1016
2871 0
2909 0
3506 0
469 0
1111 0
1623 0
4407 0
2570 0
2648 723
4548 0
4628 0
6869 0
6365 0
7496 816
3697 0
9800 0
6122 0
867 0
9861 0
8856 174
910 0
9020 1445
8324 0
6178 0
9189 0
800 905
4238 0
584 0
8922 0
1694 0
5649 0
8141 0
5414 728
1595 0
193 0
5503 0
3189 0
8239 0
4254 0
1706 0
6927 0
6470 0
9183 0
9808 0
2826 550
2216 0
3853 0
3321 0
779 0
8994 173
7773 474
8976 2112
4272 0
475 2547
9317 0
6585 0
5331 0
585 0
1837 0
6163 0
7744 0
5540 0
6405 0
2528 0
2477 0
3819 0
6898 0
6957 0
4985 0
978 0
6699 0
7797 0
6378 0
829 0
9919 0
4650 0
6781 0
7514 0
6320 0
1590 0
7821 0
6191 0
6811 0
5361 1011
6486 0
2233 0
4985 0
6200 0
7185 0
5011 0
5820 0
1146 0
7761 0
6867 0
6803 0
3344 0
8554 2399
8936 0
3461 0
4959 0
7891 2422
5969 0
8447 0
5381 0
7877 0
8816 0
3975 0
2166 0
1934 0
9474 0
5335 2647
9298 0
4402 0
9933 0
6251 0
9669 0
8900 0
8049 0
137 0
9971 0
3427 0
5218 0
2284 0
9250 0
1006 0
9574 0
4729 0
9003 0
3462 0
2196 0
275 0
7381 0
4493 0
7387 0
365 0
8098 0
9258 0
340 0
8548 0
3184 0
2897 0
4605 0
4031 2818
809 0
2419 0
6758 0
327 0
2488 0
8061 0
7008 0
2874 0
7074 0
1960 0
9142 0
5785 0
997 2762
1486 0
2992 0
1918 229
1341 0
7474 916
9365 0
3083 0
5207 0
9206 0
5623 0
7608 0
9699 0
1015 0
4177 0
2696 2666
1012 0
1730 0
298 0
5310 2612
7726 0
71 0
9248 0
5307 0
5388 0
8905 0
7870 0
3497 0
7662 0
8275 2749
3142 0
4465 0
1535 0
312 0
5301 0
429 2196
5739 0
1458 0
4992 0
7257 0
958 0
3343 0
3334 0
8163 0
9477 0
7143 0
8047 0
6452 0
642 0
5382 0
6068 0
607 0
1377 0
5747 0
9885 0
104 0
965 0
3058 0
7984 0
8890 0
8105 0
8791 0
8424 0
8544 2166
9151 0
1244 536
9086 0
1599 2110
5305 351
2359 0
8572 0
9465 0
759 0
7278 0
4025 0
1102 0
9770 0
2128 0
6654 0
9446 0
7318 0
7749 0
7368 0
9075 2158
5768 0
2936 0
1209 0
1904 0
6167 0
3166 0
8430 0
1004 0
5185 2836
2028 0
7415 0
1776 0
9416 0
2700 0
3016 0
3302 0
702 0
6010 0
8087 0
1280 0
5965 0
2853 0
1188 0
559 0
8406 0
122 0
6636 0
9619 0
1507 0
8389 146
5848 2256
1849 0
9681 1621
1743 0
8886 0
3978 0
1040 0
2075 0
4511 0
1291 0
3410 1669
714 0
9971 0
5976 0
3717 0
8817 0
5798 0
7795 0
9078 0
6063 0
180 1468
9409 0
401 0
3285 0
8995 1251
8237 0
5495 0
6743 0
4846 0
4957 0
2183 0
3577 0
596 0
2672 0
456 0
5971 0
3396 0
6023 0
7978 0
9557 0
6996 0
1370 0
4190 0
8309 0
2118 1710
6535 0
3182 0
6277 0
7589 864
2860 0
7550 0
1846 2698
5182 0
5905 0
9128 0
5441 0
8710 0
2590 0
9352 0
6852 0
3239 0
5138 0
8070 0
7751 0
5354 0
4595 0
9118 0
1525 0
6186 0
9181 0
4333 0
9720 0
701 0
3813 0
8403 1743
4391 0
3101 0
5221 0
6597 0
7833 0
6169 89
8597 253
7286 2408
245 0
5800 0
452 0
9662 0
3177 0
8168 0
9673 0
6382 0
201 0
8426 0
5093 2780
6556 0
3080 0
8251 0
6450 0
4792 0
4168 1756
4285 0
2412 0
1695 0
5029 0
3612 0
8634 0
1096 0
9528 0
6386 0
9315 0
1175 0
7302 0
5887 0
8344 0
8197 0
4103 0
8369 0
6684 0
6901 0
7806 0
5976 0
8772 0
7816 1695
7641 0
6742 0
1077 0
8746 0
4540 0
4227 0
4442 0
613 0
9746 0
1889 0
8766 364
8063 0
4119 0
874 0
8135 0
2905 0
949 1633
8961 0
3060 0
9084 0
5502 0
3434 0
6177 2842
575 0
4938 0
1933 0
5124 0
4597 0
5135 0
6679 1316
608 0
7718 0
29 0
4009 0
1169 0
3299 0
5818 0
2465 0
5867 0
6462 0
5166 0
661 2059
3124 0
1094 0
8408 0
272 0
8631 0
9970 0
7859 0
5171 0
6718 0
4060 0
1192 0
2219 0
8996 0
6131 0
8949 0
7222 2995
6941 0
1569 0
4989 0
7111 0
3498 0
383 0
9925 0
9235 0
2163 0
8419 0
3292 0
9876 0
9629 0
503 0
5607 0
7923 0
4511 0
7275 1987
1684 0
5106 0
6520 0
2939 0
5235 0
997 0
2050 0
1172 2145
6788 2991
7573 0
2857 0
2782 0
6933 0
183 0
1031 1939
4080 2035
5688 0
3697 0
7372 0
3225 0
8036 0
5145 0
981 0
9515 0
1229 0
5921 0
3593 0
1529 0
137 0
5910 0
1061 0
3184 0
7932 0
6912 0
7779 0
8242 0
2473 0
2116 0
3965 680
9701 0
5022 0
9221 0
2551 0
9752 0
2846 0
2555 0
8647 0
7856 0
5311 456
3841 0
2138 0
9005 0
465 0
1642 0
7672 0
2933 0
5569 0
1610 0
2719 0
2748 0
2528 0
8849 0
3642 0
3263 0
4611 0
1309 0
5565 0
8674 0
6365 0
8341 0
4985 0
2022 0
2952 0
5769 0
1899 0
2546 0
6946 0
1209 0
9212 2075
8272 0
7291 0
291 0
5720 0
6174 0
2621 0
8757 0
8516 0
2159 0
3731 0
7704 0
1924 0
2512 0
6872 0
9205 1688
9759 0
4481 0
4756 0
1706 0
1320 0
4938 0
5847 0
4725 0
9603 0
3629 0
7181 0
916 0
6546 0
3109 0
4306 0
4120 0
1293 0
3667 0
2970 0
4539 1957
2533 0
2178 0
7797 0
6997 0
8413 1430
69 0
645 0
6342 0
8322 0
4235 552
1900 0
9459 0
496 0
1769 2685
9797 0
2951 0
1770 0
2049 0
1200 0
2899 0
9047 0
8802 0
1870 1425
2304 0
7981 0
2499 0
2901 0
892 0
6758 0
8172 0
6759 0
7782 0
336 1870
2217 0
1395 0
6562 0
8884 1495
3205 0
3207 1083
6945 0
4489 0
5228 0
523 0
8186 1150
1961 1022
7444 0
7332 0
626 0
3139 0
3733 0
8694 0
3735 0
1924 0
2440 0
3947 0
6209 0
9461 0
338 0
8503 0
2717 0
2027 0
3158 0
3729 0
6828 326
8543 0
2364 0
8798 0
4735 0
3447 1788
3949 0
2477 0
9140 0
949 0
5173 0
2798 0
475 0
5396 0
5738 0
978 0
3145 0
7007 0
1797 0
9683 0
1733 2073
4547 0
107 0
9342 0
465 0
4438 0
367 0
7305 0
6104 0
6653 0
1659 0
7210 0
8111 0
5866 2654
3573 0
2697 0
6715 0
2774 0
5054 0
3051 0
1559 0
369 0
5859 0
6704 0
366 0
5354 0
5338 0
3653 0
7097 2491
767 0
5774 0
3370 0
516 0
9792 0
9834 0
5695 0
167 0
4357 0
7284 0
5996 0
9025 0
2279 0
8381 0
7624 0
7756 0
940 0
2326 0
3815 0
2287 730
3690 0
3424 0
5965 0
4349 0
436 0
4907 0
3152 0
3772 0
7023 0
7582 0
4231 0
4611 0
3169 0
4369 0
5990 0
3463 0
4449 0
6924 0
2693 0
6816 0
9980 0
7501 0
7707 0
5748 493
5913 0
8356 2785
2954 0
8942 0
3951 0
1725 99
5320 0
2599 0
5608 0
6231 0
2640 0
5234 0
6735 1813
7864 0
912 0
678 0
3902 0
2811 0
8054 0
9773 0
6273 0
3579 0
4927 0
6176 917
2340 0
9537 1151
220 0
9602 0
5176 0
9386 0
2759 0
521 0
3289 0
8043 2780
4305 0
3196 0
7998 0
1034 1859
7802 0
8283 1376
6896 0
359 0
7439 697
8221 0
2613 0
7768 0
6521 0
3256 0
9777 0
4604 0
4635 0
2323 0
6779 0
4748 0
4634 0
3824 1325
2182 0
1709 0
5373 1143
8504 0
8006 0
4461 0
7720 0
3671 0
2518 0
980 0
1503 0
4958 0
2027 0
7612 0
719 0
686 0
1622 0
4158 2967
4923 0
7216 0
8983 2618
1681 0
2539 0
8873 0
2365 0
252 0
1120 0
7064 0
178 0
8592 0
9641 0
2740 0
5961 1829
6362 290
1867 0
3131 0
7647 0
1136 0
2972 0
869 2278
1515 0
2400 0
9047 0
4379 0
6274 0
8413 0
5257 0
7093 2512
3617 0
2913 0
2680 0
3899 0
3003 0
1486 0
4658 0
2604 0
6255 0
7183 0
6624 0
9898 0
5355 0
3687 0
3619 0
948 0
3316 0
1371 0
7249 0
824 0
7470 0
1023 0
2656 0
2237 0
4227 0
4374 0
7408 0
2638 0
5944 2493
3418 781
1168 0
2394 0
4607 0
3192 0
1688 0
8355 0
6293 0
9899 0
6310 0
8328 0
7190 2222
8493 0
9512 0
2510 0
4772 2970
7713 0
3812 0
1179 0
8151 0
2645 0
3605 0
528 0
1160 0
3581 0
3206 0
9989 0
5776 0
2941 0
1229 0
6464 0
6188 2215
1626 0
6278 0
2845 0
7583 0
5847 2266
5696 0
3462 0
679 2205
9846 0
6278 0
9735 0
3687 0
5493 0
5850 0
4700 0
6393 0
1636 0
6784 0
1025 0
8188 0
3616 0
4800 0
9701 0
3907 0
1439 0
5387 0
7346 0
988 0
8209 0
5434 0
7912 0
4446 0
6104 0
6684 0
8192 0
4728 0
4889 0
9386 0
1515 1848
1157 0
6989 2105
810 0
4989 0
827 764
6396 0
9771 0
4075 0
5352 0
8429 0
1437 0
7565 0
9606 0
4241 0
7295 0
3999 0
7684 0
973 0
1704 0
95 0
2740 0
8279 0
7153 0
844 0
4418 0
1488 0
6857 0
7275 0
6632 0
2571 0
4204 0
6925 0
8790 0
5703 0
9204 2221
8337 0
7272 0
7119 2443
828 0
560 0
4916 0
5522 0
5634 1070
6324 0
2172 0
4814 0
4569 0
2146 0
5136 1382
9575 0
8021 0
2472 0
2680 0
3098 0
4639 0
1908 346
1152 0
9496 0
5567 0
599 0
7371 0
6647 0
9590 0
1451 2176
5899 1708
5985 0
4055 0
4037 0
6413 0
7283 0
6411 0
1247 0
9123 0
7582 0
722 0
1836 0
2073 0
5904 0
7289 0
7477 0
8692 0
3155 0
7444 0
1706 0
5628 0
1874 0
1362 0
8509 0
7763 0
243 0
9778 0
7635 0
2896 2313
3592 0
5183 0
6454 0
4723 0
8631 0
2185 2826
3221 0
6047 0
4985 0
7367 0
9435 0
6379 0
6831 0
7287 0
7794 0
1896 2702
1492 0
3648 0
4602 0
2339 0
8885 781
5683 181
8529 0
7671 0
5689 0
9865 0
513 0
2916 0
399 0
7316 0
2539 0
951 0
6610 0
7733 0
1415 821
7133 0
631 0
9210 0
7639 1651
2025 0
4728 0
1133 0
4493 0
8762 0
2253 0
5854 0
416 0
1497 0
1515 0
6075 0
4717 0
5716 0
864 0
602 0
5376 0
2908 0
7952 0
4463 0
638 0
1505 0
6414 0
9589 0
2629 0
8690 0
7476 651
7622 0
8679 0
5977 0
6552 0
6394 0
9198 0
4888 0
7175 0
9965 0
7731 0
1309 0
443 0
8209 0
3565 0
5344 0
9023 0
902 0
3180 0
7824 0
1851 0
7894 0
3670 0
2576 0
9997 0
797 2744
4311 0
4933 0
57 0
3194 803
3122 0
7771 0
4369 0
4234 0
7526 0
6638 0
2988 0
9152 0
3968 0
2551 0
0 2311
9520 0
4464 0
3286 0
7419 0
7420 0
5056 0
3303 431
6286 0
4163 0
1876 0
5482 0
9597 0
5982 0
950 0
4353 0
8684 0
1541 2051
5537 0
4223 0
428 0
6220 0
9251 0
5617 0
7302 0
486 0
1155 0
8761 0
935 0
5747 0
5236 451
9141 0
7601 0
37 0
353 0
6455 0
1433 0
1883 1570
3051 0
8680 0
1212 0
4901 0
7775 0
2761 0
6189 0
2749 0
8971 0
7323 0
1601 0
1393 1093
5008 0
3738 0
3331 2528
7066 0
4442 0
6956 0
4041 0
1652 0
7720 0
844 0
2543 0
8718 0
7181 0
1824 0
3067 0
7603 0
1844 0
864 0
2975 0
8944 0
2185 0
9076 0
9062 666
6850 2087
4631 0
112 0
2127 0
7162 0
6570 0
252 0
6415 0
4503 0
9297 0
4279 2086
1732 0
9178 0
902 0
6096 630
8332 2445
1278 0
1042 0
6471 0
6230 0
9037 0
2784 0
2020 0
1846 0
3953 0
6947 999
6933 0
5044 0
5834 935
7133 0
3092 0
5557 0
8506 0
2079 0
1642 0
9157 0
6095 0
1358 0
98 0
2245 0
6421 0
664 0
4409 0
3146 0
9912 0
2584 0
1968 0
8246 0
1536 233
2825 0
2315 0
630 0
6665 0
3045 0
11 987
8634 0
555 0
8406 0
2516 0
4858 0
6221 0
9870 0
8074 2517
5536 0
9804 0
8806 0
7734 0
8904 0
1035 0
6683 0
442 0
7158 0
5817 0
6936 0
2845 0
7130 0
2697 0
8108 0
7456 0
8246 0
3249 0
2480 0
9384 1250
509 0
1167 0
2547 0
8231 0
9158 0
3603 0
72 0
5141 1185
2725 0
1117 0
3694 0
534 0
4167 0
8833 0
4918 0
470 0
5920 0
3269 0
3162 0
5656 0
6676 0
4260 0
3392 0
1031 0
8034 0
2015 0
5333 0
9163 0
9616 0
8365 0
4621 0
4711 0
1979 0
6126 0
9631 0
3184 0
6445 0
7326 0
3702 2255
2223 0
9886 0
987 1926
7072 0
2353 0
932 0
6888 0
5697 1239
3488 0
8305 0
3586 0
681 0
8750 0
8843 0
6754 0
7544 0
3824 0
5606 0
986 0
818 0
5045 0
5983 0
1484 0
7747 0
6343 0
8975 0
6670 0
9850 0
843 469
4890 0
1466 0
6766 0
8292 0
7483 0
6431 0
3470 0
1417 0
4882 0
4267 0
2383 1622
2863 0
8406 0
7724 1029
5244 0
7808 0
5656 0
2707 0
7914 0
1633 0
1756 0
7848 0
5031 0
5278 0
7813 0
2305 1629
944 0
9126 1483
4624 0
9314 0
1715 0
649 696
7032 0
1796 0
1834 0
8629 1186
1855 0
8176 0
6490 0
3243 0
7932 0
7021 0
4428 0
8904 0
8536 0
9661 0
7774 0
4154 0
6816 0
8950 0
8583 0
3656 0
8438 534
156 0
9461 0
5291 0
7817 0
3032 0
2286 0
2535 0
4778 0
1989 0
6265 0
2258 0
1007 0
981 0
2122 0
6918 0
6706 0
6694 0
1291 0
948 0
5348 0
5900 0
9881 0
6970 0
3433 0
4719 0
1541 0
8520 0
2903 0
1719 0
6539 0
998 0
8048 0
3245 1911
7524 0
3124 0
3812 0
8370 169
1157 942
4121 0
5192 0
3306 0
7013 0
5783 0
6618 0
3570 0
95 0
9591 0
1449 0
5192 0
1330 0
9873 0
5411 0
2300 0
5800 0
8506 0
2917 0
9730 0
1955 0
3574 0
4849 1176
5659 0
6743 0
4178 0
936 0
7577 0
5321 0
5561 0
8613 0
191 0
5893 0
4702 0
2718 0
8909 0
1428 0
6127 0
2614 0
54 2592
4820 0
4494 0
249 0
8412 0
9222 0
3715 0
1411 0
5990 0
8112 0
9740 0
4466 0
1509 0
3678 0
8154 0
497 0
161 0
3742 2585
6432 0
8876 0
6011 0
1374 0
1007 0
3063 0
3438 0
7567 0
9868 0
9739 0
7099 0
5517 0
3257 0
8155 0
1725 0
5362 0
8076 0
7260 0
2179 0
1158 0
1475 0
4660 0
4732 0
5412 0
5636 0
259 0
1303 0
2276 2603
7712 0
8381 0
7574 0
7811 0
9981 0
2212 0
2550 0
7669 0
8939 461
7363 0
1919 0
8149 0
6271 0
5364 0
2660 0
4728 0
7571 899
6795 0
7472 0
6815 0
254 0
5749 0
8123 0
2886 0
3343 0
9523 0
9202 1556
4416 0
4188 0
3571 0
9262 0
2052 0
912 1832
2810 0
524 0
6308 0
9931 0
2548 0
8762 0
9101 0
7339 0
7928 2169
5091 0
8 0
7166 0
7278 0
4359 0
6203 0
3952 0
8081 0
2811 0
1346 0
5630 0
374 0
9525 0
6444 0
5618 0
4501 0
901 0
4795 0
105 0
7215 0
7799 0
3441 0
1931 0
4225 0
862 0
3317 0
1267 0
6036 970
8003 0
2282 1151
8385 0
6663 0
806 0
6397 0
9514 1298
9884 1966
3394 1325
4317 0
7562 0
1308 0
2084 1876
5405 0
9278 0
7265 747
4161 0
1111 0
1428 0
7796 0
3801 0
4770 0
9848 0
6977 0
4927 0
6656 0
7407 0
9332 927
2138 0
58 0
9706 0
9775 2259
4408 0
70 0
7399 0
8288 0
569 0
7135 0
7136 0
1777 0
6831 0
953 0
5422 0
8853 0
138 0
6605 0
5430 0
4636 0
9784 0
3816 0
2634 0
6949 0
7684 0
4121 0
3171 0
91 0
6724 0
398 0
3411 0
1801 0
6795 1896
2178 0
2691 0
9379 0
9660 0
6621 0
4460 0
7535 0
384 0
2925 0
702 0
4316 0
9868 0
6117 0
2652 0
6757 0
4214 0
9912 0
2463 1205
428 0
1935 0
3363 0
7026 0
323 0
8437 0
897 0
6991 0
1494 2095
7428 0
8629 0
2427 0
7470 0
4328 0
9025 0
8144 0
3982 0
1028 0
1374 0
9983 0
9118 0
891 0
6835 0
7715 0
4979 0
8105 0
7011 0
6921 0
517 0
8856 0
851 0
4405 0
528 0
6742 2760
9733 0
5426 0
3533 0
2229 0
2129 0
4346 0
1438 0
9224 1286
1133 0
2567 0
4802 0
899 2358
2781 0
9045 0
6889 0
7960 0
859 0
5666 0
2774 0
7506 0
9631 0
3133 0
7720 0
4791 0
4343 371
7545 25
4109 0
4954 0
5483 0
8206 0
3327 0
7679 0
8209 0
5250 0
9287 0
1816 0
6932 2747
9563 0
2696 0
1458 0
6278 0
6867 0
8415 0
213 0
5031 0
9092 0
4448 1480
6423 0
8676 0
4958 0
5568 0
7123 0
6678 0
4598 0
7172 0
618 0
5452 0
1424 0
3915 0
1148 0
1852 0
1740 0
5099 0
5720 1985
5907 0
1005 0
74 0
6955 0
1924 0
4323 0
1858 0
769 0
5187 0
562 0
2195 0
6756 0
2977 0
4586 0
6084 0
