3000 1677
1784 0
8238 0
3997 0
2451 0
8771 0
4054 0
7542 0
1404 0
3582 0
9011 0
7993 0
2943 0
593 0
9531 0
5331 0
7683 0
5229 0
1009 0
3161 0
4327 0
1085 0
7302 0
8161 0
3474 0
775 0
6206 0
5068 0
1934 0
7926 0
8968 0
6695 0
5921 0
89 0
1008 0
4327 0
362 0
7100 0
6833 0
5925 0
4538 0
9976 2653
8590 0
2052 1809
3380 0
8653 0
6957 1462
2283 0
7608 0
2132 0
2572 0
5386 0
4454 1735
246 0
3560 316
6092 0
8596 2294
4097 2432
6756 0
5053 1741
1388 0
4568 0
1211 0
5362 0
2654 0
159 0
3937 0
7536 0
3683 0
328 0
7262 0
8837 0
7890 0
1278 0
7391 1702
174 0
7503 0
5001 0
8158 0
3513 0
577 0
5388 0
1513 0
7402 0
966 0
6540 0
9206 0
8994 0
2540 0
1158 0
3318 0
7648 426
1129 0
8421 0
6886 644
9221 0
7784 0
2761 0
4631 0
2133 0
751 0
5742 0
6296 0
2222 0
6220 0
5707 0
3425 0
9201 0
8609 2897
8697 0
3012 2544
3211 2131
5885 0
7963 0
3147 0
7771 0
4940 0
5811 0
994 0
95 0
8821 0
2163 0
8170 0
710 0
9291 0
7208 0
6694 0
4271 0
1211 0
8415 0
4186 0
4959 0
9015 0
5792 0
1818 0
9599 0
7092 0
5977 0
1066 0
1465 0
3639 0
4356 0
121 0
930 0
1516 0
5615 0
455 0
6464 0
1538 0
7140 0
3909 0
8877 0
3615 0
9868 0
3109 0
4974 0
6392 0
7283 0
306 0
9083 0
9035 0
3845 0
7603 0
3507 128
9471 0
403 0
4442 0
2070 0
8719 0
3392 0
1427 0
1706 0
9268 0
9544 0
9894 0
4739 0
7140 0
7737 0
3861 0
3961 0
6904 0
2474 0
881 0
9407 0
2840 1798
5096 0
9671 11
1311 0
7945 0
6113 0
5126 0
8187 0
5081 0
9388 0
6758 0
7856 0
1316 0
6407 0
1997 0
2304 0
1606 0
9743 0
4730 0
9621 0
9568 0
8688 0
2794 0
3059 0
5275 0
7019 0
4524 0
8997 0
6801 0
621 0
7296 0
4836 0
5631 0
924 0
6869 0
8627 0
2119 0
5161 0
3811 0
3533 0
4915 0
4499 0
681 0
239 0
9447 0
7238 0
3327 225
8008 0
8618 0
5971 0
2061 0
647 0
1282 0
5794 0
4781 0
9568 0
38 0
7599 870
9598 0
9741 0
4156 0
6817 0
6437 0
9820 0
8893 0
2575 0
6065 744
7845 0
9900 0
8003 0
7150 0
586 0
7108 0
2311 0
322 0
6310 0
445 0
5182 0
9601 0
7977 0
8475 0
5587 0
9831 0
768 0
1029 0
5750 0
5876 0
1750 0
6879 0
8545 0
9082 0
5844 0
8970 0
4935 0
5541 0
2205 0
7541 0
9404 0
4532 0
3495 0
7996 0
4953 2828
1551 0
3437 0
91 0
2006 0
6828 0
5995 0
9269 0
819 0
29 0
2073 0
8641 0
4956 0
695 0
1401 0
4631 0
4097 0
5463 0
3474 0
9916 0
3348 0
9880 0
4698 0
5846 0
8163 0
6674 0
1969 0
134 2000
6382 0
6336 0
6903 0
9216 0
4290 0
7609 0
1959 0
8953 0
1457 0
2905 0
6462 0
9118 0
1081 0
6416 0
1263 0
3780 0
5857 0
292 2045
54 0
1972 0
2095 0
136 1234
7046 0
6941 0
2991 0
7446 0
2832 0
190 0
2249 0
1719 0
7295 0
5458 0
160 0
4334 0
733 0
357 0
4513 605
5290 0
695 0
1400 0
4043 0
9503 0
8377 0
7795 0
1946 0
2571 1083
3487 0
6634 0
3184 0
8310 522
8750 0
9169 937
6773 0
8606 969
7056 0
7152 0
7911 0
5241 0
2199 0
8299 0
5205 0
5565 1072
7480 0
6277 0
2561 0
6939 0
2963 0
9740 0
2118 0
7489 0
4921 0
8927 0
8798 0
9379 0
1599 0
2207 0
8602 0
1092 0
5506 0
7555 0
6623 0
4583 0
2199 0
9269 0
4507 0
7868 2664
1918 0
3150 0
6730 0
5901 868
9053 0
5542 932
2019 0
6286 0
4213 0
2882 758
6454 2836
3401 0
9028 0
3344 0
7316 0
4501 0
7043 0
6827 0
754 0
4639 0
6057 0
4344 0
8996 0
108 0
1312 1353
6920 0
923 2416
1601 0
4856 0
4632 0
3757 0
7670 0
2130 0
1142 0
1129 1245
3561 0
2000 2523
6731 0
3578 0
8613 0
7531 2048
9412 0
4115 0
5596 0
9298 0
1667 0
7008 0
9364 0
449 0
9677 1469
9844 0
3362 0
7501 0
886 0
1397 2930
6578 0
3167 0
7472 0
2120 0
5119 0
263 0
5120 0
1797 0
9827 0
4779 0
1678 0
685 0
1924 0
2352 0
2873 0
5537 0
9914 0
4168 0
7044 0
5338 0
9226 0
4825 0
5265 1588
90 0
5230 0
6494 0
6556 0
7410 954
6069 0
8527 2914
5526 0
7928 0
4557 0
2952 0
4218 0
3356 0
8267 0
1962 0
5524 0
4318 1066
3981 418
896 0
4365 0
9686 0
5794 0
5481 1742
5846 0
221 2142
3238 0
6455 0
9622 0
3108 0
2553 0
6769 0
810 2954
7946 0
1674 0
8649 0
676 312
2573 0
1861 0
5817 0
5645 0
3310 0
893 0
0 1766
8067 0
7774 0
435 0
6409 0
5794 0
8689 0
4342 0
1705 0
6448 0
3122 0
2443 0
2510 0
2814 0
2556 0
75 0
2483 0
6260 0
6407 0
1268 52
4360 2063
5016 0
3053 0
7301 0
886 0
9923 0
2504 39
9544 0
1070 0
3164 0
1423 0
2000 0
7796 0
8430 0
7314 0
764 0
161 769
6261 0
6423 0
1926 0
1252 0
9810 0
9640 0
1950 0
6858 175
7625 0
6786 0
247 0
2686 0
7942 1327
3835 0
1948 0
9654 0
696 0
7061 0
4271 0
6319 0
1135 645
8059 0
8899 0
2297 0
3450 0
2221 0
650 434
1891 0
287 0
5253 0
1677 0
960 0
6425 0
2263 0
2391 0
6052 0
3218 0
7059 0
4113 0
5214 0
7922 0
2579 0
7675 662
496 0
2199 0
6450 0
7605 0
6552 0
9106 0
2298 0
4052 0
6468 0
7846 0
2145 0
2619 0
8617 0
3137 2938
2050 0
304 637
4273 0
1244 0
3361 199
6579 0
3420 0
9525 0
6728 0
9640 0
5290 0
1968 0
1954 0
2854 236
3864 0
4377 0
7683 0
566 0
5486 0
8035 0
6518 307
1131 0
9220 0
3226 0
964 0
159 0
4660 0
6740 0
3494 0
1421 0
2192 0
3921 0
1710 0
2667 0
8006 0
9490 0
493 0
7579 0
985 0
4796 0
9861 0
939 0
8639 0
4753 0
153 0
9076 0
5149 0
6980 0
4843 0
6258 0
9669 0
4022 0
2532 0
5968 0
1617 0
9393 0
4380 0
1335 0
4233 0
3953 0
9249 0
735 0
4712 0
9344 0
1111 0
5432 0
3697 0
9104 0
8687 0
3419 0
8298 0
6198 2036
1750 0
4938 0
9887 1382
3448 0
6230 0
4614 0
2477 1524
6840 0
6078 0
8509 0
4047 0
5463 0
2939 0
1103 0
9086 0
7027 0
7162 0
388 0
1793 0
3539 0
2614 0
8351 0
7741 0
5010 0
9054 0
73 0
7213 0
8359 0
3541 0
3070 0
6729 1896
6381 2290
170 0
2349 0
2072 0
9802 0
1951 0
5859 0
1700 0
3763 0
5766 0
332 0
9037 0
5227 0
7846 0
5541 0
9750 0
866 0
8034 0
7234 0
7028 0
6650 0
9659 0
5680 3
8405 0
7003 0
768 0
8464 0
5194 0
7415 0
7585 0
2648 0
1803 0
2478 2497
7069 0
5458 0
5781 0
1944 0
4783 0
8025 0
4279 0
7593 0
1714 0
3704 0
4082 0
5467 0
5975 0
3962 0
4794 0
7928 1145
3077 0
5429 0
9697 0
4599 0
7220 0
8487 0
8585 1536
9043 0
7574 0
5439 0
7934 1416
8541 0
2907 1216
5876 0
9476 0
3131 0
4224 0
5881 0
1077 0
1869 0
6038 0
7595 0
9287 0
9812 2597
1604 0
7281 0
3406 0
3682 0
8730 0
7133 0
9849 0
3758 0
8480 2963
5611 0
8801 0
571 0
8672 0
5604 0
9617 0
6432 0
9688 0
7374 0
6519 0
8151 0
6006 0
5967 0
1280 0
2571 0
6516 0
6044 2752
3463 0
638 0
0 0
3009 0
1069 0
8999 0
3548 0
1093 0
7156 0
486 0
7378 0
2618 2120
1864 0
9586 0
6736 0
9683 0
4584 0
8104 0
2565 0
9750 0
7785 494
2461 0
7892 0
2821 0
1241 0
1764 0
7252 0
821 819
371 1851
8739 0
8968 0
1542 0
4976 0
2875 0
1761 0
2747 0
4331 0
49 0
7586 0
8582 0
8056 0
8232 0
6778 0
6947 0
4110 0
3642 0
6059 0
1209 0
1898 0
3210 0
5330 0
3233 0
9677 0
1256 0
888 221
770 0
1920 0
9864 0
6649 0
5438 0
5852 0
93 0
1674 0
240 0
5954 0
1432 0
9718 0
2627 0
3615 0
4430 0
305 0
8517 0
2788 0
1432 0
2382 0
8561 0
6113 0
5298 0
9981 0
9843 0
4585 0
9257 0
9800 0
9623 0
3508 0
2636 0
5680 1412
1551 0
6291 0
9608 0
4547 0
4325 0
4437 0
5051 0
7773 0
3854 0
9340 0
5166 0
9307 0
6266 0
8972 0
4760 0
8195 0
6050 0
8523 0
9850 0
1113 0
2651 793
2545 0
6401 0
514 0
5044 0
515 0
3477 0
4229 0
3645 0
1819 0
8200 0
5969 0
5300 0
7088 0
4167 0
739 0
8892 0
3162 0
1039 0
362 0
6856 0
5069 0
2834 0
574 0
598 0
3089 0
1329 0
1574 0
1405 0
5428 0
9736 0
7207 0
8139 0
1706 0
6051 0
7559 0
2165 0
5022 0
9048 0
6592 0
5181 0
4654 0
3366 0
4640 0
1036 487
3298 789
253 0
552 0
2153 0
9477 0
4 414
3376 0
5227 0
4602 0
1062 0
8407 0
8110 0
4589 0
8695 0
354 0
8537 0
6825 0
1699 0
8564 0
6127 0
1466 0
4026 0
4035 0
2619 1974
4621 0
7452 0
2648 0
275 0
3775 0
6466 0
4889 0
9351 0
1135 0
5013 1833
4153 0
3563 0
561 0
3454 0
121 0
3567 0
2558 0
1065 0
3061 0
4213 0
2932 0
2786 0
1611 0
3351 0
1512 0
6821 0
3484 0
5254 0
7955 0
8521 0
9733 0
4298 0
2957 0
1841 0
8845 0
7944 0
1114 0
7026 0
9380 0
6706 0
2513 0
3395 0
3905 0
5085 0
7432 0
3491 0
6673 0
6847 0
9490 0
7645 0
976 2713
505 0
7743 0
3351 0
6116 0
4782 0
9815 0
5036 0
1123 0
3772 0
6016 0
9994 0
3199 0
4296 0
7120 0
7700 0
4952 0
4863 0
3707 0
5454 0
3105 0
712 0
4385 0
2756 0
7837 0
7832 0
3682 0
7475 0
4945 0
4089 0
7327 0
7628 2396
8389 0
6795 0
3159 0
9609 0
6670 0
4721 0
9933 0
1827 0
6750 0
6682 0
7044 0
2579 0
9570 0
6765 0
7689 2513
688 0
2904 0
9824 2451
3638 733
3833 0
454 0
8884 0
7512 0
1150 0
6484 0
2400 0
8795 0
29 0
8834 0
5545 0
9325 0
8421 0
8531 0
839 0
542 0
7198 0
4065 0
7588 0
4353 0
5722 0
5593 0
8313 0
3736 591
9323 0
8003 0
3068 0
8199 0
7788 0
9553 0
9814 0
6585 0
5962 0
9146 0
7753 0
8826 0
9873 0
3526 0
7423 0
6226 0
7966 1659
6472 0
5663 0
7774 0
2672 0
9226 0
1999 0
9850 0
422 0
2978 0
5219 0
7512 0
8446 0
9317 0
5855 0
4232 0
9065 0
6259 0
8035 0
9136 0
9970 2066
4698 0
6067 0
2124 0
5722 0
3403 0
6144 0
8492 0
1333 1867
8746 0
207 0
5142 1638
439 0
6672 2907
6040 0
3752 0
1614 0
8157 0
8429 0
8814 0
8563 0
172 0
5795 0
3125 0
7556 0
1522 0
3608 0
3138 0
4355 0
7681 0
4884 0
6209 0
8898 1761
3416 0
7376 0
3756 0
3567 0
7857 0
2235 0
8139 2280
1987 0
4619 0
5382 2130
5262 0
1498 0
6131 0
6577 2436
2322 0
3380 0
3646 0
7751 0
594 0
4433 0
4406 0
3750 0
689 0
6723 0
4926 0
4254 0
5821 0
5524 0
6799 0
5037 0
90 2224
930 1296
4763 0
4332 0
6313 798
7158 0
3969 0
709 0
541 0
7405 0
6503 0
3801 0
4299 0
9918 0
2319 0
203 0
9101 0
4633 0
5942 0
8870 0
2422 0
6266 0
1760 0
3591 0
2963 0
134 0
5104 0
775 0
3532 2775
3223 0
2825 0
9730 0
7136 0
6066 0
4503 731
5181 0
7928 902
8301 0
9564 0
7920 0
3986 0
3746 0
4273 0
845 2823
7192 0
8926 0
6632 726
6243 0
9568 0
7319 2040
7118 0
5650 735
8262 0
3735 0
9364 0
5447 0
6413 0
218 0
7844 0
4497 0
2637 0
758 0
899 0
923 0
3027 324
7829 0
1842 0
1123 0
7783 0
9632 0
9265 0
7856 2148
1877 0
1018 0
1682 0
343 0
8447 0
3059 0
1238 0
2043 0
9680 0
7316 0
5816 0
6438 0
6649 0
4563 0
157 0
2507 0
2347 0
3245 0
8902 0
2716 0
6914 0
6180 0
606 0
9389 0
1270 0
2038 0
3704 0
2477 0
173 0
8565 0
7867 0
7208 0
6678 0
13 0
358 0
8034 2517
190 0
3979 0
9429 0
869 0
7794 0
5977 0
4759 0
4895 0
2071 0
5939 0
5846 0
4037 0
3459 0
8267 0
2280 0
2766 0
7950 0
2501 0
9902 0
8013 945
6723 0
9295 0
531 0
3822 690
6011 0
9697 0
6129 0
4798 0
7321 0
9835 0
7261 0
1174 0
8084 0
165 0
418 892
3113 0
7566 0
916 0
42 0
7537 0
9231 0
9553 0
9767 0
6067 0
2271 0
9241 0
9808 0
6462 115
8327 0
2433 0
4975 0
9894 0
9601 0
151 0
7103 0
236 0
4595 0
6491 0
9200 0
1368 0
8047 0
3078 0
5645 0
3800 0
5882 1324
1429 2106
4143 0
653 0
5535 0
6228 0
9402 0
6670 0
3439 0
7961 0
7341 0
1873 0
9454 0
7788 0
9317 0
7302 0
4068 1911
9426 0
7110 0
2541 1703
647 1770
8354 0
2447 0
1032 0
2399 0
411 0
3231 0
120 0
7977 0
7600 0
1351 0
1828 0
7911 0
6788 0
4896 2592
3543 0
7364 0
4476 0
2602 33
5896 0
5056 0
5292 0
1246 0
9043 0
9970 2772
2702 0
9119 0
6365 0
6604 0
1765 0
3623 0
3842 0
1072 0
2332 0
1987 0
8305 0
1967 0
718 0
7663 0
8648 0
6909 0
6070 0
7466 0
9612 0
8905 0
1505 0
3740 0
7637 0
2221 0
672 0
5212 0
4948 2346
3121 0
5776 0
1728 0
751 0
2093 0
2947 0
8913 0
6210 1968
2959 0
5310 0
1135 0
8051 0
3571 0
1737 0
3703 0
7000 0
9404 0
6857 0
8113 0
766 857
628 0
1206 0
6671 0
4234 0
60 0
6269 0
8831 0
7693 0
8972 0
458 0
6327 0
4049 0
4166 0
7064 0
7206 2351
8382 938
5127 0
4199 0
4338 0
2631 0
2617 0
5037 0
3991 1092
3827 0
3574 90
5699 0
3321 0
7182 0
6537 0
2241 0
6828 0
5152 0
5848 0
3098 0
1187 0
2154 0
804 0
913 0
9114 2893
2130 0
9751 0
7431 0
7951 0
2897 0
9980 0
5551 0
3997 0
9951 0
5710 0
6267 769
2094 516
3857 0
1946 0
8370 0
7759 0
195 2956
6970 0
9099 0
4091 0
9251 0
3450 0
2793 0
8814 0
8932 0
9072 0
7455 0
5097 0
5537 0
8284 0
518 0
102 1917
7396 0
3845 0
9031 0
1889 0
7733 0
9701 0
4920 0
1739 0
1881 0
1703 0
9294 0
5328 0
2191 0
7261 0
459 0
2424 0
629 0
8823 0
9292 0
1531 0
2684 0
7675 0
4646 0
9760 0
1315 0
5796 0
6220 0
6666 0
2212 1162
7851 0
581 0
1498 1045
6137 0
5063 0
6627 0
3013 0
9231 0
130 0
8314 0
799 0
7458 0
451 0
8825 0
9684 0
1171 0
8078 0
6232 0
8390 0
4876 0
1361 0
8451 0
59 0
4814 0
3528 0
2312 0
4253 0
1346 0
9213 328
9906 0
3901 0
7992 968
4843 0
4635 0
1515 0
5907 0
6396 0
5255 0
6514 0
2556 2304
8988 0
6602 1475
5207 0
1498 0
2734 0
9920 0
1329 0
2131 0
2597 0
6493 0
6817 0
8505 2306
2422 0
3952 0
278 0
1288 0
249 0
8521 0
6263 0
9384 0
9980 0
5548 0
4400 0
4608 1082
9274 0
8159 2140
9968 0
9122 0
4709 0
1826 0
3361 0
1744 0
2887 0
3776 0
4484 0
9108 0
1467 0
3229 0
539 0
6289 0
4904 0
5529 0
6939 0
5607 0
6269 0
1318 0
9268 0
1334 0
3146 0
5327 0
9459 0
3576 0
5497 0
4160 0
9282 0
479 0
9248 0
194 0
8551 0
4612 0
343 0
5907 1195
7648 0
454 0
6148 0
528 0
3531 0
7307 0
3402 0
6690 0
7333 0
1581 0
9152 0
7551 0
1491 0
3652 0
4467 0
9161 0
7060 0
5932 0
2244 0
9430 0
9677 0
1074 152
1599 0
7076 0
51 0
2496 0
1841 0
9326 0
1312 0
8459 0
9340 0
7990 0
3238 0
1686 0
8371 0
9064 0
302 72
573 0
4768 0
4008 0
180 0
9010 0
2471 0
5438 0
8714 0
42 0
3266 0
460 0
4277 0
2141 2737
7645 0
2584 0
8842 0
4764 0
6800 0
2605 0
2623 0
201 0
6821 0
8516 0
8295 0
1942 0
2742 318
6021 0
2163 0
3196 0
6928 0
658 0
9293 0
6315 0
3113 0
7516 0
4355 0
6836 0
7601 0
1585 0
1967 1363
3395 2934
1371 0
9921 0
7354 0
981 0
6331 0
8245 0
8396 0
3142 0
8629 0
7780 0
3179 0
2008 0
9161 322
3400 0
1578 1791
8866 1440
7353 0
8871 0
9428 0
1962 0
9478 0
2344 0
898 0
559 0
8344 0
5043 1084
2403 0
1201 0
1109 0
1069 0
1829 0
4672 0
6648 0
400 0
3732 0
6666 0
4871 0
5948 0
3061 0
7228 0
2681 0
7639 0
8896 0
7859 0
7128 0
681 0
7551 0
8684 0
5581 0
9259 0
5522 0
8943 0
7126 1633
5961 0
4573 0
2134 0
9065 0
8123 0
2139 0
7452 0
2852 0
4535 2745
8909 0
3343 0
7417 0
6432 0
6903 0
537 0
8804 0
4013 0
9749 0
1890 0
9999 0
502 0
5061 0
9201 2692
5154 0
1862 0
2354 0
7780 0
1821 0
7081 0
2481 0
9429 0
2961 0
1140 0
4985 0
4958 0
4395 0
3411 0
8700 0
7303 0
7965 531
8307 0
753 0
3144 2483
8547 0
3888 0
3216 0
598 0
8760 0
8469 0
928 0
4622 0
5784 0
7124 0
6477 0
4522 2532
8394 0
310 0
6771 0
2810 0
9425 0
4414 0
351 268
85 0
8088 0
7121 0
6829 0
1148 2059
1494 0
8336 0
1965 0
6807 0
8959 0
7870 0
8068 0
6038 0
1348 0
7364 0
1483 0
6288 0
5241 376
8517 2908
2460 2248
3560 0
8096 0
9462 0
866 1057
5367 0
5420 0
5295 0
4690 0
7869 0
3107 0
4735 0
4538 0
2310 0
2053 0
4194 0
1663 1342
7236 0
9899 1603
3775 0
9883 0
9528 0
2125 0
9907 0
708 0
6674 0
1179 1871
9236 0
3419 0
3038 0
5939 0
844 0
3410 0
9487 0
4501 0
1511 0
1568 0
3758 0
7067 2953
9168 0
7153 0
8645 0
1281 0
4039 0
9853 0
6608 0
2909 0
596 0
5539 0
7649 0
1239 0
7810 887
9116 0
8270 0
3742 0
1212 1689
1852 0
8109 0
6967 441
3684 0
7911 0
1995 0
7081 0
6443 0
6163 0
6575 0
7757 0
4712 0
1891 0
9482 0
2103 0
1399 0
9605 0
5456 0
5304 0
5259 0
2169 0
6978 0
3306 0
9330 0
6624 0
7347 0
8706 0
3901 0
2465 819
4119 0
9166 0
8700 0
8286 0
1039 0
5538 1815
163 0
6662 0
4887 0
4310 1885
2562 0
7494 0
4320 0
1686 0
8888 0
1593 0
8399 0
8947 0
8488 0
9991 0
8819 0
9983 974
2344 0
4229 0
3210 0
3347 0
2453 0
5183 0
6292 0
2264 0
2680 0
2843 0
8566 0
197 0
5350 0
5088 0
5610 0
4899 0
7459 0
754 0
8000 36
1202 0
5032 0
6483 0
5248 0
6868 0
556 0
4702 0
2013 0
5854 0
2881 0
897 0
2108 0
3815 0
1143 0
7982 985
8226 0
3419 0
8310 0
3346 0
5513 0
6571 0
1790 0
4123 0
3378 0
2781 0
5488 0
5171 0
5073 0
8226 0
6524 0
7961 0
2141 0
2437 0
2276 0
8388 0
773 0
9691 0
4376 0
707 1425
4626 0
150 0
6235 1563
8862 0
3780 0
756 0
9059 0
9451 0
3292 0
2266 0
4453 0
8663 0
243 0
880 0
863 0
6887 2094
5265 0
6611 2764
2492 0
6211 0
1139 0
7100 0
2881 797
3858 829
306 0
5460 0
1163 0
6423 0
1002 2436
8271 0
4545 0
813 0
8924 0
430 0
8184 2838
983 0
3648 0
3493 0
8143 0
9653 0
6386 0
4515 0
8938 0
5172 0
7414 0
5347 0
3428 0
1769 0
7475 0
8327 0
5987 0
39 2620
9788 0
1094 0
5488 2722
9283 0
8366 0
3360 0
3053 2390
9624 0
2834 0
7671 0
3803 0
6362 0
4184 0
4491 0
7224 0
707 0
4890 0
1007 0
6495 0
4491 0
2989 1877
6255 0
8392 0
4117 0
1141 0
5431 0
773 0
7587 0
1733 0
4949 0
4518 0
7937 0
8199 0
4292 0
1745 0
7444 0
8170 0
3530 0
4073 2988
3418 0
3299 0
2908 2490
7727 0
39 0
4107 2078
8858 0
4096 0
483 0
1739 0
4550 0
6243 0
5410 0
9261 0
6080 0
3494 0
9803 0
7134 0
5347 0
8939 0
8293 0
4354 0
5417 0
8806 0
2380 0
7654 0
4060 0
3459 0
2308 0
7405 0
3759 0
1120 0
7394 2803
2001 0
8820 0
5572 0
759 2292
8419 0
4633 0
5206 0
6806 0
9342 0
1720 0
8864 0
897 0
5474 0
4114 0
8013 0
7065 0
6396 0
1652 0
9317 0
5019 0
13 0
1232 2580
2604 0
4459 0
9669 0
6542 0
7585 0
9140 0
6152 1259
3771 0
6113 0
31 0
9313 0
6410 1285
6099 0
1614 0
7212 533
9270 0
178 0
436 0
9522 0
5759 0
2990 0
269 0
1818 0
5145 0
4774 2075
4963 0
1197 0
1015 0
8307 0
5103 0
9773 1186
4944 0
1477 0
3589 0
5115 0
2956 0
550 308
140 0
4910 0
4166 0
9624 0
9863 0
8191 0
7552 0
6780 0
873 0
8227 0
5250 0
2147 0
7704 0
5278 0
4381 0
377 0
347 0
1374 0
4414 0
9116 0
3976 0
5026 0
5834 0
7989 0
6477 0
5879 0
6080 0
7092 0
643 0
1455 0
6972 0
3240 0
5737 0
9563 0
5659 0
1440 0
5162 0
7383 0
6210 0
20 0
6674 0
5826 0
1182 109
2454 0
488 0
1151 0
7494 0
7448 2606
2851 0
3476 0
281 0
9791 0
3567 0
6553 0
3067 0
4774 0
966 0
1133 0
8010 648
3171 705
1217 0
6286 0
4671 0
3484 0
5842 0
1981 0
2758 435
2000 0
6094 0
7752 0
3109 0
6126 0
2224 0
6 0
2645 399
1347 0
9743 0
7752 2450
5784 0
1149 0
544 0
5745 0
2729 0
7934 0
3829 0
2841 0
7163 0
6487 0
4060 0
4735 0
1412 0
9079 0
1250 0
7527 0
6683 435
3428 0
9711 0
3199 0
3941 0
7655 0
2339 0
252 0
1271 0
5902 0
4954 0
63 0
3217 0
9102 0
8583 0
5642 0
6137 0
5515 0
2256 0
1962 0
251 0
5445 0
9122 0
6333 0
2804 0
7963 0
5300 0
3244 0
3441 2625
5137 0
6186 0
4702 0
7375 0
2465 2032
946 0
784 0
8874 0
9492 0
58 0
6075 0
9200 0
8253 2411
7639 234
1474 0
7169 0
6371 0
4884 0
3869 0
9541 0
1864 0
6987 0
1781 0
6457 0
526 0
7326 0
7163 0
1379 0
2823 0
3961 0
1435 0
3828 0
4628 525
7087 0
9135 0
9378 0
9042 0
5345 2236
8457 0
962 0
7953 0
1806 0
5350 0
3589 0
2587 0
3918 0
1268 0
8397 0
6857 0
6322 0
261 0
2280 0
5702 0
3660 396
725 0
5336 0
5846 0
9663 0
3314 0
3594 0
5737 0
5682 0
622 0
1614 0
657 0
7012 0
8773 0
9198 0
2817 0
574 1975
1674 0
8190 0
3074 0
5586 0
1430 0
1841 0
8596 1870
7672 0
7055 0
2094 0
4421 0
3073 0
6992 900
5731 0
55 0
6189 0
2625 1271
339 0
9404 0
8555 0
4226 0
4682 0
6735 0
3138 0
7234 0
4606 0
464 0
5995 0
8207 0
4809 0
2621 0
9241 0
7250 0
11 0
8754 0
4006 0
5440 0
412 0
1582 0
5681 0
8829 0
7736 0
6245 0
1227 0
8880 0
670 0
4442 0
3225 2640
4351 0
4268 0
4432 0
8217 0
7548 2424
5462 0
7119 1609
2223 0
6244 0
5599 0
1236 0
1007 0
8568 0
2980 2025
6967 0
1220 0
1701 0
4885 0
4923 162
8922 0
4872 0
8760 0
1257 0
7857 0
2227 0
6549 0
1829 0
7797 0
2535 0
5710 0
4663 0
8532 0
6999 0
5551 0
408 0
1516 0
9601 0
164 0
3714 1971
1246 0
4220 0
9706 0
9928 0
9484 0
2024 0
7093 710
6704 0
7748 0
9237 0
8415 0
4215 0
7047 0
9726 0
2964 0
2904 0
5701 0
3808 2539
5939 0
5738 0
1989 0
5945 0
2424 640
1401 0
9485 0
9396 0
7485 1366
4390 1807
3707 0
4374 0
766 0
2514 0
7414 0
8238 0
7255 0
9471 0
9396 0
6514 0
8302 0
1131 0
4900 0
6897 0
7248 0
664 0
7847 0
3910 0
192 0
1229 0
4610 0
9697 0
2771 0
7404 0
7961 0
1268 523
4297 0
98 0
3928 0
8879 0
8220 0
9147 0
7139 0
9824 0
7525 0
8165 0
9448 0
1625 0
7404 0
9354 0
9338 0
2942 0
7528 0
3759 0
9877 0
7808 0
1015 0
8397 0
621 0
8860 0
1546 0
5063 0
3794 0
8071 0
2301 0
9122 0
9088 0
7906 0
1445 0
3777 0
1515 0
1702 0
1230 0
9486 0
6888 0
7084 0
6060 0
2274 0
4188 0
5146 0
3590 0
4050 0
6644 0
7026 0
1617 0
5573 0
1753 0
8545 0
4551 0
4185 0
2526 0
4869 0
6739 0
2774 0
9255 0
6158 0
4025 0
8865 0
3829 0
4542 0
454 0
3963 0
4092 0
7274 0
3943 0
5998 0
5268 0
1900 0
2500 1443
156 0
5316 0
1686 0
9537 0
603 0
7235 0
3377 0
5251 0
2172 0
5048 0
8671 0
3060 0
7588 0
4752 0
6102 0
5364 0
9860 280
2798 0
2 0
2627 0
6006 0
9664 140
6883 0
3805 0
4487 0
7451 0
6649 0
7566 1826
2802 0
4266 0
5086 0
7319 0
7203 0
8945 0
3456 0
4632 1969
4569 0
2404 0
9257 0
9911 0
1703 0
4759 0
7955 0
3112 0
3553 2463
4112 0
5304 0
5935 0
9653 0
2327 0
6646 0
5641 0
990 0
6282 0
8812 0
4394 0
2496 0
6565 0
354 0
9907 2748
1102 0
3271 0
195 0
6748 0
3887 0
7291 0
3340 0
4771 2008
2814 0
4850 0
291 0
1796 2643
7221 0
4751 0
3604 0
939 0
6606 0
2866 0
1093 0
5235 0
7973 0
6771 1814
1619 0
9163 0
4835 1810
8279 0
2398 0
8594 172
636 0
2414 0
293 129
6301 0
7335 0
9774 0
2801 1482
4965 0
6024 0
2545 0
9810 0
4526 0
844 0
5788 0
3517 0
2750 0
1371 0
9671 0
7421 0
1608 0
1542 0
9805 2113
3317 2482
4528 0
6502 0
675 0
39 0
3046 0
6759 0
6092 0
2813 0
9298 0
3216 0
7922 0
8616 2760
759 0
1709 0
4845 0
717 0
5525 0
55 0
2337 0
3337 0
8861 0
926 0
9586 0
3538 0
1029 0
8733 0
7989 0
108 0
1362 0
3152 0
8087 0
1166 0
2801 0
188 0
2376 0
6115 0
9804 0
2847 0
7560 0
2711 0
5898 0
6914 0
2434 0
8011 0
3530 0
7783 0
4197 0
6609 0
4267 0
7915 0
5988 0
4053 0
7548 0
1993 0
6215 0
6690 0
7883 0
4679 0
3281 0
4481 0
7885 0
3078 0
2777 0
3400 0
9934 0
6935 0
4459 2781
8124 0
9273 0
7586 830
578 0
8627 0
1183 0
8702 0
2742 2767
92 0
5168 0
7245 0
9321 0
162 0
9707 0
7593 31
6148 0
5783 0
4909 0
5110 0
206 0
3377 0
6993 0
1729 348
4131 433
2101 0
3654 0
4997 1410
5210 0
5876 0
709 0
6754 0
9774 0
4872 0
4827 0
246 0
8553 0
2507 0
9760 0
1989 0
8104 0
1288 0
197 0
3800 2474
8112 0
9349 0
5589 0
1396 0
4115 0
5187 0
8969 119
6297 0
2613 0
3947 0
9147 0
4587 0
7453 0
5872 0
1068 0
2383 0
935 0
167 0
5223 0
5219 0
8730 453
8304 1103
1867 0
9202 0
2210 0
8251 0
6128 0
8908 0
3502 0
6913 0
8201 34
7231 0
1665 0
1472 0
9892 0
6199 0
7850 0
2540 0
6510 2318
3592 0
2149 2061
4984 843
7870 0
9883 0
4394 0
4629 0
6761 0
8894 0
9536 325
7240 0
7169 0
6817 0
92 202
9156 0
7819 0
9247 0
6807 0
4891 0
6348 0
4456 0
4597 0
7321 0
2926 0
3556 886
5162 0
9175 0
2405 0
8128 0
8798 0
2838 0
9638 0
876 0
2861 0
9112 0
717 0
5450 0
4499 1209
7646 2966
5003 0
2259 0
755 0
8349 0
1389 0
2111 1556
3141 0
8988 0
6174 0
7933 2671
8681 0
2218 0
1083 1608
6013 0
1239 0
7550 0
2169 0
8582 0
7081 0
2497 0
7794 0
1993 0
8037 0
5057 0
347 0
3367 0
3656 0
7691 0
6994 1677
2585 0
3302 0
7303 0
6694 0
1477 0
4635 0
4578 0
169 0
2256 0
4824 582
9526 0
3205 0
7622 0
5268 0
3018 0
1421 0
2200 166
6710 0
4320 0
2173 0
5248 992
8015 0
4281 0
5063 0
4189 0
3578 0
4252 0
698 0
885 0
8771 0
462 0
9770 0
2960 0
1561 0
8240 0
2873 0
2598 0
873 0
1394 893
4886 0
2532 0
4530 745
1013 0
6392 0
1809 0
2369 0
5310 0
4365 694
4994 0
3656 0
9375 0
5591 524
3897 0
8680 0
4616 0
9333 0
4108 0
5287 0
5693 2776
2825 0
9432 0
1196 0
1666 1341
6406 0
3384 0
8121 0
7166 0
2122 0
3602 0
4721 0
3562 0
2042 0
4696 0
4397 0
1501 0
50 0
7912 0
6813 0
2036 0
8090 0
444 0
2183 0
4955 0
8424 0
3371 0
6675 0
2879 0
7467 1622
7523 0
2874 0
8137 0
1653 0
5909 0
8585 2585
7626 0
7064 0
2713 0
7110 0
7274 0
8459 0
6771 0
5830 0
987 0
4156 0
2520 0
3413 0
8950 0
7205 255
1883 0
7195 0
8529 0
1127 0
4966 128
3926 0
3750 0
7788 0
9827 0
4355 0
7922 0
2127 0
6653 0
9180 0
2500 1375
3574 0
6719 2051
8720 0
2388 1721
7579 0
4301 0
7915 0
7976 0
6248 144
6426 0
7465 0
3772 0
3164 0
8935 0
1771 0
4223 0
748 2472
4920 0
8581 0
3903 0
4195 0
2373 0
4496 0
686 0
49 0
9165 0
5991 1939
203 2525
187 0
8565 0
1977 0
5614 0
617 0
641 0
5343 0
2416 0
4058 0
3829 0
807 641
1668 0
895 0
333 0
3575 0
3990 0
2258 0
6035 0
8086 0
8826 0
6775 0
9865 0
319 0
6953 0
9145 0
909 0
3729 0
8665 0
4954 0
2183 0
1586 0
1049 2307
8764 0
7192 0
1349 0
9021 0
263 0
142 0
8616 0
9470 0
493 0
6000 0
6143 0
9314 0
991 0
4213 1046
8108 0
1824 0
8114 0
8987 0
9940 0
273 0
4402 0
7084 0
566 0
8771 0
6141 0
7158 447
3695 0
4221 0
3453 0
9845 0
4240 1989
736 0
6723 0
3987 1806
3082 0
2541 0
3019 0
5194 0
7650 0
9342 0
5253 0
4290 0
7647 0
9590 0
7272 0
6438 0
7422 0
4299 0
588 0
167 0
584 2659
7405 0
2476 0
5266 0
6878 0
2347 0
766 0
4896 0
2944 0
6481 0
720 934
4939 0
7390 0
9419 0
4119 0
2719 0
9733 0
9858 0
7930 0
5062 0
4200 0
638 0
9136 0
8227 0
7191 0
2854 0
6544 0
5435 0
3948 0
2738 0
995 0
5264 0
299 0
4727 0
2334 0
80 0
6413 0
3342 0
2845 1436
6761 0
936 0
1158 0
375 0
5892 0
1262 0
8377 835
4730 0
6134 0
3284 2500
3189 0
6664 0
8864 0
2063 0
148 1604
6660 0
5534 0
6276 0
6977 0
3597 0
5228 0
6176 0
9167 2633
1036 0
9104 0
3336 2013
8228 0
6068 0
3387 0
4313 0
5959 0
4842 0
152 0
3386 0
1370 0
1185 0
3545 0
2097 2560
687 729
8928 409
2264 0
167 0
3248 0
2573 0
7099 0
2263 0
9672 0
3741 0
7432 0
8027 0
9339 1378
8564 0
2930 0
2750 0
5197 0
3177 0
1825 0
7484 0
5065 0
2367 0
157 0
9335 559
9839 0
1654 0
9828 0
6661 0
6359 30
3285 0
5482 0
730 0
3612 0
1752 0
6709 0
4214 0
4084 0
7846 0
1275 0
82 0
446 0
2291 1553
7123 0
9447 0
700 409
246 0
441 0
3818 0
5120 0
8238 0
2541 0
8269 0
786 0
1259 0
9569 1766
6475 0
597 0
2165 0
3623 0
4732 0
6823 0
3849 0
1541 0
4203 0
8820 0
1236 0
425 0
7011 2444
8212 0
4334 0
7257 0
3085 0
1665 0
9036 0
1138 0
298 0
886 0
3838 0
787 0
4423 0
264 0
7398 0
9463 0
8550 0
1146 0
2019 0
7856 0
4560 0
6555 0
1903 0
3430 0
7026 502
1810 0
6929 0
90 0
2731 0
6199 0
3767 59
6556 0
425 0
1354 0
5289 0
7031 0
8727 0
6850 0
20 1585
8500 0
6518 0
8429 0
5343 61
5634 0
8925 0
7527 0
5814 0
6911 0
4660 0
270 0
8692 678
9288 0
3127 0
8655 0
8835 0
7816 0
3476 0
9631 0
4817 0
9603 0
810 0
6537 0
4481 0
5423 0
5698 0
292 0
8625 0
1355 0
6254 0
7810 0
6403 0
7634 1132
4809 0
8798 0
2228 0
617 0
1243 0
1808 0
2764 0
3905 595
3873 0
248 0
2578 0
9950 0
1958 0
471 0
620 1037
5402 0
3 2627
6837 0
6875 0
8854 0
4254 0
1965 0
3030 0
4865 0
7624 0
7358 0
9683 0
1475 2556
139 0
6469 0
4420 0
8759 0
1012 0
1256 0
8780 0
4119 0
6594 0
8245 0
6207 0
1368 0
4729 0
9929 0
9780 0
2498 0
2491 0
2160 0
1836 0
9901 0
5960 0
2234 0
9599 0
2720 0
8457 0
2572 0
7438 0
8423 2940
7604 0
9919 1986
8779 0
3329 0
1166 0
4333 577
8357 0
8432 0
2340 0
3035 0
1075 0
5474 0
9556 0
8335 0
4594 0
9193 0
211 0
5282 2546
958 0
616 0
1756 0
592 0
4626 946
8405 0
2285 0
3566 0
871 0
4045 0
1403 0
8743 0
261 0
8500 2936
7405 0
5143 2569
9363 0
4971 0
8143 2391
7216 0
5510 0
148 0
8806 0
3182 0
3476 0
3349 896
1274 0
5293 0
2138 0
4751 0
4858 0
3331 0
1883 0
5053 0
2343 0
232 0
1057 0
1847 0
6598 0
8809 0
9759 0
8225 0
767 0
2471 0
325 980
8205 0
6010 0
8127 0
5062 0
2519 0
4779 817
8151 0
4973 0
6139 0
9140 214
7516 0
4589 0
9904 0
883 0
8044 0
2915 0
8964 0
3153 344
7268 0
6878 0
2527 0
5407 0
7664 0
2395 0
7757 0
3690 0
7618 0
651 0
911 0
340 0
7164 0
1907 0
2589 0
4666 0
3742 0
9565 0
3520 0
3886 0
2136 0
5638 0
5719 0
7287 0
7040 0
9500 0
3476 0
8626 0
7751 1574
404 0
8216 0
1074 0
4892 0
2015 759
2125 0
9711 0
8434 0
6920 0
6866 0
5169 0
2496 0
3935 0
1163 0
235 0
1238 0
2904 0
6195 0
784 0
8158 0
980 0
4800 0
2017 0
6135 0
1409 0
3545 0
8204 0
1833 0
2629 0
1964 0
1707 0
1734 0
8072 0
9747 0
5218 673
1803 1554
82 0
6097 0
9906 0
7053 0
6060 0
1069 0
204 0
7089 0
9338 0
7706 0
6887 0
8679 0
5650 0
9060 0
2298 1580
6906 0
8232 0
7564 0
1687 0
1024 0
1390 0
3569 0
3836 0
3342 0
7640 0
1054 0
538 0
6839 0
6617 0
7335 0
4805 0
7362 0
1043 0
7190 0
4985 0
1839 0
9933 0
2455 0
2428 0
9013 1320
7135 0
7135 0
1529 0
4277 0
8345 0
3344 0
8219 0
4147 0
9920 0
758 0
63 0
7137 0
6058 0
640 0
8892 0
1140 0
4387 0
2739 0
5152 0
5652 0
7537 0
6698 0
2161 0
7662 0
9407 2324
2955 0
5897 0
1448 0
2687 0
8542 0
218 0
9044 0
8921 0
1701 0
4012 0
9318 0
6188 0
1701 0
6521 0
7227 0
4424 0
2419 0
4215 0
8198 0
2869 0
143 286
4063 0
6077 0
3635 0
9404 0
4972 0
7980 0
9429 0
8156 618
8624 0
9841 0
6914 0
2709 0
4684 1675
6917 0
7117 0
6263 0
4217 0
9174 0
1521 0
1486 0
4631 0
6782 0
8263 0
3343 0
8259 0
7972 0
806 0
7730 0
7101 0
2763 0
836 0
5623 0
7148 0
1619 0
5742 2614
7954 0
5679 0
3904 0
1765 0
6079 0
8281 0
9419 692
8930 0
8225 0
5631 0
7151 0
1320 0
6072 0
9581 0
7814 0
3182 0
2716 0
7301 0
6044 0
6000 0
220 0
7710 627
9497 0
4672 0
2468 0
2103 0
8429 0
5701 0
8782 0
5188 1255
8925 0
7018 0
4558 0
2386 0
6238 0
3886 0
3784 0
7487 0
1226 0
5040 0
9671 0
1260 0
3469 0
8330 1550
1098 0
6171 0
6925 0
5077 0
9214 0
9503 0
5347 882
6680 0
225 0
288 0
5906 0
4404 0
5030 0
4561 0
6794 0
9631 0
6431 0
4596 0
8930 0
6836 0
1318 0
8292 0
329 0
5674 0
464 0
2821 0
6332 0
4667 0
5990 0
7205 0
3937 0
580 0
8593 0
5889 0
230 0
4837 0
8685 0
1900 0
2091 0
6561 0
271 0
2577 0
2267 0
2148 0
78 0
1970 2207
6419 0
5475 0
7613 0
8535 0
400 0
5798 0
1438 0
254 0
8110 0
7890 0
9389 0
2833 0
8866 0
4711 0
3736 0
8494 2998
5058 1662
6043 0
5561 0
3309 0
1971 0
3651 0
2746 0
2695 0
992 0
9675 0
6414 0
7221 0
3533 0
3036 0
2252 0
4730 0
7349 0
9610 0
9536 0
241 0
925 0
5741 0
5173 0
6627 0
9544 0
3229 0
8560 0
7330 969
8946 2769
6575 0
7787 0
6206 0
9868 0
5730 0
641 2945
5257 0
2390 0
7096 0
1584 0
2703 0
789 0
8977 0
1411 0
7040 0
5144 0
9594 0
3266 0
1820 0
7701 0
3379 0
4727 0
596 2059
4502 0
4501 0
598 0
8452 0
9228 0
1921 0
4462 2159
834 0
3371 0
9888 320
4047 0
6949 0
1282 0
8141 0
9912 0
7432 698
8948 0
1233 1062
5887 1548
9774 933
7046 0
5163 0
3921 0
7828 0
755 0
4498 0
3599 0
8228 0
6657 0
1207 0
8015 0
2219 0
3817 0
6463 0
2493 0
7457 0
556 0
1908 9
8843 0
2680 0
8765 0
4944 0
2231 0
5900 0
2088 0
2599 0
9084 0
1309 1195
147 0
9491 0
1509 0
2753 0
1119 0
2795 0
8043 0
4838 0
9535 0
9572 0
4273 0
5942 0
6075 0
8207 0
6242 0
2798 0
231 0
2136 0
8981 0
4766 0
6870 0
228 0
7421 0
5344 0
9015 0
9228 0
9378 0
9457 0
3587 0
4424 0
287 0
1348 0
224 1149
3592 2371
4304 0
1268 0
7575 0
9173 0
9701 0
263 0
934 0
139 1605
4041 2660
2509 0
3480 0
8224 0
621 0
4090 0
3044 0
3796 0
2657 0
8957 2490
2449 0
6685 1344
1644 0
3434 0
1869 0
997 0
9330 0
5792 0
3828 0
9419 0
7303 0
5600 0
465 0
9336 0
1655 0
3307 0
4400 0
4285 0
8764 0
8843 1142
46 0
4459 0
9654 0
4121 0
1046 0
1798 0
2298 0
9079 0
9903 0
5519 0
4051 2427
712 0
6153 1529
4481 2923
3037 0
8252 0
7764 0
3119 0
6979 0
9651 0
2455 0
3703 0
5150 0
2208 0
7186 1602
740 0
7043 0
518 0
9628 0
4120 0
7617 0
3904 0
9709 0
5836 1802
6434 0
8617 0
894 0
8259 0
9207 0
8374 0
4231 0
5946 0
2476 0
9370 0
6106 0
904 0
5504 0
541 0
9309 0
5457 0
263 0
1369 2095
570 0
5966 0
3390 0
9996 440
1082 1310
353 0
2772 0
9908 0
4269 0
9114 0
4363 0
1381 0
1864 0
3482 0
3535 0
6186 0
7835 0
7862 0
9076 0
6109 0
333 0
5361 0
2567 0
8124 0
574 0
6741 0
9120 0
2042 0
1121 0
9829 0
4515 0
2867 0
7011 0
6608 0
6111 372
4655 0
9633 0
984 0
664 0
1880 1893
8567 0
7777 0
9345 0
5036 0
3034 0
4296 0
9998 0
9628 0
122 0
9296 0
7696 0
9199 0
4882 0
1000 0
6440 1228
5289 0
1330 1869
4042 0
147 0
5993 0
3371 0
3023 0
1526 0
7576 0
6075 0
2674 0
5136 0
3176 0
5340 0
3707 0
4813 0
5572 0
6206 0
3871 0
7011 0
6018 0
6235 0
2920 2383
9580 0
7560 0
9514 0
4495 1677
1244 0
8514 0
2833 0
5626 0
6134 0
5185 0
4101 0
6893 0
1918 0
3108 0
9511 0
2036 1781
1682 0
1403 0
4612 0
8579 0
2164 0
7420 0
9387 0
8674 0
122 0
548 0
6077 0
658 0
3456 0
3709 0
9499 0
2555 0
701 0
3016 0
5938 0
4604 0
1922 0
8572 0
5457 0
8174 0
4020 0
2112 0
1334 0
9931 0
7897 0
540 1467
2780 0
1411 1088
2230 0
2463 2406
3831 0
8170 0
4332 0
6055 2817
7240 0
6657 0
7439 0
9019 0
3208 0
8377 0
2924 0
4843 2773
12 0
3328 0
9105 0
3811 0
7998 0
8710 0
9333 0
5809 0
1691 0
8785 0
3022 0
8284 0
4724 0
7599 0
8909 0
6962 0
5379 1826
9510 1237
9642 0
6319 0
4212 0
5496 0
7010 1273
244 0
601 0
7362 0
698 0
1811 0
8810 0
2591 0
5632 0
91 0
1669 0
1873 0
6254 0
4780 0
8129 0
4584 0
8565 0
7422 0
3138 0
841 0
995 0
5626 0
6478 0
2647 0
9144 0
9808 0
8056 0
8041 0
6809 0
7631 0
8598 0
3470 0
4229 513
4997 0
5594 0
2813 0
9681 0
5967 0
5423 0
2049 0
2759 0
9963 0
4505 0
8412 0
5558 2014
5687 0
1563 0
7921 0
9281 0
1452 0
6596 0
3973 0
6255 0
852 0
8387 0
2286 0
4122 0
8525 2890
6274 0
4900 663
4962 0
7610 0
5980 237
8797 0
552 1973
7329 0
4231 0
1269 0
6296 0
7014 0
2355 0
1827 0
3808 0
1194 0
1096 0
9795 0
5247 670
5292 0
2086 2516
3610 0
8102 0
6158 0
3553 0
4989 0
125 0
8788 0
3988 0
6670 0
612 0
9071 0
9826 0
3331 0
4098 0
5396 2932
553 0
8648 1431
3163 0
6102 0
6184 0
3681 0
5694 0
6320 48
9100 0
4784 0
8249 0
4766 0
282 0
8423 0
3129 0
7857 2302
1726 0
5406 0
3937 0
2463 569
6046 0
734 0
7995 0
5096 0
4326 0
5333 0
6702 0
8195 0
1317 0
6727 0
9763 0
8111 0
8576 0
530 0
4483 0
6978 0
4326 0
4864 0
4182 0
7355 0
6464 0
530 0
7894 0
9642 0
6284 0
7372 0
185 0
302 1383
4270 0
1992 2309
4632 0
6085 0
4692 1128
8535 0
6398 0
1581 0
6751 0
7062 0
3949 0
8627 0
3873 0
1927 0
9605 0
7917 0
3469 0
1518 0
1008 0
5990 0
5638 0
4307 0
1273 0
8321 1187
9273 0
6524 0
5625 0
9868 0
2139 0
9449 178
5089 0
8274 0
8681 0
5192 0
7073 0
6900 0
1122 0
4834 0
6922 0
4285 0
751 2216
3019 0
629 0
4103 0
9978 291
8055 0
8021 0
8952 0
5618 0
8262 0
6836 0
199 0
3516 0
2166 0
344 0
6935 0
3064 0
8166 0
6688 0
389 0
9298 0
6958 0
9717 0
9316 0
8804 0
6985 0
3079 0
9150 0
4741 0
1013 0
3363 0
8845 0
7453 0
1095 0
7210 0
4801 0
9275 0
3045 0
635 0
3016 0
2171 0
7884 0
7257 0
8001 298
7870 0
2932 0
5396 558
6318 0
2975 0
9754 0
4709 0
1645 0
2542 0
8878 0
2412 0
4408 0
6440 0
140 0
4432 0
5389 2997
6647 0
893 0
2341 24
3194 0
5613 0
915 0
8478 0
3479 0
822 0
8053 0
7350 0
4435 0
1134 1100
3928 0
4293 0
2926 0
547 0
2372 0
8758 0
7199 0
230 0
5924 0
1071 0
5954 0
3460 0
9786 0
6712 0
8167 568
4382 0
4794 0
1593 0
2178 0
1649 0
8472 0
5568 0
4305 0
15 0
6982 0
8786 0
6404 0
1984 0
9385 668
6872 0
5140 0
6189 0
518 0
6634 0
8086 0
6029 0
4326 0
4480 0
4241 0
5534 0
9511 0
318 0
4640 0
0 0
9436 0
3025 0
317 0
79 0
664 0
9030 0
680 0
8374 0
9855 0
3858 0
8005 0
7124 0
1524 0
4904 1050
1215 0
7957 0
6372 0
5283 0
870 0
4889 0
3113 0
6554 0
5916 0
6925 0
9375 0
4763 0
1425 0
6420 0
3070 0
4313 0
8517 0
9385 0
9629 0
6612 0
5494 0
9133 0
5167 0
9666 0
7455 0
952 0
8952 0
548 215
4925 0
718 333
6226 0
1556 0
4741 0
9816 706
5209 0
7806 0
5939 0
7935 0
9309 0
571 0
1571 0
5943 0
5352 0
9918 0
3727 0
7391 0
6897 0
3193 0
2616 0
5129 0
1497 0
9280 0
3045 0
5095 1026
6433 0
7845 1184
308 0
6655 0
7681 0
6230 0
4038 0
928 0
1504 0
3012 0
1913 0
7843 0
8700 0
5404 0
9214 0
8790 0
5254 0
8625 0
183 0
6220 87
3035 0
9911 0
22 451
8064 0
3752 0
2618 0
1626 0
4822 0
6315 0
8498 0
1703 0
5732 0
7746 0
8292 1849
7135 0
5934 0
5336 0
7347 0
2210 0
4227 0
4141 0
6448 0
6941 0
4198 0
8177 0
3500 0
4265 0
1973 0
6294 0
8285 0
295 96
7849 0
5075 0
5663 0
3717 0
6938 0
9324 0
3735 0
2423 0
935 296
2338 0
7947 0
6785 2092
2947 0
9777 0
4280 0
6326 0
6086 0
6214 0
6133 0
4823 0
2657 0
6212 0
465 0
1948 0
1527 0
2397 0
8817 0
2174 0
805 0
7602 0
7847 0
3174 0
9160 0
953 0
8503 0
5480 0
3323 2572
5723 0
9228 0
7114 0
7537 0
1710 0
7569 0
6343 1981
2811 0
9294 0
3599 29
3889 2883
5253 0
641 0
1381 0
6429 0
5132 0
1532 0
7347 0
1490 0
2638 0
143 0
2650 0
8943 0
1187 0
5876 0
5895 0
362 0
8496 861
1003 0
4787 0
3555 0
9428 0
8549 1328
3211 1799
5205 588
3296 0
8747 2719
9330 0
3238 0
2384 0
3177 0
3664 0
3027 0
7142 0
5811 0
2504 2146
9883 0
4919 0
5488 0
4578 0
7858 517
7330 0
4990 1971
592 0
5554 0
760 1376
9898 0
9978 0
8139 0
7064 1559
177 0
8442 2188
8410 668
5206 0
8261 0
8545 0
512 0
3399 0
3907 0
2345 0
4607 0
6745 0
7052 0
6656 0
8000 0
1411 0
6140 0
8796 0
2464 0
4102 0
5592 0
1696 0
3220 0
5141 0
4119 0
8372 0
6249 0
3343 0
5331 0
5328 0
2286 0
1341 0
7771 2208
3611 0
8196 0
6407 0
9273 0
6402 0
4890 0
809 0
4727 0
8640 0
5763 0
842 0
1813 0
9152 821
9238 0
8460 0
1843 0
1608 0
5227 0
9199 0
6854 0
913 0
776 1393
5427 0
1016 0
4608 0
7608 0
1355 0
4008 0
434 0
4307 0
2413 0
7980 0
8064 0
5217 0
8088 0
658 0
1312 0
7555 0
5962 0
417 0
5887 0
3039 0
5302 0
9379 929
6376 0
4662 0
7934 0
1549 0
3122 0
2318 0
3620 2169
6199 0
4875 2177
8694 0
283 0
1999 0
7747 0
3584 0
8515 0
3160 0
1192 0
7818 0
8579 1317
7060 0
2953 0
5232 0
3049 0
1082 0
6886 0
7539 0
7105 564
92 0
6533 0
4116 0
6970 74
1500 0
3676 0
9492 0
6823 0
8906 0
6817 0
9466 0
5730 0
2628 1600
7510 0
1312 0
437 0
5690 0
6824 0
2566 0
9977 0
6541 0
8666 0
6185 0
7128 0
3067 0
6531 0
9298 593
495 0
9188 0
9482 0
7653 314
3491 0
8706 0
1493 2302
7381 0
4985 0
9901 0
8458 0
7308 0
4322 0
8527 0
9427 0
3346 0
1754 0
9309 0
557 0
4569 0
6113 0
3124 0
9140 0
8838 0
5301 0
3047 0
2828 0
6285 0
6912 0
5206 0
4934 0
9254 0
1854 1276
3838 0
7528 0
314 0
8409 0
6434 0
5378 0
9991 0
5655 0
4124 0
985 0
6853 0
7466 2885
2080 0
1527 0
2859 0
6808 948
5436 0
4176 0
3707 0
1205 0
7330 0
2838 0
4246 0
678 0
9249 0
735 0
5337 0
7590 0
3510 0
2572 0
9419 0
9956 0
365 0
1783 0
8474 0
8014 1757
6859 0
5465 0
2474 0
6636 0
6212 0
6246 0
7221 665
2181 0
7805 99
564 0
7746 0
2838 0
3473 0
4042 0
6586 0
4937 0
9684 1938
6709 0
5104 0
2583 0
2594 0
4295 0
2979 0
2762 0
940 0
6500 0
8004 0
5051 0
9428 0
392 0
1054 0
4163 0
2095 0
35 0
6157 0
9295 0
3902 1691
1956 0
3895 0
7636 0
9315 0
3131 0
6908 0
4744 2965
1982 0
6044 0
8842 0
7374 0
9826 0
5695 0
8210 0
233 1499
2525 0
3484 0
8194 0
5139 0
9714 0
8618 0
3289 0
8914 0
2380 0
960 0
1603 0
7247 0
1076 2589
6893 2680
7320 0
8623 0
9798 0
9773 0
6782 0
1188 0
4030 0
7063 0
4423 0
9440 1880
1569 0
9962 0
8451 0
7689 0
9153 0
9369 0
2413 0
172 0
9620 0
7024 0
5986 0
2256 0
1090 0
6144 0
8885 0
4715 0
6500 0
5856 0
6851 0
7533 0
8926 0
3087 0
206 0
6546 0
1786 0
913 0
2421 0
3928 0
6717 0
6994 0
9316 2152
7177 0
6232 0
7687 0
9210 0
5980 0
4103 0
9444 0
5041 0
6205 0
5895 2472
5989 1586
1141 1486
4534 0
3679 0
5359 0
1914 0
9336 0
1222 0
5238 0
5503 0
1559 0
3760 837
8134 1811
279 0
3103 0
3591 0
8230 0
1066 0
131 0
2362 0
662 0
7550 0
3448 0
1169 2425
4530 0
832 0
4131 0
2564 0
6265 1186
7027 0
8219 0
4786 0
6707 0
5105 0
9892 0
1720 0
2278 0
2293 0
9387 0
4178 0
6879 0
5562 0
8973 0
1882 2686
8733 0
5379 0
8528 0
4418 0
155 0
3606 0
7675 0
1248 0
3389 478
4972 0
1645 0
7071 0
1719 0
1649 940
6139 0
6646 0
9267 0
9833 0
9499 0
704 0
6596 0
6897 0
2972 0
8333 0
7119 0
4955 0
6336 0
6116 0
4243 0
9423 2666
436 0
3120 0
2107 0
3952 0
9231 2359
5753 0
8987 0
8291 0
3417 2277
1699 0
6524 0
5255 0
6293 0
7212 2881
652 0
9478 0
4966 0
8732 0
9600 0
9064 0
3734 0
4592 0
2517 0
7944 0
7055 0
5994 0
1917 0
1081 0
5452 0
9013 0
9968 884
9001 0
4989 0
3111 0
5100 0
2521 0
3250 0
8189 2906
5796 0
6528 0
1414 0
3400 0
8507 0
513 0
9376 0
7394 0
6817 2443
160 0
5529 0
7810 652
607 0
1966 580
5527 0
3359 0
2105 0
2146 0
7625 0
7633 0
4134 0
6534 0
6505 0
5013 0
1823 0
6451 0
2010 0
4115 0
3827 939
6539 0
5831 0
4983 0
1292 0
3843 0
6070 0
2897 0
2418 0
8691 0
5388 0
2638 0
75 0
5206 0
5404 89
469 0
2340 0
3442 0
7309 0
4231 0
1938 0
7344 0
6282 0
1417 0
5309 0
3731 0
5651 0
7738 2426
4908 0
4422 0
6128 0
4569 0
101 0
7881 0
3209 0
7377 0
4822 0
1256 0
9109 0
1149 0
6208 0
8505 0
4458 0
2373 0
308 0
5952 0
4999 0
2771 0
5422 0
478 0
5238 0
5739 0
1553 0
3026 2028
1123 0
5598 0
6710 0
55 0
9839 0
610 0
9339 0
2921 0
1695 0
9966 0
7094 1090
7914 0
6530 0
5946 0
6782 0
1789 0
3335 0
1143 0
7176 0
2525 0
3552 0
3072 0
6327 0
8710 0
2709 0
1134 0
1110 0
7538 0
964 0
1450 0
4248 0
254 1142
9738 0
305 0
9566 0
311 0
965 0
7406 0
2856 0
7633 0
838 738
6977 0
7626 2735
1866 0
2782 0
2117 0
7467 807
78 0
4365 0
4147 2057
8771 0
2460 0
8903 0
7620 0
6341 0
3461 0
6894 0
5894 0
5068 621
375 687
6383 0
3228 0
2463 0
7465 0
8318 0
3195 0
7708 0
3118 0
2395 0
4496 0
4204 0
4186 0
4933 0
9101 0
2417 0
634 0
2632 0
7168 0
3569 0
8731 297
1548 2817
587 0
5259 0
4565 0
195 0
8325 0
1744 0
3525 0
85 0
2246 0
928 0
8119 0
6929 0
4035 0
7042 613
1907 0
3692 0
3721 0
9438 0
7456 722
1381 0
2382 1466
9836 1820
6714 0
2586 413
3741 0
7579 0
5075 0
7384 0
6846 0
8551 0
4778 699
4366 0
7525 1614
5402 0
5344 0
345 0
9192 0
3561 0
6160 0
4905 0
7984 0
4843 0
882 0
8699 0
3734 0
6916 0
9554 0
3762 0
8352 0
3935 0
2699 0
3112 0
6513 1692
9210 0
3327 2287
5553 2859
8368 0
5198 0
7239 0
3611 0
3718 0
8760 0
1488 0
9815 0
6399 0
673 0
4708 0
9728 0
9066 0
4460 0
4898 0
1068 0
9867 0
7168 0
2274 0
1586 0
9197 814
7952 0
1282 0
652 0
8894 0
6612 0
2647 0
6590 0
9794 0
908 0
5445 0
5376 0
2580 0
8215 0
6447 927
4153 0
7574 0
9280 0
7524 0
7403 0
500 0
6719 0
9672 0
7884 0
6985 0
6262 0
6978 0
4419 0
4117 0
9279 0
7196 0
4078 0
607 0
5330 0
589 0
6137 1883
930 0
9237 0
6344 0
6053 0
2838 189
1848 0
6275 0
8563 0
8350 0
4573 452
1725 2901
5037 0
3774 0
1223 0
7298 0
8670 0
2544 0
3013 2372
2969 0
7636 1944
1435 0
8487 0
5792 0
8073 0
5116 0
2652 0
5205 0
2171 0
7676 0
895 0
3380 1941
3658 0
3465 0
5924 0
1129 0
5310 0
3689 0
1124 0
2672 0
6496 0
1426 0
4365 0
4569 0
5814 0
6038 0
9473 0
656 0
1259 0
1129 0
2355 212
2245 0
5718 0
9594 0
7160 0
286 1742
5408 0
5361 0
5815 459
1267 0
1649 0
901 0
9518 0
7651 0
3317 0
9194 0
8332 0
9481 1655
9145 0
2377 0
1375 0
1316 0
6618 2954
1212 0
5319 0
7698 2025
1764 0
1561 0
919 0
4513 0
9069 0
2738 150
3429 0
5942 0
2284 0
545 0
8486 0
835 0
1729 0
9408 0
654 2459
6744 0
9139 0
4703 0
4633 0
5211 0
9911 0
8844 0
1056 1159
1554 0
2159 0
4555 0
8272 0
1982 0
7876 390
5566 160
8770 0
80 0
4347 0
5379 0
6874 0
6876 0
2902 0
7985 0
3065 0
1007 0
5368 0
1761 0
4544 0
7809 0
3488 0
7167 2092
852 0
7225 0
9465 0
8674 0
9255 0
4964 0
1399 0
2921 0
6897 0
1198 0
2963 17
1300 0
3650 0
600 2164
4964 0
2966 0
2716 0
1445 0
9242 0
9810 0
5934 0
8263 0
9826 0
2728 0
396 232
9144 0
4956 0
265 0
634 0
5083 0
190 1481
1679 0
9447 0
7948 0
9882 0
9998 0
293 0
6777 0
4526 0
3024 0
9947 0
9941 0
2943 0
2116 0
1219 0
2797 0
9221 0
9750 0
1651 0
328 0
8627 0
8531 0
7664 0
1955 0
1833 0
2263 0
898 1598
37 0
2780 0
9942 0
4969 0
7784 0
8443 0
2701 0
1719 0
1482 0
6053 0
1300 2582
2682 0
9660 713
2523 0
7394 0
823 0
3253 0
8417 0
44 1515
7018 0
9575 0
4511 359
1393 2743
3807 0
4706 0
3942 2620
6917 0
5096 118
9589 1771
7058 0
8530 0
1087 0
7198 0
3858 1597
3980 0
2595 0
6663 0
7228 0
755 0
5796 0
9161 0
7360 0
6036 0
5840 0
7269 0
8678 0
5495 1752
3142 0
6062 596
2589 0
2308 0
6553 0
1163 0
6358 0
5820 0
6598 0
7086 0
5881 0
4010 0
5859 684
2477 0
8747 0
4129 0
627 0
6392 0
5998 0
1709 0
8689 0
279 0
9369 0
7455 0
3697 0
4680 0
8288 0
9171 0
8599 0
9361 0
3171 2047
4195 0
7136 0
1644 0
9553 0
9484 0
1794 0
6197 1690
6805 0
1864 0
9098 0
6437 0
3482 2846
2264 0
4650 0
9393 0
3472 2226
5323 0
8264 0
1417 0
5573 2332
9362 0
6509 0
8758 0
1456 0
7414 0
9779 0
1905 0
9492 0
3209 0
6338 0
3185 0
8397 0
9102 983
8076 0
8008 0
1985 0
8917 0
3715 0
862 0
164 0
1969 0
4198 0
1787 0
152 0
1519 1831
2620 0
1917 0
3889 0
2759 762
2184 0
4073 0
4971 0
9928 0
4639 0
371 0
1191 0
6641 0
8836 0
4375 0
6075 0
9096 0
6568 1281
2208 0
3265 0
783 0
3934 0
1721 0
1077 0
4548 0
6993 0
1006 0
3685 0
4728 0
3516 0
1322 0
7238 0
701 0
5202 0
976 0
646 0
4514 2931
1760 0
725 0
7934 0
3699 0
4642 2394
6412 0
1911 0
499 0
2871 0
4961 0
6342 0
7213 0
1220 0
9694 0
5393 0
7094 0
6300 0
3363 0
5751 0
2027 0
8252 0
991 0
8424 0
9433 0
3222 0
157 0
7990 0
884 1852
2213 0
807 0
4884 0
6862 0
9742 0
2755 0
7861 0
9568 0
5179 0
962 0
638 0
9137 0
2302 0
802 0
7283 0
9318 0
6360 0
1978 0
9328 0
4587 0
3074 0
6554 0
5214 0
9943 0
2974 0
1242 0
700 0
7180 0
1736 0
2789 0
9967 0
9240 0
1931 0
8742 0
9211 0
2411 0
1011 0
8358 0
437 0
2428 0
5557 0
878 0
8588 2155
7947 0
2530 0
5274 0
2292 0
9959 0
3957 0
3895 0
9179 973
716 0
6670 0
813 2030
1774 0
227 0
4697 0
4099 0
2037 0
7537 0
4118 0
6146 1258
5843 0
8059 0
7592 0
3742 0
4348 0
6961 0
3543 0
7233 2119
8206 0
1923 0
5380 2266
2009 0
7631 0
6873 0
1331 2708
2019 0
7361 2930
8066 0
4974 0
9333 0
7789 0
5689 0
5587 0
593 0
5599 0
3931 970
1562 0
5824 0
141 0
4591 0
8390 0
1198 2158
8962 0
8823 0
4379 0
1292 0
6539 0
3137 0
8375 0
8695 0
2225 2754
6036 0
5556 0
7383 303
1643 0
9091 0
3265 0
4141 0
9733 0
2667 0
9616 0
8383 0
6777 0
876 1636
1798 0
5958 538
3356 158
7847 0
855 0
8076 0
7039 0
6008 0
3888 0
4856 0
3219 541
8621 0
6721 0
5793 0
6106 0
1745 0
9922 0
4622 0
5117 0
6267 0
1997 0
5677 0
7153 0
2582 94
9207 0
7796 0
1839 0
7254 0
3595 0
5633 0
1268 0
4721 0
4147 0
6807 0
8592 0
4359 0
1806 0
8639 0
5747 0
8409 0
2677 0
4726 0
8586 0
5313 0
5762 0
2572 0
7020 0
9411 534
2390 0
4528 0
9314 0
6417 0
4893 0
4190 0
3335 0
7917 0
6848 0
9910 2762
3650 0
9823 0
4737 0
