3000 1597
7486 0
9464 0
3702 0
9570 0
5892 0
5593 0
5048 0
9556 2450
1115 0
6244 2030
1436 0
3928 0
5892 0
3497 0
1952 0
8088 0
7072 0
3955 0
8871 0
9001 0
6474 0
4537 0
5145 0
8663 0
2002 0
6183 0
2493 0
687 0
3167 0
5283 2223
7351 2063
5193 0
6305 0
4153 0
2608 0
6494 0
7374 972
8018 0
7529 0
3652 0
5220 0
2367 0
2683 0
6864 2181
1311 0
4710 0
170 2490
8953 0
9972 0
5827 0
6185 0
7471 0
3667 0
5214 0
4391 0
1112 0
1721 0
1378 0
2268 0
6944 0
9773 0
2728 0
4477 0
3398 0
8958 205
6782 1435
2272 0
183 0
8021 0
7559 0
2811 0
9443 0
8214 0
7255 0
1836 0
986 245
3958 0
855 0
821 1669
6443 0
9051 0
4568 0
280 2921
6173 0
1738 0
3444 0
1769 0
3759 0
453 0
8684 0
9639 0
6408 1293
4617 0
3193 0
3040 0
6759 0
2711 486
3810 0
4509 0
8062 1824
9411 0
3794 0
5779 0
8318 0
2032 0
6201 0
3107 0
283 2942
6063 0
72 0
2739 0
1245 0
4571 0
3452 0
6465 974
3268 0
679 581
3688 0
9690 0
384 0
6094 0
4445 1225
2465 0
5966 0
1913 0
3253 0
9429 1480
3543 0
6769 0
339 0
780 0
5300 0
4297 0
9507 0
614 0
8643 0
9472 2589
771 0
9355 0
3276 0
3390 0
2186 0
4839 0
3583 0
2353 586
3507 1146
2483 312
8874 0
5172 0
3128 0
6441 0
6489 2057
4868 0
6377 0
2995 0
6706 0
4488 2696
5754 0
6098 0
2109 0
2561 0
7136 0
8787 0
4087 0
9073 0
3417 0
3413 0
5040 564
4899 0
105 0
9314 0
5261 0
2308 0
4677 0
5447 0
4582 0
5012 0
4199 0
7424 0
8197 0
1519 0
1911 0
3906 0
4977 1470
8952 0
9778 0
6293 0
3150 0
7813 23
2594 0
492 0
9981 0
1495 0
7528 0
1666 0
35 0
7687 0
8649 0
8621 0
4277 2520
7855 0
8755 1232
7656 2116
9369 2238
2458 0
4585 0
6165 0
2656 0
1993 1544
9527 0
6301 0
2390 0
755 812
4820 0
1780 0
431 503
9312 0
4143 0
7675 0
3584 0
5354 0
7310 0
3384 0
9273 0
6284 0
1032 0
1479 0
6070 720
9899 0
127 0
6334 0
3467 0
6361 0
2069 2509
264 0
2095 0
884 2175
5312 0
4449 0
9156 0
3066 0
7792 0
4129 0
601 0
7314 0
2830 0
443 0
1917 0
8577 0
1915 0
9716 0
6714 0
5438 0
6622 0
2159 0
5538 0
3953 0
5093 0
1032 0
5684 0
1058 0
5527 0
6077 0
6091 0
7804 0
1008 0
7347 0
7572 0
70 0
5672 0
6420 0
9574 0
8269 0
2430 0
1795 0
2338 0
4885 0
9279 0
7620 0
9982 0
617 0
2029 0
2266 604
4245 0
3341 0
7936 0
8339 0
1304 0
2933 2185
1517 0
3219 0
5781 0
889 0
6197 0
4263 0
7704 0
6358 0
3334 1275
2149 1140
5892 0
6390 0
4343 0
737 340
6501 0
3877 0
1030 0
1151 0
8030 0
2556 0
3597 0
5323 0
2059 0
9389 0
8297 0
2518 0
2458 0
1123 0
8959 0
7388 0
8765 0
3597 0
2295 0
1255 0
8506 0
4756 0
9904 0
7916 0
9928 0
7937 2083
7798 0
6579 0
1460 56
8767 0
2832 0
799 2316
8706 0
6933 0
7065 0
6347 0
6024 0
4448 0
3284 0
8328 0
7206 0
9935 0
7243 0
2967 0
8793 0
619 0
6345 0
1060 0
5163 0
995 0
1042 0
7151 0
357 0
8536 0
1833 0
2918 0
734 0
4598 1803
1753 0
428 0
8753 0
9419 0
3150 0
5188 0
2842 0
8546 0
9848 0
3994 0
1023 526
7271 0
7526 794
1256 0
1304 0
5434 0
7384 0
7785 0
2404 1488
3812 0
5288 0
120 0
7910 0
3583 0
8658 0
8573 0
5151 0
5135 0
1476 0
8963 0
8019 0
8287 0
8039 0
9425 1538
4286 0
7875 0
8621 0
7925 0
1723 0
5644 0
6732 2458
8046 0
465 0
7411 0
1975 0
1500 0
7814 0
1870 0
272 0
2823 0
651 0
6775 873
3628 857
2710 130
2302 1797
1007 0
1428 0
8077 0
7399 0
5616 0
6305 0
3160 0
2107 0
7822 0
1861 0
3822 0
7752 0
4942 0
5459 0
2670 0
9412 0
7650 0
4049 0
4262 0
1371 0
3582 0
5842 0
5437 0
9174 0
7713 0
5610 0
7259 0
5141 0
3361 0
5530 0
455 0
2910 0
2852 0
6820 0
8179 0
2480 0
6235 0
1367 0
8713 0
6249 0
3297 0
8390 0
2607 0
8137 1994
1397 0
510 0
4277 0
4290 0
9249 0
6499 2053
9072 0
4916 0
6776 0
3542 0
8226 0
9453 0
2908 91
1940 0
7226 0
1789 0
9381 1306
744 0
3621 0
5926 0
5794 0
3698 0
2727 0
6206 0
9954 0
8703 0
7979 0
3163 0
5160 0
5341 736
5783 269
9541 0
9628 0
4349 0
6181 0
2027 0
6570 0
674 0
313 0
6764 0
4277 0
3128 0
2411 0
9433 65
9360 0
3487 0
2222 0
860 0
9603 0
1459 0
5189 0
8583 0
4798 0
2901 0
7206 0
2651 0
3218 0
5073 0
9834 0
1398 0
541 0
5150 0
6409 0
6141 2259
7405 0
144 0
1939 0
4233 0
9269 0
6438 0
5914 0
1231 0
5575 0
2765 0
752 0
248 0
2708 0
9520 0
752 0
7757 0
4861 0
3897 0
6219 0
1830 0
5285 0
5812 0
3551 0
2901 0
7136 0
6548 0
7985 0
9914 0
2707 0
565 0
1485 0
767 0
2823 0
7843 0
9386 0
1605 0
1555 0
7312 0
1342 0
6280 0
8919 0
2706 0
9525 107
6327 0
2335 0
7880 0
4648 0
9092 0
7910 0
8856 0
551 845
5211 0
9275 0
6757 0
411 0
1439 0
2111 0
2279 0
3063 0
5409 0
2085 0
9568 0
9750 768
529 0
6145 0
3961 0
7095 0
5496 2792
9649 0
847 0
7239 0
973 1742
843 0
8362 0
9198 0
5295 0
3185 0
3811 0
6904 0
3427 2878
4030 0
4656 0
4240 142
792 2574
9209 284
7762 0
9723 0
5704 0
7422 0
9966 0
1405 0
7074 0
8394 0
7585 0
902 0
8104 0
3215 2479
253 1827
4575 0
7471 0
7137 0
3126 530
5489 0
1012 2789
7063 0
4485 0
7664 0
2880 1240
3798 0
2067 0
5038 0
6324 0
7138 1016
4685 0
6050 0
2412 0
4519 0
4568 0
266 0
3523 0
3468 0
7308 0
2707 0
3224 0
541 0
1578 0
5308 0
417 0
5467 0
2819 0
1662 0
1784 0
5668 2875
990 1840
5809 0
3594 0
3029 0
9669 0
5555 0
5428 0
1097 0
4045 1964
3205 0
8911 0
5815 0
7051 0
6148 327
8254 0
4457 0
1880 0
9872 0
7132 0
1767 0
9533 0
3277 0
763 0
5826 0
2932 0
778 0
1122 0
2465 0
5111 0
8786 0
5214 0
9853 0
5755 0
4415 0
8873 0
355 0
392 0
6104 2145
111 0
980 0
8460 0
4355 0
381 0
5902 401
9802 0
6793 0
6921 0
5540 0
3079 0
3739 0
1012 0
7217 0
5306 0
3089 0
7359 0
8148 0
8888 0
8667 0
293 0
9002 0
7817 168
4448 0
3257 0
8913 0
8736 0
3447 0
5305 0
9820 0
2549 0
5832 718
6392 0
9195 0
9957 0
6825 0
7046 0
8973 0
2731 0
8175 0
4052 0
2448 0
9082 2641
3496 0
4677 1185
9858 0
179 0
8408 2564
179 0
3767 0
6591 0
138 0
4158 0
1192 0
4163 0
2471 0
3499 0
4207 310
2703 0
7674 0
5082 1121
882 0
7030 0
3736 0
6090 0
4274 0
538 0
7958 0
1430 0
8112 0
9479 0
9312 0
310 0
566 0
1022 0
4154 0
4806 0
270 1344
2628 0
5134 0
1444 0
9214 0
4376 0
1716 0
6182 0
9827 0
2287 0
1579 0
6893 0
6530 0
3216 0
7375 0
917 2712
983 0
7818 0
8256 0
2972 0
9308 0
6255 0
6955 0
6306 0
4904 0
8480 0
9977 0
6029 0
235 0
2155 0
7678 0
7924 1074
4681 0
1091 0
3903 1030
9310 0
1940 0
4453 0
1303 0
7630 0
4386 0
5167 0
7172 0
8743 1718
6859 0
7198 0
6131 0
9776 0
4647 544
3788 0
7811 1296
4463 0
8643 0
4909 0
2954 2092
488 0
3791 2016
4767 0
6727 0
6371 0
2006 0
5979 0
4394 1076
1988 0
8399 0
6912 1456
5634 0
337 0
121 0
6447 0
6305 0
277 0
5199 0
3543 0
7293 0
1116 0
5496 323
3940 0
5129 0
2961 0
5337 0
7969 0
3303 0
8186 0
8296 0
393 0
3754 0
6515 0
2201 0
6489 0
6971 0
8187 0
7696 0
7959 0
4581 0
6022 0
6856 0
5390 0
7568 0
1663 0
4306 0
7082 0
2246 0
5604 0
3976 0
4161 0
728 0
1162 0
8663 0
8208 0
3045 0
6143 1851
7902 0
4282 0
91 0
1054 0
6691 0
9651 0
3598 0
1760 0
2270 0
778 0
3567 0
5551 0
8154 0
4269 0
9699 0
5289 0
6359 0
7042 0
1671 0
3255 0
1153 0
8848 1192
6904 0
1795 0
9786 0
1621 0
8266 0
7327 0
2490 0
9922 0
9588 0
1968 1590
1550 987
18 0
5890 0
2201 0
1605 0
3043 0
5026 0
5181 0
6469 0
244 0
2247 785
5830 0
5671 0
2835 959
6184 0
6657 0
8984 0
3793 0
8666 0
397 0
771 0
3449 0
8727 0
5216 0
7077 0
4465 1616
1707 0
100 0
2369 0
8436 0
4229 0
4128 0
2900 0
4161 0
2500 0
9816 0
2323 0
5425 0
6759 0
5463 0
6089 0
9742 0
4821 0
4243 0
5670 0
7043 0
3916 0
5769 0
1539 0
7349 1543
1110 757
8824 0
1003 0
709 0
2375 0
5793 0
3066 88
265 1316
6430 0
2712 0
7024 2804
4886 0
3092 0
5867 0
8119 0
5156 0
5477 0
8994 0
2155 0
7463 0
1038 0
4012 0
6644 0
8014 0
2433 0
159 0
5340 0
8994 0
9165 0
6429 0
9556 0
4056 0
7778 0
8296 0
3288 0
9965 2943
801 0
5225 0
2985 0
5580 0
7726 0
8650 0
4591 0
5168 0
2707 0
4472 0
2088 0
9510 0
9446 0
6027 2424
4629 0
2722 0
7933 0
3517 0
500 0
646 0
551 0
2819 0
2880 0
2773 0
8692 0
5671 0
7176 0
6648 0
6674 0
4264 0
4339 0
5890 0
6829 0
5357 0
3736 0
1836 0
3702 0
1162 0
754 0
5822 0
6943 0
2283 0
5902 0
8043 0
7742 0
8140 0
2370 0
4641 0
6671 0
1011 0
1940 527
1468 0
3559 0
2327 0
7796 0
922 2671
9994 0
6146 0
3215 320
7816 0
7650 0
7131 0
8105 0
1278 0
7594 0
9387 0
8713 0
5696 2413
9585 0
7035 0
9025 0
6229 0
1515 0
1754 0
9358 0
4869 0
2349 0
1108 0
6322 0
761 0
6298 0
5403 0
1756 0
3776 0
6846 0
8650 0
4315 0
5765 0
2920 0
5118 0
7873 0
4080 0
2267 0
6058 0
5163 0
9890 0
579 0
5213 0
7394 0
6969 0
5099 0
1445 0
3126 0
4887 0
5228 0
3063 0
4294 0
3333 0
2014 0
399 0
2706 0
59 0
5733 2032
8991 0
7808 0
5549 0
1361 0
3172 0
8081 0
528 0
6122 0
6140 0
2449 0
7346 0
5346 0
8944 0
6371 0
277 1325
7366 2763
2047 0
13 0
8224 0
7566 225
278 0
3927 0
5978 0
8798 0
9625 0
4612 0
4833 781
4743 0
4016 0
8760 0
7279 0
3632 0
8654 0
6106 0
131 0
7233 0
5119 0
4310 0
3552 0
7625 0
8697 0
8353 1358
3274 0
52 2599
268 0
4399 0
8517 0
8650 0
8882 0
1080 0
5762 0
8243 0
1579 0
1690 0
1459 0
4028 0
1164 0
2197 0
7344 0
5689 0
8886 0
509 0
5543 0
7974 598
3945 0
9067 0
6 0
1671 0
8589 0
8363 0
6645 0
3663 0
3505 0
4162 0
4678 0
4058 0
7469 0
2899 0
9792 0
1043 0
4245 0
5835 0
9613 0
1534 0
4422 0
1419 0
414 0
5878 0
2739 0
538 0
8204 0
3013 479
4998 0
5466 1359
4954 0
2925 0
2322 0
26 0
7096 0
2006 0
3345 0
6700 0
999 0
6745 0
9122 0
9003 0
9922 649
9351 0
5989 0
5031 0
8863 0
3601 0
9514 0
619 0
7871 0
4652 0
9667 0
7125 0
9923 0
5511 0
2622 0
4357 0
4931 0
6324 0
5202 0
3463 0
1219 0
3923 0
2023 0
1781 0
5532 0
863 0
3927 0
8842 0
5380 0
3720 0
2838 0
1450 0
9344 0
1890 0
7755 543
6392 0
3661 0
2070 0
3150 0
6612 0
3724 0
9863 0
5605 0
5572 0
530 0
4118 0
8356 0
7846 0
3247 0
5122 0
9925 0
5115 0
9695 2351
7530 0
5384 0
2545 0
7922 0
6334 0
7118 0
6802 0
8635 0
5263 0
4742 0
5424 0
5761 2778
6296 0
6826 0
8624 0
2336 0
3045 0
8807 0
5354 0
5787 0
6006 0
3221 0
813 0
3983 0
1055 0
679 2602
6374 0
6852 0
365 0
1497 620
3365 0
6506 0
9600 0
2668 0
317 0
8240 0
2501 0
1557 0
1164 0
5898 2818
6730 0
8521 0
5711 0
5976 0
5906 507
6441 1032
914 0
9738 0
2610 0
6401 0
2265 0
3365 0
4533 2081
4294 0
9023 2347
41 0
3380 0
1078 0
5834 0
228 975
9103 0
659 0
1444 0
4370 0
210 0
3543 2026
1484 0
1963 0
3668 0
2537 0
2911 0
3825 0
6357 0
105 0
2412 0
1655 0
3471 2607
8209 0
3484 0
250 0
3746 0
326 0
3264 0
9815 0
8193 0
4906 0
6196 0
6876 0
7061 2828
4336 0
3970 0
4992 288
4931 0
3821 0
2105 0
7330 0
9468 2378
1331 0
2422 0
3379 2940
1404 0
7374 0
1633 0
3438 0
8054 0
789 0
142 0
3812 0
5032 0
8132 0
6986 0
5737 0
8822 0
8808 0
4058 0
1616 0
224 0
2023 0
3460 0
7087 2737
5861 0
9186 0
6717 0
9209 1989
1324 2336
2327 0
7719 0
9017 0
6092 206
9554 0
2716 0
5149 0
4267 0
4158 0
7549 0
7099 0
5491 0
1301 0
5674 0
6580 0
4753 0
8893 0
7259 0
3058 0
309 0
2268 0
7722 0
1178 0
2558 236
9112 0
5184 0
4001 0
4951 0
6921 0
3774 0
888 0
6083 0
4821 0
6955 0
6950 0
7411 0
2071 1503
3584 0
7177 0
3782 0
3759 0
8919 0
2028 0
1016 115
810 0
113 0
4677 0
1811 0
258 2381
9750 0
4384 0
6015 0
1335 1081
9477 0
8814 0
5410 0
4482 0
8844 0
6226 0
4856 0
7084 0
2187 0
1288 0
6911 0
8281 0
9329 1184
267 0
2789 0
6456 1961
5872 0
1255 0
6469 0
5139 0
3453 0
5360 0
742 0
8052 0
8975 0
6962 0
7961 0
4502 0
633 2185
2499 0
8685 0
9355 0
2445 0
5165 0
4154 0
7053 0
9618 0
4327 0
6230 0
3412 0
7869 0
114 0
8441 0
4429 0
4160 0
3153 0
6008 0
1881 0
2510 0
5923 0
3892 0
9334 0
2458 2428
1575 849
7719 0
8947 0
8555 0
921 0
2858 0
9841 0
2963 0
2241 1283
9895 0
9010 0
5969 0
5388 2478
3681 2348
4862 2048
8766 0
6275 0
5334 0
9226 0
8818 0
798 0
3600 0
2237 0
4229 0
3729 0
4406 0
4594 0
7907 0
4140 0
4818 0
3876 0
8342 0
2718 0
4402 1327
382 0
9185 0
6790 0
7952 0
474 0
5977 0
6961 0
3002 0
6662 0
8997 0
1463 0
2021 0
8933 0
3492 0
7699 0
7067 0
281 0
2162 0
4298 0
1686 0
1157 0
4144 0
7054 0
5969 0
3663 0
7978 0
2659 0
7820 0
8033 0
7376 0
2572 0
4865 0
4189 0
1891 0
3105 0
81 0
2045 0
7156 0
835 3000
2743 0
6807 0
8718 0
6928 0
8795 0
1163 0
9864 0
1392 0
9372 0
9667 0
3524 1902
156 0
5026 0
1932 0
9151 0
6288 0
3834 0
446 0
581 0
3798 0
8066 0
2107 0
2445 0
1745 39
1948 0
9373 0
3206 0
8839 0
7643 30
2774 3
107 0
6106 0
3902 0
3715 0
9685 0
5764 0
9207 0
3651 0
3318 0
745 0
4394 0
2751 0
5737 0
9158 0
1735 0
2499 0
4671 0
1543 0
986 1384
1433 0
2943 0
636 0
3613 0
8595 0
7657 0
9831 0
7262 0
2101 0
3973 0
6216 0
2385 0
829 1196
7846 0
3434 0
2888 0
3447 0
8299 0
4494 0
2955 0
633 0
1645 0
9293 1885
6976 0
7825 0
8383 608
730 0
5378 0
5840 0
1545 0
8660 0
1481 0
9582 0
6865 0
898 0
7004 0
6857 0
2268 447
8410 0
2472 0
7995 0
3950 0
7725 0
920 0
7240 0
523 0
5310 0
8336 0
9316 0
6732 0
3425 0
7490 0
3413 0
7929 0
2311 0
6366 2042
156 0
1351 0
5664 0
5768 0
4800 1765
4930 0
1793 0
2742 0
8615 0
7105 0
4452 0
2569 0
6789 0
9878 0
6985 0
1041 0
4918 0
685 2
3386 0
9181 0
3333 0
8911 0
6150 0
4620 0
143 0
9162 0
140 0
1835 0
1652 0
1086 0
4056 0
268 1046
6037 0
4789 0
7926 352
2470 0
3200 0
4080 0
1842 1331
3992 0
7746 0
7159 0
4195 0
6037 251
4504 0
3973 0
1910 2759
129 0
6589 2211
8095 0
8569 0
2173 0
1500 0
9741 0
2268 0
6250 0
1585 0
4841 0
5511 0
7493 0
7347 0
4955 0
3453 0
8507 0
3292 0
7755 0
6810 0
9691 0
2806 0
5646 0
5082 0
4581 0
1405 0
5589 0
8926 0
999 0
8199 0
3327 0
2798 0
3564 0
4440 1476
3515 0
42 0
4831 0
9397 0
1628 0
9810 0
9664 0
5322 0
2496 0
9646 0
4433 0
8635 0
7136 0
2177 0
4084 0
5480 0
2674 0
8071 0
908 0
6782 0
4348 0
8964 0
5079 0
3366 0
8528 0
6814 0
4437 0
297 0
9216 0
674 0
4546 0
2371 0
4835 0
1344 0
7492 0
1752 0
405 0
2860 0
123 0
6463 0
5629 0
6565 0
8436 2001
8923 0
9612 0
987 0
4517 0
9153 0
4267 0
2903 0
4111 0
4791 0
7538 0
7416 0
8224 0
6361 1489
841 0
9385 0
1445 2023
7321 0
8076 0
2750 0
9700 0
1122 0
8843 0
941 0
1832 363
9785 0
8953 0
8953 0
3975 0
7466 0
9185 0
37 0
5698 0
5797 0
4716 0
1581 0
7568 0
9761 0
4808 2632
4551 0
1914 0
1528 0
5710 0
5636 1012
4849 0
9512 0
7989 0
5575 866
5951 0
8315 0
6156 0
8943 0
5299 2207
4192 0
3335 0
1835 0
7870 0
2021 0
8477 0
7208 0
2983 2500
687 0
7048 0
3525 0
2003 0
4276 993
8653 0
3758 0
5859 0
6541 0
551 0
3097 0
6629 0
3913 0
9969 0
7098 0
9713 0
9236 0
1056 2707
5127 0
1034 0
42 0
7997 0
9789 0
8953 0
1354 0
6142 0
2765 0
2373 0
5788 0
294 0
3896 0
935 1297
4306 0
8368 0
6776 0
7126 0
9065 0
4431 0
6915 0
8342 0
1540 0
2284 0
6382 0
4318 0
6849 0
7386 2441
9003 0
2221 0
1912 0
3638 0
1031 0
6566 0
6315 0
5281 0
2964 0
6509 0
1426 0
8512 0
1999 0
2655 0
6915 0
8045 0
6574 0
3696 0
1075 0
5182 2903
8455 0
5186 0
8939 0
2471 0
4030 0
5661 2221
6109 0
7149 222
9460 0
2685 0
5859 0
3688 0
1101 0
6291 0
8508 0
5267 0
9052 0
3113 0
8689 0
4963 0
5636 0
2157 0
2899 0
4219 0
9174 0
4232 0
6204 38
1488 0
1595 0
9890 0
8768 0
3751 0
5286 0
2127 0
8605 0
8986 0
3472 0
1260 0
9782 783
5766 0
1742 0
2796 1079
4856 0
8076 0
7784 0
155 1426
3619 0
2399 0
484 0
9798 0
7214 0
4626 0
8411 0
3531 0
8117 0
7544 0
8000 0
1719 0
1736 0
5941 0
7243 1345
3984 0
4766 0
105 0
2554 0
2865 0
7553 0
46 0
1258 0
7286 0
7855 0
1161 0
4128 0
6208 0
2655 0
7874 1890
8301 0
3523 0
7375 0
7793 0
9892 0
5493 0
2329 2658
4951 2260
2971 0
6857 0
3037 0
4116 0
3945 0
3128 0
6410 0
5958 0
6031 0
9534 0
2417 0
5731 0
5309 0
4819 2439
8038 0
9562 0
3236 0
356 0
2811 291
6015 0
4556 0
2409 0
2046 0
3244 0
3535 0
6036 0
5136 0
6646 0
1449 1030
208 0
1641 0
3419 0
3740 0
7702 0
4329 0
72 0
9216 0
4736 0
4094 0
5229 0
3831 0
2750 0
9897 0
2103 0
9037 0
4145 0
7761 0
3012 0
2921 0
5900 0
3612 1610
8517 0
1337 0
5350 0
9074 0
1517 0
1263 0
1044 0
2614 0
1935 0
318 0
957 0
9828 0
9942 0
1009 0
8883 0
9902 0
5502 433
3351 0
3237 2429
2694 0
6728 0
3455 0
5080 0
3637 0
8023 0
3582 0
6597 0
7069 0
9660 0
6736 0
615 640
4209 0
783 0
1318 0
2018 0
3423 0
4332 0
9978 0
6368 0
9131 1222
5180 0
6093 0
7116 0
9244 0
253 0
9049 0
1399 0
1416 0
7503 0
2838 0
2725 702
2303 0
3767 1411
5437 0
3164 0
596 0
6154 0
7781 1682
630 0
2232 0
2618 0
6229 0
147 0
9750 0
8477 0
9608 856
7776 0
1025 326
3011 0
1785 0
1733 0
4842 1377
6148 0
4498 0
2356 0
3132 0
1274 0
3355 0
4611 0
2422 0
5268 0
3466 0
6083 0
9262 1807
2512 0
9705 0
5070 0
3527 0
6304 0
7285 0
4827 0
4039 0
3171 0
5551 0
4212 0
574 0
4847 0
6661 0
9142 0
8277 0
7261 2714
6981 0
1450 0
6549 0
2745 0
3160 0
6026 0
1468 0
8222 0
2477 0
1014 0
8739 1299
8406 0
881 0
6049 0
4133 0
7299 0
3474 0
3168 0
3404 0
871 0
8023 0
1410 0
5365 0
1363 0
4388 0
1711 0
3433 0
4309 0
5372 0
2437 0
5120 0
3029 0
5165 0
3828 1806
5988 0
4242 0
1295 0
9959 0
1650 0
6093 824
4307 0
2399 0
4935 2884
8677 0
8772 0
2727 2184
3614 2959
816 0
1525 0
8435 0
1161 0
2228 0
6578 0
5820 0
8597 0
647 0
5530 0
7559 0
9104 972
4649 0
2397 1353
8587 2276
2447 404
4614 0
3591 0
2343 0
8420 0
2500 0
7638 0
3639 0
5258 0
6896 1713
9726 0
3173 0
3919 0
4946 0
5233 0
6057 0
2791 0
8792 0
2642 0
8223 1646
5634 0
5213 0
756 0
8639 0
2332 0
3447 0
9209 0
8411 0
9492 0
7468 0
8512 0
8414 0
1783 0
4196 0
7671 0
1114 2074
6120 0
2220 0
3639 0
9493 0
6893 0
5727 0
8180 0
8384 0
3959 0
1747 0
7855 0
9433 0
6793 0
9580 0
756 0
3098 0
8751 0
3073 0
9516 1581
2729 0
1882 0
7393 0
3392 1444
4478 0
8582 0
4699 0
540 0
5837 0
3551 0
1200 0
5080 0
2333 611
8597 2934
2122 0
2918 0
1854 0
4513 0
4890 1560
7177 0
2154 0
5024 307
9889 0
1008 0
9946 0
882 0
4809 0
4346 0
9596 0
6861 0
2639 0
1062 0
6770 0
6900 0
606 0
1001 0
7334 0
1795 0
6408 0
5077 2469
8451 860
1645 0
325 0
6281 0
7589 213
2932 0
984 0
1639 0
2385 0
3974 0
9627 0
9576 0
1148 0
9301 0
8666 0
428 0
2217 0
7701 0
976 0
568 0
6913 0
1819 0
3567 0
3379 0
2874 0
7279 0
994 0
7987 0
6761 0
6758 0
4519 0
5798 878
745 0
5108 0
2299 0
3899 0
6864 0
9231 0
9255 0
3347 0
8503 0
8086 0
165 0
4544 0
4967 0
4155 0
148 0
8285 648
1390 0
951 0
6640 0
8286 0
160 2191
1695 0
2629 2604
8957 0
835 0
2798 0
593 0
2322 2214
4057 0
6094 0
5166 0
4691 0
397 0
8777 0
4588 0
2176 0
2398 0
9524 1926
2334 0
2722 0
7181 0
3688 0
3337 0
8099 0
3046 0
5111 0
2837 0
3090 0
8819 0
7851 0
3955 0
7478 0
7779 0
8491 0
2150 0
736 779
1214 0
60 0
2411 0
9420 0
4747 0
8127 0
1604 1189
3581 0
4325 0
1059 0
4126 0
5588 867
2709 0
9906 0
3100 2181
759 0
3722 0
4169 0
216 0
9885 0
8591 0
3341 0
6783 0
2626 0
3619 0
4292 0
9315 0
9010 0
7657 1008
2407 0
9316 0
6176 0
7393 0
8456 0
4273 0
5133 0
721 0
856 0
3262 0
5083 0
7895 0
6767 0
7089 0
7505 0
1476 0
466 0
5555 0
7003 0
5216 0
8140 0
5573 0
8987 0
9118 1120
6589 0
8031 0
6591 0
556 0
1914 0
5868 0
6266 0
9847 0
9170 0
3441 0
710 0
5806 0
2660 2630
667 0
812 0
1522 0
2091 0
6092 0
9540 0
1388 0
2861 0
4660 0
3290 0
3011 0
537 0
1570 0
6068 0
9200 0
8174 0
4448 0
9940 0
4861 0
1829 242
2521 0
3488 862
2738 0
9882 0
6108 0
7934 0
5908 1301
4936 0
2104 0
3329 0
701 0
6211 0
5758 0
5583 0
2536 0
6134 0
9385 0
3304 0
175 0
7044 0
9040 2796
9158 0
9569 0
4569 0
276 0
972 0
9764 0
127 0
9612 0
5637 0
3487 0
2929 0
1946 0
6777 0
1219 0
7001 0
2631 0
6128 0
4516 0
8781 0
9500 1304
3563 0
9987 0
3097 0
4446 0
5908 0
916 0
8449 469
4614 0
5284 0
4451 0
7222 0
1957 0
8971 0
1707 0
2739 0
5015 0
3670 0
4484 0
3429 0
6271 1597
718 0
9886 0
1395 0
9232 0
8129 0
1238 0
6780 0
2151 0
1139 0
2672 0
8864 0
3069 0
1355 0
9119 0
6978 0
7384 0
1066 0
3525 0
994 0
5723 0
6189 0
4820 0
5629 0
4122 2847
3109 532
5795 0
9332 0
1303 0
8907 0
6019 0
6535 0
6629 0
6216 2425
6525 0
7082 1085
1924 0
9358 1029
8104 0
2090 0
6837 0
7338 0
2227 0
714 0
695 0
8337 120
2408 0
4464 0
1343 0
4362 1825
1612 0
7394 0
2418 0
1588 0
1575 0
5405 1020
2854 0
9015 0
999 0
8017 857
1557 0
5149 0
946 0
2991 0
3920 0
1034 0
2051 0
4579 0
1744 0
8849 0
3935 0
9630 1142
9126 47
1117 0
4512 0
5607 0
7180 0
957 0
3457 0
1121 2646
702 0
6752 0
3797 0
6022 2903
5540 1453
488 0
1257 0
6743 0
9647 0
1062 0
1426 0
8902 0
2779 41
9949 1203
3126 0
7148 0
7351 903
1829 0
1030 0
8415 0
8037 0
2688 0
6069 2806
8542 0
8708 0
6478 0
4221 0
5618 0
4814 0
9047 0
6800 0
3583 0
1726 0
5077 0
9201 0
7092 0
3659 0
323 0
1253 0
6932 0
3831 0
1046 0
6123 0
4231 0
9569 0
5462 0
8791 0
5374 0
6087 0
5118 0
3616 0
5246 0
7993 0
872 0
5144 0
5847 0
7728 0
7046 0
1672 0
4468 0
4464 0
9562 0
7598 1169
6621 0
9532 0
3523 0
2350 0
1404 0
8056 2531
6887 0
8843 0
5121 0
2133 0
3249 0
6851 0
9712 0
1444 0
5512 0
2511 0
2325 0
7916 0
336 0
8168 1369
1099 0
4356 0
3873 0
5167 0
8287 0
3214 0
6733 0
6900 1964
6010 0
6057 0
59 0
2565 0
1429 0
5409 0
4345 0
5032 0
4270 619
2051 0
1587 0
1509 0
3280 0
5167 636
4526 0
6297 0
4449 0
87 0
6715 0
9963 0
8983 0
5556 0
919 0
6690 0
2678 0
2544 0
6827 0
3879 0
5079 0
9211 0
4225 0
4669 0
3919 0
6459 0
7974 0
3034 0
3919 0
3192 0
6837 0
2459 0
7974 0
1002 0
8384 0
7270 0
4898 0
9762 0
5014 0
1292 0
4487 0
8513 740
9711 0
6192 0
3896 0
6142 0
1375 2846
499 0
7347 0
6126 0
8413 0
3183 0
2715 0
4381 629
547 0
9566 0
9692 0
7570 0
4054 0
5420 0
1517 0
4404 0
7587 0
5717 0
8161 0
3023 0
3661 0
5345 0
4624 0
8485 0
6313 0
8083 0
1027 0
4727 0
3337 0
2031 0
6946 0
7748 0
9282 0
8113 0
6235 0
9518 0
6916 0
5153 0
639 0
2641 0
8126 0
4626 0
5115 0
9042 0
9878 0
9535 776
5524 0
5527 0
2336 0
4075 2836
17 0
8093 0
3178 0
6280 0
6483 0
4541 0
6386 0
6210 0
2666 0
4426 0
5375 0
7826 2708
5361 0
3932 0
8412 1569
5137 2052
2990 0
4495 0
3580 0
3293 0
1500 0
6102 0
961 0
3710 931
2866 0
6948 0
277 0
888 0
7969 0
1082 0
7373 0
4730 0
3980 0
7190 0
8700 0
9722 0
7057 0
960 0
5779 0
1337 2151
2487 0
4828 0
5273 0
8143 0
3189 0
1351 0
6315 0
2426 0
1520 0
7030 0
7605 0
2193 0
8972 0
5013 0
8082 0
1333 0
4693 0
8513 0
730 0
3701 0
5116 0
2518 0
8470 0
8733 0
8148 0
4469 1322
2576 0
2689 0
7564 0
4406 0
360 0
3441 0
2695 0
1634 0
157 0
1913 0
7605 2007
4122 0
1728 0
9915 1465
484 0
6685 0
1924 0
5563 0
5973 0
6777 0
1105 0
5060 0
5446 0
3304 0
5898 0
9735 0
9044 0
8787 0
1721 0
9195 0
8871 0
8393 322
6804 0
9091 944
8128 0
3656 0
7139 0
3630 0
6946 0
9685 0
3823 0
481 0
4477 0
3235 0
7950 267
4505 0
9369 0
3842 0
7466 0
2504 0
3689 0
4389 0
6669 0
4204 0
3501 0
4411 0
81 0
7671 759
9327 0
1383 0
9538 0
3247 1723
9344 0
1047 0
8856 0
6664 0
2248 0
8214 0
7182 0
4504 0
1960 0
9622 0
2386 0
2388 0
9913 0
9712 0
3863 0
3134 0
3556 0
425 0
2945 407
7309 0
9149 0
3559 0
6501 0
1886 56
2635 0
5625 0
4110 0
59 0
3992 2203
3944 1913
5503 0
6315 0
8902 0
3115 0
993 0
8707 1873
9735 0
2173 0
1482 0
5825 0
3102 0
1047 0
7964 0
4981 0
6236 0
2016 0
4184 0
6240 0
824 0
4149 0
2755 0
4986 0
4540 0
3118 1257
2118 0
8904 0
9446 0
3962 0
9810 0
5373 0
507 0
1680 0
9395 650
7410 0
2878 0
1057 0
5904 0
2088 0
5498 0
5348 0
5167 0
7629 0
164 0
3338 0
1591 0
4615 0
3335 0
2750 0
9686 0
6050 0
9102 0
6827 2784
1997 0
1036 2528
9517 55
7399 2133
1214 0
3903 0
8340 0
1642 0
2872 1421
2166 1928
7021 0
8106 0
9085 1131
3327 0
1393 2328
2873 0
4356 0
992 0
8825 0
491 0
8869 0
3994 0
2158 0
7710 0
8618 0
4081 223
9997 0
2187 0
8581 0
2295 0
8303 0
8893 0
288 0
607 0
4361 0
1102 0
255 0
9728 0
8703 0
502 0
9845 0
189 0
8197 0
3574 0
4908 0
2399 0
1842 0
2594 0
1230 0
8786 1745
773 0
6420 0
8266 0
8407 0
554 0
37 0
1825 0
4011 0
9601 0
7036 0
7097 1102
2392 0
1452 0
1509 0
5651 0
9958 0
5584 0
1313 0
1641 0
7228 0
5660 0
4076 0
2956 0
922 0
5523 0
5981 0
3837 0
8982 0
8431 0
7184 0
7260 0
9053 0
2042 0
4222 0
9117 0
3442 0
8243 0
3932 0
5792 0
3574 0
3996 0
1497 0
1830 0
9816 0
8738 0
8714 0
9785 0
7447 0
8231 0
2673 0
349 0
7415 1528
8150 0
7843 0
2619 0
6375 0
108 0
9711 0
2755 0
831 0
6689 0
5663 0
3167 1575
8141 0
5843 2685
2542 0
2515 0
8357 0
3834 0
2385 0
3161 0
6195 0
1126 0
7627 0
2851 0
9121 1293
5766 0
2858 0
5790 0
6077 0
8943 0
6230 0
2332 0
5039 0
402 0
9460 0
4226 0
7472 0
5109 0
194 0
9380 0
9867 0
9638 0
9644 0
9422 0
7263 1328
9409 0
7053 0
4121 0
491 0
2904 0
1394 0
7635 0
7647 2158
1103 0
9008 0
7380 0
1322 0
867 0
8669 0
9845 0
8027 0
2944 1033
8952 0
8051 0
7578 0
7531 0
2373 0
856 0
5089 0
9115 0
3636 0
7334 0
4640 0
4210 1083
8572 0
134 0
8753 0
8247 0
5273 0
7513 0
886 2440
1913 0
282 0
1002 0
895 0
7879 1379
66 0
6096 0
7116 0
8687 876
8467 0
5778 0
120 0
4522 0
7486 0
449 0
7219 0
4143 0
6492 0
7623 0
9533 0
4143 0
8253 1095
8426 0
9082 0
5818 0
6272 0
6484 0
9734 0
3095 1144
4175 2534
5313 0
9143 0
3697 0
1873 2138
2281 0
7345 0
1188 0
9029 0
4654 0
8646 0
4210 0
2072 0
8993 0
5784 0
960 1614
6299 454
4157 0
2510 0
8193 1927
672 0
3654 0
836 572
4343 0
4766 0
8630 0
2284 0
3264 0
5322 0
5735 0
9767 0
9788 2716
4668 0
1941 0
5713 0
6923 0
3024 0
311 0
9959 0
9269 0
6613 0
9871 0
6740 0
6108 0
5677 0
8104 2395
9749 0
3795 0
763 0
2223 0
3593 0
180 0
2726 0
2249 0
6588 0
5506 0
560 0
7104 0
5598 0
7539 0
8340 0
9897 0
6409 0
843 0
5600 0
3505 0
8655 0
6215 534
298 0
7144 0
8526 0
9057 0
1871 0
3740 0
9394 0
3560 0
5590 0
9215 0
5570 0
3859 0
880 0
7004 0
9730 0
3592 0
2924 0
2559 0
6993 0
4153 0
4657 0
3010 0
1789 0
6622 0
331 0
5208 0
6188 0
8358 0
7821 0
2553 0
9067 0
2179 0
5176 2762
5672 657
2483 0
1434 0
253 0
4400 2175
4673 0
5690 0
3337 0
5296 0
3261 0
3290 0
4134 0
6621 0
5955 0
5520 2520
6540 0
8427 0
1151 2231
8009 0
1435 0
7018 0
5210 0
1306 0
6344 0
6797 0
2173 0
5227 0
1516 0
9827 0
1595 0
9014 0
894 0
7903 0
8582 0
6387 0
8593 0
4036 0
4091 0
3291 0
8340 0
1055 0
2365 0
6323 0
1677 0
8297 0
7959 0
2360 0
7504 0
3128 0
8200 1914
2446 0
3112 0
4030 0
4779 0
9582 0
1121 0
9880 0
6644 0
6444 0
6059 0
7450 0
3728 0
4265 0
8911 0
6696 0
6366 0
5892 0
3420 0
8601 0
2148 0
6904 0
2607 0
2658 0
5299 0
3105 0
1180 0
4712 0
838 0
9699 0
2312 0
6089 0
1435 0
5672 0
3099 0
9057 68
8893 0
1826 0
6036 0
302 0
6272 0
3313 0
9917 0
6970 0
520 0
4387 1568
1668 1529
2767 0
1523 0
5906 0
8242 0
1813 0
9125 0
9299 0
7577 0
3245 0
2679 0
5293 0
3451 1319
2621 0
9934 0
2946 0
7118 0
9271 0
8376 0
257 0
2394 2377
7469 0
3783 0
5317 0
9127 0
8824 0
2645 0
8640 0
6671 0
4842 0
6486 0
7421 0
9489 0
2662 0
3509 0
1229 0
2378 0
4226 0
6801 0
5561 0
841 0
808 0
7491 0
5310 0
3316 0
9162 0
6189 1985
957 0
7979 0
4160 0
8246 0
8162 0
6555 0
8106 418
3420 0
9752 0
5821 0
7354 0
1527 0
30 0
3891 0
1590 2260
709 0
4609 0
2115 0
1242 0
2880 0
6761 0
3533 0
9290 0
5311 0
8466 0
2887 0
6798 0
2079 1948
3469 0
3993 0
7915 0
4602 0
9822 1507
140 0
9296 0
2514 0
2701 0
668 0
2450 0
957 0
2744 0
3299 0
9659 0
464 0
5983 0
9225 0
9937 0
7044 0
9477 0
4549 955
6296 0
4711 0
7667 0
8327 0
7330 744
1606 0
1641 0
52 0
2462 0
8755 0
9922 0
9524 0
3784 0
3543 0
1582 0
749 0
2506 0
7926 0
9602 0
4496 0
8561 0
944 0
4210 0
6130 0
7328 0
7611 0
3421 0
3798 0
2455 0
3889 0
4944 0
9605 0
2372 0
9986 0
6663 0
1038 0
6493 0
2510 0
372 0
3534 0
2773 0
8237 0
2407 0
3557 17
2914 0
6144 0
2512 2854
3485 0
9296 0
1924 887
468 0
885 0
4179 1632
3168 1132
909 0
967 994
8338 0
604 0
7285 0
8961 2038
4056 0
3054 0
2815 0
8289 0
5068 0
2927 79
8681 0
9461 0
1123 0
1412 0
8375 0
6839 0
738 0
2508 0
9330 0
7072 0
3855 0
3969 0
6708 0
2902 0
6563 0
1114 0
9300 0
572 0
1624 0
1663 0
5890 0
4664 0
2146 0
248 1435
6712 0
4668 0
7780 0
6121 0
1341 0
4358 0
8089 0
7044 0
9188 0
9918 0
862 0
4598 0
3634 0
2114 0
4909 2422
8761 0
5096 0
712 0
3414 0
4251 0
5163 0
9063 0
4900 0
7479 0
3204 0
1650 0
5639 0
6127 0
9250 0
9137 1467
8174 0
3167 0
6863 0
1461 0
6999 0
814 1165
7187 0
5087 0
5506 0
4867 0
4391 0
3050 0
3348 0
9613 0
6192 0
8948 0
7806 0
8341 0
3504 0
8009 0
165 0
7654 0
8311 0
3206 0
7226 0
6282 0
5191 0
2242 0
2845 506
5123 0
5010 0
9563 0
2489 0
9490 0
6673 0
7306 0
2801 0
3394 1326
7402 0
6409 0
1208 0
4713 0
9588 0
4326 0
4528 0
4867 0
9657 0
9601 0
6719 0
6671 0
4551 0
9749 0
6184 0
6563 2726
924 0
1429 0
2139 2650
9504 1631
9836 0
9362 0
5828 0
8599 0
4633 0
9289 0
1083 0
4355 0
5845 0
8324 0
9197 0
1684 2069
9638 0
1775 0
4060 0
9772 0
8098 39
3166 1144
9648 0
2225 0
3819 0
658 0
9701 0
9184 0
4092 0
7733 1744
8369 0
8888 0
9327 0
8240 2375
4397 0
5583 0
6451 480
404 0
9420 0
1768 0
1616 0
1068 142
9130 0
1666 0
7882 0
2500 0
6843 0
8622 0
7920 0
3716 0
3073 0
8993 0
5297 0
7427 0
1246 0
2423 0
6723 0
2121 0
8558 0
8648 0
4465 0
3657 0
1239 0
1343 0
3386 0
3910 0
6039 0
8091 669
1021 0
4140 0
1681 0
7798 0
6166 0
8188 0
8861 0
1575 0
1679 0
3868 2727
7292 0
8082 2595
4555 0
2262 0
1511 0
6565 0
8526 0
7358 0
7035 0
5005 0
1309 0
2843 0
8732 0
2178 0
9744 0
9544 0
560 0
351 0
4684 0
1306 0
8159 0
404 0
8243 0
60 0
5501 0
5406 0
9843 0
5699 0
548 0
4465 1443
303 0
8025 0
4059 0
9616 0
4177 0
6220 0
2813 1605
1880 0
8177 0
4090 0
900 0
8032 1609
5916 353
5035 0
274 0
7851 0
9089 2596
6326 0
2001 0
7364 0
5776 1916
7336 0
3721 0
6702 0
6047 0
6359 0
3108 0
9844 0
2753 348
204 0
4689 0
7961 0
4426 0
3804 0
4010 0
7480 0
2788 0
1564 0
3357 0
9235 0
8213 0
4515 0
4713 0
8421 0
4101 0
2459 0
7799 0
8909 0
4728 0
4613 0
0 0
3797 0
7824 0
6824 0
3190 0
6764 0
6762 0
4041 0
1596 0
6563 2559
3633 0
899 0
2110 0
9412 0
8576 0
9532 0
1266 0
8941 0
2873 1922
5670 0
6671 0
3965 0
8687 0
5805 0
1718 0
8623 0
471 0
2187 0
9026 0
6898 0
2058 0
2969 0
6372 0
808 0
4238 0
3065 0
8254 683
7535 0
7929 0
9199 1686
2394 0
7879 0
5213 1027
1316 0
7945 0
7480 0
4350 0
5683 0
8 0
5397 0
7330 0
9520 0
3298 0
1217 0
7347 0
1294 0
7064 0
1510 0
6759 0
1613 0
6244 0
3115 0
812 0
8297 0
5031 0
822 0
4373 0
7365 0
7896 0
9165 0
135 0
3217 31
2305 0
8066 0
5983 409
275 0
1422 0
8179 0
979 0
8010 0
5295 238
2124 0
4726 0
5915 0
4495 575
2577 0
9186 0
5584 0
7857 0
6914 2158
3460 0
1125 0
3348 0
295 0
5399 0
3995 0
7457 427
210 0
2338 0
6317 0
9321 0
2763 897
546 0
9328 0
7705 0
375 0
8984 0
3207 0
8923 0
7900 0
9125 0
7988 0
3793 0
1089 0
2140 0
7981 0
5379 0
9938 0
9000 0
7028 0
61 0
3048 0
2671 0
1217 0
6668 0
7977 0
7598 0
427 0
606 0
9769 0
3022 0
4806 0
6813 0
2648 0
9671 0
1284 0
520 0
2648 0
1987 0
7024 0
6390 0
9414 0
4642 0
3188 0
2320 0
3023 0
1144 0
2735 0
6735 0
322 0
9060 1995
7388 0
5213 0
1594 0
8667 0
2198 0
4338 0
2045 0
3898 0
4941 0
6001 1683
6983 0
3490 0
8032 0
3429 0
1804 0
5844 775
1780 0
3308 0
4741 0
9779 0
5600 0
2234 0
5978 0
2770 0
1593 0
882 0
6998 0
5441 0
4161 0
9563 0
1124 0
7284 0
2325 0
668 0
1254 0
5090 0
3875 0
1790 0
732 0
3264 0
4113 0
9554 0
977 0
6934 0
4815 0
4538 0
5419 0
4873 0
7505 1901
2424 0
2934 1555
8736 0
6140 0
7407 0
87 0
8051 0
371 0
2313 0
3810 0
9774 0
9578 0
6805 0
7343 196
7823 0
3182 0
8755 0
1013 1258
8750 0
5390 0
6580 0
3369 0
984 0
5543 0
1218 0
3240 0
5288 0
9139 0
9405 0
7799 286
4853 0
5693 0
2617 0
6517 0
7580 0
7949 0
2244 0
2539 0
465 0
9262 0
9244 0
7447 0
7 0
8410 0
3062 0
2529 0
9139 0
6239 0
5729 1548
1337 0
8136 0
8752 0
7572 0
2507 0
2316 0
5618 0
2813 2923
9964 0
6839 0
1597 0
6860 0
3104 0
2608 0
9703 0
6617 1741
2181 0
3504 0
6546 0
151 0
6843 0
1414 5
1295 0
933 0
9483 59
6331 0
8736 0
6542 0
7615 0
2669 1295
7652 0
211 0
6365 0
277 0
5324 655
4096 0
1481 0
2564 0
5058 0
9044 0
2170 0
1838 0
1524 0
1518 0
4360 0
9137 0
5009 0
5566 0
4380 0
9666 0
286 970
6927 0
6865 0
9573 0
9488 0
8958 0
4643 0
4759 0
4741 0
2959 0
1941 0
2689 0
6792 0
6405 0
2774 0
1060 0
2591 0
4505 0
8860 577
7072 0
4547 0
4476 0
6222 0
1227 0
974 0
7211 0
6407 0
7505 0
3571 0
3169 0
5176 0
8777 0
8109 0
4474 0
2871 1651
7844 0
1351 0
4966 0
2220 0
4405 0
2308 0
6741 0
5788 0
4946 0
3628 0
2876 0
8938 0
344 1297
9309 0
5143 0
4698 2143
1677 0
323 0
7620 0
8709 0
4041 0
4690 0
386 0
2937 0
7077 0
9781 0
1522 0
5367 0
3835 0
5964 0
3302 0
636 0
9104 0
3344 1708
2827 1751
6775 0
9372 0
2440 0
97 0
4740 0
5770 0
2200 0
4692 0
3435 0
5450 0
3922 0
9767 0
4700 0
8448 0
6993 0
1298 0
8856 0
6503 0
8111 0
8732 0
3664 0
9398 1949
7707 0
1896 0
8892 0
7628 0
6384 0
8980 0
7615 0
3144 0
6442 0
7543 0
6482 0
4917 0
4293 0
863 0
20 0
1233 0
3341 77
9977 0
9916 2864
8055 0
4127 0
7167 0
9720 0
5246 0
841 0
8660 0
5514 0
3433 0
9950 0
5899 0
2743 0
5599 0
9787 0
2568 0
144 420
582 0
4899 0
35 146
7797 0
9785 0
7806 0
9977 0
4864 0
6466 0
951 0
9118 0
7203 0
8189 0
818 0
4042 0
411 0
2302 0
8163 0
6322 1630
9378 0
6264 0
9044 0
8075 0
9711 0
2190 0
4300 0
7863 196
5161 0
8775 0
5198 203
2056 0
4315 0
399 0
3106 0
703 0
8999 0
3713 0
8078 0
1947 0
9597 0
4117 0
2660 0
6696 1700
3868 0
3763 0
3936 0
717 0
138 0
9079 0
5268 0
7859 0
934 0
6920 0
271 2871
4697 0
7054 0
7387 0
3320 0
1984 0
3632 0
6094 0
3997 0
4105 0
3448 0
2166 2883
9109 0
5414 0
4138 0
470 0
2418 0
7887 0
6884 0
1475 0
7214 0
879 0
4393 0
834 0
4862 2169
953 0
6516 0
734 0
5652 0
6807 0
4202 0
2936 0
2175 0
3638 0
315 0
8553 0
6166 0
548 0
2409 0
7050 0
5399 0
9261 0
9984 0
8192 0
3123 0
9697 0
794 0
2622 0
3020 0
9040 0
6232 2488
1567 0
821 0
3545 0
3240 0
5668 0
862 250
8132 0
9554 0
3176 0
1953 0
5799 0
2415 0
1870 0
1984 0
2545 0
6473 0
2202 0
3496 465
5443 0
4010 0
8214 0
5877 0
3776 268
4047 0
8408 0
8329 0
4563 0
7889 0
1382 0
6523 0
897 0
9260 0
1912 0
2889 0
6417 0
4238 0
7291 0
4079 0
4727 0
4168 0
6610 430
7097 0
4663 0
7889 2677
9964 0
8734 0
9518 1381
3945 0
4844 0
4146 0
7306 0
3280 0
1796 0
1455 0
5920 0
2361 0
5170 0
3653 0
5780 0
3639 0
7880 0
3307 2974
7575 0
4803 0
9483 0
4704 0
3627 0
1689 0
9784 0
3483 0
228 0
187 0
9567 0
5568 0
3369 0
9453 0
4607 0
8449 0
2458 0
9433 74
2535 0
1865 0
6448 0
4561 0
8728 0
1703 0
8749 0
4781 288
24 2340
7195 0
3445 234
9908 0
1896 0
6566 0
1532 0
6562 0
872 0
1323 0
4006 0
1626 2813
909 0
8247 0
4118 0
4428 0
3671 0
7217 2043
7456 0
5301 0
4314 0
4401 0
4674 0
7771 0
1819 0
734 0
1635 0
7920 0
2005 0
5442 0
8255 1208
4237 0
8086 0
8982 0
7337 0
5499 0
317 0
8792 0
7637 0
3687 0
160 0
2419 0
4353 0
8018 0
706 0
7552 0
8033 0
1428 0
4548 0
1203 2150
1724 0
2470 0
602 0
7333 0
6872 0
3515 0
9516 0
1479 0
7559 0
4903 0
4654 0
6770 1220
4704 988
2863 0
2133 815
4452 0
1389 0
7567 0
9952 0
8294 0
2994 0
7460 244
4551 2682
9131 0
1200 0
9623 0
7562 0
5493 0
7973 1082
2354 0
4213 0
6186 0
8470 0
9075 0
7945 0
6842 0
4945 0
1421 0
7353 0
1816 0
7033 0
762 0
4802 0
6829 0
2745 0
3490 0
4427 0
1890 0
2113 0
9780 0
8654 0
868 0
1526 0
7439 0
1807 0
8221 0
1006 0
2967 0
3292 0
8507 0
1566 0
1947 0
9873 0
334 0
5803 0
8893 0
6388 0
7431 0
7743 0
2392 0
7993 0
5736 0
6387 0
7170 0
7672 0
5147 0
5465 0
7167 268
1922 0
9843 0
8443 0
8760 0
8857 0
6095 0
8404 0
8214 0
9653 0
6487 0
4898 0
7112 0
6160 0
8297 0
3458 0
498 0
959 0
9500 0
7050 0
8852 0
139 0
3888 0
9599 0
4298 0
9140 0
5481 0
5565 0
7206 203
3409 0
4634 0
6765 0
3169 0
9947 0
2329 0
4974 0
6906 0
1298 0
8144 0
6941 0
2863 0
3381 0
3650 0
3241 0
5266 0
3364 0
5203 0
4610 0
7722 0
1935 0
447 0
8985 0
7513 0
3871 0
6240 0
6507 0
4481 0
8586 0
8517 0
1292 0
5834 0
326 0
2007 0
7899 2197
1295 0
201 0
4003 0
8220 0
563 0
2033 0
2037 0
1913 0
5668 0
9088 0
4390 0
4070 0
3399 0
9287 0
7738 0
8328 0
6935 0
1165 0
3188 0
6261 0
2663 0
6088 0
3683 1455
6840 0
4868 0
2550 2858
3394 0
1213 0
8906 1510
1053 0
1920 0
4565 0
8668 0
8761 0
5877 0
1295 0
2160 0
6469 0
3849 868
9697 0
2093 0
4966 0
3016 0
9294 0
5729 353
3021 0
2602 0
4206 0
6706 0
4486 0
3478 0
2742 0
3356 0
5875 0
9461 0
7622 0
5964 0
8012 0
6626 0
7043 0
145 0
134 2035
8433 0
5694 0
2403 1893
4876 1278
2965 0
6494 0
5608 0
4354 0
5518 0
5664 0
8474 0
2088 0
1964 0
2644 0
519 0
9647 0
5491 0
1215 0
1047 0
8052 0
9160 0
1633 0
2314 0
419 0
5256 0
7094 0
9026 0
8680 0
7520 0
4392 1498
4981 0
6132 0
9719 0
2585 0
1694 0
9721 0
5338 0
3433 0
4160 0
3987 0
4172 0
5360 0
8532 0
933 0
9851 0
3576 0
7743 0
1029 0
7741 0
3164 0
9034 0
5116 0
1192 0
8313 2564
5333 0
9943 0
2288 0
4304 0
331 0
8986 0
7538 0
898 0
7372 0
3029 0
3957 0
7933 0
8735 0
7916 0
255 0
7585 0
6352 0
7009 0
6637 0
6266 0
5768 0
6317 0
1488 0
5377 709
3807 0
5160 0
8849 597
8518 0
6890 0
4368 0
629 0
6864 0
5472 0
8295 0
3988 0
2311 0
7870 0
6480 0
3340 0
8185 2159
7338 0
8067 0
7898 0
8520 0
9335 0
4347 0
5553 0
8040 0
7373 0
5450 0
6555 0
3622 0
3816 0
5547 0
7354 0
4558 0
1695 0
2279 0
7096 0
2967 0
8525 0
9925 0
3550 0
568 0
6515 0
2200 0
8873 0
3162 0
1578 0
9095 0
2476 0
9868 0
4255 0
7956 0
4312 0
888 0
1146 1057
70 0
3696 0
1409 0
7290 0
2658 0
2550 0
1541 0
1450 0
2344 0
6215 0
6113 0
2335 0
9794 0
9491 0
2837 0
7165 0
5332 2398
5529 0
7269 0
1221 0
4148 0
2257 0
7578 0
6903 0
1171 0
4194 0
5491 0
1064 1300
9794 0
266 0
1572 0
8253 0
1959 0
7162 0
2023 0
9684 0
4050 0
813 0
6922 0
4082 0
2525 2056
1988 0
3675 0
6344 0
8354 1482
3550 0
8178 1183
5733 0
881 0
6014 0
8199 764
7969 0
8701 0
708 0
2108 0
639 0
5422 0
2316 0
3990 2831
327 0
3332 0
6799 1075
8955 0
6655 0
8667 0
2427 0
536 0
4955 0
761 0
6761 0
4062 703
2144 0
6203 0
6577 0
3769 157
7241 0
5239 0
9569 0
8163 0
1472 0
510 0
8182 0
383 2232
7825 524
4549 0
6382 0
7711 0
2920 0
8849 0
7743 0
1473 0
3489 0
9340 2417
1488 0
179 0
2945 0
2423 0
1466 0
5086 0
1072 0
8324 0
9412 0
6596 0
1539 0
8686 0
335 0
5881 0
56 0
3655 0
3347 0
4962 0
1089 0
8178 0
4798 0
2434 0
8503 0
4860 0
6050 0
506 0
9321 0
8483 0
6594 0
4606 0
2818 0
9249 0
2286 0
4648 0
1676 0
2538 0
3376 0
1343 0
1813 0
1355 0
1159 0
476 0
3973 0
8004 0
189 0
556 0
5607 0
6910 0
4574 0
4139 0
5770 191
962 0
6744 0
6568 0
934 0
9685 0
3826 0
4159 0
8457 0
4016 0
5447 0
534 0
5662 0
7627 263
2266 0
1786 0
2445 0
5309 0
5452 0
5591 0
7374 0
1160 0
9405 0
9051 0
7826 0
9432 0
3453 0
7523 0
7495 0
9051 0
9924 0
8573 0
9948 0
1933 0
695 0
1881 0
9924 0
5662 0
3973 0
6774 0
4574 0
6579 0
2222 0
8141 1771
9095 2451
2145 0
9382 0
9159 0
4909 206
5480 0
2714 0
223 0
9994 0
2904 0
2245 1054
4087 0
6208 0
6136 0
8384 0
9578 0
9901 0
4810 0
9539 0
8015 1897
6040 0
3903 0
8327 0
7340 0
3475 0
8092 0
4046 0
5171 0
4784 0
8628 0
2267 0
9928 0
8696 0
9824 0
8936 0
699 0
2578 0
8396 0
7763 0
1417 0
3195 0
6240 0
6213 0
9486 841
1824 0
179 0
7978 0
7785 0
9500 1470
7804 0
7406 0
7995 0
8667 0
647 2777
1732 0
4288 0
997 0
7131 0
3537 0
3002 1420
5956 1251
5427 0
3126 0
814 0
2252 0
6356 0
3622 0
6090 0
3353 0
8487 0
5006 0
9835 0
9786 0
5286 2601
8385 0
4775 0
207 0
8009 0
845 0
4245 0
2083 0
4570 0
8044 0
2656 0
1318 0
2770 0
227 0
8026 0
1591 0
5012 0
9113 0
470 805
7660 0
9184 0
84 0
1296 0
1808 0
9332 0
419 0
337 0
5601 0
9297 0
5000 0
1812 0
3878 0
802 0
6795 0
84 0
2790 0
2642 390
9837 0
9479 0
6605 0
4846 0
3783 0
8291 0
4487 0
1903 735
5473 0
8391 0
7968 0
9572 0
9536 0
8268 0
5523 0
3355 0
7353 0
9396 0
4800 2673
3047 0
7120 1830
5423 0
2419 0
7591 0
5952 0
1259 0
2468 0
3915 0
9577 0
4743 0
7344 0
9845 0
3427 0
7527 337
488 0
6590 0
7150 0
9761 0
8767 2686
753 0
3921 0
8557 0
4547 101
3356 0
4229 0
8882 0
9973 0
2676 0
1939 0
5981 0
9233 0
6401 46
447 0
5641 0
454 0
1854 0
5255 0
6697 0
3438 0
5369 0
6734 0
9197 0
359 0
5594 0
8944 0
4707 0
4050 0
6982 0
2537 0
6611 0
8497 0
1133 0
1964 0
4747 0
2298 0
8302 0
2013 0
68 0
5369 0
3377 0
323 0
5280 0
9109 0
9279 0
9194 0
7082 1492
103 0
2222 1372
805 0
3706 0
9191 0
2246 0
1333 0
891 0
1150 1625
284 0
5588 0
445 0
1731 0
2798 0
4304 0
6191 0
4161 0
3353 0
4818 0
4769 0
8286 0
2215 0
3738 0
2503 0
9553 0
7963 0
7170 0
5441 0
3003 0
2275 0
2212 0
3798 0
2584 0
9043 0
2608 0
9547 0
4719 0
564 0
5947 0
6614 0
4520 0
659 0
3230 2467
9143 0
2832 0
5611 0
5672 0
7417 0
6593 0
9123 0
4602 0
8827 0
5415 0
3942 0
1208 0
720 0
3055 0
5482 0
3077 0
3647 1070
2839 0
2724 0
1539 0
7493 0
1892 0
9120 1826
2737 0
5231 0
147 0
4442 0
509 0
1499 0
9479 1835
6453 0
4470 0
7144 0
4681 0
2244 0
473 0
1672 0
562 0
4017 0
2673 0
2353 0
323 1298
5137 0
1808 0
7357 0
9911 0
9967 0
7377 0
6092 0
7204 0
380 0
8005 0
4866 0
5198 808
9509 0
341 202
2319 0
3977 0
2953 0
2586 1658
1696 2696
2904 0
4890 0
110 0
2122 0
7449 861
1962 0
1985 0
1395 0
8240 0
3675 0
5344 0
5553 0
908 0
2990 0
5313 0
5968 197
8975 94
6362 0
5965 0
776 2833
4731 0
8021 0
4421 0
3363 0
3627 0
2462 0
9742 0
7393 0
5035 0
3108 0
4579 0
1678 0
2544 0
5145 0
6235 0
2422 0
681 0
8393 0
7783 0
3362 0
2817 0
762 0
685 0
5960 2739
3418 0
9580 0
5432 0
7451 0
5251 0
5201 0
6215 0
583 1841
6553 0
1416 0
5476 0
6650 0
3630 0
6582 0
77 0
1137 0
7289 1471
9119 0
2790 0
9425 0
1321 2705
7057 0
3639 99
502 0
1827 0
8105 0
9492 0
2962 0
9477 0
1282 0
9052 0
4078 0
2528 0
2116 0
7047 2733
2057 0
4271 1125
6988 0
1847 0
6538 0
4121 0
62 0
3891 0
8011 0
8780 0
5747 1597
7256 0
2026 2186
5298 0
851 0
6203 0
538 0
9214 0
3539 0
4240 0
4203 0
8617 0
7606 0
6807 0
9993 0
2040 0
1597 2420
8727 0
4595 0
1678 0
3041 0
4410 0
4730 2858
6629 609
932 0
3607 0
8244 0
8334 0
2908 0
3723 0
7360 0
2200 0
4859 0
7932 0
7813 0
1857 0
843 0
7769 0
2999 0
8465 0
2413 1019
4114 0
5228 0
9150 0
4357 0
8062 0
9958 0
5654 0
842 0
3035 0
2071 0
7588 0
7317 0
382 0
1810 0
528 0
2331 0
3611 0
1251 0
7475 0
1831 0
4903 0
3434 0
4473 0
4847 0
3811 0
9083 0
684 0
5706 0
4117 0
6789 0
3062 0
2378 0
934 0
5229 0
3246 0
4709 0
2359 0
6831 0
3722 0
5281 0
6600 0
5673 0
7755 0
9759 0
1991 0
2631 463
9281 0
417 0
2963 0
9226 0
1656 0
8903 0
8832 0
20 0
8609 0
797 0
9223 0
6892 0
3300 0
3866 0
4285 0
4114 0
4214 0
1469 0
9480 0
4388 0
3503 0
4547 0
1560 0
7650 0
2246 0
1296 0
3375 0
1297 0
5017 0
4139 0
7692 0
7775 0
2482 0
7784 0
7721 2048
1593 0
5341 0
9275 0
9347 2017
5331 0
7310 0
8109 0
8547 0
2171 0
5424 0
997 0
6374 0
812 0
359 0
5798 0
9193 76
6544 0
1291 0
1799 0
6000 260
4712 0
415 0
5504 0
3105 0
154 0
9537 0
683 0
6414 0
9467 0
9253 0
8778 0
2630 2612
5475 0
760 0
8715 0
5435 0
2040 0
6089 0
4586 0
6196 0
5659 0
772 0
7038 0
5752 0
7278 0
9806 0
7227 0
1603 2598
678 0
6571 0
9711 0
8595 0
7635 2013
2486 1617
8679 0
2232 0
9539 0
4113 0
6090 0
8794 0
1827 0
9461 0
1910 0
2163 0
7900 0
4679 0
4127 0
8503 0
6412 0
3555 0
7075 0
6914 0
829 0
3231 0
1978 0
2833 2239
861 0
1695 0
2869 0
7225 0
2512 0
5042 0
2262 0
719 0
783 0
6035 0
5843 0
2064 0
5060 0
6196 0
2550 0
5790 983
5286 1224
5257 0
8313 0
4795 0
5943 0
851 0
5721 0
5259 0
6461 0
5238 0
6108 0
3487 0
4965 2263
2468 0
5049 0
2066 0
8701 0
2180 2973
6036 0
3292 0
6255 0
2426 0
1223 0
2763 0
7252 0
9348 0
6318 0
2698 0
289 0
4333 66
245 0
8754 0
6867 1235
3011 0
4147 0
3100 0
5067 0
3552 0
6128 0
2820 0
5851 0
9233 0
3967 0
9509 0
1413 0
5041 0
6220 0
1476 0
1806 0
882 0
2303 0
7830 0
1245 0
5253 0
6775 0
9167 1836
1208 0
6614 0
687 0
9126 0
4426 2643
5664 0
2690 0
5002 0
9661 0
8094 0
9273 0
7048 0
4382 0
4579 0
5542 863
6359 2545
7462 0
7691 0
5242 0
1447 0
3177 0
5643 0
7593 0
9338 1845
8027 0
4880 2769
9247 0
7772 2017
6620 0
6307 0
5167 0
4944 0
3666 0
2997 0
8823 0
988 0
2842 0
4146 0
4370 0
6804 0
3370 0
4591 0
5413 0
9556 0
8118 0
5065 0
4866 0
8440 0
176 0
7308 0
8764 0
4977 0
3766 1105
5360 0
4264 0
4428 0
7509 0
2950 0
1494 1939
6861 0
3444 0
7679 0
8576 0
6353 0
4660 0
5749 0
750 478
8677 0
568 0
6145 0
8176 0
5368 0
9049 0
9401 0
9451 0
3103 0
2654 0
1004 0
5488 0
8326 0
8718 0
3006 0
626 0
9323 0
5420 0
6156 0
3809 0
883 0
5028 0
5513 1074
9882 0
9835 0
5875 0
8405 340
4041 0
3892 0
5656 0
8463 0
4037 399
4237 0
7480 1736
3092 0
7139 0
6386 0
200 0
8354 0
1121 0
9217 0
1506 0
4694 0
9247 0
2421 0
1227 0
2842 0
6107 0
1346 0
485 0
1046 0
361 0
5308 0
8312 0
3320 0
1177 0
1880 0
7666 0
2948 0
8198 0
5234 0
3991 0
9171 1155
5620 0
9623 0
181 0
4091 0
2508 0
3143 0
1079 0
3581 0
9103 0
3936 0
3477 0
5610 0
4164 0
6081 0
6279 0
6679 371
7201 0
9741 0
9930 0
1333 2724
6767 0
1284 0
3775 0
299 0
162 1097
2487 0
3058 0
8796 0
2218 0
8880 0
4684 0
2512 0
5783 0
1490 0
1128 0
4357 0
0 2437
8456 0
2078 0
5641 1341
6074 0
2526 0
7335 0
4568 0
6944 0
1019 0
7007 0
8762 0
5887 938
8650 0
8070 0
8191 0
5560 0
863 0
5879 0
3435 0
1331 0
1409 0
1650 0
2403 0
785 0
7300 2283
9682 0
7448 0
8403 1761
612 0
3279 0
7378 0
7497 0
8480 0
2637 1557
7506 0
9044 0
8826 0
6718 0
2555 1373
5662 0
6669 0
7768 0
7879 0
1867 0
1047 0
2167 0
2113 0
571 0
5708 0
8209 0
5531 0
2173 0
2427 0
5098 0
9963 0
4693 0
2675 0
2491 0
9434 0
7460 0
8031 2609
8504 0
6918 0
9977 0
2509 0
7329 0
4995 0
1618 0
3661 0
4084 0
849 0
5924 0
3216 0
6454 0
3315 0
5714 0
6201 0
8959 0
1352 418
6776 0
8588 0
3601 0
6710 0
6983 0
3239 0
8159 0
9429 0
2267 0
2506 0
6217 0
2195 0
8156 0
5381 2786
2907 0
9958 0
3003 0
5762 0
6290 0
5714 0
2584 0
2479 0
9740 0
9788 0
3697 0
