3000 145
2953 2918
5605 1563
1231 630
7589 0
4204 0
2945 0
8553 0
1409 119
1654 1778
2342 2285
6558 0
2945 1837
1915 0
6990 2298
9075 1733
7048 0
9019 0
1783 0
4779 0
4049 2611
7739 1879
1056 0
8128 2403
2027 0
4930 2426
4472 0
8944 0
4154 1208
2648 0
1310 2001
6710 1137
2205 0
2827 1532
5843 0
8762 2685
3483 2606
1811 840
6938 0
1602 0
7267 0
2433 0
9987 1537
3783 1505
1450 0
4060 1438
3430 2140
5834 942
9677 0
1733 2358
6935 1083
4736 2016
7372 741
9126 0
4322 2928
3209 0
9071 873
8648 1666
3291 1915
6696 128
3005 2411
4904 976
237 2515
5287 0
5192 0
6928 0
2364 494
9948 0
4886 0
4580 815
1711 102
8914 0
524 0
4668 0
2080 940
3619 1397
8522 0
5279 0
3262 0
5931 2691
724 1405
5644 0
6105 1263
4034 0
1041 2962
9101 1357
4622 0
1947 1465
7860 819
7484 0
7627 1900
6661 0
4568 0
3555 0
5466 0
3335 0
5950 2942
4164 0
962 2079
2004 870
548 0
5031 0
3038 0
7914 752
7402 0
1062 861
100 2233
143 0
7432 0
2802 2560
4684 0
1381 2748
6947 0
4077 902
2935 0
1977 825
7289 2364
355 0
7771 0
5900 464
9100 0
3984 2176
380 2427
770 0
7535 0
7353 70
9637 0
8160 0
3928 0
914 1441
383 0
3363 0
1899 1507
23 162
8478 387
8103 0
3921 858
6455 0
3375 0
4597 1209
5370 0
2387 0
6114 1768
1455 0
1095 0
3606 0
7455 2684
5066 28
7804 2991
6506 1014
596 1041
967 492
9703 0
9069 1623
2255 0
8349 2601
6769 2811
7348 568
3952 1016
8321 2612
4634 2423
5528 1708
5494 472
1995 0
4407 0
6805 2240
2569 0
1733 0
5189 0
8589 1887
4422 0
1392 2635
5624 0
6078 0
4726 1333
7132 1295
5474 0
8346 0
2819 2250
4967 2029
9246 1847
1943 2550
5426 0
2557 1662
3724 1528
8702 0
7333 2745
2093 2571
4860 977
8962 1437
4695 1705
8271 1741
8365 1637
6248 0
1833 0
7750 0
3572 0
5650 0
1001 0
1920 2905
2732 0
7343 1958
7593 0
5971 0
798 0
9817 0
4898 1040
5039 0
3140 0
7885 697
6025 0
299 2720
7562 0
9117 0
1635 1596
604 2065
6617 372
7017 0
9765 100
910 2821
6613 656
1884 179
3481 2496
6041 575
6402 0
403 0
3803 0
8002 0
1353 0
7206 0
3998 287
8103 0
9020 2576
566 0
9268 0
4908 0
7673 0
7126 0
9615 0
8644 727
3699 2225
5703 2044
1686 165
1709 2316
3994 1281
509 1611
2291 2213
6728 2237
1521 1258
6314 0
18 0
7083 0
77 2024
869 1034
4885 591
285 2363
7950 629
4765 2268
9814 0
4948 2669
7883 2292
4765 0
895 2724
5326 463
4988 0
6376 0
6990 0
4458 2275
2586 0
490 0
7345 0
3598 159
2212 716
6648 0
4963 0
929 710
3956 0
5454 0
235 0
274 0
6047 2892
3917 0
1011 2876
3848 2091
5370 252
1053 0
6444 1263
6020 0
9518 2763
898 1683
6913 0
6947 1899
4665 0
742 0
5653 282
5702 783
8141 1268
1686 2595
6838 0
5252 2182
9459 0
4923 1411
6951 0
1116 2313
6019 0
151 2268
253 0
2165 0
8324 1557
8423 593
1093 1839
8698 2274
1135 0
4191 0
9779 2050
8162 862
965 2388
1455 0
5230 0
6243 0
2802 0
3888 1658
6806 0
9605 880
5191 0
2162 0
8163 2023
4200 424
3053 0
3210 937
5469 1126
9225 0
9967 0
8436 1870
9112 0
7398 0
5236 2897
6126 0
2984 0
7445 0
1613 0
1178 0
3555 0
9275 849
1596 2094
5877 0
1021 1366
2406 1927
6763 855
2492 0
7780 0
6056 0
5476 0
5186 1297
5205 0
8658 2736
3352 0
712 0
5804 0
4377 2697
6567 1484
5493 117
5627 0
7475 0
2834 2441
30 0
4973 0
7640 0
9339 0
4338 0
7691 0
6117 2932
3787 0
7687 0
2066 0
6366 0
90 150
652 0
9255 1158
3464 0
1109 0
497 2955
7253 2934
7008 130
2859 0
721 2034
8324 0
1486 0
3477 932
9688 0
9692 0
8187 2658
5645 2493
5130 502
6970 0
9258 0
7505 0
2916 0
1203 0
9611 2829
7453 0
3633 0
194 2326
450 0
1049 198
251 339
7528 0
2301 0
6598 0
8011 0
1049 2019
2245 1123
9721 0
4808 0
8880 0
6041 1
4199 0
9958 0
2983 0
9121 0
5390 0
412 2838
5162 0
8365 1950
5967 0
5135 2373
8649 2834
4224 1312
8922 1969
1331 1979
1772 0
806 0
462 0
7335 0
2001 2043
2334 0
7174 0
6237 2535
4930 0
449 0
7405 1775
8503 1365
1313 0
3002 1641
5250 0
7071 1604
494 1360
3617 1586
9997 0
2609 0
4254 2665
7820 1166
3166 39
9318 0
1723 0
2026 2343
8535 0
6627 0
4916 0
5173 0
9623 0
9149 0
9298 0
4287 0
2829 0
1310 1933
6375 0
9466 0
4314 0
5078 206
1651 0
6578 1221
5738 0
6174 0
3329 0
6533 2653
8381 1246
6497 2126
6482 572
7385 1280
2803 2421
7111 1436
9486 0
3558 1612
428 0
3495 1902
8827 640
6571 0
3930 2758
2625 172
5295 0
4531 1401
5233 310
1161 1371
9361 125
2 1505
5282 314
5098 2556
396 2559
5187 0
2472 196
9836 0
640 0
700 0
1301 0
4360 2444
9562 2883
9746 0
1885 2117
4948 0
799 0
999 0
4663 0
7050 2907
251 92
2619 425
5245 0
2225 2015
962 1340
8190 1924
8612 1039
541 2764
7795 2216
1293 0
6480 0
3312 0
8674 0
8017 0
5275 358
9198 2518
7473 0
5017 759
854 0
3401 0
7789 0
7556 115
3773 0
7679 0
5809 123
722 1073
9002 0
3956 2349
9326 0
1114 1641
3556 36
8881 2976
5148 0
9759 0
5301 0
7382 1583
8765 712
3586 2713
6316 2305
1245 2964
2743 1604
1099 2625
3669 437
7090 2780
5259 1243
2610 0
8479 2318
3670 500
2174 41
7443 0
7915 2502
4142 2309
1526 1161
3166 0
6482 429
4764 0
6594 1053
2023 0
2227 0
2029 0
4819 0
9361 0
7435 658
2745 1807
2860 2955
6155 1751
1207 2948
8030 720
2882 0
5811 0
6774 0
2278 2782
8831 0
5097 0
685 0
2475 0
8288 0
5316 0
6947 2540
9734 0
8734 0
6654 1897
4258 250
971 1900
2542 662
3291 0
174 0
8998 0
705 0
7683 0
7468 93
9510 0
9559 2532
7513 1553
9868 0
9253 120
7892 0
7570 0
395 2868
9155 0
1023 1790
560 0
2556 738
2610 0
3399 0
9299 320
1586 0
8046 304
5073 0
2079 0
5816 0
7079 0
848 652
2699 1022
7067 0
117 0
1497 1403
9083 0
3229 1819
6563 0
3991 693
9218 0
1088 2147
6597 2171
4503 1392
7001 1362
1125 2596
955 0
3445 603
5668 0
841 1104
8498 1348
1327 366
5163 2551
4114 858
7676 0
6043 0
6902 2163
407 0
9038 707
3940 2388
6277 1562
7052 991
3912 0
7003 568
6461 0
6833 0
5753 0
8826 1486
7616 0
3161 2425
9644 0
8676 1621
1976 0
8935 0
515 0
4851 0
4567 0
5619 0
4906 0
8383 1349
6747 0
5253 2028
4207 1031
6650 728
2023 390
9167 0
6984 0
9521 0
5856 0
5608 0
6939 2366
4219 260
1399 0
9042 0
2416 514
72 1223
2146 0
2472 1610
4552 2632
9074 0
3778 452
4792 292
7122 0
8644 2380
1278 0
8053 1128
830 674
3702 0
6060 630
6802 0
2347 956
6303 2548
608 0
5616 0
7915 0
7429 2641
9156 0
8666 0
7325 0
7870 854
9335 532
779 1745
4695 0
6172 0
6422 2878
7309 2226
6644 1272
1729 2824
173 989
3066 1492
6795 0
6505 0
6360 0
7789 0
7643 1514
6912 0
560 664
9555 1583
2993 730
7233 0
4838 0
7351 0
1548 0
248 445
7900 0
8710 0
6101 0
9783 557
332 0
7672 2034
3750 2323
5190 2221
3133 0
754 962
6370 1454
6752 1892
5180 0
8374 0
775 1088
2742 2617
7485 1450
6611 146
3650 1391
7891 0
3876 0
2471 0
330 0
7259 1630
3549 2884
7007 2485
7417 0
5665 0
5305 0
8805 1776
9053 166
8462 691
5033 2908
2169 236
4886 1926
7241 0
84 0
8973 2482
2688 1577
1439 2428
4174 1175
5034 0
4223 0
3099 1438
485 0
7909 700
9438 1901
9667 1868
4627 0
5250 0
2664 0
3255 0
758 2911
6259 0
7478 2392
3456 2826
4915 1538
7155 0
6241 0
6019 0
6598 0
1852 2589
1104 0
2927 1796
3339 1332
4364 2813
6533 0
1821 1874
5871 0
3162 612
4737 0
6095 0
6648 514
8862 0
9082 0
3588 306
4449 1483
2287 1097
7715 0
3946 1288
7543 2381
8621 2594
7681 0
7981 0
5717 2263
9415 2135
2338 0
995 0
5829 0
5208 2259
6073 0
131 0
5348 1983
5128 2295
2736 0
523 589
3214 0
7317 0
1082 1485
3706 1836
6695 0
3239 0
6903 0
5774 0
6923 0
4664 0
5563 2649
5649 0
6414 0
9046 929
667 2216
2337 1412
6998 0
4553 999
2088 1092
2557 0
904 0
7655 1194
3191 1672
6948 2086
1797 647
8664 2843
2829 0
3467 1469
1911 0
7395 448
1677 0
5960 958
7690 1555
2121 0
1862 2591
9356 538
7725 832
7225 0
9697 2939
7823 0
4751 0
3690 384
1439 0
6838 0
5916 2020
6368 0
1026 0
5709 321
6817 0
544 58
7156 1634
8010 298
4786 0
7640 1664
4496 0
5799 0
6046 1598
9002 10
6750 1627
7573 1781
8665 1757
8132 0
9331 0
7188 0
3711 0
1741 2900
2260 2787
4966 427
6671 1954
8567 0
3676 1403
1552 309
9366 547
7941 0
7978 2395
1842 0
1071 0
7766 0
6424 0
9120 0
1899 0
2218 0
3379 0
4933 1368
9874 0
1028 2132
422 2634
9498 0
754 0
3349 2280
2371 1
6420 1102
4426 522
2142 1207
8133 2166
3289 0
2482 0
1956 0
4466 0
7258 1010
1816 2311
7029 0
5261 0
7910 0
350 250
1915 276
9253 0
2593 0
3618 2785
1571 0
590 0
1584 2514
6509 2360
5517 0
8646 1244
5659 993
7991 0
2688 0
8618 0
8655 252
375 375
8841 0
6602 799
4581 0
6459 1301
1371 0
7755 0
7176 0
4126 2062
1420 0
9851 0
6864 1447
2860 0
4282 0
2718 2694
4227 0
6985 2260
5948 0
56 1929
881 0
2200 0
1635 961
4082 966
1833 1268
8605 2403
2831 2112
5032 0
6120 0
6822 0
3205 711
8647 947
1770 0
5225 0
4430 2956
6389 507
9184 0
9974 2418
6606 0
5454 0
1222 1128
371 1686
6712 0
461 0
2476 817
3907 0
4093 16
7462 2136
8780 2822
9149 0
9620 0
6717 0
4034 2610
3829 0
495 0
7036 2997
4985 1589
315 2016
5439 330
5780 0
4195 0
171 1705
8490 0
2408 2171
5770 0
4815 0
742 1402
4261 0
1719 2927
1880 0
8311 0
6744 2465
4703 0
6176 1942
1542 0
5452 149
5604 0
9102 2891
2458 0
658 0
6663 1851
1737 0
1674 1265
2757 0
1818 1177
2243 0
2745 1569
9506 2623
5578 786
2542 2480
8218 2600
5719 173
1000 0
4278 0
9990 0
2499 0
7008 844
7909 778
9249 0
7604 1157
6446 0
9053 457
8504 1181
5006 2307
8960 1271
2544 0
4344 0
7477 0
412 0
6995 0
655 0
149 0
6306 1751
9033 1702
6059 0
6912 0
7336 476
5836 1632
6893 0
4633 67
9909 2414
9789 1215
4454 0
6810 0
4702 0
8798 0
885 0
8541 0
9719 885
9649 0
6068 0
6051 2400
5499 0
9544 729
5949 0
6634 2314
1933 0
2013 2819
6494 25
5177 335
2401 0
3612 2714
5046 1761
3807 876
6164 2516
5188 1661
8612 0
500 1533
2120 0
7603 0
9289 0
8561 0
2281 2969
3637 1552
3087 0
6275 191
3336 0
8924 0
9393 1362
2867 0
8300 0
7583 0
1831 1826
7529 0
8118 0
6470 818
8432 0
4535 322
2959 2375
8363 0
5512 2309
758 0
7835 0
7334 0
1205 2847
5534 0
4085 159
8573 1921
2193 1191
982 0
1403 2873
7257 0
1539 0
226 0
8885 0
7084 1768
7377 684
2003 1761
7140 0
5405 2772
9570 2196
7820 2470
2814 0
7699 0
4622 2003
2973 0
7817 0
8960 402
6733 1460
4938 0
5591 0
7056 0
4600 0
7367 0
5313 1007
6569 1354
4377 0
4329 2767
6873 1631
9469 0
699 84
6093 0
8012 0
3199 239
5308 412
7320 1983
2589 1413
7510 232
3164 906
8283 0
5417 1819
1070 0
2560 2479
9070 1147
6937 0
8900 2188
5812 2344
7052 0
9059 2925
1445 0
5517 0
1796 391
7262 0
5900 0
1758 1127
5505 2881
3590 2693
8492 0
3224 0
8725 0
5509 1269
3237 965
6762 0
4315 1756
4831 1765
7669 0
1441 980
3991 0
9978 0
219 0
9600 2098
2371 0
912 1502
5960 277
2725 0
9850 1525
6230 0
4985 0
1786 2284
9864 1779
6394 0
8117 0
5316 0
3427 0
8605 2999
1349 0
7140 0
1906 1822
9485 0
4538 0
3062 0
5119 0
4526 1845
9573 0
1442 2314
9247 0
9531 1294
6267 2373
6953 1957
8710 0
2975 1907
3295 1718
2971 2650
6830 0
8213 1134
2724 458
8044 0
4507 2367
4264 1394
7800 2766
6113 0
7422 0
3055 0
3975 161
5818 1378
893 1324
9006 2097
1945 490
9679 0
2016 0
1258 738
5793 1838
3354 0
6260 1839
9359 0
5040 0
8145 1270
9230 0
4149 0
5738 2369
4878 0
4864 483
448 1753
7360 1341
2438 0
157 2272
9154 1007
5199 0
4678 0
8879 0
3635 0
7121 0
4172 2861
9139 0
2070 2936
9087 1235
6544 0
3142 0
6664 2332
6133 89
2584 0
6916 0
3269 0
4133 0
2700 0
8479 0
5108 1400
4142 0
9649 2546
9931 0
4622 1015
9237 0
377 2695
3912 0
7310 2214
7248 0
7879 0
3135 1952
2071 501
8023 1590
4509 0
5799 2527
8607 393
4630 0
7576 1726
9518 0
5083 0
4668 0
5068 0
4436 229
3275 0
951 1587
9711 141
8084 0
4493 139
637 0
2685 0
4480 0
9296 1573
2628 0
9753 1713
6027 0
3194 0
2384 1108
3608 0
3922 0
6288 216
1488 2362
2551 0
1197 0
2115 0
6829 0
8953 2414
3031 0
6844 1527
2927 597
2630 0
4358 0
7343 1786
8378 0
2711 0
7261 2709
9010 2065
8286 2319
6155 0
4581 0
2066 1149
5983 1000
9425 1856
6518 0
8593 88
76 0
6193 0
5148 2196
5926 0
1364 0
399 0
3656 0
8042 0
5951 0
2533 0
4485 0
5238 199
4229 2993
9309 0
1545 0
4415 352
9504 1518
8162 1176
8162 0
7189 2093
3130 0
1989 0
581 0
8288 0
6460 0
5914 0
1826 2335
8540 0
2555 476
8201 0
5359 0
9056 0
7165 2817
8128 0
4431 0
2776 831
3798 2799
4942 2884
2621 1241
2242 1284
7076 0
4045 0
5077 1932
1261 0
611 0
7403 2185
7398 955
3397 1744
7368 866
2814 0
6175 0
5819 0
2214 64
495 1994
9655 0
6151 86
7454 670
9061 0
4202 2340
4109 0
4548 625
9141 1349
8631 0
2983 0
4484 0
8396 0
162 1185
737 0
8930 0
3067 321
6399 0
8925 0
1366 1279
6288 0
929 0
1387 2557
9816 0
8330 0
1388 0
2692 0
2556 2047
4033 982
4800 0
5579 2703
2311 0
9728 0
9911 0
1996 2081
2139 655
9240 116
2270 1314
1727 0
566 1418
4056 847
4663 0
4048 0
934 0
1766 529
5959 0
1950 1318
2933 0
9907 2568
6318 1875
3987 1805
326 1966
2090 412
422 954
2140 0
916 0
3058 1639
5758 0
2819 0
6513 327
6677 0
7842 0
6220 0
1181 0
4997 1688
9267 1200
6144 274
8833 0
5324 375
7095 2917
5373 0
6067 0
3727 2173
7814 0
7481 2858
3789 217
8868 0
2742 753
7385 0
5813 1183
7884 1356
9436 0
8398 613
4785 1001
1750 775
4221 2266
7462 0
3210 2410
8711 2678
826 541
9294 0
8471 634
1011 0
162 0
5857 0
4587 0
966 0
3833 0
666 673
9496 289
2754 0
391 0
6944 2048
7358 2584
4461 0
3880 0
6636 1931
2954 0
4733 0
2040 0
2664 0
8371 55
9561 600
820 0
1065 0
117 2862
1573 0
504 2121
2211 0
6182 1864
4826 113
6837 0
543 2953
9256 0
8767 1032
9591 0
5343 2694
4952 0
7877 2622
8452 0
9756 0
4067 0
5554 0
8365 0
4500 0
7655 0
4727 0
96 0
805 0
2202 2282
8457 0
5787 200
5506 0
2170 0
8696 2371
5465 2808
2096 420
8701 0
8046 0
5975 816
4456 0
8331 911
4051 0
9657 1953
7621 2001
7238 0
3313 2133
9221 1994
5525 1814
4291 0
1020 0
2021 0
269 1024
2793 0
8398 1256
5056 576
7471 0
6654 0
8460 0
8708 0
3390 0
2616 0
1499 0
6808 2705
3001 0
3413 667
307 0
4858 2783
4670 0
7462 0
7398 1003
8422 0
6048 1963
4443 0
1701 0
2506 0
230 0
4523 0
2121 546
5485 2180
9566 0
2303 2022
5984 2673
436 2851
1803 0
2807 61
7825 1535
1474 657
8470 2563
6069 0
6631 282
5059 0
9950 0
4702 0
8060 177
4744 555
2162 2572
1815 0
2590 0
2312 0
8053 2915
1797 907
1860 1192
3168 2717
3184 0
7554 0
5153 0
9328 0
1264 0
8035 1678
2556 2348
2307 0
6045 0
6770 0
6116 1267
5709 1334
3043 2110
5639 0
3309 1081
3875 924
301 0
3487 0
1452 1383
8520 0
5445 1736
6316 1594
1704 0
3699 750
8040 1229
9114 0
1768 1710
2565 646
6187 0
3920 0
7101 1942
9959 0
133 0
3189 0
4049 833
6877 185
3917 2986
6690 0
9755 0
7828 0
5474 0
86 1425
1564 826
1875 1486
8318 905
6125 0
7624 851
1933 0
1298 2247
6902 0
365 1757
925 1314
1486 270
7841 2966
6046 2387
7709 0
6950 1289
4692 1650
683 58
5378 0
1340 0
552 0
9705 1940
4133 0
4437 2795
152 0
5763 2450
2926 1878
6312 1817
2280 543
3867 0
9600 0
5995 0
2015 0
27 0
9139 0
1708 0
7591 235
4655 0
5724 0
808 0
1101 0
7125 1422
8871 0
6877 248
1413 1835
9329 2614
9778 2749
1478 1504
1165 0
5995 227
7131 1944
4465 0
2409 0
9293 0
7472 0
5147 0
1108 0
6905 598
9385 0
2372 0
2573 2271
3793 952
449 2849
1556 0
1025 0
8615 2733
778 0
8966 0
3756 0
5196 917
1550 2796
6387 0
6113 0
5936 2807
1904 0
6589 0
6321 0
9245 1426
1315 1163
7028 0
1211 0
5893 0
9367 0
3857 0
6262 2008
2898 0
6856 0
8311 0
3837 0
615 0
9688 2770
927 1206
2399 0
8790 1129
1871 0
8330 1090
1459 203
5430 0
3238 0
5799 0
9030 2272
9661 1838
2888 2385
9652 1395
3059 2281
2411 0
2015 0
3544 0
5091 0
2230 1582
5899 0
310 615
3713 685
482 1801
8196 0
6044 0
9876 2174
1277 455
7083 2220
4662 0
5467 2767
2713 0
3582 0
5429 0
5910 1869
5468 0
3448 236
9964 0
9926 1058
3019 0
2921 0
1196 0
1931 2289
780 1617
157 2774
7623 1715
8500 2782
4474 1096
2248 199
9422 0
2855 0
9395 2218
45 0
175 513
5695 582
5427 1485
7601 17
9486 258
1400 0
3264 1624
8824 2286
4844 2612
5864 2986
6036 909
2683 2632
9485 0
4267 0
8580 0
9306 2091
4120 0
519 0
4204 994
8408 2455
8391 2245
3563 1446
7380 0
7552 0
1137 2575
2676 1755
2304 0
7293 151
4550 97
9738 920
1985 0
3429 0
6050 2675
2216 1975
6444 2348
8264 228
1094 1711
8483 817
6760 0
4976 2300
4324 315
6852 0
2700 0
3866 2139
3488 585
843 0
8068 1367
3651 0
2926 0
7342 0
7775 0
3671 1055
808 0
4731 560
3380 184
3889 0
2266 0
3434 0
585 2195
2427 2721
5185 1390
7301 0
5675 0
8283 2811
3510 0
2308 0
6449 1335
8101 0
8549 910
7254 0
9622 0
2573 0
8644 0
1947 471
3986 0
8127 0
9525 1698
8607 0
7016 0
8925 2973
3773 2777
1064 0
1533 0
4664 0
1296 1260
3323 1099
5490 0
7816 2451
4474 2793
8263 0
560 895
1591 1386
7367 2802
9868 1774
7827 474
8713 0
7193 0
1693 0
6223 0
2470 1206
8359 1287
721 2363
6391 1998
2672 400
7670 0
5805 958
4370 528
6939 0
6460 0
6750 0
3439 5
3733 0
7335 0
2272 0
7942 1700
3728 2425
6417 1605
5808 0
9106 1890
1946 351
3670 0
5073 0
3560 0
5194 0
890 0
4950 2738
6028 1732
6816 1633
249 0
2966 2224
8490 0
624 0
5691 0
2449 2920
7272 0
2515 0
9835 0
1158 2372
6764 2265
7005 2703
5935 390
7375 0
1549 350
528 2027
6400 316
1794 0
7154 0
4684 2145
4698 0
3566 836
4260 1129
8380 406
7671 32
1157 1132
1643 2620
2534 0
99 2210
541 0
5105 172
8460 0
6076 0
7243 2718
7359 1497
9560 417
5014 2991
413 0
46 2934
6212 834
8421 0
3894 0
8505 2581
6894 1539
9506 0
8436 2489
2290 2253
3269 1152
9067 790
431 0
7203 0
9263 0
9552 1816
3829 0
8511 897
8383 1827
7108 0
8576 2565
3055 0
7337 1380
4821 0
9021 0
4229 1829
9064 0
1967 0
6749 2833
3973 153
5832 0
7430 0
3169 0
4862 1738
3868 0
8372 2041
2642 0
8518 0
5576 0
7348 1052
7385 1506
2185 1735
8759 2279
6139 0
6501 0
1789 1329
9648 1319
5284 1156
3058 0
338 649
7158 1923
4859 373
5786 1242
5102 2919
2738 2336
5354 0
9588 2088
7740 0
2492 534
7077 0
6341 0
4161 2435
461 183
4754 167
2570 0
6697 2633
1263 795
9744 0
9006 0
9864 0
7111 0
2658 0
8815 577
7288 0
6105 0
3043 2209
571 1946
2011 2988
4080 0
1131 0
4333 0
8249 0
1801 0
4353 0
5211 0
6971 2686
5311 447
8195 0
6155 1943
596 1785
921 0
828 0
74 0
9818 2534
8396 0
8150 0
4712 0
7263 0
7682 2933
8833 0
8484 0
5350 1575
3755 0
1884 0
2271 2958
3757 762
5075 0
7751 1974
3923 0
8891 271
1778 0
6553 240
5830 0
2727 0
8904 0
6061 1511
134 2109
4448 0
5751 0
6229 0
6106 2214
7962 0
9249 1877
3057 0
5319 0
506 0
352 0
2850 2797
1188 0
4970 0
5550 0
5277 0
2166 1660
1643 1624
8472 0
2876 1667
5389 511
3925 0
494 2257
5875 732
5476 4
5049 269
5441 2260
5641 10
1520 0
5993 0
1081 0
5996 0
5924 0
7942 2948
9656 0
1756 1077
9160 2151
5016 882
1655 0
3847 1064
6128 0
9048 0
3002 1328
4903 1242
1703 0
1824 2352
5370 0
1516 0
1590 2710
4975 0
3530 0
5700 1448
1689 0
1432 2104
6960 1818
814 0
6735 0
2232 0
1023 0
694 61
345 0
7392 1000
6319 0
2828 2269
1867 0
8115 2477
4165 0
7584 0
4473 0
404 1170
9398 0
3332 259
6548 0
3166 2606
3393 1057
1595 0
5065 0
5345 1063
8789 170
5806 0
7758 0
3904 1472
4686 2874
9093 0
2598 0
2356 1154
1844 348
9060 0
1529 0
9305 2015
2588 1831
8634 0
7607 695
9442 1364
5840 0
8050 0
9627 2080
5563 0
93 0
4905 0
9331 0
9458 987
8171 0
6702 1068
819 0
2249 0
6890 63
4410 0
8124 2468
1016 2639
5377 693
1659 0
2518 2964
4379 0
9045 0
9543 502
5707 1558
4616 0
5794 0
6368 680
8749 0
5180 1074
2094 0
4619 1540
434 0
2443 1732
3329 2504
5610 387
5780 2446
8855 245
7205 0
5044 0
8952 0
7216 0
1888 0
4070 0
9628 1626
4238 0
1800 1753
5304 1009
3100 52
2582 0
7563 0
58 0
1067 1072
3045 0
9100 0
1261 0
7053 0
1317 0
4067 0
7504 1182
3486 797
1917 0
876 0
9257 3
7908 0
726 0
8407 0
6320 2603
4579 212
5450 0
913 2232
7087 0
8769 0
5458 610
8814 765
9192 2106
5370 0
796 546
2977 51
2280 1277
1742 0
8357 1919
7820 0
6389 2658
5843 2009
9914 0
8508 0
166 0
8328 0
1706 1619
6155 0
71 0
2523 0
9091 2443
6510 0
1344 1219
7705 0
7252 12
1135 0
4509 0
727 0
2741 0
2601 1074
8356 2368
7866 564
3621 1695
9650 0
9980 2394
8613 792
7311 299
4763 0
7664 2879
4756 827
2095 0
8862 0
3594 0
4977 2227
8775 0
8622 2079
5799 0
6323 0
9137 0
6143 1144
9342 0
7027 1151
6352 0
6045 0
6033 93
3367 2721
2466 0
5632 0
4888 754
1020 0
5535 1087
6972 79
9036 0
7597 1292
6640 1042
5318 0
5877 2835
147 779
8673 0
6492 0
2703 1105
2623 265
3243 0
3239 1385
1861 0
4847 0
8340 1372
201 620
5134 2390
7505 0
9787 0
7153 1001
2216 1230
5053 0
664 1029
8084 0
2422 2723
741 0
9205 0
3399 2006
3849 2806
7260 206
635 0
7625 1842
7995 0
4036 2059
5982 0
5313 2893
2582 0
6203 0
3509 0
5319 942
5816 36
4402 0
6558 0
6578 2359
563 221
9028 1818
1571 0
3424 0
1410 0
7874 507
2445 0
6261 0
7606 602
2462 1121
8671 1859
1471 2608
580 2584
2025 694
4274 2688
124 0
7201 144
5623 2476
9592 0
5777 2844
4241 0
5362 1550
391 0
8616 0
2105 0
8166 0
5020 0
768 1432
103 0
1581 0
5590 0
3699 1298
4885 0
7095 0
2909 2301
8832 668
584 2704
5780 1420
2612 367
1330 1428
3543 1843
6793 0
9809 1035
3541 2609
487 982
4934 0
4347 0
1299 556
1025 0
9950 0
4066 1933
7761 1278
2887 2335
117 1164
4450 0
2682 0
3406 1880
2376 536
9426 2453
7786 0
4246 0
2361 0
8024 0
4722 2238
2555 0
2645 0
5870 1626
5663 0
6894 0
6435 2060
2323 0
6033 2178
8361 2838
285 891
216 2476
2363 147
6175 0
961 0
8681 0
8346 2011
7847 78
2124 0
154 0
636 0
1759 0
3824 0
852 0
831 1547
1127 0
5324 808
1812 0
6649 1905
1251 0
4992 742
720 0
1703 2374
3252 2064
8599 0
7991 467
1158 0
3961 1050
1635 2602
2472 485
3002 2803
11 6
1737 2792
2505 0
3979 0
7049 0
9283 0
7820 687
4753 0
1958 0
5059 0
9610 0
2720 1021
9067 0
3369 1640
6739 0
6872 1924
4854 122
8612 1871
8046 0
8040 2169
7948 0
3356 0
2899 2506
3477 0
8431 281
2762 560
8661 0
7206 2989
2267 992
6079 1212
5030 0
2619 1803
4188 747
6999 0
3568 0
1359 0
2169 0
1235 87
6211 1618
4379 2143
4559 2753
2347 0
1890 880
9198 0
6011 44
7612 2641
9858 1556
5657 0
1676 0
3474 2717
2037 1342
8832 676
2736 260
4387 0
3010 1427
9430 1663
9578 0
3885 905
1953 0
612 2520
5903 164
3608 1457
1036 0
5690 1017
8480 2349
3765 0
8749 0
5653 1477
2318 0
9867 0
3479 0
9242 0
1882 0
1891 0
7706 363
9195 1018
6954 1322
5729 0
363 0
9985 0
6545 2810
6248 1978
8743 0
3405 0
8248 0
963 0
134 0
5140 484
7285 1990
2026 0
2375 0
8066 1059
9177 2328
1757 1977
1109 0
6695 0
7094 0
8880 0
5251 1850
2288 622
8712 0
1875 1177
2583 0
2821 0
9575 2828
9231 14
5921 2970
7291 1776
707 413
2673 0
355 0
9875 1311
9660 0
8227 968
9277 0
5234 0
9641 0
7829 1339
350 0
6527 498
512 0
2050 1503
436 2509
1125 0
1096 2910
1010 0
2782 2421
4538 0
1305 644
561 0
7143 2457
6813 0
2452 0
9425 1253
9541 621
2923 562
5513 0
3876 2761
1264 484
8640 0
9990 0
6513 1664
2761 301
6934 0
302 82
1090 0
106 511
9126 0
265 2888
4173 110
9208 2779
3895 0
1669 287
1218 0
2046 24
970 0
7523 0
5721 2495
8185 2877
2108 2696
2919 1084
9602 0
7607 1339
437 760
6117 0
5697 0
7191 1293
9861 0
8092 0
6481 1473
4212 0
4729 0
4339 0
1113 0
2169 1089
6268 906
7619 0
2779 0
777 0
7539 0
6591 0
2728 0
4425 1453
9555 1687
5758 0
3835 0
371 0
649 1614
9602 128
9168 921
9261 0
9693 0
66 0
2613 0
3118 201
5804 0
8860 0
2707 0
2352 2657
141 864
5316 343
2048 0
4853 0
5505 2624
8881 0
8202 0
3108 2975
3063 1899
5504 0
5603 263
3222 2102
9919 0
6006 0
4035 2276
3890 0
6154 0
1496 2771
8211 0
3986 1385
1707 1201
677 0
3844 47
561 616
2569 0
1331 285
729 2962
5882 0
6345 1926
2023 133
498 0
313 0
905 0
5836 919
546 1953
1527 0
9941 2181
3004 0
4779 2852
4890 2680
8038 2031
8130 0
3451 0
6700 922
5442 0
5538 2049
9984 0
1532 2826
6821 0
3974 0
1720 0
1879 0
9184 1213
625 1660
354 1646
9434 0
9387 800
7363 956
2924 0
3576 0
3505 732
9163 134
1956 837
7382 0
7994 937
5698 0
4580 0
502 1155
321 0
4745 718
5715 32
5916 2054
3147 0
3486 2187
1883 2469
4544 0
4199 0
7851 0
704 0
4185 1976
3476 2996
7515 1879
4551 203
1852 0
9056 0
9093 0
2958 0
2596 2342
7802 2755
6290 931
927 0
9259 0
5937 2765
4534 1717
2540 0
5154 1069
6652 0
1927 0
9438 254
4768 506
9792 1080
9414 0
5414 0
6354 0
6697 1082
5961 0
81 0
3271 480
3809 1722
5350 2477
3527 0
8823 1844
3894 2017
1392 0
9637 2294
8657 2756
7249 1693
7271 20
354 803
1610 0
3495 0
3468 0
1818 329
9290 0
2857 2576
911 0
7723 609
9194 0
3970 0
2650 0
2452 0
4222 0
9451 2371
6986 635
944 115
5787 2626
9941 0
946 1071
8413 810
4572 2254
8572 0
4473 698
5720 0
4067 0
8504 0
5127 2486
1551 34
4383 353
5695 0
992 0
96 2805
651 0
1909 1355
2743 0
2882 0
1399 0
2409 1297
3712 0
4377 0
1514 733
3849 2463
7797 0
5504 0
6587 0
6476 0
1131 0
8857 0
1432 0
2841 2753
1215 1960
6592 0
9950 0
565 0
9930 2212
6310 773
6701 0
9359 0
5540 0
671 0
2467 1389
1668 2082
7504 2706
303 0
4344 0
9895 0
133 0
850 0
9777 0
1751 0
4624 1739
3258 1749
6692 0
116 2185
1057 2498
7092 0
3222 0
4879 1916
7830 2023
2981 0
6651 0
2542 2726
6525 0
3444 2298
3326 94
2470 0
4213 0
1597 0
8637 0
6144 0
8242 2152
8669 0
4459 436
5491 2903
8441 0
6848 1218
7372 0
1635 0
2534 2864
9181 0
4694 0
3837 302
9520 0
8156 97
4520 2252
3547 2695
7203 131
6840 1416
545 2967
837 0
4404 0
7758 475
9735 607
4027 0
8861 1251
4981 714
9271 0
7101 0
3307 1178
7869 0
1387 1938
1615 0
5329 2153
1125 2372
6282 0
2910 0
4612 0
193 2899
7411 2042
4980 1410
555 1118
5203 0
1083 0
4403 0
1966 0
4847 0
6592 178
2055 0
8946 1821
1363 0
6366 0
4650 2082
9398 0
9106 2251
9589 0
6088 356
2489 0
7006 453
9945 0
8681 433
3875 0
9509 2167
3633 218
8253 2777
823 0
3095 2375
3962 2539
4219 1947
5296 0
7496 0
7685 0
1164 0
5 0
8071 2788
2429 0
3932 2254
2630 1221
5886 0
8101 0
8196 0
3348 2328
27 1743
6317 0
3134 0
6391 985
9703 0
8754 2752
4894 2427
8354 334
209 2386
8871 835
489 2624
8993 0
9688 1826
9091 0
7949 2193
560 0
4831 0
3262 0
8095 0
3698 0
6799 0
9716 0
5449 0
9614 1371
7195 0
598 1167
2095 0
1576 0
4400 0
1229 0
29 472
5887 0
1451 0
2341 0
6565 0
2625 0
4521 0
3470 0
8459 0
9520 0
6041 1222
4084 2794
8361 2903
758 0
5187 0
2858 1911
7035 0
5208 2689
5684 916
9858 1366
9569 744
6072 0
4155 49
6489 0
6960 0
7220 0
5227 0
524 0
7788 2781
8394 2923
6352 0
7234 461
7937 423
4337 2062
1478 1788
3805 0
2381 0
5797 0
320 2517
5052 70
7985 1467
4976 0
7962 1018
493 0
126 2367
2304 2627
1053 1965
1311 0
105 2535
7125 302
6221 939
5213 0
7823 30
489 0
3293 641
5160 2978
8518 1881
2447 1965
4458 0
5152 0
293 1489
1858 0
3046 2022
4273 0
3644 0
6327 111
4304 2551
2206 0
7189 181
9902 0
8965 0
8304 2585
1145 2913
6871 0
9166 2613
7809 0
7142 0
2641 1914
9056 2646
7356 0
8301 0
8037 1038
9358 1595
9700 0
2875 1483
859 1746
3314 66
8492 0
2035 0
1723 1488
3269 681
6280 0
7706 2206
6149 0
7100 1763
4576 0
3469 2524
2678 0
3255 0
2446 0
3798 2657
8788 499
7377 777
4921 0
3536 0
811 0
4882 995
1344 0
600 1657
3107 0
3017 2831
5924 1696
3509 0
2962 0
1896 2741
2915 0
178 0
509 0
1772 1693
7887 631
4826 0
1399 0
8089 1053
3002 0
917 1809
3659 108
9475 0
9499 2935
6954 486
5301 0
7784 0
9761 0
3252 0
8090 0
3245 0
2473 0
850 310
5175 0
4124 0
3454 0
3346 0
3584 0
9197 468
8282 2942
9056 0
1514 0
5596 2389
3448 0
2187 2567
8502 0
1596 0
7891 0
7893 2211
7072 0
1781 0
561 1118
7156 2645
5205 0
1607 988
7723 0
1891 912
9244 1189
3404 0
4906 928
240 0
7323 0
3949 0
6007 0
6855 0
5386 0
8342 2489
9140 1869
7208 0
2892 1033
3916 2830
3244 0
3216 0
565 1534
4234 1258
6740 1833
7685 579
9617 0
5399 0
8811 2759
9326 0
649 0
5426 0
3157 0
4073 0
8926 0
5618 1387
8280 0
9335 0
4411 479
2871 1978
1155 1773
2956 304
3997 1340
7879 957
3566 2103
4233 0
4893 1513
7092 2783
4708 489
2805 978
10 1521
7005 0
9546 872
8453 0
2742 2397
8672 0
947 2691
4912 1947
1011 0
617 0
9270 0
3407 261
7906 0
9305 175
7193 1459
8669 0
2064 2007
288 2952
3526 2456
8329 818
3682 1473
1703 0
3854 0
317 0
9490 2400
4842 0
4847 0
3680 0
8418 0
973 2149
1438 0
3428 0
8611 1160
9933 313
3429 0
9103 0
3667 1930
5411 0
986 1196
726 0
8462 0
7301 1086
3410 91
885 0
4638 0
5506 0
7332 0
2857 695
4564 0
2315 221
4920 2618
4637 0
8939 742
326 1499
5451 1101
4405 0
851 350
2901 0
5083 0
4038 189
6366 2680
7033 1423
1856 2971
6985 1804
5579 0
3839 0
445 0
4393 1035
7664 0
9036 0
4936 865
5961 2431
3543 0
604 0
5773 0
8259 0
1138 459
6507 1642
506 0
3915 0
9883 551
3787 0
9057 336
7902 1620
4997 2144
7318 1778
9386 0
5809 2916
7685 0
3378 1282
4592 0
2882 2891
555 715
6385 1996
1923 0
7952 0
7175 0
3615 2412
9148 2518
9283 0
6497 1282
4114 2562
3123 0
1826 90
6148 2008
3971 2687
7316 702
2123 0
3247 2183
606 435
5972 145
1216 0
9729 0
8164 2673
351 540
7250 0
2245 0
4172 1884
6682 0
4785 2871
6738 2971
590 0
8821 1895
5345 1471
3368 1561
6339 2124
6893 1984
2865 1407
55 0
1205 0
6775 0
4506 125
9711 0
3540 0
1606 0
895 0
3564 0
975 0
6904 0
5919 0
8829 2677
3622 0
2168 0
5840 388
4563 1935
5876 1516
2333 665
5309 0
9854 0
133 574
162 0
2454 663
920 0
675 990
1707 1325
9943 0
4761 0
4612 0
4860 781
9706 0
5656 0
4770 1008
2111 611
7016 0
3104 103
1127 1009
1324 1544
553 0
354 2552
4725 0
1787 0
4177 1343
5747 1323
3654 1628
3603 868
6854 0
8403 0
9151 0
1502 71
7209 67
8464 0
4682 1691
9628 0
8510 0
6188 0
3757 2773
3779 0
9591 0
1132 1752
7012 0
4023 0
3045 0
1006 0
8051 0
3125 477
1595 2473
6130 0
2120 0
1349 1584
2164 365
1 829
5568 846
5639 191
6849 120
2644 2211
8598 299
9428 0
2551 0
8242 2170
4580 0
3582 0
2909 1977
8301 2499
5714 0
2850 1681
6984 740
1470 2386
6008 2629
6947 2409
9504 0
3755 0
741 0
3060 2672
3638 2779
9253 0
5096 0
7026 0
3589 0
216 2823
3966 0
2419 0
4016 2823
3694 2805
9516 0
6855 0
178 769
6878 0
526 0
304 0
7171 1454
1665 2725
1483 83
8745 542
9811 0
1813 0
3530 1072
2842 0
5282 263
4812 0
2639 1783
6485 0
3255 1220
5680 2120
6785 275
9238 1986
6291 0
8154 60
4888 1352
6997 0
9048 0
925 0
1951 1544
7411 919
1672 2284
7534 0
8405 0
3923 0
4207 0
5995 72
2923 0
4721 422
3999 0
1471 2301
3751 0
3918 0
6372 0
7957 0
1080 0
7726 0
3907 1374
2358 590
3788 753
2243 584
8494 0
2171 1321
3535 2170
3376 2829
1766 0
8474 2577
1461 2868
9643 0
4847 2726
3573 1746
909 0
2701 2002
7332 0
232 1225
4511 0
5749 0
8809 516
1499 0
8046 0
1217 0
9815 854
7773 0
2893 183
1177 0
1385 0
9207 0
7110 0
2119 0
1034 1388
7549 2356
2447 0
9471 2836
5264 0
4947 0
7432 0
5123 0
4909 0
3780 0
912 0
880 1045
3839 530
264 0
9900 0
4864 377
8965 2154
9896 0
3803 686
6204 676
6183 2638
464 0
3009 1464
1321 1482
7611 0
6913 539
9534 256
8904 701
2710 0
274 142
774 22
5614 1713
8294 0
6716 687
4029 0
4340 0
5895 0
4212 553
5423 1824
814 0
6654 0
4183 0
1327 2901
6044 1531
3975 718
2175 2960
7225 0
8100 0
2107 290
8978 0
5286 1730
8623 241
1270 2010
6322 0
4535 977
8806 0
5445 0
6446 545
2771 0
1669 2491
9620 0
1583 0
3535 0
2298 0
5612 0
1372 1886
2923 0
3644 0
4981 0
1154 0
3926 406
2914 1062
1804 0
1710 264
8727 1029
8252 1565
357 775
9089 0
6525 654
5039 2241
2590 0
8868 0
505 0
6401 338
718 1048
432 2159
2608 0
5871 0
3993 59
5090 1309
1768 0
1831 2024
6588 1740
9405 2894
2022 0
9868 596
4034 0
5888 0
9304 659
2302 2815
227 0
3500 0
3117 0
3656 776
7812 2537
1100 0
2285 0
119 0
2251 0
6268 2390
5766 2200
955 2408
992 0
6726 615
9674 813
1969 2705
5580 249
1530 567
546 346
3005 0
2494 0
2487 151
6178 2530
2225 0
1087 0
6863 0
4098 786
7835 966
1132 1909
7306 642
9783 1652
4158 2462
3481 0
5037 2729
3752 0
4735 1316
9531 0
9613 1852
1308 0
8995 0
6217 0
4031 0
1857 266
9700 0
2122 0
8630 0
3083 758
5365 1377
2826 2107
4398 0
9901 2492
1049 2804
966 0
2119 0
2300 0
6663 0
1919 1376
7264 884
6809 0
8810 144
6457 1067
2745 2592
4231 2909
8597 0
7131 0
8879 0
4860 0
7449 0
7846 2021
5230 508
1094 0
9576 2447
4448 0
2656 0
6520 0
7552 2644
1911 1394
6899 0
858 0
1115 0
1356 0
7487 714
8556 0
9150 0
9744 0
6046 1115
6458 1162
7362 0
9580 0
6144 462
5420 1623
8434 0
8277 2514
4510 0
1710 1596
7810 0
39 211
2769 0
3975 0
3197 0
3120 1288
7013 418
105 0
3190 0
5281 0
1777 0
6170 1935
934 341
450 0
6635 2925
5402 0
8583 1928
5619 0
8595 0
7562 0
8498 0
8394 0
7983 1050
1186 0
4106 9
668 0
6025 181
6111 935
3487 1543
8315 0
5962 1894
7780 308
4441 0
3338 0
1071 0
9322 0
6129 2781
9054 202
525 1159
4871 1378
1225 2213
7260 0
1773 1002
8050 0
8711 0
6223 0
3242 0
6452 0
71 1372
5801 0
3318 0
893 2572
7371 0
7774 0
6112 0
4897 0
3007 1270
6076 0
7777 2528
1572 2377
8474 0
4313 883
2318 78
3290 0
7269 0
9886 0
3200 2857
7598 0
1414 0
8540 1944
2043 0
8447 1662
6246 376
7722 0
516 0
7002 0
1042 328
5472 2374
3147 0
61 1209
5663 0
1904 1474
4277 0
7754 0
9007 1127
4678 2522
7784 2895
3610 970
5086 0
4378 1146
520 0
26 2713
2818 0
85 0
6609 297
2841 1633
1483 2523
2591 0
8638 0
3392 241
9258 0
297 927
928 0
9883 2668
9295 0
8401 0
2960 733
2958 2069
1411 2589
4666 0
4647 923
9511 1668
4343 0
721 2018
4715 550
2927 2207
1435 0
7490 2097
9429 1116
4308 1825
6770 0
1329 824
7080 0
1035 1636
8730 0
7629 2924
547 814
7175 1550
6092 1399
1893 0
1011 2401
188 1254
659 0
8545 0
9809 1070
4308 0
8076 2591
608 0
5361 2730
4227 0
1362 1830
2432 0
5877 2938
9410 0
5945 0
5002 0
5190 0
5284 0
5673 0
6729 0
4168 2461
5809 877
6702 2418
5406 21
6449 1927
8985 333
7830 0
5252 0
8114 794
1766 2655
5614 2728
2264 2198
5089 1645
3585 201
9038 0
7476 2508
863 2102
7227 1490
8164 901
4751 13
3296 0
1254 1083
6595 0
920 0
5909 0
9806 0
1751 1987
2348 0
6553 0
1347 0
1181 973
4913 0
9383 0
1397 2159
6108 715
532 0
51 0
8486 0
6191 243
7456 0
2244 0
7828 0
3398 0
2094 0
5183 0
7282 1812
8554 1146
9445 2419
8902 219
7385 1494
4141 2067
5970 0
6416 2671
9162 0
6164 0
2132 1139
5334 0
4048 0
3503 0
9206 0
4802 1671
3069 0
9729 0
3571 0
9457 493
2658 384
3794 289
2951 2729
502 1853
2527 1913
982 0
668 2226
2844 0
609 0
9251 0
529 2954
7286 0
8897 0
7406 0
7574 0
2582 38
5471 0
9498 0
732 824
2103 0
8603 2629
9152 0
6051 0
5354 652
5825 0
6346 677
5894 0
1057 0
4158 1233
8066 1587
4569 0
2241 2674
1484 887
5224 2820
8618 0
1708 0
1382 46
7885 745
5388 1967
9658 609
1874 0
3684 0
2619 0
780 1720
2715 2044
9465 0
131 0
2970 0
549 2360
149 0
7032 0
479 0
9498 0
5291 0
2200 495
2963 0
3671 0
7356 0
510 1949
9796 2960
223 0
7872 459
7239 0
2092 2690
5487 1918
758 0
211 2593
4178 0
7678 0
934 0
4239 2393
8768 0
4383 0
7605 2192
9884 2819
304 280
6083 0
7807 0
4712 0
9629 0
8765 0
3215 0
4502 0
4014 336
8579 974
6701 1186
6765 0
8961 0
50 2404
5766 0
7890 0
4639 920
5486 0
552 0
4968 0
2586 2787
97 1556
7599 0
2356 780
8725 0
9150 2953
6689 0
3836 1934
6763 0
7783 0
2009 0
6117 318
1186 0
9790 0
9796 1359
1376 0
5821 2173
1620 933
2172 0
3242 0
874 1554
5538 0
4866 1245
2697 0
423 1431
2981 0
4233 102
3765 213
6952 0
9973 1918
5172 0
496 696
8722 509
6111 0
1355 0
5062 2949
6870 1860
7923 0
7428 0
7733 1223
1373 0
3569 208
8088 653
955 325
8656 193
2283 2258
5825 0
7032 814
7117 0
5966 324
7198 0
3722 2569
950 2467
5810 0
6539 0
3668 0
5179 1688
8369 0
5629 0
9426 0
6094 699
5423 544
6191 526
7651 0
7189 0
1205 0
8974 0
8801 0
4469 0
2357 0
7393 1179
6659 0
6268 1260
8366 0
4229 2031
9960 2128
6436 0
6750 0
8153 0
7727 0
4409 0
4547 0
6919 0
1699 0
713 2595
3374 1075
9759 491
5260 1824
342 533
9014 1117
2355 1078
7179 224
3633 0
9374 1057
5781 0
8402 1187
6597 0
2139 1266
7079 0
4408 2802
1125 0
6411 0
8045 2235
7792 0
1081 0
7163 0
4265 0
7561 658
4263 2640
8482 0
6017 0
3839 1888
2761 2950
5626 430
4746 0
800 2483
1593 165
5934 2566
7302 0
1627 0
810 767
2532 1073
7922 2096
7710 1490
8320 1421
6486 704
1134 129
3489 0
7100 2752
2755 0
5006 0
6896 1462
6877 1904
218 0
7075 0
9802 2035
4381 2129
5419 2312
3643 0
8252 2026
4236 795
3021 0
6639 1551
5529 856
9484 0
878 0
1679 0
1570 1444
834 692
3345 0
1558 2057
7001 0
4766 0
7576 623
1113 512
3680 0
4972 0
3455 2809
2669 0
5153 0
6150 0
615 0
1616 0
3027 0
8420 0
5204 0
9972 513
2111 0
8278 730
7737 822
5819 0
7106 1515
7226 1132
1607 1581
7264 1646
7318 2033
6605 0
1952 0
1744 2377
5284 0
2511 521
4552 691
5658 2101
9850 0
1536 166
4865 0
951 360
8434 0
4166 397
2042 110
6060 2318
7077 1809
6508 1384
7628 426
2169 771
7418 0
2763 0
761 0
1378 0
3678 1232
365 0
935 0
7337 1854
6020 43
6200 0
1448 0
9573 1308
4710 0
8036 0
5702 0
9088 2587
7624 0
3258 559
7226 0
9428 0
1076 0
5803 0
2162 0
6425 0
4747 2531
5584 993
7037 0
5276 0
3564 0
1172 2981
4856 0
7048 274
1493 0
8730 2129
5929 0
6328 0
9050 0
9414 1881
4394 376
7386 2570
9752 0
9441 0
7026 0
6663 0
3252 372
6755 0
1787 1960
3042 0
2531 1594
6543 2182
257 0
2439 433
7683 1122
9016 2608
3851 278
6855 0
9547 1787
8913 0
6209 979
9240 862
6796 930
3376 0
892 0
6548 0
3507 0
789 0
32 0
8526 473
9581 0
4716 0
7331 0
5100 0
4311 754
895 0
6279 2590
6643 38
5090 0
332 772
494 2411
7613 0
6855 85
3896 2992
9040 0
7765 0
9103 0
8948 2396
4866 0
8158 1110
5261 595
8781 657
6385 583
5560 0
2445 0
3858 765
4439 1099
6311 806
4894 0
1623 137
2563 0
2139 1030
4069 0
7809 2165
9122 0
4849 0
4288 1950
446 1052
3214 1765
5236 2933
9584 0
780 2689
9443 1399
5328 2137
4960 1094
6304 2473
5237 0
5410 1388
5917 0
2458 2984
7929 0
2225 0
834 0
9710 0
2778 1037
3947 2322
6063 1461
2774 0
3005 0
9741 898
7242 0
8395 0
3128 2666
6484 0
9014 1377
5606 1098
7471 0
9903 2957
5469 2072
6339 0
9965 1331
4133 0
9868 0
7972 1549
548 0
606 169
2878 0
8265 1294
6367 0
1293 0
1787 2310
9688 2439
9097 1792
6261 345
5901 1912
6784 2405
3696 0
7385 1045
595 0
6564 0
1320 2541
4155 0
4635 1647
9398 0
3193 789
2247 0
5361 72
1158 2675
382 678
5233 0
7371 0
4401 0
9684 2288
9319 0
7788 0
3129 2379
2136 489
4020 1462
7012 0
8312 0
1762 0
3186 2443
5399 869
7530 2122
352 0
2132 1347
2530 3
9273 0
4447 0
1056 0
8727 0
5478 0
8922 0
1034 0
8336 1455
618 0
352 0
8452 0
1759 0
598 2778
4234 0
7263 369
176 0
8568 0
5530 0
6799 294
8616 0
4138 2273
3077 1145
290 647
6670 1681
7649 1956
9636 0
6232 0
5995 0
8594 996
9203 635
6838 284
450 692
8015 0
7723 0
4236 0
5914 0
8367 0
7608 2610
9754 272
5084 0
2616 839
3244 893
9106 0
9770 2334
4861 0
739 371
223 0
403 2649
288 0
2991 2977
2651 2197
4972 0
8582 2338
1200 0
9909 0
1109 0
381 0
8468 1299
2437 1530
2435 1408
4182 0
4877 0
9218 0
8694 1418
1064 0
9671 0
6787 0
8643 2303
3716 1370
7611 1631
290 0
8618 1005
7607 0
9737 2815
9178 549
6388 0
1137 0
9060 2075
5660 594
9208 481
5666 0
2537 0
9662 0
3595 703
9332 0
7035 2257
3816 572
762 1588
6555 0
8172 9
7497 819
6785 401
1385 0
1620 0
8502 0
5708 2730
4296 237
84 0
9072 0
468 1758
8958 0
8319 0
1943 0
5342 0
6821 0
9406 1822
3467 0
8678 276
1041 0
8724 0
1884 2287
8973 432
5512 672
1034 0
3274 894
8786 0
4071 2357
5443 0
6066 0
9338 1764
14 0
1087 0
8194 0
3807 2890
1307 0
5487 20
851 1574
2284 2982
4247 1684
9515 0
4903 645
1298 0
1132 2070
1385 2544
4709 628
7369 2512
875 244
5706 0
7456 0
3137 575
5909 0
5963 1380
2979 0
5402 0
973 1134
4678 0
7522 904
5686 0
665 14
6512 930
2757 0
8698 2818
9098 2050
8990 1346
7985 897
9436 0
224 0
8164 0
7166 0
577 2687
3382 0
150 1962
609 2742
1683 231
1006 0
2075 751
1063 0
9847 195
6228 1317
392 2533
7209 1509
1833 0
7559 234
6080 0
8233 2077
3958 0
5242 0
2625 0
4419 0
9737 0
6847 2177
4935 1284
8130 0
9025 0
6272 571
5729 2888
7077 148
321 2690
9318 218
2409 0
9037 0
1260 2707
2814 319
2341 0
3791 0
1861 0
5257 2234
564 1414
9894 0
6526 2222
8373 1326
3483 0
928 0
8692 2116
1675 1100
2418 0
1867 1016
3780 0
2326 0
8521 2093
4332 2393
4948 126
1736 1846
2421 0
4316 1143
5210 2902
3771 0
1400 0
9194 435
3050 0
8585 1023
3312 1030
3710 2487
4271 2671
5064 0
6669 2041
5317 0
9988 1417
2398 124
7059 1591
3236 860
1641 229
8261 0
1210 2708
531 0
6058 0
6083 2674
4156 2667
5130 204
7789 2012
1163 0
6663 0
5581 0
6084 1361
8069 1214
870 535
566 1629
3448 2889
2758 1434
5471 0
93 0
1331 0
8590 0
3920 0
7089 0
9222 2985
253 0
5536 1938
8416 832
4352 2816
2459 0
8725 1543
759 2409
4034 0
9994 1208
4667 0
2186 0
7255 0
3707 2119
6062 1880
9435 225
3110 2057
6822 1107
3389 0
9824 0
7940 2104
5344 2352
6065 0
1956 0
201 0
5070 2302
921 1811
5613 1655
2938 0
9959 0
888 297
1051 0
2040 0
673 230
3811 0
7555 1493
4223 0
5185 0
8007 0
8293 0
4555 756
268 85
1081 0
4708 0
938 0
3164 913
140 0
9989 2063
7282 193
3087 0
1306 79
8635 0
4275 0
3607 0
2600 0
4372 0
5667 0
9818 0
9714 0
6988 0
3739 0
8005 0
7912 0
7651 0
3472 0
7850 794
4027 0
8771 0
6879 1731
9049 0
3015 1476
9014 1791
6627 2648
888 2406
8161 0
4069 0
5106 2538
6048 0
5690 0
9778 0
3021 1278
9423 0
2869 362
2351 0
7912 0
4583 0
360 0
1499 0
969 0
9520 0
2657 0
8496 0
8528 0
5102 0
9224 0
4175 91
4728 0
971 1784
6154 0
5473 0
3615 0
5201 2914
7396 0
4965 746
1081 737
9868 2039
9090 2545
3782 270
3735 2408
4752 0
1967 167
909 0
3466 0
7067 0
867 0
4011 1939
9378 1800
6938 490
8334 0
5498 0
2625 0
9923 54
441 1599
9893 13
9934 0
9 0
9534 29
4283 247
6611 2304
4641 2902
8494 344
2481 1440
7411 0
101 1651
1229 2547
616 467
4110 532
2081 2693
2009 0
6539 1527
2192 2894
1095 992
4590 1358
8785 1162
3661 0
565 0
804 1514
4572 0
7763 2896
9733 0
2772 1195
5287 2631
7330 0
2410 0
843 1747
5999 0
453 881
1543 0
7859 0
9184 1188
4415 998
9378 0
203 0
2966 2382
3602 0
8474 2761
4956 0
7200 0
363 0
2863 0
9810 2743
4360 64
5277 0
8284 0
818 0
8133 0
4243 0
1523 1622
7322 2801
6932 624
8505 741
5668 80
6586 1047
9474 0
7642 2208
9814 1639
7373 1102
6574 0
2751 0
1925 1508
4133 0
9165 0
3084 2250
8848 0
4789 0
9270 627
8497 1929
2484 0
8341 0
3874 2698
3704 2231
1537 0
4064 1130
4527 0
134 931
9030 0
7552 1226
5293 0
4338 1318
6353 1856
3621 0
7224 0
4051 1868
2248 1119
2075 1560
8479 210
1801 2634
5934 0
5916 0
5634 0
4468 2940
7512 0
3243 0
1659 2143
9497 48
9932 0
7631 774
1358 331
5884 0
4701 0
4884 449
28 0
4657 809
5863 0
5886 2387
9721 0
9992 0
8689 0
9552 2515
5039 0
5695 0
1504 739
625 2098
3120 0
734 0
5534 2536
4223 0
3036 2520
1360 2495
331 0
2688 1766
2566 0
3268 0
2832 2970
3104 0
8970 2368
6774 1135
7525 0
7894 2370
6484 0
838 0
2453 0
3580 1774
8384 2566
4192 0
873 0
5651 1379
8450 1084
1062 841
6449 1609
4600 0
9542 0
7532 2121
4571 1257
5504 1653
7292 2847
2660 2012
5204 0
6070 0
6427 2597
2640 0
6031 1852
5982 0
6309 0
7525 0
4394 0
8764 2562
4658 0
838 2852
5240 379
8500 0
5008 0
6850 0
1598 0
8035 0
9012 0
3002 0
5314 0
3923 2132
4136 0
4820 0
1085 195
770 1620
1048 2757
6977 2441
5269 2078
8399 1614
3553 0
7062 0
4402 0
6481 0
2472 1690
7811 0
948 0
8167 0
5060 2896
7295 975
970 0
7194 0
8543 0
583 2947
9695 0
8490 1570
7035 0
5723 2399
4568 0
9234 0
4022 639
9853 0
6308 1970
3450 2267
4238 0
241 0
1829 0
6875 0
2847 0
44 2178
3505 0
7858 0
4121 0
2223 466
4974 0
3139 1359
2311 0
770 0
9190 2742
3080 0
7677 0
875 0
7372 0
9987 47
8622 0
2140 2681
3566 2145
9921 0
378 1005
8429 1170
6487 2853
3250 382
1343 0
9095 1210
7729 2565
978 0
6172 969
4124 1511
7892 2365
8806 996
9746 2437
41 0
1531 0
899 0
7943 2103
1264 0
1374 1567
7183 509
4731 0
9040 421
9124 2552
3122 0
7491 1530
2496 0
7205 1093
5495 921
9387 0
202 2484
5310 0
9222 0
5177 2069
1034 0
927 876
4143 0
1755 0
5743 1850
9750 0
493 1518
1701 2985
1885 0
198 2700
9235 0
2570 379
6185 0
7445 1024
1205 2075
1175 842
8158 440
558 2199
6468 0
972 809
18 1312
6136 0
3985 1023
373 0
2768 0
1601 0
6732 408
4131 1095
4105 0
6909 18
1704 2439
7016 0
9701 0
3669 0
2317 0
3903 1231
5858 51
3270 23
3638 0
1620 2311
7823 1539
2016 749
2527 15
7139 136
4867 0
6407 0
350 2245
7039 0
2487 1697
6259 0
2818 0
9367 1873
1379 0
9315 0
6311 0
3964 0
7957 1655
9564 0
5112 0
8561 0
9455 2550
8334 0
2482 0
9560 0
9101 2660
5442 315
6863 0
5611 75
4044 0
1730 0
9511 0
7020 0
2848 0
2341 0
5607 1917
5491 0
5417 253
4465 846
191 1780
3675 0
5781 0
1861 242
730 1770
9259 0
2859 145
3441 1280
5557 235
9652 283
8850 0
6869 0
1618 0
834 2270
9116 0
817 2771
6936 2140
4008 0
7456 0
4484 0
687 731
6252 0
8210 2327
6367 2874
6178 0
2155 192
1669 0
4563 1274
7113 219
5674 0
8877 337
3731 873
7473 0
7820 2702
1916 0
3616 1171
9187 1145
9747 0
5409 0
8305 2440
8732 2737
8662 0
6169 500
8829 0
8397 0
6065 1316
400 2184
2446 0
2334 0
829 0
3198 0
8020 0
3857 0
2351 696
8207 1287
1226 0
141 2643
7414 725
2258 728
5039 0
3297 8
8375 0
9784 381
1146 0
855 0
3512 1236
4252 1352
7079 548
4091 1115
5804 398
2552 946
4278 2744
5300 694
4463 148
9733 850
7148 0
2605 1549
1466 294
237 2480
129 1398
7884 0
7872 0
483 1207
387 0
1365 0
8418 0
4042 0
4010 0
2256 0
7241 0
4817 62
6998 0
8211 0
3721 0
3347 0
562 0
5049 0
7921 2712
9677 0
5695 0
1161 586
2566 1920
1954 0
3472 0
7184 1025
3658 1891
1413 944
78 1489
3006 0
4835 0
4020 2699
416 1898
1976 83
2195 811
7945 1313
3019 0
9636 0
3918 2302
3645 0
1997 0
7334 0
963 0
1559 0
2558 0
2253 0
9512 369
7783 2467
2324 355
3589 27
6964 0
5102 2941
617 1706
5693 414
8984 2221
9267 0
3322 1597
2064 1043
6470 1332
1248 0
8256 0
6949 550
1624 1657
5229 0
2495 0
9182 0
9846 420
2537 2709
9758 0
7876 0
9259 2644
8195 0
8217 941
2391 578
7382 56
8591 2500
4272 664
9723 903
6960 0
7008 678
1602 0
4144 697
1410 1961
2229 2225
7283 1996
3772 0
5257 0
8940 0
9087 1143
3094 1481
1477 1172
908 2949
4655 526
8605 2127
8064 0
9241 0
371 0
4377 0
2887 2072
2964 0
3534 0
3888 1031
9510 1962
8358 0
220 0
3461 2789
6572 0
5575 0
6587 0
841 1197
2432 0
3793 0
9905 0
783 1750
5563 0
7250 0
8852 1125
2208 915
2241 2222
4206 1250
7073 1707
7986 0
7173 1770
5765 519
8349 2812
6415 0
3737 2432
1483 0
5816 1903
7737 2232
6617 0
5394 171
3301 0
734 0
7451 1589
6611 2519
9141 0
3824 0
8284 0
610 0
7905 1667
4645 0
9776 52
3512 0
8671 0
2094 0
253 271
9924 2502
1743 0
7336 0
5494 2754
3456 0
1559 0
1822 26
9246 0
7713 0
7294 0
78 0
6610 0
8512 222
5882 0
3483 0
638 0
7812 1238
1028 2048
1328 2945
2210 0
404 580
9593 2248
661 0
5029 580
9624 0
6656 1136
5756 0
5910 0
4481 0
1756 1432
7768 2859
8280 2324
4136 2036
4119 306
8385 0
8056 1235
4661 0
4496 186
4350 2525
9587 332
2157 0
2963 0
2673 0
7818 0
3425 0
7869 444
6890 1650
9582 1033
8783 142
748 0
6227 2246
2438 782
2939 0
1875 0
274 2198
8072 127
1893 0
2424 0
2396 2002
7045 2734
4136 2828
8203 314
8324 0
8633 0
6183 0
109 936
7726 857
2959 1179
5125 0
4325 0
3308 0
8398 0
4524 2032
2129 1714
6588 0
6998 2215
6811 112
3201 1365
6274 0
3509 0
5124 0
3640 0
8662 143
4175 948
96 2172
7958 0
7783 2397
798 0
9204 0
4117 8
5548 2664
6911 164
5594 0
4684 0
7765 0
2994 1455
3672 0
6651 0
19 0
5840 868
3147 0
9207 1087
6458 0
5194 2820
8853 1910
3906 2810
8902 2907
3970 2197
7170 1104
1000 0
1065 0
5969 524
5986 0
3531 663
948 2105
1592 0
4398 2867
7042 0
6967 326
1344 1791
414 2564
1288 0
5370 736
6670 1546
4861 2882
6536 0
228 660
3382 0
438 0
8233 0
6613 1866
9388 960
8909 0
2488 194
9032 0
163 997
7576 679
8263 0
9328 0
6590 437
3635 0
3974 2077
4638 2094
9433 0
4281 0
1851 0
1366 357
524 1794
7198 1577
3877 0
2270 1680
6108 0
9337 1566
7715 0
3637 0
2498 0
4752 0
5490 2722
2282 847
761 0
4442 2071
5813 2455
3655 0
4311 2750
5952 0
1107 0
2254 0
5521 0
3845 0
2164 2183
8154 1674
8065 0
5398 1335
6076 1503
7899 77
5332 55
2545 2202
190 838
2994 2860
501 0
3037 0
9620 187
336 2776
7295 0
6739 0
7018 2484
9936 2553
9814 0
1312 0
7594 835
5937 0
7387 2359
7946 2596
2540 480
3493 0
5080 1185
4085 1767
7340 747
7051 848
2535 1289
9841 0
6639 979
5296 2784
7595 2549
4051 0
9538 0
9081 2834
5578 0
1117 0
8923 2786
756 0
1436 0
8499 0
400 0
8775 0
4864 0
3898 175
2265 0
6027 0
7140 0
6000 0
9621 488
1067 0
5105 0
4051 0
4041 0
8282 0
8411 114
2295 469
140 0
3857 2296
1419 0
7647 0
2923 983
1882 0
5893 0
8717 182
2937 0
4417 1972
9730 0
8504 0
4416 0
5650 2835
66 2899
3149 135
2839 2769
3811 0
1502 755
4074 2124
9012 774
5422 0
8608 2256
4990 2611
3302 2162
2381 403
9639 0
1295 0
6999 1586
4964 0
1220 0
5883 650
5524 581
6160 1457
7728 0
7131 0
1853 2076
629 2468
8028 0
1860 2074
186 89
2115 2880
2285 0
5573 0
2192 0
228 517
9957 0
7829 0
2334 1301
7602 0
2526 1285
9586 890
2389 0
1986 998
2612 598
9851 0
1248 0
815 0
7033 0
3111 0
8424 0
7383 567
589 0
1871 0
3644 2131
2542 0
8753 0
7124 2160
7214 0
6304 1807
1969 1182
4452 2329
4101 0
52 0
3679 0
6840 0
1470 2912
547 2659
2426 0
3035 0
2142 0
7248 1079
9944 418
3282 281
1223 0
5076 0
2405 0
3717 0
6953 1150
7111 0
4574 261
6448 2863
2162 0
385 0
9442 0
4918 573
317 0
5402 0
224 0
7220 1607
9906 2669
618 41
5788 0
1048 1622
4778 1259
3050 1064
5932 2947
5015 1433
5084 2990
5447 544
5470 2682
8958 33
8076 0
6203 0
7815 0
8979 0
2688 0
3042 2732
2137 353
2285 0
2326 0
1808 777
4825 2099
1094 447
1627 1541
806 0
422 1409
4378 0
8703 2199
354 98
9547 0
3770 0
3828 2479
7967 0
6057 0
3765 0
7659 0
344 1912
5425 0
6984 2633
709 0
5045 831
5610 0
1395 1993
9668 1853
5194 0
7574 1593
2213 1497
6292 1571
7279 2321
3200 0
9886 0
322 0
7157 0
1172 0
464 0
1686 232
4334 2930
5576 0
699 0
3949 0
1080 761
6299 0
3222 256
224 1602
8314 0
5904 0
3888 0
3022 1663
7069 1823
9632 0
8816 0
9928 0
9926 1220
5873 0
3211 2619
2770 0
1536 1884
4099 2130
8562 478
4480 0
9081 293
8636 1482
3113 0
5166 0
9439 0
5739 1419
5205 1042
1603 2653
6963 0
1872 0
3987 0
3762 0
9460 2322
8963 2525
8756 465
8577 0
529 2174
5811 2540
3929 0
5428 720
8128 0
7006 254
290 0
290 2558
992 0
8885 122
1851 0
5038 0
9927 0
6360 0
1839 0
447 0
37 0
452 0
5608 0
3288 0
389 0
1024 0
2287 0
2228 2915
4093 0
4479 0
1944 0
757 0
5333 1651
2160 0
774 0
2243 0
4374 0
4638 2342
2935 587
4634 1608
6778 0
3385 2977
9364 0
5454 0
5600 0
8476 610
4929 0
2690 0
2901 1138
9015 790
7484 2205
9216 0
849 0
6397 0
6728 466
5685 2979
949 2291
8417 2842
1934 0
5713 0
3191 1673
9490 0
9635 0
4409 904
5316 348
3220 0
7366 1777
1483 859
8982 1168
4441 798
1990 1985
3083 0
6257 0
8719 1629
4977 238
4870 2204
6410 1012
6500 1239
1037 1117
6997 0
5116 366
7314 0
2928 1858
3796 0
2944 0
8832 413
7596 2908
3505 0
2012 1638
1998 0
7716 2134
7305 62
1706 606
8359 0
3907 0
2745 0
302 2701
3742 0
9201 785
1408 863
9926 2258
5191 0
1266 1233
1916 280
1120 0
1542 2740
1422 0
8123 2344
7715 2994
7817 230
3146 0
1676 796
6904 0
508 0
3063 0
2851 0
6344 173
2869 0
7158 1504
2127 2424
3220 1047
6010 0
6553 0
8555 2503
275 2261
6985 1906
4034 0
2797 0
9234 0
3851 0
4912 0
950 465
2001 2320
6108 520
6938 0
2477 886
8613 505
7251 0
9837 0
2168 708
304 2982
5302 973
9400 743
6490 0
9399 0
2710 0
7952 0
5828 1941
3940 726
8852 0
5843 0
5707 1513
3024 483
9810 2180
5252 2605
6204 0
6049 504
7623 0
462 0
5910 0
8575 0
8654 870
1085 2526
4849 2873
1367 659
2356 2666
3671 877
5438 2521
4335 0
8642 0
9972 220
9085 0
1623 564
7502 0
6176 0
3254 0
288 1772
8009 1873
9393 0
876 1648
24 0
2782 0
1075 0
758 168
7274 1590
4631 0
6091 0
9198 1701
2296 0
7042 0
8093 0
1898 0
5594 2449
3462 234
2669 0
5436 2215
1742 0
5889 0
1428 0
6069 1193
9860 0
5355 0
2993 0
9223 1595
7974 0
6681 0
3470 177
3480 0
7186 689
724 2501
591 2040
8668 0
5388 0
7356 0
2715 0
985 0
3315 802
633 0
8807 415
4034 2042
3633 1512
9880 0
4101 404
2957 361
4589 1820
6861 2719
3337 1245
7506 0
2499 537
7259 1972
3272 0
4351 0
2888 0
4363 849
8839 985
4377 0
3629 558
9021 0
2029 662
783 1012
6561 1841
2891 0
6823 0
5474 2750
6050 35
2782 852
8167 1851
7843 0
8843 0
9077 0
