3000 1171
7630 0
3805 0
1019 623
708 1651
262 0
1313 0
2645 0
1364 712
3280 641
8876 0
9598 0
3859 2982
9934 0
8175 2777
2609 1708
5612 0
5625 1271
8309 653
4251 2156
4301 0
8071 1085
7422 0
2748 0
9935 0
751 0
8090 858
1735 0
1136 2451
1050 0
8680 0
2537 0
5992 2251
2026 0
7777 0
4471 2537
3101 415
5725 792
1514 0
9432 1926
5721 0
9134 2428
8874 0
9587 0
1681 0
865 1333
1370 0
8797 0
1857 2143
3644 0
4902 0
4856 316
8227 1022
6283 0
3625 289
9188 2621
2006 0
7201 0
7294 0
7401 2152
5354 0
5281 2591
5116 0
5342 0
3745 491
5962 0
5116 0
8945 0
7307 0
2418 1909
2000 0
7514 0
6099 633
230 1765
9489 2982
5585 0
8273 1404
2964 162
4308 0
4469 0
1797 0
9266 2045
9975 0
4661 0
8683 0
3083 0
1064 0
563 0
1512 2203
6784 612
3479 904
3846 0
5166 0
3660 2894
9328 1114
9582 0
8746 0
3923 0
5914 1317
1881 0
1956 1046
2075 0
4866 0
7654 1626
4344 0
8127 1130
6359 0
5740 1408
3059 0
9654 1092
7247 2813
3127 2107
7030 0
2876 2683
6831 0
8688 822
1789 2184
5141 0
9320 1372
8063 0
7451 25
4205 2111
5354 0
1035 0
6300 0
155 2159
3741 1776
891 0
1976 2902
9457 2978
8458 0
7480 61
277 325
8680 0
6684 0
9163 0
2173 0
6803 0
3262 445
8701 1310
2849 605
493 0
6577 0
3216 515
9542 0
6713 0
3617 2244
7038 1427
6822 0
9217 2545
1477 0
8960 978
8216 1683
6514 0
6032 957
3130 0
2946 2974
4163 208
2186 106
2130 0
7705 0
1545 2944
6355 0
4115 0
3004 491
6358 2201
7575 0
664 2531
7173 0
2771 0
8699 0
3380 217
9884 1113
6633 0
6505 0
2645 0
64 0
5081 0
5878 1705
4067 0
7349 2140
9693 0
828 0
3913 409
9130 0
325 0
4465 2726
2040 0
5760 1170
6415 0
5324 1300
7721 2480
9785 0
733 2717
5994 159
3964 768
0 875
8407 1540
4967 1090
9310 1106
5913 0
5377 0
3756 0
8366 1618
5856 0
4881 0
2898 0
4965 0
7174 0
6738 1414
6437 904
5764 960
7895 2512
508 2786
9792 0
7348 2189
8024 0
7865 2026
3798 0
1447 86
8291 1059
7054 2433
1054 1002
3971 2600
6695 2624
9647 1381
7209 0
6615 0
9048 0
6984 0
4505 0
786 0
2753 1412
6106 1325
8975 0
1736 0
1751 0
9114 0
3785 0
5302 0
8351 0
7732 0
5076 0
8352 1761
1398 0
1471 0
1166 0
682 0
1912 826
8913 0
8262 1786
6439 1815
8787 2773
5269 0
1430 0
5284 0
2121 2977
3034 0
321 1508
2191 0
3406 234
2615 2289
9831 1870
1927 2048
7501 1205
1224 519
1669 2284
976 0
1254 0
2168 722
575 577
7578 0
3989 0
3527 0
1022 0
8999 0
5869 0
3215 0
1981 2829
3002 2295
7718 0
7934 376
7502 480
9516 1435
4712 0
759 2319
9098 0
9241 1416
9817 0
483 0
9676 0
4118 2631
1026 0
1050 454
2675 0
6327 520
1781 0
1554 0
2610 0
3792 2658
2945 1625
927 1024
9831 1972
3838 2399
9531 1855
6928 0
3954 1142
370 0
5766 0
4102 0
598 0
4472 1054
1540 0
662 1872
8134 0
8202 1859
4444 0
1862 150
4127 0
5282 0
7100 1291
8733 0
5342 661
4529 0
1091 0
9025 0
8818 1994
4529 0
9218 718
5195 0
3161 0
2901 1874
3578 1636
6941 968
79 0
8453 0
619 1529
1495 0
8142 2685
4170 1337
5358 0
6357 0
1392 0
5612 642
9864 1442
2203 2478
2385 2107
4829 0
2469 308
3504 345
4047 2176
8549 916
6412 2851
3822 2811
9727 2525
3151 0
372 0
5944 1827
8366 1550
2602 2514
2210 1289
4816 458
5603 2735
5658 1685
2892 1668
1158 43
3722 2740
109 0
3240 0
9980 1876
8447 2477
4312 0
3474 2642
2784 0
6717 1799
5883 0
3263 0
242 872
573 0
8801 0
9322 0
4051 0
4767 0
9842 0
8210 2778
6133 0
7454 0
9437 0
3015 175
4159 2031
5922 0
3617 0
3802 0
450 0
2363 149
6400 1140
1686 2516
1199 0
6599 0
7074 0
7565 2307
3530 0
7230 0
57 87
1809 0
8366 0
2266 517
6506 2795
4 0
6991 0
6231 0
7485 1624
102 2794
5222 2992
6594 2854
776 0
5475 1874
1550 0
1923 1294
2555 218
3109 0
5565 0
9708 2080
9892 2231
5146 0
7403 2605
2590 2483
5719 0
8302 0
9384 0
4457 0
3758 716
3100 496
2437 1330
3623 0
8918 0
1686 946
804 0
3326 0
7674 0
2751 1293
775 0
1314 1820
6995 0
70 0
620 0
9843 0
7797 0
5390 0
3172 2961
4545 2570
9984 0
489 935
8184 2164
5489 288
9601 0
8257 0
4176 0
7751 0
169 0
3840 0
7800 2765
8114 1719
8037 0
4444 0
3432 0
1608 2842
7375 0
8743 2191
7566 0
4183 0
7985 0
9416 2015
9365 0
1359 1342
3187 0
169 0
8854 0
4072 1049
9836 1465
4449 1910
7150 1794
7339 0
8677 234
3354 0
847 2956
9196 235
5147 0
9503 222
4071 2450
9990 0
1514 0
5610 1739
9934 0
7680 0
1498 0
3006 782
7246 0
4435 0
3873 0
5192 2236
3446 0
1230 1983
2834 0
276 0
7523 1940
8862 0
4753 0
654 1498
3042 0
6240 0
9059 0
4695 1306
7232 2516
2365 2422
815 0
2678 0
4167 788
355 0
3182 1397
6419 59
3549 267
8208 1202
476 2990
2855 2837
6475 2511
9682 0
7322 0
2843 814
8874 1954
3704 0
1255 0
8283 920
5843 42
2002 0
7952 0
7955 1824
180 0
863 0
5894 1900
7120 2706
9891 0
3313 0
4908 0
3802 0
2293 916
3219 832
9301 0
9085 0
7617 1994
7010 2769
7370 0
7515 739
9256 830
2197 0
2305 1516
4658 613
5151 0
1709 0
6253 0
1753 10
512 1288
8832 2256
4612 0
1331 0
6476 0
9708 2322
7593 585
3569 0
9238 0
3112 0
8089 117
3314 1830
4082 0
8167 1181
8406 397
3968 535
2620 0
5306 0
6406 0
3067 708
498 0
9363 0
7846 0
7691 0
8408 0
6155 498
1658 1139
7223 0
8016 0
627 0
58 1106
242 1087
144 1322
3054 1901
6338 0
6504 1363
1342 939
6247 2919
7982 0
843 1943
2230 1400
9392 799
8080 0
433 0
7123 2215
883 0
9688 0
8185 2127
1727 2780
9369 0
4123 2505
8926 0
9045 0
1206 861
2844 1331
6972 678
5931 0
1275 0
1821 0
9042 0
1748 0
924 0
2810 1671
7947 0
2261 336
2595 965
8061 1689
8499 334
9288 2331
8666 68
7926 1166
5419 0
3542 1750
8812 0
8036 0
6998 0
8115 843
1284 0
5328 2322
4667 0
6850 0
8735 0
9815 357
5607 360
5637 969
5383 1705
7990 1949
3179 2025
7727 0
5587 236
7232 1807
7890 0
8338 2792
8887 0
7564 884
7018 900
4901 0
8368 354
7647 0
5292 2513
935 745
383 2709
5655 0
7529 0
3608 1644
7638 0
6387 1034
9465 1265
7707 672
787 2605
6523 1588
136 0
9715 0
8450 1980
530 0
5213 2676
4158 401
5189 1452
9880 0
1556 0
7734 0
3110 0
2482 0
501 1280
3738 2806
2018 0
6608 1570
4019 0
2793 2262
7709 935
5074 0
5200 0
1501 0
4 0
8762 1724
9810 1347
2348 318
6269 0
7204 0
1255 1684
9051 0
6664 0
5355 0
6593 0
2733 0
2955 1638
1993 859
9234 1107
9380 0
3428 363
2525 1922
9586 0
6601 0
9347 0
9856 595
7703 0
2144 0
4395 982
8767 0
7061 79
499 0
7899 0
7534 1604
1591 2622
8 0
9989 0
7248 0
1114 0
6919 2257
3636 1502
7999 427
8256 0
8383 0
8023 0
3648 0
8396 1425
8461 2811
1602 0
7017 0
3042 0
1522 2124
2704 1817
3657 0
791 2593
8715 0
1536 0
5878 548
8537 0
1415 1026
5692 0
918 1436
8337 18
8839 0
7836 810
3511 428
8683 0
2071 1700
1577 0
965 0
3269 2914
4071 0
5244 0
5998 587
6070 2067
9510 0
8243 0
1493 0
1033 2392
6114 1102
8666 327
3538 2404
7288 0
4407 1647
6201 2219
9621 0
7377 0
8964 429
6638 0
4565 1627
6300 0
5700 2294
260 2316
9345 801
5834 0
5827 0
7135 0
4196 954
1580 1528
2199 1712
8056 0
3569 835
5874 0
6468 940
5057 2706
3888 0
3302 2242
9349 2612
1167 0
5824 0
7081 2000
1295 0
1597 2394
7647 415
6416 678
7910 379
7571 1042
8991 1791
4446 0
7705 1017
5715 730
1326 0
6471 1087
4594 0
6553 0
6167 813
8719 1206
2104 0
8891 0
6793 0
3785 0
5344 719
6071 760
1011 0
1228 0
3566 0
590 216
2971 767
8793 0
6262 0
599 2905
7115 0
1056 0
6116 0
5725 0
6054 0
7689 2564
1571 1729
885 0
4757 0
9273 2471
6111 2689
223 0
6796 1990
7257 293
9573 699
9953 2410
9929 0
5377 2696
5769 0
6304 1495
9425 0
159 0
2550 0
42 581
1243 0
8583 0
2880 0
8286 0
6102 0
3184 522
7797 0
4724 0
1680 0
7537 0
669 0
3212 1652
9672 1020
3400 0
9296 0
9277 1646
7228 1856
812 0
9532 0
2839 1556
7252 707
9073 0
3077 0
9211 0
5722 788
8445 1768
3040 0
8050 2183
8391 1134
4738 0
6964 858
7056 0
1420 0
1686 2135
2955 99
359 0
1459 2233
9637 0
620 0
6378 1174
892 0
3580 1476
6349 726
7737 541
2489 0
4434 0
8518 68
8165 0
8477 2567
2458 93
5256 0
1176 530
7211 0
3816 0
8661 0
8016 0
149 0
3379 0
703 0
707 0
2983 1120
8332 2985
6320 0
7503 0
1275 1368
7093 0
907 0
2928 1018
6994 315
9888 1946
1327 188
5949 0
1985 2104
3238 0
732 1305
6583 0
2686 0
2339 1241
3917 0
9818 1962
459 1669
5392 0
3531 0
103 0
4055 1840
369 0
6076 98
907 2803
7664 889
5487 695
7429 732
1746 1786
5744 1339
6086 1383
5266 2089
1949 0
2535 2876
7763 458
8356 2601
3085 142
9948 0
9826 0
4288 55
8871 1161
9184 0
5209 0
3440 2632
4024 0
644 2122
6926 0
6715 271
3781 0
9263 0
2950 1888
9959 1074
8960 0
8889 2481
8247 489
3696 635
5122 2346
8696 1660
3743 0
6092 0
1890 920
4750 926
6263 0
8686 0
92 531
9340 0
5609 0
1093 0
9154 1074
3445 0
431 2684
8719 528
3564 2872
8186 2479
8102 0
1021 0
4528 0
9083 355
9441 725
4414 1819
4116 2671
7491 0
6366 0
5246 0
4379 0
5033 2372
9206 2048
1970 77
4937 1472
9637 1463
4708 0
65 2210
5016 1875
3759 0
6045 852
6295 0
8256 1698
693 0
5725 2737
696 1221
3326 2773
6496 0
3389 1153
607 0
1407 259
6228 1603
2745 2139
3065 351
5223 0
3817 0
8509 0
315 0
8979 1240
5472 0
5020 1155
1959 2728
3613 0
7943 9
3894 1798
4211 0
8733 0
1889 0
7453 0
4858 0
7546 0
6326 2867
8368 649
6193 880
8955 2844
765 0
9280 0
8292 0
3849 65
5830 2242
7393 2118
2125 675
7917 0
8953 0
3364 1267
4798 0
7435 0
54 0
2680 2816
2058 0
7317 1429
4789 2147
9031 1016
6327 0
7490 2176
7629 1495
9960 1456
4879 0
9718 0
3400 0
3038 0
1002 18
7858 0
365 0
180 0
3228 0
7057 0
8132 1627
386 0
798 2883
9089 0
6153 0
6930 0
2978 0
3934 0
132 8
5206 0
4715 1297
4612 2418
789 0
8186 173
2708 0
2958 0
1236 0
1697 1259
2984 280
7374 2500
9325 0
3883 0
657 0
3007 0
9981 0
8394 0
7736 0
405 0
7149 2755
1876 70
6849 0
3630 2619
7759 0
2541 1153
5287 2517
778 0
1958 0
6923 0
272 2910
4320 2818
3113 0
2924 145
4789 2579
5988 2743
1332 0
1030 0
1655 2056
745 1400
2755 0
5358 995
5847 0
7322 0
3358 0
9331 0
8465 0
5839 1785
3575 1574
263 1911
9243 0
9102 303
2082 0
6988 0
1347 0
612 1150
3920 0
4394 0
1476 2616
7762 2594
6630 2563
7666 0
7208 645
2756 0
1884 0
2632 0
2488 0
9526 1970
8337 116
411 0
8095 0
6778 0
3778 0
9484 0
8544 2198
9760 427
6673 393
1983 185
2490 0
3068 0
4893 1480
6156 0
6547 0
2603 0
6026 0
1826 1636
23 2655
6694 1149
8128 2709
2639 739
1976 348
3857 0
7095 2918
444 388
4318 0
2218 1780
6527 1630
4018 2888
1621 0
3549 2068
5779 1451
3228 0
7833 221
2631 578
8343 2283
8219 0
2893 964
9814 225
6241 195
2285 1447
6322 0
4737 0
3836 1774
2346 0
5721 2815
9181 1931
7684 0
851 0
5515 0
1509 2425
6065 0
9200 9
5434 2380
83 2632
4373 1665
6882 685
3434 1925
4510 2891
9984 0
3875 1315
458 1688
6639 0
8163 1640
9765 2504
5632 380
4001 0
3063 509
8003 2270
7846 0
6305 723
4923 0
9267 2975
5651 0
8231 0
1354 167
3971 0
1951 1226
4686 1004
5062 0
5807 0
3786 0
4966 1010
3306 469
5484 2767
3146 587
1801 0
9377 1229
5377 0
594 198
9726 0
4649 2131
2502 0
3691 0
7524 993
3885 0
971 1348
1982 0
8149 0
1198 1168
808 0
3490 0
2647 855
32 1746
6622 0
9311 0
9505 0
1655 1064
1615 442
4082 1219
5701 1222
7292 200
1593 0
1053 0
555 681
2857 0
4295 0
2724 0
9810 0
8299 698
5003 0
1029 1966
2063 456
9361 0
6510 0
1896 0
8739 169
3536 2636
7140 0
4317 0
493 2839
2494 2063
9615 1487
5882 0
1359 2855
3279 2582
9499 1915
5160 0
8094 0
5098 0
1078 996
7807 0
4402 0
3006 480
8340 420
4259 0
1729 0
3848 499
5032 1081
6958 1116
82 1335
1760 2413
2813 2570
433 0
2399 0
3830 398
6341 0
9567 163
3013 796
8804 0
4692 2557
1234 0
1647 2435
1608 2622
5963 0
2636 1260
5905 2260
5329 196
1074 0
6867 2411
3337 0
3320 0
4785 0
1907 0
8962 0
8128 523
8661 0
7859 0
4065 1613
6925 332
8880 1288
8934 0
684 0
1460 0
7351 128
4590 370
6684 1885
9688 0
1334 0
6999 0
8819 841
5522 2501
1860 0
9870 0
4517 0
3159 1321
6650 156
6146 0
3400 922
3585 0
8778 0
8473 417
6325 0
1272 2809
2767 761
2604 0
6242 139
8837 2898
434 2188
4833 0
5172 0
8267 0
3701 1168
6431 0
3873 378
8949 0
8221 1554
5997 0
6176 2646
5949 1829
5462 0
9163 0
4489 1825
7036 1687
8439 0
345 1493
6510 0
8195 0
8297 0
1546 0
9781 0
6874 1144
8464 454
419 2162
2542 518
9444 0
3079 373
3039 1452
9258 2660
4886 0
3398 882
5036 0
1760 0
1709 0
6487 2579
2849 656
5896 0
1098 0
5495 0
5365 0
1621 0
6591 0
7551 0
9798 1487
6408 0
6465 1094
499 2077
6351 2776
7804 621
5823 2025
8365 2782
5911 341
9824 1223
3077 0
1480 2311
2569 2623
9984 0
6120 2116
1958 0
3263 2816
1558 0
255 0
6213 0
4518 977
2697 2821
835 0
8004 2102
1863 0
7907 0
6584 1350
2397 1127
5469 2224
2282 0
414 2895
6863 321
9658 0
4332 0
3229 2308
2313 1415
7816 2278
4350 109
8661 0
3486 0
3640 2864
6952 2346
5456 0
9419 0
7986 0
2741 2721
330 2173
2873 224
2125 1859
6503 1481
671 2586
5662 86
7400 980
3558 0
4121 0
5888 990
366 1566
1454 1823
2046 2675
9934 0
3914 0
2244 0
9757 0
3503 2421
4318 0
6799 992
329 0
1668 0
7868 0
3937 0
1327 2352
1810 0
3927 1382
3291 810
1568 621
4363 0
6638 511
1507 530
377 0
7376 2112
6021 1656
2718 0
13 0
3534 0
7691 0
1021 2265
3266 2649
5271 0
7514 0
9000 432
1085 228
6893 2350
4251 0
8147 1213
6898 1831
4840 1715
5374 1253
8124 377
1248 0
8462 0
4904 0
6736 2797
251 0
6199 0
7545 0
5607 0
42 0
8240 1612
3831 0
7610 0
6717 85
5511 1159
8398 0
5304 405
5361 0
4790 1914
5525 0
4063 281
5437 0
1149 0
1403 2931
2639 0
3276 1544
9785 0
7997 2395
7456 2558
8427 1854
3107 0
5335 0
6089 0
4390 0
1061 2303
8705 612
7323 0
2432 0
2970 1166
8468 0
8112 0
6015 1539
1956 0
7006 0
7343 0
3828 2858
4904 0
3155 0
4998 0
6073 0
5283 452
2259 2460
6582 243
3000 1031
9826 0
7092 0
5607 0
915 0
8861 0
414 868
9441 0
8211 641
4156 905
9738 2267
4413 0
2633 2874
700 2264
2726 222
8177 0
3502 2576
6887 0
70 1334
9820 1036
9341 0
440 1600
9808 0
2098 2492
7632 2664
2130 0
1396 2983
9790 126
3506 0
1816 0
3465 26
4360 0
6659 0
9685 0
1072 0
5651 0
1596 0
8818 1175
5129 0
9436 1274
8493 0
6879 1346
9686 0
628 0
4268 1668
5139 1903
5028 2235
2304 0
5775 570
1051 0
9879 0
1351 711
812 0
9297 0
5415 0
7385 0
8878 0
2073 437
8138 851
75 0
1799 2697
9992 0
2268 2535
3221 2520
8822 0
7132 0
2747 2446
7904 1755
3143 2961
4848 1086
9412 1061
8992 0
8701 413
6658 0
2418 0
2835 1072
9303 155
5779 2625
6670 2375
2835 1816
5266 0
9569 2929
4617 0
6618 2357
6547 0
2253 0
9900 0
7136 0
9879 694
192 0
1895 245
4419 75
1160 0
9971 2705
3401 2165
8451 598
5040 345
1288 1802
1347 0
6660 2334
509 956
1955 1961
7240 0
2776 0
5786 0
9093 2035
1732 0
4441 0
1188 0
7119 2056
1664 1534
4216 0
9592 0
73 0
8974 0
3680 0
6205 0
139 0
5058 2810
2743 833
6147 0
1978 1052
1724 2287
642 689
8335 0
3670 0
7181 0
482 2208
4827 2229
6662 0
6098 0
9278 830
9573 2560
8415 0
4037 817
8373 0
704 0
738 5
4126 0
6383 852
1201 0
39 0
6112 2259
7037 2988
418 1653
526 2616
1963 966
1336 1171
3142 2830
6555 1412
4189 1940
9744 2455
8130 193
7533 2047
573 0
489 713
8123 881
3912 0
3459 1714
5547 0
6395 0
1709 0
1349 0
3143 0
4316 0
5828 0
3632 2525
3410 2755
6233 408
738 1146
4587 1850
1230 0
3834 2882
8719 1057
3536 0
2425 1545
3774 0
5300 0
3463 0
934 0
2486 0
4965 0
9930 1622
1467 0
3836 1057
6073 0
2289 2555
4145 0
2560 2649
2353 0
1539 0
4376 0
8518 0
3420 1320
1330 1577
3242 0
4589 483
4677 0
9897 1357
1326 0
460 0
7108 1421
6205 1292
4106 141
2895 0
3373 0
5535 0
9099 0
6899 0
7646 1620
755 164
1067 0
5879 0
1484 980
8931 2960
2323 0
6725 0
4606 0
4441 627
6169 2542
4763 0
9769 263
8736 712
7261 0
7240 0
1886 1918
3078 1685
918 0
9316 639
3015 0
2682 0
248 1617
5065 2924
4977 0
5185 0
2635 0
7546 2166
2754 0
2593 0
7366 689
3056 0
8383 2042
5848 1737
9100 1942
5078 0
9980 0
7695 1339
8773 0
4602 390
4160 2731
1359 994
3823 2822
6250 0
2365 2795
4504 0
3770 1608
88 0
8948 1510
3199 1427
792 378
862 0
5033 0
7661 0
5440 0
1200 197
6536 0
3164 2987
9999 0
5198 0
4893 0
6018 0
2371 0
7390 0
249 1648
4302 0
1621 565
3057 1209
6695 0
7968 170
4715 2236
991 0
6327 1492
6113 2547
4933 1325
9315 2501
2338 0
9753 0
794 1484
9698 524
7266 0
4645 2174
471 930
1345 0
8534 0
5311 2429
4397 0
9059 474
2253 160
8268 2031
4715 2467
2454 0
7487 933
1470 0
918 1864
6626 1148
3352 0
4808 0
7905 2973
5949 0
7775 0
6277 0
6509 0
4914 0
7805 0
9929 0
4259 1379
499 0
2318 418
3025 0
4721 0
3885 0
4639 0
7607 0
9508 0
2982 1019
5358 0
9903 0
9228 160
5934 0
9153 814
3022 772
2011 0
1678 0
6567 0
8780 516
2591 473
4352 0
5007 0
4930 0
7107 2225
7816 0
271 410
7237 1060
6292 0
5442 0
6475 0
8116 0
2609 703
2040 0
2238 2933
627 0
6596 862
9414 0
9686 1985
1427 389
4638 0
3482 1788
1638 0
3206 0
3653 648
1771 0
7758 0
5766 0
9070 0
8440 0
8653 0
5152 0
625 63
4285 1541
4560 2561
1726 0
5241 0
5590 0
9457 0
9735 0
1829 0
4941 24
6758 0
1924 2094
4409 557
1866 1860
4891 0
96 0
5614 0
2963 0
2910 0
847 1313
1313 0
9597 1979
767 0
5274 502
7405 1858
3567 0
4985 0
4866 0
5602 1597
121 0
3948 1523
4308 1154
205 0
4539 2539
1086 0
7532 453
6750 0
4117 256
5873 0
4646 0
5057 1278
1529 0
6200 0
5730 2853
8696 0
6429 1573
3558 0
7959 0
5280 0
6626 0
6909 2487
614 0
4951 0
7073 0
1989 0
5935 0
6164 36
7526 1355
8339 1650
5752 1485
9044 1295
8755 0
3697 0
3884 636
9372 0
6421 2445
975 125
9437 0
1276 0
1219 0
7979 0
8556 1863
2440 1883
8972 0
7644 1109
5077 1661
7175 247
4510 2886
3315 0
1153 1073
1917 2130
7044 0
3848 286
2435 1717
7985 931
6181 0
9057 0
6248 0
3301 0
2322 0
4128 0
2937 0
1282 2881
1542 2415
8610 0
7008 0
8976 1437
3070 0
1424 0
2140 0
478 0
673 0
7880 1889
3984 0
7973 1285
7012 2561
2823 1773
5866 0
4863 2253
8015 0
6152 2702
6377 89
8437 0
7141 362
2958 2940
7164 0
2999 2313
2924 0
6340 0
7533 962
5676 0
5311 0
4675 704
5239 0
1790 0
7990 0
3588 0
6133 0
5228 0
5100 2903
3979 2923
7891 0
3950 0
7648 2912
9548 457
840 109
8755 0
5874 0
7998 0
7321 514
2481 573
5892 0
7431 0
2011 0
2035 0
4524 0
3327 0
9704 0
8190 0
4769 64
7406 49
39 0
6310 0
1128 637
3965 1175
2025 0
2458 0
8450 1989
3799 0
1110 624
8421 2306
3102 1617
5383 1127
185 872
5852 0
227 0
4577 0
5061 857
9797 0
9522 797
5612 0
459 0
8478 0
1370 0
5134 0
7988 0
5380 12
1275 0
4641 629
1683 0
5745 0
7644 1867
7385 676
2545 1488
3733 153
6838 0
7466 0
9530 0
9217 198
2414 2701
5559 0
7856 0
9532 2179
8029 0
250 0
2049 0
3500 2805
9911 2181
2534 0
253 0
9977 0
3890 0
5355 0
7278 2725
1929 0
2383 0
1093 0
522 0
942 0
1577 2747
2801 0
9036 1093
2888 0
7817 0
232 0
7822 0
1538 0
3913 0
1985 0
5633 1704
2623 0
5392 1396
2999 0
881 2666
1753 0
2576 1161
9274 729
4952 1138
7156 0
6682 1173
3756 643
6495 1241
7767 0
9665 2826
324 0
9672 0
2173 76
8482 2024
8793 2117
7660 0
2821 23
8305 0
5227 249
3119 0
7352 1848
5613 2518
3896 0
7215 342
4274 0
1175 2557
7275 0
165 1919
9083 154
6406 1227
3620 662
5743 0
679 0
743 0
802 0
831 0
3526 0
1985 428
5304 0
7931 0
2272 0
2508 0
1379 688
7947 1996
7191 728
7875 988
7794 181
7132 2829
7829 2551
8826 0
2903 0
6268 679
398 1790
5454 1012
9194 0
4119 2326
4346 0
7282 1845
2239 0
7329 1585
8915 2966
495 1218
3611 0
402 0
436 0
5317 0
1386 342
7182 0
6564 532
9164 219
7850 0
5440 668
3154 0
2759 0
6827 1984
7465 1509
9394 1047
7872 2890
9507 0
4466 1095
4879 462
1212 0
2668 1908
9101 1044
637 2299
303 0
5418 0
6696 0
1899 1333
8001 506
3239 0
1947 0
842 0
7001 0
9262 0
8924 0
78 0
2223 1710
1346 0
8456 1277
4896 1855
8365 0
6430 0
7572 416
6154 1935
9282 320
7281 0
7578 2304
8606 0
1217 0
1823 2052
3790 0
521 0
9856 0
9301 2596
9383 0
2339 696
2089 1745
7681 0
5809 1450
2976 0
3751 0
8944 2191
5603 1218
8115 0
1949 2711
5988 2428
7682 0
4149 183
8719 805
5584 1058
4566 0
5035 2099
3996 0
8135 0
1426 0
5283 1475
4045 2618
7462 0
3257 0
5258 0
1772 0
9242 0
5462 1122
7341 2940
9492 0
3535 533
6486 1331
9692 0
4109 0
8830 0
7869 1099
1307 0
8148 2545
5397 0
8958 2757
6629 0
2782 0
2827 554
754 615
2870 1810
7568 791
7055 0
9148 1953
6193 0
3401 0
9426 2309
4289 544
1023 0
339 2168
4809 550
2386 1447
9893 0
9573 2745
4327 0
6684 0
9887 379
7447 0
3719 0
1187 0
729 0
9399 0
5500 2657
3154 0
6342 2268
7586 2008
1441 0
3021 2324
3797 2405
5327 2548
2450 0
5953 104
1160 0
4955 226
3363 1252
5063 1182
7877 0
8291 1268
5948 701
437 2060
2136 0
5583 652
1650 0
6523 2799
212 1177
2353 0
913 1283
9963 0
6258 118
3861 1059
1998 2105
2110 0
6430 2432
2133 1041
6734 2944
5099 0
6898 0
6866 1945
476 0
5223 848
9674 0
5864 0
8523 0
2422 2016
7125 0
6996 0
6000 0
9503 0
4559 0
207 0
3584 2585
7877 2388
928 0
3433 220
7055 1549
8806 772
8835 0
7291 2625
5466 0
96 0
841 0
9440 0
5575 0
2230 963
301 0
5107 0
2274 0
858 0
2257 0
4350 2336
5859 665
9850 0
130 2707
5222 0
8259 2519
4652 0
5844 497
296 0
7809 0
3167 0
9933 0
7953 0
2669 0
2871 0
7251 1311
6303 0
3000 161
678 0
1731 430
8276 0
3008 0
3559 1252
897 0
9248 0
5762 0
1746 0
3396 189
4810 0
8255 0
3199 0
1538 1797
3431 0
2152 0
2073 0
8779 445
1903 0
8579 0
134 0
6210 0
6789 0
5984 1493
2198 0
3016 0
2936 2500
2378 0
1668 0
5954 0
3606 2668
9650 1536
8768 0
6821 0
8372 2911
918 199
2696 1760
7536 0
1806 0
9797 0
8284 0
9234 2646
5156 483
4955 2629
5885 0
2982 0
6619 1278
84 0
5969 1171
5731 0
7496 755
8016 0
7840 2655
5272 1968
8734 172
3065 2063
9846 0
9756 0
40 0
5214 0
7756 2350
6190 2505
3598 0
6053 1890
6100 787
3604 0
6287 2671
7973 2902
6118 0
1077 0
3217 2313
8048 2720
627 0
6102 0
8355 2915
9140 0
2949 871
4824 0
4434 0
5921 0
729 674
4861 0
3437 0
7127 0
4100 0
149 2852
1912 579
6858 1846
5813 0
2001 2520
5817 0
9699 0
5581 0
9825 2575
1463 1050
2244 0
6769 2200
9974 245
6195 2491
2939 1385
1048 1037
7380 2572
8340 0
7670 917
2872 0
2107 0
5237 0
2128 2996
7878 2662
9893 781
9231 0
3652 2576
428 1784
9119 590
4470 2374
4517 0
5167 0
5760 0
7266 0
2822 151
8599 0
6273 0
648 0
161 0
7905 62
6965 0
3352 1067
1645 0
2110 1590
4620 1156
3854 0
2363 2222
7630 0
4154 0
812 0
3710 0
1162 0
2428 2418
6999 0
3672 0
891 2615
2604 0
7889 0
7400 0
9388 503
6909 0
845 1842
577 0
3860 2796
8734 1800
2456 485
747 1607
8104 2461
8350 733
9464 0
284 0
9852 0
2606 0
8546 1740
5370 0
3041 556
7678 1485
2290 0
7334 481
4666 1030
674 0
1467 0
4065 0
878 0
5530 365
8010 0
4231 0
7319 0
2079 0
9813 83
2430 0
5297 1863
5060 0
4095 536
9164 1753
7927 0
6551 0
6358 0
4293 0
8557 0
8210 0
7414 0
5438 0
2753 0
4064 1125
1588 478
1580 0
1278 0
4493 0
9631 0
5609 0
7390 1469
2841 1027
7104 0
1545 403
4773 424
6632 0
1341 0
7935 2373
4444 0
3756 2779
1267 2110
9056 789
1734 1238
6418 182
9372 0
3972 0
2991 2261
5914 0
6970 1419
2987 759
4141 0
8120 1342
232 2440
1051 1165
7644 2909
7504 56
7912 0
255 0
4160 411
2696 685
5093 1551
2520 2583
8355 0
6943 1242
7630 2389
1793 0
3445 1565
4374 2135
9282 1464
3143 1386
3886 908
5356 0
3726 737
2383 1257
3513 2964
2002 1886
4182 2084
1299 0
9524 0
9795 0
4240 0
6822 0
2581 0
8597 304
1140 0
2491 1476
7009 246
812 839
3563 2065
6623 0
7725 0
5404 853
8024 0
717 0
3345 0
5578 0
7406 660
2446 0
6242 1002
4978 2698
8685 1581
4553 2442
4809 1445
3625 0
478 597
2029 2861
4151 836
6891 1885
1845 862
5380 1468
5947 1657
7509 2584
5142 0
9708 0
7436 0
517 0
7512 1677
71 1695
8585 0
1407 0
89 825
1391 0
5586 0
904 0
1963 238
5577 0
5760 0
8202 1248
1028 1603
4613 0
272 0
3305 1789
4705 2041
2326 894
190 1557
6566 0
5878 518
6866 2620
5936 0
2804 0
4094 2834
6061 991
2720 0
9602 2680
9350 1177
6674 1572
4207 0
3395 0
4535 0
2827 0
1218 0
7477 1402
1676 0
7260 0
3430 1141
2797 0
4956 2927
9963 0
7659 520
9021 0
2152 0
7654 0
2405 1565
7604 496
646 1954
8031 2287
847 0
513 0
5313 0
3098 1488
8179 0
7369 0
2185 0
7549 0
5126 1248
1534 0
7980 422
4482 0
5641 2377
8479 2628
9564 6
4488 0
3622 0
8817 0
4778 1144
4446 0
3065 0
8609 1867
5583 0
7350 0
6344 1462
509 0
7342 0
8715 1499
6206 0
1862 0
6650 0
1904 1993
4809 0
1221 0
814 0
6455 2538
4125 575
5814 0
2821 0
6798 0
775 0
9719 1775
71 2778
905 543
2199 0
4415 573
3997 0
439 21
7891 1217
4925 2169
5789 0
231 2276
2563 848
49 0
8709 0
9695 1065
9289 0
1123 0
705 1922
2978 1167
4071 2471
5704 0
9266 2782
2053 0
5813 0
8725 0
315 0
2082 262
6337 0
5396 0
8769 0
8475 0
2495 0
395 0
4064 0
1956 0
4885 0
8826 2494
1951 1762
3444 0
7290 0
6183 2160
7310 2893
1305 0
1945 0
9672 2667
8046 0
2688 2952
4595 0
9034 0
7067 2595
9445 0
8940 0
9552 0
5178 0
560 2337
6729 0
9748 0
4890 0
7442 1077
8223 2172
4756 2764
568 0
7973 0
117 0
6075 0
9755 0
5929 856
7345 0
9605 0
4592 0
3811 0
1520 0
7255 0
4628 0
3209 659
6315 1951
8878 0
768 2656
5028 0
93 2831
5177 0
3378 1996
2238 2035
377 0
9434 0
227 0
2324 0
5222 0
5878 0
9351 0
3882 2347
8927 1969
376 0
6615 0
6059 324
6296 0
8017 1753
3425 0
8516 1845
8062 1841
9641 0
734 2858
237 0
7691 1968
18 0
2333 500
5132 0
3525 0
7919 0
7576 797
6702 0
2362 0
4300 0
2139 2252
2723 2571
5134 1090
1783 0
7312 0
206 693
9173 0
8750 1718
2677 1644
7304 2630
8226 884
456 0
6138 0
1876 0
8317 1312
7562 1387
9215 1826
1915 0
3580 1935
9378 2475
6679 143
2820 0
7046 2223
635 0
6416 0
558 2092
2462 1128
1186 387
2560 0
9768 0
4916 2119
9036 0
2584 2752
3633 0
8250 538
6702 0
6742 2396
3445 946
1356 643
9070 691
194 2409
5174 374
6606 0
4968 2974
1719 1977
6635 720
450 73
5207 1131
769 1360
7850 1078
6011 0
504 0
6404 0
9583 2626
1872 0
9164 0
7664 2299
2044 0
3094 738
4297 2730
2060 0
721 1794
4801 2248
234 0
9655 0
7149 2039
3138 0
2552 0
2545 0
1342 1623
7214 0
4768 0
4480 329
9350 2908
3979 706
6456 0
6395 2006
3834 2783
7310 0
675 0
3671 0
4189 1823
5314 0
6246 1295
8261 0
773 2851
3601 2386
7445 2977
711 2957
2254 0
5423 0
8718 0
7421 687
8066 0
4304 869
2999 461
693 962
1402 0
2661 1308
2230 2358
4165 0
6320 0
1299 2717
8932 0
8396 197
4677 0
8495 0
2147 1959
4681 2844
510 779
8934 0
70 0
4878 227
497 0
5437 0
3985 2220
7537 0
9853 2658
6148 0
727 2431
6862 0
5385 0
1263 0
8167 0
2385 1910
2108 0
2187 0
4200 0
2986 2892
7238 0
962 0
3480 0
9512 0
6082 1672
6651 2360
9731 0
3485 0
2890 2355
1920 2088
7083 0
8597 843
4216 1955
2654 440
9328 0
6256 871
1903 2292
9520 684
3982 0
7675 0
3268 2943
9243 1176
9029 890
360 0
257 0
3689 2280
8989 1843
5361 0
2834 2004
5299 270
7226 0
7674 0
8358 2791
1087 2636
2188 915
9506 1190
9118 647
3115 0
3177 2290
6810 0
9084 0
7824 1185
1591 0
4627 0
8492 0
3571 796
8967 0
1183 2329
1574 0
4832 0
9437 2072
7042 2667
4082 313
8011 0
3402 0
3524 1279
9280 0
7633 2234
8302 1670
2343 1712
3066 1962
2284 0
3838 12
8833 0
3995 1775
7362 0
1870 0
1354 2181
6889 0
4491 0
1727 0
4904 2959
2269 0
5976 1186
5656 0
4127 0
6094 0
8918 0
1615 0
305 0
9808 0
2483 0
6411 0
4963 1851
2419 2115
8415 2458
4983 36
9345 319
4349 0
5081 0
6855 0
2982 931
4373 0
221 0
5867 0
7230 0
3733 1472
8340 0
6294 2145
1106 1951
9404 0
3333 0
455 417
1377 781
5280 1880
7662 0
1351 2213
9709 0
6970 0
4729 434
4696 0
7894 0
9638 0
3734 0
3491 0
1721 274
8884 370
7586 1583
5054 1497
944 1857
1597 0
5052 0
6681 0
8958 258
504 0
3723 2077
4613 2930
2949 0
9788 0
3131 2397
1081 918
5155 0
3822 0
1046 0
6996 0
6583 0
9812 0
5056 0
2932 0
2485 1202
5951 0
6812 1346
2911 2880
2522 1143
5875 0
2320 1764
7793 831
4610 1499
4114 255
1725 0
3742 2517
8419 0
8611 0
526 0
3554 0
7262 2506
1556 0
8284 0
7944 0
2872 0
249 0
5283 2939
2749 0
5404 1125
859 0
9653 0
7887 1756
2167 1893
9184 2087
8833 0
2094 2279
744 0
2499 384
7316 0
2493 2420
6349 651
1189 2286
1688 0
7890 2416
4581 0
3083 203
2354 0
3366 0
1129 0
5053 2066
1176 0
2314 0
1275 1369
598 0
8183 0
9709 0
4301 0
3814 41
5062 338
6757 0
4859 0
5488 1778
6937 2875
4887 0
6659 0
668 0
1579 809
2372 0
7891 1232
7745 2393
6855 1483
8018 1189
8084 734
5304 95
804 0
1503 0
224 0
1742 0
3577 0
7293 1591
1745 0
6740 1817
4146 0
9408 137
7236 2301
537 947
8082 84
8469 2999
8400 408
6454 0
7743 0
2738 1268
7124 0
6646 0
2572 630
6795 824
9645 0
3450 0
8458 263
5241 0
4091 804
3036 0
2119 140
1983 398
5410 0
2641 0
2878 0
3361 2750
7254 0
725 0
192 1843
8635 0
382 0
5128 2855
5979 2393
6920 0
8627 0
1369 1078
8313 0
9747 0
7136 0
5608 0
7738 0
7889 274
4825 0
8920 1503
8210 670
7636 0
6546 758
6944 0
6216 0
3479 0
451 0
3422 0
9559 0
3200 903
1727 0
5124 2245
1317 0
987 0
5964 0
7450 2835
915 284
122 1210
9337 0
8826 0
7089 0
4662 0
9362 0
2544 0
8800 0
9503 0
1350 0
3976 2360
8742 2045
5457 2069
7249 0
4883 0
4425 0
4382 0
2759 0
5762 2163
404 330
2500 2814
8997 367
6301 0
1034 2396
2446 1562
7571 0
8714 0
7178 1835
5921 231
3415 122
5197 0
2268 0
102 0
7160 0
36 2439
6648 545
8767 22
4463 1780
1185 0
4681 2311
9447 0
7109 0
5021 945
8780 0
3356 1304
101 0
8387 92
7050 2079
9372 1838
5622 0
8739 0
7033 0
5050 2328
2282 0
9679 0
8646 0
8645 0
2921 0
7388 877
337 1790
7707 0
5279 0
9629 1522
6223 1797
8787 0
4964 0
5457 0
6084 32
6014 0
7617 0
3877 2708
5597 2737
8045 0
2580 0
1811 749
7229 1626
6213 2738
1460 817
3864 2113
1237 0
9375 156
4197 1351
3591 44
7680 0
2257 602
7041 2503
51 0
5999 0
7643 0
8526 2381
6962 650
1814 2199
1327 2293
913 0
6830 2551
9058 0
4006 0
9792 785
6454 0
3316 0
4493 0
2684 0
2611 2536
3553 2481
6964 2472
7696 0
1524 0
5085 2790
2263 2493
2202 288
5432 0
5042 2379
8122 321
8430 2234
3013 0
9637 0
9953 1393
4805 0
625 1734
1069 0
1464 0
9586 0
2827 1767
723 0
743 0
109 359
9643 396
6897 0
2877 188
4465 2453
7084 754
2974 0
8059 1299
2541 85
4824 0
1175 0
4210 0
9848 2475
3181 0
130 233
8554 0
3812 1266
7772 2243
6655 0
6623 0
2760 2095
8022 2180
7728 0
76 0
949 0
5517 1089
3692 1898
739 900
5854 2648
6759 0
1864 0
4601 0
50 0
5689 0
7134 0
3601 0
414 0
5766 0
9213 2559
3099 1422
2351 2387
2276 0
3936 2319
5004 0
4802 331
2127 0
763 789
3914 1231
4189 0
5878 0
5423 1332
7320 443
3062 328
7147 0
1163 0
2001 0
9237 0
9122 98
1457 2379
3507 1884
5711 0
8888 2753
8638 0
3089 1526
5180 346
5077 1282
4679 2055
3480 0
1837 0
7735 0
8035 2413
467 0
3148 493
342 1751
464 0
389 0
2446 912
7085 0
1494 2455
2128 0
1147 2233
4898 0
446 1118
9600 2687
1176 0
6396 0
4718 917
3286 0
1813 0
5491 1406
7954 1297
6694 2556
6571 2014
212 0
9409 0
3388 0
9646 2779
9790 0
194 0
4354 0
3392 0
9433 0
6307 1230
7270 89
404 1661
2498 0
804 0
6135 310
792 0
8463 2375
4820 0
9688 1683
9274 0
6359 0
442 119
5784 0
2270 0
8789 1949
4159 0
8477 0
104 2991
3845 0
9207 1451
1826 0
1415 0
3027 0
6403 0
4139 560
2365 1551
534 0
3430 0
5263 2945
8193 1717
537 0
671 2354
7120 0
5594 2508
1388 0
5021 677
7628 2070
8940 1363
5668 126
1228 0
3691 2468
5114 0
8742 2102
530 0
7325 1722
4187 2645
4472 0
4854 617
7756 229
6871 0
2788 0
8649 0
8933 116
7526 0
7743 0
281 0
7259 0
2475 1760
7017 1795
989 0
5522 0
7573 0
9187 0
6405 2192
4402 0
5204 0
6977 1220
4751 0
7068 1437
4269 0
6912 0
4238 803
8266 0
2239 0
9299 1960
2811 756
1261 1667
6663 0
648 2884
9294 2463
2531 0
7173 0
1692 2920
3168 0
7270 766
5447 1931
2496 0
9854 2798
2100 0
7488 0
4793 0
9677 910
2597 94
5589 0
5940 1819
6560 2978
9417 692
3666 2659
9581 0
3114 1033
7590 0
6378 1759
687 2007
9287 199
7481 233
864 959
4657 0
5653 2111
2114 2071
6982 697
1553 0
8020 2075
7529 0
5885 412
9212 0
4657 1519
9218 2922
1584 0
4885 1749
8002 571
2784 157
3810 1038
447 1323
35 0
5141 608
3833 842
7709 0
8813 0
4087 687
3921 0
2131 0
2851 0
8217 2088
3889 0
9497 0
1561 0
4826 1385
1310 2216
3597 2231
8453 0
4175 95
6319 0
58 1657
6664 0
6080 129
8136 944
1756 0
7186 903
9894 2888
8046 0
6969 0
1679 0
3535 1290
8733 0
9108 2617
2568 0
1824 386
233 0
1501 0
509 2435
7962 2885
8156 2679
8660 0
1304 0
6805 1808
3182 0
9740 1214
4934 358
3417 0
64 0
5042 2842
8203 0
2015 60
7898 0
2320 2496
7221 2967
8898 2193
3800 1841
9052 1584
1818 0
1799 0
2707 0
54 0
4861 0
2825 58
8398 2753
935 0
9188 1079
1843 2391
865 0
6348 1403
9646 431
9517 0
1489 1191
8431 0
2832 0
502 998
4167 482
1970 1673
5389 0
540 1824
9845 0
6544 91
4945 0
5098 0
9839 2911
9763 1934
4262 0
621 2789
4260 1271
3295 0
2981 451
951 0
4091 140
4152 0
5181 1210
6351 0
8058 0
5904 0
4307 2149
3124 0
9603 0
8184 146
9778 2802
9579 1723
3174 1789
295 0
3950 2053
8168 786
482 1505
3055 953
2229 0
1138 0
9139 179
7526 2170
5261 0
2138 1318
7772 0
6371 2235
6725 2733
6381 2741
4264 0
4009 0
949 2332
1579 290
3419 0
5435 0
7130 1589
9870 87
8982 0
9737 586
3398 735
3723 2754
1100 169
2193 130
4830 0
3018 0
3735 2841
8454 0
5980 2875
1653 0
2582 0
3438 839
3343 2023
9786 2367
7455 0
1040 0
6665 0
5590 0
6212 0
2654 0
2662 0
1918 2209
7724 0
3462 0
3711 1167
6227 818
1039 0
9995 2198
2164 764
7095 0
2933 0
7113 81
1175 0
2166 2983
8124 0
9871 1553
7020 0
1100 2108
1433 0
5656 2465
6010 0
3762 0
3473 2569
4616 0
8663 0
9454 0
7296 0
3327 315
9916 0
2600 0
4484 2145
8887 2344
81 1570
5016 2341
6313 0
7315 1815
9535 0
7182 0
5370 1226
8646 681
751 1501
8876 221
8525 367
7013 0
5661 949
5205 0
1654 0
7014 1431
581 2976
207 1390
8189 0
8685 2803
7228 2724
4739 1991
7806 2652
7272 981
2114 1180
6717 0
1174 0
8426 153
8860 0
7113 0
7465 2571
626 1947
2719 351
6746 2824
6193 2697
4682 0
9411 0
5095 0
7710 0
9649 2970
6468 2368
6602 2254
8054 1744
5723 2843
8883 0
5771 2464
9818 0
5940 0
4376 0
3024 0
7315 0
5386 1013
3180 1938
5211 1462
2288 0
2689 1771
5419 0
6360 1763
860 2123
3939 0
4687 0
6349 2529
8745 0
7248 0
5292 0
6481 0
2400 0
5160 1247
5869 0
966 0
2912 0
3828 1239
2952 747
2664 2246
7799 1808
8645 2144
1003 0
7529 0
4185 3000
5340 2712
6894 1131
2217 2004
2864 0
452 0
8721 1822
9204 736
9773 0
7877 0
7615 596
4249 0
8242 2488
9913 0
2248 0
7351 0
8203 0
2375 1711
9733 0
8781 2657
7632 0
3673 0
6679 539
1022 0
4279 2830
6756 0
131 0
7313 0
5263 1138
5761 0
2180 2148
3046 0
2081 0
535 1881
8693 2389
7949 1309
8108 584
7763 0
380 0
5348 0
7309 0
4969 1873
8976 71
1965 0
1869 0
1954 1532
1217 2582
5258 0
3605 0
4347 0
4768 2550
3224 2866
2859 2784
4949 0
5989 2693
2070 0
6323 0
4240 0
1535 0
340 626
9176 1389
2581 0
746 0
5472 2044
3141 0
7181 70
5597 1418
7796 2690
3608 0
650 2936
7934 0
8968 1547
9949 0
6551 0
1137 212
4581 0
7089 2175
9271 0
147 0
3082 1710
7863 1368
7293 525
1577 115
2219 2788
1014 503
3327 1533
3539 0
8037 1719
5631 2124
3086 0
6018 1622
663 1701
4419 0
1981 2568
5931 1908
6159 0
9965 2201
4494 0
5358 0
8672 1203
4564 0
8190 1793
5244 0
7276 0
1540 0
9917 0
9229 0
3192 0
9372 8
2069 0
8625 0
9774 0
7188 2019
9207 0
6892 0
29 322
1029 0
3011 0
1445 0
1427 0
275 2732
5236 0
4651 1999
2436 0
2910 0
1327 0
5702 2893
706 2445
8416 730
951 0
5860 762
4626 2810
664 0
8649 0
4355 0
2080 0
10 2927
8155 0
5972 2897
5126 1028
1617 0
5598 1773
7615 2713
6802 0
7667 0
3903 0
7648 1233
8386 0
9483 0
4395 202
4958 0
7360 0
7156 0
9625 2539
8791 1706
3581 419
8155 0
9494 231
2205 0
9524 0
5686 0
9196 0
5095 0
6946 0
4025 2535
7159 0
5556 1862
6907 0
1773 0
6790 0
3348 2265
3493 0
6164 1830
1633 2832
8506 2106
7215 0
9072 1849
5527 1478
168 0
3727 0
277 0
3906 2085
1410 0
5045 673
5454 2833
5340 2647
6842 0
1543 0
4063 0
5670 2076
9021 0
9313 1365
4905 0
6904 0
5468 0
6839 0
8761 0
7078 1881
8171 0
3740 0
6380 0
32 2586
9501 566
7402 2423
6897 1782
8913 800
4607 2160
3706 105
2873 2131
4701 0
8414 0
7292 2448
2778 1245
4396 2533
6801 0
8767 2034
1510 1139
3261 0
9533 2119
6336 744
1142 1561
7035 1869
2162 655
6319 1599
1349 2937
2772 0
1722 0
8293 0
530 0
7545 0
2626 0
4082 90
8279 0
2015 1277
2174 2492
2973 0
952 0
9836 0
5368 0
854 2886
7609 191
5916 0
8058 466
8165 0
2000 2030
5620 0
74 2448
2863 0
6762 2033
5480 1549
1424 0
32 0
9270 603
4783 1662
1680 0
1770 364
7986 0
4662 620
5274 0
6939 2615
3247 0
4286 2833
1625 2577
671 0
9704 1912
6195 127
1778 352
5984 2868
6111 2165
5356 0
722 0
5731 123
440 1913
2045 686
5499 2965
1585 1906
669 0
3644 2660
6871 0
647 0
3916 1324
1841 0
7772 860
7360 2226
1567 0
8716 0
122 2936
6965 928
1421 2007
5161 246
9452 2217
9293 702
6090 486
7355 2415
3217 291
9244 0
7346 0
4453 1535
9939 1184
2026 0
1338 2193
1753 2750
1216 1466
7164 547
2778 0
8439 1093
8660 0
8664 769
5521 0
9432 1658
4316 2572
726 2906
8421 0
2578 1596
2187 1694
7864 1674
5297 0
2318 0
2375 1461
4446 0
6123 1985
7504 892
310 0
2368 0
3232 537
8394 1509
414 0
9041 0
1699 989
8 1008
8787 544
3614 1684
4665 0
588 2759
8271 0
4221 1420
1127 0
7249 0
8851 0
5897 2079
596 0
8212 2822
6222 0
8336 684
2633 0
8432 1430
1119 1765
7371 0
6800 0
9085 0
8785 2653
9020 0
2340 0
3663 1703
2753 2096
6310 0
5922 1046
7086 0
8148 0
3017 0
6901 0
9465 0
5534 0
1642 815
2230 1580
7993 0
650 908
9366 99
3603 0
1509 108
563 0
5878 393
724 0
5916 1672
3306 0
3143 298
9152 0
8199 0
7638 0
5264 0
5677 0
8588 0
6819 2679
276 0
9899 0
681 0
2583 0
4233 346
827 242
8661 844
3784 402
8977 0
7522 1991
8630 0
3387 0
6120 1796
882 0
1652 1537
615 0
92 0
2788 0
9798 0
3779 1720
6283 606
7841 0
8299 0
954 0
6452 2340
3184 0
205 545
3645 820
5746 0
6060 0
6748 1343
3257 775
5383 0
2431 0
1409 1926
2323 0
8930 0
5453 1118
3248 2547
7197 0
3642 0
4661 2654
4247 2986
5886 0
1425 112
2229 0
361 2896
5127 2355
4638 533
7283 138
9439 0
9094 2610
408 0
5291 0
1066 0
5168 1555
8496 128
8045 0
5160 664
3238 2807
1669 0
4021 0
8856 2093
3697 690
4526 0
53 0
8391 2897
3276 2055
5553 2424
7162 2802
6505 0
6924 0
2244 161
5696 407
9749 0
5763 0
2994 666
7095 0
4529 1990
5784 746
9105 0
66 2997
6688 0
6568 0
5658 0
5881 0
1920 2515
47 2142
661 0
9118 0
6257 1441
5313 1961
9306 2498
7617 805
9128 0
5053 1568
7131 0
6273 0
8712 112
5147 0
457 0
6610 335
3416 0
3623 0
8419 2411
7849 0
9267 0
240 0
6562 0
5199 2156
1914 2804
9965 0
4654 853
3142 0
8851 401
7291 182
8064 1121
9991 0
8074 157
526 2860
6902 0
5934 0
9550 0
8775 1136
4794 711
9273 0
9968 0
1525 0
6261 0
1523 1623
1151 1785
9194 0
3476 0
145 0
4109 1103
4601 0
9779 1101
5731 0
5319 1055
8509 2219
6250 0
9966 0
5376 1353
6867 0
1082 236
1203 2168
1189 0
8945 0
6317 0
9393 1309
7735 97
1727 0
7976 0
1269 0
9081 2454
8174 2780
3601 2691
2774 2846
5292 148
6477 414
3521 2103
5834 450
115 27
19 0
6386 0
1629 715
5958 463
999 1813
9274 0
9676 536
5458 1053
578 0
6743 2964
4957 2019
1723 0
6241 1158
7236 0
7764 0
5560 0
3877 465
6225 158
420 2289
5897 1642
7380 564
5500 1236
8522 0
2986 0
8852 0
815 1423
2289 2839
9983 1977
3361 1129
1757 0
1703 1191
4561 31
5925 724
9912 654
1420 688
9856 1736
4065 583
649 0
1011 0
5688 0
9674 0
3607 625
8145 1587
8064 1287
145 0
7337 0
3881 1544
5342 773
5827 0
3136 1066
955 0
1911 609
4338 1017
9832 476
5374 0
8957 0
6318 2917
353 569
7892 0
3375 343
9125 0
3475 1088
3078 2295
2109 0
4841 1406
2250 0
4542 0
8629 0
9484 2136
1877 0
4645 0
8886 2818
349 0
9853 0
7026 2291
5011 2696
1758 2932
6115 0
9400 106
8008 2734
5125 0
9476 438
5987 1428
5396 257
3726 1560
3656 0
7163 0
4573 0
3130 2027
945 0
941 323
6418 0
1522 2904
4265 2083
4227 0
4232 0
1274 679
1343 822
8918 0
20 0
173 1434
7154 487
469 0
7798 1315
3180 0
4293 0
7834 667
2923 0
7757 0
7394 0
6819 763
7854 0
7666 2256
1419 726
6046 2269
5230 0
355 0
9046 1649
7561 0
1122 0
6671 0
3415 1367
6435 0
4984 1083
6469 0
1937 2953
4023 2652
4203 2286
6126 0
3323 0
6854 0
3509 719
4932 0
5938 131
4053 0
7192 2772
6560 0
8307 2787
9056 0
2381 0
597 1890
2788 0
6780 0
1682 0
6388 999
447 0
9371 0
9543 653
222 0
9633 0
8490 0
9607 1249
9756 0
8105 0
1158 1811
4001 2125
2545 0
5318 0
9316 2359
1878 0
333 1504
4904 0
2888 0
9717 2644
7093 0
8848 0
8549 2907
1402 1533
7729 35
4445 0
9458 521
463 2366
6192 0
1122 0
7612 2017
4173 0
586 1145
8648 0
144 0
2659 1193
5925 0
9056 1552
1075 0
5205 0
6905 1980
2024 2799
182 2450
3772 2708
8377 996
9247 0
8926 0
8025 0
8266 0
212 2909
4384 0
1615 0
5387 0
6289 1345
4675 311
1167 2587
1500 0
5108 0
9329 0
7508 0
3382 2704
7810 1663
6113 0
615 927
2025 0
8472 2383
6543 0
7014 625
8763 2046
7841 0
9892 2883
3541 0
7432 1952
7025 1233
9413 0
5546 0
452 0
8708 950
4956 1003
1592 2580
7985 1772
6323 2104
6735 850
8697 632
2159 268
7253 0
6575 2674
9981 1821
4195 0
2051 1974
2059 0
5171 0
8099 0
4915 1320
333 0
6420 2277
4403 0
7173 1944
8641 0
265 192
5740 0
8709 320
2990 0
4977 0
7919 0
4526 314
5028 2953
7190 510
3119 0
3399 2367
9510 1514
2605 2485
2424 1375
5011 2541
9609 1291
4043 0
4351 0
1766 0
9228 1800
2801 0
6433 0
5137 2178
9023 880
9620 1711
6641 0
4120 1559
5964 958
7533 0
5398 0
6564 0
4324 0
931 1978
7873 0
4418 1050
9502 1871
8991 771
7668 1303
6658 1082
4527 1164
7811 801
5058 2424
3834 0
8896 2151
8423 0
5742 0
3734 2965
855 0
9885 2204
3694 0
2306 0
2881 0
4317 558
377 1043
6560 0
2124 2908
7038 1432
9057 0
7390 495
6447 2051
7152 0
9882 717
2557 906
7219 0
6365 0
8948 0
4057 0
4207 0
8310 451
8396 740
7848 0
990 371
6917 1479
346 2670
7415 516
9550 0
1191 0
7164 0
174 1548
1719 335
7553 0
5626 0
4217 2338
1309 0
2200 0
8210 0
1521 0
6660 2912
9365 2482
7572 0
7600 829
3448 0
6046 1563
3497 0
6282 1187
8430 668
2787 0
6861 0
3355 0
1933 0
1098 2032
2693 1690
4124 0
5211 0
6139 0
4948 0
4981 0
5049 174
5109 0
5433 82
4181 1203
8881 67
5931 0
7774 0
6906 0
6967 1305
8986 1877
9004 0
8802 0
451 2806
9678 1572
9208 2128
4593 564
5736 2317
9660 0
1660 0
3480 0
6492 784
7674 2207
6485 2253
7960 2711
1562 1134
686 0
5688 2614
8920 1104
7580 0
8580 1902
7704 577
6027 2225
1843 0
603 1930
1475 2068
6701 450
4833 0
3855 0
1395 0
3694 879
5450 0
1480 692
8982 407
4470 111
7819 2675
5737 353
2301 2210
3909 2781
6383 0
7502 0
3691 0
8097 443
1172 0
4936 54
1262 1354
3534 2438
8867 0
3719 0
1653 1879
9912 0
4433 2955
4606 0
5356 0
6358 0
7215 0
3164 0
2298 0
2205 0
5157 0
9105 0
6514 0
5440 0
788 0
9131 0
1257 751
9529 0
1429 0
8317 0
6125 390
6650 1868
8586 960
1997 0
9709 513
5723 1172
3990 0
1125 1803
6934 2687
7073 383
2665 432
9311 1160
6033 290
223 0
7617 2345
5371 1211
3629 0
8539 0
5728 1810
4888 0
9458 0
3239 1641
7348 0
1028 1967
358 741
5150 0
9385 1282
1098 958
3591 1327
6917 1265
248 0
8312 0
8613 0
3024 0
1199 0
4311 218
1335 2992
3619 1347
4439 0
2676 0
615 0
6631 1920
2721 0
9002 2315
1105 0
7194 0
239 1375
9224 255
499 60
3815 0
3519 0
5277 2457
6704 870
9822 0
1012 2376
6290 509
9064 163
8844 0
5607 0
6490 0
9351 0
6672 0
5524 80
5885 0
376 0
9668 1354
1995 0
4304 1597
6467 0
9917 0
8642 0
7305 2466
2250 261
1608 690
7722 0
5622 0
9434 1924
4374 0
5253 0
3748 623
775 743
4165 809
6192 0
1762 0
6000 16
7811 631
9270 0
9982 0
3476 1391
9381 0
2435 1973
1889 0
6688 0
6201 0
7419 1515
30 0
8562 0
1165 0
8487 0
9375 943
8251 1380
7416 0
62 0
8069 2103
705 325
5603 0
4060 0
6681 2402
9808 0
482 0
3069 0
1597 2692
9351 2356
8477 0
1931 1530
1755 0
6134 0
8379 0
6495 0
4259 1534
3960 1301
3392 888
8272 0
3162 1130
8566 766
4782 845
9017 2050
5665 2427
8302 1051
5696 0
1427 2138
5470 434
4436 0
5516 1554
9158 0
6302 769
3339 1195
1740 0
1280 891
9786 0
496 0
8191 0
4333 477
7138 0
9726 0
254 2348
3484 1929
1171 2881
3953 0
9189 0
7262 168
9661 0
1683 1296
3448 0
7479 1832
8717 0
7034 1904
8388 0
1266 0
9451 1856
4683 0
8604 0
4955 0
5391 0
6065 0
4127 187
9299 1343
7308 2013
7724 0
4735 1736
3463 0
8881 1373
1745 737
2273 0
923 1963
6921 793
5181 2109
8799 1993
460 1637
7254 0
8983 0
7323 0
2612 1341
2421 1299
5912 1978
5565 0
5603 0
9251 0
3470 0
5933 1802
9894 0
1464 919
7017 2084
755 1484
2390 1923
2112 476
3072 0
1825 799
4435 0
315 186
7701 0
4984 0
2971 0
7 2540
9013 76
5154 0
7168 0
1572 1502
3554 0
5066 142
2940 0
1205 0
5513 0
9283 0
3890 0
9549 107
1837 2328
6580 2634
6816 0
7980 1722
7909 665
7034 0
8575 0
6205 316
5347 0
7792 0
6076 0
9041 0
8953 2761
7682 0
1690 436
6209 2916
4077 2182
4821 147
3060 823
4528 0
3518 0
9420 0
9354 0
7055 2558
9067 1599
2741 2554
3980 0
4067 2484
5493 0
4814 0
3510 298
842 0
907 0
3383 2967
3770 0
5015 1398
4737 973
9813 1666
2603 2288
1954 0
6720 0
1455 658
8483 1115
7214 467
9741 1214
9473 0
570 0
3809 0
9180 593
7826 1141
6207 0
2829 0
6579 2284
5987 2732
5517 0
2767 0
1864 963
9907 2391
1969 88
6024 0
9923 2848
2081 460
923 0
7610 0
1363 0
7191 0
1663 0
6509 0
3776 2871
2760 1929
7289 0
395 2462
280 1752
5466 0
9873 1015
3610 0
2759 146
3569 194
231 0
6085 2027
7147 2772
7703 1769
5266 0
876 0
4928 1914
2186 0
6061 0
9766 0
5482 502
4909 2185
305 0
9437 176
4422 0
6455 0
4046 0
9236 1939
8286 0
476 2740
6286 2640
7877 0
6472 0
7067 704
2749 695
8848 0
5583 0
8163 956
1205 795
5348 972
5443 0
87 0
7655 1607
5148 0
1041 1691
8331 1035
4059 1754
2728 0
3661 2680
1488 165
4505 108
732 0
8738 2731
5146 0
6637 1995
8248 20
5405 0
6721 974
5340 979
1414 579
2449 173
4151 0
1276 2800
8108 0
7628 1048
4586 0
8031 1474
6816 0
1151 366
8362 1608
484 2216
1158 2208
9759 967
869 1543
3810 2323
7982 1971
7878 0
3907 0
818 0
6872 0
4926 0
8540 2845
8802 0
624 0
164 2120
9653 121
7007 0
3612 1756
2678 1464
6539 1757
4673 0
4397 2267
6888 0
3945 0
9883 0
5470 2187
2147 0
7778 449
2977 0
1212 0
744 0
844 921
2226 0
7975 0
3657 1691
3048 0
6167 966
3720 0
4601 0
9661 0
7664 0
3800 806
6575 1892
8051 0
2694 2595
6116 494
4316 0
7431 0
1431 2710
5629 0
7327 1416
9785 0
3261 992
8610 574
9888 0
8851 2352
4800 2823
5067 2270
1385 0
5074 0
2456 2021
7005 1653
1555 752
6947 0
2610 0
8316 0
2179 2008
4307 1948
4621 0
9755 168
3722 1227
8281 0
2000 0
8939 0
5008 265
1905 1023
9514 0
5339 2096
9197 210
4109 1616
7653 1071
2314 0
6875 1395
3516 636
9859 2666
6 0
2220 498
537 0
3067 2118
5525 0
5143 2777
8668 0
9588 0
3604 0
9233 634
3023 1527
2498 0
7896 2840
4752 1964
9198 770
2590 2950
5933 0
6909 258
6182 0
8195 783
8278 438
721 0
25 0
9617 2130
8448 2963
5464 0
6414 0
8437 0
1826 2275
6231 2316
6817 2105
7991 0
7241 918
770 0
1913 0
8933 896
7619 2553
1841 385
2913 0
8537 0
2765 1519
8271 2989
5788 0
2972 0
5813 2981
4441 3000
3757 0
8138 0
7863 2756
2346 0
8180 940
7664 0
803 1132
782 2271
6074 1284
981 2039
5564 1956
2011 0
3279 273
8233 62
5677 0
1964 2362
415 0
2421 0
9138 2157
8521 0
8031 0
2524 0
1051 2894
9630 2542
8958 0
9813 0
5175 0
2862 0
8857 0
4997 0
3780 0
2350 0
4501 2538
8177 2177
9107 2071
8032 0
1121 1032
483 1152
2365 0
6480 2452
1950 777
1251 1255
2423 2430
4237 1004
7078 0
1226 2451
8454 0
5342 2914
2097 287
1569 1319
9244 0
1180 462
8458 0
5424 0
9084 0
6824 0
3467 0
6971 2036
4754 360
2351 0
5889 1713
1244 549
5174 0
9841 0
9203 0
6189 0
4068 2856
1583 0
7019 0
7101 0
5471 0
13 0
6285 0
9162 0
5610 0
5959 113
7530 2946
9742 175
5032 0
1623 0
5833 37
6340 1361
237 1989
1261 0
2795 0
8075 0
7374 1635
9560 0
8956 2534
4240 1336
8852 0
4138 468
5003 2530
290 1142
5996 1243
9700 0
4102 0
5368 886
7449 2086
9136 0
7944 0
3053 2277
3577 44
5516 0
489 1382
982 19
6628 0
2123 1383
6943 0
9515 1757
3192 0
1816 1891
3828 1208
1817 2263
7687 0
1556 0
9522 167
1157 0
5815 0
5770 0
7965 2812
8207 0
6134 0
7814 2841
2432 0
8010 0
3263 2115
8838 600
1462 2788
1190 373
1130 0
7321 1642
622 1178
5352 0
8880 2239
4825 2241
6114 0
627 1112
2623 1370
6994 0
9173 0
7725 0
1366 0
4288 2260
5526 0
1569 954
5109 0
5068 0
8794 251
1099 0
3152 929
4187 0
7309 2037
6018 0
4023 1100
9178 0
3860 2407
3064 0
5254 402
5661 1386
4382 0
9231 0
59 0
4478 1813
3915 2729
823 1350
9822 1307
8431 0
8601 2668
9951 0
6346 366
6524 748
2550 0
3901 0
7199 374
8464 0
768 0
8880 0
5923 0
7136 1521
4958 340
7354 0
7817 0
4736 1787
3360 0
2803 618
9313 7
7623 2703
134 1498
8322 2362
1470 0
863 296
7668 0
1196 1574
2872 0
2578 55
1861 0
6637 571
1451 0
296 0
3444 0
8789 0
2217 0
1698 2876
8712 304
8325 1827
7470 0
3776 0
9023 0
8933 0
2198 252
3060 2988
2395 1431
4550 0
8220 0
3535 0
6610 0
7631 2935
240 0
3923 2059
8676 2621
9083 0
1269 2808
1742 0
3187 338
5034 0
8854 901
956 2725
2522 0
716 0
2543 2474
6407 657
7538 710
8360 2903
1953 1619
1489 0
6376 0
5411 94
153 0
2722 4
8460 976
571 0
55 2023
3792 2928
5639 0
8870 0
3804 0
8476 0
2980 2969
9133 2042
7614 470
961 0
7561 0
346 2563
9519 1643
3492 0
7738 1783
6678 0
204 2032
7477 0
3093 683
9058 1838
3593 0
7562 314
718 0
9104 0
6946 2318
2155 0
2088 0
6326 1912
4162 1474
525 0
2501 33
1394 0
3095 2677
5511 447
7633 0
4822 2324
5416 0
8179 1611
7516 2297
4182 0
9988 521
7317 0
9291 0
4049 1716
900 1559
4881 1648
391 0
9776 0
7225 0
25 1014
825 0
4183 97
222 1779
9346 0
7805 1165
5718 2929
6856 1844
1600 409
4712 0
3914 1124
4604 0
7507 0
4093 0
6749 0
2277 2662
8637 816
5735 0
7300 0
8188 566
107 2283
7108 0
1499 1638
9929 369
9156 0
3576 776
3090 2823
215 2412
9085 2594
8935 350
9396 0
2696 2417
2945 0
3392 1889
9325 22
4333 750
7308 1857
6377 0
5587 982
4160 0
6281 0
3524 0
3690 2718
6216 0
9633 2040
374 0
4774 0
3495 2252
5569 0
2606 0
5397 2956
1854 0
5523 1532
8659 2248
1406 0
6553 0
7162 1420
3903 2742
4452 787
4087 561
2051 29
1478 2490
8782 2847
5230 110
8754 1955
5812 0
9442 2374
9513 0
8516 0
1444 0
3152 0
3461 0
8185 2787
7790 856
8213 404
4742 2835
4351 1275
1453 522
8924 1821
8904 0
3630 2002
659 0
6640 0
4347 0
856 0
1318 0
1730 0
8901 465
2152 0
9464 0
9157 0
2976 507
1022 0
2876 0
2190 0
9194 2279
5931 2472
1882 0
1772 779
7393 0
2780 2232
5297 2623
5008 0
8134 0
1675 1441
7712 732
4037 1192
5284 2207
5159 0
9441 0
7761 1140
4259 1198
1331 0
8893 1571
5817 0
5708 40
6433 0
8205 2761
4934 0
9115 0
2856 0
7525 589
77 895
849 1205
2083 23
2495 444
9996 1199
2499 1075
1790 0
5833 1068
40 0
2911 0
9093 2939
3674 1806
1888 1378
9129 0
4243 0
7449 2158
5576 0
8237 0
5724 609
8064 1948
2753 0
878 1062
9891 0
7881 2704
2745 0
2629 0
2805 0
9892 0
5457 0
1155 0
1550 1448
8584 2601
7150 0
6776 2920
3400 0
3199 710
9557 1116
296 0
9519 136
4621 0
6442 0
7801 155
9134 2781
1439 0
8017 1706
7885 0
20 0
4600 0
6316 0
7476 0
1080 0
7297 0
9412 0
7086 2489
8423 0
8812 1916
8457 0
7894 1359
6093 967
9789 1639
3869 0
2048 0
9980 0
761 0
5728 0
3053 2771
5231 1149
4272 2117
3255 2510
1020 944
6587 605
5381 391
9837 0
4224 1866
7029 3
5352 2082
4639 2274
7427 307
5409 2581
1719 0
7792 0
8430 663
1982 0
9478 0
6333 244
4108 0
3557 0
7121 742
5303 0
2322 0
5182 0
3505 1365
8243 559
1411 0
2637 0
4812 2997
4119 0
7983 0
1562 0
8087 0
8669 2164
7182 927
9364 110
8581 1215
709 1433
9901 1598
5445 2480
597 2775
9350 0
402 2112
1047 0
519 1048
4547 2254
7517 0
3383 0
2075 744
8388 0
3900 0
5567 0
4703 0
5740 1666
6836 0
2527 0
9108 0
7771 0
8501 0
3820 54
5159 203
2540 0
7511 42
2987 0
4624 745
6461 0
6194 728
5133 1894
6573 0
4900 657
7902 0
4958 2062
475 260
9070 0
6297 0
5854 0
6978 0
4329 0
7900 699
6312 0
3319 0
8010 0
3402 1231
5428 2792
9528 0
7337 1301
9825 827
28 0
2699 2325
65 0
6670 1593
4700 0
9929 103
9733 144
2704 2863
3091 1246
4727 0
5047 1682
7643 0
1734 1237
8810 2241
7969 467
571 0
8619 2699
4842 0
6382 0
4863 2049
4129 132
75 0
4757 0
1655 1974
8730 2258
6620 683
8106 1467
2594 0
4272 0
2930 2323
1629 2715
7466 0
7641 2026
6546 0
5059 0
3583 951
8429 0
6535 1403
3058 0
1046 2870
919 0
2180 2639
8501 0
1636 0
1360 2237
4168 0
8983 2213
516 151
997 649
6229 0
6102 2746
3762 0
9373 0
2455 0
4442 2261
891 1778
