3000 304
6169 731
3657 0
5754 2514
6543 0
1165 0
48 228
5903 2445
3720 312
2266 2319
1405 0
2478 0
4205 2872
3747 0
1505 1237
1833 2466
4203 2113
6965 639
2833 1057
8426 0
1664 0
7133 0
487 0
5396 0
1411 0
6912 1184
8127 0
1324 1397
9695 0
1137 386
9663 0
7052 0
3382 0
2201 0
8377 2999
3555 2678
2197 2692
2799 0
3148 0
7728 0
6243 1067
749 435
1282 184
8556 1711
9622 0
2399 0
5090 2709
4086 0
8985 635
3609 0
6507 1174
9499 188
9301 0
1435 0
898 0
4072 1193
8922 2348
5674 981
1065 0
4851 1211
9111 634
3049 714
338 1065
2261 0
5745 1480
5120 0
1623 2718
1358 2239
9421 2010
687 0
8185 0
9851 0
5203 0
9344 0
1348 0
2744 2795
1912 0
9603 0
8811 1152
8424 843
7516 0
7644 0
4388 0
4848 1938
8398 0
5981 2993
1545 2200
7470 0
9604 2943
456 0
484 0
3748 1967
3758 0
7275 0
5250 164
9059 0
7942 2271
1535 1700
6515 0
2378 2562
6989 2479
8350 2009
9090 0
3302 0
6052 2156
8961 1732
3874 2044
5851 0
6702 0
7356 0
450 0
6181 0
2483 0
1836 0
6579 2555
981 0
1287 0
1301 0
9803 1735
3922 0
5727 0
3376 0
2021 335
6845 0
6599 2144
3306 1237
7569 2119
6112 710
7550 1892
9650 2608
6124 0
8789 2256
9807 2286
8142 0
8528 406
1201 0
8619 0
3276 60
7950 0
3031 1864
4276 2928
1948 1235
4350 706
3415 0
5 935
3698 2970
8435 0
4767 0
1114 71
4388 0
432 0
3902 0
4558 736
9743 0
3043 0
2509 0
3160 780
2859 0
9730 482
7353 168
4159 0
238 0
8476 0
4748 0
1282 0
699 2693
9412 1663
788 0
7203 0
2103 0
5410 2329
1165 2934
2044 2629
2701 632
4804 0
2905 164
8055 2564
4405 0
9084 1623
8768 0
7123 347
2145 0
9114 0
6943 2701
8973 1797
3219 2553
8932 0
1715 0
6906 0
2716 0
4095 0
8170 0
5296 2902
5556 949
6787 0
9782 0
2635 0
4787 0
343 357
2366 0
8410 2199
6546 0
6971 68
8039 0
6393 0
1737 0
2680 1191
8616 0
9481 0
2270 1853
1474 758
3351 0
5214 0
2989 2704
5972 348
7831 1827
9350 349
3531 0
9872 0
6252 1133
9533 0
971 0
6086 430
6261 0
6932 1206
1801 0
4426 2927
8680 0
9648 0
7717 0
3245 2336
7144 16
7993 1821
358 1248
1920 0
4704 1855
3110 2554
5446 2145
8261 2884
5948 0
4871 0
8471 0
1006 0
9338 0
7525 0
3871 0
9759 0
4075 0
2973 1043
941 636
5114 2174
6763 0
7568 0
3783 732
6550 464
9979 0
8789 2303
2026 182
7901 1023
9177 2106
7404 0
1298 1404
4761 722
40 0
8100 725
7456 1317
9505 2770
2993 0
7138 1802
606 2496
4454 329
1139 1684
9116 0
3140 0
3293 1764
8965 603
7516 40
6096 0
9729 2008
7601 0
4165 1026
7927 1115
8408 0
2865 0
2658 0
6472 0
6193 1441
9436 0
3565 0
1207 0
5282 0
1674 0
7945 93
3364 0
1372 0
1540 0
734 0
1498 0
5004 2837
788 2371
3446 0
4100 0
3488 2785
3753 2604
3984 855
1425 2667
9995 1017
9727 0
1249 0
7995 2846
5624 479
3474 2577
4346 2889
3140 586
2748 0
4856 0
9302 957
1420 629
3601 262
4477 0
3040 0
7503 0
576 2363
4921 0
6449 1840
4511 0
7600 0
6409 148
9940 0
2098 0
4330 939
291 1585
8323 0
1446 0
1112 2149
4409 0
1174 2411
4611 276
3513 1846
3501 0
9540 249
1951 0
3470 1511
2480 2659
6731 1613
2772 1627
8316 0
2627 0
3086 2846
2659 1415
9805 0
5796 0
8720 2549
9010 0
5052 0
2124 0
3212 0
9679 0
7096 2472
5774 1236
7381 2620
1245 0
3569 0
3687 0
4771 0
1211 0
6177 713
286 0
6395 460
7330 0
5620 650
6479 0
7145 0
4511 0
4629 1294
6574 0
9966 0
7869 491
2479 1913
8632 0
369 1516
6959 2553
4280 0
2429 1611
7263 1032
4996 860
5492 0
4008 2395
3377 1921
2913 0
4047 0
5668 0
7242 1057
85 49
9101 1273
8902 0
658 177
5192 1271
4050 0
4560 0
3425 1145
8710 0
4461 1424
4938 0
9028 0
1104 957
75 1937
9209 0
7094 0
9144 0
6272 0
6988 0
5930 1352
4747 1589
6410 1195
3392 1385
2682 0
2743 0
6894 0
1390 0
5383 0
9649 0
3472 1462
7436 0
1715 1717
7946 0
2939 0
8938 0
4173 2955
9885 0
4259 916
9627 0
491 0
7871 0
7605 0
9925 2789
8794 0
7575 0
2212 0
8975 0
6493 2588
8688 1436
6733 1260
8394 0
5140 0
9003 0
33 0
7956 2070
4638 2743
4271 0
8255 0
6308 0
9259 0
3705 0
541 1362
2127 2912
1881 0
4564 0
1068 2771
5675 648
7211 0
1311 0
4153 0
7217 247
8966 0
8945 633
7430 0
4108 230
6692 0
9117 0
5060 605
335 0
4874 2467
527 0
3876 1621
3694 1185
906 0
225 2352
1584 2075
4141 0
1406 1537
1137 95
1247 0
6115 0
4388 0
2196 501
4219 911
2863 0
4085 2374
5976 1911
5666 2138
6863 0
4926 1719
1490 2211
7199 662
1407 0
8892 412
7028 0
6772 0
351 1890
1699 0
4984 1632
9110 0
5970 0
2948 1392
3090 788
9002 1587
6212 0
940 1100
3803 387
150 0
5560 0
84 2628
9474 0
8681 0
6299 0
3677 617
3966 2816
1240 2761
4326 0
3369 1292
1452 513
7225 0
8472 0
4571 1455
569 1094
79 0
832 0
702 2724
6238 0
1358 2392
3977 2334
576 591
5579 0
2735 2680
2538 0
4552 0
4416 661
1603 2056
2966 1992
6855 0
4343 238
5426 1738
6657 1245
9325 0
3489 0
2571 0
8683 0
8568 0
1542 2022
1579 1720
5792 1459
7151 2366
4792 2142
9939 0
4415 2217
5099 539
6850 0
5365 1926
292 2540
6833 0
2648 0
4450 0
6783 820
6858 0
1559 0
878 0
9814 0
3699 1093
5336 0
9324 0
2675 0
458 1706
7753 2101
8049 2029
9768 0
3260 2473
9957 1735
3285 0
7028 1539
7315 1746
8620 1914
7775 0
929 2337
7878 2926
8459 0
9515 0
4693 0
3182 0
2162 0
7269 0
6033 0
2666 1532
4200 2948
2702 0
3640 1709
362 1628
3266 1626
2664 0
5598 477
3226 0
1148 0
3256 2534
8627 2786
4872 0
8409 802
1240 0
2748 2451
2072 0
1780 1705
6714 0
5322 0
8531 2097
7548 1707
9501 2529
9466 1954
4899 0
384 0
6970 0
967 0
7341 0
8915 0
1654 2360
259 0
7033 0
8743 903
1097 800
3098 0
9846 0
1156 0
4526 0
5980 1687
6978 2053
5093 1508
8496 1415
7809 0
5071 0
6439 0
1446 473
5810 1615
1157 0
6587 372
5099 0
7514 15
4247 1204
6330 2305
8052 0
2451 1865
9498 2841
9299 2364
8996 0
3009 0
8678 950
8557 0
6367 2870
5187 0
9929 1533
9111 0
8560 64
2054 0
8644 2169
4696 0
2186 2141
1421 257
4081 1628
6835 0
911 574
4851 2944
4036 0
7996 0
9514 0
28 0
9729 0
479 2043
684 0
8622 0
3339 0
9188 1595
8124 0
5638 0
597 606
342 2136
397 443
9338 0
1638 1233
5114 2044
9874 1613
4452 2640
7546 0
6862 0
7803 457
3031 0
3964 1048
421 2977
5871 0
5822 465
9015 0
9083 0
14 147
14 0
4837 2651
2241 0
449 0
4470 1643
9289 0
1525 2716
5060 2788
4021 1140
9277 555
5018 2784
1935 2712
3608 1650
5913 293
3411 1557
7139 0
7793 953
8172 0
8542 320
67 0
2226 0
7483 0
8805 264
3904 0
1298 627
5772 0
6008 1388
5717 223
8764 0
1192 2791
6857 487
247 0
8199 2366
2110 0
6561 0
9146 0
1298 0
798 542
5348 0
7073 2477
4681 0
1106 0
2979 0
8574 1137
22 0
8878 0
6420 1227
4425 2027
7051 2670
9233 0
7069 0
1993 2707
6727 0
3659 0
6839 0
6195 0
8073 0
6645 0
9498 0
8947 1497
243 0
5789 1852
1485 2316
2457 2458
4023 1296
231 2112
8227 482
880 0
6543 1559
8599 0
7771 0
9958 0
3907 1293
9463 1269
261 0
4546 2211
148 0
8567 2090
3213 1729
3722 596
9016 2893
7845 0
9149 0
999 567
242 0
6890 0
6209 0
8313 0
1476 788
1219 0
500 0
4618 690
5760 0
351 0
9942 0
5519 0
9925 0
7317 2
5254 2049
940 2524
3169 2424
4617 0
665 0
74 455
7999 1025
2566 2786
357 2510
3449 2397
6126 495
9985 0
5054 2209
491 363
7046 814
5350 0
5607 0
1739 0
607 705
1548 774
2984 2927
3529 50
8837 0
5610 1413
7330 0
9334 2108
2868 0
9963 1092
4895 0
9012 344
5038 959
4259 0
140 825
599 2374
6671 0
9956 2591
7244 0
3924 0
164 0
7439 1070
1751 0
5373 839
9308 2932
321 1982
70 0
3554 2780
3024 2732
7374 331
4057 2485
1525 165
3486 0
518 80
5954 1240
7038 0
533 0
3475 2188
3195 0
3404 990
2696 1121
5268 0
3794 0
9807 1910
7486 369
6611 27
3865 0
4234 2819
2662 952
7880 1844
59 887
6662 0
2597 0
8669 0
1883 0
8748 439
5507 0
3017 693
8501 2801
380 0
6159 1110
9918 2709
6500 1440
407 0
7692 1987
8854 0
8480 336
9277 0
1657 2130
8488 0
6676 1485
27 0
8213 587
1212 1157
6737 0
9634 0
1886 0
8208 2687
2129 2459
6230 138
3548 971
7016 1835
9512 0
6557 1420
1759 0
8767 0
9021 685
6347 0
304 1339
9000 0
7619 1686
7750 0
5805 0
4146 880
3483 24
2865 0
5887 0
3645 0
3671 947
5256 0
9286 0
6664 0
4123 0
6098 222
2249 2588
8829 663
1614 0
9232 0
4887 0
6713 2765
1052 2402
6657 0
2777 121
5306 1153
2944 860
4765 0
5965 0
5832 0
9759 0
3448 2315
9773 2276
3348 573
4151 1968
5599 0
3937 0
5015 672
1557 0
229 0
9030 914
921 1190
9721 2698
1963 0
1728 0
1732 2507
1402 1202
8827 1534
5906 2951
8306 0
7504 0
7748 2598
8556 0
5394 0
3577 0
9698 1089
7546 0
2011 0
5305 935
974 817
9907 2711
7765 1361
4518 814
5215 0
1902 0
8896 0
3244 894
1158 0
7055 0
4084 636
5116 1630
5720 0
263 2956
4744 1199
6909 588
3015 0
3793 0
1839 0
1223 2408
2574 0
8282 1954
5195 2862
1988 2245
8507 0
2458 2049
3616 2823
740 0
719 2021
9715 922
6406 0
5252 2378
8604 0
5186 0
461 877
5279 0
5065 0
1956 0
6846 1828
4022 698
1038 2657
1623 1502
7873 110
1254 2940
5917 0
6330 0
4766 1150
5944 1375
5607 0
9028 0
6645 0
4140 0
2935 1283
6599 0
4521 2161
7858 0
876 2492
437 0
7974 1659
5587 0
5395 0
5332 0
1569 1483
2819 112
7738 0
1081 0
1646 0
9936 2413
2970 556
1655 0
382 0
3730 0
9386 0
96 0
9934 2244
7670 1111
5745 0
8149 951
1472 2975
4286 0
8182 1145
735 342
1469 1689
758 2463
8402 0
8528 0
8908 0
3736 2548
7481 374
4592 111
4461 0
5789 2040
1409 2068
7991 0
2501 0
4539 0
8872 0
417 268
670 0
3945 0
7935 0
6049 2007
5092 0
7623 497
2702 0
274 0
3427 2885
289 1827
569 2784
6763 533
1126 0
7958 341
3197 2642
8265 873
8557 0
2561 1803
2065 0
8544 1676
1819 0
6788 0
5059 0
9861 0
5865 0
9779 0
5740 146
387 1259
2583 0
629 0
8253 0
6849 0
6969 107
9462 1962
5954 0
9802 0
3109 0
8306 0
2431 0
1545 824
2759 0
9853 2864
2402 2038
1781 0
1943 1904
9586 2182
4995 0
6047 2790
4397 0
5818 0
9922 0
9192 1556
8093 0
9109 0
1014 2760
2393 0
7794 2547
4720 0
3106 0
8565 1225
9797 0
6312 846
8655 614
5571 0
8991 0
2469 0
6973 1679
7919 0
9504 0
4889 552
6378 0
1351 491
9354 1574
116 0
5885 2642
2469 0
8990 0
9477 2936
1161 0
9544 2615
2708 0
1351 0
7309 0
7660 0
403 2000
4940 0
8135 173
1667 1866
4313 0
6824 0
8423 0
1414 0
1241 0
2139 0
9347 808
8315 0
5043 2116
9677 335
9713 311
29 1811
2118 1063
5326 0
2703 0
6298 0
7451 0
6048 1934
8787 376
9594 2098
3413 0
873 0
3734 2564
2114 2040
6453 2473
8478 1281
9582 986
7336 0
8362 0
6739 0
5126 0
6030 0
1465 645
2172 2415
6790 1975
877 985
3081 0
9487 0
1801 901
8867 0
371 1128
8817 2495
2928 0
5784 740
8580 0
696 1709
6122 1616
3050 0
5413 1011
4493 1264
9025 1851
745 1758
1913 0
5296 0
76 544
211 1670
8160 2161
9730 0
9031 0
2732 1615
6844 0
1603 243
9630 0
1051 618
1177 515
4114 0
7908 0
2481 0
5768 1055
4168 0
8436 0
5833 554
7398 0
8433 0
7586 0
3397 2987
1887 10
2913 806
5491 2294
2395 914
5858 0
7853 0
9659 1969
8782 1620
6009 0
4091 0
7455 1936
6568 0
9542 0
9141 7
722 0
2519 0
6248 0
3099 0
4725 0
8517 2645
669 2711
8225 1578
7181 2992
7077 21
9374 0
3479 2978
6389 0
3779 0
895 0
1114 0
3859 1885
2564 589
2003 1399
3357 366
2030 0
3260 2029
5511 0
433 0
2335 0
317 0
98 692
5514 642
8096 359
2700 1238
3221 1395
3523 734
8177 815
6212 0
5820 228
934 1555
5431 0
2027 818
7433 717
2989 1653
5669 0
4888 0
941 2739
324 0
5353 1303
1606 431
7920 0
9380 1338
8790 0
1253 0
8554 141
5043 0
9281 414
1514 1672
9107 0
4208 0
9739 0
2760 2844
743 145
7195 1461
8581 466
2453 0
6655 1108
8973 0
2091 0
5174 0
6732 0
3158 216
8135 0
6814 2680
3622 1980
4433 801
2896 1083
2096 0
1137 1867
2444 1495
4176 1187
8729 425
6213 790
1799 2260
9551 0
3640 0
3260 0
4790 2271
5250 0
5134 0
305 0
217 1658
1220 2325
9241 0
2280 0
7436 0
7593 1093
9733 1254
1645 1826
9350 0
4677 489
6149 1170
2916 2745
9624 0
1736 0
7236 499
7425 0
8938 0
5331 1716
7797 1542
7815 2967
4284 0
7382 0
9376 0
6594 0
4746 2790
1674 0
3048 6
4762 0
3953 0
2994 0
7795 0
217 0
6511 739
897 1250
6570 2344
8733 2963
3103 924
4137 0
778 0
7164 2306
8113 0
3677 0
5664 1772
2090 2827
5231 1751
6379 2429
2103 1796
6405 0
8292 1364
3574 0
6680 151
2445 0
5301 0
926 0
836 735
2500 1465
2911 2125
1449 2704
1222 0
3073 0
6762 0
3447 896
3923 0
9863 1955
4962 0
2536 0
3373 0
2851 2821
5961 2228
409 0
7533 0
1104 1292
3185 2130
4645 1972
8589 1126
4753 2844
431 400
808 0
9017 1094
6240 980
3263 2403
3109 1884
7820 984
9231 0
1962 0
2248 1801
8600 0
7744 0
1778 0
6397 0
8950 0
8678 2538
4948 1983
5405 1398
8268 1330
318 0
4943 0
8987 0
3210 1321
745 0
1750 0
92 0
2776 0
751 0
5401 0
871 0
6277 1910
5249 0
2116 2843
9159 2140
2726 0
2367 1452
6092 1676
1731 0
2035 1921
8529 0
354 317
5303 0
6082 2389
611 1520
9780 0
5779 153
5445 0
6339 0
1221 0
5222 470
9002 2901
7347 0
5564 0
8959 0
5201 1437
7244 0
2410 0
5090 447
2747 0
9792 0
2535 0
5928 0
4742 1739
6285 2111
7893 2939
6416 2016
4257 0
7644 0
6474 2449
4873 0
6947 322
7811 0
9667 0
7677 1262
5793 1180
6417 1988
9264 313
9191 360
355 0
1091 0
5521 1162
1119 961
3303 179
7238 0
6715 1035
2065 775
7234 1808
7116 0
2111 2352
6121 826
1913 0
9005 420
983 0
4465 2747
1873 0
7049 1423
9655 0
8528 1146
2808 1354
3831 0
8207 0
9650 0
6349 1926
4972 2190
4937 2263
4181 1027
4073 1825
6505 0
76 1496
6105 102
2626 2037
1659 2179
1086 0
2443 2549
4801 0
4918 0
1511 0
904 1468
1802 0
1949 0
2785 0
3779 0
327 680
1068 0
4861 0
9261 1121
1888 2035
5460 0
1335 2259
1357 0
6631 219
4110 58
1941 506
2369 1924
9752 2082
474 0
9984 0
6362 0
9619 1085
6931 0
3001 113
1827 0
3218 0
5746 1127
6254 0
7112 0
5815 2166
3926 0
5445 2602
2210 0
1024 2867
1839 1310
473 0
2708 0
3466 0
7003 0
7451 2580
9765 0
4421 1312
7232 2171
8215 0
970 0
2708 2910
4950 395
9561 0
4061 0
2948 1671
1217 2301
6442 2075
8466 1854
7870 992
1962 2863
1687 76
3488 0
7208 125
782 0
1278 1335
9226 2523
910 4
2333 0
3993 0
5648 619
7974 1200
5592 984
7527 0
8198 319
5173 0
7981 0
4653 1369
1538 0
9789 0
8527 2358
3192 0
2380 2622
6563 2048
179 0
2154 0
6626 1823
5238 1810
7483 1543
7518 0
9383 840
1834 787
9336 2592
9718 148
3190 0
5081 1448
7599 0
2158 1107
3057 817
7569 61
7185 1348
1267 0
8793 2217
5208 0
3644 0
1698 2606
6519 0
1576 2820
3698 0
2116 2662
1764 0
9094 308
6564 0
3902 48
6564 1469
5840 2358
9450 188
2837 0
9274 2131
2462 0
3300 795
8440 2804
6540 172
2292 804
1165 0
8681 18
4328 0
9874 1772
2838 0
574 656
1551 0
3552 1562
476 0
1380 0
3228 343
4741 1310
5215 0
5938 0
6942 2480
1792 0
6823 0
8902 2666
251 151
1192 1272
1124 0
3795 1383
6465 0
9983 0
9094 0
6481 876
6302 573
2509 1568
1134 0
8136 0
4540 1845
4347 2160
5854 0
7332 0
9767 1082
1968 367
7806 1242
4627 1737
1086 0
9136 0
5293 0
4244 0
3058 1979
3285 0
736 0
2279 0
6622 1851
6872 496
2605 0
8424 0
870 2615
7647 1058
5567 0
7710 1219
6638 0
3970 802
4009 2151
7780 0
1935 0
2773 0
1843 0
7324 0
2407 528
3030 1635
9965 0
4790 2995
3762 0
408 658
3317 0
8045 2688
4519 0
6119 2822
8272 0
9523 1289
2875 0
7652 2178
4103 0
5544 0
6796 0
9883 2504
9975 0
876 0
5519 1010
4829 0
9590 2880
9570 1193
3746 1158
5817 505
4890 836
1071 2890
7291 0
4115 0
1680 0
5483 2368
8771 1215
9786 0
9528 2521
1026 105
8146 0
2974 0
5039 0
1021 0
7931 0
3732 0
6654 1461
897 2672
499 0
2091 156
3270 1820
10 1297
497 0
2424 0
3017 0
3312 0
5987 2929
9945 0
4530 0
6961 366
8192 2582
7620 0
6518 1778
225 2272
1794 2051
824 1847
9842 612
9164 0
2116 0
5242 1761
971 0
9294 0
6072 0
5647 2134
9836 3000
7 0
3306 854
4541 0
8658 0
9171 1095
5944 478
261 1984
641 1178
8747 449
9470 0
6709 0
4456 1061
194 2229
349 0
6847 1944
9053 2478
6000 0
7225 0
2293 0
4929 2556
5713 0
9316 664
6634 0
1776 2585
5849 0
1200 0
4302 1737
3505 798
3203 0
4936 0
7867 0
7906 0
3238 0
6371 0
8504 0
5386 1341
9186 0
2231 0
1353 686
3186 1035
2344 1376
3694 1207
7715 0
7902 1721
2236 0
5858 0
9606 0
4801 0
1760 1995
5095 2152
5062 1524
1703 0
989 898
8934 689
4418 2640
8894 0
860 2734
2058 1037
4132 0
8891 0
2033 1950
3099 261
5380 2925
23 1678
2406 0
3008 0
8799 0
615 0
4800 0
1358 0
5051 1300
7670 0
7202 1389
6910 0
1178 0
2204 906
4267 441
7068 1912
1603 0
7919 0
6951 1467
8214 0
9275 0
2741 0
419 0
1175 0
1195 2805
3472 882
7471 0
4342 1563
7398 2855
57 2879
9396 1313
4360 0
5614 0
8729 0
6045 955
4374 2301
4619 2900
8936 850
9609 2252
6829 1856
1801 1046
4986 1029
8339 0
5000 0
9666 0
5059 0
6279 0
6112 2740
4271 0
8110 0
1713 0
1690 0
7910 2532
5985 0
1963 2119
6337 0
1114 2671
8774 2469
5475 2281
661 2158
5409 0
4955 221
1652 99
7715 9
144 2984
1347 2489
6210 884
604 0
8184 0
441 0
3761 1540
9806 526
4388 1036
5487 0
7888 42
2377 0
308 84
3682 848
158 1843
7287 1882
5654 0
4599 2707
2538 0
3608 0
1727 359
5298 2595
616 1900
329 0
8325 1015
4629 0
3607 2332
3937 1753
6169 0
2978 0
4622 1442
3727 0
8821 0
3407 0
7475 0
5029 1713
1750 0
647 354
9190 0
2471 0
347 54
3822 0
464 945
4187 0
8106 0
8533 0
7829 2464
1451 0
1474 2274
8386 0
8928 2906
2011 987
5302 397
5225 2454
5304 1327
304 0
4860 408
5966 1370
1503 753
230 1084
403 1793
1463 0
3584 2757
8961 481
2722 0
3399 0
8590 912
4356 0
5375 0
8011 1662
1908 0
492 2599
8582 2873
2414 0
197 0
6117 0
3565 0
5315 0
5097 0
7089 0
2070 465
6016 1076
8317 424
9051 604
7047 1465
4509 1400
7357 1266
6627 1419
3019 0
7107 2746
5973 1516
7887 2503
4550 183
3729 0
9491 0
2512 0
8534 1941
1906 1012
9029 2792
8857 270
9644 0
9852 2422
9953 89
182 0
8633 2713
7798 2985
7750 1527
6372 992
658 611
3216 0
5537 546
4150 2618
2296 1360
9657 0
6461 2669
2462 1197
443 0
1891 2825
3172 0
841 0
5121 0
2077 45
1657 0
410 494
4960 1463
8100 2083
5857 0
989 0
7056 0
1289 0
1645 727
9773 0
3588 0
166 255
1049 2575
5502 0
2187 1244
4897 14
3088 1071
3447 0
2964 588
1513 393
9025 0
4362 929
8368 0
3495 0
3341 2003
9212 0
4593 0
4899 0
5068 2522
2107 0
453 1832
3924 2812
7954 0
4454 2922
1060 0
7745 2420
8169 0
7651 1118
9793 0
6674 0
6323 0
8067 0
449 1746
8554 0
7081 0
2154 1065
3044 0
1115 978
8909 1885
5283 0
6875 2834
4679 0
4995 1623
5434 0
6509 0
9848 0
5151 0
3930 336
9936 0
963 2614
3692 2433
3545 0
7091 283
282 0
7339 1625
4463 1537
2857 0
4191 682
5612 1356
9008 0
7484 1584
9661 0
472 0
3761 946
9039 2703
5000 1766
3693 145
3454 455
2858 0
7245 1591
891 0
6058 19
124 1450
9833 0
2818 0
5701 2806
8911 0
1913 0
3584 866
7287 0
2850 2494
9137 1263
490 154
5014 0
1595 0
3077 1141
4186 0
7479 522
629 0
4717 915
2751 0
804 0
6402 32
1890 320
2995 0
5521 1948
9293 2984
823 1178
97 2320
5332 0
8815 715
4926 0
4056 0
6601 0
3825 99
3963 1494
8679 0
5903 1050
1366 2296
4709 2513
4752 0
5771 1493
3712 1888
5202 0
4409 0
8248 0
7454 0
5100 383
1681 2654
1639 0
1190 2346
5440 2072
6206 0
7850 0
2203 1975
4821 0
8784 1009
2968 0
2020 2353
7915 0
8665 454
6942 0
4395 0
3420 0
6278 0
4570 0
3913 0
3873 1603
7537 0
7094 0
5688 0
8210 266
5239 0
1115 0
2536 0
995 0
7902 0
8462 0
3177 0
8280 0
8500 65
9509 0
2957 0
4505 0
3986 696
3386 185
8233 0
6627 1243
6562 1336
3675 546
8631 1217
2106 0
2279 2192
8742 314
6307 0
2261 0
5957 0
6235 0
4 0
1192 505
1224 0
7417 0
6945 339
555 1007
2236 2406
4252 2785
3293 2973
5332 0
5136 701
7559 724
6161 0
976 0
715 0
6637 0
4491 668
8096 0
8226 0
8304 2561
5155 831
7743 0
5195 0
3211 0
7738 1464
2754 0
4990 1056
4371 0
3704 0
2503 2809
443 535
4459 2547
2223 0
3856 0
9300 1934
3830 0
9964 0
2703 0
8225 0
5084 0
4504 0
7899 1790
5550 0
7304 2879
3617 0
4311 0
9978 0
7583 0
5858 969
7877 485
6100 0
4479 0
6735 1548
7118 0
9989 0
291 1546
4693 0
2372 2882
509 0
1288 1142
6699 2778
2109 1306
2330 0
1852 0
1129 0
2615 1098
6872 0
6690 1960
9699 2267
7167 0
6886 1349
1332 1168
4595 698
5406 2426
7738 0
4070 0
4763 765
7414 0
7156 1567
2911 0
7794 0
4651 1249
4034 1866
5519 273
6415 0
7473 0
8329 0
7827 43
7476 2899
8049 2996
5739 2215
6328 2234
5454 2980
8782 0
1486 2418
9273 2451
3051 2756
9819 2227
3262 0
8844 0
3919 2802
142 1792
1198 2747
233 0
6359 0
7213 0
3136 2821
246 0
4695 1416
6507 0
4383 503
5307 687
6795 0
8225 604
7027 2159
6915 0
9875 0
9973 2185
4248 1898
1814 0
3035 1955
8397 2432
7555 279
5791 647
6171 0
7690 2231
7159 0
6648 783
3354 0
9286 2060
1738 1362
2682 0
569 1295
8099 0
2720 2875
199 0
6198 0
7889 0
1229 2621
2036 180
4804 989
2841 0
8466 0
2395 737
1319 0
7707 0
6166 1688
6546 0
6907 712
9801 0
3975 0
9930 0
2243 0
2888 0
2255 2937
9000 0
8276 318
2290 0
6366 1381
3491 1177
2894 0
1344 137
4727 0
5659 0
3772 0
855 1900
448 0
263 2144
4491 0
5701 0
1021 0
8327 2132
226 2983
1322 0
715 2447
8032 0
16 122
636 725
9502 1100
1079 0
8026 0
6706 0
5841 742
8645 2059
9836 251
6994 0
799 2974
1251 2537
9062 113
9176 2803
7551 2039
2532 0
6382 2920
2124 0
417 0
7538 0
264 0
7718 0
8833 0
296 1558
3764 0
1579 0
4397 0
745 2274
4478 447
8332 1800
2478 0
8126 229
739 2099
9993 965
925 0
4261 2249
7425 0
4283 1482
8342 2814
6393 0
4849 11
3395 0
5519 0
8609 510
5457 0
5592 1718
5784 0
1937 745
266 2683
1895 0
9733 450
5098 0
3049 892
9877 0
5962 0
3249 1448
216 2165
1062 0
1791 0
506 0
7034 1224
5448 0
1346 2122
8207 0
4098 0
142 0
4719 0
9504 585
4677 150
8297 1677
9498 1306
515 844
5194 1345
9574 0
9520 0
4291 0
5195 224
2892 273
8927 0
70 1894
7596 2467
2153 998
775 0
648 2372
6175 1205
6217 2833
2023 0
3925 766
3513 1610
2192 0
7366 1079
5549 0
8642 1447
7007 444
1822 0
7884 0
9369 0
6677 0
5058 2476
2775 334
868 0
8448 0
4124 1142
5490 0
7265 624
2978 0
8863 0
5255 0
6266 842
9862 1122
9477 0
4613 0
4896 876
6413 17
978 1824
7023 1312
596 0
723 1757
7827 0
3029 334
19 2997
1573 0
9458 0
864 2757
9663 1333
6229 0
6045 2429
9392 0
1322 600
5625 1240
1389 0
65 2196
4105 82
1131 0
4998 0
4995 1221
5353 1162
2245 1231
6819 0
9593 1666
5995 0
9309 464
994 0
9034 429
5665 0
2283 0
3731 993
1304 778
6903 0
5577 1562
8578 424
5383 0
6326 391
3055 0
1727 248
6457 655
9802 0
1716 0
477 1339
9441 2909
8061 2299
3269 333
676 1604
4994 0
7778 0
7611 0
6836 2917
2253 0
7977 0
1516 315
8927 1599
7276 0
6058 0
6589 412
2899 771
8748 0
3975 0
1523 681
6668 2230
2333 1775
8622 0
6822 0
4125 0
6188 0
2927 2835
4673 1332
4371 0
3155 0
8584 2591
5921 263
7243 2563
3488 0
4020 2679
4857 0
5009 0
9016 0
741 0
610 709
7563 0
4502 0
9144 1491
5045 0
543 890
2497 298
7754 2647
7560 0
8287 0
6628 1318
4309 2508
8050 776
7360 1670
6441 0
4200 2893
1659 0
4828 1431
2546 1082
1805 563
3355 0
9216 1090
4566 0
9938 2236
5698 1963
6715 2674
7282 0
3846 1076
5906 1173
6947 0
2446 1814
9958 0
9561 1722
645 0
641 0
2269 1451
528 2886
8375 613
5949 0
8707 1268
5824 0
7742 0
159 169
4174 0
2464 0
8854 143
9355 1072
7841 277
6218 0
1239 1605
5115 2414
514 0
7681 0
3803 2895
1609 0
3701 0
8600 2101
3572 0
1633 1904
9002 536
1755 0
5125 0
9603 0
1712 0
5914 0
4749 0
2119 0
2129 0
3232 1973
6804 2666
8151 0
1296 0
6752 0
5908 0
389 0
7363 0
8031 0
7836 692
6279 0
213 2074
5250 1507
1036 0
7069 2447
5891 0
7992 2817
3164 0
8311 2083
3128 0
2178 2826
9269 569
5862 0
8179 0
6798 0
4417 843
4478 0
8092 2154
8292 1973
950 0
8014 0
8436 0
6829 2487
6655 641
1661 1690
5059 2589
1808 2983
9755 0
367 0
7741 0
4333 2994
4776 2625
7215 0
2552 0
5152 1344
5893 0
1285 1289
6592 561
3954 0
4641 942
2900 762
9652 2229
8904 0
1593 2635
6289 0
4043 0
2017 0
3575 2972
1664 0
5536 0
2658 0
7176 2484
188 1719
3292 0
6096 1835
9072 0
2607 0
696 80
232 1529
1484 2018
3113 547
3584 0
6977 0
3225 1905
9077 807
3577 0
5919 0
1545 353
7378 530
1837 6
5114 437
8719 0
6522 0
7438 0
8401 0
4637 0
1074 0
4375 0
2717 0
1150 2783
6198 982
9831 0
6489 213
6588 2324
3151 0
9074 1883
676 956
7962 0
9026 2664
6596 0
2681 240
1112 0
2884 1346
117 752
6909 2730
1582 2012
8584 2491
5881 1618
5352 2958
5744 1377
471 0
3024 2955
8653 0
1447 1143
222 2468
128 0
1001 2612
5835 0
9263 700
8413 1348
2727 0
7627 0
4949 2915
1650 1673
1427 2887
7863 2530
7279 2088
6587 2542
2145 0
2393 0
6568 0
7098 201
2102 0
1734 1638
4356 0
1693 0
6506 0
9442 0
230 0
1035 0
7157 2014
9894 2177
3005 2105
2922 2772
6794 195
29 1692
4826 0
2336 2530
875 0
5520 0
8733 1514
4839 1502
5022 144
3116 0
3331 2750
8302 212
8296 1468
1790 0
6289 895
5625 1957
2875 2149
2038 0
622 0
359 0
2742 1649
863 1113
830 2706
645 0
1327 1452
2342 1466
3323 1267
1159 0
374 0
8834 2536
6562 0
9764 1959
8629 0
9415 0
8384 0
4168 2376
1477 0
1750 270
5477 0
6966 0
740 487
4891 0
4313 977
2501 2162
3658 1733
3620 0
3651 316
6692 0
5438 2123
397 2774
6238 1034
4589 0
48 963
4112 0
67 0
2015 0
6444 0
7955 2550
7327 0
4538 0
8510 0
676 0
2136 0
3624 1117
6824 0
836 0
2858 319
9809 121
3425 757
7963 964
6861 1385
1830 0
1690 0
1366 440
7194 0
9857 0
7620 646
7593 0
1937 0
715 0
6890 0
1458 1652
7757 1457
5294 1396
3108 0
7962 741
9557 891
4794 1586
6203 1148
8903 0
5499 0
7868 0
9772 1357
8305 0
9116 0
7785 0
5323 820
6647 0
9699 0
5205 1060
835 0
3595 0
4306 197
9335 0
9848 0
199 0
8424 0
5967 0
5630 2902
5930 0
5561 0
200 225
9930 316
7035 0
5938 0
3064 0
4805 0
1665 1584
1721 1743
9725 0
4372 0
1259 445
7822 122
3053 0
8714 609
4572 971
9385 525
1749 0
5488 782
9349 2839
4963 0
8708 0
6874 0
7645 1573
3302 0
3274 0
301 2247
6982 0
5870 0
6938 484
1537 0
972 0
2334 0
372 0
3529 0
3360 0
2761 1688
808 610
7596 1329
2507 1829
6096 0
5973 0
9709 811
2333 1564
4147 0
7694 759
7423 777
6561 0
8421 0
5533 0
3455 0
749 0
1832 0
8560 2813
6898 344
1244 0
5679 578
8798 1592
728 0
9402 0
3846 0
1987 2386
3865 0
7154 0
3680 0
9240 0
671 0
6995 1069
1146 0
3295 0
7824 2721
103 0
3579 0
4261 0
6094 2674
9737 0
689 0
595 2878
963 0
2688 0
7294 2856
401 0
4317 1181
3108 0
9360 2883
5684 0
3859 0
446 772
3997 0
657 0
8761 0
6342 242
935 2436
7360 0
7686 2069
100 0
5467 79
4583 0
3599 1138
1639 0
7697 0
9560 0
4260 2380
9850 1842
6654 0
4029 1373
8495 2866
2614 0
2417 0
7799 2355
2527 2221
7525 0
4939 2463
5147 2676
6501 2712
4737 1352
227 2697
1208 0
1924 0
8969 305
6070 0
9593 2335
8147 355
3937 1881
3771 0
4823 0
923 1092
6910 0
1405 290
870 0
404 1880
6922 2150
5843 0
7902 2032
9335 0
1463 1577
3064 1429
5639 0
4489 0
6190 0
7087 1784
6551 1294
7533 2968
4503 0
1296 0
1173 2024
3591 868
2687 0
1984 0
4604 0
1064 2321
37 0
7693 0
1395 0
3304 0
5471 1762
6591 2769
5379 0
4639 86
8784 0
5220 0
1180 0
6916 0
8041 0
3041 0
2790 0
6007 704
2050 0
336 0
8479 0
5441 0
5078 0
8146 553
6432 0
902 2404
4586 0
7780 0
2500 2781
3015 1189
7306 0
2577 0
6602 0
747 0
9759 2830
9110 2809
249 2587
7094 0
3367 0
9644 1086
3357 2648
6824 1714
2289 2961
1854 1201
481 2191
9904 20
4056 728
796 0
8183 1836
9967 913
7769 0
5048 637
4839 0
809 2135
2504 1097
2074 2056
4081 727
7899 1869
1439 0
7174 0
5685 742
4862 858
5450 0
8302 2849
64 2464
175 2202
7503 0
2892 253
8350 1765
3771 2293
4980 483
8263 2231
8324 0
4935 2852
4486 2080
9589 2706
4326 0
5841 0
7715 0
9926 1263
9559 126
7929 0
5825 1485
4207 1307
406 0
8597 0
4349 2726
4209 2611
5769 0
6830 0
6072 2839
6204 112
1838 0
5461 2436
4224 0
1343 0
2123 0
1017 2842
6797 2696
1764 0
1849 0
8050 2849
3343 0
2166 623
5361 1486
8288 0
3046 0
7335 2652
6240 0
1110 1284
12 0
3833 1279
7007 1340
5962 0
9367 1282
3288 0
392 236
7851 0
1543 0
8686 1075
8072 0
4112 0
9382 2593
4583 0
5176 2139
8821 258
6065 1687
5755 2484
1009 912
2310 456
5367 1276
330 0
1038 2497
7657 476
6466 0
3189 0
3369 0
237 0
8734 1038
9650 0
377 0
8558 0
6769 2751
9450 0
7941 0
9009 2434
9443 2254
1305 0
9579 0
4816 2946
5062 0
2912 0
301 310
1730 0
922 0
1129 2077
4993 56
519 0
4607 0
1206 722
8126 0
5049 2416
1572 486
2664 0
4196 1441
6612 0
7410 1855
5653 0
2738 696
5380 816
3197 0
1577 0
693 1549
8826 1110
7748 0
3428 2573
9863 0
8697 84
2674 2557
2521 0
2501 1311
1475 0
1038 1355
4884 0
8941 883
286 0
7488 2201
7437 684
8061 0
3373 0
8719 0
77 0
9086 2441
8324 2575
7562 0
4965 2976
8224 2767
247 0
7002 0
9292 0
8967 0
1285 2928
8468 2602
2926 1275
2746 2919
9644 1255
8880 0
4292 0
8060 1016
463 693
3902 1245
3645 2216
3542 2232
6217 0
3749 702
8668 0
1575 1393
4108 1949
5676 0
4779 0
4553 0
8488 0
279 631
4477 0
7267 0
295 2192
3086 0
4880 432
3377 0
5610 0
3629 0
4142 0
7776 1198
4235 0
8505 0
1838 0
9238 0
3346 438
2808 0
1074 93
3509 739
8110 894
5057 0
7337 0
1231 0
3815 0
7515 2471
7787 397
5625 1423
4289 0
6068 0
9302 0
7320 865
8747 0
1273 0
6176 0
4174 0
5644 0
825 0
1840 0
6594 0
2266 0
1616 52
7338 233
4310 0
7985 0
2855 0
9889 0
7929 1862
8941 1790
8597 2213
6590 2442
9225 0
8925 0
7274 0
258 1965
3246 2342
7787 1422
2681 0
1939 615
8538 831
3704 0
232 1611
7410 2350
1204 1833
3702 0
5032 361
8884 0
6425 2471
8954 1652
4135 0
929 0
6112 0
596 1004
8193 0
8102 0
3219 135
8939 2132
8990 1624
7277 0
8184 0
5060 1626
1700 0
9862 393
3483 0
9089 0
990 0
265 1374
2493 0
7772 508
617 0
4436 0
5735 0
8845 1000
4947 317
4117 0
8040 0
267 0
1824 435
6803 1192
3992 0
7161 2261
9353 616
9310 1036
1651 0
8128 0
9009 1244
8280 849
5976 0
9583 255
3279 1748
8826 2235
1258 0
5923 2462
4479 0
3393 1763
4236 926
1556 2100
6268 2536
3568 1578
897 0
5902 0
6059 0
7228 1247
7503 1567
5771 2381
8824 61
5842 2409
9189 0
5343 2398
6853 0
7066 0
1236 0
5414 2348
7660 1259
9050 2408
5238 950
126 1982
4702 548
5564 0
6568 1915
8755 0
5666 961
4021 0
8497 2969
2714 1114
8324 0
531 1690
2517 2865
4278 0
4543 1917
1264 595
478 0
8127 2035
6319 1409
4439 0
4709 227
3440 1277
2566 0
7907 0
257 0
7837 2126
8074 1063
1705 2960
6320 0
1913 0
7067 875
1802 2655
2024 0
4577 507
3790 0
8079 0
4767 1939
5317 1053
9521 2399
1989 0
2341 0
6508 0
9634 288
541 2427
8063 1239
5492 0
9576 0
4924 1435
1682 0
5753 2036
3624 0
4356 0
5748 2311
9751 2949
8955 0
71 0
4246 267
7154 0
2730 0
4095 2559
8679 0
4206 553
8401 754
3871 1647
6682 0
3793 2749
1434 832
422 0
4223 679
1497 2836
4518 0
3960 0
6243 1102
8533 0
615 2142
3756 1329
4991 0
9259 656
8265 0
7734 1962
7713 0
1573 603
6123 269
5143 0
2146 0
4472 0
6732 0
1601 0
1226 1491
6830 0
3537 0
4110 715
3082 930
9339 406
2742 0
5647 0
3270 2869
2617 2682
3239 0
1949 0
3953 0
5408 2260
5668 928
4340 1337
5760 0
2185 0
2299 1942
5220 0
6498 0
9538 0
3025 0
5386 0
4413 0
1641 1655
5698 0
869 0
4421 0
9148 0
836 1811
6442 1200
570 0
5341 0
7529 0
5622 0
2134 0
182 1384
968 2204
1224 0
1558 0
4262 0
5018 307
9361 718
2123 356
651 0
9488 2236
6341 0
2351 0
4496 0
5586 0
9726 0
1919 357
1550 1646
2578 218
89 0
7159 2702
7935 161
5365 1370
2127 0
4681 0
2529 506
6732 0
7510 0
7564 0
2105 564
8568 575
1732 888
9184 0
562 0
44 327
4388 5
4204 401
5423 586
4905 763
3820 759
899 970
7918 0
9701 0
8286 2531
4600 0
3280 2559
8121 834
7915 0
4275 0
3879 2581
8495 480
6249 1583
5181 0
728 0
6216 0
9649 0
5290 1496
3536 354
769 0
2604 2456
3381 0
7990 461
7940 594
8698 929
9920 0
6337 0
9160 753
7444 2246
9723 1408
9119 1889
4228 0
2823 0
6638 0
1672 0
5807 2601
5363 0
4489 0
4903 582
290 938
1449 2213
2809 1660
6804 0
5395 0
5664 0
5633 628
1596 878
3176 0
9738 0
4757 1677
3779 149
3448 1176
3435 0
4134 0
3472 0
3375 1976
7081 0
5468 0
5040 0
1420 2954
3743 1844
1453 714
2887 0
5259 2684
8820 2365
9995 205
942 1497
4140 0
1223 1007
8530 0
9897 0
3148 1492
7801 0
3016 0
1234 0
2625 0
9 0
1016 0
2738 0
2115 0
7213 1722
2886 0
4552 0
9551 189
3482 0
2055 0
4793 0
903 0
9610 0
2034 0
6865 668
5017 0
5795 0
9303 0
2264 0
7031 0
6209 2428
5119 2643
7203 0
3976 90
205 0
8312 0
4979 0
4666 0
8815 1770
2134 2133
7598 1696
1918 2190
5269 0
7774 0
3776 0
778 2256
6651 0
6665 806
1911 0
1400 0
771 343
266 1475
7003 0
1938 0
1932 0
7213 1574
1865 1859
2244 1852
9790 0
3396 74
8173 787
5399 2978
4895 191
3282 0
9399 2923
5764 1918
21 2445
9119 1657
9236 1025
129 2952
409 1154
579 0
7691 0
823 0
3492 0
4249 0
6561 528
3507 0
8862 0
8095 572
6355 852
6881 0
6940 2911
8928 0
4038 0
9946 0
3543 0
9706 0
4334 0
2340 0
9112 810
1816 599
2712 1675
280 0
1753 0
5658 985
5933 0
3120 0
3718 864
6690 2407
2518 2042
6612 0
362 2033
5434 0
1617 2705
4967 0
5578 1586
3540 0
9509 0
6113 1807
1262 0
1298 2438
6465 0
9930 0
6466 0
1847 0
1259 2570
2107 374
9467 0
8512 560
7398 1179
573 678
5764 1212
8563 2525
8574 909
1852 0
6912 923
1133 1922
2609 1740
1432 0
5461 1124
7225 555
671 0
9610 2066
2334 540
7809 1577
8677 421
3526 1876
7959 0
8260 433
1420 77
13 937
4138 1135
6898 0
5782 0
6443 0
2752 2249
7518 0
5116 0
9090 0
9043 0
1016 1252
3703 0
9732 0
1293 0
7841 2959
920 0
7559 0
658 874
71 0
4318 223
8839 0
5831 0
7643 0
2986 0
7571 0
2478 1499
4681 0
1337 0
1751 0
4275 0
8250 0
2097 1673
4767 0
7285 1214
9762 0
7044 0
2303 0
3872 0
2826 1997
1186 2283
6065 0
5044 2218
132 0
1154 0
2128 0
4460 2195
998 1227
9546 30
3708 1634
1748 1789
7587 0
1737 0
9979 906
2036 0
9303 0
2152 0
8165 2081
714 2668
4851 1568
3866 0
6527 0
2931 1189
4351 174
6090 0
1209 2434
1747 114
6741 0
8003 467
6445 2113
346 120
1053 2629
2452 0
134 2176
2661 0
2273 0
3186 0
6725 0
4613 0
2395 1767
8238 269
2805 0
5225 0
4325 0
8933 0
2367 1242
985 278
468 0
7094 2885
6442 2349
4723 0
2218 0
1841 1500
6090 0
5516 0
8685 1165
4475 2947
2420 0
1227 704
4003 0
3418 811
3016 0
6377 0
9327 0
720 2355
1888 199
3466 0
6547 1256
3523 0
1101 0
6488 0
3263 600
2270 0
3398 0
2266 0
809 1261
2429 0
8109 924
8523 2393
3160 0
6889 0
6967 2855
50 1481
3345 968
6009 364
5223 0
7487 0
8961 1786
7303 607
2406 0
5064 1745
7812 0
8856 0
8598 2804
6129 1234
864 490
7406 0
7476 2244
4792 1985
9461 0
369 958
7315 710
5701 197
1926 0
3761 363
8152 2959
3976 0
2218 436
4451 0
702 0
8185 1382
106 1529
5165 182
1848 2675
6165 2590
2868 2621
851 0
3947 1130
619 0
9457 0
2457 0
8480 0
6692 0
1696 0
94 0
5633 3000
1513 0
9709 2461
3217 0
4585 0
7638 0
8518 190
4413 1203
6800 2566
8647 1230
9176 0
3191 1987
924 0
4285 657
7311 0
2623 2084
3798 385
2966 0
3512 0
1635 2631
1152 1484
1046 2353
854 0
4908 0
7110 332
6653 330
411 0
3924 0
5332 0
8284 1176
4428 0
3267 2807
7974 1073
8478 0
6083 0
2909 1576
7585 463
7828 0
3630 0
6874 1581
1044 0
4785 0
3445 2943
8177 0
4500 868
4804 0
5238 2661
1902 0
4255 176
3259 2752
8770 1234
9184 997
9230 0
775 2493
1640 0
943 1908
5237 0
1690 0
3425 931
5920 0
4455 2782
8895 0
1504 0
7697 2344
1300 0
9732 944
292 1667
1849 2515
1986 0
7721 0
4827 2779
8233 103
3703 0
4208 744
9382 1072
5923 859
3399 936
3115 681
4396 2433
3935 1751
2484 2735
3429 0
8768 0
1110 0
804 0
8230 1946
5659 0
1421 0
3189 0
9578 0
8327 2400
9055 2462
4237 2280
3390 504
8918 1630
716 0
4203 530
5802 0
9717 150
3249 0
2747 0
6342 2725
4011 2090
9068 278
4906 1998
143 659
6323 0
3994 0
8980 0
2713 0
9321 858
1237 0
5617 2485
1938 0
8459 0
8031 282
1583 1620
6920 0
8415 1596
33 0
7562 933
6765 2367
3077 0
3280 529
6850 0
3658 1572
4913 0
4459 0
2462 0
7968 2935
9920 2170
2854 0
3943 207
648 0
3508 1360
2206 0
1817 1293
4574 379
7807 0
6657 592
8379 2824
1478 0
426 2380
4514 0
2455 1389
3311 0
6224 0
5826 2628
7100 0
6317 0
164 0
4297 0
547 25
785 2287
2116 2150
5708 0
1436 304
3473 2691
5555 0
7207 0
1287 1156
3121 0
9469 764
395 0
6202 1995
4850 0
3486 0
6454 0
1744 0
7641 2491
3907 0
2469 0
8808 865
9699 206
7718 0
2003 2627
6743 368
648 0
5690 0
8343 1654
2072 0
2077 2637
2794 0
7076 380
7778 0
2499 986
8338 0
4956 0
3602 0
9840 0
5947 0
7573 2227
4454 2411
5529 0
6283 0
9314 0
6851 0
5540 0
6080 543
3288 2030
6673 0
7645 2970
7801 1774
1176 2872
1798 378
8324 0
1083 0
8102 0
8449 1947
3893 2578
2808 2440
8231 1478
8551 0
7404 0
4497 2277
1748 0
9070 0
1714 0
6089 2313
5066 0
256 0
1499 1779
6864 0
3134 0
1730 1241
7766 0
2770 333
4167 0
3117 304
3960 2961
6787 0
2159 2905
860 2430
1872 0
5663 1526
6511 1349
1116 0
6236 87
9748 0
6095 0
9627 703
8796 0
1262 0
952 0
9250 0
8876 0
3436 2194
6440 2921
5842 0
4038 423
3695 916
9965 1525
6012 0
3663 0
5484 972
2598 1707
355 2942
2955 2141
732 186
1422 0
1983 695
4701 1664
1384 0
3264 0
5975 0
6397 1985
2410 0
1980 2016
5977 527
6113 0
394 1692
655 0
4407 0
7111 0
5818 663
5684 0
2720 0
5762 1341
2777 0
7430 0
8266 602
2059 1865
8119 1129
4397 34
741 0
114 778
6816 0
1425 2831
8652 0
2757 584
8447 1273
9634 0
2507 0
6985 1546
7004 0
4041 768
135 544
6462 1857
1025 654
3657 0
1356 1137
3634 1936
6124 2657
5212 1664
8072 458
3478 0
8628 157
7275 1826
9082 1780
6388 2776
8835 2393
6687 0
7830 0
7439 0
2480 204
8542 2496
9588 1708
6438 0
3233 1039
3426 0
5610 0
2362 1358
7535 2164
5516 0
9855 0
5034 0
3451 0
5613 888
2584 0
9105 0
5188 0
1531 1544
4312 0
5271 358
171 0
4152 1257
7682 1927
9837 565
7006 0
4400 2512
9342 0
1681 0
9890 0
8904 0
927 0
635 0
2585 673
9693 0
549 0
8056 0
502 889
8348 1195
6376 0
8334 0
5746 0
48 2611
9967 0
538 622
7901 2623
1186 2308
7211 2264
2825 1965
881 1655
6197 0
4392 2770
2949 237
8903 2105
7078 1223
1125 0
6145 0
6771 1658
4368 2732
2583 0
7029 1536
4490 2243
8759 0
8682 0
3284 1682
3421 0
6613 0
8151 1019
8016 0
9946 0
3143 0
2923 32
7247 0
3058 2967
6121 0
1100 1377
9123 2025
2111 1868
5204 64
9521 0
6150 2675
260 0
9725 0
3755 0
7856 241
9332 2568
4740 2392
3652 0
5894 0
9804 0
5322 1782
6631 0
477 0
4733 0
5751 529
3019 2081
6380 0
182 0
4096 0
5550 2223
9820 532
2448 0
2768 0
7727 1028
2606 0
3491 0
6501 0
31 0
6890 0
3321 1024
4797 407
1559 0
6410 0
6482 1803
2487 0
8200 0
977 476
4010 2914
1860 1326
3622 0
1742 848
3793 654
5525 2203
9664 1891
3555 1459
2891 0
8636 0
358 0
1465 1514
5219 0
9224 0
7922 1319
9861 1132
9542 2014
7217 379
5463 0
2878 0
7909 2004
6131 0
6314 0
5060 796
6314 1013
6895 0
3592 291
9271 0
611 863
8575 0
5316 0
3610 0
7984 0
9872 784
8584 0
4015 0
9956 0
8416 628
3108 0
247 0
1491 0
9720 2644
4926 2431
1433 743
8786 0
4001 0
8912 879
5777 0
9818 0
8409 2748
7847 0
231 0
1587 0
2624 596
3513 2576
4006 0
977 0
1661 0
8835 799
4002 37
5013 0
2720 63
6053 780
5220 0
6419 0
8209 0
9595 0
1268 2613
9106 1132
1339 0
5753 1528
5169 2362
8866 0
6702 299
1594 646
2092 0
321 0
4748 2449
5877 0
1983 0
9344 1164
168 326
7247 2800
532 0
9609 1523
9644 2791
3179 0
3551 1435
6143 0
3373 324
8634 2868
4491 0
1629 0
8785 847
7400 1809
2240 2612
3127 1215
6119 0
5106 1566
7974 0
6020 537
7862 0
9504 0
9163 0
2486 1303
2871 1416
8686 1526
1657 0
4973 0
1112 0
4474 2798
897 0
8714 0
1051 952
8854 1849
7988 0
1647 0
7852 0
4224 592
7488 0
3042 2300
4500 1155
6422 0
9366 0
678 1501
7966 1838
9686 0
4769 545
1626 193
315 2262
2755 0
4790 1021
168 2377
3227 2887
366 123
4165 0
9311 1008
4886 1402
9917 0
4135 2801
847 0
5655 0
5835 1479
8564 0
3798 0
9156 0
6193 0
6402 1697
1597 1
8139 0
8895 1759
361 495
1601 1229
9198 399
4207 2913
6527 244
9613 508
3807 2163
924 0
7037 0
3560 0
5519 2395
2840 0
4868 1148
7844 721
1991 2476
4532 2596
3189 0
9537 0
7320 2679
5284 0
8709 2214
158 47
6799 819
2755 0
8198 2647
8636 0
8933 635
7161 0
5031 0
8572 0
5548 0
6811 0
9650 2377
7467 0
4676 0
7254 2212
8820 189
2898 232
2277 1571
5711 0
2469 0
375 0
4169 1
9908 0
5124 0
3947 0
7911 0
1178 0
1488 2410
6617 1868
5621 0
3557 0
8178 0
3016 1791
1401 258
6432 2762
6111 0
8557 1892
9732 1848
4254 1683
2276 0
112 0
375 341
7819 2186
2753 0
1759 0
5730 2189
9992 2282
8601 0
1622 0
7493 0
7942 0
154 2777
727 0
9450 0
2145 0
2741 0
9943 430
8287 0
3739 0
5426 760
16 245
1485 0
6587 0
2932 2953
8638 0
3096 76
7858 0
1326 0
907 2766
9695 0
3609 390
6089 0
1911 0
3666 167
6339 1875
9334 0
8163 1551
2671 0
400 0
3423 0
5665 1653
6317 0
8501 2216
3384 1184
8203 39
7700 2531
9583 2238
3116 0
3947 2034
9253 1569
8366 0
8621 504
5900 147
450 0
4339 568
6569 2453
8408 0
3803 0
6601 0
4338 1599
9726 0
3170 0
7248 0
2630 0
588 1331
7745 926
1113 1908
5108 0
2167 0
2155 1992
1245 0
2999 943
2657 1077
4413 0
9605 0
5117 0
2589 2153
2918 1424
2792 1276
3036 0
7657 0
5284 0
5256 0
1750 0
8294 0
1622 1643
4627 265
5808 70
4700 0
6102 0
6706 0
8514 115
2960 0
1467 0
189 0
1895 2011
3031 2282
8253 216
7749 517
8746 0
2580 345
8234 2667
7885 1872
9120 300
4883 1446
8101 956
4888 1286
4598 0
5621 0
9473 0
2990 0
6737 1893
5252 0
9280 323
2489 0
1966 0
5421 0
3550 2548
6119 1070
2307 0
5352 0
5445 0
7663 0
9291 1411
6671 1466
8906 543
1570 606
8517 2015
4335 2078
8805 1196
2570 1387
2870 2977
5476 2782
2625 0
8186 1974
3982 1086
3327 0
7198 0
6004 1355
6709 0
4559 0
1661 590
5052 0
7391 0
3316 578
8763 0
219 0
8270 0
680 0
4466 0
2129 0
30 0
4095 1492
2750 0
6475 0
7773 2466
5696 0
2473 507
7192 0
8513 220
9379 762
2932 2148
5088 2312
4947 0
1495 123
3941 2926
6793 2840
2253 0
3720 0
5813 641
735 1971
8052 239
7935 1439
9540 1727
3869 2432
640 0
7979 0
1377 0
9748 2124
3370 0
7615 0
1055 0
4809 0
3840 2096
8923 579
3604 1103
5150 666
7902 689
9606 1085
8863 0
3244 1974
4567 0
5841 1879
4577 0
464 2422
904 959
3421 0
7075 2561
5838 0
8624 48
8421 0
4080 0
9091 815
8753 2299
6535 0
4587 2603
9233 1218
9020 0
3422 0
102 0
510 0
8948 0
6906 0
7406 0
5529 1003
1005 0
9388 0
3560 0
354 0
8580 2762
9892 1629
1813 0
6218 0
4783 0
8186 0
4821 0
9551 1858
6671 2069
7894 2882
8666 0
750 0
4529 0
3261 0
1257 0
254 0
8620 2933
3003 2184
9901 1270
3149 2746
8155 0
7213 0
1608 0
5820 0
1593 1631
2578 1048
4094 0
8044 0
1402 2832
5296 1583
374 0
4714 0
8576 1994
4581 0
7077 2058
9011 2836
4492 0
6831 0
7363 0
5764 611
9444 0
8290 0
6221 337
9106 1418
9149 0
8607 0
6028 2414
7261 407
5095 1209
7974 0
5995 0
5548 2048
2387 468
1596 384
4489 0
8044 2490
6740 23
7058 2108
9448 575
6946 516
4132 0
1600 0
1000 2673
4132 0
6108 0
2382 0
7213 0
6211 747
184 0
6050 0
8570 1224
2794 0
63 2401
8895 0
1565 1296
58 332
8218 388
8032 0
1840 1421
8963 2775
5335 1589
1719 0
9620 0
6662 490
1610 0
4221 0
4699 0
6125 403
5964 1776
1400 0
6244 1741
5666 260
928 2277
4255 1371
5598 405
3434 0
4611 0
4848 0
4770 2201
4387 0
9473 0
5011 0
717 0
3924 922
6337 2076
5202 295
6575 991
2458 562
5362 0
59 321
6739 2528
7974 0
6662 0
7612 0
8288 2421
7814 0
374 0
5103 254
7642 0
3541 839
8619 0
8762 1769
6779 0
2131 0
2842 0
8940 0
4406 0
5790 0
3305 0
9644 2619
3029 0
7136 315
8303 0
7382 0
7671 2435
8092 1672
6200 2102
6088 0
4883 0
1312 2656
6831 841
7210 0
2917 0
1077 0
7935 2900
1863 212
7541 0
3002 0
4033 0
2175 652
376 240
7931 1102
2654 1134
2218 0
4242 2940
1063 75
2245 2577
7238 0
7827 0
8913 781
5101 769
6521 0
6329 2405
7337 0
6243 2356
3661 2876
5098 2798
781 0
8554 0
203 0
4101 0
7016 1105
6878 279
3011 1490
1188 0
515 0
3239 1457
3900 564
6412 0
7063 944
9232 0
5931 2187
7568 849
1825 0
1284 0
9562 1920
135 930
5362 0
832 0
2623 0
9167 0
9667 1874
7315 0
4424 1685
9693 1340
8154 0
5888 976
258 2533
6507 2728
9318 0
4994 0
6508 2850
4999 1931
929 140
3069 0
9396 0
89 1064
4947 2512
9439 0
7935 0
4692 1033
2422 584
3189 0
5441 131
3323 2988
9169 0
8042 2222
348 0
9053 2729
3920 0
7100 0
1088 1530
1015 0
358 0
6610 0
54 2307
6566 0
9945 0
552 0
2431 0
8859 0
4211 0
3768 1104
1238 0
1519 0
6298 0
7020 0
4305 0
3566 0
38 1787
4131 975
668 1001
1625 287
5102 174
1269 92
346 186
4161 38
5312 0
1911 0
7865 0
4101 0
2670 0
4000 47
3303 2713
6868 0
9916 2295
9284 1426
6646 0
1929 360
6126 0
5029 2964
85 732
775 767
649 0
6267 0
557 0
463 0
1776 2079
1059 2998
3798 288
2979 0
5453 0
4096 233
5807 909
9985 0
1920 1231
6911 0
2039 1977
5091 0
5175 346
9531 2063
5854 0
4516 2592
6547 1460
2735 845
3005 1357
8515 0
2763 0
2993 0
6516 2058
290 0
6500 0
2281 0
7386 0
5828 0
63 1265
1624 0
840 804
2477 0
1317 0
2293 1090
6746 2890
4947 0
5117 0
2600 0
5399 870
1676 2877
2515 0
1726 51
6186 1470
5983 1637
1931 0
1687 823
376 0
761 655
9095 0
2177 2165
8306 2878
660 0
2828 2974
997 0
6373 0
3253 0
8429 469
1295 2894
7182 0
3519 678
4688 2685
6916 117
5482 2091
1580 0
3739 2760
8835 0
2775 2087
1303 745
7379 0
4280 0
7061 925
5361 1278
9017 140
1956 1935
2341 0
2938 1993
7093 232
3381 0
7523 101
4500 1575
3505 0
7548 0
3154 0
3398 0
5919 1997
3313 0
4581 0
5639 0
8730 2620
4827 2052
1377 0
7051 0
2380 822
1957 1968
2055 0
8931 1016
9136 2400
5460 0
223 2947
2312 2212
356 527
3028 1911
4070 1702
9858 612
4643 0
3288 0
8470 0
7761 813
2972 0
1677 1167
2961 0
8501 0
8139 920
659 1978
2787 0
2531 1143
5260 0
8329 1966
3915 0
5274 130
8102 0
8332 0
2556 296
7901 2347
5527 1714
8713 1053
3963 1266
6768 0
8166 0
5283 1989
1240 0
1767 1261
2431 0
3026 2448
2478 0
4939 608
2929 0
8746 2827
4998 0
1598 2624
2360 2204
1032 0
2861 1099
4591 1749
6684 598
8608 0
6247 88
2832 0
1966 0
913 0
8747 0
5951 51
3634 2050
3461 0
9106 1220
8687 0
765 2726
3969 2720
7846 1062
6964 0
3337 517
5017 934
5563 0
5996 1916
232 0
6259 0
890 0
7641 0
7276 0
2534 0
7931 1506
9442 0
8869 0
4612 500
2078 0
4757 0
6335 2401
9372 2182
1734 217
227 1473
7514 0
5810 0
8083 1002
7772 2076
4389 2721
5435 1014
952 2225
6429 0
9945 0
4459 2140
788 0
1151 0
4246 350
9629 0
4722 2773
759 1914
6081 159
4425 0
9635 0
4073 0
2339 1924
1068 2936
306 2848
1816 1131
7404 0
5534 0
3303 2360
9671 706
8297 1819
1255 0
5305 0
9226 2568
2765 0
8648 0
5601 0
3525 1373
4886 0
6616 0
991 0
5142 0
8703 0
5408 2250
6930 1797
352 0
5208 0
1471 0
4596 1909
1617 0
7929 0
6857 382
6018 0
1771 0
1100 2050
7053 17
5870 0
9584 0
511 0
3891 1945
4753 1141
4179 486
2568 1419
9832 0
8899 0
2199 0
4341 2032
3347 2337
2140 743
8880 2595
3857 0
9021 1593
670 1220
4082 0
3052 2278
7347 2962
1169 265
7198 2945
3826 2579
1905 0
3692 2186
5819 0
100 0
3588 0
7856 0
6160 0
2887 2457
9684 0
4874 0
9930 0
4529 0
205 2226
1310 2693
6761 1837
4088 0
2481 0
9063 0
6716 0
9299 1298
2218 519
9749 0
3279 0
9406 531
7262 0
4186 0
7304 0
1046 0
117 1009
1844 0
6214 0
4175 2610
8785 2439
6045 803
2603 0
2749 979
5021 1386
8855 2418
1248 0
1408 1109
2107 0
5124 0
739 972
3324 2319
9303 0
5128 0
3958 31
8250 0
7663 0
8675 498
5107 104
164 770
6020 0
1203 0
4173 0
1382 275
2452 0
2637 261
8864 0
5865 2847
7566 2535
4561 1051
3705 0
2174 0
9189 0
1785 0
2798 2663
3600 0
5839 0
9789 2486
8503 659
8451 542
8094 0
5711 0
7159 0
6985 0
3298 803
6190 1062
8697 2981
85 694
12 0
5456 4
1109 0
9369 0
5878 118
9586 0
757 0
6556 0
9626 474
9206 2088
722 290
5475 0
7104 2382
5304 0
8880 0
1839 0
9592 1749
1879 2868
6578 2671
5649 1684
4455 2650
2597 0
1143 0
8227 413
8891 1731
5007 1698
3904 0
9998 0
4835 2477
708 0
6117 0
538 198
5897 0
9702 0
6236 1290
5153 2818
1016 0
3322 78
4986 0
5197 2635
5335 1729
1320 338
7207 1703
2869 0
3453 2700
5996 0
4765 0
9548 983
6350 0
4947 194
6810 0
656 976
2294 0
8059 1283
9054 560
594 0
8836 0
7108 2908
5231 0
9432 1120
1307 1683
6449 398
2075 2510
1581 1344
4572 0
1036 0
8108 917
1017 492
3768 0
6469 0
4177 0
3147 16
5956 0
3244 0
827 801
8499 2931
7693 0
8703 0
4079 0
9354 1253
4809 0
2993 0
8398 2168
1347 0
9036 0
1983 2579
2370 2989
9442 0
5570 0
7621 0
9134 551
1149 1647
708 488
500 2340
9355 1786
3909 1650
8847 0
8315 0
9607 0
855 0
2866 2653
3612 0
7637 0
7447 0
4822 842
4604 0
5582 1302
7285 1592
338 761
9049 830
4456 2659
7501 2459
1433 0
6123 2085
3817 0
4121 0
7710 0
1588 1042
4631 1600
6056 0
435 0
7166 0
9362 2524
7534 2339
6653 0
6281 0
8462 2465
2097 0
5449 1587
3972 0
2573 0
5980 1636
1298 0
5114 2605
1359 0
9023 2226
7687 0
2792 0
310 789
3767 0
8740 1761
6056 0
1515 0
6792 1254
740 0
877 1455
6950 2258
661 0
5979 250
9580 0
6412 0
2276 0
8504 0
8961 2892
5952 1256
9792 0
6448 2245
9316 322
2031 0
3051 0
3448 1476
4899 416
2998 0
6732 0
5650 252
4217 1834
8482 0
9978 0
2261 0
1459 1160
2725 0
3164 0
9085 0
574 0
9222 1674
8740 0
8214 0
2892 2328
2744 2007
6856 0
5097 68
4299 0
207 478
6308 0
2536 0
2269 0
4609 1059
6365 0
6305 0
3564 0
3730 1155
9821 0
2931 0
713 2351
3830 0
7900 0
3192 0
3040 0
2157 370
2008 0
1072 1558
7382 2738
4498 0
8018 0
6449 1469
4793 1371
509 0
6723 0
4294 526
2191 2572
4639 0
1760 0
1584 0
154 49
1607 2907
5690 2095
5643 2739
846 997
3549 2973
5268 0
1565 0
971 915
7345 2518
2929 1442
7408 1941
1807 718
9523 0
504 0
2346 0
6401 1078
4728 700
7403 0
4884 0
1138 0
9827 2198
4261 0
8366 0
6424 0
9884 0
1461 0
811 2903
9396 0
2237 619
7924 0
3513 2763
7339 116
234 0
3698 0
2945 313
4193 0
7829 0
419 1232
8219 0
3693 2136
5213 2419
2934 2164
1214 769
9762 0
3548 2729
4034 0
9701 43
4799 0
5192 2737
3815 2744
1186 0
1397 0
2727 0
6141 54
3180 0
2037 0
3519 1838
8243 0
6507 0
2047 0
3951 0
6714 1667
3304 1633
7760 708
3648 0
306 0
5887 1635
5772 0
4510 0
6345 1795
160 0
9976 0
53 19
4721 1319
6093 0
5853 0
297 2749
9117 0
6801 2916
9500 154
3381 0
8690 1991
9033 1521
954 2426
4592 0
2256 0
6091 262
186 832
6908 0
4346 0
5051 1446
4592 0
6315 0
7054 1728
5863 2754
6496 1710
1222 2555
8047 0
1032 0
3865 411
4036 0
8288 0
8841 0
8891 0
7381 0
6107 741
132 509
8282 1255
112 0
8460 1833
890 1454
9973 408
57 1538
3779 0
1541 2052
7232 1223
1837 2208
1199 0
4370 0
4012 1831
7062 1768
2343 626
4805 0
657 0
9634 0
7379 0
3152 0
9297 0
8911 2002
5067 0
9649 1182
4201 160
2253 0
289 2810
2361 1669
1282 0
4938 0
8733 885
6102 0
4151 0
1341 0
2015 0
6828 367
6214 0
1207 2430
2059 2139
5223 0
5053 303
8963 0
7995 0
1125 1723
3040 571
7076 723
2135 0
8273 2180
2111 0
141 2251
3692 0
4689 0
6905 1116
1200 2115
8127 925
327 716
8943 0
1903 1129
2208 1412
4606 280
7728 1621
7994 688
3630 0
4706 0
1207 0
5945 1396
4332 0
4215 2112
1918 0
4697 2456
6066 2960
6325 2437
9329 1061
1483 798
5272 0
8296 2134
9951 0
6532 0
6017 1821
2689 0
4780 0
8312 0
8263 1228
5401 0
9066 2540
1714 0
5153 995
8623 2181
7096 731
7479 0
5587 0
3364 66
1447 0
5946 0
5403 0
5871 0
985 0
5538 2273
9480 172
9771 120
313 598
895 177
4480 0
659 2317
4955 0
6785 0
4583 2257
9487 0
3002 1004
3934 0
3131 0
9273 0
7644 0
8233 184
9763 1839
4489 402
9734 0
3107 1901
4350 1109
3053 215
4368 0
2947 0
6039 0
207 2649
6493 0
4857 0
4267 0
3196 0
7112 0
3394 2545
8784 621
1097 0
5911 0
7280 1499
2762 0
1977 0
3830 1787
4713 73
5840 36
3150 398
9388 69
1907 1032
3286 2482
8366 2095
1392 1338
2891 1748
9339 204
8217 0
2305 2483
8358 0
3369 165
3839 2811
6257 0
7621 1391
6931 0
9913 1425
9056 2858
2292 0
6766 0
9759 0
7525 0
7786 0
834 0
1452 708
1006 0
8184 1763
6891 2753
1685 0
2035 0
3306 2755
8298 1895
2602 1699
3575 1133
7434 2026
1980 1260
4345 2241
8117 0
7347 2362
1053 0
6239 0
2498 0
5981 0
5773 0
3539 809
3901 1521
1289 0
2657 0
1188 0
2198 1194
529 0
5981 0
4007 2759
5970 0
7959 1324
7170 970
457 1394
7224 2452
4477 1701
6665 1505
689 2730
3808 0
2897 2375
6990 1018
5204 1549
7459 0
9363 0
3004 697
2327 2062
350 0
2898 861
8169 1930
2771 0
4829 2589
5731 0
6960 0
4524 144
4895 0
7527 2481
7380 0
2399 965
2805 0
3069 1433
4435 2891
4308 0
1287 0
9853 0
8697 0
8335 0
336 2517
176 420
4085 0
9831 0
5372 1576
1265 0
1930 1519
3774 351
5744 0
5764 0
5325 0
4504 0
9417 0
1237 318
8642 0
296 2078
196 0
5634 2276
2680 1902
5633 0
6588 0
2259 0
6306 2118
280 1925
3938 2715
2691 0
5515 0
8770 1668
5197 1285
5787 0
4038 0
7933 2694
1924 0
2827 0
6651 897
6752 0
981 0
8351 2172
348 2304
3050 0
9121 0
7897 451
9234 2051
494 0
2473 33
6573 2783
4434 0
4341 0
5779 1010
8820 1241
9469 0
598 2275
7712 0
4762 0
2308 0
1722 0
4062 1438
4737 0
