3000 752
9023 0
4560 0
6455 0
351 439
1034 0
1342 2359
4088 0
1851 0
7417 1751
6024 0
517 823
4445 1360
4058 1063
363 255
3057 1012
6637 1114
3807 1796
9235 0
9640 0
6704 0
3373 984
637 2445
504 1947
7725 0
5045 2270
5896 0
6138 0
5446 0
7638 0
2742 0
3577 473
1822 2415
3046 2590
8001 0
6345 0
9157 0
7828 0
281 1149
2421 1322
71 217
4697 0
8002 0
2230 1294
6090 0
5243 0
7475 0
2773 657
4475 1528
4448 0
9401 0
7356 1574
9022 2975
5497 2861
5391 21
8527 0
1796 0
9372 0
7476 917
1108 2211
5807 0
1009 2353
5336 0
1641 141
3372 2457
5367 0
7377 0
1381 787
8600 0
4192 1526
7016 0
1078 2463
5433 0
7010 0
6795 0
5471 0
2942 2938
1766 1876
2466 467
2947 0
5909 1033
5514 0
3330 267
9696 0
9175 0
5900 2437
7618 0
5868 0
9856 0
3275 0
7453 1411
9356 0
1213 1444
135 166
2702 2401
5796 219
5575 0
3061 811
3991 1261
7077 1769
5378 0
5078 0
4420 0
3531 1442
7817 0
1116 138
353 1887
1697 2708
5137 1216
3345 53
70 885
4963 370
4185 2333
5353 1593
4674 944
2772 1444
7973 2437
7769 0
3926 0
5571 608
9184 0
7690 0
5991 0
207 1452
27 715
2159 0
2522 83
2001 0
9613 0
6585 2854
7182 0
1804 1216
8302 1009
9459 0
7074 0
6362 0
3980 759
9465 0
3350 2886
967 629
8322 2982
6781 0
8968 0
7888 1921
7809 0
4200 840
8156 0
7281 516
164 19
5839 0
6158 0
1246 172
450 1343
6831 592
4097 1086
2200 1072
7530 0
7343 0
1471 0
3963 2169
7713 0
4213 0
7058 0
6225 2342
4699 1526
6690 0
6075 721
2878 0
1302 0
4185 0
7208 0
6312 0
1571 2002
5255 508
2658 489
4157 2673
3104 188
3343 2797
2720 1911
8559 0
542 1226
2969 0
6869 137
6294 0
8500 0
1815 932
3508 2612
418 498
6371 0
5071 2422
4970 0
1931 0
5233 0
3236 0
5617 0
3638 1465
3436 0
845 2718
7844 2185
6357 0
9479 0
1597 2352
3805 461
6636 0
7880 1422
3892 0
2506 1478
5722 1090
8293 0
7936 0
5782 0
6697 0
6976 0
1373 1511
530 70
1691 553
9268 0
3645 918
3447 0
4789 0
3310 511
2811 0
4794 0
6128 0
8283 0
9662 0
150 1538
1349 2070
4274 638
6380 1375
1871 1593
5817 0
7044 0
3156 1039
4235 0
5231 2438
4880 1907
2427 907
9866 0
5305 0
5027 1702
261 1207
2588 2936
8108 0
9428 0
2016 1896
1565 1557
7664 0
2537 2851
9470 0
6441 0
196 2723
1913 1412
6311 1466
5157 0
5868 0
5044 0
2227 1746
9589 0
1280 0
2934 2622
1503 0
9263 0
3565 1099
1559 0
7005 0
4157 0
7673 1269
163 463
4272 774
752 1225
6329 1119
932 55
1459 0
6917 0
9228 0
2203 634
6742 0
7717 1584
5668 496
80 1306
144 897
201 2195
9242 349
1459 2584
4245 0
3146 2967
1725 156
1486 1583
3048 0
3642 0
9030 0
5787 0
2512 1614
919 1126
2241 0
3644 0
9939 0
8026 0
3383 2994
5106 1243
1047 1116
4446 2270
4222 2123
1528 340
1856 1884
9627 0
5082 0
4402 2341
7883 0
4905 0
1334 2360
3028 0
6413 0
6937 0
9946 0
9143 0
7915 0
4183 0
9899 0
832 2333
882 2954
9489 0
6050 1939
3735 941
8653 0
4030 2186
7254 0
8924 1249
4287 2166
7894 0
2333 636
9686 0
4113 0
6985 0
8398 2540
401 1617
8010 199
7012 257
619 269
5098 0
36 193
556 2650
1556 2687
7423 963
6309 0
2407 1037
626 772
1051 1738
1015 1502
484 1342
4648 1953
6256 0
1897 1818
9723 0
8575 0
3763 610
4099 2134
8312 0
5151 0
3038 0
9983 0
5495 0
3957 1865
7549 1764
8638 0
2759 1660
6366 0
9107 0
1015 296
7833 0
3959 366
8608 0
2220 1076
2325 0
3141 2929
2932 0
7115 0
3483 0
1697 61
6550 339
6549 766
6292 0
116 2369
6510 0
8244 0
1419 2233
8581 0
730 2167
8027 339
6136 0
2399 803
4260 0
236 1067
8916 0
9740 0
2514 2711
8817 0
3309 908
8578 0
7105 102
409 1158
3529 0
7734 0
7735 1761
114 1283
7731 0
5348 0
3430 901
876 2641
7743 0
1562 0
7898 0
7551 0
340 2420
8699 0
4829 1774
3226 0
723 403
5753 0
1227 228
1743 559
424 566
7533 0
5793 0
3007 0
6912 0
9684 0
7943 0
1119 1949
3787 615
6375 1579
5160 2950
5055 2730
689 795
247 696
9808 0
7635 0
1959 1933
7810 0
2982 2596
6336 1181
3077 2562
3744 0
6936 1935
4799 243
6521 0
7548 2024
1796 1089
9285 0
8672 0
6125 1671
5749 0
6321 2241
2984 0
6705 0
5931 591
3399 0
7381 213
7940 1998
951 1118
8279 0
6507 571
2320 587
3453 0
672 297
4297 0
9350 0
1831 1190
5897 2046
2711 2097
4607 1129
7058 0
6388 2275
8511 1188
5011 2237
5934 0
7954 2825
2520 2981
4696 996
7833 0
3403 315
1788 290
3515 2345
3545 1842
6420 0
2843 2477
4439 0
1450 0
1645 1233
2926 0
8196 0
1636 334
7284 0
4830 1290
5261 745
425 852
3920 0
5448 0
3895 0
6374 0
83 1272
3175 0
6472 0
2131 2609
5886 0
1688 0
9429 0
4632 1201
2999 2711
8241 0
6462 226
9410 0
8727 0
3829 0
6300 2802
1814 462
9197 0
9894 0
8365 0
2648 0
2688 2629
4732 0
7248 0
9534 0
5407 0
7742 0
1690 2980
9845 0
3166 2308
7460 0
4599 0
6998 0
1100 1608
9014 0
7738 0
3507 0
2919 0
8035 0
6427 0
7663 0
6322 0
5300 454
4356 0
2657 743
9997 0
5801 1117
1890 2832
9271 0
4420 656
3125 0
4000 1274
2712 1404
480 14
3557 156
8357 0
8552 0
4277 0
6990 2153
8488 0
6034 0
1677 2168
9688 0
4015 2750
3681 0
8864 0
6284 0
1660 0
4326 0
1224 2817
9390 2394
8600 0
1536 1762
4952 0
5609 2303
5271 0
6009 0
4906 53
2365 2264
1275 46
9524 0
1257 2428
5847 0
833 2940
8661 0
8260 0
1547 949
116 1358
642 577
4134 275
2032 1861
5403 0
7347 0
5888 0
9501 0
1093 2500
4612 0
7379 0
1594 2895
1672 1752
7423 1633
1310 0
7662 1021
7888 1065
8336 0
8195 0
1821 1925
3712 0
2883 588
125 1488
6506 0
3011 0
8561 0
1725 948
7287 0
6400 0
5102 597
396 1370
7778 999
8071 0
2427 2832
6864 0
3232 2670
5728 2300
5395 0
8577 0
1604 0
2517 2838
2163 673
9478 0
1353 47
982 1853
6773 1270
3383 0
4570 769
6972 0
3556 997
1735 0
4648 2493
3902 2662
8551 0
4630 0
4346 42
9713 0
7778 2234
4097 0
813 33
4305 1858
7065 0
5011 0
8661 0
385 2134
909 2882
362 2829
1812 2524
8625 0
2618 2339
4891 1175
7095 0
3973 0
5398 0
9140 0
7687 0
6778 0
6212 1094
7157 1542
2362 0
9651 0
7119 0
5893 148
8414 0
9046 0
8401 0
6628 2599
617 1221
9873 0
3257 0
5069 1381
7285 127
1581 2158
6503 0
3030 0
8905 0
8426 1698
318 1663
4165 0
2438 635
2528 0
4970 0
2693 2751
611 2282
4245 0
7394 0
2225 0
9256 0
6239 1656
5890 0
712 1549
6977 1053
41 1075
1952 369
7522 0
4561 0
3776 580
726 2442
6539 0
1973 486
6787 0
3163 0
4175 0
757 1271
4639 1775
8882 0
6793 0
6954 0
2516 1300
7187 336
8442 0
9468 0
1747 0
1624 721
540 124
7820 2275
5205 0
2017 2177
1760 0
7786 0
3179 1136
9255 0
7679 1714
9097 0
7494 0
8952 0
7243 0
1830 2391
8142 0
3270 0
9767 0
7414 0
4659 0
2477 1483
8026 0
3496 1371
5306 261
560 625
6612 0
8181 0
4436 915
367 2450
5256 2029
957 1067
4987 0
8780 0
2010 2297
3311 181
7211 0
7973 0
7937 1872
6534 2311
5760 0
7866 957
7589 0
1721 0
2178 1236
550 574
3933 0
8623 0
848 706
5209 0
6207 884
3623 292
8748 383
3044 0
8874 0
6304 0
9563 0
710 236
8810 2163
8458 0
3061 930
4734 1111
1173 2843
8705 1692
9443 0
3792 0
2588 2739
3374 587
4318 0
5099 482
521 0
8607 2504
9732 0
1983 968
5114 0
4982 0
3930 2717
8925 0
4297 0
5349 1601
1687 0
1478 2250
8925 0
6232 0
8739 0
4182 0
7369 0
910 538
9250 0
4376 0
1226 2480
6395 0
153 1673
8798 0
2449 986
6101 117
3403 0
9831 0
9526 0
8365 0
5960 2783
4342 741
3597 1068
4919 1508
3707 0
7340 0
3394 1550
8744 0
8024 0
523 89
4894 2230
3247 0
7809 0
2985 0
2446 470
5021 0
9627 0
3 428
702 834
356 2033
141 2197
6108 645
3725 0
7831 0
2115 1615
62 306
2446 2232
9795 0
3585 253
6197 16
2189 2161
5995 0
4571 0
1715 0
7331 0
8605 0
136 2222
9110 0
794 2544
7039 0
9416 0
369 170
4498 0
833 2810
3760 0
1276 2825
5939 0
971 1761
1820 1382
1888 2026
6062 107
1006 0
8399 705
1360 2985
9762 0
5176 0
1542 2153
114 2066
2468 0
329 2892
1722 2159
7916 2375
1240 1607
5872 665
6535 956
1072 924
4221 0
322 1603
9685 0
1857 131
2322 1470
9233 0
8818 0
1323 662
9116 0
1319 2109
5947 0
4660 0
3595 1749
5656 0
7128 0
3214 2717
3675 1184
638 1875
9647 0
3464 0
7855 0
7410 808
5722 403
4876 0
7447 0
2220 664
4489 2500
9002 0
7355 2966
4355 1968
5120 0
7613 0
1102 1412
5435 0
8886 0
3245 2653
9170 0
4683 0
4516 2029
4382 2835
3518 765
621 2785
9913 0
3233 2340
2165 2204
3755 0
8351 0
8287 2796
6557 0
7928 0
4267 0
1129 2364
3650 0
3368 0
749 1860
2205 0
6870 0
1917 2633
5519 0
7445 1551
7869 0
6284 0
5994 0
6442 0
8991 0
2604 0
5285 2974
7251 0
1741 0
1039 2470
562 2606
5194 2794
5935 1913
2831 1377
5777 2118
6213 0
3867 734
5668 2404
261 2742
948 129
7706 0
4534 1905
1040 0
1598 0
9527 0
3754 0
4856 773
4467 1685
8783 0
793 990
5997 2647
5661 816
2359 2896
8148 0
3457 0
5667 0
3761 0
2005 1469
2860 0
3446 0
1415 0
2965 0
2517 1291
6144 0
4925 0
6889 1792
3250 0
9488 609
7767 0
7583 0
6040 0
795 0
5 905
3500 1722
3296 2834
4962 24
1757 0
723 0
3662 1752
1476 1853
5702 465
5020 0
9380 0
2267 729
4990 1578
7034 405
8477 0
6200 0
3301 1311
382 313
5429 0
2456 1211
3033 84
9508 0
5605 220
3603 2081
9693 0
9237 0
9678 0
5040 775
629 361
4827 1489
9812 0
7021 0
2401 820
5975 0
5465 0
4757 647
7875 0
2695 0
9527 0
1240 0
1721 1284
1121 2066
4600 0
4548 2208
8000 0
455 1911
779 2778
4168 0
5275 1849
7540 0
3835 0
9028 0
6506 0
1762 2619
8278 0
8825 0
7799 2015
5346 0
7829 2100
2549 2778
7889 0
9739 0
2665 1567
5909 1426
8272 0
3822 0
5986 2654
7826 1328
1211 316
4824 229
2673 0
4427 1753
8540 1555
4725 106
1003 789
4502 402
6949 0
9821 0
9054 0
7395 2667
729 2239
9479 0
9628 0
9273 0
4996 1468
2798 2591
1552 1509
2408 809
500 2503
5560 2004
7081 0
8886 0
7679 0
5107 348
5308 2284
2939 2157
1828 582
4442 1771
4129 0
5101 2546
6604 0
8810 0
8749 0
6944 917
6198 2086
6642 1446
6217 542
9235 1706
483 1915
7470 0
5724 0
8821 0
1701 0
2860 166
8534 0
7648 1330
7454 0
7294 0
4265 0
5810 0
4180 0
8272 0
352 1141
7119 0
662 326
8875 0
1478 0
4474 666
2115 2643
6292 0
737 2250
7748 933
9332 0
4675 1302
7414 1324
3098 72
2725 815
1736 1976
8510 0
9068 0
4273 0
4719 0
9764 0
1353 1969
4399 2812
4227 1637
2882 1004
2030 1975
5065 0
1554 2731
8192 114
5854 0
1467 2768
6532 0
1472 2510
6356 0
4267 779
8737 869
3117 1674
1817 2904
999 0
9022 0
7384 0
8298 526
47 826
5535 0
8255 0
8097 0
5924 1337
4511 0
6633 0
2353 178
9761 0
7683 0
7999 1831
871 1235
8255 0
4822 0
6646 2272
2042 147
2985 2545
1302 303
6560 0
1522 1059
1041 2891
9894 0
7317 0
7851 1550
8833 0
5337 0
5972 0
9302 0
9343 0
6463 1571
6079 0
9279 0
6202 0
1964 2648
5288 0
8098 0
1114 2989
3791 1639
1276 2255
6505 0
1355 476
9831 0
3275 0
8760 1133
8930 0
9674 0
5927 0
3087 378
5789 45
8988 0
6642 0
5102 1013
6060 0
8799 0
4640 0
3621 1503
8420 0
3349 218
6176 0
8314 0
6366 584
2984 1856
4320 196
3935 2556
7172 849
4480 0
1878 1700
1156 2638
5763 2676
5853 0
3178 1666
6667 1416
3717 190
2692 1869
6493 0
5083 0
6265 0
4802 256
9461 0
8497 0
5538 0
218 2960
4719 2621
6590 991
8613 0
9113 0
9582 0
4142 1098
7956 0
2663 2944
217 684
9662 0
9564 0
2010 2439
8466 0
4810 2513
6753 283
1346 1823
9109 0
8029 0
1170 658
2862 231
6144 0
2818 1678
8743 2694
4282 0
5230 0
3996 0
3716 2842
2486 401
6025 0
4491 544
3407 0
6142 1846
2467 2901
2235 904
6317 0
4348 557
862 362
6810 1190
9496 0
2629 0
6788 2820
7382 0
3030 502
6223 0
1604 207
5544 1515
3771 0
8999 0
1046 1088
4140 534
7462 0
3288 0
9984 0
6701 123
9829 0
1973 1320
980 2624
3716 2459
3667 2574
8084 0
42 1132
5545 0
9247 0
2645 0
3868 2462
6573 0
1416 1164
358 2674
2004 2556
9947 0
6057 0
430 2902
2803 0
4956 0
5239 2961
2771 274
6113 0
1362 0
6001 2424
3939 1391
2228 1869
832 959
6450 1547
7699 0
5397 0
462 2721
9403 0
1888 2596
7789 1980
6049 290
8261 0
7113 0
3125 0
7929 1876
4651 2179
9389 0
8855 0
8228 0
4954 1421
8350 0
307 2947
1095 1608
85 1502
9513 0
4720 0
3310 1357
1912 0
8812 0
7224 0
6328 1634
2294 1760
7637 1419
4179 2251
2131 1482
3627 392
6293 1969
9913 0
9832 0
8485 0
226 2115
369 1305
8006 0
4719 2164
1020 828
3932 455
1296 741
1168 1966
6562 0
1837 1885
6670 1260
1431 2957
4945 1101
8303 2084
9935 0
1432 2058
2707 1677
9313 0
9704 0
8893 0
6130 0
8196 0
1304 1906
6670 0
1819 249
5267 2016
4820 2818
9495 0
3358 2909
4485 56
3429 2875
5123 86
8551 0
4335 0
8655 0
7954 0
8164 0
1020 881
6971 1946
1420 1604
7255 0
2850 1987
6840 715
1810 2772
5731 0
8504 1800
161 1580
9110 0
8557 0
9919 0
572 2927
5552 0
7359 0
8252 0
2239 767
7826 0
1698 2630
3922 1087
502 1548
5441 1264
5476 1525
3563 1297
58 2099
715 0
9906 0
5336 2579
9081 0
2129 2388
2446 2815
848 793
6923 1925
7283 0
3500 1676
5689 2050
5550 0
9574 0
4974 545
9317 0
723 2402
2757 0
6858 71
9486 0
9476 0
6156 2085
9492 0
9592 0
1723 293
7974 0
4629 0
6908 2124
5200 0
8174 0
2750 168
9478 0
7778 0
1849 0
769 2035
4045 11
7210 0
3379 2991
7810 0
9361 0
8534 0
1947 2531
421 1055
3327 1961
1691 1971
6519 0
1734 1797
7159 0
5899 0
7819 0
1892 116
6039 0
5648 1232
4564 2315
1449 1957
9809 0
1814 1928
4960 2905
2348 0
8355 0
3929 0
5172 0
6334 1843
441 1392
4912 0
8598 0
5863 0
5473 0
4587 386
4153 0
403 456
3141 887
3767 0
4447 950
2235 1250
7677 0
3573 2131
572 2377
9548 0
9698 0
4584 0
7887 2433
3614 1006
2629 916
823 1867
4201 0
650 266
2772 1622
3187 183
7480 0
1391 1079
6068 0
3737 2082
9108 0
6467 0
9592 0
9637 0
940 1229
4314 2747
3582 0
793 1367
6700 676
6975 0
2075 1191
9276 0
7562 0
7513 0
3398 1305
5880 784
6039 821
2353 1734
108 2288
2748 0
6299 408
500 1609
5824 0
8600 0
8142 0
9256 0
8959 0
4949 187
6178 2990
3211 515
9027 0
1580 0
4992 2699
7180 0
1594 1883
4365 0
4585 2167
5270 0
592 2602
7563 0
2793 2938
9035 0
4739 842
4420 573
2417 2913
2903 2159
3664 509
1615 0
3038 951
7224 1834
5628 0
786 669
1949 331
7133 0
2003 778
664 506
4853 209
4712 2447
8851 0
5443 0
9533 0
9052 0
6982 1580
615 0
6660 0
3883 1408
9084 0
2996 0
1685 2392
2338 2101
9650 0
8906 0
402 351
8690 0
6610 0
7172 0
3229 2433
5783 2965
6946 762
2899 1501
4465 879
8494 0
7144 0
9075 0
298 2908
627 1690
9061 2757
6823 0
3227 0
505 1915
2275 1296
7036 0
1556 1709
6679 0
3618 0
4520 2090
4162 0
6386 250
5632 2291
1802 110
3234 2462
4721 0
178 624
6074 0
8694 982
7 15
9684 0
8910 0
3889 2018
2959 0
9716 0
7261 0
8111 0
6958 1235
913 2102
8462 2519
8040 0
2560 1536
8421 0
7265 0
4301 0
1434 1364
1762 556
4096 2125
8159 2807
8071 0
4635 2290
5911 1390
144 352
6311 2655
2789 1366
4389 2644
4204 0
2518 2657
5052 2309
9154 2502
1816 1075
1377 912
4998 872
4878 0
1234 829
2391 1887
6982 1113
8943 0
4730 32
5265 825
3280 0
85 2151
9766 1857
4368 0
8622 0
4020 0
2564 2407
5933 0
5744 0
4010 0
4586 0
81 161
9313 0
80 1826
7660 0
3716 222
9397 0
5469 88
591 442
1089 0
2958 0
4351 0
1118 2661
2511 2094
5133 2496
7768 2956
4032 0
9336 0
4108 0
9108 0
5755 0
8054 0
4617 0
9536 0
9705 0
8020 0
4449 0
1243 1676
3099 622
6583 256
2399 919
4018 1071
7442 0
7169 0
2532 2334
7937 1833
5070 0
3499 2743
53 2634
3471 2449
5278 26
8314 0
1293 2082
6425 2166
1689 1383
3355 0
5940 1622
2624 1326
1976 2594
1933 2527
7664 0
2213 0
849 1585
5861 0
469 1680
611 2382
3515 280
1397 2053
5016 0
2933 0
7468 0
6550 0
415 1394
4437 1561
9213 0
9016 0
3577 0
8255 0
8014 0
1547 2839
1081 2038
3330 352
3898 2047
3285 0
3765 2569
6465 0
67 1587
3281 0
2449 902
2619 2767
1653 75
280 1803
7076 0
5615 0
3855 0
6844 0
1287 736
6832 0
4530 0
9958 0
3803 726
553 2830
2364 0
5042 0
9430 0
3895 1389
8843 0
7526 0
566 2383
5280 2268
132 2193
6552 0
7526 0
6297 2952
9449 0
2766 1854
6239 0
9676 0
8913 0
1130 2197
8002 0
8201 0
9866 0
3462 0
4028 2328
3000 157
7144 0
5319 0
3027 0
4365 1030
4398 904
9273 183
281 2403
8364 20
4355 1884
8753 0
4029 2492
4518 0
7958 0
9589 0
9336 0
7676 2481
8851 0
2156 83
3821 0
7820 0
3063 1703
1891 971
2276 0
7926 0
9681 0
8032 1710
2725 0
826 2318
4338 0
69 689
9732 0
1264 754
5025 2706
3183 1225
2289 2703
8495 0
8546 0
2425 2518
1351 2746
732 1963
4819 604
7628 0
8090 0
5402 1079
2819 0
5694 0
1926 0
8017 0
4142 0
342 845
755 1769
4796 813
2504 426
2573 2107
6532 0
7903 0
1269 1808
5659 0
5945 302
9846 0
8333 0
8428 0
9614 0
2074 1348
2758 2550
8708 0
6272 2378
7510 0
3739 533
3640 449
3682 1751
1051 750
5442 1623
2867 360
124 614
783 0
1685 472
7777 0
7480 0
8922 0
7412 0
6514 0
2222 1245
9185 1308
8416 1725
6029 428
4327 2006
6429 0
5485 0
1807 251
6295 0
1525 1507
7178 1854
1409 1601
8273 0
914 2348
3210 1178
2537 1848
9250 0
3755 2879
1378 1132
1684 1397
4864 1646
1435 2766
3047 891
7668 0
958 2695
4384 0
229 1479
7277 0
3378 0
7271 893
4289 2603
2754 2773
9666 0
1839 0
901 2636
9605 0
3408 0
1113 800
2956 212
5174 0
6008 120
729 381
5372 768
887 2844
5559 0
9696 0
1324 1032
7638 0
2409 712
4360 1350
4696 110
8152 0
9564 0
5979 0
1297 960
2451 2533
6937 0
85 2554
9557 0
5295 0
4478 0
598 1217
7960 0
4421 1015
9846 0
9829 0
3990 388
4724 0
2194 225
3832 0
6936 208
7026 0
6291 0
9440 0
5303 1425
7652 0
468 920
9628 0
2258 2255
9421 1906
4477 1004
34 2287
7689 0
4403 44
7255 0
6958 0
2237 390
7648 0
3474 0
5938 0
5189 0
4145 2072
937 125
7526 0
2707 1923
7104 0
8263 923
8521 0
3561 0
5892 865
6504 0
9648 0
4586 0
762 2352
6170 0
1829 441
3042 637
2972 1073
5776 0
2833 0
627 332
6057 1476
7313 0
2007 0
9226 0
2851 2077
7952 0
775 1082
9359 0
5381 2095
7493 0
9616 0
6504 0
2619 880
2801 2071
4263 221
8765 0
2233 2668
3173 0
1464 1140
2215 2940
5660 2762
4264 1696
9332 0
8561 0
2527 0
5782 2722
3961 2824
3692 1855
5663 2751
4029 862
9961 0
6545 0
3946 1633
9825 0
6968 0
549 2827
654 297
2706 2654
5559 0
9653 0
3364 2997
6908 0
7558 0
1302 2366
3034 1425
699 2993
9504 0
7190 0
6958 0
8997 0
2056 2661
2071 0
3878 0
5096 0
1855 271
6737 0
5194 2846
9410 0
9615 0
5187 0
1388 368
2641 0
8998 0
2508 1272
2508 1828
609 64
3353 415
3957 2740
7229 238
9911 0
3720 1287
7506 2946
3975 0
2713 1038
2004 2881
5362 0
7216 0
6426 753
2372 0
9261 0
5548 310
9905 0
1007 2151
2802 0
4494 86
7539 0
1611 2670
9851 0
7387 0
4597 1999
5047 2056
5893 1679
2144 1143
3962 0
7557 0
9224 0
8876 0
1844 0
6443 0
8206 0
81 430
9350 0
4802 0
9626 0
2630 0
376 1795
8618 0
1322 1448
2352 495
1822 2555
8773 0
6914 0
5525 2160
7625 0
2261 848
3012 2974
1877 2770
7191 2238
5614 0
1310 2409
2029 1036
5862 0
784 2339
6554 0
7042 2486
1013 1052
8793 0
1912 0
6333 0
8350 0
7393 374
2877 309
5830 0
7740 0
5951 2722
4132 1275
1085 391
6115 2349
5898 0
3530 281
9552 0
7890 0
6492 1406
2642 2408
219 411
1279 2149
8451 1990
8471 989
2845 260
4494 1536
3706 0
3615 0
3538 0
6773 0
6975 0
3328 0
2000 1378
1781 1246
1403 859
2864 2972
8500 1519
4991 0
5613 0
6854 0
8212 0
5318 475
5382 0
1564 2415
4153 1514
2839 0
2733 0
7290 0
3537 0
7854 0
8725 0
4132 0
2136 846
6016 0
8936 0
7972 2063
7406 0
6602 0
6592 0
5899 0
4669 0
9121 0
7528 0
2490 1815
7169 0
8837 0
6373 0
6419 1564
4943 806
1170 2719
777 2903
2683 393
3935 0
4867 1303
8636 0
4271 0
9448 424
890 2969
7260 0
6556 0
8976 0
6010 0
3449 2
1413 496
1654 1985
835 0
1778 1507
1388 876
1986 2211
4858 2064
5097 719
5417 1085
1219 2470
695 367
5360 0
5907 0
526 479
6915 0
5206 0
2933 0
7048 1551
7499 0
5034 0
5485 0
2353 10
3522 0
528 1228
4412 0
5984 0
7784 0
7046 0
8586 0
3791 0
5683 2423
4440 2165
5022 0
2147 477
9333 0
4107 0
9293 0
3485 334
8971 0
4476 330
1626 1176
5374 0
1078 2609
6094 0
5442 2013
202 2229
1947 2345
2172 1384
6503 261
7958 2007
4421 899
9487 0
4129 0
116 2623
3454 1636
2123 2570
4038 1648
5009 16
1885 1713
9839 0
3415 0
6134 2005
2918 1069
7931 2210
3292 136
4769 1386
5609 0
1508 1304
7985 0
1985 1713
3108 416
5271 2182
8621 2287
4807 1428
9653 0
9138 0
1767 1747
2512 1040
3248 1146
9967 0
5620 0
8121 0
6156 0
9878 0
7437 0
584 624
5506 1999
9320 0
5298 2048
3271 2265
5036 0
7346 0
7719 0
1440 2366
5519 2620
5139 556
9753 0
1356 2910
7876 0
544 1859
6312 0
939 2319
4048 0
5198 0
4941 0
7443 0
6999 0
3399 1812
4450 2413
2243 968
6051 0
7247 0
5609 0
7164 2868
6028 0
3207 0
1549 641
5605 2128
3872 0
8209 0
8831 0
99 1518
8756 0
4788 2093
988 564
4745 0
3103 0
194 1246
6046 0
3364 0
5295 0
7442 0
9205 0
4397 0
1632 0
7720 0
2818 2799
5393 0
1249 993
3702 1972
6057 0
6504 2003
2453 0
1672 2889
5369 0
1609 722
4476 0
4272 0
6391 0
6567 862
5082 2034
1787 0
3781 1000
4903 2943
9003 0
6688 2873
2078 1849
9513 0
4530 646
3409 0
5382 2116
70 1733
6543 1481
2527 2949
6274 0
2733 2039
942 2307
1190 2336
6109 0
2382 2650
1202 1898
1064 2580
2478 1575
2840 2215
7689 1523
8110 0
9618 0
154 1247
8722 0
2706 1355
5215 407
9008 0
3320 1020
3464 0
4021 0
4739 1795
7930 0
4428 0
2922 699
8330 0
6158 0
4434 749
7175 0
7214 0
7682 0
8709 58
8652 0
1690 1259
9687 0
1462 2735
139 2416
1613 0
4147 2524
1703 2418
5513 2611
8203 0
8078 0
2588 40
5623 0
8395 0
4850 0
1197 1431
4841 0
6302 1031
3790 2605
832 2562
2151 1337
4611 2360
4633 478
5461 1510
9381 0
6952 2321
2332 2745
1175 1872
1462 0
5027 1592
1922 389
9693 0
1990 0
771 1654
7891 543
2076 0
2084 2601
3710 2067
7719 0
952 288
7938 2771
67 2750
9564 0
7818 0
1114 1845
3705 788
3147 1892
6343 2104
5758 0
4574 1668
3615 844
1623 101
9781 1652
1290 701
5203 400
622 2677
1417 2567
1405 491
8624 0
1003 2909
6262 0
7681 0
3190 0
9219 0
886 1368
7498 0
1180 476
1165 128
740 850
6568 0
5669 1401
5550 0
6528 364
4830 0
3033 0
2630 425
9283 0
85 1173
394 0
4144 0
8623 0
4281 1209
5466 0
9212 0
2717 1953
3672 0
2034 938
2715 0
1103 659
3692 2138
7452 0
6821 0
893 109
1511 2154
4988 1179
1894 1700
8920 0
4505 1986
9956 0
7574 0
2162 419
3659 1718
9086 0
2594 2961
7024 1173
8226 0
1388 66
8972 0
1361 1959
694 292
7410 0
3665 0
130 0
6006 0
2416 623
5839 0
1640 1830
5189 2975
919 717
5744 2320
8560 0
7075 0
984 1740
9201 0
4437 2138
7313 0
4398 0
6615 0
2238 1259
7266 0
5887 2816
3520 2589
9708 0
5296 0
3051 1142
6455 0
1731 2100
4258 2632
4212 0
9453 0
5206 1719
6451 0
7869 0
6539 0
1318 272
7377 1903
7167 0
8411 0
7368 302
1812 0
9675 0
5592 343
9728 0
3205 0
5594 0
2664 2098
6278 2598
2326 0
5211 1919
5835 341
1679 974
3161 216
4674 92
2489 0
7926 926
7766 2924
6164 0
9028 0
8461 0
9251 0
6457 2406
8991 2446
571 541
7902 0
1020 2585
2619 1927
9776 0
6436 2934
7404 0
9116 0
5655 2532
9995 0
5166 891
5892 0
6268 0
509 852
2321 358
1098 2527
5283 0
8544 0
5234 0
371 886
2445 1062
7308 0
4430 1584
8205 0
7835 0
1543 2077
9211 2065
4146 851
4564 2736
4281 1681
7856 0
6385 1555
8237 2781
8752 1317
4325 0
2035 1
3466 1409
5330 2398
4386 935
8126 0
9493 0
4989 458
7134 0
6898 1541
3198 193
7599 0
814 1156
8662 0
429 727
4577 1002
9863 0
5968 0
4328 1500
5508 2987
1243 1605
3205 2645
3657 508
5871 233
6241 568
8322 0
2914 0
5114 1218
991 2006
3582 252
9924 0
6228 0
6186 2087
6271 0
7006 0
5390 0
1006 2631
3684 218
2258 0
578 0
672 1665
5089 0
6631 1313
2459 964
9869 0
2263 443
6747 1065
6514 0
2312 0
5106 0
4284 37
4971 0
1111 752
8953 0
2093 1572
1780 0
1851 2394
5797 2317
8296 0
7276 1111
2286 995
7270 0
4750 186
5512 0
4427 2010
1666 2294
3348 674
3872 0
9138 0
9238 0
3928 0
7655 0
6068 1570
8739 0
6952 0
7694 0
1755 2095
268 2944
3924 2988
3486 0
158 420
3707 1781
5962 1619
9361 0
9447 0
2154 1591
8857 0
7793 0
9933 0
2825 2199
4472 0
3509 2143
9748 0
4909 204
9517 0
1623 2608
5715 1298
7697 2162
9611 0
4422 1313
7455 0
1729 2600
4753 0
334 2973
7562 0
9760 0
4118 2399
5428 0
2564 1980
4555 2733
4975 0
3266 2646
1572 2435
2338 518
8192 0
1431 298
2073 2657
1028 2431
376 894
6662 0
9004 0
2623 0
5493 0
1136 1169
1351 366
8762 0
4925 1586
6603 0
6433 0
9352 0
8704 0
3909 2748
2712 2848
1096 1433
4043 1559
5475 0
1835 2761
7177 0
6903 0
3202 0
3786 1135
8535 1434
7449 165
8950 0
9293 0
364 488
4717 0
7536 1476
2729 1071
1228 2595
7333 0
7013 2763
8320 0
9216 0
3200 2598
455 1984
8019 0
8211 0
14 1357
7150 0
107 2178
1786 596
8699 365
6698 0
5177 650
4181 2000
4734 0
1445 2718
8202 0
9698 250
2470 2200
5186 503
1333 671
1247 2561
8093 2789
4206 2891
3228 2487
716 1276
615 68
1439 1154
7551 0
1128 2037
3196 0
8333 2984
4247 222
6305 1926
1689 2362
4097 0
9860 0
3989 1820
2101 2838
8074 0
1791 0
8747 0
7414 0
9473 0
3784 0
5861 1326
1876 0
6704 0
1767 1814
1784 139
7273 0
6410 2967
7469 0
9342 0
9513 0
1363 1599
1349 2814
4582 2506
8171 0
6987 460
9407 940
7351 1470
7465 0
4342 0
5412 0
1221 1151
4674 2640
445 589
6031 2311
4114 2050
7393 2753
1930 1452
5861 961
9641 0
1192 36
2290 490
5629 0
4819 1325
7920 0
5777 0
1637 628
3017 2557
9468 0
9210 1282
1882 0
7392 0
4791 12
7534 0
8447 0
6535 0
4693 1210
3893 1843
1585 461
5563 0
9892 0
6794 0
260 1472
167 709
7853 2738
6940 0
6749 2563
4498 0
8732 2849
3622 780
3385 910
5898 1122
5123 1422
9267 0
9741 0
6449 0
4112 0
8252 0
8223 0
3644 600
3632 0
9877 0
7744 2145
5867 0
5866 25
8398 0
7426 1798
4476 2379
9003 0
5813 0
3430 51
3261 2456
227 2604
5172 552
6851 0
5417 738
2964 1238
1825 0
5758 2008
7382 0
6706 0
7098 0
9009 0
1077 2293
1846 0
940 658
2445 1912
3207 0
3523 1454
6623 886
2555 1237
3372 1416
2769 0
8773 0
8788 0
2829 2646
6713 1979
1235 2443
9587 2155
9145 0
3872 2626
8953 0
9033 0
291 1794
3840 0
827 2465
9327 0
3634 0
9239 0
2473 776
3336 1140
3844 273
5123 1948
5346 763
6025 0
5910 0
5655 0
1870 2176
6229 0
6609 2916
3926 1277
3202 264
1763 895
7827 0
3528 598
4515 2652
1691 0
2388 2225
829 1530
6753 0
8515 2370
5865 0
3405 2427
8942 0
6903 0
6533 0
9132 0
7608 0
9200 0
1731 0
2019 2741
9136 0
235 2447
8790 0
9499 0
1930 2306
4768 2021
2526 1254
1655 0
4339 1322
5834 1498
1475 1144
3215 0
5400 0
2911 2791
8374 2617
239 257
514 1333
3115 1165
896 1103
720 0
6924 1644
5090 1662
1611 494
875 2519
5474 0
1082 1779
1581 0
2299 0
9657 0
1454 530
6456 500
3465 0
9403 0
851 495
9160 0
1455 0
441 249
908 122
9088 0
8188 0
217 409
2697 221
4393 0
8792 0
627 0
5342 0
6714 0
7766 2164
2199 0
2655 0
1278 0
947 687
6101 0
5782 0
1011 134
799 1812
5945 0
8273 0
1191 1215
4096 2787
4606 0
188 905
1420 608
9097 0
1366 474
935 2410
2511 267
2582 99
1704 1423
520 2883
6668 273
3911 2935
463 2914
5371 0
8221 0
7909 0
2061 0
5304 0
865 1597
8134 0
578 1804
8737 0
3217 1924
1395 2516
8095 0
4479 1017
4747 0
3142 13
923 1590
9172 0
5503 946
1179 1991
66 2341
830 0
4520 0
404 799
5406 0
7446 0
2739 2584
5695 0
3659 882
2001 1010
4377 0
7674 0
4752 1372
9192 0
583 2031
9307 0
7626 1686
1268 2490
1464 909
2215 92
8502 0
7158 0
9997 0
6232 0
6561 0
4341 0
3650 973
5415 0
5023 81
4752 0
5326 0
2391 1328
6267 2689
8573 0
1057 2506
2557 918
55 2135
3832 2621
4265 0
7061 0
9284 0
3658 1128
5128 263
3921 2752
9793 0
7472 0
5177 1745
4697 2203
4791 0
7293 0
5484 0
947 1612
7310 0
8473 0
9776 0
1972 2808
7087 0
1341 653
8887 0
3494 305
7052 2930
4396 2283
7065 0
9684 0
4534 2929
2876 0
3524 0
4500 0
2818 0
2321 1916
2590 294
2349 0
7371 1223
3607 427
6897 0
6831 0
9752 0
1759 1292
3614 282
628 414
3219 2786
1139 445
8246 0
7692 0
6099 0
7407 0
9756 0
2978 2384
2004 1827
4154 872
1354 2568
5112 0
4373 843
4957 0
2273 0
4938 0
9518 0
6366 0
4824 1568
4231 1368
79 1314
3383 1720
5700 0
519 1689
1493 0
562 618
1768 2928
5891 2033
5237 0
1732 1790
561 1878
1784 2452
9909 0
8308 0
7616 0
1110 2760
5240 794
9192 0
9682 0
6225 0
9407 0
4459 0
1208 732
8703 0
6761 1841
9706 0
28 2307
905 2687
2786 1097
6374 0
4995 0
3767 1742
2328 1952
4413 2775
8191 0
7517 312
8042 0
3210 1647
1852 0
3226 2638
1224 1302
3918 2872
6316 0
2188 0
4387 1389
2452 1802
3640 0
2098 2805
2835 1361
9866 0
5697 572
6336 182
7788 2419
3676 0
1843 0
7775 0
4939 2065
2127 560
444 632
6276 0
1926 1172
5742 415
4419 2776
2032 2384
8764 0
1520 0
1697 735
8553 0
7871 0
5763 1850
7589 1454
3877 268
9088 0
6053 0
4563 801
6808 0
5842 0
632 2048
5327 0
4430 0
9401 0
5518 820
7293 0
7921 0
275 513
4439 0
5359 720
8431 1886
267 201
45 347
9141 0
4178 2313
6865 0
6189 0
3674 0
519 2147
471 1145
9048 0
94 2309
5558 0
4939 0
5530 0
6272 0
6150 0
732 0
4822 323
6504 0
7689 0
4734 231
3995 1439
5890 0
2739 0
8565 0
3546 356
2746 0
921 0
5636 2525
2341 0
3956 0
3861 1080
8324 0
6153 1417
5361 2107
8151 0
2740 0
8190 0
282 594
4205 0
2124 1583
8487 2265
2209 1401
9049 0
1529 1232
5273 594
7195 0
7005 0
2160 2330
8971 0
2703 483
7341 0
5385 0
9578 0
3910 0
2996 529
6353 146
1178 1017
8192 0
224 870
8576 0
3565 344
7925 0
2352 0
7677 0
5685 0
1921 1804
2803 0
6784 0
2814 1665
9262 0
792 2202
3667 0
9824 0
6299 0
7197 0
6866 0
2102 1600
3720 1505
167 351
657 2611
9508 0
8654 0
1894 1078
6108 1595
8874 0
2763 82
6881 2495
1556 2745
2329 0
128 2000
9105 0
1156 1447
4701 0
857 2073
3328 0
5667 0
34 482
7610 0
8988 0
2493 0
8292 0
4484 0
3444 0
9528 0
6454 0
1188 2978
9711 0
9658 0
8158 0
4375 0
4687 2019
1294 168
9266 0
8068 0
9207 0
1401 2566
5689 2857
7840 0
9592 0
746 516
2997 289
6617 0
8193 0
936 1706
1348 1932
2198 2721
7131 1185
2187 0
655 0
5021 0
47 1544
3145 2440
1689 2472
6345 123
9371 1287
1979 2558
9295 0
3284 2061
9061 0
9852 0
9742 0
598 1485
8532 0
4631 1242
6471 0
3259 2925
6302 0
3583 0
2137 2038
8334 0
30 2303
6480 1066
9882 0
1886 907
9947 0
5800 1595
4091 0
2056 2474
5246 2939
5576 390
165 1456
1498 1500
8937 0
4883 1732
6239 0
7565 0
747 0
4737 0
4350 1968
6332 2931
2751 1734
5994 0
3496 1800
3888 1277
5995 1874
7896 0
3107 562
7774 0
33 567
9493 0
1289 984
8629 0
5770 0
4469 75
4583 0
5651 2372
1799 2855
7912 0
252 0
2364 1052
378 1005
9683 0
6843 0
8558 0
1955 0
4657 1711
9926 0
4091 194
1639 0
519 416
7251 0
8811 0
595 1718
2776 2725
6185 0
804 1
6849 0
632 838
3989 468
9846 0
7224 0
5018 0
2220 1698
8387 0
1393 544
9084 0
5021 0
7013 0
5864 0
140 1104
9089 0
380 2484
5064 1121
4521 0
664 2962
2498 0
3251 2543
3684 0
4704 2464
9998 0
9509 0
7059 0
5551 0
2862 0
972 2731
5614 0
2951 421
4188 0
7341 0
8060 0
4202 2278
9428 0
6467 0
8747 0
6569 0
1558 2324
348 2858
4181 2924
88 1392
7883 0
6510 0
407 0
7712 0
2862 2748
1457 1951
6245 0
4576 782
6579 0
6251 0
1235 0
3734 0
2618 1187
574 2026
4571 1217
6408 1248
7369 0
5255 1778
2129 0
6656 2522
7652 36
8355 0
1327 1741
312 1420
5113 1920
2364 0
4076 0
8081 0
4924 0
6807 0
7835 0
9890 0
1480 1767
5617 0
1567 1982
3502 1293
4807 2906
2877 1344
5077 0
1883 1467
9375 0
3984 1568
9835 0
303 2686
8263 0
4723 394
1253 1109
895 2015
107 1161
6712 1962
5131 2220
1150 579
9066 0
1713 1316
8043 1768
6405 155
597 1499
7919 1758
7460 264
3164 2115
6263 2517
4440 1736
8530 0
4031 0
1532 859
8167 0
4292 0
6010 0
2351 983
9889 0
9347 0
6453 0
7349 1105
5095 0
4571 2945
6556 0
1181 1137
3750 0
2850 2232
9206 0
1237 2514
1481 2495
9008 0
3157 2517
8122 1125
2921 0
968 2227
3311 1123
6414 1754
9120 0
1039 795
1523 2262
2849 0
6639 0
4166 606
2678 1511
4419 2963
3328 2801
3889 927
9205 2003
7376 0
2585 214
3292 2806
8512 0
9552 0
9214 0
1292 246
4402 2316
2492 2846
1403 2885
670 0
5856 2451
4596 0
1520 1709
665 2528
371 1641
682 1360
3625 201
316 1670
1131 2804
5540 0
4375 0
8617 2795
3887 1868
2319 0
1038 517
8706 0
1678 503
3724 0
8883 0
3082 0
1566 3
822 2715
2422 0
3209 760
1485 724
5941 2549
7764 0
4191 0
1965 1533
4101 0
185 1723
2181 2579
477 486
9911 0
3702 0
6944 1941
2070 493
8372 0
8024 0
6299 883
1351 0
8353 0
2497 1661
6127 2416
4045 2089
1389 1429
3585 0
8373 0
9967 0
9531 0
7339 0
3378 150
1227 2962
5814 0
1509 1165
7772 0
8484 2625
4079 2091
1660 74
7538 1018
2854 2953
4836 0
8668 0
9982 0
8073 0
2835 0
7951 0
7052 0
8700 0
1491 967
9492 0
6743 0
1469 0
1388 2139
4165 0
4340 0
6840 2765
5778 0
8780 0
1425 2439
9150 0
2130 160
5776 1349
7848 0
2665 324
5935 0
1796 2592
8786 0
4292 1792
2120 113
4394 0
3330 0
3417 0
7580 0
5916 0
8961 0
8899 0
6322 0
3792 0
4018 2615
4236 2734
644 2845
6132 64
3867 1257
8308 0
8388 0
2730 0
6272 0
205 177
5035 1495
7874 0
9665 0
2599 0
1675 995
6574 2426
8986 0
6123 2880
4664 1720
6282 1506
1825 1759
7356 0
3918 1112
3403 0
8219 0
757 2537
672 1867
1174 2826
6185 318
1964 91
4487 1380
9874 0
534 1066
4228 538
5603 2002
9256 0
4472 1547
6617 0
1252 2088
4105 0
8671 0
7428 0
4332 2788
4994 453
4179 2222
5945 0
4423 1286
4657 0
7992 0
6354 0
2167 645
952 2242
3296 0
4986 0
206 1687
92 2563
5897 2550
8423 2152
45 512
7310 0
4935 921
2224 143
3152 0
117 1399
5696 2288
9512 0
7763 0
4885 0
1321 2088
8339 0
1514 0
3515 2122
6230 0
2995 1439
6703 492
6494 0
6526 0
2664 2403
4096 0
3992 2012
5693 827
6548 1699
4696 448
3264 0
2319 2293
6371 0
7794 0
8321 0
7173 0
7865 0
9284 0
6922 0
363 2704
2830 0
1221 1212
9954 0
8849 0
6961 0
8293 0
9985 0
2699 2794
5735 0
7504 1571
8617 0
4879 0
2909 1311
4284 0
8653 0
4917 2295
3984 2192
180 1379
1624 2959
4484 0
7547 0
3671 1192
9207 0
1595 0
9115 0
2704 0
4637 1982
4793 810
1777 1316
2158 456
908 2325
9229 0
6317 128
7567 0
7575 0
7870 711
3178 1896
5178 0
544 1138
7440 0
4131 0
2102 2705
87 2821
6698 0
7611 0
6374 1787
5759 0
2433 0
5544 79
7952 0
7771 0
4571 1711
11 1777
156 2828
8302 0
3882 475
8560 0
6835 0
6993 0
653 2396
6720 0
2336 1200
4053 0
1793 2742
7681 0
3132 1399
7425 0
9506 0
2253 1598
6146 0
298 0
965 2286
1351 1078
7200 0
1417 2798
3333 2992
4174 2485
6310 0
2549 754
9091 0
7028 2494
7896 0
965 0
481 2784
9904 0
4651 0
2288 2089
3795 0
4220 0
8193 0
3705 1913
1774 1321
7056 0
5612 621
7379 0
997 2710
617 2148
738 2852
3814 1520
6809 0
240 275
7747 0
5376 0
4014 0
7693 1019
132 1043
9598 0
9341 0
7358 2214
1182 980
4438 2890
4139 2691
4679 1159
7226 0
7444 0
3054 1791
1306 1870
3566 2454
67 272
9079 0
6210 1221
8658 0
9522 0
7037 0
5076 1972
8418 1952
5068 0
5671 0
4673 517
8292 0
9466 0
49 992
8762 0
7190 1781
5008 2764
7762 0
631 1431
7677 0
2003 667
5820 392
5308 0
9668 0
2324 1108
2943 0
9342 0
3021 1323
3624 2013
5598 230
9237 0
5714 755
5320 0
4397 2601
4811 0
5459 2185
372 687
3163 2797
1036 1785
8911 2547
211 2840
8818 0
6148 0
2079 1545
3112 0
5608 0
5830 0
9370 0
2927 2811
377 900
3128 0
3402 751
1126 2075
9502 0
6015 680
1494 1310
8345 0
883 2189
7052 0
8651 0
2168 1359
8834 0
4861 1434
1486 947
3538 781
8524 0
9811 0
1421 2361
4286 612
5936 0
2062 898
6123 0
110 17
4156 0
6572 1197
2604 2666
8478 0
2556 2508
3177 1189
8069 0
562 2397
5330 0
9068 0
2580 103
7613 0
1223 562
2355 1775
9816 0
441 96
4189 2616
8511 0
8783 0
1646 0
20 2337
9590 0
39 1822
6409 0
7283 0
5305 0
2813 1137
158 1493
2432 0
7440 0
7321 0
2078 2132
691 1329
2998 922
3029 1562
8003 0
8690 0
5004 122
9480 0
761 1880
9298 0
63 758
6779 0
147 0
6643 0
6348 0
9872 0
2693 2931
3979 0
4048 2399
8426 0
8547 0
9528 0
7355 0
2478 0
332 2382
586 2688
716 2367
447 611
2296 1394
154 1942
6073 2310
1773 0
4954 338
9360 0
9014 0
9450 0
225 2859
7405 0
2004 1680
319 767
948 581
9985 0
2099 0
7390 0
4458 1174
391 2933
3680 0
5690 1324
2173 0
7859 0
8272 0
5567 0
743 1888
1965 2675
1852 854
6497 0
9798 0
2245 211
2244 2131
5044 1366
6425 204
4514 0
4362 1621
6718 0
6390 0
511 1899
7242 0
61 642
7260 1592
3269 0
924 1327
3355 1717
8309 0
8727 0
3322 0
5952 0
4691 1865
6948 0
2039 2780
836 1098
7616 2171
3386 1130
1375 793
2491 2841
9828 0
7253 0
4315 0
337 1691
1419 0
5857 2099
9076 0
4950 0
1342 1797
5594 0
9680 1041
9041 0
2692 0
741 73
1450 2404
4193 1338
5252 450
6467 6
3798 962
2944 1149
6971 0
3716 0
601 1964
5714 0
78 987
8938 0
3843 0
9356 0
2181 1228
8382 0
7911 0
9279 0
5542 161
6280 0
8523 0
2607 1763
8177 0
2341 2228
3692 0
8199 0
3341 877
8425 200
8591 0
4861 198
2992 683
9135 0
7277 1180
7134 0
701 2684
6992 363
7463 0
2933 0
1341 0
2187 127
394 0
2792 2046
2529 0
8032 0
2045 586
9476 0
6839 1864
8763 0
4707 1760
8547 0
5038 0
240 145
7095 2925
440 2467
9138 0
7185 0
8569 0
4280 933
2257 18
8120 0
422 145
4365 6
9652 0
3455 723
4561 2626
8236 0
3423 1521
4923 879
9363 0
3635 826
2550 0
9936 0
8195 0
4871 0
4940 2306
5855 1206
4381 0
2653 2732
1025 2978
9824 0
7178 0
9208 0
4994 359
882 947
9983 0
3018 0
4799 0
365 1279
3577 48
7687 0
6090 952
5461 567
1288 2062
9077 0
3129 386
189 1627
2979 65
6857 2425
654 1177
7298 1881
1553 431
5190 0
363 0
7668 0
8915 0
8785 0
2633 0
948 356
2619 305
976 1805
7990 0
7045 0
4951 1733
7748 0
6773 0
8601 0
8478 2304
138 279
3381 2282
7708 0
5478 319
4495 2156
6064 0
9583 0
4396 0
8449 2899
7332 0
5621 0
4805 747
327 185
3914 0
236 1857
3392 0
1694 2120
2327 2957
9376 0
1827 2471
6831 1405
4299 455
4299 2347
756 460
3106 0
322 276
4755 105
8117 1239
9157 0
1515 2357
2860 2326
8560 0
4178 192
3698 507
3799 0
5284 2037
5208 1363
377 2744
588 2235
5166 149
4690 2335
1776 1299
8913 0
3221 1257
5525 932
7419 0
3182 0
7888 0
7898 0
9801 0
1012 718
6161 0
737 586
7011 1776
2032 357
8195 0
4335 1505
8055 0
2378 2983
7305 0
7215 0
8052 0
6582 0
3927 1693
3160 2995
9450 0
2135 1081
2673 1807
1173 1320
722 1784
922 362
6656 1489
7850 2942
8125 547
1480 2998
257 1615
1664 1712
7807 0
3765 704
6733 1672
7341 0
9722 0
3796 532
7351 0
4556 2844
1157 2618
612 1363
3431 2299
3256 182
5345 0
646 0
6427 106
8497 0
1546 1914
7873 0
9 2027
538 2607
661 2284
2258 1959
6518 295
7953 0
8893 0
2975 1301
7163 0
2438 1101
8286 0
2527 132
3684 209
2289 112
9793 0
2014 2986
2734 0
4091 593
2479 1974
1815 729
1445 1395
319 2773
6084 1779
2833 346
8115 0
7581 0
3502 38
8082 0
5798 1347
1198 0
9030 0
7287 0
374 1744
100 1097
465 2866
2483 0
6925 2765
1380 1525
6528 0
8785 0
9014 0
7035 743
8403 0
2009 80
2008 1482
86 504
1936 0
6691 0
9250 0
2424 0
2634 707
6693 1442
9450 0
7742 0
6662 0
9237 0
6373 0
8327 0
3485 0
163 1904
4014 383
1367 242
4616 1499
2224 121
8055 560
3653 0
5293 0
1828 2322
3286 2755
3201 0
8861 0
9542 0
8745 0
2455 2639
5949 0
1443 1119
7705 0
6062 0
612 2567
7293 0
1353 0
2634 854
5126 0
855 2142
4743 0
2209 1590
1599 382
9380 0
611 1975
6552 0
106 1349
510 2681
319 2144
8677 981
9675 0
1612 0
7550 0
2368 0
4891 1018
4723 0
2593 2728
1849 599
4787 1730
7128 633
8834 0
3494 176
2122 0
8292 0
2439 1035
4102 1678
8013 1463
6898 0
9455 0
4127 0
4966 2692
6743 0
8895 0
39 1683
9148 0
1703 2455
310 401
4784 0
4658 235
4078 1883
375 1333
5164 0
6543 2808
635 1560
6452 2849
1238 1664
1046 408
2267 0
103 77
2271 2285
9715 0
3374 1624
8503 0
5898 1790
1015 1917
4368 0
6028 0
2009 1244
6422 0
5582 0
7056 0
7411 0
224 1121
4929 1307
5038 0
2127 0
1421 2576
569 669
8688 0
9041 1253
8370 0
685 429
610 2786
9811 0
2019 1061
7215 1438
4458 434
2116 498
3494 0
7854 0
9700 0
3670 0
1312 115
9510 1949
8895 0
5169 2271
1465 1005
9200 0
4110 2210
369 2700
8958 0
1532 2369
7855 0
9507 0
4828 790
3432 1420
8801 0
3217 0
9373 0
3520 2869
3082 0
3188 0
6137 2121
330 54
4526 763
7114 0
515 279
5505 0
1905 2113
8298 0
3078 164
2266 2734
8705 0
4443 2421
9540 0
2903 195
5508 0
7389 1460
2034 1919
9167 0
3796 0
498 1902
6064 0
5806 384
5846 2894
8206 0
1762 2899
4612 1487
197 354
4614 0
9293 0
7670 2343
4655 0
359 561
2787 663
2947 2023
646 23
2112 2123
8877 0
5246 2619
2156 2155
6509 0
2695 2535
2229 0
823 2430
6053 0
6115 0
8242 0
2461 2666
9945 0
7284 0
1239 1524
7002 0
795 265
7726 0
8371 0
6000 2835
9146 0
8419 0
5177 2951
3748 2175
8943 0
8413 0
7913 1026
2642 1667
3134 2417
4564 0
3364 434
8085 0
299 2084
1837 2570
557 2034
7811 2905
3931 2791
3547 2585
6289 0
1738 206
6836 1317
3796 0
6670 2045
6721 0
5119 0
6731 0
8909 0
5853 0
8032 0
675 2268
3853 0
5102 431
2695 330
6006 0
5637 1153
4086 0
4162 0
5319 0
69 2829
9043 0
8602 0
4870 1880
8267 1408
5855 673
2586 1757
1478 1651
6304 2624
6240 2125
4602 0
4591 864
6421 1460
4703 0
1528 2992
3940 1684
280 730
2356 2004
5407 2111
1392 2627
390 2358
5981 1630
932 1118
767 2897
9942 0
6801 0
1256 0
1992 2240
8992 0
1958 2726
2364 2764
6539 0
466 634
9453 0
3527 2796
7796 0
4756 0
9436 0
3354 0
284 1907
9645 0
7875 0
7001 0
3088 1802
5835 0
1458 1206
6770 0
8462 0
910 2178
325 945
1005 2452
3125 114
8776 0
2956 2008
9411 0
9692 0
1251 1546
2275 1981
5961 0
1483 2342
8376 0
4266 0
8923 0
1741 2704
8539 1435
2313 1440
8711 0
2933 2926
990 1498
1098 2860
6890 0
3697 2244
7488 0
7440 0
3296 0
481 926
4017 2280
5345 1309
9393 0
5840 2073
4449 0
46 2631
2081 537
6078 0
1241 1208
8617 0
693 2206
2074 601
796 1917
5453 0
6040 0
3518 0
8229 0
2442 2856
1581 837
412 2956
3843 2105
6319 1296
7990 0
2883 1459
7864 0
3843 1620
8136 0
6049 95
2124 0
4154 2373
8407 2461
5495 1024
1944 2243
7024 0
1560 695
6389 0
8251 0
7283 0
936 1991
1207 389
3988 254
4190 779
8200 1129
6732 506
2826 0
6194 0
6017 577
8914 0
1878 0
2529 2054
6907 0
6128 0
8003 0
7443 0
3107 0
4032 1658
5612 0
9881 0
3212 943
9606 0
8546 578
7838 2258
7560 412
6182 0
3043 2999
7078 0
3835 2574
9163 0
7927 0
4261 0
7241 1958
9749 0
2170 2902
4071 2610
9599 0
6156 2429
3908 2231
9918 0
1424 1497
4659 0
6212 245
3648 1150
1263 1167
5413 0
7360 2701
9043 0
4785 1820
7 1398
5681 0
9381 0
2241 929
7296 0
730 321
4490 2312
1870 1807
64 2217
36 2801
4166 2822
9919 0
4435 2757
6811 259
741 1182
9013 0
4915 1073
9051 0
2304 0
7576 133
2999 1443
7936 0
356 1205
5154 0
8331 0
2559 1241
100 2504
2449 2218
995 0
4649 0
2708 0
1305 563
9890 0
6628 0
5826 0
178 620
2139 1563
6390 0
7892 2831
3350 0
1735 585
9967 0
2194 0
6319 2252
9348 0
5299 2488
8726 0
7319 2043
8658 0
4739 2651
1858 2608
5951 0
1289 522
7406 0
6709 2340
3860 0
5503 0
8531 0
821 989
377 546
928 2213
8547 2049
9786 0
8005 0
8630 1960
3628 601
3066 1042
8210 0
3536 1050
4673 0
206 1539
635 7
5442 252
9552 0
3665 595
1967 2070
6806 0
9869 0
1390 0
4892 2679
6610 0
8419 1930
5968 0
4572 1432
7272 0
9394 0
7831 0
647 2724
1606 0
9964 0
3146 1634
5174 0
2345 0
7713 0
5577 0
9883 0
2556 149
9725 0
9373 0
6907 0
4361 0
2894 44
4671 1208
8404 0
8474 0
3359 0
6228 0
5546 0
6241 0
4959 0
7243 0
2235 1013
2586 435
4460 1019
5126 2261
7414 0
2361 0
2528 10
1939 832
1481 1138
54 2758
1529 2637
186 1475
9444 0
3900 0
5842 0
7000 1459
7866 0
6210 0
3671 0
5766 0
1670 2754
9569 0
3365 0
219 2367
8696 1965
113 1844
509 1069
8563 0
926 1134
4211 97
7649 1226
1512 1486
7644 443
7616 0
3672 936
6068 437
2429 1877
5303 2637
6886 0
6398 1179
2710 211
8532 0
9983 0
4395 0
6094 0
8489 1148
7748 0
9849 0
6710 0
9345 0
9037 0
8795 2713
6076 1642
2668 0
5098 0
202 646
9127 0
3722 1255
4981 877
1006 208
6921 0
6287 565
9234 0
9678 0
9139 0
8626 569
9969 1437
7836 0
4595 0
8565 0
5149 2035
5820 2368
2567 2878
7759 0
6142 1562
290 1851
1278 1864
8647 869
7078 0
6865 0
6020 0
9536 0
246 2737
5919 1655
8587 2803
2633 2498
9589 0
6397 0
484 1045
1143 1602
3000 1268
9774 0
8609 0
3020 2499
2306 0
3348 0
8267 0
8831 0
6308 934
8591 1602
4614 0
5992 644
3156 0
8007 0
1505 1640
9232 237
1130 2203
1719 2057
9783 0
1996 1799
8270 0
6088 2135
576 1625
8067 0
7940 1271
5708 1051
6353 2881
4343 1767
1544 0
9124 0
9675 0
8624 0
2931 1374
2512 2702
6271 0
2935 1037
971 2209
3783 0
4655 0
1359 169
2854 712
5875 2442
8905 0
4997 1163
2870 400
8171 0
2504 2042
7256 436
917 1291
8403 0
798 1596
5504 1674
4872 0
7798 0
2537 2041
695 0
38 1400
6486 2536
5953 0
3067 1331
8776 0
9082 0
9657 0
8588 0
6496 0
3813 0
5976 0
72 2987
9617 0
1084 2894
7855 0
4892 0
8447 0
7041 1818
9124 0
4045 135
4972 0
6847 0
7677 2205
5857 0
6837 0
6598 2296
5249 1836
2941 1490
2653 0
6200 0
4478 220
2791 1234
6958 0
7102 0
9423 0
2708 1902
8536 0
9547 0
4080 0
4268 2205
3226 1641
7311 0
3651 0
4854 0
2589 1983
5054 532
7570 0
9383 1756
542 1182
2984 549
1214 2756
9137 0
4929 0
1923 0
4493 0
6913 0
4215 2886
3513 2213
175 648
7358 0
657 2397
9671 0
4640 69
3424 277
9990 0
3707 1426
3211 3
6687 0
1077 0
5653 353
7596 248
295 598
687 1704
2682 0
5600 0
6756 0
3396 2918
3189 0
6897 0
8245 0
8352 0
6056 697
5570 2872
6266 0
7324 0
740 1708
354 341
142 840
4033 1889
2327 2396
3337 1950
160 843
9341 0
3961 0
9406 0
6217 0
29 1219
9943 0
7431 1318
5026 2565
4322 0
95 2338
786 1124
7165 0
303 2122
3687 2630
8451 0
4752 0
1325 0
9419 0
1963 1424
7408 966
1401 748
5876 0
3021 33
5702 0
1056 1175
98 805
3422 0
1124 0
795 0
3994 1861
7371 0
5002 0
8869 0
611 1092
7840 0
4286 0
196 1014
3359 1707
4438 1765
9421 0
6208 0
8028 690
8214 0
3076 2201
7984 0
8235 0
9926 0
3336 101
2958 649
702 1380
15 1130
9217 0
2072 2190
6139 0
8690 348
5171 0
5077 1359
4513 0
6151 471
5592 0
5768 0
6958 0
5837 0
8505 0
2426 56
3354 0
6811 0
3830 1810
8954 0
1217 0
9494 0
6709 1104
9253 0
7347 0
1189 1256
5684 2283
1972 295
4880 0
9948 0
1031 2618
5948 0
7506 1573
155 2171
4281 493
5286 0
446 1554
6204 0
9078 0
8628 0
3935 1303
7589 1028
6890 1683
3044 0
991 2693
6998 0
358 2823
5039 2815
5314 649
8275 0
1681 2913
8050 0
1260 349
5515 0
3684 1697
9337 0
194 2441
1123 387
2348 1292
4878 2389
4497 0
175 2530
3711 2357
2761 372
7048 0
6797 0
6748 551
6062 1308
2195 463
4429 0
751 1086
1123 43
8635 0
3280 0
338 1202
2982 2475
7958 2042
5313 0
3064 2331
580 421
9393 0
2406 540
1588 285
1587 1768
23 2863
9479 0
879 684
707 2207
9038 0
5762 2759
5037 1693
6475 1193
7141 0
2216 2377
5993 2811
4919 2276
3705 0
3631 2870
9046 0
9190 0
7010 882
7881 0
5261 983
7686 0
8429 0
7640 0
219 1437
1746 2055
7481 0
3592 1628
3813 1569
2615 0
1427 2682
4443 23
8984 0
6332 0
746 2897
2671 1269
4932 0
4835 1524
9852 0
1053 2252
8053 0
8233 0
4877 2798
5098 1856
2909 1764
2634 0
406 813
5071 0
8144 0
8647 0
2442 2074
9292 0
3336 1015
2548 0
2022 0
6571 0
4776 945
6131 0
2850 0
5124 1607
3224 266
2657 2855
4437 0
2615 958
5937 2847
2217 1863
1770 1823
7208 162
4181 0
9093 0
4590 0
4299 2839
8979 0
261 1233
4977 974
1258 1414
4741 0
7986 0
3436 2976
8082 0
6809 2028
9977 0
4630 2277
9088 0
7565 0
4832 69
2414 640
9526 0
1744 316
4896 1096
9761 0
7481 0
1517 2466
7152 0
8352 0
5806 0
9956 0
806 706
5220 1504
6596 2941
9639 0
2162 0
8175 0
3458 0
7352 0
2484 888
8906 0
9712 0
8165 0
5467 2774
1797 870
610 0
4988 590
4567 0
4243 196
2592 0
2859 0
3783 2316
1175 2199
849 2534
1966 0
1820 959
1158 1994
5985 2453
1640 2753
6066 1406
5326 216
8919 0
5916 76
8164 2187
6449 0
1754 841
4007 1788
1300 1445
8199 0
6710 0
4050 0
2868 93
4114 0
4804 0
8177 0
5731 0
7823 0
9118 0
5151 0
6666 0
2059 0
7249 0
608 5
754 733
667 952
2518 0
8640 0
6368 2830
2361 1695
8831 0
2486 977
415 841
6232 2499
8368 0
3758 0
3919 0
3331 0
2678 1743
6812 0
8777 0
3415 0
5102 2353
1025 1299
9758 0
6653 0
9723 0
2997 1157
8034 1266
1654 851
3840 614
1705 2840
8459 0
8666 0
7267 0
8474 0
708 2895
2100 0
989 563
7390 578
9215 0
9147 0
1784 0
9915 0
717 0
1913 1410
6275 0
4242 0
7724 0
215 993
2585 0
5909 0
572 76
3519 0
1537 0
3737 112
6736 688
6292 0
1652 605
646 1816
564 4
2190 125
881 2184
2893 0
7067 0
2401 446
8561 0
5614 0
1045 2259
4392 0
6178 0
242 2057
4740 0
6898 0
617 1701
1544 178
7625 0
1032 2755
6427 641
9471 0
3241 0
3760 0
8792 0
8352 2821
8084 2018
6784 0
9738 0
492 2828
4175 1993
4806 0
8432 2059
7814 0
7002 0
8116 0
346 1624
6374 0
1337 1451
342 958
9868 0
1153 1289
1158 2604
56 1688
4411 0
7837 0
4251 812
6184 0
1003 628
9975 0
8712 1737
9091 979
7215 0
8248 442
7960 0
2703 2417
7024 0
8492 0
4617 737
3667 384
77 1448
6695 0
9884 0
3034 1293
9307 0
3246 304
5474 0
1502 914
3855 0
6577 911
1712 740
8901 0
3803 41
3593 0
2588 1890
3127 1174
6298 0
8609 0
7765 0
3956 0
9912 0
6969 0
297 2607
1219 2779
1491 2553
387 141
7133 0
5625 0
2518 331
1845 2402
7516 0
5912 0
8357 0
2291 699
2145 1735
320 2469
8423 0
6281 2724
6687 1270
6756 0
3233 1692
2327 0
8042 0
9653 0
6984 0
1971 1801
3631 1072
594 725
6823 0
692 0
7125 2892
738 660
8836 0
5532 0
7785 0
6119 0
2266 300
7860 467
1048 0
6825 1940
4015 473
8377 0
3805 579
1660 1653
1562 459
4002 0
8639 0
7012 2149
1462 59
2430 537
9153 0
4303 0
955 0
252 2444
5783 2659
3399 1142
3968 2889
1801 458
7772 440
6787 0
6656 0
5777 0
4340 0
4740 363
5263 0
6135 0
3995 0
4888 0
5830 1177
681 1520
921 90
1878 2856
3251 47
9081 0
5353 239
6077 0
1189 1036
5133 0
3786 0
195 0
9360 0
6764 0
2768 0
5306 1732
6950 417
6424 1669
9022 0
7947 0
1610 2379
8623 0
4261 842
8797 0
4350 1909
1709 0
9186 0
4311 0
2719 2346
6028 0
9098 0
5590 1485
7593 0
2887 2911
5101 0
9343 0
5959 0
9837 0
2112 2011
9064 0
2740 682
7672 0
5340 0
9477 0
6494 0
7798 0
5767 1068
7744 440
4028 368
6941 0
1051 227
5384 0
7640 0
3776 315
4988 1427
6773 2069
6525 1309
5666 0
9072 0
4462 2039
2796 2549
5081 2552
3127 809
1888 2982
6891 0
7425 0
6500 140
1143 322
5584 0
3810 0
3217 726
7019 0
2578 0
4055 2575
5407 2810
3334 0
7495 0
5314 0
2875 0
5300 2660
9130 0
6746 0
2843 965
5491 2285
6273 0
4330 0
3942 2587
1473 2817
7115 0
9725 0
6693 0
7614 94
6852 0
5271 2121
3953 2823
7313 2577
9526 0
8577 0
8935 1423
7964 0
9305 0
1768 2597
5745 0
7018 0
5580 0
5475 0
6612 0
8915 0
3192 746
9740 0
9054 0
4856 0
4903 0
2521 165
8267 0
7317 0
3400 0
151 927
3909 1345
8444 0
6153 2460
7436 0
3081 2805
9434 0
1405 1629
7781 0
1636 1840
7369 0
2730 1443
5879 0
451 449
1195 774
673 0
3110 321
7891 237
9180 0
8796 0
7509 0
4686 480
6517 0
2937 2091
124 410
7647 1612
7634 171
1028 705
4536 1581
8996 0
8868 0
2310 2640
8076 1263
9389 0
6387 0
9097 0
6182 2887
9664 0
6096 0
1804 2387
2952 2172
2719 2814
5926 0
8867 0
6802 0
4430 1029
8577 2544
5945 955
4105 430
1369 853
8355 1481
7173 0
2425 908
2225 2727
145 2603
7560 2476
2171 0
9596 0
2469 1093
5623 2411
4416 104
1264 2405
2843 728
2883 1371
927 1967
5430 1410
3009 0
6322 0
4751 0
9922 0
8678 0
8408 0
8766 0
9830 0
4939 0
9377 0
2337 0
1347 1164
4630 1783
6861 0
2169 0
6949 0
3309 1196
1202 1462
2348 0
4074 0
258 2980
7846 0
7333 0
8693 0
9754 0
4908 0
60 2860
5992 2677
7935 0
517 2453
8156 0
6422 1778
1345 1492
7391 0
6991 0
3306 0
5651 0
585 2813
3888 219
7103 1589
9367 0
1076 1213
6590 0
6828 0
9384 0
6284 0
33 311
3233 1726
7584 0
7316 0
190 2020
2665 2649
9118 0
7667 0
5953 0
6022 846
6817 0
231 1841
1330 380
5488 0
1679 2537
8036 0
8733 2225
8684 0
8524 0
1756 74
7470 0
7721 0
3475 2207
2455 0
1644 2857
9122 0
6265 1115
3836 647
4021 0
8789 0
819 137
805 1517
1752 2698
5371 2234
6087 0
8999 0
2911 2414
7218 0
4017 1513
9991 0
5917 0
131 636
1919 0
241 1385
7156 0
2427 2364
3859 18
9482 0
8668 0
3633 413
6558 0
4177 0
3482 0
5739 0
3861 951
518 1197
913 2400
1714 603
5344 0
1125 702
8650 1152
5799 0
8501 0
4965 0
8267 1256
1663 1283
6201 1290
3561 675
7856 0
5624 0
5111 0
1575 2919
1894 2673
101 85
8413 0
2084 1128
3357 2643
4008 2988
8729 0
7433 0
7691 0
4171 0
1003 1688
4455 445
7142 0
7964 0
2139 72
4131 1120
3186 2606
7080 2312
1037 2112
4329 2582
4521 2760
1661 2477
472 997
4585 2850
1214 1749
177 448
3115 0
6584 1519
4930 0
1815 1446
3436 2620
2667 1403
6669 1307
2719 2081
836 1553
5258 732
4481 1755
5402 0
2680 0
932 1458
9572 0
7498 0
3244 2542
7534 0
706 1658
9523 0
8831 1384
1496 1200
9258 0
9170 0
3184 1582
6550 0
5467 0
2651 0
580 703
2389 0
9721 0
5327 2914
5593 0
9786 0
2984 0
1850 0
82 2314
6800 1135
8343 0
5162 521
5398 759
5235 2376
9833 0
7245 2541
8928 0
9448 0
7197 0
8703 0
490 2494
565 2578
6472 2335
7433 693
7648 2329
837 2078
5079 978
6533 0
5066 0
1166 49
5087 1932
5414 1531
1890 2212
2231 1022
1887 324
4189 2521
2964 739
2888 931
154 2852
5161 2593
8380 1030
2082 1453
4376 1576
9757 0
8692 0
2500 0
4405 0
3310 1534
9837 0
1318 1382
7566 0
7276 0
7651 0
7281 531
978 2581
8639 0
4992 0
8392 0
4972 1471
7500 0
3229 2920
5563 0
787 17
1844 2896
9013 2865
1525 2279
1558 224
2656 2644
7147 0
4941 2877
