3000 2537
983707 0
567266 0
813710 0
677805 0
662750 0
555091 0
51889 483
109830 0
665284 2413
285594 163
600621 0
877448 0
862296 0
959495 692
116527 2651
394362 0
784200 0
807601 1873
815971 0
550594 0
142537 2071
377967 126
13975 2482
701436 0
838275 0
25772 2387
47366 487
953634 0
363397 2093
925251 0
113404 2737
619756 0
222770 0
482824 0
358320 81
78293 432
348178 1009
386497 1594
357935 0
123193 2002
351276 0
754398 0
87719 0
380380 1024
612735 0
920944 0
291662 1203
430528 2950
558198 2934
470226 1985
400117 0
288524 0
784459 0
825389 0
644223 0
162217 0
632554 298
688323 0
143073 1320
690075 0
176968 563
977417 0
866855 0
241846 2207
875672 0
305867 1087
707677 0
996491 0
79939 2740
51023 446
638498 0
998482 0
77364 0
516285 0
17509 214
218319 317
87442 0
321259 2470
149118 0
635212 0
836568 0
817433 0
740011 0
371024 0
188867 1874
961136 0
943756 0
614660 790
774343 0
415573 1561
950929 0
16739 1423
719228 0
83001 0
732762 0
247670 0
741163 2617
616038 0
157679 1403
322065 2529
763638 1337
159832 974
510157 256
322364 2955
234881 0
739242 0
163699 0
410797 1710
285582 815
837788 0
987449 0
528500 2749
827079 0
616873 0
481067 1351
824704 0
909752 0
126003 0
688289 28
149583 164
464221 0
956760 0
323782 1866
468462 0
337336 864
682850 2807
645067 0
957955 21
754300 0
895953 0
678932 0
934710 0
936529 0
603883 509
313025 612
762894 119
848934 0
778175 0
431297 0
798699 0
417321 0
350194 1279
795725 0
393459 817
523143 304
661391 1646
826670 0
790799 0
774163 41
72802 581
939127 0
855431 0
596383 0
656475 0
483526 0
903609 0
318853 1926
535508 1314
238355 2319
430226 0
585490 0
78107 293
853084 0
95112 1707
135751 2193
153914 2239
801058 0
946891 1934
173883 2243
958843 0
135235 2517
496532 1245
76212 2970
935495 0
114096 562
836418 0
613867 1882
354948 1615
942470 1909
755297 0
190534 0
90217 2464
849994 0
440986 0
127131 1154
102387 1707
954385 0
206857 1018
634952 0
207469 1870
511596 0
423623 0
912579 0
939273 0
528065 0
261818 1879
349086 0
600610 0
651481 0
52512 28
34531 1750
673639 0
2311 1592
365367 0
444044 383
535779 444
644187 600
602128 0
219818 2223
695922 2138
592172 0
415159 0
476327 0
374708 1641
970263 0
275321 0
745111 0
282424 1979
81231 517
542978 0
151474 2689
37455 491
23703 2761
619849 0
774123 0
533790 280
875060 0
884770 0
313918 2496
801393 0
405963 0
949694 0
873597 0
282770 2564
338161 0
713751 0
688478 0
41013 2141
989935 0
515944 1118
554484 0
735694 0
287444 2660
990287 0
89545 530
816022 0
4553 2762
870854 0
913250 0
535946 0
880114 2073
255913 0
880721 0
666473 1724
92816 578
301209 2320
90464 374
151095 0
147932 390
294142 0
675642 816
551356 577
514014 0
204216 2906
593790 2122
815318 0
360457 0
251597 1471
56881 2130
901322 0
574609 1844
511331 0
804788 0
651925 0
627411 0
253914 0
773474 0
954268 0
72894 0
374310 35
966973 0
782526 0
671128 0
76989 2928
91549 2257
572905 0
737448 0
225680 2119
51975 2628
358787 0
323960 2797
896637 0
799364 0
732466 0
998998 0
749994 1265
18197 907
324046 919
99536 1945
263948 1933
466608 1487
452400 966
798302 0
450493 0
375320 319
200266 2121
1421 998
560618 693
563838 2184
21028 24
538314 2829
649814 2452
641287 868
973457 0
50496 152
887891 0
505291 0
608901 1776
233945 1781
263412 1935
468826 0
305205 0
861644 0
675563 0
779157 0
469171 960
304086 0
549216 0
756849 0
936002 0
929184 0
251027 1841
194433 682
642887 0
437977 0
870846 0
287110 0
373097 2015
584871 0
889392 0
873325 0
573570 1703
703879 0
557609 0
578258 0
51483 1088
363063 897
68467 1755
803291 318
134134 0
448137 0
466227 2868
751316 1100
57749 382
974169 0
798024 0
467385 0
351143 2089
960919 0
572619 0
870094 0
921620 0
591349 0
640126 676
413056 513
519125 2484
383047 0
822615 0
35390 1804
215704 351
779614 2594
336869 947
504553 1037
358408 377
262713 1429
452835 2065
927065 1268
45182 2843
944451 0
341547 892
772044 0
120226 657
458134 2613
661086 1944
403029 2615
262637 0
572191 2387
723308 2750
861738 0
899526 0
200638 1825
875984 0
442882 689
3944 1437
236325 1998
214555 2595
368596 1597
182013 1458
818817 2277
721033 0
694296 0
915506 0
246401 678
663649 0
303040 0
644060 0
932342 0
557893 852
194685 1799
642448 0
860872 0
739054 0
902094 0
390212 2102
498629 757
147794 2901
25864 1397
926509 0
406718 678
151782 2419
415156 283
596816 0
781406 0
562955 34
940135 0
985237 0
494813 0
544981 1462
470009 1974
532384 0
914952 0
996478 0
767491 0
395563 1333
745064 0
61443 0
15215 211
602169 1357
860432 0
200746 187
740200 1310
668332 0
131921 1822
164522 1709
799122 0
556302 131
98359 2810
388262 2133
400964 0
830953 1880
492599 2153
316842 1123
245126 935
150938 2337
621885 1600
368713 137
858924 2344
355598 806
749043 0
432975 0
919661 0
363752 416
318530 0
60319 2267
410618 151
770776 820
430313 0
215267 2128
412528 886
174736 2166
791446 287
970552 0
792887 0
491439 740
760855 2710
55955 993
547875 444
235758 1963
771996 0
239853 2625
954617 0
107394 1834
889145 0
432258 295
762835 0
195906 2804
147170 1871
931830 0
800707 0
232132 610
607754 1501
454080 0
575480 749
534578 1627
636978 912
711531 1989
166903 1598
805743 243
684939 0
580761 0
922499 0
586798 0
30658 2284
752207 0
243365 587
989448 0
948748 0
405565 1186
499143 1395
56147 891
966951 0
701014 0
430911 2257
394562 1200
994931 0
242998 320
323558 756
489875 475
636140 0
678257 0
867065 0
266871 2559
914907 0
338560 2221
318701 926
519284 0
784276 0
577504 2914
767197 0
35702 2451
276601 0
634112 0
260260 0
534462 2534
557686 1326
231201 2066
387761 0
580295 2335
796972 0
504958 0
987548 0
680599 0
305138 0
746099 0
780264 0
650892 2207
224981 1910
964960 0
882915 0
964422 0
902578 0
632947 452
577226 0
851042 0
7400 2042
987280 0
938877 0
777022 0
122503 0
675180 1001
301679 343
460751 0
186009 1387
98370 157
158313 2420
860868 0
857547 0
626416 0
459139 107
234103 2495
817558 0
188545 531
293157 2112
327352 1724
430190 0
943726 0
89090 853
775942 666
713956 0
640533 0
538653 0
119478 1704
317168 0
53260 2577
272075 776
905308 2837
542461 0
977143 0
122918 40
915211 0
474125 2670
640593 0
829928 0
221302 1681
28392 364
578757 1642
141810 1270
593746 0
541188 1062
160482 1746
350015 2286
678522 0
546920 2449
894772 0
26599 562
640136 0
529118 0
342476 1491
86304 2026
367660 0
47985 2598
885716 0
663318 1372
638158 0
728944 0
368610 1069
449699 0
528583 1803
373162 510
902156 0
886663 0
668046 0
63097 0
85749 2909
722549 0
447850 2965
450435 0
454348 1447
466455 1888
485186 0
3540 2343
430478 1686
946278 0
840378 0
808592 0
596602 2310
198641 0
43179 1083
90482 0
371560 0
918906 0
538885 0
246548 1187
69803 907
581526 2497
360967 541
227002 224
252492 0
251618 2845
131990 919
669293 594
408278 0
600571 648
399102 0
642267 0
255802 631
105856 2102
821284 0
934645 0
365949 0
407128 0
827896 0
392346 895
692893 0
615748 0
393182 0
345545 2656
759836 0
563949 0
433843 486
696806 0
2712 1903
538612 0
723432 1419
5805 2256
22940 1370
908178 1777
216793 829
442870 1216
399531 0
415521 0
866451 2412
247772 1688
453178 0
769304 0
454751 0
882435 0
364219 0
713164 0
978849 0
138861 1987
825332 52
47074 493
558309 0
352082 2514
177322 590
487987 0
36226 518
673523 0
876493 0
897117 0
220946 0
117120 706
256851 248
531606 0
383208 785
219918 0
820330 0
471007 2087
563167 0
20424 1731
963458 2177
934587 0
141001 435
749324 0
508613 0
161903 508
1040 784
83189 1689
937340 0
115535 865
624344 0
949074 0
480368 1382
931567 0
10458 1728
422175 1842
654427 1610
671418 0
469658 1483
744030 0
715796 0
407623 0
982546 0
708977 0
53670 1821
823225 0
309848 2402
794507 520
509310 0
971266 0
392971 2676
234437 1479
335035 0
360775 0
418342 1106
381480 0
441583 0
578710 0
627230 0
279953 625
406325 0
840753 0
665421 0
738976 2789
804971 0
506628 479
969002 0
68522 1483
174864 344
21182 402
658151 0
332367 0
448321 1930
186293 2539
216748 2744
56062 420
635991 0
689793 0
697068 0
606766 1899
323303 0
24336 325
675521 0
387927 2233
608223 0
816636 0
652580 0
202644 1931
484219 2056
927841 0
845275 0
130914 442
304182 2278
147454 786
386272 1155
97919 791
560264 2486
590897 0
245677 0
525652 0
764120 2039
627871 0
660299 0
718634 0
229812 0
226260 2328
216793 2926
924903 0
997283 0
598983 0
766956 0
476969 0
886645 0
642218 0
211015 798
102165 2115
767300 0
25551 417
282857 2168
228660 2875
424401 0
474789 447
43251 1674
255892 939
432014 0
109676 2675
241701 0
244530 833
480393 2302
805693 0
34303 98
879138 2116
183496 1067
951161 0
182841 900
439559 618
110207 0
369994 0
49478 270
581760 0
462503 0
51002 1193
590377 0
9264 837
127746 1125
480925 0
993447 0
683352 0
87045 610
416996 1673
634697 0
42869 728
6331 215
354984 685
758284 0
80607 1716
583867 0
755695 0
360366 2000
386699 71
266128 0
812936 341
877931 0
758239 0
727520 0
710527 0
835585 2198
320291 0
784526 0
391944 460
351136 1980
164742 2215
377152 0
881735 1437
869081 0
700355 0
965592 0
768151 290
641145 0
924156 0
927030 0
142043 1148
860408 0
293329 0
987299 2095
776086 0
885257 0
194235 830
132056 1369
837766 778
638549 2373
52119 2703
932356 0
354206 1445
311085 0
940362 0
33842 2315
731978 0
785241 0
384247 0
438132 2321
109906 0
473193 2112
837342 0
31170 2693
175199 0
95543 1393
467639 23
419371 2362
343477 1769
107156 403
392245 2209
864082 0
956942 0
208606 536
159470 2737
332426 0
409061 1056
731152 0
376239 2894
978069 0
716535 0
563237 0
34100 2305
633131 324
132959 0
514310 988
450631 540
284480 0
558824 234
40718 837
802334 396
101361 2865
571080 0
40248 86
549643 1511
368361 2032
811171 0
511786 2050
398618 2507
798456 1151
84900 2024
548907 0
113468 2230
33571 1334
677275 0
572513 0
676420 1857
508682 2856
207012 1758
451371 0
449021 0
807346 0
245681 2974
589675 0
263530 274
899246 0
860746 0
773272 0
241704 543
50306 1910
479708 0
324385 0
555635 0
998619 0
332136 1211
469910 0
432503 1104
812155 1700
547022 755
667617 1061
554969 0
956584 0
590243 0
318423 526
98387 2903
98017 1223
725201 0
502915 0
494192 1734
469116 2478
812716 0
99658 2755
458796 1246
259947 2483
975340 0
714695 315
422978 0
553939 0
273428 467
889877 0
864594 0
834586 0
37086 1953
589837 2584
890022 0
159895 2641
153751 0
48384 2319
421360 2174
893632 0
751405 0
872593 0
467023 617
620191 0
428894 1538
416583 0
121373 1686
334357 305
489238 0
751695 0
504905 0
650288 924
240771 1177
165950 697
426160 1860
589833 0
571661 2488
67792 123
496627 1936
744505 2025
961262 0
77599 1717
263481 1700
800597 0
67019 1902
340967 2694
611501 0
811915 0
151341 2244
806579 0
635826 0
206899 1988
411789 0
960190 0
338789 2733
972328 0
758406 0
654361 0
900729 0
284107 307
500248 0
335781 0
636513 0
571436 0
336951 51
220793 1675
245718 111
544443 1753
99268 217
500811 927
279565 0
821680 0
439511 2607
930896 0
252201 1554
582944 0
899442 0
642395 0
675945 0
434659 1812
962098 0
944676 0
728917 0
626107 0
30861 2255
43851 1955
775062 0
717592 0
381361 2298
379233 544
228917 992
87044 1590
8980 1409
518271 0
959320 0
792522 0
555472 1349
321073 59
804625 0
370805 2887
620500 0
439246 283
167495 1985
8290 1901
104033 2893
416638 0
351015 387
25850 161
603886 1987
574852 0
797479 0
49648 328
10602 96
164364 1124
884245 0
733448 0
737268 0
469715 2438
635440 0
465587 124
576155 2682
99894 816
105996 2656
409183 0
680070 0
567124 510
220536 0
496248 2074
707372 0
391280 0
828674 0
24714 230
111356 0
759805 0
139778 0
707107 0
214550 0
370676 556
253177 1811
811697 1223
418872 0
218050 854
881632 0
981254 0
481200 0
515928 0
146760 1113
399713 0
984 1225
758845 0
912684 0
826540 0
657140 0
289733 1188
702106 0
497592 0
344260 0
62003 2506
816033 121
358337 0
468448 2557
647676 0
783762 0
855837 1335
230045 425
426313 0
266821 2074
601356 0
141745 1164
895609 0
500727 2890
342477 1575
959213 0
556842 0
874680 0
897894 0
236013 0
635943 0
575428 2107
202280 1636
276794 1004
558924 1049
722368 0
959056 0
927036 0
29264 0
936602 0
18869 1202
3071 831
731261 0
937220 0
91907 376
935746 0
443287 0
526171 0
177431 0
61262 324
623098 0
71184 0
775624 0
696702 0
425060 2106
441969 1319
952832 2070
450011 415
775764 0
856305 2049
426566 1101
83256 1024
899055 0
330291 0
7615 1276
869522 0
762547 0
629569 0
537187 1431
584410 1555
231072 0
925992 0
850172 0
553073 0
989908 0
966326 0
679728 0
157115 197
694492 1408
871468 0
810433 0
584712 1836
391644 1840
335140 110
912097 0
982353 2766
968609 0
376391 0
358394 2630
605168 0
887113 0
789492 0
901142 0
540472 0
215942 0
957382 0
903547 0
199235 2023
756125 0
341303 634
290201 1079
753999 0
997929 0
797088 0
937902 0
557302 2110
684794 0
740144 0
402935 1219
230101 2385
530146 1995
490500 2060
376640 0
645516 0
776346 0
497854 0
15140 1902
460741 910
182767 2567
882563 0
139847 1421
596596 0
666289 0
793601 0
900704 0
904952 0
286680 0
238009 0
179122 0
841390 0
905762 0
330308 240
80642 1144
254002 844
66086 680
513753 969
871001 725
521213 1255
737691 0
94023 0
271325 1741
442409 2655
565573 0
19961 1149
937240 0
540939 2134
598319 1756
612598 0
463715 1997
85086 2233
988967 0
474418 0
195660 254
385008 2803
823256 0
256496 1706
364906 2837
529599 1133
783027 0
674152 0
620502 0
75043 1102
576775 2398
507861 0
306357 1999
161694 0
595999 1704
274970 1630
323237 88
616734 0
230387 0
376442 2827
979183 0
684485 0
32821 794
490452 2407
437225 0
666990 0
425933 0
808913 0
895560 0
215370 1236
213469 331
692386 0
294478 841
603722 0
538203 0
212630 2377
56355 2773
636674 0
53998 1620
701882 0
999475 0
595654 0
896535 0
242809 2083
566872 0
714974 736
761387 2645
689446 0
833457 0
80866 659
293783 533
525941 0
519706 0
378872 0
254368 1178
786523 0
559417 1508
245188 414
398158 2358
896726 0
594225 0
32268 261
368123 0
261084 2848
136720 393
368238 0
236993 0
956286 967
622090 0
698477 0
973306 0
875641 0
821061 0
546533 0
649193 0
362846 0
324675 2725
154508 0
758855 0
623020 2968
107803 1850
236454 1733
673193 0
265076 0
591870 0
636360 0
412206 0
126910 1448
18559 350
594996 0
283392 0
422661 0
439859 2105
847794 0
210308 410
330895 809
446157 2597
251091 231
467021 2973
475157 0
781906 1212
952603 0
626951 0
944053 0
450766 1336
124302 2348
362188 0
681185 0
936330 0
407982 0
285119 713
384508 201
624830 2485
664216 1628
112828 2414
93191 2376
469642 0
827647 0
603453 1008
291149 0
679956 2746
811723 2953
189930 0
952651 0
900224 0
933443 0
342731 804
208666 2316
65392 1883
32423 1267
766730 0
697140 0
263498 1825
986187 0
230351 2606
992752 0
359853 101
835626 0
800182 2595
92336 0
189302 1230
914905 0
28718 1303
484956 0
266155 941
191330 1805
352851 1422
914910 1889
794812 0
455129 0
560208 1997
708743 2902
787325 0
406593 0
379368 214
608771 0
980863 0
956318 0
191859 2135
225130 1859
815604 0
662964 1287
908194 0
434851 1056
25853 671
571092 0
599479 719
830436 0
808850 0
787041 22
693683 0
443247 1074
66621 321
167228 945
958651 0
23746 1684
174209 424
834236 0
630845 1768
65553 2667
362004 407
155788 2859
344263 377
427011 0
696824 0
562513 0
346472 0
921903 0
859463 1404
616732 1770
703600 0
291594 0
825446 0
555224 1820
302632 0
817085 0
665891 2311
977915 0
407322 0
543945 2627
656780 1384
902315 0
209633 1068
617672 2170
429801 2869
762285 1559
400071 0
958344 857
315248 2711
614843 1444
320464 1774
954643 0
43682 1204
991926 0
552603 2065
733988 0
832712 0
650490 0
750677 2155
835358 0
149623 1509
843806 0
595724 1834
187478 1104
599953 744
412753 0
719385 2529
365801 0
506809 1323
571205 0
768254 2777
552442 0
309906 1808
130583 2845
375258 1391
156310 1929
148297 1793
91279 2646
976444 0
130859 712
189722 1750
764661 0
723305 1561
654332 0
441821 0
674293 1680
582343 0
793640 0
522328 0
116589 1960
925886 0
75768 889
524639 0
349966 2347
713124 1669
831366 0
574110 0
125851 1445
32643 2916
979519 0
668435 0
448963 567
641453 1653
363244 1623
540870 0
82306 2713
44117 1641
387248 0
946320 0
638475 1829
358519 933
493032 0
442102 0
37457 954
754907 0
411768 2498
703696 0
451905 132
40332 1651
145397 0
323523 0
935187 0
205270 411
255158 1817
899731 0
557595 0
395279 0
963140 0
755768 0
914410 0
486364 0
640049 2995
863400 0
652440 0
154683 0
96504 466
196822 2216
802495 920
723214 0
652291 0
810125 500
683275 0
243251 1057
339131 626
342880 0
178923 465
512148 405
523448 0
707710 0
416363 0
690839 2910
749796 2616
87211 507
254391 267
443325 2556
755698 2680
532708 0
972387 0
392792 1019
406247 0
235527 0
873970 0
350441 0
780934 0
595650 0
889318 0
621824 0
643901 0
908180 0
669713 2096
201812 628
785758 0
7722 212
127801 969
836043 312
469590 1853
636432 0
713476 0
357546 0
417501 0
420195 0
192899 1307
761471 1438
642075 0
571220 0
166294 2205
235269 2433
577876 1052
535264 125
423057 1449
625697 0
882861 0
752997 0
949721 0
110193 789
301639 2093
624566 0
98139 3000
307729 0
96997 584
560759 0
45318 1386
438751 0
740640 0
48235 473
503052 1978
891382 0
497373 426
602976 0
555781 0
369522 0
356240 0
800408 0
255680 0
768950 2033
493658 1006
460395 0
683380 0
207027 1279
869104 0
675872 0
705080 0
613384 35
2079 2103
80799 1944
812019 0
368987 0
552937 2953
755000 0
968952 0
505722 0
67819 0
263952 115
297557 1643
511976 0
879318 0
251743 1658
241944 0
282728 654
59150 2185
336856 1652
202288 498
320768 565
664142 2137
997855 0
827587 0
924262 0
16136 2747
138410 312
876961 0
99049 1361
336876 613
274300 0
644728 2908
94350 2410
485122 0
956713 0
515315 0
395968 2746
548714 333
44053 2272
758520 0
836397 0
760276 0
537889 0
240032 1842
47620 832
141052 195
235778 1389
926120 0
364604 0
162481 2027
87785 2512
608756 918
328162 1878
469840 0
28159 2775
483582 114
714154 0
323139 0
580378 0
346846 2519
952024 0
688413 0
158901 1564
250143 1794
150216 1400
946693 0
464098 1341
176075 302
920989 0
847662 0
16171 2841
896097 1921
697880 2140
811765 0
145353 0
696240 0
837791 0
712071 0
86831 1577
940342 0
702339 1798
736934 0
990363 0
716095 0
861618 0
4430 2962
907536 0
669369 0
345340 2123
714085 0
783091 1485
436989 47
857973 2152
315842 0
982112 0
66475 1356
88626 1816
116481 2978
494884 0
626081 2406
757909 1156
249491 845
207061 1007
229317 36
182529 0
958455 0
358197 0
222071 1899
921729 0
87361 2150
192495 1828
843330 0
487741 628
510480 0
12269 218
831600 0
560476 0
758913 0
62425 1107
910788 0
344638 2913
396696 0
771971 0
463598 0
244955 0
568113 229
659281 0
507162 2877
258451 546
831230 0
682576 2197
265703 2967
211556 0
353545 43
284467 1833
727421 0
591205 715
127567 2580
930250 0
640228 0
106598 1879
553631 0
591735 0
250582 965
425885 0
898588 0
624421 0
334699 0
198862 0
657366 0
503177 0
855705 0
844917 0
857273 0
667027 1311
530589 0
203422 2610
409698 0
206988 399
596730 0
101328 2426
157691 2798
829789 0
678885 0
87217 0
464979 0
307746 0
869118 0
986159 0
969843 0
470514 0
655516 0
646468 2400
842497 0
862286 0
915435 0
513531 0
782838 391
465052 0
364652 0
413553 2660
893468 0
589663 0
328104 2051
502205 0
668840 0
676462 1268
457577 819
660085 0
84861 1848
871967 0
666260 1060
63310 398
825921 0
838352 0
970852 0
56840 159
3795 2575
720789 0
185134 973
156264 2507
429966 0
272994 0
587211 1581
469613 2225
558286 0
850697 0
47959 1026
165527 186
862980 0
848153 2749
853466 1572
972843 0
153094 181
802802 0
86956 2342
761175 0
269163 0
856856 0
808926 0
163460 1655
320758 952
728875 1286
529288 0
882101 0
457401 0
455850 773
654974 0
372426 0
50708 131
673536 0
102535 2977
508746 0
835480 0
779359 0
734118 0
121333 0
600663 0
382822 914
10715 67
505510 0
126149 1583
258202 774
788632 0
248955 2899
749927 0
935390 0
966527 0
796873 0
500242 1608
321335 2255
868605 0
660268 0
724886 0
578125 2884
241391 1971
872787 0
520800 0
144863 2393
34252 199
62104 2307
35003 1511
498646 0
322406 1045
895159 0
557772 0
290918 1714
820910 1464
431153 0
450763 0
575395 0
969156 0
464375 194
360684 310
766618 0
122414 2391
230944 0
978032 0
827946 0
304741 1571
89460 0
206305 983
454927 2809
711961 2620
896260 0
762019 2397
73402 1325
986832 0
37089 1582
97 1294
825161 0
685103 0
73257 0
324718 1958
546929 0
368851 0
95716 245
799637 0
660750 0
64067 679
39244 249
317558 761
909438 0
13924 1059
573424 0
665938 340
417733 0
554137 0
117919 1259
564933 1995
285076 0
378514 1426
662646 0
378379 989
584822 0
353524 157
954333 1308
265992 415
150737 1607
405249 1851
227683 0
296848 0
276885 0
953685 0
897530 0
326262 0
280850 2816
385687 0
400458 0
498508 0
575148 0
821939 0
233601 1617
767022 0
237677 2052
875434 2879
676227 0
741483 0
280953 0
248599 794
545681 545
422205 0
849066 780
185951 184
923829 0
637284 0
554552 1321
478361 958
911506 0
451922 0
546729 0
349820 2064
886607 0
152264 0
394021 249
274094 2047
312017 1444
936508 0
585220 1481
22878 476
354195 0
428947 1468
251414 2378
54013 2408
872188 0
394925 946
864229 0
697519 0
481164 0
838028 0
783504 0
576477 1909
207517 2503
973606 0
425934 0
735171 0
182931 2310
888454 0
788231 0
368998 0
399562 1770
585234 0
69855 506
546831 0
317626 1295
866403 0
592555 0
177878 0
825165 0
764862 1947
536120 1303
607619 0
289766 0
311448 271
59865 330
704947 0
528647 21
863991 0
832728 0
260655 0
512469 0
510056 0
770313 0
616364 0
469619 0
894773 0
256723 1692
716451 0
562673 0
768461 0
406998 2361
70892 2805
803665 0
362348 753
42232 696
763819 0
173500 2505
72452 2253
390262 2513
749393 0
773722 259
238342 601
608946 0
991203 0
507938 0
22854 2097
940656 0
129127 2632
55331 2881
63291 2368
622620 1331
566106 0
983408 0
580899 0
331381 1524
931011 0
502823 0
272828 2646
52935 1043
367051 1188
870036 1
201393 1090
438503 0
390927 0
828126 2780
601404 0
30004 1715
941942 0
361542 2622
887007 0
64392 351
474710 0
284406 2785
894478 0
719623 0
768902 0
437929 2889
267465 1274
687898 0
231465 294
777745 1386
357483 1431
522058 1837
85205 2116
14703 2389
178178 0
295717 0
28168 2910
712033 2007
579782 0
471292 368
711120 0
568973 0
836790 0
894348 2576
816852 1868
104965 2236
159266 2246
88943 1532
169467 928
647190 0
376597 2601
973348 0
31946 0
360119 1005
122575 268
601490 2555
46916 2862
759678 0
449374 2898
468654 160
751188 0
124752 1360
479843 2957
927145 0
648993 0
647583 0
252635 0
747883 0
394897 0
477260 2280
41665 2379
626211 0
948249 0
544570 764
651209 0
375606 0
764688 262
289531 1493
985118 0
362985 1166
712244 0
808815 1977
175168 0
290568 56
959136 0
418193 0
120418 2044
671044 0
617975 1080
552672 0
304643 2934
423479 0
643599 0
789335 0
163359 1988
153617 1625
544209 0
523117 0
624594 0
292505 2262
916857 0
214786 1266
956482 0
709058 0
343972 633
946596 0
883507 0
13480 2565
701685 777
143787 1821
186610 976
263222 2428
72337 2972
355522 362
510549 0
39464 2661
969299 0
1249 1711
351126 1585
225808 2786
77376 718
722915 1566
243826 2220
629696 1090
347477 2455
801293 0
233210 1560
566598 1552
26048 0
524151 0
479668 2732
897027 0
371981 2998
91665 540
84816 1885
688413 0
907289 0
456343 488
454402 0
504454 696
301544 605
39565 2079
552574 0
410783 0
717797 2713
47967 1039
796683 0
225929 0
222871 1321
8026 660
578190 0
830033 0
545240 0
493248 582
567221 1597
174652 2481
915831 0
53622 2887
434816 2701
92128 1144
760885 0
867291 1839
888018 0
338131 651
287704 1179
970868 0
337590 0
568177 0
578133 0
605859 0
531222 1640
444158 0
195588 585
139769 2863
837135 0
456986 0
999220 0
959931 0
396356 539
458373 1666
201922 974
390597 0
811174 0
903580 0
225859 661
231866 0
788805 0
305711 0
747614 0
231629 1486
245131 0
203559 636
415602 1576
452738 0
902083 0
246561 1835
446307 0
269490 0
140726 2577
348378 1714
319934 0
553942 1749
792801 0
721617 2141
554023 0
684178 0
896078 0
722084 0
177317 579
299685 0
565137 0
109972 0
181328 0
775284 0
191351 2469
18004 2842
732526 2638
737884 0
536896 1684
446081 0
444130 2131
950594 0
729711 0
429587 1961
297188 2854
777733 0
515439 0
123639 885
565754 0
610565 0
279067 0
523440 0
956247 0
480730 2850
907644 0
129369 1583
826029 0
390272 1283
712968 0
401553 0
329458 792
292905 1615
510609 0
191151 767
631997 0
559319 1635
847734 0
212034 213
241205 2421
719630 1590
755542 1097
159513 2852
399568 2325
258260 2099
574754 1328
98464 0
88813 2356
288713 2357
27307 1475
683306 0
333515 0
717890 0
86744 2818
260085 1446
399333 1569
732698 349
120206 880
118553 2979
135970 984
654083 0
940927 0
884608 0
414476 1145
181899 971
818379 0
771888 0
401315 0
391109 2537
33751 2470
65976 2305
334086 2710
63950 1778
631446 1611
79022 2068
447897 2588
707351 1182
842807 0
649333 0
840343 0
439762 1968
560013 1556
24106 2937
295896 2999
859199 0
653896 0
178309 1691
366967 358
775890 0
302780 0
339170 2424
628179 1072
60112 2801
31283 2082
169534 1938
174966 2840
690484 2873
834304 0
78502 826
966188 0
831759 0
123609 2686
602775 1237
429181 422
895884 0
76907 521
797425 0
496212 0
945035 0
691919 0
917435 0
76527 767
761038 0
445056 0
900743 0
584833 2266
247901 956
847969 0
490714 0
377401 782
182937 0
980536 0
506046 0
96110 0
676880 1389
908733 0
35145 1830
728345 0
609441 0
422122 0
451192 568
948839 0
746953 1289
841650 0
729791 1901
35950 1184
655189 1465
632621 0
317086 1304
176254 254
845967 0
802239 2779
52947 2072
779856 0
118152 2200
230582 0
153206 0
473484 0
391174 0
867367 0
793268 0
422512 0
976230 0
700811 0
273930 0
935869 0
701466 0
799710 52
915129 0
333441 0
69295 2877
732107 0
887198 0
451976 2348
816169 0
602762 2007
672296 1371
535999 0
910378 0
360929 2180
551029 525
886149 218
449214 1941
149361 0
13584 361
748165 0
291556 2258
402694 598
132209 1032
730389 0
324487 1253
864928 0
28880 2763
839521 0
886691 0
554349 0
685471 1112
806225 1550
223548 543
306385 642
270192 0
844806 0
806938 0
26641 1721
174117 569
402149 1978
143318 2322
342491 1772
421222 1908
721370 0
967686 0
686737 0
50034 380
958202 0
995127 0
631620 1103
448129 378
834068 0
563775 0
699163 1705
844525 0
621579 2157
282361 2874
466129 0
484651 0
449536 1957
3760 1105
969712 0
856565 0
452259 1762
22595 2384
181886 272
239815 188
928475 0
604278 2672
969328 0
361633 0
350932 219
680802 0
85733 2854
227272 40
551321 0
790893 2635
401071 0
219652 1521
998533 0
766599 0
784153 0
116549 489
538724 0
753547 0
956073 0
868069 0
682581 0
119230 1616
19733 2734
941180 0
183028 327
66755 826
141169 2720
9289 1422
437213 1649
391136 2380
51884 2554
856308 0
466705 0
254598 0
715843 0
697445 0
745856 0
124488 2792
425227 2317
452767 571
7092 176
439516 0
774529 2768
811728 676
109900 1971
876337 0
355830 0
220657 1592
913709 0
878112 0
206900 807
262254 1907
8322 2912
618444 0
459576 0
902789 0
972180 0
585290 1579
18646 1685
651524 0
570246 2148
169766 2642
355546 2547
604181 1291
341857 1848
773093 2164
165783 366
510591 2163
763353 2708
175499 2472
101825 301
774565 0
854809 0
615007 1832
530417 455
126071 2019
362526 1965
718960 0
371133 0
671451 0
130859 104
415196 2097
315182 82
647776 2966
570448 2794
56474 745
868357 0
695783 0
649606 0
220957 189
345227 0
239372 2344
549220 0
123656 2264
962414 0
599962 2152
654020 0
865589 0
456889 0
253107 2423
919226 0
850146 0
150448 0
901289 220
23862 1954
135700 2987
615180 437
942684 0
663578 0
730787 0
463131 2174
992645 0
845504 0
121955 1595
316955 0
606729 2057
362605 2454
769188 0
79523 1844
999123 0
378531 0
562612 0
625192 0
2491 1269
986531 0
326173 0
813603 0
701036 0
571775 0
723272 0
775986 0
369643 1075
169668 577
621237 0
863661 0
175230 2721
346106 382
639124 34
308083 1694
455771 1932
741831 0
139810 953
518791 0
326957 309
331318 911
985537 0
845852 0
271585 0
526127 772
999850 0
923126 0
837739 0
636130 2492
676370 0
713693 1014
639140 0
319735 289
639630 2858
984489 0
727435 456
63104 1951
515547 0
648595 2231
887647 2569
671766 0
148984 81
891953 0
969096 0
396225 0
290227 11
964783 0
38861 1229
401016 0
747277 1419
595591 0
336272 48
205308 2165
54504 2572
302732 909
531395 0
984834 0
969972 0
971292 0
269225 0
243880 995
725409 0
649933 477
503579 0
821176 0
294555 494
796880 0
851337 0
57574 519
375377 362
15670 323
383938 0
848393 0
313437 0
722451 0
128791 178
883363 0
542958 141
803881 0
791119 0
254463 1658
206361 2167
583313 592
395723 33
54409 2088
896467 0
435099 302
129488 1043
344884 1488
655669 0
102564 184
545300 0
467899 0
364890 873
345464 1780
228097 1311
863795 0
499917 1675
148426 1135
175940 86
847177 0
36476 1198
42369 281
581133 0
455548 0
960108 0
158367 1919
821823 0
570414 691
650406 0
621611 0
4091 851
656992 0
314529 55
411402 1240
872943 0
94634 0
44912 449
909539 0
289938 1057
469757 0
121186 2474
969038 0
582569 1432
878441 0
734833 0
549117 345
177212 2030
312206 2218
870133 0
697004 0
36668 1457
510392 0
257574 1549
402638 926
150276 2133
900309 0
705021 552
416556 1315
188280 1455
769284 0
2938 608
10943 904
18162 1290
194290 0
909840 0
653369 0
484345 2422
648903 0
684091 0
402877 0
311402 2443
811477 1969
932804 0
403231 0
674260 0
254065 1203
994276 0
568706 0
189478 4
976200 2593
330851 1809
452575 2197
623239 1243
83692 1862
35505 1970
296487 0
47649 2479
707481 0
736599 1819
880538 0
657662 1937
139695 149
863186 0
436565 2062
568258 2139
645147 0
637346 0
524920 0
100165 1467
976199 0
623109 1259
40229 332
274696 704
603167 2964
843449 0
850640 0
563028 0
374315 2756
457575 2251
581542 1301
221842 0
400239 718
57313 856
621237 0
182775 572
228030 499
572270 1855
916719 0
476050 30
132846 0
258957 0
607946 0
444339 2647
675986 686
690430 0
774536 0
728263 0
579679 747
327079 1420
833896 0
273564 2520
585882 0
520164 0
617518 0
881317 0
44605 2636
332820 538
422805 693
412277 2525
270100 0
738523 849
550903 0
436543 475
762863 0
950354 0
479316 1510
84529 149
986244 0
972453 0
974340 0
881597 0
494357 1600
565025 2833
906324 0
186424 2926
110936 1655
376039 1973
646355 0
530426 0
239267 383
96815 2004
994465 0
437259 2118
361704 2154
474053 1021
375486 1793
420548 0
701017 0
308955 0
634150 0
412966 1709
643575 0
882174 936
848061 0
884359 0
670347 865
465538 876
102046 0
640852 0
228094 0
780002 0
145890 2954
234839 0
507935 0
86038 44
303026 2457
660684 0
81697 2692
861214 0
952394 0
933425 0
163043 1430
403320 2918
601368 0
854656 0
550698 0
710385 2540
92223 210
270469 2754
246272 0
633400 0
234070 0
311703 0
149621 2046
117712 9
631040 0
216072 673
197012 808
95924 1402
510078 0
84764 1850
368590 0
770481 0
301794 2327
97620 2841
314697 0
114649 977
251601 2679
303102 1291
241385 1093
398490 56
820140 0
634360 0
226175 103
462870 0
977950 0
490685 0
593141 0
507069 0
723720 0
973330 0
747802 0
189849 1962
435935 0
322195 353
144430 1774
927051 0
661890 0
248121 2620
922828 0
569500 1237
27823 2397
502513 77
683558 660
481854 0
79677 490
516650 0
393977 2976
187735 2536
327510 1246
695035 0
188727 0
62700 2298
416787 1736
732583 0
662738 0
509211 0
280847 931
972554 0
218713 589
94405 2846
615284 0
611139 575
94121 253
762402 0
510479 2078
204601 1846
749785 0
191620 2054
695604 0
165205 471
700215 0
581171 0
129998 2351
692190 0
127037 1131
959548 0
298359 2156
648754 0
429922 1251
229193 2799
993074 0
749736 0
465808 2195
81975 2736
472487 1994
775830 0
920356 0
66221 873
502431 825
960528 0
839311 2306
59952 2766
605670 0
641096 62
63192 1489
478309 226
428396 1504
97412 1497
155673 0
750263 0
637358 0
171363 0
709428 2610
523226 2227
910227 0
996812 0
803131 0
885496 0
57827 1033
893199 0
776532 1498
805953 1270
231152 2075
396563 716
821751 0
648113 0
596062 0
829738 0
104149 1342
183417 1087
454865 0
936535 0
970940 0
649114 0
542592 2725
395711 1169
155356 2506
598379 0
786631 0
886185 0
548046 2271
877021 0
507504 0
411286 1602
792049 0
785818 0
473877 694
358826 1373
629272 680
610538 0
664624 0
836431 0
548309 0
810647 887
631896 0
861736 0
973901 0
21384 2764
475199 0
352774 171
639168 0
133882 2489
188450 1900
564648 0
479617 1466
157745 970
580054 0
475665 0
757359 0
729277 0
349041 1222
936870 0
597189 0
806975 2422
758971 0
42478 343
706074 0
368049 2576
284101 0
582369 1928
678754 0
883903 0
304114 0
570447 2558
628461 2649
144083 673
659006 0
79970 1367
545792 2269
882728 0
90264 695
240636 0
68312 2750
648757 1964
94885 2760
479657 1517
527811 801
898157 0
512524 0
579472 932
908377 0
574134 1118
245751 2189
301086 526
98848 1683
720661 0
177014 646
375824 0
931428 0
406388 1464
171630 0
389309 1427
963909 0
827431 0
28340 2132
438587 1093
888115 0
719851 1066
257828 1963
799811 0
871708 0
19154 1153
361690 987
936744 0
339350 1878
112613 0
180778 0
432216 2011
436612 0
374340 2219
605467 2671
566925 0
304013 101
158308 2349
976595 0
945023 0
543786 0
738335 0
182942 0
783295 0
512992 0
780826 1891
583042 0
730230 0
240174 0
72223 1440
470869 1106
244011 1490
320842 1161
159767 2932
988715 0
846653 0
721461 0
140694 2392
590289 2960
401610 2980
657620 0
807264 1526
778728 0
609910 1785
245144 1986
46186 2567
475092 1915
100204 2742
183134 2590
285000 1414
390117 1346
410659 796
374734 0
267721 2564
377788 725
706288 0
614314 0
576927 0
845189 0
208945 1528
143292 1048
1262 2213
168502 2949
543770 2739
570606 0
187676 1085
816499 0
587220 0
665220 0
165898 0
856347 0
122706 1375
865212 527
715913 1459
109514 922
652970 0
107154 80
876659 0
889357 0
845108 2160
74248 1447
99402 2276
572897 2912
998390 0
536957 2744
520152 0
259944 1695
552484 692
46761 2081
710444 0
674689 0
326910 297
467972 352
397917 2883
904737 0
173075 934
923375 0
635941 0
6500 2549
660486 0
131244 1578
110880 1189
601340 0
93680 1132
195507 2277
812934 0
776237 0
33281 2108
613906 1192
776444 1859
666083 0
602322 688
839015 0
632458 0
78614 2602
597901 0
89728 0
393667 0
643824 0
642215 867
300971 0
144859 2139
984399 0
443904 515
198870 2434
254640 363
278095 1335
574669 0
492348 679
471069 810
754549 0
209919 763
483016 710
93774 1206
201880 0
955401 0
349095 668
501305 0
582212 0
454828 459
124349 0
458570 641
690281 0
287182 50
930190 0
92122 2469
634017 2350
923991 0
263506 1712
680892 185
324143 0
430117 1053
328283 2214
941010 0
808573 0
674430 0
157554 0
96820 2186
889751 0
110052 2002
801319 1728
987146 0
440623 2937
531996 2925
190202 1394
177415 0
604713 0
538124 2023
453063 0
207369 1773
699535 2728
943896 0
560102 0
751793 0
801734 536
50751 2918
998225 0
662101 0
520270 252
115119 0
21627 409
884001 0
515278 0
580090 0
633316 2545
419080 167
398677 1152
827603 0
616486 2593
764726 0
489758 0
957139 0
842837 0
859073 0
370350 2162
769160 239
311326 2229
573046 902
194234 0
721165 0
118796 1257
30531 2600
853736 0
532686 185
368160 764
655716 1921
74601 2846
729475 0
329657 75
434088 0
799023 0
454893 0
716644 0
930517 0
209302 871
323245 303
516222 1176
887628 0
586606 2667
468032 0
296881 1333
483092 0
71033 2014
491202 0
483365 0
765933 0
378402 2056
695002 1075
552429 0
103997 1263
995811 0
809324 0
21950 2247
943222 0
514483 1070
820827 0
697970 0
381684 869
305476 0
126582 1640
197182 1254
624997 2118
645526 0
223202 0
374005 0
451751 0
757289 230
861183 0
452650 0
481304 0
955742 0
628908 0
781016 0
115039 2359
928867 0
234767 1532
639550 0
408543 2269
132415 1276
259891 1711
598523 0
206877 0
788618 2892
56979 2811
901876 0
636728 0
968027 0
267944 1252
220087 1751
500895 189
587970 0
697074 0
85590 1206
779428 955
511527 1533
379146 2700
296221 791
174867 0
366074 0
431140 0
448116 820
528001 975
847983 0
948880 0
45103 0
409933 0
284873 1256
594036 0
848416 0
378585 1720
216659 0
283085 1476
358736 849
783989 434
995231 0
399302 365
203432 2460
436521 570
324190 0
526305 1732
725399 0
451169 44
478546 524
818826 0
210772 2028
694738 0
976813 0
526126 0
369580 1980
821 2059
434562 0
780029 0
363841 0
654493 0
400978 2889
25695 1584
343913 998
730250 0
99552 2366
892847 0
128647 1114
683835 0
665042 0
626036 0
413459 1513
208571 1832
325469 0
647053 2404
304606 0
67699 1443
487397 0
46473 181
693411 1661
836501 0
598620 0
790655 0
953553 0
975708 0
590989 0
70607 2936
900437 0
538702 124
859383 0
275690 2487
2168 503
162921 2788
410097 0
720227 0
534478 2821
481574 0
144846 948
40893 1112
399305 0
448855 2321
241919 369
1854 698
502433 1727
997473 0
24896 2477
43427 2092
687215 0
946271 0
352554 0
827825 0
127400 0
437467 2764
583809 2201
202912 2299
931868 0
321285 2228
584379 542
293781 388
774707 0
131632 629
937241 0
65894 1887
599010 0
762454 0
51087 2745
141618 1748
737410 0
882899 0
585868 0
463258 908
511880 1053
878987 0
554836 0
586655 0
343453 0
950240 0
323137 0
156037 2788
548143 0
128143 756
314273 165
598663 0
602950 0
516547 58
957516 0
482923 0
816619 0
595286 0
614267 0
366601 2115
626372 2634
725307 0
891115 0
639898 0
683336 0
381016 917
642192 0
826216 0
635685 2563
146240 1852
698860 0
708493 0
350023 1952
444269 0
335566 176
417044 0
908530 0
971666 0
364175 0
435889 635
851515 0
772644 0
750635 0
765644 2786
16185 164
864131 936
349281 0
181913 0
482350 0
16765 1787
451616 266
661851 0
825658 0
319075 2980
180113 2834
669896 0
795417 0
19286 481
491666 1763
29707 951
741615 0
893495 0
302208 921
426305 516
630293 152
605464 495
189773 1695
308426 619
851130 0
30010 2463
221291 0
961068 0
28175 859
985236 0
788787 0
980049 0
661902 2492
272569 408
99320 2349
902474 1916
790124 0
791095 0
803778 0
599294 0
123196 2959
622382 0
906477 0
593341 12
418757 1496
334340 0
966663 0
696902 337
607517 0
752878 0
858794 0
327554 2081
392319 2996
518391 1515
526911 0
680925 0
19234 2789
774851 0
164068 0
602321 0
444926 2498
301334 0
457696 420
280681 2799
419893 0
400606 728
245203 732
345162 3000
583917 1782
339349 1463
991457 0
184836 1428
150743 0
397979 0
861935 0
839800 0
894140 2741
301322 0
586891 862
656767 1791
660555 1530
564727 2290
186983 1442
22970 1507
707231 1213
722666 0
136597 1441
834444 0
550867 0
39973 406
46144 1022
654097 0
836703 0
511573 0
348221 554
133002 74
845978 0
139508 2158
527744 1508
720907 0
106035 2822
80158 441
267358 287
688911 192
604231 2532
347751 357
388122 0
348170 0
612782 0
694638 0
385154 0
752118 0
959019 0
652112 0
410338 0
353974 1171
156876 227
725273 0
193317 591
159613 0
367894 0
864972 0
28080 1847
555000 0
986511 0
257966 943
661146 0
637254 0
148904 1051
614774 1466
924485 0
365969 0
118088 2267
352380 1338
251407 0
363136 0
217460 0
593907 0
516738 0
679748 0
456356 886
661319 0
343369 2382
650128 0
254592 2637
200248 723
833010 0
335458 0
828843 2432
901218 0
200548 2785
439095 1954
943372 0
71928 925
339128 0
852121 1317
179528 0
836979 0
494966 821
192686 1518
854521 0
469087 0
55980 2049
19 2085
77434 1820
336477 1976
899172 0
770167 0
660722 0
835161 0
899309 0
321864 990
77152 2893
993492 0
875646 0
401702 0
297177 0
985568 0
972342 0
379989 39
198616 2272
207724 423
420206 1531
39076 0
32308 1183
295464 404
595150 0
397863 1092
623564 0
124618 446
657047 0
350817 1765
54706 1942
593788 0
300784 0
368641 1150
293227 1570
355501 0
733374 1411
584342 2405
647733 2890
54881 180
46012 2411
268436 506
654282 0
232003 395
493022 0
442347 0
556357 0
536232 0
385748 895
911689 0
292572 916
253940 1792
366197 0
108799 0
874714 0
496662 0
489810 0
789304 341
39533 1086
210007 0
86763 2578
186051 1410
811316 0
697084 1723
269343 2370
875786 0
522971 0
219089 1143
512609 0
643855 2383
236096 2232
253365 0
972226 0
556462 1889
494066 2549
531501 1074
335642 2367
511512 672
984846 0
160422 0
593769 0
487221 0
418492 0
681855 0
90189 0
273626 983
48931 2688
573566 0
435794 0
942403 0
811593 1696
187896 1760
665535 0
843791 0
646636 603
52517 2003
624097 2658
528709 0
188675 0
24628 19
389040 0
879047 0
479638 0
207296 0
213976 641
391539 2835
58563 2932
861330 0
57747 83
862174 0
329015 1638
728407 0
568173 0
642150 0
464560 0
685647 2398
375831 690
697924 625
490993 0
887014 440
968324 0
711962 0
303143 66
27451 1149
26810 2875
222894 2192
780808 0
857472 0
743315 0
2751 2775
121137 1029
689661 0
51931 722
420028 0
318303 1766
648999 0
831968 0
927524 0
555438 2510
101200 25
807559 0
498864 2819
131926 1745
64889 147
824685 0
937606 0
677531 0
209475 1843
954725 0
108808 0
963748 0
917849 0
623558 0
358410 1244
911153 0
89487 1416
841289 2950
19002 1492
144414 0
714633 0
739702 0
171102 853
535663 0
838499 0
74865 2332
988202 0
451028 0
124310 2551
244277 1692
674471 0
71236 587
339708 0
510817 1171
14079 1656
741775 1108
943 228
643998 2961
420206 1258
70697 1783
173389 1031
92740 2706
772258 978
379215 1318
645361 0
581097 0
810766 0
400973 0
307717 0
836038 0
379565 0
713878 0
695316 0
698494 0
690093 0
279958 0
568346 2693
162398 0
876450 0
294552 733
8757 2226
955845 0
391080 1028
727954 0
867998 0
341640 2683
536750 258
228580 1224
976583 0
274099 2243
499896 1169
939886 0
698902 0
846949 762
804523 0
887407 112
426644 0
116538 391
126028 1180
593579 0
426881 1033
176186 0
577966 2312
514984 0
151890 1916
530974 822
778801 0
344 1066
933340 0
47812 1334
267789 721
655144 0
176042 935
719910 93
536708 0
283792 2896
266451 1730
99521 2692
550644 0
376522 39
443901 240
94845 0
352181 0
310620 2718
775769 0
281601 1034
821655 0
682620 0
738031 0
622665 1624
711350 0
252363 70
850431 0
157513 262
409995 1140
982372 0
855490 0
721761 856
427956 0
295411 0
912208 0
996376 0
21896 169
82898 0
917482 0
30705 2989
433993 0
131248 0
263951 2683
442398 2943
466334 0
626199 0
116205 353
86546 700
708896 0
413656 0
552524 2727
11993 1855
165472 1174
398900 763
525762 0
569491 0
938327 0
238073 1339
873042 0
646002 2992
543049 2429
158423 980
213978 2409
972868 0
66585 876
358922 2399
132682 684
793735 0
998990 0
645748 2777
310834 482
715765 0
902112 0
792272 0
979492 0
601725 1536
882927 0
605694 336
955851 0
988978 0
174091 1226
752287 0
184112 323
835376 0
292924 2087
558768 0
430958 2042
669743 2333
677617 0
981798 0
472574 0
572833 0
612081 0
664191 0
317181 0
718817 0
31951 701
524076 721
381802 2457
233848 957
472571 0
357324 2886
254876 1810
633655 1598
942215 0
698463 0
473259 1706
440143 0
850080 0
822790 429
129777 1452
876963 0
793516 0
409348 2560
749472 0
169500 0
140280 2541
800748 0
93193 105
818148 0
155861 1017
843153 0
789449 0
575749 0
329777 1619
595239 2712
243176 742
677804 443
869202 0
402415 0
609963 264
62828 1199
654735 1021
704313 0
777054 0
411103 1397
508588 0
827627 2460
200904 0
431049 0
805578 0
980585 0
423656 0
817260 0
629126 1627
522424 2208
355794 1672
239268 1126
875062 1587
931764 0
113785 1047
101778 2021
97884 474
628070 0
854531 0
482874 1497
588102 2072
962220 0
284776 0
445705 1575
522811 1020
950075 0
214372 2427
177728 2780
872074 0
111009 2464
208966 2061
662320 0
649381 0
165370 1981
426063 0
955664 0
276205 339
823458 0
689800 0
879818 0
40734 529
878305 0
160185 1612
745822 0
219396 0
449439 0
772296 0
657777 0
384369 0
985944 0
74393 2861
836734 0
494929 0
580303 0
570542 0
928094 0
485170 0
908193 0
874267 0
297851 976
525090 0
480100 2974
253809 0
759733 0
150076 2847
757978 0
681264 0
182421 2261
352952 369
175164 210
772859 0
460933 0
796364 0
838252 0
631210 2263
417743 0
508083 0
447974 2560
621850 0
4307 2175
562399 2365
788318 0
207144 442
175336 1729
786964 0
838633 0
883872 0
19085 1454
471882 0
673313 0
949666 0
409858 0
291574 1231
168546 0
619185 0
161009 890
245845 923
381886 2494
851952 0
877711 0
472464 2289
128653 2080
744615 0
219275 244
386048 0
7537 1764
983669 2268
81865 261
744021 0
836924 0
187666 2063
316128 2203
309781 2884
302819 0
926370 2086
981053 0
961303 0
522949 2919
641429 0
440482 2983
765796 1406
386282 0
592600 989
361551 2526
321030 0
336014 0
407435 0
196252 1376
916286 0
227475 2675
667806 0
49929 1114
682185 0
695526 1624
369169 667
98601 0
155925 661
488279 1876
670537 0
294210 553
516101 748
736338 0
73420 1102
735195 0
474092 0
388579 0
703553 2993
599816 1480
570890 1233
761934 2282
913068 0
260272 2581
151953 2540
435811 471
162291 237
607954 0
646861 2783
651623 950
397712 1535
235461 2191
888171 0
428663 2117
64317 1591
236833 1243
92652 2915
482870 2458
455253 762
512503 2083
626279 1238
31877 430
227173 1269
834162 0
470473 0
667919 0
104251 0
964493 0
210047 1062
886552 0
995542 548
249797 2803
521637 2214
802871 69
924263 0
634167 0
224905 1764
820517 0
969695 0
169289 2260
457847 0
849672 0
356654 68
236639 2476
508087 480
94862 2187
113546 1368
948874 0
961449 1645
769223 0
86635 241
921000 0
1823 2194
538054 0
102137 1350
148147 1478
471411 270
733883 0
520655 0
154105 1616
952604 1121
226124 0
782251 0
271253 1324
410791 1122
38109 0
560207 0
542283 1891
113510 2654
164862 1272
41986 222
885155 0
184894 322
929339 0
79561 0
847174 2020
573114 0
856809 0
488182 452
985435 0
134929 1723
355161 2636
112810 0
752587 0
69996 0
983545 0
378582 0
123080 2363
572912 0
745413 0
609658 0
530381 0
221483 1489
987183 0
676162 0
263545 0
593263 2416
710881 0
729860 0
4376 396
171712 111
629309 0
194498 0
44915 1400
490725 870
974761 0
312341 2640
598005 0
35336 256
371107 417
871446 0
362458 2958
843167 0
203507 221
95132 322
456730 2027
995323 0
132165 1670
379346 0
289180 0
525565 1471
400628 0
168446 1594
122114 2933
66745 1443
975581 0
994136 0
161903 859
449074 0
829903 0
596519 0
707948 0
322543 2727
475131 2009
123172 1123
139241 2952
89731 2354
267757 1342
933516 0
76914 0
292693 278
398335 717
970759 0
291291 0
927770 0
816329 2714
421730 1689
7482 1165
424250 0
337325 1399
794341 0
665598 2337
438266 1013
171603 0
151876 1185
972866 0
624648 0
625295 0
502604 2455
908172 832
254906 1187
813941 0
842507 371
231009 74
975218 0
468902 1124
360674 629
512569 316
743222 0
825042 0
199404 0
64106 1687
51699 0
666751 0
799711 0
369368 381
579736 2202
301472 0
89426 1257
384547 2052
591988 1625
758044 0
188369 2684
105951 356
444522 0
746104 1908
218166 637
16843 2190
754984 0
33715 0
658708 0
602887 0
587770 0
131704 427
694054 0
858633 2390
967871 0
704494 0
840493 0
980027 0
836529 0
19968 1450
648016 0
349346 2376
120710 514
998528 0
868424 0
911559 0
847830 0
984535 0
331835 2802
464740 0
289699 2824
265808 1189
297072 913
585551 2993
249535 2897
911787 0
713598 0
246173 435
509609 702
601531 0
399827 1914
400874 0
546795 1644
60530 2773
796773 0
514808 0
279168 2100
215632 0
900459 365
617199 0
275874 2453
660242 860
447092 0
622908 0
886191 0
453044 2385
640427 0
655976 0
878298 0
130778 13
21014 2537
146511 1294
406497 0
387795 751
661837 0
831687 2138
922327 0
673863 544
436521 1601
106086 273
958274 0
633248 0
621867 0
65461 2413
450618 714
406166 2227
400073 0
925131 0
18243 2984
739246 0
651025 752
530919 0
130080 1525
643676 0
398632 0
226446 0
746102 0
729110 0
373928 1739
777483 0
826551 0
768160 0
412607 0
55762 2523
686799 2462
573112 0
87120 1816
403756 1488
620772 0
577216 0
642973 0
274930 1300
555534 0
561616 0
667815 0
691405 0
614029 2512
675900 308
139869 0
152802 1941
354652 468
607047 0
705665 0
781241 1803
702573 2461
860378 0
24809 397
519410 0
437743 0
999939 0
28112 823
132898 2515
986262 0
769131 0
212827 1284
611620 0
55202 2268
795488 0
225451 2678
798747 0
882731 0
486449 1773
196143 2813
303503 257
973487 0
121923 1343
449745 1417
469389 653
438342 311
249884 61
313225 0
799771 0
420683 0
379316 2031
594882 650
312981 2055
78320 2426
427284 1404
785251 0
271716 0
89142 687
939742 0
481173 0
785000 2754
290450 400
9043 476
387441 0
987471 0
344617 996
319699 66
289830 1091
773385 0
637150 0
578984 42
521102 0
292414 1332
108938 2440
702887 419
397293 0
582951 0
982157 0
426371 0
262443 2860
203688 276
904926 0
271173 726
240824 0
927773 0
697437 1205
505211 0
761810 0
528009 0
43868 1214
792535 0
432249 1047
627020 479
993209 0
594068 0
32449 1398
336030 0
800350 1412
14136 994
833243 0
77661 133
614150 0
841287 0
498834 0
63431 727
541905 2359
551950 2388
614886 0
744080 0
581475 208
988918 0
128340 1735
945418 0
884323 0
139237 99
592220 0
67703 737
906483 0
611007 0
311977 2354
17661 251
865053 0
482422 2580
498817 750
437316 2210
227199 0
276317 0
390074 0
829135 0
260324 180
303735 2473
795851 0
272293 2942
928554 0
872968 0
938932 0
860164 217
158087 2802
857612 0
907340 0
87095 2300
185914 1877
582048 2196
270618 0
390434 0
298048 0
125294 598
865043 0
610413 0
756463 1446
220868 2286
858516 0
181965 2830
609315 7
292329 0
457763 437
998018 0
699745 0
205901 670
947061 0
128100 198
614636 1740
246696 2585
67561 2326
578592 381
884330 0
867544 0
315717 0
526796 0
563406 2411
865464 0
718588 0
860 2111
101206 2859
828402 1852
941353 1791
705681 0
626062 0
334883 0
718370 0
77961 1284
774051 0
324646 0
217698 0
838178 0
52923 1296
475373 2847
854173 428
726712 0
571604 0
693043 0
949687 0
311291 2848
576511 290
202179 683
34955 1669
159708 1563
327805 2525
889606 0
151737 1731
211650 512
148215 51
741514 608
42204 148
880686 0
789685 1838
287300 0
80004 2210
214438 0
635811 0
928409 0
554111 0
575348 0
303777 1094
87279 1950
46140 2642
826603 0
915505 0
795156 0
110083 2304
263168 1235
837361 1421
512721 0
697170 0
319186 2674
812224 0
333765 0
932284 0
129852 2108
610634 2891
996177 0
128629 0
124718 2465
790356 0
410413 1548
453696 921
143536 810
210501 1414
536061 0
217429 1815
808886 0
164718 0
14691 2704
676718 0
690687 0
197888 0
742800 0
510530 0
679539 0
774569 150
858026 0
86843 1894
995708 0
805436 0
974961 0
738975 0
580136 0
735731 0
146657 63
399728 2475
66136 429
659349 0
385774 2048
840205 0
450834 0
375284 0
842152 0
535050 2260
179834 1996
638978 0
92508 2322
305116 2589
717607 0
10024 847
916945 0
738255 0
62087 2781
658867 1790
299340 79
849575 0
973046 0
711378 634
473322 0
771595 0
559416 0
245704 0
776203 0
868390 0
93721 0
455075 0
533301 512
951243 1158
413929 511
655179 0
388924 1757
72016 472
346087 1519
786851 2928
615636 0
601987 2238
231155 1129
27138 68
495740 0
205769 2944
639214 0
567910 2575
602797 0
628079 726
420280 122
577824 2057
864085 0
633699 0
319923 851
393728 2757
458906 0
559271 0
95829 422
249124 2204
742970 0
389668 781
509299 0
526585 575
511500 2659
458184 1845
144864 743
492814 1433
384972 0
529312 0
361031 0
188182 1568
373546 0
364105 1180
747105 0
506857 1830
472859 0
19946 2645
411553 0
329482 238
204459 2782
835928 0
471540 2936
982858 0
531215 0
647652 0
336892 757
648035 2036
473951 0
819407 0
129659 2920
56258 1534
639854 871
87717 1853
197991 2709
440352 0
280164 1740
962995 0
472362 0
264452 1824
51458 1046
785830 1668
571560 0
70862 1486
325233 193
508495 0
661653 0
345190 0
113371 0
714047 0
864631 0
53703 1484
974428 0
439084 2586
11142 623
310138 0
409006 2045
704244 0
275023 0
134862 2886
278179 2666
655499 0
19259 30
350995 0
95475 2355
25049 403
408999 0
47892 2517
651229 0
727701 2545
503392 0
875843 2638
755742 0
360458 1874
193460 1977
965488 0
911484 0
833612 0
241583 970
552410 223
227472 2554
777203 0
476682 596
992049 0
827861 0
523527 0
814911 0
181349 0
694301 0
149305 2722
993238 0
332904 0
812434 0
900701 0
796383 0
996381 0
466928 2759
316853 1228
739582 0
126618 2765
644516 0
503052 0
341557 2073
380085 0
489580 2770
929778 0
571491 0
120931 2480
406742 1298
310566 1493
249798 159
119796 1565
419981 2657
110102 2235
140143 0
127823 1226
588759 1973
876612 0
863376 0
579124 0
298527 2308
792973 0
686404 0
123280 2579
101836 2941
322032 344
160694 0
554363 0
950978 0
147536 2223
341450 375
501787 2125
183843 2626
847616 0
572009 2421
98462 1453
132082 2136
580109 0
692035 2541
357076 0
110587 979
426237 0
773945 0
944743 2670
672747 2927
524271 2901
907291 0
870100 0
459840 0
881393 0
996278 0
901541 0
653793 0
531659 0
634555 0
999182 0
968262 0
792183 246
396798 2165
491627 0
347135 2128
870938 0
941520 0
951236 0
960303 0
49081 146
461552 863
179447 1331
647133 0
472907 1990
939424 0
838030 0
749518 0
312327 2358
606651 0
794193 0
372613 1708
265633 0
752287 1763
366172 1073
850575 0
444297 0
450000 0
756258 0
961784 0
875883 0
97486 1143
22059 1758
50852 2273
404264 0
121080 1273
885157 0
544111 1948
548720 0
333145 2136
445044 0
633300 0
244249 1364
550850 2726
689550 0
890155 0
665802 960
508765 0
237640 2951
756150 0
595436 1456
315874 1061
682753 2811
987036 0
489415 821
471333 2729
116763 1336
682423 2336
627379 1299
696699 2137
707284 0
922621 0
760516 0
631159 90
729362 0
200865 0
530679 0
268262 2121
983924 0
871148 0
327844 513
312917 652
355421 0
92141 2015
831034 0
506078 0
325390 2524
667640 129
500784 0
382546 0
661338 0
313543 0
613765 2400
859425 0
16642 2873
947113 0
107680 2969
98825 2797
714050 0
881347 0
51534 0
351024 1996
853437 0
755161 0
168043 1769
524497 97
263548 0
407393 915
764611 0
677040 0
682620 277
301631 0
324982 2959
905450 0
897289 0
649789 0
543355 0
271427 2963
326816 0
985850 0
873666 0
593892 2774
277188 2017
859021 0
686186 0
605801 0
662662 0
550105 0
139661 1657
33886 156
981273 0
219664 899
147154 962
17599 1217
58383 146
11229 2482
806935 0
656614 2155
290890 2519
956021 0
964003 0
870902 0
704929 2561
799270 0
139176 2920
96354 2240
609024 0
918447 2868
990827 0
902669 0
450430 0
108607 2098
922534 0
20532 2970
401985 2306
787262 0
71326 455
683425 0
233912 2275
474490 2206
794220 0
37635 168
307421 0
846970 450
822220 0
464619 2844
247546 153
700214 0
946273 0
231774 0
220524 0
261474 883
430397 662
831583 2864
33853 2550
108557 1626
122922 1541
650340 0
900542 0
197412 2752
761663 2504
676753 2177
993449 0
379016 85
119386 0
196484 827
455523 1073
435250 2631
273849 2880
306351 328
387361 0
801195 0
192924 291
765039 2283
279968 1138
837055 0
284429 0
369527 2144
149560 1041
266064 45
72418 286
343621 683
24354 1713
745289 0
377042 0
896502 0
933860 0
969580 0
692436 0
808643 0
216854 2929
26823 1701
738598 0
286876 0
686081 5
519880 2386
648763 0
334352 2080
922485 0
50835 2444
834010 0
330950 0
867703 0
615965 0
600228 0
995866 0
31181 702
33869 367
778567 0
267935 0
384337 2723
79895 1573
411777 2625
368908 0
329392 378
774253 0
456668 1426
251801 1094
334068 2949
256871 1379
532343 0
288264 669
668510 0
561296 0
276921 2729
504078 2685
945403 0
619949 2867
407802 0
419980 2480
225266 1136
81626 414
817373 0
876728 0
486603 1350
391179 0
754393 46
802843 1557
843832 0
485157 515
17709 2432
202781 1860
952021 0
254399 2501
286279 2475
498731 564
463109 1136
517985 1077
178403 0
169917 2812
576190 0
286658 545
709137 2888
847225 0
611018 0
647533 0
620002 532
654036 1688
738181 0
16832 2582
733787 0
102027 347
270985 1708
445224 1413
48985 1924
600260 0
61322 614
400083 0
927454 0
123011 1100
827847 0
276521 77
311871 0
445620 1147
456271 0
727120 0
473916 0
55507 2294
138159 2071
804350 0
752247 0
929263 0
466945 0
880560 0
849278 0
57514 2242
137263 1875
472815 828
388274 0
214448 906
249297 0
506487 1418
465105 981
87833 2474
404223 2219
967210 0
378810 1649
576701 738
996884 0
857789 0
801901 0
995939 0
872089 0
406089 1330
658047 1817
415167 988
907833 1025
579896 1904
858799 0
685670 0
488947 0
641857 568
930054 260
110464 2241
10632 1542
250751 2831
783364 0
610353 2521
878186 0
504782 0
800046 0
443172 0
311918 554
959431 0
335575 746
335670 2588
211778 2284
307158 0
377351 400
25481 1495
379402 0
199143 2586
723726 1732
143139 0
525629 2011
162210 2211
944835 0
450324 0
905730 0
984849 0
579818 0
593154 0
492315 0
33168 622
538296 1931
91605 639
161927 0
890205 0
569871 1802
53259 1568
537144 1306
839136 0
566631 0
518722 1766
791977 0
72864 247
571518 0
226629 11
607771 2929
917447 0
716965 2533
350316 2956
612217 1442
279659 1339
981436 1285
911684 2485
146174 314
791825 0
311579 803
231607 573
994936 0
724590 0
547355 0
828148 416
918372 656
585510 393
80012 418
423161 1235
118698 1261
133976 2771
927602 0
219970 783
336109 2778
561839 0
286406 804
615971 674
795339 0
337426 2055
628676 1425
543364 630
520262 0
919827 0
550736 18
810252 0
144526 1905
12659 2947
246835 2098
328763 96
323142 924
407229 0
66715 178
1154 276
209873 947
795420 200
988459 0
397269 2262
735354 0
476281 1520
502746 0
496343 0
987252 0
499409 0
578162 2144
901013 0
945475 0
730071 0
709528 0
736802 0
585872 0
371739 581
625181 0
828962 552
639544 2551
871427 0
270266 0
129188 1536
799473 0
705179 1004
983443 0
749956 0
499116 12
786994 0
134713 1006
222247 1603
813101 0
657804 0
820560 0
413059 1621
600032 0
22488 1543
634352 0
574601 0
539556 0
345466 0
139137 168
673416 0
181081 2983
526552 2982
808193 866
766375 89
144357 273
343587 0
34104 0
226986 361
431858 1831
53512 1435
872228 92
606720 2572
959155 0
779366 0
71339 1949
369655 0
674516 0
16213 211
417979 699
626249 454
723339 0
783090 2988
852657 0
584121 0
792078 1108
177457 846
751558 0
478023 0
256121 1539
416830 0
745619 0
131094 846
881067 0
661365 0
426094 2690
387785 0
339953 2369
768130 0
819634 0
702049 1300
370139 2643
29584 193
323407 0
20728 1515
893587 0
55384 2946
663517 0
201433 0
482582 0
593187 0
493124 212
351889 0
296698 2933
375804 938
534702 1663
665595 0
826146 0
685816 0
103581 2338
231387 2195
326736 1610
514819 0
852653 0
597786 0
985767 0
105762 2994
344002 564
199314 2287
483731 2715
312691 1721
162982 2608
147506 802
83222 1034
118076 1646
618291 0
647100 0
54190 732
716510 0
62772 555
869769 0
836549 0
600800 0
991265 0
885898 0
29117 2230
946994 0
579334 0
347853 0
389359 2126
789055 0
984386 0
416340 0
250938 45
526556 2904
129208 334
574697 0
241055 0
627039 2795
775388 0
834148 0
502831 0
379329 0
855220 0
846336 2556
333699 1262
273717 2094
931978 0
48628 1481
494781 0
726411 0
146184 2237
601641 0
430698 160
683101 1634
390833 0
48330 1221
53236 1609
236642 0
955269 0
429140 284
89484 1142
489516 0
536804 2590
701690 2666
45805 2036
115736 2758
683459 0
45126 2600
974 488
399571 2502
400728 0
408496 1503
901239 0
986590 0
60915 0
213664 0
80172 1110
319739 0
229643 360
519400 0
745990 0
271452 1546
702394 0
199180 102
460924 79
46262 1232
961456 0
563829 1865
859776 265
597480 854
242168 1933
561213 0
621472 0
978676 0
158124 1155
305624 0
599358 0
953360 0
318879 2449
25023 1379
145760 2369
318638 0
319571 0
110593 1234
654827 0
840108 2345
324851 202
379536 1998
846720 0
583788 0
592789 1029
396601 2245
735100 0
223363 2181
502267 1085
856795 0
243164 1827
493064 0
763039 0
24983 78
286428 0
41442 1837
827 2326
694988 0
786732 2459
184776 0
371200 1648
873218 2095
436717 2874
632348 0
988505 0
358303 623
76160 430
948391 0
93957 1601
781649 2814
610333 1098
123077 2951
775457 0
485054 1441
183919 0
116180 1796
601050 2366
306209 2767
668917 0
85735 933
759983 0
1494 627
786451 0
141732 0
81044 806
508926 115
172311 0
388437 87
100959 0
378054 0
844092 834
353859 2220
384744 0
330020 453
666126 0
816465 0
614311 1459
324982 724
249319 275
59665 2062
771696 0
54135 334
322981 1156
992709 0
681469 0
140498 16
454640 0
114687 882
715345 0
140402 2751
366523 2291
991895 0
107447 384
423482 0
482208 2058
241655 2855
464095 1884
45433 2330
800199 0
513422 585
504343 2467
402177 1015
701701 285
909536 0
172398 0
232488 0
477268 593
270973 2965
121463 787
786773 0
208223 518
811491 0
41726 739
151295 299
991688 0
904374 0
131120 1416
590713 0
50389 2273
974727 0
109394 1560
200500 0
57047 118
149476 2527
675166 0
483577 0
52043 1585
380199 0
224146 0
990226 0
121593 2957
875024 0
898610 0
503233 0
396362 0
942831 0
145774 18
699185 1915
680673 0
129644 0
112858 1759
637995 113
913691 0
463565 929
307044 1218
18083 2001
26729 2180
237262 2221
375921 2146
748172 0
87226 910
294422 1222
20714 1730
490518 0
114505 0
740371 0
295376 958
343271 1092
308161 2467
948406 0
134627 845
225295 2285
169219 965
68919 1375
848230 0
731055 32
450956 0
918030 0
745242 0
459770 2039
474895 578
75167 2297
708309 908
159763 0
185022 1182
90055 192
735889 1044
845856 1495
996751 0
939374 0
938658 0
397093 1811
738572 0
683434 0
578629 0
949836 0
110519 76
88687 1036
950285 0
201619 0
79410 1744
711923 0
583413 2558
861879 142
820835 0
269459 451
372834 532
949838 0
850509 0
147051 643
684683 1207
216589 653
651268 2352
746762 0
660248 0
628776 0
194189 2271
605137 0
479985 0
467420 0
186481 1606
232176 616
331863 0
889510 0
323932 0
732735 0
223195 616
545058 0
29877 2824
995807 0
901504 0
839031 1780
836849 0
226751 348
954407 0
483798 140
926267 0
863874 0
651154 0
462375 0
757587 0
563706 0
268967 2677
500596 0
558028 0
103466 2493
97601 1945
213285 0
498276 595
571007 0
371396 2870
690087 291
8387 765
194523 898
811377 0
348161 388
920294 0
76770 828
270588 2437
426702 2191
433655 0
118010 2147
672217 1063
518066 0
809290 1313
634920 0
26171 2222
187182 1253
578934 0
626794 2941
727755 2501
822963 576
423433 413
677269 0
277521 0
419697 0
788958 0
463741 0
716085 1115
227480 2213
591303 576
977103 0
884393 0
344797 103
132413 158
294327 2544
676471 0
439313 1000
867757 0
816291 246
934732 0
338338 1871
976996 0
755134 0
65113 0
475898 0
797464 0
799401 1393
674221 0
821812 0
713680 902
121805 607
456473 0
269064 1650
906262 0
735860 0
521338 2374
345822 0
396900 1540
166110 2232
189998 2402
772301 0
286375 2254
988280 0
688347 0
563931 0
85878 2461
826844 0
725825 0
560 2689
138123 2908
929640 0
607089 0
968037 0
911328 2668
287172 2702
111396 1555
773593 0
413720 2329
515400 0
791149 0
787766 0
437502 0
156310 2429
705935 1274
799014 0
23025 0
568420 0
85035 2589
767290 0
932149 0
91399 0
827890 0
747991 0
481425 2536
916787 0
568545 0
928754 0
340662 2618
919368 0
301154 1502
57928 2840
234442 0
560820 1581
46506 1580
631954 0
499554 2203
620629 0
822066 0
346414 2346
213685 0
658530 0
80155 2804
982791 0
575064 0
103145 1202
553278 0
576644 0
73932 2405
896282 0
770506 154
495564 0
839862 0
858550 0
829438 0
973943 0
781038 0
213626 1363
132935 2468
151674 979
154709 1648
545067 202
773681 0
574765 2832
25872 36
406880 2705
371208 0
440603 0
197472 1193
436495 0
841904 0
321582 2124
936053 0
779356 0
958196 0
819373 0
410720 0
812194 0
205094 612
875258 0
737926 0
431761 325
87631 2844
714552 0
209534 0
602393 0
571940 207
761086 137
744207 0
187073 1430
354961 0
125533 2801
681266 0
621389 677
835405 0
539579 0
480472 0
303611 1059
536307 0
332771 713
934149 0
479637 0
882206 0
408444 2270
275033 799
776817 0
24813 234
656407 0
404850 0
772244 0
46832 209
261380 0
813616 0
