3000 2819
544457 0
452657 2422
174155 1819
329021 0
937974 0
323835 1882
157111 2752
502439 0
176037 0
998175 0
807099 0
727652 0
993394 0
56458 1866
196653 138
492499 1594
10152 953
67808 705
515497 0
600511 0
887051 0
686792 1690
59970 2690
750402 1515
220856 933
309721 2423
301826 454
428488 2121
232461 0
128397 619
924067 0
466596 0
514499 877
395584 2572
233444 642
242274 1055
121349 2041
464435 0
625990 1033
675636 0
910978 0
86269 1579
16297 2903
271260 1577
124602 2084
235356 1912
164493 167
949128 0
622128 0
262915 0
680070 0
274514 1884
294152 492
720387 1348
54428 1636
824565 0
465628 1878
37303 359
371816 0
83056 742
844288 0
159764 697
470254 451
922507 675
3400 752
464900 0
225105 1948
279959 0
629860 2622
164287 1519
73847 975
636862 0
776242 0
293002 1004
547533 0
187459 2491
973998 0
824981 0
164598 1993
708033 0
250659 2397
63659 1380
601519 2818
468603 0
281404 0
870678 0
521661 0
57903 2202
791068 2183
842691 0
379334 0
246341 0
989847 0
169921 2794
204527 659
63777 1492
620414 0
334153 0
504421 0
405080 0
326950 668
955723 1128
769800 2409
244731 182
236904 1227
527932 0
342314 1998
117711 1400
375093 2956
325061 1698
771176 0
862757 1120
874818 0
391804 388
806934 0
140385 2347
890028 0
537848 823
938122 0
574413 1410
208778 2661
395523 0
488323 1848
921074 0
607252 2847
832 494
536221 623
949408 0
636848 0
609348 2976
39187 2470
983222 0
267694 1054
556663 1398
323567 0
217146 2768
777891 0
857525 0
875643 0
61654 2342
198621 0
770611 0
741362 0
406949 335
223654 588
915957 0
552172 0
659392 0
248768 163
137857 2952
18221 1833
186449 2692
543948 514
705463 743
306751 0
132496 2183
169167 2254
198616 0
330481 0
430189 2118
289816 1706
138765 2277
772100 0
498165 1938
504995 0
298662 420
588906 0
416949 2656
449479 0
883309 0
258556 351
777337 0
236559 1459
172152 0
343282 137
503298 635
422547 0
688082 0
917803 0
45673 437
844782 0
308706 0
207949 1194
648995 0
110294 2160
706882 1156
942273 0
930165 0
484790 2413
428880 0
591682 0
920805 0
211021 809
246064 1353
762881 1852
499491 2019
666155 0
16248 2564
375337 2983
492549 0
33399 1141
967982 0
505080 0
460104 1178
588478 1558
631511 0
227136 0
284679 1634
602959 0
28723 2561
688336 0
832538 0
837873 0
843107 0
278472 0
324874 1359
251260 0
61443 739
45065 2330
883327 0
778372 869
277424 2243
854332 0
791360 0
475345 2848
49912 2022
728121 1957
906431 0
253884 2787
228116 2396
384164 0
472297 0
281313 0
508719 1985
360905 1408
997713 0
827929 0
44672 226
190222 1677
865279 0
57124 0
752043 0
306693 2842
425029 0
341335 0
114437 1280
170799 592
22371 2097
67638 2590
865066 0
484848 0
73877 810
985965 0
970622 0
164124 103
861219 0
949665 0
382254 213
768358 415
40278 2409
873083 0
908366 0
960696 0
490444 0
389845 1096
337208 0
335781 2289
373808 1695
608905 0
759077 0
782517 0
941415 0
309922 0
252805 330
226437 473
82066 0
2630 451
985257 0
803413 0
55217 1613
266510 1604
328782 47
795043 0
551056 0
973612 0
774817 394
362678 1531
543401 0
321062 2020
575935 88
416815 331
586249 0
808666 0
349329 2373
455581 0
464983 0
179821 2857
953449 0
233425 1791
703641 748
667458 0
185238 2030
471630 0
814450 0
438780 1947
601307 0
15155 1642
638830 1925
459615 2797
511485 0
534534 0
296053 2528
506026 0
179195 1629
166577 677
273745 2067
381340 52
789763 0
143962 2806
566479 305
56576 2804
285057 761
525816 266
971846 0
468487 0
621543 0
983863 0
137244 2082
128535 2325
682310 0
395617 51
841509 0
928659 0
920821 0
147613 2930
12270 1928
92855 2961
133076 212
573699 0
675096 0
561602 0
428203 1387
50147 769
788786 0
388906 0
478817 1450
706269 2635
866727 0
129150 2642
894174 0
970262 833
904756 0
430406 2463
848839 2419
199522 0
481351 2955
281566 0
327357 931
994617 0
176486 1555
496807 2890
699479 0
67409 1121
642999 0
720210 0
749658 0
300902 0
471714 0
668383 0
557699 1714
517910 2095
764980 228
175067 2580
258151 0
848825 0
552765 0
104665 2319
991844 0
489527 1907
36377 1031
313385 1697
953040 0
135387 2260
455441 0
361748 0
646962 0
986196 0
569343 38
710942 0
368207 0
612708 837
631518 0
606532 792
467276 0
224648 471
349642 1140
272824 1941
967651 0
39348 527
932164 0
471314 518
475384 2477
275365 0
180182 205
182977 0
133139 0
719379 1756
6681 177
124492 2575
55860 2339
254953 2467
157468 1097
842417 0
582028 0
595275 2458
22442 377
784250 0
79562 375
748920 0
453969 461
553653 2814
733930 0
337180 0
719586 1729
965759 0
441441 1018
817010 0
262104 23
466149 836
737144 0
573274 0
935636 0
737411 0
442685 1339
880663 0
11160 473
612230 1157
942175 0
302588 1038
345818 326
727405 0
813741 532
944223 0
294057 1614
744944 0
208705 0
140515 0
495892 1212
724719 0
743764 0
185742 2817
450131 1435
462427 1252
572117 670
91007 606
828492 0
566205 0
373517 0
926212 0
332387 0
146516 1325
704329 0
46877 2091
964654 0
791790 0
409445 1448
23679 2443
224968 0
233106 1727
181926 1241
795180 0
265731 753
14298 2964
83602 2864
840868 0
655769 0
411125 0
664156 2173
133659 1269
555030 0
578705 0
590497 0
821266 515
804437 0
140742 1085
487220 0
631042 1728
946325 0
202792 365
25813 605
481846 0
649281 0
503284 0
519759 0
714802 0
754009 1826
240428 2555
865736 0
540579 2929
257986 924
620715 0
663145 983
520828 2938
791567 0
914852 0
875514 0
292777 1573
690861 0
982268 0
200660 2834
205360 144
905410 0
410713 0
546708 0
644135 2596
872036 0
171641 119
702404 0
993090 0
289220 0
72152 2049
512991 0
554501 0
149651 0
325473 0
930550 0
940321 0
59918 2724
281847 2038
323577 0
679368 1957
26276 2402
593387 2689
293780 1930
834348 0
183339 857
527187 0
558764 0
924230 0
109181 1382
558308 0
826030 256
917371 0
191644 2554
450631 1924
681595 2025
684318 1469
67248 382
46538 226
638424 2914
887952 0
915845 0
751767 0
516964 0
665299 0
359597 0
945632 2074
691106 0
37814 1304
910335 0
628427 0
317779 0
691415 0
787427 0
44507 2736
370176 0
924908 1018
125683 1229
120990 1856
92717 815
800789 0
395189 0
288024 1759
202389 264
259858 0
883479 0
662329 2169
426573 1291
350591 1701
727925 0
344949 1488
119137 2431
263153 1863
574968 0
145957 0
753830 1346
193212 2429
13507 2428
821059 0
996592 0
771453 0
41527 0
979609 0
512485 2835
588149 0
318965 380
242311 0
908285 0
631312 974
877772 0
536145 27
875631 0
929198 0
701706 2023
353806 400
902663 0
18913 2163
845264 0
939382 0
805123 0
378772 0
448103 0
292687 0
244708 139
742954 766
995552 0
279563 0
205130 2574
645242 1072
465927 0
731797 0
797799 733
301252 2174
163407 1165
761362 0
505218 785
565408 0
131819 1000
881662 0
574817 239
478488 119
167229 1342
296501 2093
636653 0
253865 841
103263 2098
63051 2354
655758 0
368819 725
916709 0
11935 1250
172055 344
477377 0
51835 2216
79507 52
726665 628
288111 2844
417368 1606
728899 0
74835 0
108971 1810
80413 1000
995692 0
973088 0
748268 0
554089 132
317896 2241
162696 550
222182 0
814393 0
666402 1323
993997 0
744117 0
570338 1371
728856 2854
487643 1279
447507 2073
479122 40
750799 1577
688437 0
950146 0
432231 407
933599 0
460767 0
790611 2027
644127 0
267655 0
146519 2071
481427 865
486617 0
467667 0
780649 0
568966 0
70446 178
641661 0
854626 0
538419 0
463494 0
282107 764
344853 1127
363345 1076
816317 0
59310 257
514948 0
58720 2864
897222 0
841245 0
183170 1446
329190 1550
533398 1273
950361 0
963847 0
846107 0
98480 0
89655 1293
497321 2488
667367 1486
272981 303
957366 0
595960 1533
782161 0
121838 1987
258842 2453
431884 0
495367 0
975401 0
179471 2247
860012 0
182792 688
489866 1121
995095 0
975928 0
168229 470
716335 0
916309 0
169812 2500
545518 0
276725 1490
101019 2679
713207 0
545917 1469
339129 0
267362 30
639736 768
554583 0
257626 1128
435284 1272
277094 0
11403 2750
97316 267
175250 0
787195 0
985233 0
960649 0
590608 362
115293 202
907358 0
303893 0
510017 1299
328208 0
315374 0
549430 0
716330 0
367889 1482
668571 0
767472 0
374647 0
439884 0
860153 0
409373 0
949035 0
830072 0
383019 2205
636055 1320
132725 241
547168 0
907834 1736
570148 0
754211 0
538267 0
979214 0
429293 1965
843437 0
664423 27
790037 0
615146 1881
100079 1516
724143 0
167566 1771
913715 0
236900 127
288371 1310
529022 65
394368 0
782609 708
152593 2984
176725 1744
364653 0
65490 2801
942825 0
452669 2421
665642 0
744844 0
618331 0
143779 304
910765 0
17536 273
497375 0
338748 0
9034 1247
436895 342
58957 1288
541922 0
548747 0
169078 2987
845817 0
327897 1288
667268 0
443078 2973
400219 2162
235008 0
534783 0
286821 1440
38081 980
767802 0
474576 1256
934010 0
387867 1550
823147 0
61636 1741
723518 0
624903 0
739850 299
517269 512
370721 0
405176 797
838074 0
860087 1244
856722 0
334937 2972
886017 0
380753 0
40011 811
544917 0
382017 1235
673487 0
17041 2531
379677 1242
64440 2873
831685 0
485110 2607
424365 0
820867 0
135732 2603
235478 1335
837514 0
550435 1882
803589 0
873471 0
909757 0
2574 2026
355882 2050
987022 0
424423 2584
496170 0
814776 0
605503 0
151538 2662
919848 0
609299 0
877538 0
557285 0
44158 652
211797 654
429448 0
723592 0
537253 0
831149 0
57149 583
153610 0
622396 1676
245116 2395
862326 0
459810 0
229108 1136
888653 0
843387 176
789978 0
82062 782
781026 0
475443 1795
201091 0
505998 827
743862 0
925695 0
154593 2919
419984 213
67294 2920
361782 0
69247 1589
683831 0
965965 0
714453 2510
807853 0
212014 37
70397 0
574616 1250
837411 0
593160 0
851763 801
245902 588
160519 2532
868223 0
88145 2711
332688 0
79653 803
788147 0
617282 0
91966 1262
317525 107
534318 0
319978 1704
168117 2946
329558 1261
5716 1616
288762 2133
871477 0
477018 0
200145 1207
119425 2252
979903 0
571653 0
389200 674
814539 1039
962953 0
810635 1767
727127 0
519647 2775
853458 0
930720 2430
622673 0
436015 0
608729 0
347005 975
750399 1992
416615 0
797007 2015
313254 0
507454 586
288152 2212
73361 218
852188 0
946625 0
851308 0
800787 1652
226896 0
677229 0
647662 0
954969 0
514320 2615
671650 0
355823 0
615914 2609
629422 1310
59648 1115
365391 567
495115 0
490107 1996
302739 0
453098 258
151255 2693
881185 0
664127 1436
185076 1652
903596 0
660960 2866
210044 1115
683983 0
826136 0
120752 1578
49262 1718
111053 441
310336 1505
19037 1483
860976 0
54726 629
275734 0
773660 0
311806 1974
66436 0
816400 0
451670 0
684188 0
291045 1259
784497 0
549478 0
583161 0
393548 1676
385357 2170
317771 2361
672087 0
763424 0
284709 969
879371 0
693159 0
160495 2995
460325 0
889940 0
804985 0
247011 1819
671662 2298
273491 0
457832 0
410226 2981
16627 66
710223 0
835871 0
938884 0
229000 583
627940 1876
747258 0
635984 0
297448 0
360218 2930
62535 384
76333 2280
863357 0
278847 1275
589136 1330
46289 1090
685148 1100
472131 0
261957 1716
767980 0
704067 0
553658 675
603660 0
248366 0
148301 268
733549 0
11009 494
262033 2975
757520 0
386133 816
466294 1229
371803 0
588044 0
249175 1046
622724 2968
562126 0
704680 0
291063 2227
35232 201
234996 1290
901778 1745
37581 2653
18084 0
682205 0
266702 0
528944 1083
104290 1438
915383 0
327796 365
436789 0
180720 539
447895 698
898244 1032
190068 0
661484 232
998112 0
982962 0
277486 0
169902 2856
652678 0
599577 0
130334 2099
391161 0
266043 0
285094 131
789287 0
272812 2863
143494 0
89942 0
80914 1172
354561 1744
162132 850
315047 1615
401849 2258
165986 825
261882 2307
420718 0
83986 605
224386 309
604563 2599
193349 1690
25650 414
772942 0
316192 1648
627032 2950
3096 630
732846 0
2041 2697
749239 0
977191 0
765098 0
464100 413
655933 1964
594468 0
100893 1090
893690 0
953297 0
921785 0
876254 0
617615 0
86121 2897
662269 0
420068 2658
381285 0
344776 2388
78202 1675
589039 285
561120 464
773040 488
72731 0
205802 1705
351863 0
857776 0
623645 0
307939 2823
282669 1655
419045 1644
867121 0
25199 1144
239140 249
318186 2092
658886 698
104399 2080
166400 2746
608660 289
691645 0
79950 36
995182 0
457895 723
821549 0
818596 0
742031 2809
316029 0
15260 0
179496 673
137623 1510
613631 0
664412 1027
892272 0
266910 514
284658 2050
667210 1896
436333 1507
676144 2961
341087 1898
637626 0
606178 0
165432 684
341830 0
729767 0
198783 32
396751 615
289409 993
506258 2718
726943 2067
396546 2743
495443 402
308435 2921
642636 0
382621 0
223947 426
448351 0
441227 0
382562 0
937612 0
612006 1066
136236 1170
487622 650
148754 2384
722464 0
146636 0
417676 0
893894 0
877727 0
515705 105
380352 0
425974 922
282133 240
407942 1358
697678 0
469424 1851
489021 0
240487 2560
325242 1244
60187 2579
899078 1871
280158 0
489505 1083
165499 1270
870163 0
515836 0
75361 115
75468 2860
585938 0
686920 0
496729 2677
454839 0
980603 0
740349 0
577578 2373
186159 23
859288 0
854645 0
862578 0
554858 1375
130215 2131
389113 828
73007 2520
932698 0
451498 1147
876590 0
74049 2406
357834 1205
714949 274
322788 0
596949 0
880497 962
388009 0
709951 881
504964 0
196456 1468
612216 0
360116 2193
227167 2340
820115 367
777609 0
61698 1354
552469 2304
700147 2836
106851 517
342364 0
619753 2820
12147 707
456598 2795
276540 362
950926 0
519015 2614
402851 2713
554566 792
330160 0
614640 1824
718877 0
501339 2096
389382 3
866747 800
99806 316
92133 294
76577 78
853491 0
47351 2044
203235 1703
435561 0
800541 0
845337 0
547884 2089
432200 0
101889 2772
700484 664
520901 1712
299052 939
568603 501
433591 434
749629 0
323686 2660
632648 0
266766 0
543857 0
651807 0
481136 0
369873 352
638387 0
954256 0
602952 0
658118 0
909528 0
345577 2028
208430 0
541862 0
656040 445
638562 0
315396 1805
234728 1617
326306 0
509073 0
615154 0
890214 0
108569 1035
943086 0
528724 0
884513 2032
491201 0
139816 1532
226355 1820
865700 682
583296 0
490901 0
607714 0
521499 2442
911008 0
435171 0
865448 0
580285 0
400115 0
746737 0
485882 1834
652337 0
573062 774
625698 0
966995 0
871233 0
404024 1368
138690 2515
719406 0
574017 1184
973832 0
328365 3000
735560 1831
500144 784
352010 1990
927234 0
63218 19
556710 0
557118 0
571129 0
924613 0
153388 1727
417546 2464
79173 2215
877847 0
583945 0
357487 0
608225 348
278070 1349
11664 1282
227288 650
386846 2729
97958 2695
633320 0
818836 0
109183 541
881338 0
622577 2062
310231 2263
33484 1281
387259 0
693193 0
994772 0
319030 0
790628 0
696308 0
697623 0
551050 2687
859604 0
440106 0
142712 86
554167 0
294626 1100
267901 1802
240391 392
602920 2317
358389 0
738743 0
405376 529
533176 1693
45366 2460
397447 0
30638 970
410951 0
138703 2585
18203 603
365248 419
347474 2375
436911 0
365868 2
527336 2136
313236 678
955806 0
722617 0
695834 0
378090 985
789989 0
539755 0
523159 1234
176288 2119
387458 1525
590729 2968
233624 576
594945 0
513871 0
36963 2639
251198 2659
734157 0
863788 0
570096 1208
915040 0
95349 2014
325429 1088
514441 0
313506 2687
965647 0
985067 0
120990 1390
502785 0
633164 0
673244 0
566043 0
366891 1922
671007 0
847853 0
626215 151
491653 0
957155 0
317300 0
109214 747
650534 0
831189 0
230260 1043
512246 911
286496 0
426444 2045
273068 15
492526 0
599022 0
352924 2148
856824 0
808405 0
603471 0
912423 2636
145649 2964
52110 1501
867590 0
449700 272
550685 2288
184115 41
85527 1341
253753 1986
461300 0
250671 0
985629 0
425498 983
341968 0
151964 2256
799603 0
820029 0
15339 805
3051 1900
934828 648
206895 493
837409 1743
442173 0
653633 2408
989582 0
687144 0
86520 959
511862 0
746773 0
301528 1834
757399 0
924962 0
975983 0
360026 0
592105 297
455481 0
231332 1640
895392 0
891431 0
725783 1796
852827 0
557539 140
970662 0
739012 0
53897 2391
246204 474
61968 0
767312 0
517174 0
81535 661
696971 0
110931 533
301583 554
272803 1980
95877 1657
925154 0
483774 0
420925 0
256745 2126
823747 0
439525 0
56775 2849
773936 0
882483 0
976330 0
40468 1704
863613 0
985993 0
496656 0
33160 1339
890696 0
550202 484
145940 2539
485685 2037
687231 0
199449 2829
196536 1198
816734 0
760484 98
944156 0
414951 1657
376442 1733
726265 0
842750 0
87476 18
114083 2193
333520 867
308308 2134
175365 2016
775505 455
226332 2669
505384 0
646965 1872
488932 989
334301 2755
906683 0
106881 0
528811 0
850348 0
120540 196
903082 0
370988 0
237989 740
336693 0
538736 0
147472 2856
615743 0
536372 2569
643273 0
658493 0
963670 0
991358 0
596529 0
379483 2310
229370 1515
555981 0
888415 0
530618 0
419499 0
311590 0
893399 0
275449 765
972115 0
161617 2977
809238 0
711098 0
790249 0
271082 1334
888038 0
667700 0
987021 0
339734 242
402426 1571
37669 1228
399968 0
161328 2320
249864 149
216545 2941
349163 1730
25996 2780
918704 0
331287 861
439404 1899
350422 1625
806296 0
575018 0
327753 2813
45658 922
998260 0
326752 715
90863 980
863359 0
728090 0
143810 1060
976688 0
513265 0
789566 0
249665 85
681372 0
952712 0
497999 0
434088 756
611458 0
46035 1495
992620 0
190247 575
143987 1479
650101 0
336256 756
376601 1904
942487 0
404721 0
585114 0
396055 479
110015 1091
721092 0
541473 0
470990 1507
958703 0
673679 0
797241 0
639657 0
239045 1643
528216 1267
34281 509
80153 1723
902541 0
169648 1874
372256 0
598551 0
332867 1978
694951 0
677071 0
615281 0
599711 1814
241763 960
589222 2275
247738 671
880300 0
392907 0
55995 2616
725495 0
550362 878
143102 1029
152144 1521
19760 1776
88661 2657
94865 1591
949920 0
828990 0
793516 0
945176 0
978989 0
754495 0
963712 0
656022 0
983675 0
333205 2786
918953 0
4520 708
73110 2057
429061 865
827256 0
670120 0
81420 954
587139 2999
883241 0
950106 0
462792 0
815633 0
285159 2482
72290 1815
967710 0
480525 1068
571786 427
795440 0
661791 0
456535 0
129971 2917
490947 0
590356 0
235444 1139
738273 1808
808671 0
318247 0
85553 597
683725 2478
414669 0
837098 0
113396 1822
65986 2742
597660 0
572033 895
204852 1511
401094 0
548755 2713
984218 0
900959 0
57214 2190
184270 0
927772 0
383689 0
332889 2493
715360 1755
657867 0
561002 0
171778 0
954093 0
62157 1502
960913 0
145196 2497
482900 469
59633 1202
380511 766
13078 1241
510591 0
563398 0
702250 0
341856 0
840442 2654
371990 0
179499 507
921750 0
600880 1761
81014 13
606804 2359
39986 506
483311 0
974775 0
516485 1857
694022 0
920270 0
651773 2969
480592 0
243356 1992
662230 0
913809 0
595445 2741
578714 0
617985 555
825168 0
889454 0
698266 2943
2178 641
98813 2021
429876 2198
159446 1656
9822 2845
584376 2598
851215 0
503244 2580
770491 0
823579 0
609978 0
680181 0
534784 1969
60918 2959
163361 2218
709365 0
857661 0
853373 0
402675 1779
472056 0
493890 0
853392 0
905460 0
718664 1337
520620 0
835341 0
703871 0
583982 1639
209961 1041
686983 1351
193195 0
223593 54
344018 0
761235 2117
238627 1258
949069 0
62148 1997
961830 0
457132 1156
163648 1963
65760 1651
105869 2670
405501 1087
2895 967
105258 2110
465027 2880
241527 1501
529615 0
542831 0
476404 0
604440 0
311545 2168
779895 1709
910105 0
47850 58
363907 1613
918511 0
180555 2503
656014 0
23228 1433
549212 0
812784 0
537668 0
851943 0
870844 0
789899 0
63652 729
361296 343
910142 0
329152 2906
736726 0
631024 995
519328 0
108408 310
679079 0
478 2728
121165 1023
927532 0
299178 1334
293489 0
349235 806
62733 1192
546934 0
197099 2370
84302 1108
243445 313
131475 812
695383 941
21769 908
549969 0
971558 0
35888 1575
373666 2982
986042 0
362118 166
332038 2035
665589 0
763544 0
581424 0
692119 2885
767491 0
573625 0
518798 0
549300 0
333659 97
172977 31
492090 173
494000 0
214564 1186
647209 0
656678 0
545395 2232
522093 167
798732 0
936085 0
437706 42
116606 1703
493922 0
919612 0
453805 0
108557 1145
527772 0
782437 0
91215 972
360694 0
936971 0
794138 0
722420 0
805995 0
647999 2641
315801 0
765824 0
699048 0
574603 0
240287 2088
408343 1464
157776 1261
257884 1218
50986 722
252905 2416
825296 0
575733 0
395664 2589
511620 0
913291 0
380062 2591
997141 0
89390 0
156973 2716
473740 0
332286 731
789867 632
878670 0
291915 111
690777 0
778193 0
893626 0
723176 347
484027 1176
301273 0
841579 0
101513 0
214689 0
567193 0
80453 1829
108747 1573
507291 0
434657 0
387382 2573
364899 1340
138957 1824
475301 0
935502 0
84119 1462
68592 2288
375313 0
858037 917
350938 1103
974252 0
356125 872
850276 1048
701250 0
57323 1877
844220 0
640895 0
730765 0
973912 0
326045 1391
914348 0
524132 0
118235 0
326049 368
188621 0
214348 0
828551 0
321618 1608
774183 1135
632370 0
450131 0
588194 0
755718 0
524597 2258
96950 1850
938735 0
980057 0
247609 1981
722295 0
443625 92
513224 0
419256 0
111993 1296
499542 2620
471887 0
627440 0
715763 608
961530 0
266153 2733
320456 80
246590 0
53670 2555
46179 2290
778393 0
232470 0
786578 0
218695 1345
890280 0
883662 0
694862 2441
695407 0
299592 604
990317 0
792892 0
445997 0
801769 0
238014 2545
253959 572
835213 0
88796 35
825561 0
108258 799
209377 74
163550 0
821007 0
135853 2364
168222 1407
505332 1905
782916 0
462571 2619
616339 0
262354 84
435286 311
160428 1678
341329 0
566924 0
188217 2932
224080 536
71978 126
566518 2723
98714 2792
181553 1749
365730 1792
641686 0
914850 0
156222 0
296128 2231
334016 1471
582725 574
253918 2710
59204 2230
408990 2915
643171 0
338611 2990
785795 0
128112 1511
209871 0
7088 1110
317527 2476
99936 483
343202 0
710005 0
493628 0
144977 1449
290451 0
453658 1420
296131 0
144998 456
926344 0
853805 0
872214 0
56633 2598
445277 0
525172 0
954240 0
85797 1433
37644 671
768936 0
914002 0
275505 1259
160443 207
369309 627
436682 0
2310 2113
994184 0
794602 1260
926785 0
838728 0
787055 0
566383 0
268467 0
800777 0
747670 0
339335 1909
434181 2928
603646 0
641982 0
479299 0
625116 0
554953 0
328086 2761
369760 1616
815231 0
562277 1587
849905 1161
596949 2410
623768 2399
909383 0
840974 0
199750 0
434369 294
761332 0
501935 0
892077 0
637751 0
437270 0
289231 2090
37163 1813
578918 0
967468 0
507967 1131
474983 2762
320505 727
95095 1091
369444 918
412132 1971
176900 1296
647440 0
827743 0
683118 2146
231249 1312
43403 2149
958681 0
952477 0
647914 1453
248165 0
117752 2723
353156 2379
775008 0
242824 2908
870066 0
327737 0
772486 0
483686 261
160019 2538
25059 33
973954 0
995688 0
659731 0
147185 622
487869 0
647082 0
94551 1694
183711 1851
585211 1
190005 2172
118677 0
876239 0
953635 0
934301 0
380966 986
409894 2385
797999 0
12182 1109
716933 236
17257 2971
690190 1556
657414 2944
825966 956
872089 0
417360 2966
892038 0
148473 1905
498474 0
100894 1428
643760 0
970343 0
559566 0
594133 0
633062 0
992466 0
813890 0
390478 1734
12732 393
673764 0
890656 0
530513 0
957419 0
299817 873
468130 0
332313 1251
987675 0
326467 0
924657 0
757978 0
580124 1498
58066 1212
685811 0
556038 0
88377 929
341005 0
659535 0
947047 0
308564 2916
644613 1683
968207 0
512917 0
457108 2030
757576 0
699942 1884
340647 2254
900576 0
778959 2246
868211 0
149848 692
309043 1689
269223 493
160204 940
890155 1850
866181 0
932766 0
909399 0
396272 624
5520 225
364926 1211
303832 0
845613 0
896536 0
922275 0
829586 0
848694 916
246289 447
568570 0
898586 0
572031 2916
537018 174
889 527
371407 500
407063 1637
640372 0
324605 2929
686797 0
363785 2436
916198 0
361100 0
656919 0
759200 896
618581 0
828579 0
852561 0
825342 0
843271 1653
786118 0
704747 0
481118 2171
46113 1911
53205 2739
589091 0
868569 0
71326 1074
14647 1540
860265 0
307771 1211
659639 495
823777 0
185540 450
41552 1781
890314 0
351324 571
933857 0
699564 2734
140112 2705
184453 1711
350034 2143
191076 277
845875 203
116588 0
563751 0
943367 0
633855 0
215888 1554
107731 960
69888 261
434965 1525
874930 2188
832498 0
201168 0
908044 0
168769 2457
2113 805
877162 0
93391 2177
822449 0
403861 0
586301 0
249583 2133
231681 1751
101340 1964
34310 1836
723448 0
880557 0
735012 0
240980 0
111366 2559
101866 299
336110 0
193082 352
844955 0
55210 533
662399 0
756091 0
825344 0
672866 755
924993 0
9325 1210
620597 0
505057 1179
527673 0
29458 854
581288 0
945425 0
247583 2792
837495 0
401930 0
7440 1232
402155 0
21465 1787
297416 2988
898343 1228
496561 0
63905 497
25486 2706
441276 0
202397 2439
698617 0
337728 1035
614504 0
272106 705
870731 0
266430 0
580980 0
622370 0
172126 356
868931 0
971117 0
806515 0
381012 0
608773 2889
319928 0
537546 0
340812 127
723937 0
902649 0
717757 0
495713 0
90357 578
795928 0
564093 1055
319685 0
800235 355
1259 187
256804 2732
548667 0
612695 0
782972 0
798104 0
394067 8
302306 2151
344422 1535
416414 645
400044 0
725135 0
561657 0
168988 443
473368 0
441064 2011
875840 0
147630 217
657090 0
174554 74
942902 0
674754 679
180436 1773
29078 1451
463061 0
934755 0
725260 0
350113 0
728888 0
863567 0
75097 2330
324075 1305
279806 2917
77719 0
396909 0
936308 0
645080 2002
103164 895
754147 0
767414 0
334324 2668
803281 2166
491547 180
670471 0
479789 81
178945 0
583063 0
844192 0
52594 411
927348 0
415124 2905
935787 0
897393 2384
48503 1388
607812 0
197642 1922
407361 0
344443 0
199744 2277
204700 95
423117 0
507157 0
608835 1030
808575 0
512195 2668
973230 0
953400 0
724830 0
936870 0
536890 0
979253 0
7189 1799
162248 2822
123044 1738
918424 0
282417 2515
565940 0
545563 702
696039 0
486337 1318
863460 0
148378 1568
132592 682
930672 369
352429 1995
590429 2090
551943 0
581965 0
144949 1480
790338 0
654218 2378
688323 0
45899 343
30450 1396
681734 2800
420697 0
848978 0
925705 0
967962 0
185306 0
555219 0
70806 2912
573169 2913
754334 0
542351 882
445349 0
365151 2764
982253 0
373212 1275
788590 0
604120 0
923722 0
30424 576
203448 271
542487 2828
824236 0
750115 339
294000 30
992388 0
309390 1506
64729 677
330502 934
326827 29
219553 2826
42456 2601
914014 0
396590 556
215837 0
443671 0
122438 16
642859 0
992701 0
233789 447
367856 209
607413 0
925257 0
66497 646
467204 2658
24358 2271
674495 0
421760 0
147504 1307
721954 0
769485 0
680632 0
627777 0
678517 1699
307461 2437
347536 72
378838 2645
328203 2291
576395 0
886754 0
232747 591
814353 0
175193 2063
205183 0
646846 0
571864 0
286868 0
855349 0
101860 0
859195 0
814462 1110
135408 2643
865883 0
305947 2137
651656 1320
972750 0
359733 1170
597447 0
948427 0
67790 2855
99493 1138
805267 0
541975 0
652652 0
29462 2562
989944 0
354200 0
321329 2185
430293 540
143268 491
453467 2957
323301 1197
695721 0
520446 2552
676117 0
519003 0
924615 0
457121 1138
196955 2285
867336 0
442563 2540
236299 1629
949834 0
970938 0
601526 2473
300661 2276
759148 2487
330947 1135
108413 2689
175708 0
474684 0
564953 626
900424 0
966197 0
210685 2343
767857 0
178429 0
197862 1737
905675 0
333489 0
546975 0
134400 652
93696 2279
237726 1198
410861 0
150751 1461
609886 0
879521 0
743443 0
852572 0
324359 0
588155 0
604843 0
868547 0
392543 828
426025 0
153152 1235
424273 0
730062 0
295425 1939
823466 1010
907155 0
320024 0
667550 1184
399609 0
534348 795
536627 2188
264018 2138
83561 2904
347081 0
227914 498
857637 2885
211054 1468
269780 1986
826114 1280
158044 1835
37606 1463
567878 0
728865 2042
451515 0
881644 0
857843 0
186834 749
650476 2145
447383 0
46992 2001
848717 0
415228 314
298942 1307
854637 0
286034 2537
541174 0
681852 0
510581 0
569362 0
955250 0
302690 732
511355 923
556413 0
294994 2040
62834 621
913219 0
316008 150
716122 0
366149 1711
925841 0
543856 1306
366300 0
986744 0
295006 2407
498176 170
314344 1631
134256 2803
586221 0
107480 665
831131 0
723980 0
525997 36
120455 2465
826423 0
671253 0
735872 0
641674 0
729438 0
256457 791
263107 0
858179 0
710008 0
955904 0
423041 1412
693229 0
234288 2236
206509 1029
434365 0
656016 0
394686 0
621976 559
672676 0
327567 932
822686 0
433474 0
859324 0
674999 0
731969 0
616630 0
280672 0
780464 0
676427 1809
470477 318
766996 0
331204 0
54860 1059
369957 0
885544 0
724328 2240
158750 2507
421110 236
300646 0
518877 0
737080 0
7164 1364
937298 855
3896 1745
337401 0
380595 2105
761542 0
859208 0
296678 0
710528 0
597728 1443
594606 0
185420 99
373019 181
526559 0
165068 2494
256384 2127
450769 2180
938130 0
859490 0
266018 2626
648010 0
897338 0
407005 219
654463 566
99465 0
612126 0
668004 0
200359 958
455279 992
685628 0
799922 0
337648 0
599323 0
942238 0
420805 0
119931 2744
573614 0
208968 0
488212 0
452187 633
584665 0
328873 1426
823091 0
524671 0
318482 2043
92816 2649
447800 2739
694900 0
742423 1277
283171 0
589915 2029
203361 2873
610529 0
545954 2521
263021 761
819228 0
288737 1239
28876 0
415755 2716
111862 2955
858147 0
55193 90
105770 1042
289565 2744
729301 312
714293 0
472548 347
467106 0
688704 0
19460 826
423381 0
141902 2280
956752 0
232286 2683
260916 870
597999 224
613326 0
258597 0
146944 949
424433 0
228099 0
884563 1464
471042 0
637236 729
766417 2228
180026 685
12050 1190
958478 0
297893 1061
888189 0
504123 2060
111548 2818
953270 0
447213 0
395023 0
303141 0
510465 2997
783375 758
638416 0
959347 0
948075 0
775201 0
378826 0
990431 0
432491 0
873855 0
924525 0
89092 1277
430688 2603
948013 0
324967 0
847529 0
403258 1315
579742 2793
606705 1246
516817 0
20375 745
211253 2336
154026 1496
150326 2237
383544 1895
750095 2842
700232 921
514929 0
400802 1736
943672 0
183349 634
130599 0
13640 1109
96039 517
238510 0
587180 1379
496834 2103
516339 2435
985544 0
135500 897
570274 0
168692 200
69999 2346
881045 0
771978 0
40324 1207
976757 0
653899 1129
509444 0
229018 0
35513 1828
146580 2380
349750 165
445291 1274
993979 0
379839 0
465724 2806
617659 0
580546 2606
361427 1903
127411 0
71587 1624
380972 0
784066 0
671721 0
782055 0
752956 2650
68559 869
111346 2247
346033 2323
923706 0
153199 0
322978 0
582723 0
32927 1665
743418 0
234660 0
693401 0
903620 0
932001 0
350957 0
631835 1223
548597 0
279827 364
802810 0
995307 0
451382 1845
303924 1208
908960 0
89151 197
460931 604
393601 2228
875929 2673
875862 0
832755 0
280314 0
28710 1122
152700 4
212390 707
497295 0
55907 328
834016 0
159698 177
921140 0
147231 1237
137181 0
749284 598
441096 0
239731 0
92331 2459
827531 0
382268 2628
57386 115
431622 863
694157 1329
860460 0
213963 1292
431807 1962
532360 2564
446770 1909
911037 0
485906 0
649281 2110
404614 721
215068 1860
768430 0
302864 0
500905 1357
929676 531
628113 2903
927615 0
833594 0
620255 0
285103 1308
135943 1302
666468 2142
920725 0
597239 0
574305 0
652776 0
328093 623
937449 0
985667 0
788360 0
719352 0
834548 0
932188 0
143448 569
385069 2767
448649 0
12499 779
818591 0
132845 1722
796881 0
458502 0
537693 2663
420278 0
561607 0
52041 1783
480209 0
871947 0
434430 0
890307 0
73171 0
636315 0
418653 672
408682 0
358066 1084
845870 1554
468321 1557
400540 0
314667 2631
278620 0
306512 702
210507 2380
966061 0
238695 1004
999105 0
780819 0
911567 0
221550 2752
172509 1140
93908 249
154132 0
620842 0
892547 1237
604452 0
506609 538
833061 0
818701 2926
142824 0
500419 0
324401 348
729475 0
249981 1125
401036 0
63468 2001
871707 0
932381 0
114216 449
683118 0
32956 1919
226622 1372
428870 0
414689 0
937425 0
838503 0
55896 2077
443545 0
96643 0
503560 968
532721 0
583823 0
344076 2464
999856 0
194826 2568
343815 1437
425074 0
379033 2753
697768 0
736240 0
775572 0
78104 335
458173 1264
870734 0
154005 1717
364479 0
319292 0
877593 0
109863 1764
901662 0
20770 2617
809160 0
852745 0
398718 2783
983713 0
313800 1980
782257 0
5283 2184
567546 0
25061 669
335846 1179
440212 0
545257 0
113712 2293
325528 171
629266 1494
16354 430
117707 0
394901 0
356465 0
253787 2448
693670 0
149493 293
472399 2927
88697 159
820249 0
763678 762
963564 0
678263 0
716987 0
307118 2278
408990 0
507061 0
569052 0
555369 0
340717 0
296021 0
408890 0
79732 504
773772 2086
432529 1410
254581 681
565748 0
238867 1526
989665 0
174217 2494
101936 839
690076 0
832409 2152
262563 0
632515 0
99140 1512
936152 0
708508 0
418153 0
193194 0
662434 0
154925 1415
675723 0
514008 292
800037 0
132424 2803
103067 838
870073 0
540942 502
586178 542
951439 0
649282 0
180058 2933
57751 799
255600 1021
91605 911
800871 0
744186 0
242900 2356
103751 2664
718534 2348
446619 1086
831826 0
999405 0
451567 0
845202 1451
747299 0
533539 0
203102 0
468659 211
308361 195
571982 2906
344062 1605
9557 2773
401415 592
715991 0
457302 2440
505357 0
819460 0
448932 0
980293 0
143839 1821
619956 0
921814 0
955503 0
661178 0
994609 0
629672 581
417401 1527
848061 25
787226 0
219265 1189
934924 0
813219 0
390780 0
741888 0
305722 1047
760875 413
643236 287
368388 2480
90698 2087
15651 409
699407 0
74704 2730
834981 0
905663 0
154902 153
761222 0
692352 0
671144 0
550686 1316
842341 0
197109 2175
711651 0
611501 2651
387753 1769
201100 0
326304 0
785400 2411
962959 0
829822 0
63171 890
398679 1403
836450 0
682308 0
264121 2949
308045 1325
589125 0
812873 0
715701 0
875551 0
779203 0
263423 2628
581819 0
298481 1319
691326 0
750362 0
892509 0
325154 2363
884914 0
205697 2021
828579 0
200187 1924
307826 1049
858842 0
998260 0
704532 0
222137 538
830563 0
937689 0
345415 2156
488634 0
483598 1119
441456 0
606485 0
760756 0
872907 0
964023 0
735317 0
585321 1443
58107 2725
143463 964
403779 0
219533 317
600625 1795
264741 2201
855126 0
342507 0
651192 0
596463 0
411092 0
713225 0
468702 0
732175 0
856338 0
644153 0
912230 0
860742 0
752832 0
755118 0
940902 0
769865 0
848543 0
908665 0
516995 0
270032 2032
241355 463
814614 0
437921 2060
373283 0
659511 0
859954 0
9839 24
785569 0
172434 710
813211 0
373903 0
370309 56
994045 0
192831 1419
298410 1553
772201 0
209383 728
152038 442
426229 0
298784 2740
612425 1800
394685 157
506819 0
599239 244
945011 0
674034 0
826831 1330
830534 0
66815 2626
853276 0
9459 416
550699 1923
567446 2681
260030 2791
657627 0
179789 2034
964147 0
646279 599
587169 0
663424 0
979485 0
815882 0
901147 0
499943 0
912087 0
238818 2565
695782 291
375344 0
566061 0
340148 0
137989 2986
250466 2141
335119 0
96738 42
999034 0
832341 0
143403 0
736520 0
75746 584
157716 1731
840524 0
69356 931
334236 1740
150739 2108
961807 2061
599037 0
675463 0
54086 2219
758777 0
204255 1823
589909 1598
920002 0
857764 0
406513 0
223770 587
864997 0
746374 0
376245 0
568134 0
949469 0
422603 166
146485 0
831879 0
803428 1521
488007 0
881040 0
512782 743
80925 2692
487538 1756
928621 0
160666 2100
59569 930
164173 1682
373065 1272
252209 0
977060 0
863797 0
287695 1517
382876 2094
91147 2005
551072 0
761039 924
604664 0
306138 2189
503177 0
827406 0
313377 1547
745108 2367
986726 0
564336 0
396751 547
219979 1846
855991 0
735362 0
98822 0
150696 2079
14439 1180
921299 0
393312 0
83747 82
358416 2539
267191 0
181446 2711
151973 0
483504 0
645949 0
954778 0
378828 2823
690962 0
521320 2266
89336 2742
878423 927
491602 0
512246 947
545860 1254
489183 0
602579 0
734992 0
444258 2735
633577 0
699597 0
899707 824
87950 1630
598963 0
592598 0
603018 0
894415 0
478965 2712
478170 0
137309 2167
739562 0
633145 112
307631 2436
221183 0
287473 2495
562580 785
949153 0
332540 1484
696569 0
399010 850
210015 2092
148615 1689
717746 0
641224 0
166679 0
877259 0
864943 601
908470 0
661002 680
518520 110
762955 0
327755 54
882067 0
2654 237
916336 2832
883822 0
982883 0
714032 0
636376 0
858679 0
820621 0
13638 1892
993000 0
565665 0
285124 1155
514750 0
370914 1503
169551 0
705561 0
740277 0
149843 943
51816 1666
701152 2116
984958 0
295625 0
146630 2132
511411 0
240782 2161
307161 2570
778862 2590
324239 0
873429 0
750004 0
702390 0
828268 0
925599 1199
849508 0
186287 1011
178529 2435
305258 902
418138 0
717539 0
196760 1536
954858 0
512741 0
584786 0
242479 2261
122213 1623
973049 0
257905 0
322531 2861
269068 1610
730516 0
269883 903
124614 2523
701052 0
475826 2844
167401 1306
623599 0
128017 1019
802236 0
39960 2655
797039 0
156744 0
481370 1524
760414 0
569656 0
256253 1958
52531 2951
252804 2112
392137 0
329423 1064
665509 2816
115787 0
764990 0
775659 0
954681 0
54344 919
15272 2331
941422 0
652794 0
477935 0
212607 2104
212144 0
9612 26
634237 1937
579323 2895
23328 396
149405 21
479843 0
794304 0
682994 0
631174 0
272157 767
741902 2308
901182 0
316325 2255
745647 0
9125 361
482034 2904
993707 0
848365 0
363990 1845
918845 0
578281 2037
418708 2147
398200 0
674297 0
730241 0
693627 0
105213 851
886765 822
102802 1949
229014 979
208380 1574
638403 2180
393372 0
612759 1650
177738 402
101164 0
33158 1734
10939 2621
321706 1409
398428 1966
412979 120
909165 0
428652 0
512730 0
959969 0
54749 1671
280839 507
259472 2875
724106 0
312026 22
220705 1381
186067 2547
978261 0
1441 357
458941 934
254138 0
287132 552
26998 253
704141 2507
310504 0
556046 2697
417090 1518
681255 0
27584 2457
429397 134
655688 0
352837 2544
934084 0
171506 243
181290 589
481335 0
458781 0
535398 2407
390190 0
646560 0
40476 572
25833 2150
875177 0
250584 0
569301 2632
542140 0
866900 0
202801 2876
385586 640
433039 672
906081 0
764375 0
28593 2901
58663 1542
622556 0
973112 0
97008 1538
492209 1205
698557 2529
666172 0
914096 0
129188 169
389441 2797
97125 810
469125 0
965542 0
660850 0
26025 2840
79727 1962
258880 1559
674283 0
64317 0
982359 0
587566 0
926166 0
168496 1356
356081 2994
523725 0
836507 0
900617 0
487376 0
924085 0
377946 1266
138343 0
404735 2176
784284 0
5772 2114
574817 2947
423105 2718
461207 0
849903 0
235634 55
289959 1294
212207 703
482894 2513
118595 806
763452 0
629639 2966
344940 0
504962 2504
645424 910
775150 1219
917900 0
839274 0
626170 2235
685685 0
644242 0
343793 2634
992255 0
111484 2471
847457 1378
711476 0
276567 1151
769336 1901
337495 1376
965840 0
474848 2947
511818 0
889 963
789861 2351
113558 0
494362 1514
504453 2910
39330 29
389302 0
550284 0
687536 0
740773 0
945849 0
789261 0
891148 0
858874 0
965450 0
551591 369
943385 0
147097 2294
942758 0
927460 0
859978 0
94501 2434
692869 0
803679 0
424228 0
714272 0
287106 1593
338511 1993
735020 0
654527 1581
768017 0
763301 0
152851 2874
333021 1619
848324 0
179239 37
598307 0
789117 0
371519 2857
51770 1289
53892 1563
377154 2499
801753 0
702700 423
819853 0
432749 0
162087 2416
392455 0
867805 0
809376 0
267785 1287
495990 781
789301 0
785300 0
888242 2195
510570 1351
877318 0
11744 1231
765019 0
123902 2997
489127 856
743841 1014
768129 2403
960275 128
989156 0
786950 0
923804 0
177851 1526
511362 0
574 204
763548 0
999770 0
289896 227
384904 0
985258 0
749118 2400
943047 0
526724 0
549109 2585
56840 528
714387 0
269772 0
995545 0
853278 0
818344 0
486799 0
103329 0
692209 2389
421582 1867
84404 840
41299 1476
756160 92
890878 0
202098 2239
655525 1579
836040 0
92293 218
568339 2485
610975 154
193392 1510
425778 2789
65380 1930
896853 0
844674 0
145399 2897
48268 1318
569852 1592
155507 1142
899976 0
273417 1026
168392 276
797794 0
272337 549
2634 2304
22309 952
588834 0
423976 252
703901 0
959932 0
586301 0
427308 1916
108636 2789
129116 1028
796345 0
361159 0
469644 0
397510 0
442792 0
374087 700
952231 0
780846 0
867752 0
168417 693
53290 1051
556841 742
926584 0
773662 76
33132 1230
836871 0
986421 0
971326 0
966588 0
807252 0
252742 1633
610029 0
825381 0
881380 0
567410 0
166000 1547
156827 0
872822 0
648441 0
925455 0
326077 44
908616 0
595808 0
794463 2940
115777 1069
212315 186
752071 0
661645 0
48307 196
873663 0
188131 0
403136 2554
520949 1520
231995 1578
741178 1007
16978 2924
463950 2207
321321 0
972767 0
100860 2297
685953 0
174616 0
203442 754
460314 1155
336680 0
728165 0
850865 1389
452147 410
730381 927
998928 0
782591 0
806458 0
802383 0
294582 1067
393605 0
857877 0
137053 128
838434 0
687385 0
863211 0
576596 0
228637 0
907003 745
619568 0
696547 0
376694 1151
18827 1298
810112 831
467395 0
173796 2721
260779 2478
385210 0
264528 0
435173 1552
322432 1770
168603 0
375968 0
991960 0
451206 892
135998 1193
359416 207
353692 0
667488 0
482904 2892
472138 2879
575583 0
190360 111
972163 0
586205 0
77950 112
767026 1584
472342 0
725893 0
17887 2125
411216 391
147009 2466
786600 0
307387 0
790865 0
551926 1355
965644 0
260087 709
619221 2320
363632 0
66504 383
977092 0
350245 0
903567 0
705634 0
791110 1523
253900 2900
293056 310
314261 1285
777443 0
37240 432
13765 2387
284608 422
169108 1688
752983 462
67664 1276
111831 1855
334690 2843
432240 0
508034 0
958959 0
43933 937
145820 2203
274562 2544
345461 808
374498 2234
444345 2500
691963 2753
654249 0
94354 2571
181023 0
891630 0
604287 804
452658 2441
415363 1373
165808 738
945089 0
339104 2698
496097 1673
487459 2154
983815 0
573497 2484
277653 2527
181548 817
770090 0
44834 1517
523815 0
709479 1534
38616 2944
884037 0
27391 2583
938039 0
409921 0
106294 1162
354513 2155
202505 202
86334 2242
888190 0
745831 0
994535 0
279222 186
13946 1864
428937 0
36322 2377
635581 0
701926 0
750863 0
110536 873
918559 0
526530 2377
143909 0
767284 0
206191 1840
655199 519
832909 0
942442 2444
61849 247
243688 2567
531105 0
64378 148
233142 1721
657424 1934
373357 2899
653576 0
490958 0
225990 1764
862595 0
124101 417
762876 0
995351 0
276105 0
773341 0
613730 0
275307 2449
89631 222
365888 0
612007 0
457195 994
929069 0
682321 2950
135531 530
703137 0
191526 0
146949 794
748869 0
336606 61
546823 0
94584 1238
768620 0
489820 0
985957 0
726392 0
447841 1549
790076 0
458861 0
216679 1529
225502 1585
568893 0
986367 0
81482 1013
461705 0
782793 193
668629 0
739151 0
783129 862
314580 183
804626 0
921163 0
383017 0
53651 2890
412176 0
463748 754
183513 60
182574 0
23632 2053
753120 0
378402 2159
517677 0
871252 0
577872 0
820890 0
182349 2038
179815 69
460679 0
581687 139
676258 0
772903 0
175645 1002
997919 0
646922 1066
245477 0
263870 631
475304 0
449113 0
914582 0
732833 0
390101 1360
240525 1081
67649 0
387140 2945
38213 2974
717558 0
629310 553
646026 0
535751 0
884969 0
878206 2841
40233 1477
699785 0
638165 0
563093 0
253718 0
920458 0
323756 0
144959 2123
806118 0
6521 826
822617 1732
270955 0
123539 2382
89628 1292
767030 0
864233 0
72937 977
678331 0
948167 0
312326 0
964313 0
950723 0
377484 2329
703245 0
360654 2446
809740 0
204821 1049
547292 2680
540698 1900
153372 1459
280921 2827
923457 0
522034 0
464220 0
498017 0
871914 1345
169735 1460
39654 885
679199 0
524419 2881
430393 1793
496845 1839
558797 0
388279 0
391152 1626
187750 2465
677625 190
149453 2980
781652 0
436139 0
716744 1968
913689 0
200765 2495
496064 1269
179088 2064
940472 0
168372 2828
388913 1785
560075 0
214050 64
982144 0
314501 2369
912567 0
807236 534
523520 0
563949 0
160198 0
138158 0
349568 103
989413 0
95354 0
459744 0
741494 0
680303 0
862010 0
547588 0
229898 0
788920 0
298967 0
947036 0
693630 0
691850 1714
646434 1496
962955 0
738646 0
349932 0
162856 0
548925 0
436647 0
329269 245
183301 318
751300 0
141866 1338
510188 1947
471395 0
212702 0
135351 2756
389066 344
12622 1956
827077 279
444458 2337
554142 2898
982018 0
448366 0
757842 0
993210 0
544854 0
769149 0
588628 0
464451 0
997935 0
507784 1797
648256 0
584837 0
956259 0
903296 0
854685 0
559930 0
41542 80
514994 0
822755 0
352494 0
21909 1168
800434 0
322707 0
678722 883
499492 487
247280 505
63285 1271
140341 0
481851 1686
528457 1796
504137 0
654674 578
281163 2153
844481 0
568298 2312
6711 361
737655 2299
587652 212
32383 2157
14770 898
971860 0
525321 259
201091 0
937454 1243
580988 0
587478 0
584351 378
179012 0
355441 0
618091 790
280254 2076
138664 1123
850041 0
924635 0
653154 2267
909626 0
5520 749
200676 2563
308663 1522
655255 0
815746 0
749233 2261
16304 1582
258383 123
127808 0
475424 0
424323 0
970344 0
166794 621
700273 935
1067 1168
152181 791
546903 0
93401 0
887185 2693
567550 0
313543 2192
835640 0
958038 0
557097 0
182238 690
683817 0
420964 0
388761 0
779671 0
886533 0
663424 0
839113 1483
570216 0
41600 891
951352 0
441666 0
577098 499
54288 2578
439483 0
716960 0
158724 2264
926076 0
521154 864
977849 0
996220 0
920187 0
357095 1599
307821 0
144639 2959
291021 1950
169871 76
130748 1080
759182 0
22134 2896
197095 1849
986542 0
403401 2826
126826 2517
761812 0
329374 858
247430 165
263063 194
691483 0
650989 0
710411 0
905449 0
963571 0
488312 0
249301 0
623806 599
74851 133
990565 0
765121 188
904715 0
506110 0
559384 1632
182283 1684
747006 0
436811 1945
143249 0
198059 2376
732617 2805
529305 2181
436675 0
711993 0
347172 697
252034 205
976166 0
569902 0
515986 543
853083 1789
889044 0
890910 1333
852779 0
829082 0
150681 0
837054 0
913014 0
674714 216
77500 914
878702 0
532841 57
151663 2717
674469 24
251049 1533
871293 0
968676 0
35023 1238
107866 564
769327 0
154879 2237
544229 149
679680 0
103200 0
545750 0
768355 0
511277 528
632911 1416
15204 1548
789506 0
316773 2102
229545 2781
278709 1955
759281 0
565266 263
670072 0
149810 17
819309 1418
892927 0
485219 2368
934014 2404
663935 830
380357 397
379996 0
726234 1152
55051 1706
768494 673
204040 0
435658 486
199299 2301
872510 1782
417462 0
20090 498
812235 2874
469714 2116
385859 1009
652134 0
296655 0
667434 0
227490 0
375155 2425
961568 0
933504 0
98154 1873
528617 1561
930020 1735
535774 1588
92222 2273
893779 0
31202 2591
816092 0
326140 0
211456 2024
325636 2889
757121 0
911872 0
442059 0
920772 0
582562 2063
240628 1357
203018 2312
98028 2887
550544 164
479318 0
505783 0
32742 44
986839 0
591029 1405
270751 293
922449 0
283521 2167
670304 0
421150 0
56641 2022
979803 0
311633 0
788779 0
886249 0
820312 0
914928 0
907277 0
117292 2158
152537 1358
697085 0
391021 2204
666582 0
97265 152
370095 1775
868451 0
893348 0
432400 248
231916 963
140296 1936
112324 1284
107321 1859
592689 208
23626 2128
451533 694
1936 1590
181894 380
429061 0
706305 0
664624 0
243357 194
474236 2664
469856 0
65720 2460
529011 1383
105068 2701
39871 1276
445608 0
745016 0
49827 2274
42207 2381
99825 2576
114618 839
458152 0
746869 0
942958 0
105754 1040
101650 387
737564 0
108576 246
147707 0
345144 2173
682728 0
397618 594
414793 2353
820984 1189
15984 1014
594621 0
831775 0
161320 1777
113158 1897
731768 0
415205 1612
731888 841
628342 1126
171027 1640
512864 1031
720537 0
452703 0
425246 0
370947 363
970809 0
629953 0
169418 330
865633 0
333427 2257
626959 1940
15135 1356
785453 0
283608 2841
963219 0
322156 0
627925 0
695658 0
890089 0
667408 1313
12638 2891
709967 0
405640 1642
978158 0
463617 1291
351437 270
231189 2249
749374 0
449759 0
289457 1667
880398 0
333010 1417
727569 0
527378 1204
110699 976
520104 342
542081 2771
375145 214
841257 0
56413 486
617016 0
604087 0
267846 1133
139807 0
780420 0
444682 1586
665198 2250
182456 651
311730 0
832091 0
538041 2556
839008 0
559483 0
917273 0
846002 2196
630282 0
900514 0
344121 832
56895 0
559485 1620
507127 948
655224 0
332425 1481
326218 0
788571 0
616930 2977
586303 0
406915 793
421451 0
621928 1255
901196 86
240179 1414
249502 227
625161 2299
519635 2355
191872 1051
855466 0
172903 565
645788 0
148184 579
537109 2300
804333 0
101089 2429
17651 2302
482974 0
911579 1906
393182 0
409783 0
379509 1178
412688 0
959956 0
615146 2250
241798 0
882584 0
690744 534
372937 0
984812 0
249527 0
203537 0
354035 0
529163 0
162971 1413
534337 0
20216 1106
137742 418
649229 1384
61385 923
727856 0
794572 0
415978 0
617398 0
345808 3000
642981 0
833358 0
913015 1935
415130 2147
885818 0
240039 0
435112 2605
860641 0
857082 1453
693714 0
565654 0
913094 0
270943 0
115453 268
138754 1022
105659 1641
591726 1487
922953 0
703076 0
439653 803
492739 1046
232624 216
778311 0
315819 1401
416386 0
359431 280
74916 301
837091 2472
302526 0
917529 6
748508 0
30603 1108
360971 252
663894 2109
676323 746
788410 0
502717 1841
724695 220
19539 1180
859658 0
604477 0
472298 0
375724 2141
957688 0
836483 0
696931 0
187539 0
401397 0
722116 987
95505 2709
127448 0
891311 0
702952 0
134595 1008
870598 0
901069 0
241748 482
382301 0
698793 0
918999 0
404543 0
428057 2033
49747 1348
173511 563
336043 214
566983 1070
899720 0
727352 0
548355 0
647165 0
335583 0
344187 239
416169 574
169665 59
97382 628
578119 0
388739 0
568773 0
598067 0
113853 2405
736284 0
499484 2960
74190 2911
395783 0
117820 657
995090 0
364279 1482
58505 1542
528207 2129
348648 1157
688364 2244
756071 0
546048 1540
545976 2516
125673 0
768187 0
241072 0
337014 2694
934193 0
562234 0
591397 0
139519 1056
228682 223
46898 1057
266907 0
675112 2058
33408 337
943995 0
805119 0
153541 0
813731 0
437631 1447
212639 2342
964614 0
787985 0
992903 0
379591 1580
418320 2931
46262 926
832699 0
499047 0
615784 0
489503 0
56738 2283
515819 1854
412700 0
727678 0
239961 1367
15515 1406
183051 622
136494 1050
385386 916
387904 0
675784 0
603829 1938
178107 2831
579549 0
475116 0
547482 62
519136 0
913213 0
723533 0
278270 647
245679 0
559009 974
232767 2800
88351 878
232525 1504
783581 238
309276 0
250042 1781
793454 0
354700 0
472184 0
463451 0
204776 2417
154025 2231
74101 2987
412293 95
195066 0
852167 0
887907 0
339807 0
748210 1794
694613 1585
132014 251
825227 0
900603 0
802023 0
419818 2709
827853 0
824025 0
223146 1920
528102 0
234103 164
246263 1075
756300 0
983855 0
465766 0
278091 0
761536 0
466190 0
659013 0
931710 0
112932 1842
942902 0
572555 0
191566 1836
144744 1858
165837 1266
579741 0
240169 790
33728 2232
520584 0
739141 0
848666 0
58341 2635
204793 1388
411446 322
720385 701
17590 1028
746560 0
599635 0
758532 0
319907 405
865970 0
582466 121
666393 0
171265 1820
457957 0
704255 852
673608 0
622985 0
202916 2444
663210 2893
614305 0
138446 2624
638108 0
196520 1915
545435 0
262374 1607
159318 397
832635 0
673851 0
872852 0
604861 2327
144033 2423
480856 0
138639 767
881460 0
312079 0
90941 2812
352146 0
230844 325
497886 0
142293 1804
278502 2016
358827 2481
340901 0
614929 0
618366 0
991108 0
371665 1421
650310 0
935751 0
933513 2318
871492 2191
325796 0
739415 2284
622204 0
559213 0
454561 0
767686 114
639756 1394
94621 2359
799121 0
995681 0
793599 0
105822 2572
767828 0
144761 611
428189 0
660592 0
39840 663
269709 0
768406 0
755439 0
827640 0
514705 504
101677 1378
807782 0
81337 902
918698 0
644861 0
765994 1225
698014 0
189377 481
441616 1667
805420 0
596374 0
329950 317
358395 988
828974 0
563870 1683
65270 2696
583185 0
7892 2706
823032 0
892244 0
590012 610
316480 2467
17295 1518
335357 0
432210 2392
347656 452
516598 1183
729032 0
846310 0
555082 1073
702954 2629
718408 0
870744 1092
584122 1361
807095 1079
949446 0
786203 0
948745 2627
231280 1792
572205 0
762681 0
520195 0
145229 2053
336332 2335
44852 502
133123 0
169140 0
306799 2403
371485 1692
579122 0
730050 2833
306305 41
614380 2371
323961 1621
170184 0
879770 0
627713 2558
713870 0
583759 0
847964 0
746987 1650
265334 0
847654 0
761744 1890
782017 0
382142 2619
467496 2089
814883 2525
592092 1424
339542 0
448923 438
383988 1489
794479 2303
632030 291
682402 0
979452 0
662185 0
498178 2355
617754 0
727590 197
818212 0
234090 0
581501 353
412152 0
190669 0
104497 26
659933 0
443741 435
504278 2308
720825 0
652466 0
816641 0
701579 0
623428 0
205150 949
545703 2075
655510 831
195362 1875
922592 0
191552 2568
838709 0
29787 1970
438510 2833
867925 0
617478 0
236681 0
556678 0
303517 2559
428868 1113
46061 2286
272258 0
874241 0
105341 1586
843432 0
317159 436
570772 0
254420 994
283204 421
35864 1016
112117 2851
719251 0
940371 0
568058 2872
271892 2102
130673 275
924223 0
925821 0
640093 0
537405 0
631193 0
759815 0
418817 0
229840 0
955116 0
299878 0
475115 620
108819 2136
135054 0
585339 0
713235 0
630415 0
793763 0
636276 0
906031 0
278675 2549
549556 1300
427503 0
405641 0
434457 2391
473338 0
985411 0
61573 2490
740877 2915
506509 0
940795 0
888294 452
828811 0
308879 2211
716066 0
235383 2066
484963 1885
984473 0
863959 0
908519 0
474919 0
261435 1206
111719 1134
974261 0
126700 1216
10400 193
821006 0
928246 0
269658 1799
517611 0
851034 0
115969 2491
101562 957
859369 0
116655 1908
719934 0
849955 0
563755 0
141383 1017
88737 2296
543039 0
480613 0
455736 0
296994 820
297410 548
416254 0
832201 0
395748 217
695816 0
263156 1837
500208 2676
76735 991
767976 0
910245 0
643786 2221
283377 0
864359 1167
880324 0
831356 0
788934 2419
608681 0
884377 0
325154 567
972828 0
416203 947
480002 2483
168021 2369
340497 0
944647 909
310220 0
579704 0
867000 0
272974 1672
630756 1024
512844 0
844352 0
807097 0
67253 0
539254 500
225881 704
632233 0
334296 0
380703 0
342341 1545
895445 0
628307 0
410036 0
538401 0
89340 2194
269107 1726
891681 0
264281 0
654758 0
597682 1894
98269 577
387199 0
58871 2704
462560 2520
957214 0
982025 0
755545 0
563931 521
55955 147
134974 967
830196 0
11131 59
537384 2592
674809 0
951233 0
639272 0
117227 0
547536 0
79719 1380
660062 0
488679 0
55853 2579
80372 883
376409 0
496213 1663
850520 0
620544 819
981151 0
514481 1499
994471 0
318978 2610
509111 1644
993287 0
253252 683
764367 0
214201 2208
975657 0
725560 0
425442 0
931760 0
497774 2530
143975 2456
89776 2805
377694 1153
224331 1177
244890 143
84377 2971
22285 181
135013 1013
23884 856
632598 0
700742 0
103904 985
328482 20
134150 1946
664165 2023
79960 265
892582 0
538409 2345
574698 0
973550 0
981159 0
306117 2878
845916 0
204022 1742
495320 0
153035 152
19137 2819
439818 2953
713880 0
68576 741
157189 2902
804019 0
793578 0
844008 0
542559 0
784352 0
691747 0
55093 1853
94786 1769
936740 0
598457 0
207209 2002
525254 0
196377 1037
211723 2313
89754 1913
823585 0
522337 48
341559 1735
124499 2576
631697 0
934068 0
201547 255
270167 0
210697 573
101704 234
187388 537
896636 0
990088 0
946072 0
409933 851
497728 2137
799563 0
939574 0
577400 0
449845 34
833188 0
934592 0
263306 2577
613352 350
208399 1016
655936 1654
23766 13
714058 0
773319 0
306796 2920
935519 0
970784 0
745924 0
358808 1267
695100 1742
333461 1594
447038 1137
972095 0
937695 0
279564 262
38556 0
868577 0
935630 0
84141 2101
749266 1099
488885 0
957486 0
744137 0
739888 0
851382 0
541292 1921
874922 0
771278 0
59943 150
778861 0
295896 0
670543 0
984394 0
615827 0
150166 1602
392511 2999
809627 0
655569 321
862639 0
869276 0
824521 0
22421 2400
47087 1369
184493 2024
851333 0
246480 1173
232352 885
654149 0
52249 2642
542481 1240
949496 0
616865 0
848422 1927
472651 0
598151 0
427155 801
584 955
398005 2169
65470 728
275817 285
496224 0
554534 2900
36031 724
412088 1409
731657 0
565097 1944
936235 0
63078 100
669665 0
415998 0
37268 770
462822 281
541099 1890
468139 2621
588242 796
262420 0
80010 312
346466 230
434451 1303
502967 0
967328 0
650330 0
93500 1321
328903 408
925660 0
136653 0
962914 0
187569 618
899464 0
185397 5
905260 0
902237 2315
651178 0
63027 1404
365596 871
473827 0
446247 0
211510 1082
149609 0
57487 1508
122694 2876
395118 0
899134 0
985425 275
499158 1085
56744 2114
310311 0
254904 0
889375 0
396508 0
469683 2145
719812 0
333249 53
187250 0
679758 0
501843 0
403377 1061
324715 2260
918448 0
360704 46
407670 0
787257 0
442646 2448
620349 0
655294 0
33433 2479
495592 0
122017 651
487459 0
176103 1136
954367 0
387376 1062
885031 0
511060 2834
890630 503
565981 1713
947161 0
641023 2454
37680 2993
669327 0
837549 0
752035 1702
464257 0
581772 2954
403900 1116
447329 1172
109301 2343
389929 0
909638 0
846262 0
125506 116
647278 308
389053 725
626597 643
776169 0
737147 0
533969 0
828454 706
615831 0
947535 0
682812 0
728756 0
344424 585
988308 0
738658 0
594065 2581
925584 0
18597 627
40674 668
490990 1500
658964 0
474536 1326
191392 2700
898778 0
579383 0
777005 0
929177 0
467206 0
183318 2582
10648 2523
68964 1932
995792 0
413589 1622
761594 2003
916337 0
555870 0
279465 1387
634338 1423
911245 0
494669 0
928256 0
549486 0
929256 0
42606 2648
521736 0
3230 699
831221 0
217857 2362
215134 2065
452034 0
255178 2007
859287 0
254870 996
924053 0
380535 453
183890 0
799594 0
656489 1094
624963 2867
592882 2043
114390 2776
718471 0
278236 523
254401 1581
550635 0
702542 0
966472 0
645785 0
453343 0
974048 0
977646 0
510212 2660
853114 0
403143 2813
278473 108
705929 0
880928 0
721598 2854
685195 0
736770 2200
378318 0
31455 1871
220486 2086
148244 198
267244 2115
164980 245
685224 0
873533 0
550125 0
724542 0
714756 0
342978 763
406439 450
319043 271
603304 656
356974 0
374131 0
212852 889
951288 0
109862 0
288897 1052
6547 1516
511217 1558
674521 0
213443 104
64614 60
904982 0
990085 0
686330 0
708112 0
860565 0
285730 0
137119 1940
316219 1597
726502 2672
658440 0
439030 340
932849 871
191789 0
747247 0
345085 0
165042 1427
309533 2201
421162 2637
652360 757
46150 1294
487602 2414
989374 0
234398 1861
632735 2013
617827 0
56605 2383
71382 2413
64489 0
815406 1114
984135 0
7626 945
54677 2315
360545 1645
121050 2446
894859 0
676828 1129
712632 0
474323 0
651147 0
205354 1465
581443 606
498717 1441
821182 0
220880 872
109124 0
831697 0
831431 0
90507 894
72828 1826
211529 1844
312434 45
531821 0
968578 0
719686 161
521258 1552
51559 2785
347538 982
864856 0
544707 613
285061 2397
487173 0
647277 860
908853 0
348263 0
493906 2379
71690 1902
107979 1509
236897 0
720279 2362
249725 25
425243 1570
20622 1684
24429 2350
804249 897
185281 1257
285244 132
61166 264
253573 1760
85525 2085
466122 2765
459913 1436
71273 1780
923309 0
810985 0
50248 2731
479043 0
826960 0
814810 0
714217 0
256675 265
21031 433
672019 0
951586 0
390384 2909
831741 834
325877 77
728774 0
623467 2837
379589 2945
499564 1437
531662 1472
444166 2941
651663 0
398060 0
87297 0
423266 1604
885229 0
288544 1376
159509 1057
48438 2901
242667 304
576959 740
765238 0
855537 0
3716 2135
23769 179
541355 0
699268 0
705569 0
9192 674
76098 1003
259257 1001
170093 2264
351177 0
806937 0
427081 1645
768212 0
10019 146
971692 0
360946 2505
52393 433
935266 0
950967 0
612749 1391
188054 162
145000 2780
762404 0
951596 0
46933 435
279324 240
601194 1322
544797 2213
83074 2613
25601 2399
4043 2420
993547 0
241745 1506
103451 1861
998824 0
367202 0
904788 0
625655 1632
594383 0
202952 513
50076 2387
968645 0
40031 687
866833 1725
478483 2771
520587 0
493287 959
520322 1233
661114 0
213329 2482
464989 0
24864 2206
602002 1231
232790 670
134538 775
697559 2262
378616 1349
958527 0
489482 655
602637 0
328333 0
269015 2360
213690 1234
468653 0
322603 2639
285188 2633
611941 0
323341 259
437870 0
432747 2367
188694 468
586217 2344
51734 730
756714 0
443100 2666
389463 1967
514313 0
46701 0
724620 0
840731 0
111647 717
443813 0
144285 2535
689835 0
661098 609
931065 0
856453 0
554629 2524
954330 2758
564949 0
815410 0
736594 0
194957 1662
736683 0
688990 0
38149 2143
790216 0
305258 0
339290 8
530994 0
983219 0
985137 0
470219 0
293481 0
150979 67
781985 0
368430 1130
284569 2853
888306 0
605243 0
717421 1564
351996 2150
215838 680
219291 2521
70672 2062
499509 1853
581861 0
735934 1948
670823 0
440843 0
206048 1305
481636 100
72188 2245
258084 0
525795 0
129843 1304
932290 0
518222 0
432924 0
255157 0
25100 1312
383094 795
5493 1527
875414 0
552582 0
844089 1048
803410 0
365875 2514
746123 0
441477 553
312212 1069
640749 0
88574 847
663909 0
550544 0
535359 0
508629 1539
764585 0
293147 2454
848647 0
649326 0
203122 0
710827 0
144331 1990
287856 0
686407 2215
422287 83
445007 2991
388566 544
128259 0
139915 1017
223655 2210
355403 1780
520321 1158
408328 0
797508 457
270333 1953
342346 2637
297531 930
873150 0
84258 1493
506120 0
19587 1583
303468 2046
569899 0
946510 0
970286 0
889769 0
514684 0
261206 1705
218741 0
574663 0
707096 0
335309 2349
876427 2303
212187 2187
151830 2394
182810 525
449612 2087
735662 0
307095 0
294611 424
337690 0
376263 1619
409132 332
377079 1084
246367 2884
693683 835
106095 1130
935179 0
152168 981
438669 1732
272421 251
643751 1739
234269 0
633820 632
612270 2036
223652 2938
854417 0
25226 1192
609097 0
363031 1323
844125 0
743519 0
83705 2570
445127 0
768043 2270
469522 1476
621098 0
592319 0
882335 0
43755 1873
640608 0
450180 1471
641094 1973
704656 0
200030 2872
41407 387
46640 1062
649039 2278
811611 0
948427 0
800864 0
176908 2470
740707 0
594302 1772
649093 600
465237 1089
99737 2487
530037 0
426942 1370
982195 0
769629 0
64849 1862
455132 0
209872 1560
349833 484
679225 0
183340 1217
751636 0
631390 0
139935 2867
144253 2047
990964 0
327644 2645
608230 389
234479 1340
257934 0
281323 0
88288 757
669636 0
622005 2926
533932 0
647671 2225
150843 1923
8035 206
933160 0
638420 0
286725 1959
932553 0
928596 0
115780 58
600450 2839
593711 2426
44267 2221
99400 0
33800 1181
444931 0
515501 1268
644297 2309
647657 0
596922 0
408550 1038
498768 0
40552 2667
975672 0
426903 2220
762597 0
557442 2310
966143 0
497393 1479
298068 0
966338 0
113008 2290
39510 339
867011 0
896818 0
78850 399
348014 0
145327 2935
630125 2602
814366 0
809183 0
810744 2033
383168 1042
833253 0
234710 1099
870755 0
772028 0
22662 235
178533 0
468689 199
258956 0
561603 2144
274750 1523
296314 490
57333 981
68882 391
179518 1098
513046 0
695195 0
142090 1771
903109 0
994026 0
7324 1892
173323 279
989773 0
490658 0
931139 0
425800 638
2316 1221
810812 0
242532 0
878164 0
425501 1381
514394 582
585873 0
510573 0
388647 944
444096 1336
619424 0
591589 0
940342 0
104572 28
299050 2675
994525 0
901539 0
476227 1609
752466 0
644985 607
568921 0
359726 224
685053 0
95447 1772
698966 263
323517 1637
804719 0
598181 0
538022 1776
876973 0
722123 0
362592 2829
863801 0
903838 0
702252 0
510285 1319
805442 0
314103 0
14012 821
29571 2066
716084 287
635922 0
116970 2545
683267 0
57470 1434
159817 0
315680 390
956597 0
397316 1005
389008 480
908295 0
289879 185
25890 1118
551180 2008
241060 2791
799990 2846
969416 732
345981 0
442724 0
817632 0
916596 0
794638 0
159671 1898
868312 0
547010 0
397191 1544
913987 0
486840 551
364398 1715
518377 812
625061 0
727774 0
593688 1076
972451 0
565648 2168
937487 0
837293 0
517730 0
987667 0
492762 0
259746 1020
662052 0
655518 0
600837 0
214374 1817
198428 2827
156756 476
734238 0
20738 2766
814861 0
539657 0
377102 910
265923 286
895618 0
869839 1761
262453 2747
421051 0
29969 590
3119 2868
606859 0
185629 377
31767 426
493676 2625
413025 2240
88435 1856
177246 2652
163195 868
497098 0
433370 2070
916751 0
46598 1807
644692 0
624516 1219
96081 2989
551957 176
63597 535
642683 0
115373 2908
237931 2676
92729 73
735429 0
792176 0
760644 2333
793175 0
604308 0
743626 0
926388 0
106451 1226
369096 779
974232 0
312406 0
890875 1365
252868 2850
840935 0
897987 0
256090 0
389548 0
576669 2422
613212 0
175032 12
803007 0
633974 0
835762 0
459912 495
124936 0
160334 2996
817049 0
25159 1717
541172 0
744883 0
22711 1659
235694 449
268529 0
432538 472
400533 0
925638 0
154110 662
628777 637
671118 0
461984 852
234405 1337
216611 2132
175611 1754
931853 0
476685 0
697545 0
615362 0
923253 0
794487 0
238294 1470
103932 351
119657 0
121194 561
954902 0
921026 0
935347 0
904872 0
