3000 2220
793916 2738
659444 1649
928251 0
162244 290
640396 0
999629 0
31638 1558
891173 0
550170 0
128922 228
642056 45
267838 854
538615 0
234999 2307
576119 0
82445 2191
632384 205
13762 911
726873 0
457870 2432
444684 2496
569302 0
504026 908
679897 1096
577794 1335
546552 1076
792265 0
633657 2931
6314 265
641570 0
223752 1423
199327 2401
987742 0
364993 249
152226 2013
592590 858
723123 2095
290675 906
10646 999
337570 2412
652957 0
83767 2112
783297 0
873037 0
144976 456
940733 0
678973 0
492390 1820
18592 1883
435012 253
34886 724
219448 2342
334137 266
962441 0
994444 0
23186 1149
576301 1530
940271 0
104410 606
824703 0
875885 0
537026 0
163869 145
742496 0
284490 342
495754 2999
626936 0
302657 0
661289 0
536913 0
784365 0
541104 2998
455955 25
388321 1793
25997 1714
103218 1909
792879 0
648355 0
602627 2816
520467 1763
340717 0
95416 0
15991 2569
695433 0
524694 2110
607028 0
572758 0
393673 1648
46869 501
601636 2
109263 1969
664020 667
590445 1183
358515 876
472853 2790
409111 2013
146956 1190
188137 0
724903 1997
848868 0
921999 0
981336 0
515201 2765
667143 0
367774 651
736746 0
383188 0
997848 0
371943 2615
401286 0
765677 0
575640 2431
923441 0
242130 1032
180699 474
609135 603
776993 0
903352 0
315738 627
859086 0
280453 0
903230 0
48803 2141
981979 0
99987 2187
717123 0
616922 287
20541 1728
452475 2197
255284 0
910858 0
745281 58
909873 0
694682 2827
935252 0
94268 2398
143947 972
942106 0
940365 0
650531 1824
715656 1552
717695 0
26158 2936
282775 1129
86208 2532
759027 2002
441353 0
913526 0
326379 1852
848088 0
343154 0
24313 833
882220 0
329762 680
75934 193
581356 0
436957 0
446808 300
272319 1657
926189 0
542982 0
492983 0
596292 2241
917657 0
660793 0
784496 0
195437 544
867719 0
305873 0
438222 0
828988 0
103858 317
46886 1291
600974 1700
370406 1539
338979 0
142211 1665
643436 0
561234 0
281949 0
26602 2466
492256 0
47754 376
132505 2562
769258 0
485284 0
327242 1582
239298 162
806514 0
595611 0
839995 0
607148 861
663485 0
48262 183
226066 2937
267853 0
724160 0
713141 1516
446563 93
20782 2031
626849 0
542700 2892
974877 0
84393 570
533051 0
141116 544
399369 1575
811542 0
614397 872
980040 0
852560 0
34228 2947
412029 0
903752 0
458095 1047
467045 2959
709004 1444
207852 2197
557879 2283
177866 0
90829 2152
552819 1515
452916 1376
378938 213
987405 0
169599 558
82584 2473
954727 0
277816 0
832740 948
491871 0
647770 0
43020 2215
476726 1573
593361 0
254892 2028
336647 1427
152687 2498
368511 2425
948488 0
778396 0
115793 2633
503233 612
467498 0
374940 450
944194 0
696521 0
4259 2113
334103 2352
201248 241
963348 0
135602 1832
141999 1760
535598 2477
466855 1132
962573 0
39276 1539
539144 0
642105 0
504745 0
208525 2061
615216 1339
68470 11
161737 2905
388543 2572
259071 465
717484 0
782759 1445
52605 1543
639244 0
468987 801
938650 0
801854 0
117139 2419
912399 0
455307 2540
23352 439
552007 0
53314 2371
98282 2537
844476 0
886859 0
461434 0
584441 2761
100895 2220
961304 236
680193 0
986253 0
126392 0
504248 0
121096 1295
663882 1716
500955 1779
455984 401
142213 991
229236 2604
549221 2472
173067 38
435999 2543
13450 159
293579 932
4164 1696
804492 0
847351 0
416340 0
733963 2471
855049 0
16014 1123
146953 1404
299566 0
177021 2414
632080 0
943861 0
885434 71
137545 0
209288 0
507614 1764
278383 1567
874292 0
71117 691
65865 242
282495 681
489476 0
20744 1015
510884 2451
276196 1897
247988 455
303055 2980
829475 0
819027 2320
537350 2811
905765 0
9003 250
845195 0
34585 0
929007 0
920246 0
145075 0
54762 2637
649737 0
764303 2758
141631 1762
232604 0
879114 0
296671 0
131979 2841
217100 0
334864 2014
314695 0
180712 2980
671726 0
861130 0
544469 0
667543 0
198150 237
969785 0
597661 0
292819 1356
46765 171
29087 2026
199287 1831
819241 669
526591 0
465879 0
909334 0
856687 0
210333 0
406701 743
297987 491
373910 0
332233 634
696213 0
602945 1729
283758 1746
877761 0
644654 2727
338761 191
500246 0
960320 0
592010 2525
237788 476
238094 83
824300 0
20932 1972
935187 0
23899 141
536579 1406
933967 0
520460 12
120803 623
611231 0
802569 0
302986 1788
470147 2078
807379 2335
948238 0
679589 2189
949322 0
709534 0
991326 0
121033 180
467050 2229
341935 2152
225103 375
838410 0
305005 0
556073 0
188536 0
987119 0
635034 0
784409 0
828479 0
517270 0
507392 275
506333 0
715347 0
286183 0
573615 0
559023 0
554021 0
770054 1993
229586 0
131832 1308
428236 0
206831 0
535955 0
515503 989
175408 1167
674760 1481
502144 160
161315 333
747178 0
818122 0
820706 0
304913 652
304484 0
442539 398
720224 2196
685453 2708
411546 870
849283 0
219471 2360
691562 0
720973 0
977538 0
809713 798
50699 1397
233617 0
52362 1318
470923 0
355073 0
55444 1082
900768 0
696475 0
280206 1821
438379 1167
330328 1725
193454 0
484349 2325
206010 565
504298 632
788404 0
305209 2545
611093 0
715596 802
10674 750
37170 2409
282173 1850
672148 1218
397733 1803
925565 0
324717 0
472760 1185
430376 2411
757753 0
394240 0
738406 0
410294 1394
151529 2369
146856 1895
665423 0
75821 733
238871 2610
373672 0
771458 0
714384 0
591331 0
327222 2748
114059 644
128447 2668
423241 1473
585367 0
628088 0
806270 0
537176 0
410813 1251
746159 0
490060 1833
683253 0
194527 327
299427 2905
19817 1131
495401 1376
839096 0
47350 70
934417 0
583822 0
870049 0
607926 0
850482 0
567661 2230
505321 1866
636847 0
909321 0
949324 0
434954 0
296317 0
183382 0
96839 580
598025 928
727814 0
779896 0
39819 33
553461 783
144901 0
600049 0
865638 0
45310 2807
432548 0
270739 0
837547 0
325679 0
701228 0
154810 0
998310 0
435003 0
345275 2998
57590 1765
205490 0
184153 1217
527176 500
856468 0
913914 0
287252 2031
84093 2208
886522 1947
909261 0
912720 0
642497 0
892362 0
334724 2310
336922 754
550502 0
313559 1580
928346 0
782786 0
747629 0
439824 1060
640779 1914
601633 0
253628 1963
666743 0
560178 0
829094 0
144822 2084
417431 1202
612736 2904
152087 0
29126 1099
663428 0
907708 0
326955 0
861418 0
974415 0
870365 0
789165 0
637732 2367
924019 0
631002 2643
650180 0
608304 1226
633668 10
462783 1584
655949 0
484517 925
978071 0
390658 0
383208 141
528626 0
958310 0
584218 0
85214 0
947910 0
797751 0
805198 0
733412 0
747079 591
610779 0
76413 216
271893 2073
374474 2745
432029 521
424617 807
33897 1399
720509 673
403239 1078
273750 0
641571 0
244382 2388
25651 623
363604 1578
307280 0
415296 1599
6906 2055
591849 2266
187809 1221
675368 0
193790 337
693433 185
325729 2292
55790 1669
637383 0
394598 1343
586489 0
154642 383
423976 394
72873 2281
804588 0
55216 0
310393 804
273529 0
645794 0
631547 0
848996 0
869168 0
685606 0
775668 0
918976 0
882855 0
129062 1335
256435 0
945095 0
751732 0
850955 0
665387 2001
54730 2624
984968 0
355946 0
759752 1625
544001 927
345408 0
444893 782
266639 0
611365 0
502260 0
627156 0
141322 164
140702 1626
543753 0
340979 0
385129 1536
734625 0
943093 0
215249 0
855370 2945
940425 0
852174 0
932561 0
728406 0
865904 0
373609 2677
807121 272
73416 2404
485406 0
121619 0
738469 0
607380 0
78287 2587
816227 2740
39788 773
315410 2243
940013 0
254646 2224
439815 0
787391 0
169287 1952
444810 0
169390 2610
962003 0
103602 200
505742 0
508067 1260
716940 0
585698 0
748450 1991
997038 0
462851 2598
960842 0
866612 0
171499 2306
538199 2566
667895 0
430735 2023
432514 0
356209 1484
66160 2116
422251 711
301309 0
737502 0
16487 1672
210869 202
968476 0
135153 326
508862 2188
51390 1188
75366 2697
910556 0
671022 0
937810 0
662442 806
350241 16
221613 2613
156002 332
930531 0
598203 0
136631 2330
388426 2982
774451 0
287676 0
505429 0
705112 0
909625 0
667549 0
183159 988
890484 1573
436234 837
763274 0
466156 0
734491 605
775654 0
680653 0
818086 0
679215 366
988406 0
887254 0
299804 0
653728 351
961971 0
798699 0
480786 2281
20182 2325
471626 917
735416 0
566565 0
694335 0
844994 0
563562 0
744887 368
281482 694
484803 0
662120 0
438094 0
721358 0
151934 1831
675182 0
570292 0
428137 273
873975 0
193843 1006
493040 2442
591364 2939
627187 0
393334 0
309935 0
905660 0
515119 2701
326547 522
290406 0
594839 0
259260 95
913348 0
804979 0
253922 380
737063 0
236099 1594
482397 0
246155 154
114678 2041
623920 0
150369 2428
735520 5
9848 2742
892894 0
71091 875
707236 2433
180452 2084
3012 1268
82756 2270
78047 2795
481112 2119
266629 1761
100461 377
565032 0
63187 1282
365543 0
973773 0
359929 2355
527747 1602
679125 0
190169 0
316679 80
841420 0
351228 0
300707 615
858929 0
631844 0
669879 2443
936276 0
280689 1096
818455 0
700046 1729
794816 0
65412 2075
950099 0
890773 0
808369 2200
866815 0
517084 1268
698824 0
504716 0
968680 0
107580 230
608587 2064
586405 1439
592035 0
772327 0
898626 0
302151 1262
280881 2274
860813 0
136314 1288
278502 0
950207 0
145913 1121
610191 0
212476 1844
208908 2441
470150 283
245685 1812
183634 1855
150062 467
817450 0
170181 2512
335805 1428
489866 0
48189 395
724822 2335
54739 1583
294018 0
984301 0
349470 0
816513 1940
873620 0
984378 0
596480 0
569038 0
648524 0
797297 0
150210 975
203450 1460
428646 0
15062 1414
981392 0
6019 2935
629532 995
262044 2531
734646 0
154705 1168
39687 458
318379 2907
615210 0
921152 0
362878 0
841921 0
142193 2238
759955 0
562356 215
501709 1451
907837 0
33969 2286
472630 0
17245 50
867163 0
148159 841
54795 418
443019 0
170707 202
141892 2752
224535 2189
100916 1927
711264 0
199206 1104
69236 2351
752186 0
84811 2257
394683 2947
95451 211
54499 1185
983692 0
871922 0
664912 2222
410901 0
214028 208
281684 2919
984207 0
960031 685
437829 1827
694333 2397
224758 1893
800661 0
417479 0
530781 0
515860 1497
773859 0
726604 0
81260 456
313392 1566
320992 981
568095 0
987283 0
182270 0
398933 1249
8862 768
350418 0
253017 1615
935499 0
723711 2536
581706 64
423652 361
926280 0
99526 2346
183579 819
989386 0
112930 2135
557126 1438
321642 0
661653 695
659529 0
328070 2779
942936 0
157762 336
459180 2723
629791 0
516494 1568
661903 2788
851290 0
901121 0
516302 2729
3393 2420
182876 1194
676240 0
20289 510
103152 2736
880791 1021
812383 0
740023 0
636514 0
834682 1425
540196 2496
469559 0
133750 2183
386523 0
162281 2393
881732 0
703020 0
964563 0
17562 763
702414 0
371824 946
890939 0
585632 0
243256 56
832144 0
267807 0
163043 0
28518 1667
775280 0
516847 460
515745 0
765510 0
198409 2347
171743 0
165527 938
561693 0
899737 0
661793 2012
844236 0
894618 0
293941 0
667994 0
952731 0
516281 2731
198362 133
613883 0
253634 1348
430931 1320
116838 2848
618622 348
596193 0
543779 0
670111 0
561294 0
192918 2992
225739 2786
158604 425
93118 931
867308 0
944264 0
709055 0
458803 0
939021 789
672884 0
356554 705
956193 0
318274 0
42007 2989
324724 276
713988 0
461575 0
392253 0
527000 1377
323831 0
540861 2621
177501 2117
692068 0
285748 1654
239657 1634
248383 0
488108 2718
299993 1022
965314 2602
12033 75
851597 0
524806 0
196784 0
116601 856
254887 430
578883 227
145784 1075
232276 2732
841404 2526
967024 0
288655 0
485070 0
362384 0
158412 97
744882 1734
154474 2045
161449 2010
858360 0
343947 0
32858 2501
971876 0
181946 0
561996 0
521624 698
803917 0
160668 2760
550458 0
856815 0
333360 168
554009 1733
828640 0
630205 0
379393 0
606824 0
251218 2090
194111 99
746434 706
34977 1106
123726 124
476460 0
686328 479
833712 0
739740 0
23031 805
472883 0
69601 1460
143479 2252
657552 0
421049 1279
279375 1215
12914 1412
119601 2172
905533 0
864916 0
985207 0
149661 1526
745392 0
546360 0
114141 2541
528002 0
964847 0
254549 2228
337594 534
451658 0
882549 0
770360 0
807552 0
370733 0
608316 0
61001 1568
176098 567
647474 0
18065 1400
257482 811
319704 0
423142 2297
3154 988
13493 502
323110 82
159354 2482
984532 0
619540 0
289481 1418
355774 1516
952258 0
431970 1020
769172 2448
980352 0
762816 0
288177 2164
618180 0
990260 0
47645 1122
14278 371
340382 2900
599380 0
397615 2429
545287 1934
335507 1483
263703 2054
460979 1372
723346 0
556171 381
471742 0
400670 0
532299 234
267398 1902
801367 0
233357 600
735820 2288
493465 0
780894 0
29766 862
968272 0
596800 0
485653 0
740176 0
797998 0
868114 0
613820 0
281145 1870
728506 0
448430 299
973205 0
295397 324
291165 1220
799254 0
720370 2396
431346 1067
689814 0
368812 0
651422 0
625191 1651
375816 1506
645095 1744
696286 0
816968 0
325928 1486
984723 0
678312 0
178895 1666
783709 0
223749 2343
1880 106
796644 0
174301 1354
22040 982
595803 2178
816652 0
278198 2711
658341 0
485116 0
342733 1186
228191 2475
111928 336
444139 2917
637542 1029
289146 2963
74268 1343
947643 0
738935 0
241573 507
489571 350
253914 0
337760 0
359431 151
936882 0
17726 496
740195 0
213289 2658
584244 0
881287 0
414578 1751
337494 2181
518918 0
722177 0
390524 2536
443326 402
726717 0
239806 1875
485253 1899
862121 0
127954 1053
518960 1262
157624 1638
159748 307
836355 0
201645 1663
508466 1148
46472 131
21123 937
308299 1608
914600 0
25580 2101
368229 1865
918427 0
952893 0
62326 2934
578083 0
849692 0
819335 0
948914 0
927711 0
820421 0
449328 0
958104 0
232315 2284
779619 0
561017 2679
881701 0
418187 2665
599619 0
442339 0
44234 835
893622 2949
161208 2358
331424 108
177602 1442
668728 624
541959 0
702706 0
787310 2056
131287 2277
657397 0
444368 0
979701 0
852878 0
832657 0
12332 1340
399970 0
940327 0
909314 0
779128 0
915445 0
475451 299
194408 0
815981 0
686552 2734
803071 0
506059 0
412304 2796
468197 535
267745 2591
475534 1405
326012 0
467525 0
591116 194
197265 1859
786279 0
538252 1664
317319 0
764654 0
486757 0
194460 1446
87198 1878
264665 2722
673047 2291
83625 481
455505 0
258456 1680
623879 0
916622 0
548291 0
944390 0
443525 1448
268269 706
969668 0
333406 0
336597 1956
495554 0
896036 0
905112 1895
533392 0
974592 0
197982 1306
452582 0
419788 207
701716 244
548336 0
757634 0
704608 0
753251 0
14712 1853
413418 2299
307164 1038
295565 0
53669 107
218614 395
110426 1034
418753 577
380572 2240
122604 62
528661 0
921457 0
828357 0
403679 70
684190 0
981131 0
71080 743
258589 1253
337220 0
442873 2616
50425 1780
119893 2701
922577 0
281574 2705
593880 648
828748 169
651312 0
628883 0
596293 703
763747 0
53233 1233
395416 0
695772 321
804637 2894
986312 0
861101 0
553055 0
239059 0
148966 0
333253 821
371152 1289
558320 0
986527 0
82943 2400
29538 1678
813207 20
348198 0
42076 0
507235 0
785573 2070
718061 2162
364921 30
554362 0
588839 0
518907 0
410765 2016
261902 1396
528584 0
510361 0
198099 2528
268202 0
804819 1948
354234 2438
118318 1685
733304 0
964218 0
930713 0
217888 1241
60 2188
445222 0
894881 0
372096 0
42968 1011
683769 817
722025 0
237729 966
173382 1783
257520 2036
885239 0
736198 0
295271 55
287522 2356
909256 0
634459 0
475794 0
581483 2893
266027 0
516837 98
637692 0
627078 0
2025 2256
726020 0
868268 0
659706 0
347020 2777
757665 0
612238 1949
835148 0
676168 1345
759624 0
52147 467
365763 1056
661206 0
335039 0
642249 0
225459 314
699917 1898
570842 0
741258 0
298999 0
413230 634
936403 0
481665 316
977293 0
582149 0
256099 2552
160148 54
456962 346
80289 1413
685983 0
313369 188
592149 0
36022 1220
267930 2842
490488 0
497403 385
902235 0
55162 412
268317 2099
65625 0
486940 0
123482 1061
813819 0
906233 0
296417 2219
856665 0
465575 24
374840 1214
548899 2470
850307 0
115414 1415
181440 1413
639305 1578
1102 1747
323260 929
870056 0
32268 2381
745937 0
231588 1371
54899 281
684992 1919
482784 0
534098 1336
130226 0
557005 1592
540928 0
211182 0
920465 0
66746 2927
748290 0
176169 790
550229 1586
253736 0
170422 182
737617 0
586895 417
28703 1352
158886 351
53647 1610
838512 0
616852 2039
962577 0
751816 0
882124 1347
850521 0
990566 0
149895 1501
760156 0
759433 1915
421022 0
583531 0
737250 0
68633 913
605540 0
147741 2626
937471 0
266403 2450
410546 0
118089 1243
81566 2703
501238 2275
1210 2408
548844 2523
751191 0
517805 0
738368 0
59859 1241
569902 2923
87581 1656
489280 0
621632 0
520121 2154
352821 1716
935845 2177
735544 0
750064 2879
788236 0
850636 0
710719 0
321427 0
936541 0
678521 2975
66505 396
606173 428
976827 0
212395 686
163460 2538
668525 0
136174 2155
261894 1870
984426 0
926090 0
58821 367
597648 0
19352 1734
649500 0
747743 0
534618 0
405491 1035
854554 0
878269 0
622767 0
608330 0
924518 0
935598 0
653096 0
638270 0
70899 1922
690925 0
965041 0
984158 0
109784 2540
533996 1280
783768 0
255049 2508
964656 0
14921 2687
466898 0
105737 900
633971 364
960966 0
377427 2669
339305 302
820837 0
468413 859
682293 1627
684275 2820
791570 0
827108 0
737411 0
744355 0
710297 0
635038 0
844982 2627
212046 935
637887 2853
646012 1120
649765 1004
297839 2290
441043 575
188524 2787
309402 2140
230664 26
482506 0
979408 0
830922 0
493568 745
301467 1841
19424 1113
588134 0
230372 52
987647 0
309847 607
628601 1616
939875 0
311619 1018
586034 1491
69195 1546
356341 1990
797110 1276
828860 0
278265 2911
902608 0
633097 551
123730 1057
722342 348
423967 1305
591033 0
791837 0
533733 166
616681 0
957560 0
157695 2612
494873 0
656424 0
302046 0
659139 0
844192 2485
436130 0
358423 893
831766 0
321066 1142
692671 1698
472195 0
70721 1871
712475 0
744794 0
178251 1237
117669 0
216310 2681
156275 1372
476588 1772
352736 0
175078 1726
517243 0
520279 2752
752968 0
555049 0
717214 0
26127 2442
238944 527
864728 0
445076 2093
501857 2922
560623 2655
932608 0
34567 740
870196 0
824917 0
530300 0
343684 1281
907314 934
965879 0
373255 531
613090 0
983044 0
193969 2699
442117 2529
812991 0
371035 1407
136653 2974
29232 1862
476130 0
65313 940
2821 1065
727758 0
865759 0
8834 979
210023 1362
490207 14
612218 528
671704 0
180226 406
772978 2806
242781 1070
56757 1851
246227 1013
541758 0
389250 0
332501 1735
694967 0
306986 0
164043 0
128303 1144
332316 1773
244029 2910
336662 2086
802584 0
681848 0
445801 1941
515843 150
765928 0
507886 2886
338264 1448
765322 0
636398 1798
550230 642
941231 0
254329 1083
165143 0
456138 2567
751097 0
905836 0
63626 540
526223 2667
335745 2734
453197 1766
546590 0
621789 0
693390 0
915652 0
511552 0
434206 0
332455 1492
918558 0
156999 2382
943567 0
325007 2066
840706 2606
744058 0
861566 0
149616 1125
335518 376
488737 1948
138489 1274
257146 2729
585322 0
630096 0
560666 923
317443 739
403007 1988
146760 757
750131 0
41659 0
186515 2809
747628 0
907191 0
449939 1590
568574 0
502501 1985
619964 0
294255 2931
938670 0
661083 0
828587 0
64006 1044
580484 0
793058 0
555757 2878
160001 1137
783041 0
23891 2384
81947 1351
857156 0
825457 0
498272 952
520147 1624
497775 0
674005 0
105193 2543
245506 564
140700 0
815851 0
155910 1242
185702 0
978660 0
863822 1794
22709 1040
303830 0
617503 0
145623 2465
486176 2132
588627 0
158152 1282
575894 2319
148337 1715
252671 1177
33817 2010
650534 0
50625 1201
21641 2447
328814 871
705180 0
759008 0
738496 2632
814954 1626
671896 1124
801988 0
756121 0
13332 1414
681252 0
366424 1552
724922 0
557531 0
847044 0
854971 0
799855 0
238913 0
149347 1907
125201 92
23616 1407
245887 556
781064 0
647483 0
531932 0
216914 2493
233641 0
770383 0
366537 1479
886381 0
980178 0
560047 2622
615069 414
971697 0
214252 282
971827 0
473825 0
866822 0
882956 0
484008 796
222354 0
973059 0
568982 0
378259 1130
640537 0
154292 2498
922122 0
120447 0
18956 2956
376247 1791
926653 0
918328 0
120241 733
748308 0
182410 1499
920911 0
341981 2058
806236 0
240726 0
781446 0
843027 0
671580 0
914637 0
919347 0
598447 0
506977 0
519060 2266
407253 0
6758 2951
324092 1197
416922 0
155665 0
174144 965
646752 0
342907 0
789377 0
702351 0
354281 2160
641554 0
400714 1837
469471 0
216018 513
702205 0
425595 0
845938 0
542010 503
69005 68
59569 198
285010 0
76112 545
86523 288
142688 0
232799 0
931513 0
371194 0
58302 1069
616243 0
548292 0
691540 0
325935 0
848818 0
439566 2261
788295 0
40835 712
845272 0
397596 0
430866 0
752032 0
982838 0
401512 0
233609 1350
358786 1472
557695 2389
72308 1680
268096 1087
35230 2599
742451 0
642408 0
712243 0
143005 2278
256433 851
228472 609
203071 2868
826991 0
598503 0
25621 1363
583796 2372
28972 783
236917 1722
280935 2665
491235 2834
642365 2696
916295 0
60177 584
847496 0
616410 717
398279 0
613264 0
590289 1077
487665 2235
490336 0
445814 117
88301 145
921607 0
41642 749
505619 0
85482 2166
697455 2556
568896 2545
163349 1770
415632 2844
377364 0
720119 0
371255 2097
703074 0
370871 0
752272 1766
239478 0
937381 0
144607 1175
514611 525
21778 0
93557 714
392024 1956
295934 1913
795818 0
939993 0
803795 0
541166 2130
497653 678
901648 0
280428 1254
592905 0
682042 320
720508 0
768131 0
717131 0
978630 0
752522 665
606405 0
990071 0
244161 0
12571 343
582773 0
924580 0
303050 0
574138 2
271113 0
243125 1270
703456 0
697230 0
307018 0
501475 0
609982 1408
735792 0
768187 0
432162 2514
303912 379
146193 2841
927062 0
267130 0
69684 2052
957840 0
105215 793
429400 0
927050 0
543175 0
34632 466
636344 0
394155 530
989795 0
315542 229
431785 1997
813077 0
782414 0
59377 2854
794051 0
102040 628
979729 0
857064 0
929872 0
12682 163
185836 0
971350 0
758961 0
876241 0
125892 0
841626 0
51874 1344
177708 922
319968 0
317364 0
818294 0
553688 1401
133000 0
863238 0
474015 0
49751 2651
897419 2063
74760 2339
75077 410
350253 0
601027 0
11661 825
244717 914
793021 0
526926 0
124412 2297
718664 0
504463 0
318058 140
396636 735
997492 0
997677 0
481847 2283
66219 773
654212 0
475887 2275
598836 269
105906 440
710627 0
232377 1178
507437 762
668368 0
308619 2030
711844 0
845056 0
118752 146
936180 0
740697 0
370436 230
602237 1440
68347 2183
647703 1885
515966 0
919424 0
996921 0
721118 0
99994 1866
115771 0
429323 0
530520 2038
524688 0
175284 56
745401 873
302330 2405
614385 0
319312 1249
958001 0
561849 0
856634 0
980895 0
119125 2634
522319 2139
526218 1045
144125 1062
428874 0
556774 2775
302028 1377
39593 2741
496127 0
172428 0
520270 2424
2737 2278
357219 446
164371 2780
818829 0
842309 0
501579 0
318250 788
644069 0
667492 0
364107 0
633674 709
594640 244
432244 574
875647 0
674113 113
821018 0
434383 436
249619 911
528892 0
303262 445
210513 632
34347 812
486582 1105
12557 2895
488336 2506
155539 1775
28050 2282
553379 0
269592 472
641913 0
19476 2340
438201 0
247757 0
579185 387
927824 0
828105 0
799129 0
398374 0
660086 0
959714 0
254880 2124
417687 0
891119 0
199186 1354
638978 0
625851 2970
314757 0
705022 0
476284 0
652704 2842
889043 0
418341 0
45934 331
235023 1426
235847 0
619051 0
344772 1989
991692 0
201695 2597
820353 0
449957 0
196177 0
340335 0
6718 656
444517 0
591163 1587
98845 0
43756 123
788664 0
678967 0
509422 0
739891 0
366931 101
425624 852
650696 2588
125874 656
182248 992
207920 0
113707 374
514675 664
731467 0
494557 2434
97296 2812
437428 361
938798 0
892788 0
790867 0
990283 0
937059 0
247927 0
476347 682
788857 1882
850946 0
969036 0
724320 0
978810 0
855584 2444
931772 0
548202 0
713196 0
261841 1136
35512 101
97167 0
916521 0
124095 268
455650 617
144909 0
782129 0
760213 0
715780 289
689426 0
594539 0
335003 391
326207 1868
602951 0
829451 0
568875 0
611775 0
352994 704
457705 370
923167 0
501772 0
22239 2277
840585 0
261430 0
15506 2463
347338 0
390816 2250
312518 1387
576247 0
754749 0
328521 0
493524 1500
843022 0
107056 1886
582782 2448
71177 2861
815159 0
343063 0
299532 93
666847 0
209082 0
275054 0
311844 29
412229 1703
901219 0
906407 0
6217 2066
933419 0
690764 0
95497 1383
820109 0
795331 0
938676 0
168488 2749
264619 1685
66014 738
671373 0
385397 2421
977575 0
806160 2501
800069 0
467178 0
616150 0
967841 0
733602 0
174301 2777
709783 0
727503 0
477861 1531
808033 0
343518 2338
41257 643
318690 2935
89106 439
34923 1946
170090 426
333780 2057
166373 0
980125 0
502297 0
582167 0
757060 0
210278 0
664281 586
79621 2091
192828 0
957461 0
459466 898
905530 0
832236 0
598418 0
698127 303
629554 1074
544540 0
735469 1161
214117 1214
230883 1067
713693 0
100470 1975
105319 138
719783 0
861614 0
156245 314
804448 0
444399 128
114353 0
729808 0
843170 0
59860 697
220755 2361
194524 560
759586 0
750836 0
623804 0
843359 0
351508 153
167848 2236
115080 834
218558 1244
37780 283
478810 795
858671 2791
186251 2461
159049 1150
41543 737
819347 0
322003 1527
850484 0
60030 85
426954 1995
72538 1068
249278 919
454332 0
989219 0
500707 2954
786251 0
794085 0
18822 1466
602740 0
311886 2953
972340 0
492389 536
802524 0
361127 0
852863 0
222834 2150
750568 0
373341 2336
845047 0
715789 0
41152 2147
785228 0
376986 285
364507 0
515459 0
855255 0
142235 1333
582769 0
738232 0
757193 0
792109 0
671055 0
138007 0
200111 0
497484 1674
666192 0
833448 0
482479 2176
579107 2380
695652 0
386264 0
275833 1479
432226 0
505138 0
342827 0
697133 2375
794981 0
516956 559
27805 2995
174560 712
955835 0
907675 0
810747 0
767605 675
661335 0
809510 0
275469 2702
890970 0
89696 2754
978955 0
318267 2527
428428 0
792968 0
813578 0
931507 0
187820 2985
214553 1949
28489 3000
415776 2979
701325 0
373026 1932
307949 114
937421 0
37678 62
497088 0
638520 0
662163 1688
896466 0
119850 0
924396 0
36006 1849
960812 0
161950 1572
155698 2731
102336 1357
584329 0
98499 201
632302 0
372442 2195
842060 0
866100 0
673874 0
473537 752
205400 0
990816 0
466909 0
15011 569
234963 0
283635 822
945312 0
115896 2742
49220 1574
722319 0
644383 0
444437 1099
244112 0
910658 0
640036 0
369650 0
770707 0
183937 1832
753083 0
212731 983
747204 0
224859 2258
543414 0
664477 2500
813867 0
770017 0
652819 2602
525605 0
10953 1518
805799 0
459931 0
210388 222
613715 0
818590 0
444258 0
706151 0
152631 2979
726286 0
989708 0
558228 795
795056 0
943779 0
870326 2489
262002 0
259271 1668
85030 2983
64714 1165
606303 0
536122 2906
591491 2327
212724 1341
680102 528
917061 0
419123 0
759475 584
13856 133
762687 0
767937 1955
836693 0
467374 2897
830670 0
783462 2992
469651 0
454329 2977
837143 0
94579 2432
636174 478
493137 0
119261 728
126952 2771
894163 0
359634 362
300888 1084
97888 186
360331 0
561408 175
431573 0
134816 509
966315 0
742330 0
579065 0
859654 0
652128 0
224805 1663
156793 2270
607801 2423
167169 2271
107068 49
290270 2571
712984 0
171617 2650
875476 0
683993 0
337348 0
105464 1928
539859 0
520069 1242
418885 517
364561 717
128167 266
865996 0
14817 365
934412 1319
170898 789
498797 0
479971 1368
958032 0
358017 0
810716 0
168840 1101
100084 1209
564935 1205
763427 2883
441499 0
584423 0
262659 0
764291 0
480851 0
601978 57
329637 1514
486154 1985
615539 2592
982085 0
811866 0
565358 0
97745 1197
597226 460
836891 0
416274 846
911964 156
211664 1017
795 785
564950 0
586759 0
855873 0
622967 0
216688 1562
121584 0
795106 0
248495 2394
17985 1652
331597 1543
39473 0
12193 1705
907550 0
17549 2554
580092 0
819825 0
444624 0
298753 0
753346 0
586667 2527
694908 0
829412 1145
613836 1809
324069 0
637281 0
614464 0
573584 0
33012 1673
907929 0
111183 1799
517772 0
181241 0
941336 0
413432 2575
457416 0
129621 918
950505 0
245397 0
85443 260
972335 0
252737 0
227408 2169
137091 1271
572727 0
786784 0
298388 0
975875 0
286576 1362
480645 0
430792 2784
9363 527
790730 0
999857 0
421192 699
550080 0
423176 1176
599006 0
474830 519
871694 0
970980 0
5492 363
729410 2452
989615 0
250430 0
738987 0
100357 2891
152976 1201
772100 0
126508 0
162990 1041
586724 0
442307 820
251965 0
2220 2534
241351 519
213214 722
848171 0
970909 0
119885 1509
92276 2511
996542 0
66728 2909
692277 2586
441121 862
154650 2034
524047 270
978067 0
112821 1869
852773 0
868046 0
130090 966
7650 2134
867549 844
966897 0
935045 0
956198 0
807982 2142
276680 1724
937435 0
539601 0
186094 577
158934 2484
536627 533
648014 2843
830055 0
202603 0
549001 0
947371 0
76520 1724
517278 0
610609 0
221582 1314
222090 843
589798 1252
840280 0
440974 2711
597709 0
292128 543
83932 2655
281612 0
964396 0
988778 0
748169 0
737251 1494
971458 0
979204 0
118830 0
297486 0
369641 1019
242850 751
519662 2369
271838 444
931719 0
892506 0
188429 2492
180205 411
66988 600
998932 0
733617 0
835835 0
839146 0
161122 655
550585 1646
229588 2024
705986 136
710043 0
37560 0
817990 0
273008 2630
33657 2488
468243 1361
261 2838
70845 2354
679357 1184
19874 1569
134015 2354
105907 1973
636034 0
789233 0
261556 2056
29386 1617
371714 0
91872 1467
633797 0
758777 0
105535 443
167640 769
402231 671
227513 2573
624214 2808
861283 0
397380 1345
834717 0
928743 0
288516 1738
562614 2374
266578 742
357423 0
631025 539
108946 1062
120339 2353
623584 0
25739 1114
419723 2128
973469 0
328970 20
498265 2289
227093 0
173912 1585
95532 1476
181538 1147
192866 1819
352899 1796
905454 0
639445 0
436844 0
559148 1757
36327 564
932058 0
696125 0
824311 0
942216 0
20865 730
324732 2034
142729 0
798357 0
253067 157
343499 1398
332152 119
144920 684
393752 1529
641030 0
119486 0
772691 0
737148 639
484047 0
964196 0
758035 0
126397 2523
316665 232
766715 0
937697 0
954640 0
998456 0
39105 2645
152409 0
632872 0
723116 0
251038 0
832608 0
100045 1269
473272 1048
85789 2227
846694 0
925291 0
499597 1191
846458 0
455112 329
5917 2696
470346 2179
259563 2314
840810 0
75057 1509
562336 0
168870 116
279814 1302
921767 2656
354395 1555
43670 316
19148 1146
667424 0
696331 0
61379 1940
813020 0
468226 1561
784912 0
297817 1559
516518 0
935707 0
257919 1720
882725 0
463983 2467
149408 916
599389 1318
123536 1253
946276 0
600789 51
160874 2384
239798 0
854148 1821
662887 1145
502906 0
213484 1718
69498 0
452256 0
290716 1525
761503 0
803331 0
692014 1728
573989 0
959074 0
198702 1358
532712 0
580345 0
87564 1790
944780 0
467070 2402
775898 0
864595 0
900361 0
380429 0
495438 0
890106 0
918581 0
790714 2671
307788 0
750789 1285
730333 1474
59213 0
478767 0
882829 0
409023 0
347621 298
841525 0
251240 1848
334695 0
12010 1434
78704 540
149907 1767
504296 0
30761 447
699441 0
852885 0
305296 310
492455 0
845564 0
952057 0
809437 0
638453 0
964945 0
481719 471
346527 2018
388004 0
908514 0
624281 0
312125 1999
956559 0
275382 414
218993 0
244517 1792
267760 2296
537587 0
182315 556
560739 0
671863 0
666389 0
270388 181
172695 2515
273921 2743
464548 588
805660 0
765312 1953
583164 0
753451 0
37755 1433
494460 933
633357 0
238350 1585
684788 0
155088 2741
75222 2341
419924 0
579052 194
641246 0
484667 2211
964279 0
819035 0
821678 0
439742 2674
323087 1133
262020 2754
431549 1565
976235 0
270308 107
982914 0
554158 2620
861089 0
418280 0
251924 2763
95590 1681
390071 131
444272 0
234375 126
275420 1666
110843 2390
302800 86
917227 0
219708 955
800080 0
883646 0
332119 0
135746 2659
481112 726
918255 0
223697 2648
539172 0
257624 0
536529 0
779500 0
200826 1210
551012 1054
906819 0
986762 0
647179 0
808473 0
323860 2721
708988 0
295799 2260
368684 0
166781 2719
461899 655
350554 0
386344 2784
267144 2099
441306 111
651078 0
49578 444
983304 0
667707 1441
127483 0
533135 0
465502 2162
911408 0
982858 0
171174 1699
223027 0
857463 0
218231 0
687553 0
52600 2253
763202 0
580533 0
984788 0
859725 102
816444 0
802702 0
367187 2118
23484 0
741025 384
963060 0
922444 363
844105 0
142171 0
871877 0
206720 1830
292134 1012
497476 1714
315204 2993
693824 0
44905 1116
604673 0
283392 77
10368 1003
279118 149
550583 0
138463 40
150802 250
596227 116
700128 1134
88957 2510
701382 1519
569436 1806
437838 0
572356 908
880808 0
151274 729
722684 0
781379 0
497841 0
982685 0
532985 765
829905 0
385436 2920
331492 1880
357549 0
253536 2165
863315 0
411564 943
277253 1559
171309 772
976660 0
946240 0
33583 1389
639488 258
965424 0
152496 1667
553019 668
788141 0
956874 0
43014 371
540801 0
620136 0
342345 304
910707 0
943921 0
375066 2533
985944 0
390375 0
654926 0
521635 423
335397 369
437858 0
185756 2238
812785 0
945071 0
25180 0
234235 1296
236307 2638
637501 2798
274487 0
593837 0
735183 0
50319 1611
954333 0
590011 0
268708 1092
366593 1808
86837 1582
974589 0
454391 0
769030 0
221308 2223
886594 0
587714 0
510900 1508
240224 0
395306 0
292154 216
817068 0
980753 0
543341 2469
778000 0
107034 2311
101367 442
715692 1271
248956 1425
989665 0
23524 1235
496102 1549
890479 0
643938 0
459797 2167
320811 2178
496717 1847
513792 2244
861065 0
130564 430
771349 0
283297 2009
711914 620
615286 0
624107 1839
540478 0
229675 2460
975024 0
593908 0
303213 2593
796791 0
632972 0
411444 1877
798174 0
116057 156
378729 1599
749770 0
898290 0
550315 0
299583 1943
996224 0
426292 0
422081 2174
609738 1527
958545 0
148938 690
336036 1723
168336 1665
507499 0
711448 0
532551 0
8719 2149
982924 0
291618 0
358478 2685
412854 406
240959 2187
966017 0
963236 0
497684 664
415653 0
11820 2997
529145 0
671392 0
659230 0
449879 0
75679 2885
12935 1427
461169 0
397635 541
261366 2289
845999 0
749804 1981
812695 83
456205 561
2198 2702
931202 0
959729 0
232291 1547
989706 0
880586 0
296850 2877
701823 2225
169353 1408
605359 0
961732 2800
983905 0
362845 355
58256 1272
938685 0
607976 0
731051 0
884600 0
841731 0
567074 0
959728 0
625798 1701
63348 2852
927930 0
357205 1713
400813 1405
982760 0
247179 0
250249 2903
997377 0
73453 104
320822 1310
566410 860
879542 0
41245 888
930928 0
959256 0
432342 2643
240590 2519
314830 2445
172747 0
990736 0
594076 0
450938 0
643516 0
422203 0
590316 0
444774 920
185038 2789
80286 1094
564573 1689
653896 2770
210469 2198
592171 0
336526 0
167904 1089
111450 1933
420072 1141
809582 0
535248 894
912094 0
523590 1659
765646 0
821430 0
466817 1437
400211 0
218463 987
442617 0
980916 0
955739 0
159543 407
547324 1731
456707 0
553043 1337
355635 0
813035 0
358492 373
224324 2706
977311 0
973340 0
895181 0
755265 0
343421 2362
884248 0
135312 441
12094 2245
441077 0
698176 0
921731 0
155926 2007
329316 2305
655239 0
188003 2656
708196 2148
523092 2321
506526 0
598986 2683
665772 1608
296833 1647
818349 0
269051 1178
417738 1711
791308 0
200698 2490
799389 0
158886 2409
337406 0
354835 2437
83084 2295
560571 0
935137 0
596106 0
51286 1845
361976 760
326114 2186
824154 0
51300 87
409364 0
764699 0
312348 0
904815 0
657539 0
73978 182
140435 957
825224 0
366099 157
416316 1290
589886 533
488666 1027
336892 604
245091 0
649859 0
32944 851
984154 0
8656 529
393561 1823
221916 1699
200647 2484
235707 2477
834879 0
526805 0
303574 680
900341 260
467598 1287
478613 878
565036 0
178456 2405
693560 0
114022 1191
780073 339
193252 1984
250027 1028
659810 997
738373 0
869706 0
733875 1558
760551 0
851642 0
325853 232
371023 0
496304 409
132646 579
995406 0
469228 2280
172553 0
455858 2542
193255 165
115973 1813
116878 1046
623209 0
217350 687
472401 0
612253 0
63290 1359
500493 1807
456161 249
244582 453
288373 2253
752117 0
433723 0
21154 2490
972615 0
329232 0
292205 1312
732662 0
367328 0
994216 0
368003 951
274541 0
448896 0
145078 622
829805 629
13788 627
514985 0
642877 1914
407456 2906
624043 0
313635 390
315110 791
421805 910
506704 428
314402 43
919758 472
842361 0
209380 0
861556 0
919690 0
137310 2180
952640 0
382295 2064
411831 0
916391 0
552926 0
590372 0
290280 1850
307936 2317
297921 405
336088 2339
860166 0
277288 2055
110396 1882
642765 0
740084 0
790986 696
486421 0
92351 2309
226225 0
13681 2089
316195 2312
212959 0
105111 2997
245998 1155
515245 0
494576 75
259971 2950
527644 1247
321304 0
938907 0
86888 1503
95249 1977
622735 0
754551 0
646302 0
71333 427
967887 0
245580 0
331419 2360
668657 352
74715 2046
88142 1512
837424 0
933661 0
646256 0
728609 0
439787 820
952330 0
543266 0
38973 567
460140 1303
868001 0
562164 0
915404 0
863616 0
643028 0
306936 1315
9946 2676
43445 2598
161505 660
674730 0
315464 1674
1118 2165
424109 0
788302 0
143797 1293
60734 1891
464997 611
607985 2755
774799 1272
1159 73
935861 0
154215 2476
985393 0
302591 0
349745 2473
247848 486
195052 0
308660 2218
517212 2025
222821 0
949238 0
806471 2726
830340 0
609064 0
843724 43
731863 1471
388825 35
92729 2658
789704 0
945561 0
874931 0
124557 1107
297335 390
708205 0
558088 394
758968 0
993815 0
417629 1135
810273 0
62551 2994
373800 1989
198734 1750
609366 0
766863 0
748199 0
447633 0
425902 2497
871120 0
703437 2756
40084 1430
964104 0
80883 907
757980 0
308564 708
758409 0
313249 1325
487179 1412
151843 198
130225 2077
950983 0
395655 0
796518 0
485558 0
350039 1703
193062 1374
504709 1086
778740 1742
511407 297
653478 1609
927335 0
823255 0
478900 0
293486 2159
713807 0
105916 2776
474720 0
751291 1017
232339 1266
594312 1697
145410 0
370224 386
116509 254
41286 1173
347856 2715
814008 1110
822926 0
968073 0
871692 0
840188 0
893628 0
894538 0
818609 0
507441 424
217284 1361
853248 0
726917 2040
723991 0
895375 312
551392 1586
382880 0
511573 1681
544741 127
154830 1710
527713 0
637322 1251
687584 0
396513 2146
805831 0
726387 0
36594 1136
645450 0
260999 0
813244 0
957857 0
209382 0
633297 0
327014 710
361880 1366
295894 0
442380 505
567943 0
991513 0
886483 0
1919 2440
645424 0
580053 0
51575 155
337258 1368
58547 736
734718 0
108808 1928
915596 678
81608 353
263302 729
488233 1477
954351 0
174314 598
21259 1592
639219 0
436234 2032
223513 2168
836543 0
828980 0
153197 827
882139 0
587302 0
68528 228
993843 0
492307 2847
320328 0
301734 1093
712183 0
135726 2206
567137 2914
963875 0
804480 0
415308 0
100045 2974
60174 35
727278 0
461943 459
118142 512
561515 2221
950129 0
573102 433
619153 1090
292346 1301
561640 0
901136 0
198239 1616
236415 2604
478855 0
345246 1393
401146 723
237095 532
601546 0
458966 1480
642390 2600
977230 0
755791 0
539843 0
559965 537
565882 0
178717 0
245454 2351
200535 248
761176 0
307508 2079
332447 448
155269 2859
726791 0
642869 0
74566 0
947822 0
58581 2458
681178 239
70628 2673
325596 0
901402 0
260118 142
824131 2156
639494 0
921619 0
726567 0
872142 0
103990 1424
920601 0
612950 1828
618156 0
632471 0
914846 0
128598 117
269999 0
673662 906
298101 0
235636 1614
291469 2261
527754 824
978542 0
759851 0
238123 0
672736 2003
122830 1005
115574 2730
991117 0
502090 0
768900 1763
289563 1149
359308 0
265562 0
784451 0
114145 1421
861264 0
849636 0
768394 0
544349 1600
513471 2363
260665 1946
605342 2149
802117 0
109105 2370
543601 1936
486644 0
977193 0
488930 1787
345009 868
89057 1105
305542 0
347061 1670
804829 0
161152 775
169289 981
888847 0
91250 1636
154199 2382
99897 0
694666 0
338251 0
820300 0
84868 2576
198315 2638
142692 2385
987393 0
838427 0
127901 2952
494498 0
619691 0
17383 1881
865903 0
786771 2629
96703 2285
898420 505
531210 4
848946 626
461306 0
736748 0
121483 2090
92138 1517
769290 0
943717 0
245383 2748
436042 0
147882 258
891911 0
300964 2094
810142 0
114662 2659
893759 0
692348 0
912976 0
688661 710
36526 1931
166814 1437
809714 0
595725 2071
44264 360
729953 0
231025 707
238277 0
964283 0
247767 185
994267 0
5410 2273
279694 0
160099 1661
947373 0
239759 0
741522 0
755793 0
788280 864
131784 2404
601529 904
486547 0
921158 0
680511 0
231339 238
923919 0
980713 0
880149 0
18157 1138
659430 0
598778 1767
229901 1890
300798 1913
254334 110
470168 557
878345 91
963327 0
870316 0
670561 0
996073 0
903607 0
961695 0
621813 987
677357 0
219638 0
924176 0
799069 0
361008 1742
661826 0
660467 0
123156 233
330082 1593
193520 1159
229060 1512
158480 1939
884070 58
862994 0
211293 0
573482 1743
402690 0
651732 0
996616 0
891108 0
322591 0
251343 2567
681024 0
153094 2259
736846 0
187391 0
522214 322
739586 0
209128 0
424577 0
146902 0
227896 947
845326 0
658360 0
77587 130
896935 0
528551 0
656641 1964
467462 1959
669935 0
97662 898
681573 503
385481 0
448659 0
865176 0
209400 2186
911657 0
613258 0
118427 2179
640235 0
564077 0
96325 1366
924512 0
15013 330
957356 0
796598 713
643218 0
437088 0
440738 0
126503 1426
846530 0
147879 2457
529495 0
473096 0
75622 2775
332888 2984
416262 0
204398 1947
516720 1309
720102 0
364691 2323
537008 0
43935 2426
307666 1769
73887 45
368294 0
978949 0
931974 0
262806 1133
261563 0
888561 0
641953 0
599000 2150
485429 121
40048 848
283091 1976
601166 895
20431 1918
14542 1607
665925 0
685131 0
646849 0
941029 0
430715 0
897871 0
724690 0
786853 0
457654 0
823389 0
823992 0
976993 0
876947 0
351932 0
251940 1610
390558 903
391036 2329
921953 0
74346 1784
299432 374
266512 0
160240 2200
329952 0
135026 2918
329152 1023
877636 0
639108 0
641196 2644
938229 0
990816 0
351646 1456
633851 968
726962 0
591016 1142
701008 0
68334 1861
375341 2132
97148 2279
59352 2825
890839 0
559114 0
63081 2611
673475 0
39370 1316
353014 0
454013 2305
971245 0
38317 1978
510422 1300
166695 1043
449699 0
740985 2806
382460 0
270411 1402
659956 0
633399 1988
456085 2559
69215 1230
444474 1156
26189 1140
308099 1065
523635 1633
651042 1395
929098 0
950232 0
396087 994
860777 0
758983 0
305861 2453
543715 2957
207315 1961
427726 1825
849981 0
439059 2661
144900 2486
698202 2264
917312 0
506532 828
72084 85
448641 1421
326719 549
506224 2825
920038 0
180359 0
146802 1417
207130 1223
143020 2636
45902 578
699339 0
993634 0
148712 1842
713269 0
497183 0
302243 78
773186 2865
278433 448
639152 1581
626129 0
480074 2326
907548 0
737948 0
273061 1379
156546 1204
52911 301
669212 0
922108 0
579986 956
492017 0
304346 0
867935 0
816037 0
861339 1576
315038 0
247479 106
728380 0
163600 1835
392889 0
608985 2993
446139 2060
12016 1521
382419 2835
285853 0
654106 0
513819 732
711888 1418
561312 0
386681 1880
861160 0
904783 0
831705 0
114142 2737
327865 196
993313 0
782363 1181
758021 0
846292 0
753824 0
999014 0
185078 0
331387 2633
851301 0
482538 2457
608189 311
33696 2410
30173 2348
280831 502
87212 1554
516892 945
563256 725
654488 0
608537 0
418312 1031
346080 0
556176 0
825195 0
742389 0
689601 0
925084 0
588777 693
134361 0
727220 0
777879 0
528665 2350
756342 0
8436 2894
277313 2232
542748 2190
665232 0
61593 1238
620634 2689
798171 2513
692860 0
723400 0
308593 19
105249 2154
706992 12
133909 0
45795 1469
594145 1043
901013 0
146140 1171
982131 2293
274026 434
264372 1639
58132 2732
141765 839
218558 2672
608428 0
545847 0
740424 0
730462 0
814245 0
967115 0
485562 0
93180 917
105714 1010
532487 0
378939 0
257961 805
525115 71
88113 1482
571694 0
520955 0
281260 0
754691 0
498052 0
18380 94
103578 209
801051 2504
858572 0
404187 1802
41545 197
122078 1018
271516 864
422321 2114
536752 2867
415833 0
408547 2674
153864 1656
261504 1736
423549 1705
729237 0
782917 203
497170 0
791427 245
156975 1193
148338 659
471906 0
399012 0
597957 1123
815763 0
192321 1960
564526 0
33361 1779
712378 0
126637 1464
659588 0
906814 0
196490 2561
533678 2300
772370 0
691749 2143
136530 0
333409 2588
409537 0
214158 0
55521 2653
447031 1569
225965 2317
299893 0
721088 0
199645 2592
184682 790
488351 69
214967 2108
449533 0
582815 0
769518 0
315467 158
131016 963
355772 532
474010 1179
593501 0
643013 0
140025 0
230096 2941
7836 2408
224715 1
171951 1170
888402 0
190996 426
15454 1003
700477 0
846333 0
437777 0
495784 0
795337 0
65913 2865
630884 0
383510 1713
431315 0
717974 0
652257 0
446750 1363
519949 0
310467 0
958717 0
713310 0
606993 731
685434 879
741200 0
174280 657
829745 0
889319 0
125895 2126
993875 0
1792 1860
808385 0
624032 1327
289165 0
868389 0
607838 0
60139 1163
875247 0
343356 814
539088 2710
701915 548
582966 0
106109 1815
526103 0
211733 1455
381289 2864
173701 200
633134 0
450874 1289
806854 1978
416537 0
831325 1052
26751 2949
216631 2073
241687 2004
398143 0
345173 2557
106813 892
939484 1628
902180 0
32121 151
923555 0
258399 937
122283 2703
631843 1789
411547 0
587761 880
687864 0
976732 0
81439 578
424954 0
975729 0
927372 0
698836 880
561653 1100
440143 2698
916931 0
88109 526
832724 0
763442 1319
406050 2285
66787 2462
765424 0
185958 2016
27190 210
796321 0
697543 2692
454136 1227
439461 0
9431 2161
324175 0
327244 0
662699 734
600379 0
619819 0
904711 0
324328 2838
480954 0
899790 0
94872 2653
619074 2144
315518 1317
356738 0
39447 2488
25560 1174
412250 0
780308 0
68264 1419
146194 1741
918461 0
914919 0
756939 0
741153 0
87190 0
984677 0
443260 0
194476 511
42849 2217
913697 0
423292 0
349517 1754
893848 0
243947 0
932240 0
121092 1177
227870 2526
981019 0
812347 0
73221 629
207843 243
904045 0
410148 2231
46301 2709
206723 473
196404 1887
989750 0
310207 0
693344 5
298689 0
101778 2908
645104 0
313925 1485
57020 2386
372765 2252
317405 2124
918741 0
498493 2087
706955 1014
634278 0
677577 0
902662 0
251493 2390
203606 2050
42623 184
781444 1563
598808 1671
933038 0
363912 2062
40658 465
789041 0
779089 2744
77840 785
331859 224
981414 0
920737 0
508295 0
444173 1391
553708 0
317989 2392
779091 2814
795013 0
957986 0
974648 0
580520 653
21405 0
463735 0
35966 2239
559420 0
727698 0
123527 298
913766 809
628125 0
583966 0
41695 2740
922202 0
842209 1384
221029 253
496282 1398
979784 0
681143 0
285636 2673
47643 1175
491090 1554
438701 0
396985 1428
439173 0
335708 0
757280 0
522234 0
84260 2479
131040 184
921941 0
322374 1896
669460 1488
323412 1520
913496 0
493475 0
260985 0
182131 309
233659 1615
294087 954
946305 0
975627 0
846398 1963
626879 0
293824 0
879417 0
861497 0
520490 0
772261 0
966025 0
313469 0
38610 869
408288 0
838368 0
249107 303
402168 2589
303874 2256
273563 422
722205 0
809473 0
428347 0
620586 0
240435 2167
269111 0
361620 437
947109 0
640623 0
804107 0
218948 2332
540355 176
153245 2783
420311 647
672531 0
53560 2242
242396 341
298305 2272
779044 0
15756 2006
975642 0
797139 0
742147 0
249895 1239
250489 2547
753118 0
854215 0
363541 0
92713 1872
573995 447
961313 700
632242 0
66839 1898
808779 0
663476 0
988132 0
137999 2945
478009 0
947602 0
311945 353
696061 0
759129 0
783123 0
855534 0
389410 0
734943 1811
754653 0
146694 2607
516568 0
399160 604
266791 1157
306743 1312
292747 1256
508991 136
359475 0
209506 1682
709824 0
664992 1187
423422 1195
220165 1010
782003 0
941790 0
756077 0
707354 0
851281 0
717221 2311
189557 15
748041 698
734816 192
752979 0
540732 672
922331 0
699707 0
774528 402
371885 2988
313978 1987
231702 2808
427885 0
388060 1492
647087 2946
852473 0
823877 1683
101644 270
1281 878
31650 2495
783692 0
753663 2371
552965 0
918908 0
105652 1174
660000 0
243873 0
287172 2541
881676 0
165642 1203
133741 2700
505890 0
806171 0
424144 1351
527603 0
472559 1240
812083 0
614960 852
696876 1765
663694 0
414412 0
515704 2110
272237 0
138734 2356
447360 0
610787 0
191716 412
648814 0
58454 6
915616 0
415560 0
995325 0
674445 1935
543776 0
318608 408
8408 1143
697010 0
441362 1595
732427 536
715902 0
781544 2776
878770 0
376644 2995
89170 2647
993692 0
623886 779
837378 0
4373 2890
605669 0
650749 0
123665 2900
554386 2138
667562 0
885266 0
661931 0
334334 2185
696190 2718
483062 18
843375 0
632007 0
723188 0
668680 748
872795 701
164714 355
801237 0
254516 0
420678 959
957475 0
448830 0
934296 0
853390 0
443573 0
64685 1218
833582 2814
668601 0
810496 0
113442 0
694297 0
920591 758
659311 1037
788074 0
37040 2067
551334 2332
440435 2716
240800 1625
190140 0
870676 0
262459 0
196080 2584
538338 2902
522944 0
705909 1577
677870 0
839872 0
298537 2835
17918 1032
743746 0
887612 0
193885 261
800824 271
113696 2083
942481 0
628039 0
8748 867
999635 0
318076 735
157849 1153
300500 974
134887 1432
869645 0
152146 1071
784709 1499
885925 0
661258 1403
886398 0
18198 847
514437 0
457064 550
921773 0
676492 0
81647 1353
820917 1461
615385 0
599120 0
881997 0
649387 0
477403 0
24401 2068
506375 640
287006 1340
910827 0
901200 0
886958 0
93311 1782
335643 537
233173 490
404594 0
391920 0
942155 0
336702 2518
887202 0
275135 0
184927 2365
941187 0
427931 0
33 432
420735 0
797937 0
849332 0
264963 1532
815038 0
327965 0
408286 2268
311088 0
549915 2247
47345 1700
770477 0
482242 0
649502 0
254222 0
433676 0
757434 0
969301 0
176730 84
482744 0
364153 0
620788 1036
432353 2830
111087 516
648556 1784
918991 0
156749 1478
87148 408
704893 0
705018 1383
295577 1007
154331 1695
424002 2929
372771 173
30875 0
312953 2365
625041 767
680599 0
407105 0
411008 1243
856365 0
338296 1917
262383 0
29936 437
743141 0
539128 0
380584 764
113836 118
269317 1679
721363 0
43939 2942
95974 998
247569 999
487491 0
953943 0
512779 0
198205 0
547774 0
445663 0
908529 0
282389 0
894904 0
498436 0
33164 2223
23586 1789
969195 0
898951 0
717506 0
959120 0
857231 0
567011 0
444649 1640
494345 708
857136 0
794835 0
866508 0
232120 113
179387 2869
411580 152
950791 0
679225 65
24469 2792
684727 0
291006 2212
916409 0
889849 0
82718 195
698082 605
626138 1693
210634 289
174524 1901
595796 0
643556 2667
286944 1134
232539 2817
88797 1743
688587 0
120126 759
688716 0
801771 0
835211 2209
851480 0
282267 0
328979 0
952694 0
937400 0
156814 2829
761115 810
935598 0
740076 0
783039 2930
357142 1287
552138 0
630327 334
632386 652
113649 1002
264701 753
199793 0
477452 1207
222867 26
402389 2225
240996 0
565345 0
558562 0
100929 2831
555003 0
980955 0
979771 0
205473 2516
334041 0
162804 0
820139 0
61499 2603
239663 2553
350856 2036
352819 0
977376 0
24196 19
773959 0
768612 0
483819 0
758356 0
290404 0
191497 1277
213450 0
69013 0
124869 2018
600813 897
659629 0
833470 0
115739 2951
279197 619
659983 984
360995 2875
977223 0
566020 220
81546 2921
763539 0
705982 0
753466 0
623726 0
827405 0
14646 703
635028 0
159418 1892
165056 1054
396834 0
956973 0
115898 196
980425 0
746859 0
798566 0
763132 0
662070 416
81974 2051
794568 429
441840 1671
717476 0
693666 1654
327290 2569
175398 2728
365390 118
388360 1505
7910 2552
622845 0
214234 647
490412 728
198285 2000
996989 0
129938 375
540060 0
725920 405
989154 0
810130 0
280831 920
812792 0
238441 1833
424014 0
93245 443
285952 278
571638 392
459442 419
447708 1590
513979 1684
884574 0
670523 0
754089 0
249537 2790
412994 0
10639 2619
808732 1843
446897 0
74036 1538
472266 0
721965 1525
413261 0
873548 0
116522 2524
378653 0
205568 0
45260 0
501603 0
85879 716
630671 1116
436516 2629
664342 1157
786413 0
570503 0
484604 0
629 1390
569008 0
902926 0
785505 0
462340 1109
106758 1962
113065 2648
72165 9
150463 1088
156665 292
199333 2801
759361 0
442444 0
949004 0
28598 902
671115 2204
102297 2903
801650 0
303660 1108
141632 0
429743 1690
474368 0
796860 0
913442 0
10512 1876
786881 0
256934 0
127181 1040
819843 1209
610955 0
443381 2123
766339 0
606848 0
561207 2482
901663 0
215718 0
455176 1755
22932 1514
446473 0
276752 2605
359255 0
506916 96
232175 320
385421 0
709309 0
591340 0
968018 0
144615 1560
970542 0
476554 0
951126 0
136188 1733
460002 0
621460 0
320038 1869
98877 2615
381056 638
56946 1614
207040 1694
786885 0
764194 0
714359 0
967329 0
168358 94
663536 2209
390035 492
493492 0
689362 2298
409219 0
606587 0
852992 0
802 673
694241 225
878868 0
198722 457
307776 1840
712068 0
716407 0
946189 0
519201 2246
313858 0
578915 2577
149483 2625
870090 0
243485 2853
830301 0
996357 0
913846 0
64361 1746
843738 1841
93008 2613
59873 0
120046 1788
544759 0
214129 0
682404 0
859283 0
142115 2464
721826 2002
558191 0
542469 1942
591815 0
22361 174
457647 82
433155 1632
873065 1710
301459 0
56509 2210
507389 1152
383888 2061
248410 0
723215 0
460584 0
110021 825
13328 1623
424199 2885
785639 342
966425 0
323179 1776
49242 2821
18972 2262
876936 423
551671 1234
474784 2768
44948 1687
766319 0
981601 0
463355 2254
665986 0
553727 2578
239657 180
280577 930
567671 0
288642 0
220631 1691
806254 2826
79161 1896
134611 1853
359316 927
759673 306
517829 0
12786 1104
357831 308
817829 0
406559 0
153705 2872
512606 0
750868 546
107923 2015
852060 0
301403 2226
956723 0
802801 269
484679 0
141697 1011
679153 0
67929 0
681126 0
488144 774
430521 0
488140 0
636079 0
838741 1382
846451 0
802423 0
309786 0
88359 2828
966748 0
588327 0
916659 0
666642 0
707303 420
854378 0
105985 1263
509301 853
901478 1603
156881 630
111057 2884
950328 0
509742 872
767999 0
756456 1858
920449 0
809583 1744
6148 1283
391629 0
487410 1330
835633 2639
859652 0
780104 0
917835 0
458676 1491
29428 2342
610325 0
932747 0
412302 0
396803 1165
469887 1172
132679 1081
303519 746
242780 0
229557 2327
114412 1690
97132 1774
129935 479
590787 160
16577 1496
86737 0
293214 2440
754201 0
601583 0
537170 2759
815314 0
519699 0
971218 0
508700 2456
721350 0
689222 676
12727 187
1504 1258
258937 354
573863 0
653852 2052
986598 0
536602 2571
897959 1643
153621 2551
89934 2394
394545 0
261516 1887
558745 0
220490 2855
415763 0
267727 462
939561 0
973660 0
207196 760
540753 418
96466 2019
15569 1993
340723 0
512750 219
40830 356
299985 0
227564 2083
434266 1019
888507 0
675309 822
833390 0
632162 0
708902 0
933384 0
811950 0
422999 0
426284 0
890966 0
331624 0
235826 2877
150344 0
785414 761
977774 0
417784 2990
694715 0
207257 2712
192026 0
316424 2206
836458 0
792578 0
88180 2772
511979 0
519268 0
568595 2269
165887 1752
223372 2435
670862 0
946671 0
348690 454
819638 0
769243 0
509468 125
297237 1538
854062 0
774546 0
860289 0
358461 1540
573558 0
857079 0
885940 0
982451 0
404831 0
986625 0
943543 0
308461 114
49652 2788
551583 0
986854 0
204847 827
648640 1033
46626 2466
329354 2372
150062 633
523854 2418
403274 0
941845 0
259320 2901
298852 0
976090 0
216273 973
384217 0
487426 1326
443805 279
556591 0
674961 329
70674 2107
967214 0
516014 0
261198 144
33760 65
172476 2158
511412 1805
572569 506
727489 0
833780 0
782356 0
80357 2074
863938 0
91137 1620
402069 1919
37163 1487
135306 146
586186 0
675606 0
877202 0
480828 2435
128547 2487
967007 0
962367 0
346518 231
583670 0
112206 240
276892 863
683749 0
961279 0
656353 0
758610 0
965456 0
1225 1494
348405 0
586792 0
521082 2833
99066 671
908728 0
629792 2485
613944 0
610352 1057
7603 909
97343 90
549300 571
273978 707
30758 660
750689 1059
374689 508
618492 1637
62109 2712
274497 0
54225 1888
672895 1290
793137 0
104012 1726
30118 1983
152536 1803
822189 0
716809 0
659184 573
866660 0
369607 0
906139 0
597640 0
907513 0
94923 152
615265 0
842092 2692
660447 0
388941 1519
761069 2824
933990 0
610644 0
727651 0
302531 2605
193960 95
869660 0
622013 0
421097 2555
74977 818
277195 2481
823945 0
219658 1782
672435 1980
485635 0
655926 0
265434 1484
706341 2831
664444 0
803227 0
552218 0
551812 1395
185195 0
465159 0
748599 0
598904 0
404696 0
809978 0
105122 1693
433634 1217
84060 2608
915079 0
601474 0
377655 0
860471 1550
252214 2781
12059 2242
651492 979
104507 14
153851 1617
42049 766
140485 2789
508954 0
742461 2967
894030 1646
429286 2736
755584 2782
245936 0
410127 2759
628687 1063
167294 1848
588030 1334
695783 0
289163 1014
642031 0
805620 0
869944 0
344302 697
48319 223
198043 1073
184061 155
98291 930
754816 0
700860 161
37253 169
133007 1506
201444 1753
16463 677
183331 538
343112 0
353184 1326
696 550
334487 2563
739339 0
823689 0
96106 97
726562 0
637815 0
797375 1035
215187 2493
709740 0
306074 140
148624 953
908738 959
977769 0
281601 0
594472 0
518799 47
191093 2038
379892 0
991030 0
173798 1653
402094 1475
698518 686
190512 0
517699 2801
476812 0
257373 61
208640 1893
523570 0
765041 0
726392 2717
625943 0
712917 0
570430 0
542943 0
332442 0
667393 891
76648 0
181739 2733
574514 0
216689 1644
612804 0
281869 0
142793 1533
724242 0
42937 1115
123771 454
549174 304
285713 2123
107254 1702
941131 0
528674 2422
729016 1826
627959 407
818654 322
817859 0
396798 0
502000 1329
580528 0
910670 0
953182 0
438812 2046
415983 2193
254675 0
537911 1016
965032 0
268255 1834
831719 0
108478 980
622550 0
954793 0
531675 2887
539745 0
581637 0
946604 0
514588 0
569558 0
282524 1843
161810 1030
554652 1016
42099 2233
597879 2639
995748 0
32203 1441
344745 1561
62076 1603
648308 2774
632832 493
477629 1591
8637 2985
530616 0
739604 0
521390 0
376086 765
698505 1718
772362 0
595892 1240
979428 2464
102874 109
983024 0
41234 2284
370448 2934
507305 60
558502 1173
841699 1747
966498 0
911399 0
231323 2751
947686 0
410878 267
496631 0
433136 0
58112 2799
959506 0
50966 130
528778 126
947412 0
687119 1679
183723 662
859787 0
639398 1648
723315 0
157831 972
834221 2288
766243 0
332828 271
407239 0
595971 0
708438 0
978733 0
353745 890
549488 0
449335 0
122092 1423
603564 1595
216579 175
860270 0
662316 0
925407 0
978238 1261
689382 0
140089 2310
78712 1970
126851 2005
742439 0
524841 0
220410 2723
374688 0
433408 0
602446 2933
627544 0
378684 0
674718 0
100262 679
565497 0
518656 0
768747 0
696154 0
973822 0
334428 2795
168589 0
524661 0
591045 809
577265 2211
586378 2226
10722 100
414567 2385
565280 0
582377 0
650605 2017
169751 0
336823 913
147019 170
359416 0
145060 2813
384633 0
811052 0
850712 0
429490 365
338507 0
299728 0
802330 0
608878 2276
657933 0
323941 626
672244 0
746108 0
4020 2637
328845 2153
389763 0
67970 2416
688456 0
959353 0
537789 2021
746200 0
664532 0
713343 0
834823 0
610717 2746
884472 0
280337 2456
468598 0
446181 0
711856 0
149271 0
557839 0
731565 0
339682 0
681244 0
628435 0
463648 1072
704157 0
347258 1605
476698 79
596303 241
291051 2720
259481 1453
848348 1387
479365 0
905119 0
341571 1769
542905 0
709746 0
446261 1151
918158 0
116371 0
955469 1036
666775 0
56172 1467
287369 50
110980 2572
52622 1504
195020 595
267041 0
508336 0
667779 0
436146 0
126133 1534
59067 2125
471883 243
598154 0
446963 0
546108 0
481648 0
443789 0
934674 0
343839 2871
597799 2022
18516 2570
376563 0
326798 1453
163772 1375
879625 0
59166 2373
318216 0
767161 0
125315 1817
273271 1790
70224 744
103335 1012
273561 912
717643 0
496517 0
45272 1355
776438 0
954670 0
161750 2082
716089 0
569772 0
21558 1158
342793 1762
912998 0
156529 2999
289700 2958
734432 0
722687 499
11698 2579
289337 2433
197571 563
870822 0
306325 2851
94232 592
953661 0
778769 1954
84057 2070
310593 0
571920 66
209640 517
33439 903
359979 799
984156 0
720351 0
470075 2126
169170 2584
927150 0
751821 367
838504 0
480739 1064
507978 0
468000 2582
80236 2551
364571 0
603294 0
34297 1148
323655 1851
832156 0
962752 0
149415 115
807961 0
865573 0
983513 0
855948 63
268136 0
223607 674
70339 1678
383099 0
227317 1524
82881 741
467684 0
796933 0
947760 0
328655 1923
819328 1958
125187 0
984345 0
341162 2830
886392 0
377871 0
429106 1299
32423 2216
788182 0
426486 0
507861 0
247496 1785
638802 0
306451 1323
905325 0
787573 0
459458 0
95009 1655
937143 0
545838 0
718178 541
738135 0
279339 2828
833535 2373
128750 67
936587 0
763115 2095
332313 831
829900 0
412226 0
47674 1959
583245 0
222951 1934
753308 0
434944 0
828669 0
210499 2379
568291 2812
642957 0
181924 0
36334 2671
332499 2376
106767 826
728545 0
450701 1401
519655 2867
15935 8
684579 0
180673 1456
550564 0
579758 2312
202857 2590
672920 0
706814 0
802934 2425
153754 0
620667 0
49266 2058
137018 668
414587 1807
575097 0
652844 0
277692 2654
878150 0
801388 0
244837 2315
32587 821
203665 2924
969182 0
594788 0
732494 1459
488236 0
841384 0
36422 497
563650 874
391019 1360
524142 112
567199 0
852850 0
737976 0
35872 1304
434624 1422
153079 1080
16672 2112
628464 2807
74536 602
349005 1431
887482 0
342111 986
314517 0
935510 0
751954 0
99804 2082
904200 0
998377 0
893186 0
759121 1953
146418 2652
890697 0
284773 1861
934603 0
306048 0
642133 0
166629 613
735537 0
429059 218
697260 0
739704 0
986903 0
22701 2006
838269 2970
252545 2157
647762 0
502034 1912
53683 2494
811133 0
833527 0
260860 690
432213 620
656502 0
599019 1752
423072 0
911168 719
996337 0
867888 0
720250 0
560224 1544
421435 0
72938 635
82185 2765
402176 1359
988268 0
14758 54
91369 2164
213117 2546
135747 2879
553936 0
107602 2434
556270 770
11066 2333
605942 0
730768 0
263562 1053
286209 0
405152 2174
366404 2750
603293 0
841972 0
568352 601
363022 1344
159387 463
978259 0
905927 0
866928 0
554350 0
66537 612
831532 0
453398 2778
939474 0
919883 41
940045 0
32861 2007
904931 0
332693 0
443432 1237
677753 0
854000 0
275173 2793
23297 2324
522345 929
89623 1170
375930 2516
189338 221
144229 2568
271950 1638
155330 2421
881598 0
733872 784
883662 0
531529 2396
609861 2863
400531 0
855990 0
772703 1906
232725 2202
463317 0
122019 2596
1222 946
680302 0
185597 601
556529 2461
114493 2738
617246 1749
473018 0
998164 0
461732 0
162728 307
734235 0
845906 0
583686 2973
197316 400
20871 1775
706458 0
72312 293
804816 984
376776 1962
213988 1722
739653 0
302726 0
921826 0
442110 0
79350 1088
830456 1574
429137 0
728448 511
757990 0
593036 0
546077 0
154645 1084
864743 0
79611 2429
48414 1297
357611 0
439783 442
575660 0
725361 0
325829 0
148451 255
469428 1967
37967 215
28371 143
109592 2509
241791 2860
347333 2217
161677 0
579839 0
269699 648
35239 2265
571237 1823
546730 0
606074 0
683453 0
916925 0
101471 1520
930145 0
176309 1630
603739 0
443956 2554
908557 0
745398 0
418556 0
867659 0
102151 2388
203737 952
717433 0
68649 2686
134751 961
132858 2119
534452 2895
767937 0
942903 0
130983 0
618441 0
68517 2873
478671 2151
306855 1594
471286 0
177605 2443
629776 0
684166 0
124631 1465
896723 0
179506 1046
915501 0
530867 0
591691 887
346956 1164
252949 90
987011 0
44543 1119
121236 1661
228078 2518
349471 0
294628 870
208378 2134
443572 0
909496 0
181676 1027
633571 1937
149791 2380
906614 0
406730 0
382186 0
529936 2882
795968 0
928667 0
166673 2506
597526 139
758295 0
431334 190
949412 0
197507 2244
953933 0
286148 2042
254148 2353
123972 985
811611 2328
661441 565
197351 0
97058 1660
181504 0
693983 548
776586 0
745094 0
483120 0
342253 2820
296223 0
291662 1542
193575 1302
329073 0
676386 0
348596 0
123983 1443
464054 2234
162506 149
219240 0
479002 0
745713 0
274629 2391
24531 0
698431 0
862811 0
147786 1503
915321 0
459991 1885
452630 2737
65805 1864
393722 618
17001 840
519673 2843
504937 0
20794 916
281542 489
468848 0
849183 0
497332 0
251071 0
797843 2803
984407 0
423604 2535
454820 1432
147810 287
453880 0
419239 2937
730457 679
784209 0
449112 0
323 2263
531550 0
689442 0
275248 2463
646948 589
199387 0
764029 0
454813 2833
60047 420
767282 0
631504 0
103493 730
588472 0
121034 0
275414 1410
746946 0
708831 0
861271 0
943521 0
515791 0
195916 2595
509750 2221
498420 969
215895 2583
208966 2749
118224 2148
112655 1524
690951 2819
968025 628
963879 0
509737 393
231480 0
600551 2195
858959 0
191733 0
435450 1859
487072 2714
598770 1295
422925 1745
195492 2846
11447 2093
326679 614
110286 2079
610217 0
379697 2350
682185 0
391697 1120
693186 0
521702 23
830288 0
256842 0
639652 0
391694 2981
844988 860
35321 1229
109754 1951
868616 0
193998 2205
130909 561
724187 0
415388 1786
498748 0
712789 0
4365 675
607168 1571
73998 1420
596776 0
131063 2525
791433 0
596699 1930
978020 0
539262 2348
71476 2287
270922 2826
524856 0
