757
2422 0 4 1
2130 0 0 1
351 0 1 1
3459 0 2 1
4619 0 3 1
5836 1 4 1
2242 1 0 1
4755 1 1 1
360 1 2 1
229 1 3 1
1254 2 4 1
2767 2 0 1
5669 2 1 1
5115 2 2 1
3477 2 3 1
2869 0 7 1
3649 0 6 1
4232 0 5 1
5505 1 7 1
2989 1 6 1
916 1 5 1
2550 2 7 1
4407 2 6 1
4318 2 5 1
1429 3 7 1
1601 3 6 1
3456 3 5 1
1095 3 4 1
5654 3 0 1
1649 3 1 1
5671 3 2 1
2180 3 3 1
3746 4 7 1
5696 4 6 1
3332 4 5 1
1387 4 4 1
612 4 3 1
1766 4 2 1
4870 4 1 1
4570 4 0 1
1015 5 7 1
1890 5 6 1
1636 5 5 1
5071 5 4 1
1815 5 3 1
3693 5 2 1
2243 5 1 1
4963 5 0 1
5389 6 7 1
1237 6 6 1
3130 6 5 1
4168 6 4 1
5287 0 13 1
890 0 12 1
1315 0 8 1
4543 0 9 1
5328 0 10 1
5624 0 11 1
3777 1 13 1
1664 1 12 1
6 1 8 1
683 1 9 1
2553 1 10 1
3007 1 11 1
5154 2 13 1
2430 2 12 1
2602 2 8 1
1319 2 9 1
4106 2 10 1
4957 2 11 1
5011 3 13 1
2302 3 12 1
248 3 8 1
3323 3 9 1
772 3 10 1
911 3 11 1
5559 4 13 1
2025 4 12 1
3019 4 8 1
791 4 9 1
1112 4 10 1
964 4 11 1
727 5 13 1
3071 5 12 1
2876 5 11 1
939 5 10 1
4761 5 9 1
3216 5 8 1
4053 6 13 1
5217 6 12 1
4067 6 11 1
5532 6 10 1
3454 6 9 1
3110 6 8 1
130 0 19 1
215 0 18 1
3162 0 14 1
4621 0 15 1
4768 0 16 1
1660 0 17 1
4011 1 19 1
1657 1 18 1
2083 1 14 1
2310 1 15 1
3015 1 16 1
4199 1 17 1
2769 2 19 1
5732 2 18 1
393 2 14 1
2624 2 15 1
57 2 16 1
5848 2 17 1
1784 3 19 1
3521 3 18 1
4698 3 14 1
1730 3 15 1
2887 3 16 1
4370 3 17 1
92 4 19 1
3951 4 18 1
5027 4 17 1
3532 4 16 1
1573 4 15 1
5331 4 14 1
3466 5 19 1
4120 5 18 1
979 5 17 1
2255 5 16 1
3099 5 15 1
2093 5 14 1
5143 6 19 1
84 6 18 1
1557 6 17 1
5228 6 16 1
3546 6 15 1
3464 6 14 1
345 7 19 1
3177 7 18 1
3172 7 17 1
4415 7 16 1
511 7 15 1
4567 7 14 1
4329 7 13 1
740 7 12 1
1066 7 11 1
5088 7 10 1
1841 7 9 1
5502 7 8 1
4566 7 7 1
1823 7 6 1
3129 9 16 1
1355 8 16 1
5200 8 19 1
1537 8 18 1
3608 8 17 1
4359 9 19 1
1579 9 18 1
5046 9 17 1
1892 13 19 1
47 12 19 1
3752 11 19 1
3801 10 19 1
5739 13 18 1
3830 12 18 1
4136 11 18 1
1826 10 18 1
815 13 17 1
2859 12 17 1
972 11 17 1
384 10 17 1
5730 12 16 1
2610 11 16 1
2119 10 16 1
4213 12 15 1
1582 11 15 1
4483 10 15 1
5173 9 15 1
4752 8 15 1
5485 14 19 1
2135 14 18 1
4591 14 17 1
5243 15 19 1
860 15 18 1
2603 15 17 1
703 16 19 1
3023 16 18 1
1139 16 17 1
1456 19 19 1
1515 18 19 1
4491 17 19 1
5315 19 18 1
5660 18 18 1
4516 17 18 1
3131 19 17 1
834 18 17 1
3409 17 17 1
5048 19 16 1
5521 18 16 1
1631 17 16 1
3354 16 16 1
5109 15 16 1
3187 14 16 1
212 13 16 1
63 19 15 1
5716 18 15 1
5058 17 15 1
1883 16 15 1
3289 15 15 1
3398 14 15 1
4560 13 15 1
4696 19 14 1
2123 18 14 1
5226 17 14 1
4993 19 10 1
5724 19 11 1
761 19 12 1
5433 19 13 1
2196 18 10 1
4452 18 11 1
5261 18 12 1
3587 18 13 1
4531 17 10 1
2856 17 11 1
3170 17 12 1
4645 17 13 1
4785 16 10 1
3582 16 11 1
840 16 12 1
3642 16 13 1
5407 16 14 1
5763 15 10 1
1184 15 11 1
2786 15 12 1
4256 15 13 1
1535 15 14 1
5535 14 11 1
5749 14 12 1
812 14 13 1
3829 14 14 1
2342 13 11 1
5699 13 12 1
4505 13 13 1
4690 13 14 1
1451 12 11 1
3097 12 12 1
3157 12 13 1
4524 12 14 1
251 11 11 1
1025 11 12 1
4818 11 13 1
2645 11 14 1
392 10 14 1
3556 9 14 1
2327 8 14 1
4315 10 13 1
3044 9 13 1
2919 8 13 1
5748 10 11 1
1083 10 12 1
4050 9 11 1
3530 9 12 1
2236 8 12 1
3678 8 11 1
1156 8 10 1
4387 8 9 1
4326 8 8 1
2798 8 7 1
5687 8 6 1
3855 9 10 1
365 9 9 1
766 9 8 1
1713 9 7 1
4156 9 6 1
5045 10 10 1
3711 10 9 1
4966 10 8 1
3628 14 10 1
2651 13 10 1
1849 12 10 1
3567 11 10 1
931 14 9 1
2617 13 9 1
5742 12 9 1
5219 11 9 1
5811 14 8 1
338 13 8 1
3576 12 8 1
30 11 8 1
1390 14 7 1
5386 13 7 1
2281 12 7 1
4021 11 7 1
5544 10 7 1
5530 14 6 1
3260 13 6 1
538 12 6 1
3850 11 6 1
897 10 6 1
990 19 9 1
5761 18 9 1
2963 17 9 1
429 16 9 1
2000 15 9 1
3392 19 8 1
2939 18 8 1
3237 17 8 1
4363 16 8 1
3214 15 8 1
75 19 7 1
2047 18 7 1
5536 17 7 1
335 16 7 1
2278 15 7 1
5403 19 6 1
4375 18 6 1
1371 17 6 1
5163 16 6 1
5682 15 6 1
4951 19 5 1
1595 18 5 1
3930 17 5 1
4001 16 5 1
3753 15 5 1
2072 14 5 1
428 13 5 1
1771 12 5 1
2291 11 5 1
4612 10 5 1
674 9 5 1
2140 8 5 1
3178 7 5 1
2022 19 4 1
2749 18 4 1
819 17 4 1
2502 16 4 1
829 15 4 1
666 14 4 1
4888 13 4 1
4094 12 4 1
5514 11 4 1
3042 10 4 1
632 9 4 1
748 8 4 1
3717 7 4 1
2211 19 0 1
1489 19 1 1
4664 19 2 1
434 19 3 1
2179 18 0 1
2938 18 1 1
5420 18 2 1
1820 18 3 1
3084 17 0 1
1376 17 1 1
2110 17 2 1
71 17 3 1
3210 16 0 1
3718 16 1 1
1687 16 2 1
999 16 3 1
4242 15 0 1
1549 15 1 1
2202 15 2 1
570 15 3 1
5220 14 0 1
597 14 1 1
4174 14 2 1
1661 14 3 1
77 13 0 1
588 13 1 1
223 13 2 1
4048 13 3 1
3627 12 3 1
4149 11 3 1
3734 10 3 1
5593 9 3 1
2488 8 3 1
4535 7 3 1
1818 6 3 1
5802 12 2 1
2314 11 2 1
5435 10 2 1
3813 9 2 1
5012 8 2 1
3775 7 2 1
4170 6 2 1
2357 12 1 1
3048 11 1 1
4860 10 1 1
4509 9 1 1
667 8 1 1
16 7 1 1
2094 6 1 1
2929 12 0 1
569 11 0 1
595 10 0 1
832 9 0 1
693 8 0 1
1650 7 0 1
3185 6 0 1
5709 12 0 29
5509 11 0 29
5292 10 0 29
5571 9 0 29
871 8 0 29
3665 7 0 29
3779 12 1 31
4848 11 1 31
1306 10 1 31
1884 9 1 31
1899 8 1 31
2526 7 1 31
5862 12 2 33
2760 11 2 33
1067 10 2 33
3448 9 2 33
1266 8 2 33
975 7 2 33
3228 13 0 35
2250 13 1 35
2845 13 2 35
5755 14 0 36
3374 14 1 36
1786 14 2 36
3997 15 0 37
4922 15 1 37
65 15 2 37
5061 17 0 38
858 17 1 38
1787 17 2 38
3025 16 0 38
3878 16 1 38
859 16 2 38
349 18 0 39
1380 18 1 39
649 18 2 39
1335 19 0 41
5470 19 1 41
2657 19 2 41
1349 19 3 41
2230 19 4 44
668 18 4 44
4443 17 4 44
5864 16 4 44
2340 15 4 44
4692 14 4 44
2329 13 4 44
5141 12 4 44
2325 11 4 44
2787 10 4 44
661 9 4 44
3219 8 4 44
5540 18 3 44
5358 17 3 44
2239 16 3 44
3014 15 3 44
2284 14 3 44
1680 13 3 44
5543 12 3 44
1264 11 3 44
2091 10 3 44
1691 9 3 44
1813 8 3 44
1778 19 5 46
5291 18 5 46
1035 17 5 46
1608 16 5 46
3533 19 6 47
1822 18 6 47
1166 17 6 47
913 16 6 47
2559 19 7 48
2599 18 7 48
4577 17 7 48
1762 16 7 48
1431 19 8 49
2937 18 8 49
3267 17 8 49
677 16 8 49
4640 19 9 50
5541 18 9 50
763 17 9 50
1105 16 9 50
643 15 9 50
5649 15 8 50
878 15 7 50
4723 15 6 50
3654 15 5 50
4562 14 5 50
2453 13 5 50
5317 12 5 50
5326 11 5 50
4599 14 6 51
4534 13 6 51
4574 12 6 51
2004 11 6 51
3211 14 7 52
352 13 7 52
3072 12 7 52
327 14 8 53
340 13 8 53
3236 12 8 53
1208 14 9 54
3948 13 9 54
2801 12 9 54
4691 10 10 55
2751 10 9 55
1651 10 8 55
2883 14 10 55
1980 13 10 55
2474 12 10 55
5648 11 10 55
2542 11 9 55
3484 11 8 55
743 11 7 55
2959 10 7 55
1381 9 10 56
4045 9 9 56
5548 9 8 56
5398 9 7 56
2576 10 13 58
4224 9 13 58
2947 10 11 58
3980 10 12 58
2403 9 11 58
5582 9 12 58
375 12 11 60
2101 12 12 60
3755 12 13 60
1988 11 11 60
4125 11 12 60
3566 11 13 60
3188 14 11 61
2739 14 12 61
2183 14 13 61
1358 13 11 61
1407 13 12 61
4965 13 13 61
5831 16 10 62
3910 16 11 62
561 16 12 62
2040 15 10 62
3555 15 11 62
3062 15 12 62
1288 15 13 62
5111 19 10 63
2632 19 11 63
3641 19 12 63
470 19 13 63
2111 18 10 63
2992 18 11 63
2334 18 12 63
291 18 13 63
592 17 10 63
5171 17 11 63
1084 17 12 63
2721 17 13 63
3569 16 13 63
1769 19 14 64
1127 18 14 64
2347 17 14 64
5585 16 14 64
3970 15 14 64
2793 14 14 64
4034 19 15 65
5588 18 15 65
4263 17 15 65
3410 16 15 65
5589 15 15 65
856 14 15 65
4705 19 17 66
208 18 17 66
178 19 16 66
804 18 16 66
2071 19 19 67
2015 18 19 67
2174 17 19 67
4218 19 18 67
4991 18 18 67
4579 17 18 67
5743 16 19 68
3476 16 18 68
4009 14 19 70
5387 14 18 70
4135 14 17 70
1593 15 19 70
5623 15 18 70
422 15 17 70
4487 16 17 70
681 12 16 71
2396 11 16 71
4803 12 15 71
3364 11 15 71
977 13 18 73
2096 12 18 73
4903 11 18 73
605 13 17 73
3493 12 17 73
1732 11 17 73
4399 13 19 74
4309 12 19 74
2394 11 19 74
3299 10 19 74
3194 10 18 74
3283 9 19 75
5838 9 18 75
5295 9 16 76
1774 8 16 76
3602 8 19 76
4002 8 18 76
2471 8 17 76
4584 9 17 76
4127 10 17 76
3 7 19 78
807 7 18 78
862 7 17 78
126 7 16 78
4314 7 15 78
1750 5 19 80
4974 5 18 80
1181 5 17 80
2106 5 16 80
1485 5 15 80
2495 6 19 80
2148 6 18 80
2730 6 17 80
3272 6 16 80
3251 6 15 80
2636 16 0 80
3837 16 1 80
2008 16 2 80
907 3 19 81
4929 3 18 81
334 3 14 81
3439 3 15 81
965 3 16 81
2428 4 19 81
2166 4 18 81
3252 2 14 82
3400 2 15 82
4889 2 16 82
838 1 14 83
4961 1 15 83
4863 1 16 83
4230 2 19 83
5222 2 18 83
5465 1 19 84
1981 1 18 84
2226 0 19 85
4112 0 18 85
4746 0 14 85
3037 0 15 85
5622 0 16 85
135 0 17 85
5401 1 17 85
1026 6 13 87
4769 6 12 87
2518 6 11 87
625 6 10 87
2237 6 9 87
3225 17 0 87
131 17 1 87
3741 17 2 87
4080 4 8 88
1450 4 9 88
2691 4 10 88
332 5 13 88
1701 5 12 88
3572 14 10 88
2326 13 10 88
4283 12 10 88
188 11 10 88
2513 3 13 89
5494 3 12 89
203 3 8 89
5601 3 9 89
154 3 10 89
5142 4 13 89
5009 4 12 89
2494 9 10 89
2466 9 9 89
2511 9 8 89
4779 9 7 89
1877 2 13 90
4973 2 12 90
764 2 8 90
3327 2 9 90
532 2 10 90
5464 13 6 90
1658 12 6 90
2727 11 6 90
1416 0 8 91
357 0 9 91
1502 0 10 91
1498 1 13 91
80 1 12 91
2974 1 8 91
1862 1 9 91
4194 1 10 91
4014 12 1 91
5055 11 1 91
33 10 1 91
4564 9 1 91
490 8 1 91
3139 7 1 91
242 6 7 92
4654 6 6 92
11 6 5 92
5299 6 4 92
4356 0 13 92
194 0 12 92
10 0 11 92
4523 1 11 92
4770 2 11 92
4306 3 11 92
3372 4 11 92
2578 5 11 92
4703 5 10 92
4141 5 9 92
5283 5 8 92
5014 6 8 92
4816 2 17 92
5078 3 17 92
9 4 17 92
3253 4 16 92
3616 4 15 92
985 4 14 92
1992 5 14 92
1190 6 14 92
2141 7 14 92
2662 7 13 92
481 7 12 92
2271 7 11 92
2825 7 10 92
3849 7 9 92
5855 7 8 92
1401 7 7 92
1331 7 6 92
4844 13 9 92
3687 12 9 92
1721 11 9 92
2811 13 8 92
954 12 8 92
2982 11 8 92
5223 17 7 92
4913 16 7 92
1776 19 3 92
3880 18 1 92
2289 18 2 92
2638 18 3 92
541 17 3 92
5073 16 3 92
2427 14 1 92
5302 14 2 92
4948 13 2 92
333 5 7 93
5105 5 6 93
12766 milli sec 
point:449600
