742
2324 0 7 1
903 0 6 1
5479 0 5 1
5445 0 4 1
5121 0 3 1
4776 0 2 1
5157 0 1 1
4304 0 0 1
318 1 7 1
2886 1 6 1
498 1 5 1
3615 1 4 1
1729 1 3 1
1654 1 2 1
3058 1 1 1
3720 1 0 1
1286 2 7 1
2609 2 6 1
346 2 5 1
4586 2 4 1
2046 2 3 1
2471 2 2 1
4706 2 1 1
2539 2 0 1
1713 3 7 1
3108 3 6 1
5010 3 5 1
5180 3 4 1
968 3 3 1
4493 3 2 1
1549 3 1 1
1217 3 0 1
3427 4 7 1
614 4 6 1
2649 4 5 1
1175 4 4 1
4707 4 3 1
2568 4 2 1
2818 4 1 1
3810 4 0 1
2975 5 7 1
1750 5 6 1
2087 5 5 1
1079 5 4 1
6 5 3 1
4972 5 2 1
1660 5 1 1
2506 5 0 1
1209 6 7 1
3117 0 15 1
670 0 14 1
2410 0 13 1
5519 0 12 1
1111 0 11 1
4384 0 8 1
1211 0 9 1
3373 0 10 1
4782 1 15 1
1162 1 14 1
4521 1 13 1
1323 1 12 1
4859 1 11 1
1276 1 8 1
2102 1 9 1
3401 1 10 1
1277 2 15 1
3 2 14 1
3469 2 13 1
4711 2 12 1
2817 2 11 1
4976 2 8 1
2484 2 9 1
3072 2 10 1
2346 3 15 1
4229 3 14 1
1708 3 13 1
2788 3 12 1
3713 3 11 1
5254 3 8 1
3310 3 9 1
1865 3 10 1
1144 4 15 1
1653 4 14 1
3850 4 13 1
999 4 12 1
751 4 11 1
4169 4 8 1
1579 4 9 1
4242 4 10 1
1990 5 15 1
732 5 14 1
4409 5 13 1
1047 5 12 1
1488 5 11 1
4741 5 8 1
5370 5 9 1
3898 5 10 1
173 6 15 1
2538 6 14 1
3987 6 13 1
436 6 12 1
4425 6 11 1
4319 6 8 1
3343 6 9 1
1362 6 10 1
800 7 15 1
2260 7 14 1
5101 7 13 1
4896 7 12 1
4371 7 11 1
1856 7 7 1
4596 7 8 1
2145 7 9 1
3160 7 10 1
2407 8 12 1
287 8 11 1
4389 8 7 1
5416 8 8 1
5273 8 9 1
2009 8 10 1
1564 9 12 1
396 9 11 1
5194 9 7 1
3854 9 8 1
3655 9 9 1
4687 9 10 1
3397 10 12 1
2876 10 11 1
2452 10 7 1
2098 10 8 1
3136 10 9 1
1773 10 10 1
5307 0 19 1
5287 0 18 1
3389 0 17 1
3000 0 16 1
5038 1 19 1
5259 1 18 1
3555 1 17 1
3439 1 16 1
706 2 19 1
1905 2 18 1
4016 2 17 1
2134 2 16 1
603 3 19 1
4211 3 18 1
5255 3 17 1
4899 3 16 1
665 4 19 1
5174 4 18 1
3285 4 17 1
3377 4 16 1
3649 5 19 1
575 5 18 1
2684 5 17 1
4478 5 16 1
3899 6 19 1
536 6 18 1
4666 6 17 1
846 6 16 1
1108 7 19 1
4408 7 18 1
153 7 17 1
1216 7 16 1
304 8 19 1
3037 8 18 1
4684 8 17 1
4413 8 16 1
3871 8 15 1
4312 8 14 1
2499 8 13 1
3026 9 19 1
2300 9 18 1
3853 9 17 1
411 9 16 1
2003 9 15 1
4121 9 14 1
2182 9 13 1
1233 10 19 1
1550 10 18 1
2632 10 17 1
5433 10 16 1
1385 10 15 1
1165 10 14 1
3610 10 13 1
4475 11 19 1
3608 11 18 1
5333 11 17 1
1439 11 16 1
2101 11 15 1
4796 11 14 1
3928 11 13 1
5086 11 12 1
4050 11 11 1
1634 11 7 1
2029 11 8 1
4459 11 9 1
2461 11 10 1
3444 12 19 1
1859 12 18 1
2136 12 17 1
1430 12 16 1
2969 12 15 1
3200 12 14 1
3013 12 13 1
124 12 12 1
2899 12 11 1
2245 12 10 1
1150 14 19 1
2770 13 19 1
1181 14 18 1
4981 13 18 1
2371 14 17 1
2571 13 17 1
5276 14 16 1
5420 13 16 1
4529 19 19 1
2210 18 19 1
77 17 19 1
3071 16 19 1
49 15 19 1
5152 19 18 1
2413 18 18 1
5001 17 18 1
1298 16 18 1
2511 15 18 1
4535 19 17 1
5249 18 17 1
1593 17 17 1
4561 16 17 1
3721 15 17 1
5268 19 16 1
4395 18 16 1
2237 17 16 1
2207 16 16 1
1768 15 16 1
2650 19 15 1
551 18 15 1
3952 17 15 1
2846 16 15 1
4210 15 15 1
2483 14 15 1
923 13 15 1
3181 19 14 1
37 18 14 1
5110 17 14 1
3408 16 14 1
1759 15 14 1
2639 14 14 1
654 13 14 1
1239 19 13 1
3216 18 13 1
1449 17 13 1
3644 16 13 1
906 15 13 1
2004 14 13 1
2983 13 13 1
361 19 12 1
145 18 12 1
895 17 12 1
4443 16 12 1
3259 15 12 1
1703 14 12 1
370 13 12 1
2835 19 11 1
1820 18 11 1
4209 17 11 1
1744 16 11 1
5066 15 11 1
2566 14 11 1
561 13 11 1
2724 19 10 1
2765 18 10 1
3093 17 10 1
4058 16 10 1
4230 15 10 1
2691 14 10 1
1340 13 10 1
1866 19 9 1
1258 18 9 1
4692 17 9 1
2544 16 9 1
2400 15 9 1
128 14 9 1
2585 13 9 1
4743 12 9 1
2202 19 8 1
2167 18 8 1
5508 17 8 1
4629 16 8 1
806 15 8 1
4308 14 8 1
447 13 8 1
4049 12 8 1
3783 19 0 1
4780 19 1 1
139 19 2 1
4785 19 3 1
1110 19 4 1
3790 19 5 1
1963 19 6 1
5306 19 7 1
5148 18 0 1
1273 18 1 1
4968 18 2 1
2339 18 3 1
3344 18 4 1
550 18 5 1
4843 18 6 1
3138 18 7 1
5139 17 0 1
3350 17 1 1
3269 17 2 1
5263 17 3 1
4994 17 4 1
4862 17 5 1
4111 17 6 1
3018 17 7 1
1516 15 0 1
363 15 1 1
3340 15 2 1
3258 15 3 1
5 15 4 1
195 15 5 1
768 15 6 1
5130 16 0 1
177 16 1 1
3640 16 2 1
1213 16 3 1
1742 16 4 1
1732 16 5 1
3287 16 6 1
2028 16 7 1
1485 15 7 1
4506 14 7 1
4048 13 7 1
5393 12 7 1
2547 14 6 1
3280 13 6 1
4310 12 6 1
1270 11 6 1
4841 10 6 1
3645 9 6 1
3299 8 6 1
2665 7 6 1
1777 6 6 1
3953 14 5 1
3837 13 5 1
1040 12 5 1
2233 11 5 1
5269 10 5 1
1214 9 5 1
1912 8 5 1
4990 7 5 1
2192 6 5 1
4024 14 4 1
5305 13 4 1
4138 12 4 1
2 11 4 1
4039 10 4 1
3527 9 4 1
3196 8 4 1
108 7 4 1
382 6 4 1
5161 14 3 1
634 13 3 1
3449 12 3 1
3574 11 3 1
1753 10 3 1
2455 9 3 1
946 8 3 1
366 7 3 1
638 6 3 1
971 14 2 1
1130 13 2 1
4590 12 2 1
3940 11 2 1
3946 10 2 1
3816 9 2 1
3577 8 2 1
183 7 2 1
5495 6 2 1
157 14 1 1
1396 13 1 1
905 12 1 1
3169 11 1 1
1134 10 1 1
4157 9 1 1
547 8 1 1
1971 7 1 1
1365 6 1 1
735 14 0 1
1841 13 0 1
601 12 0 1
3050 11 0 1
2675 10 0 1
2432 9 0 1
5153 8 0 1
2579 7 0 1
418 6 0 1
1167 14 0 27
4028 13 0 27
5312 12 0 27
5320 11 0 27
2176 10 0 27
2456 9 0 27
5375 8 0 27
5031 7 0 27
4597 14 1 31
3949 13 1 31
3636 12 1 31
5419 11 1 31
511 10 1 31
4982 9 1 31
738 8 1 31
587 7 1 31
1907 14 2 33
3722 13 2 33
1848 12 2 33
5406 11 2 33
2027 10 2 33
5125 9 2 33
4250 8 2 33
3590 7 2 33
5341 14 3 34
2434 13 3 34
28 12 3 34
720 11 3 34
2943 10 3 34
2767 9 3 34
4126 8 3 34
5167 7 3 34
2950 14 4 36
2433 13 4 36
3968 12 4 36
4248 11 4 36
1038 10 4 36
141 9 4 36
3475 8 4 36
2465 7 4 36
445 14 5 38
334 13 5 38
714 12 5 38
3552 11 5 38
454 10 5 38
1357 9 5 38
5172 8 5 38
4309 7 5 38
2816 14 6 39
4387 13 6 39
2498 16 0 42
4614 16 1 42
4086 16 2 42
5404 16 3 42
817 16 4 42
3919 16 5 42
3950 15 0 43
1546 15 1 43
2249 15 2 43
137 15 3 43
590 15 4 43
5533 15 5 43
3513 15 6 43
2540 16 6 43
414 17 0 44
465 17 1 44
1190 17 2 44
2394 17 3 44
5208 17 4 44
226 17 5 44
3249 17 6 44
4456 18 0 46
444 18 1 46
5510 18 2 46
2404 18 3 46
1623 18 4 46
4235 18 5 46
1962 18 6 46
1281 19 0 47
1747 19 1 47
1756 19 2 47
5418 19 3 47
3738 19 4 47
5009 19 5 47
2039 19 6 47
3086 19 7 47
1746 18 7 47
4713 17 7 47
3551 16 7 47
3687 15 7 47
4453 14 7 47
3979 13 7 47
2309 19 8 48
4259 18 8 48
1482 17 8 48
2714 16 8 48
5114 15 8 48
2626 14 8 48
2660 13 8 48
3172 19 9 49
821 18 9 49
3395 17 9 49
626 16 9 49
3553 15 9 49
2246 14 9 49
658 19 10 50
3312 18 10 50
1958 17 10 50
3637 16 10 50
1537 15 10 50
1538 14 10 50
4829 19 11 51
4130 18 11 51
369 17 11 51
4593 16 11 51
4969 15 11 51
365 14 11 51
5364 19 12 53
5407 18 12 53
3386 17 12 53
3424 16 12 53
812 15 12 53
834 14 12 53
5008 19 13 54
4516 18 13 54
932 17 13 54
5494 16 13 54
5324 15 13 54
1204 14 13 54
521 19 14 55
4581 18 14 55
5367 17 14 55
4626 16 14 55
2977 15 14 55
588 14 14 55
4973 19 16 56
933 18 16 56
3121 17 16 56
1109 16 16 56
782 19 15 56
4612 18 15 56
787 17 15 56
1684 16 15 56
5014 19 18 57
4053 18 18 57
1136 17 18 57
994 16 18 57
4736 19 17 57
3143 18 17 57
186 17 17 57
3406 16 17 57
3801 19 19 58
3856 18 19 58
4365 17 19 58
2813 16 19 58
5032 15 19 58
2311 15 18 58
513 15 17 58
2614 15 16 58
4583 15 15 58
73 14 15 58
5258 14 18 59
3519 14 17 59
4507 14 16 59
4454 14 19 60
4462 13 19 60
406 13 18 60
4577 13 17 60
4870 13 16 60
3289 12 19 64
854 12 18 64
5399 12 17 64
1734 12 16 64
2937 12 15 64
1068 12 14 64
2152 12 13 64
816 12 12 64
1721 12 11 64
2470 11 7 65
3653 11 8 65
3105 11 9 65
2199 11 19 66
3703 11 18 66
3201 11 17 66
462 11 16 66
2839 11 15 66
3002 11 14 66
480 10 19 67
119 10 18 67
3254 10 17 67
580 10 16 67
4554 10 15 67
2863 10 14 67
1571 9 19 69
2960 9 18 69
750 9 17 69
1888 9 16 69
5042 9 15 69
4500 9 14 69
704 7 19 70
3990 7 18 70
2742 7 17 70
1846 8 19 70
3120 8 18 70
1787 8 17 70
4051 6 19 71
1177 6 18 71
4044 6 17 71
2801 5 19 72
5386 5 18 72
2224 5 17 72
3787 4 19 73
785 4 18 73
878 4 17 73
3800 2 19 74
2812 2 18 74
2520 2 17 74
2367 3 19 74
4132 3 18 74
2875 3 17 74
2097 1 19 75
158 1 18 75
5233 1 17 75
885 10 12 76
1036 10 11 76
3242 10 7 76
2726 10 8 76
890 10 9 76
851 0 19 76
5141 0 18 76
4663 0 17 76
4799 0 16 76
4447 1 16 76
3561 9 12 77
3633 9 11 77
3758 9 7 77
204 9 8 77
617 9 9 77
422 8 7 78
5251 8 8 78
4689 8 9 78
5539 7 7 79
2957 7 8 79
3320 7 9 79
1502 8 12 79
1863 8 11 79
4650 7 15 80
1761 7 14 80
5140 7 13 80
1710 7 12 80
2308 7 11 80
4364 6 8 81
3674 6 9 81
771 6 15 82
731 6 14 82
3694 6 13 82
3484 6 12 82
5217 6 11 82
611 5 8 83
3028 5 9 83
2488 4 8 84
3612 4 9 84
2268 5 15 84
1310 5 14 84
1000 5 13 84
5443 5 12 84
4815 5 11 84
669 3 8 86
4908 3 9 86
4279 4 15 86
4186 4 14 86
1568 4 13 86
2348 4 12 86
730 4 11 86
3676 19 17 87
918 18 17 87
695 17 17 87
163 16 17 87
5266 3 15 88
899 3 14 88
311 3 13 88
939 3 12 88
1883 3 11 88
2927 14 3 88
1775 13 3 88
1640 12 3 88
3748 11 3 88
5256 10 3 88
1197 9 3 88
3664 8 3 88
4468 7 3 88
3931 2 15 89
3684 2 14 89
4161 2 13 89
3103 2 12 89
60 2 11 89
207 2 8 89
4216 2 9 89
2696 1 8 90
5117 1 9 90
4759 0 8 91
5524 0 9 91
3914 1 15 91
4333 1 14 91
2453 1 13 91
2203 1 12 91
4457 1 11 91
2804 6 7 92
3607 0 15 92
3661 0 14 92
4809 0 13 92
3130 0 12 92
5401 0 11 92
2890 0 10 92
4627 1 10 92
1308 2 10 92
759 3 10 92
3140 4 10 92
2148 5 10 92
4540 6 10 92
694 7 10 92
2095 8 10 92
4752 12 4 92
3969 11 4 92
558 10 4 92
1696 9 4 92
3565 8 4 92
5060 7 4 92
333 5 7 93
1060 5 6 93
4620 5 5 93
1902 5 4 93
3014 5 3 93
3598 5 2 93
5171 5 1 93
240 9 10 93
3957 10 10 93
2787 2 16 93
5262 3 16 93
2112 4 16 93
4288 5 16 93
184 6 16 93
11971 milli sec 
point:439025
