741
3621 0 8 1
1905 0 7 1
5494 0 0 1
366 0 1 1
990 0 2 1
4751 0 3 1
1980 0 4 1
5111 0 5 1
5444 0 6 1
1172 1 8 1
4611 1 7 1
3941 1 0 1
1423 1 1 1
1230 1 2 1
1382 1 3 1
1061 1 4 1
2572 1 5 1
2979 1 6 1
3214 2 8 1
149 2 7 1
991 2 0 1
1593 2 1 1
13 2 2 1
4137 2 3 1
2420 2 4 1
1566 2 5 1
1620 2 6 1
1107 3 8 1
5372 3 7 1
1131 3 0 1
4251 3 1 1
2553 3 2 1
2960 3 3 1
2771 3 4 1
2796 3 5 1
352 3 6 1
4593 4 8 1
5047 4 7 1
731 4 0 1
1181 4 1 1
4003 4 2 1
1942 4 3 1
5207 4 4 1
27 4 5 1
3720 4 6 1
4599 5 8 1
4478 5 7 1
1171 5 0 1
4518 5 1 1
3559 5 2 1
3658 5 3 1
4890 5 4 1
816 5 5 1
2637 5 6 1
2434 6 8 1
3361 6 7 1
2173 6 0 1
2467 6 1 1
5272 6 2 1
26 6 3 1
569 6 4 1
1466 6 5 1
1486 6 6 1
4472 0 19 1
1124 0 18 1
5502 0 17 1
3554 0 16 1
3643 0 15 1
2101 0 9 1
3590 0 10 1
4966 0 11 1
4078 0 12 1
2424 0 13 1
3426 0 14 1
4413 1 19 1
4989 1 18 1
5228 1 17 1
2920 1 16 1
2967 1 15 1
1137 1 9 1
3717 1 10 1
1927 1 11 1
1175 1 12 1
1495 1 13 1
4103 1 14 1
5306 2 19 1
1058 2 18 1
2069 2 17 1
491 2 16 1
1920 2 15 1
1179 2 9 1
4190 2 10 1
2252 2 11 1
5531 2 12 1
2737 2 13 1
3785 2 14 1
1056 3 19 1
3781 3 18 1
5469 3 17 1
2266 3 16 1
730 3 15 1
4927 3 9 1
4858 3 10 1
476 3 11 1
4227 3 12 1
957 3 13 1
5312 3 14 1
4445 4 19 1
4126 4 18 1
4164 4 17 1
3015 4 16 1
2263 4 15 1
3922 4 9 1
4134 4 10 1
3571 4 11 1
3052 4 12 1
1243 4 13 1
1276 4 14 1
2651 5 19 1
135 5 18 1
63 5 17 1
2304 5 16 1
2055 5 15 1
5419 5 9 1
5248 5 10 1
4321 5 11 1
3542 5 12 1
513 5 13 1
4465 5 14 1
1805 6 19 1
2384 6 18 1
4975 6 17 1
4074 6 16 1
1071 6 15 1
5092 6 9 1
877 6 10 1
2563 6 11 1
787 6 12 1
4232 6 13 1
786 6 14 1
3718 7 19 1
345 7 18 1
2180 7 17 1
943 7 16 1
4616 7 15 1
4267 7 14 1
2941 7 13 1
4554 7 12 1
3874 7 11 1
4576 7 10 1
3429 7 9 1
177 7 8 1
4918 7 7 1
2262 7 0 1
1027 7 1 1
1783 7 2 1
5361 7 3 1
5072 7 4 1
3187 7 5 1
146 7 6 1
2122 8 19 1
524 8 18 1
2600 8 17 1
1731 8 16 1
2922 8 15 1
1560 8 14 1
2953 8 13 1
1460 8 12 1
2739 8 11 1
1251 8 10 1
1890 8 9 1
289 8 8 1
3171 8 7 1
4707 8 0 1
3020 8 1 1
105 8 2 1
2791 8 3 1
3776 8 4 1
3754 8 5 1
1455 8 6 1
4379 9 19 1
1445 9 18 1
434 9 17 1
2092 9 16 1
1067 9 15 1
175 9 14 1
1176 9 13 1
2504 9 12 1
888 9 11 1
3129 9 10 1
4683 9 9 1
3044 9 8 1
25 9 7 1
37 9 0 1
4242 9 1 1
1347 9 2 1
3599 9 3 1
2067 9 4 1
4951 9 5 1
5385 9 6 1
1154 10 19 1
5208 10 18 1
2575 10 17 1
1254 10 16 1
427 10 15 1
5224 10 14 1
305 10 13 1
5162 10 12 1
4985 10 11 1
2343 10 10 1
4282 10 9 1
3001 10 8 1
248 10 7 1
811 10 0 1
1481 10 1 1
314 10 2 1
4904 10 3 1
3703 10 4 1
5440 10 5 1
2463 10 6 1
4897 11 19 1
2823 11 18 1
4561 11 17 1
1958 11 16 1
3397 11 15 1
3231 11 14 1
1253 11 13 1
4405 11 12 1
2318 11 11 1
853 11 10 1
61 11 9 1
4492 11 8 1
5399 11 7 1
2311 11 6 1
4627 11 5 1
1686 11 4 1
5062 11 3 1
2880 11 2 1
5038 11 1 1
559 11 0 1
2100 12 19 1
839 12 18 1
5356 12 17 1
5362 12 16 1
5273 12 15 1
186 12 14 1
1188 13 13 1
2673 12 13 1
2914 13 12 1
30 12 12 1
303 13 11 1
4420 12 11 1
3986 13 10 1
4043 12 10 1
1341 13 19 1
410 13 18 1
1972 13 17 1
5212 13 16 1
2676 13 15 1
326 13 14 1
112 19 19 1
59 18 19 1
5460 17 19 1
2407 16 19 1
4110 15 19 1
3381 14 19 1
4426 19 18 1
2426 18 18 1
84 17 18 1
2215 16 18 1
1597 15 18 1
3856 14 18 1
851 19 17 1
1116 18 17 1
1462 17 17 1
4140 16 17 1
4552 15 17 1
2975 14 17 1
2289 19 16 1
1766 18 16 1
5260 17 16 1
3745 16 16 1
4790 15 16 1
5495 14 16 1
1736 19 15 1
5353 18 15 1
5389 17 15 1
1415 16 15 1
3602 15 15 1
872 14 15 1
3775 19 14 1
4337 18 14 1
4026 17 14 1
3041 16 14 1
1737 15 14 1
3465 14 14 1
4602 19 13 1
4579 18 13 1
1917 17 13 1
151 16 13 1
3966 15 13 1
1765 14 13 1
579 19 12 1
4323 18 12 1
4801 17 12 1
2284 16 12 1
396 15 12 1
2485 14 12 1
4116 19 11 1
5329 18 11 1
3492 17 11 1
1136 16 11 1
3882 15 11 1
3255 14 11 1
3186 19 10 1
4370 18 10 1
4044 17 10 1
5283 16 10 1
2830 15 10 1
900 14 10 1
3452 19 9 1
2197 18 9 1
1234 17 9 1
3672 16 9 1
1568 15 9 1
4591 14 9 1
801 13 9 1
2940 12 9 1
1238 19 8 1
5227 18 8 1
5301 17 8 1
5216 16 8 1
2657 15 8 1
5555 14 8 1
4672 13 8 1
3913 12 8 1
624 19 7 1
3604 18 7 1
4736 17 7 1
2757 16 7 1
3863 15 7 1
514 14 7 1
1789 13 7 1
2687 12 7 1
4203 19 6 1
2270 18 6 1
256 17 6 1
3807 16 6 1
2312 15 6 1
5034 14 6 1
4765 13 6 1
3062 12 6 1
1822 19 5 1
4075 18 5 1
3123 17 5 1
5083 16 5 1
2951 15 5 1
5048 14 5 1
4689 13 5 1
3141 12 5 1
2973 19 4 1
3477 18 4 1
1126 17 4 1
1350 16 4 1
3893 15 4 1
3032 14 4 1
873 13 4 1
2510 12 4 1
808 19 3 1
5181 18 3 1
2664 17 3 1
1953 16 3 1
2727 15 3 1
1596 14 3 1
2059 13 3 1
653 12 3 1
4905 19 2 1
1340 18 2 1
3261 17 2 1
2674 16 2 1
222 15 2 1
3215 14 2 1
1441 13 2 1
2331 12 2 1
3399 19 1 1
4076 18 1 1
215 17 1 1
5078 16 1 1
5103 15 1 1
2931 14 1 1
1679 13 1 1
5501 12 1 1
904 19 0 1
4826 18 0 1
1017 17 0 1
3490 16 0 1
2517 15 0 1
3126 14 0 1
1629 13 0 1
5284 12 0 1
2867 19 0 29
611 18 0 29
5392 17 0 29
3355 16 0 29
5388 15 0 29
2551 14 0 29
4111 13 0 29
835 19 1 33
1670 18 1 33
2276 17 1 33
3257 16 1 33
925 15 1 33
3762 14 1 33
1398 13 1 33
4842 19 2 35
1201 18 2 35
922 17 2 35
2302 16 2 35
360 15 2 35
4503 14 2 35
4253 13 2 35
232 19 3 37
2859 18 3 37
2155 17 3 37
1191 16 3 37
2145 15 3 37
5282 14 3 37
2188 13 3 37
1012 19 4 40
1837 18 4 40
5351 17 4 40
4605 16 4 40
5493 15 4 40
3424 14 4 40
1219 13 4 40
370 19 6 42
5449 18 6 42
2537 17 6 42
2579 16 6 42
722 15 6 42
4114 14 6 42
1021 13 6 42
129 19 5 42
4827 18 5 42
3307 17 5 42
99 16 5 42
2592 15 5 42
1329 14 5 42
430 13 5 42
3216 19 7 45
4429 18 7 45
1816 17 7 45
2656 16 7 45
3323 15 7 45
1863 14 7 45
4414 13 7 45
689 19 8 46
233 18 8 46
4592 17 8 46
296 16 8 46
4327 15 8 46
3312 14 8 46
3087 13 8 46
4906 19 9 47
4808 18 9 47
3632 17 9 47
2511 16 9 47
1011 15 9 47
562 19 10 49
4578 18 10 49
4036 17 10 49
3541 16 10 49
684 15 10 49
5110 19 11 50
4621 18 11 50
1696 17 11 50
4277 16 11 50
4147 15 11 50
1392 19 12 51
2775 18 12 51
1472 17 12 51
4428 16 12 51
1637 15 12 51
2183 19 13 52
803 18 13 52
4665 17 13 52
3209 16 13 52
4678 15 13 52
5169 19 15 53
336 18 15 53
3923 17 15 53
3411 16 15 53
2017 15 15 53
4046 19 14 53
931 18 14 53
4789 17 14 53
3769 16 14 53
1655 15 14 53
779 19 16 54
2906 18 16 54
3605 17 16 54
2944 16 16 54
5222 15 16 54
3454 19 17 56
4417 18 17 56
3146 17 17 56
3195 16 17 56
842 15 17 56
863 19 18 57
2333 18 18 57
5019 17 18 57
4411 16 18 57
4345 15 18 57
2946 19 19 58
1196 18 19 58
3405 17 19 58
2307 16 19 58
4113 15 19 58
3086 14 19 58
2662 14 18 58
367 14 17 58
2159 13 11 59
4183 13 10 59
155 13 19 59
340 13 18 59
1689 13 17 59
463 13 16 59
2041 13 15 59
3353 13 14 59
768 13 13 60
10 13 12 60
2233 12 19 61
3276 12 18 61
899 12 17 61
4669 12 16 61
3738 12 15 61
3272 12 14 61
346 12 13 61
2795 12 12 61
335 12 11 61
1968 12 10 61
1269 11 19 65
452 11 18 65
798 11 17 65
403 11 16 65
3029 11 15 65
1654 11 14 65
4176 11 13 65
4840 11 12 65
2670 11 11 65
4937 11 10 65
5435 11 9 65
4459 11 8 65
3072 11 7 65
4364 10 0 66
4415 10 1 66
570 10 2 66
3100 10 3 66
1574 10 4 66
250 10 5 66
688 9 0 69
1712 9 1 69
3152 9 2 69
424 9 3 69
1717 9 4 69
4011 9 5 69
729 10 19 69
932 10 18 69
4730 10 17 69
2385 10 16 69
80 10 15 69
2259 10 14 69
4940 10 13 69
3800 10 12 69
5001 10 11 69
1088 10 10 69
2402 10 9 69
3483 10 8 69
2948 10 7 69
3624 9 19 72
1351 9 18 72
2965 9 17 72
3346 9 16 72
677 9 15 72
1903 9 14 72
35 9 13 72
3860 9 12 72
3723 9 11 72
1508 9 10 72
2236 9 9 72
2088 9 8 72
2451 9 7 72
4189 8 0 73
2658 8 1 73
3790 8 2 73
807 8 3 73
1861 8 4 73
4882 8 5 73
3108 8 19 74
2723 8 18 74
4453 8 17 74
5324 8 16 74
2045 8 15 74
829 8 14 74
2987 8 13 74
1091 8 12 74
4651 8 11 74
852 8 10 74
2834 8 9 74
2249 8 8 74
3515 8 7 74
4881 7 0 75
976 7 1 75
2612 7 2 75
4418 7 3 75
1695 7 4 75
16 7 5 75
3905 7 19 77
4284 7 18 77
2829 7 17 77
5144 7 16 77
4734 7 15 77
1001 6 9 78
5515 6 10 78
5120 6 11 78
3365 6 12 78
4230 6 13 78
3760 6 19 79
3716 6 18 79
3528 6 17 79
5480 6 16 79
5457 6 15 79
1440 5 9 80
2689 5 10 80
4388 5 11 80
2310 5 12 80
4045 5 13 80
4406 5 19 81
4404 5 18 81
4829 5 17 81
4537 5 16 81
2680 5 15 81
2065 4 9 82
438 4 10 82
5522 4 11 82
4014 4 12 82
3737 4 13 82
1474 19 5 83
4903 18 5 83
283 17 5 83
572 16 5 83
5310 15 5 83
1666 14 5 83
2181 13 5 83
765 4 19 84
2393 4 18 84
1141 4 17 84
2712 4 16 84
3767 4 15 84
1862 3 9 85
2243 3 10 85
2379 3 11 85
4809 3 12 85
2826 3 13 85
2435 3 19 86
4706 3 18 86
1395 3 17 86
2178 3 16 86
3782 3 15 86
1197 19 14 86
2040 18 14 86
3722 17 14 86
5511 16 14 86
3626 15 14 86
546 2 9 87
4330 2 10 87
748 2 11 87
2715 2 12 87
556 2 13 87
1525 1 9 88
3961 1 10 88
2478 1 11 88
473 1 12 88
708 1 13 88
1494 2 19 88
2869 2 18 88
2168 2 17 88
4987 2 16 88
659 2 15 88
1776 1 19 89
5526 1 18 89
4123 1 17 89
341 1 16 89
4849 1 15 89
4755 0 19 91
1616 0 18 91
5269 0 17 91
298 0 16 91
2986 0 15 91
2923 0 9 91
2963 0 10 91
1665 0 11 91
644 0 12 91
1852 0 13 91
3266 0 14 91
4216 1 14 91
321 2 14 91
4551 3 14 91
5009 4 14 91
844 5 14 91
636 6 14 91
4138 7 14 91
5226 7 13 91
5217 7 12 91
3286 7 11 91
647 7 10 91
5081 7 9 91
1836 7 8 91
1716 7 7 91
3792 6 0 92
2738 6 1 92
2521 6 2 92
5043 6 3 92
4464 6 4 92
404 6 5 92
930 19 11 92
4069 18 11 92
1745 17 11 92
1768 16 11 92
4892 15 11 92
2148 6 8 93
1411 6 7 93
5452 5 8 94
882 5 7 94
2768 5 0 94
2777 5 1 94
4634 5 2 94
5393 5 3 94
2705 5 4 94
5106 5 5 94
3988 12 18 94
12065 milli sec 
point:436650
