738
3068 6 0 1
1575 6 1 1
3671 6 2 1
2847 7 0 1
4593 7 1 1
3044 7 2 1
825 8 3 1
1212 8 0 1
5192 8 1 1
5318 8 2 1
2523 0 6 1
5301 0 5 1
170 0 0 1
1038 0 1 1
4747 0 2 1
3602 0 3 1
165 0 4 1
2155 1 6 1
1630 1 5 1
686 2 0 1
2592 2 1 1
3852 1 0 1
2370 1 1 1
3958 1 2 1
1562 1 3 1
2458 1 4 1
3609 2 6 1
2460 2 5 1
2021 2 2 1
4773 2 3 1
4398 2 4 1
5063 3 6 1
4444 3 5 1
2530 5 0 1
4327 5 1 1
1360 5 2 1
1620 4 0 1
30 4 1 1
4384 4 2 1
4938 4 3 1
4607 3 0 1
2930 3 1 1
1439 3 2 1
3933 3 3 1
4943 3 4 1
4196 4 6 1
2909 4 5 1
921 4 4 1
1433 5 6 1
2043 5 5 1
1396 5 3 1
2137 5 4 1
980 6 5 1
742 6 3 1
1526 6 4 1
3206 7 5 1
4220 7 3 1
4993 7 4 1
289 8 5 1
4267 8 4 1
1268 9 5 1
523 9 4 1
305 9 3 1
3648 9 0 1
1028 9 1 1
2274 9 2 1
501 0 9 1
857 0 7 1
2618 0 8 1
4087 1 9 1
4001 1 7 1
3223 1 8 1
710 2 9 1
3282 2 7 1
2775 2 8 1
4701 3 9 1
3722 3 7 1
3902 3 8 1
619 4 9 1
951 4 7 1
4852 4 8 1
5097 5 9 1
964 5 7 1
4819 5 8 1
973 6 9 1
53 6 6 1
1796 6 7 1
3701 6 8 1
2578 7 9 1
4176 7 6 1
595 7 7 1
118 7 8 1
3827 8 9 1
58 8 8 1
4709 8 6 1
48 8 7 1
441 8 12 1
3452 8 11 1
1253 8 10 1
2563 9 12 1
4146 9 11 1
3447 9 10 1
502 9 9 1
449 9 8 1
3931 9 6 1
443 9 7 1
4531 11 12 1
69 10 12 1
1751 11 13 1
4358 14 13 1
4820 13 13 1
958 12 13 1
76 14 12 1
2083 13 12 1
424 12 12 1
4325 5 15 1
230 6 19 1
1411 6 18 1
3 6 17 1
781 6 16 1
3677 6 15 1
1539 7 19 1
3878 7 18 1
274 7 17 1
2024 7 16 1
1561 0 16 1
2691 0 15 1
1060 0 14 1
3085 1 16 1
3586 1 15 1
2903 1 14 1
4904 0 19 1
2604 0 18 1
528 0 17 1
4493 1 19 1
3641 1 18 1
1905 1 17 1
1395 3 19 1
3386 2 19 1
15 3 18 1
4745 2 18 1
5208 5 19 1
468 4 19 1
2763 5 18 1
3430 4 18 1
5108 5 17 1
661 4 17 1
4306 3 17 1
1061 2 17 1
740 5 16 1
3196 4 16 1
3287 3 16 1
3076 2 16 1
1697 2 15 1
4684 2 14 1
2327 3 15 1
5219 3 14 1
3809 4 15 1
4633 0 12 1
2798 0 13 1
4042 1 12 1
3905 1 13 1
4917 0 10 1
1210 0 11 1
4382 1 10 1
928 1 11 1
3164 2 10 1
455 2 11 1
2709 2 12 1
4108 2 13 1
2599 3 10 1
3316 3 11 1
259 3 12 1
3970 3 13 1
1422 4 10 1
761 4 11 1
1967 4 12 1
4539 4 13 1
1093 4 14 1
4631 7 10 1
2891 7 11 1
846 7 12 1
815 6 10 1
2818 6 11 1
4104 6 12 1
2833 5 10 1
5046 5 11 1
5290 5 12 1
181 5 13 1
2198 5 14 1
4594 6 13 1
2860 6 14 1
3375 7 13 1
3089 7 14 1
3374 7 15 1
1581 8 17 1
3415 8 16 1
148 8 13 1
812 8 14 1
2497 8 15 1
4266 9 16 1
1372 10 13 1
4694 10 14 1
3265 9 13 1
3690 9 14 1
1914 9 15 1
1434 10 16 1
3590 10 15 1
768 8 19 1
389 8 18 1
2435 9 19 1
395 9 18 1
3320 9 17 1
3915 10 19 1
217 10 18 1
1046 10 17 1
2502 11 19 1
2752 11 18 1
544 11 17 1
3158 11 16 1
4299 11 14 1
3186 11 15 1
1119 13 19 1
1530 12 19 1
2262 13 18 1
5237 12 18 1
1332 13 17 1
3901 12 17 1
1123 13 16 1
3941 12 16 1
5045 12 15 1
4357 12 14 1
1552 13 15 1
5151 13 14 1
4309 14 15 1
5259 14 14 1
1359 14 19 1
2269 14 18 1
4691 14 17 1
5252 14 16 1
2418 15 19 1
4006 15 18 1
3210 15 17 1
712 15 16 1
2491 16 19 1
1644 16 18 1
1786 19 19 1
3939 18 19 1
1567 17 19 1
200 19 18 1
4936 18 18 1
2006 17 18 1
2374 19 17 1
4062 18 17 1
5132 17 17 1
4466 16 17 1
4783 19 16 1
517 18 16 1
4057 17 16 1
2968 16 16 1
2569 19 12 1
5104 19 13 1
5357 19 14 1
1772 19 15 1
2046 18 12 1
3220 18 13 1
668 18 14 1
1627 18 15 1
1348 17 14 1
5274 17 15 1
1329 16 15 1
2192 15 15 1
4030 16 14 1
260 15 14 1
2375 17 13 1
4906 16 13 1
2441 15 13 1
3659 17 12 1
1720 16 12 1
5073 15 12 1
1054 19 9 1
735 19 10 1
1555 19 11 1
1406 18 9 1
353 18 10 1
3243 18 11 1
232 16 9 1
411 17 9 1
5090 17 10 1
689 17 11 1
245 16 10 1
1304 16 11 1
1362 15 10 1
241 15 11 1
4547 14 10 1
75 14 11 1
2889 13 10 1
836 13 11 1
4966 12 11 1
5260 11 11 1
1724 10 11 1
4871 12 10 1
1524 11 10 1
2501 10 10 1
4504 15 7 1
129 15 8 1
3822 15 9 1
1989 14 7 1
3031 14 8 1
4349 14 9 1
3918 19 8 1
5251 18 8 1
4721 17 8 1
4536 16 8 1
433 19 7 1
2462 18 7 1
1836 17 7 1
832 16 7 1
1851 19 4 1
2965 19 5 1
4429 19 6 1
1517 18 4 1
5220 18 5 1
2723 18 6 1
1899 17 6 1
3882 16 6 1
189 15 6 1
4408 14 6 1
3811 17 5 1
4433 16 5 1
5053 15 5 1
3119 14 5 1
3542 17 4 1
1819 16 4 1
1251 15 4 1
1773 19 3 1
599 18 3 1
1082 17 3 1
3615 19 2 1
1466 18 2 1
467 17 2 1
1939 19 0 1
3326 19 1 1
5190 18 0 1
4409 18 1 1
2241 17 0 1
4622 17 1 1
4958 16 0 1
2656 16 1 1
4322 16 2 1
636 16 3 1
2362 15 0 1
2944 15 1 1
1655 15 2 1
3895 15 3 1
1462 12 0 1
4396 12 1 1
3997 12 2 1
2946 13 0 1
1897 13 1 1
2098 13 2 1
4890 14 0 1
2875 14 1 1
1400 14 2 1
4857 14 3 1
3696 14 4 1
2339 13 3 1
2899 13 4 1
3596 13 5 1
2869 13 6 1
4718 13 7 1
372 13 8 1
4970 13 9 1
4606 12 3 1
4506 12 4 1
408 12 5 1
3706 12 6 1
1388 12 7 1
4939 12 8 1
3533 12 9 1
1294 11 8 1
3894 11 9 1
4741 10 9 1
1802 10 8 1
5334 11 7 1
2958 10 7 1
1969 11 6 1
500 10 6 1
4544 11 5 1
3700 10 5 1
1136 11 4 1
2912 10 4 1
839 10 3 1
2905 10 2 1
945 10 1 1
5102 10 0 1
2104 11 3 1
4039 11 2 1
1385 11 1 1
3562 11 0 1
4160 11 3 27
2406 11 2 27
4098 11 1 27
935 11 6 29
3327 11 5 29
1962 11 4 29
4630 11 7 31
3898 11 8 32
4573 12 3 35
2194 12 4 35
4119 12 5 35
3385 12 6 35
3779 12 7 35
3419 12 8 35
3802 13 3 36
1490 12 0 38
3639 12 1 38
3180 12 2 38
1006 13 0 38
954 13 1 38
1766 13 2 38
2081 14 0 38
1850 14 1 38
3909 14 2 38
4653 15 0 39
125 15 1 39
2486 15 2 39
2601 17 0 40
1543 16 0 40
233 19 0 41
4598 19 1 41
5052 18 0 41
596 18 1 41
2138 19 2 42
2377 18 2 42
540 17 4 43
3142 16 4 43
612 15 4 43
1009 19 3 43
867 18 3 43
4420 17 3 43
3875 17 2 43
1460 17 1 43
2739 16 1 43
4863 16 2 43
948 16 3 43
3078 15 3 43
4758 14 3 43
5221 17 5 44
5229 16 5 44
4161 15 5 44
161 18 4 46
311 18 5 46
1516 19 7 48
195 18 7 48
3517 17 7 48
2520 19 4 48
1426 19 5 48
1408 19 6 48
2582 18 6 48
1856 17 6 48
5278 14 7 49
3410 14 8 49
3664 19 8 49
3008 18 8 49
2032 17 8 49
5350 16 8 49
4061 16 7 49
588 12 10 50
294 11 10 50
571 15 7 50
3993 15 8 50
1252 15 9 50
3295 14 9 50
1291 16 6 50
5338 15 6 50
4664 14 6 50
2955 14 5 50
3721 16 10 51
3692 15 10 51
4600 14 10 51
3032 13 10 51
4354 18 9 52
1750 18 10 52
789 16 9 52
188 17 9 52
187 17 10 52
1534 19 9 53
3372 19 10 53
897 19 11 53
2197 18 11 53
4274 17 11 53
4955 16 11 53
36 17 13 55
5040 16 13 55
5326 17 12 55
3597 16 12 55
709 17 14 56
153 16 14 56
929 18 12 57
1604 18 13 57
4695 18 14 57
1157 19 16 58
3753 18 16 58
4780 17 16 58
4138 19 12 58
1927 19 13 58
376 19 14 58
191 19 15 58
3801 18 15 58
4208 17 15 58
969 19 18 59
3339 18 18 59
5067 19 17 59
875 18 17 59
2014 15 19 60
1960 15 18 60
3505 15 17 60
3352 16 19 60
4169 16 18 60
5107 19 19 60
3547 18 19 60
1068 17 19 60
1115 17 18 60
2499 17 17 60
2923 16 17 60
3925 13 16 61
1974 13 15 61
3289 14 15 61
1761 14 19 61
1698 14 18 61
2539 14 17 61
192 14 16 61
2975 15 16 61
3332 16 16 61
5306 13 17 62
829 11 14 63
4797 13 19 63
2591 12 19 63
2404 13 18 63
3319 12 18 63
2783 12 17 63
2517 12 16 63
514 10 19 64
5379 10 18 64
4650 11 19 64
2683 11 18 64
3938 9 19 65
2420 9 13 67
142 10 16 67
2643 8 19 67
52 8 18 67
3688 9 18 67
4246 9 17 67
2668 10 17 67
1175 11 17 67
5253 11 16 67
4899 9 16 68
901 10 13 68
1296 10 14 68
392 9 14 68
2034 8 17 69
1934 8 16 69
152 8 13 69
4162 8 14 69
1669 5 10 70
6 5 11 70
2996 6 13 70
2840 7 13 70
496 7 10 72
557 7 11 72
459 7 12 72
3735 6 10 72
2427 6 11 72
2473 6 12 72
633 5 12 72
3396 5 13 72
655 4 10 73
5082 4 11 73
4550 4 12 73
5283 2 10 74
2086 3 10 74
3773 3 11 74
5335 3 12 74
2452 1 10 75
4381 3 15 76
4100 4 15 76
350 0 12 76
1024 0 13 76
3869 1 12 76
650 1 13 76
1740 0 10 76
1903 0 11 76
4792 1 11 76
1536 2 11 76
3354 2 12 76
4471 2 13 76
144 3 13 76
248 4 13 76
5211 5 16 77
2762 4 16 77
2347 3 16 77
3357 3 19 78
3868 2 19 78
4131 3 18 78
78 2 18 78
330 5 19 78
3184 4 19 78
1101 5 18 78
931 4 18 78
631 5 17 78
1263 4 17 78
1764 3 17 78
3329 0 19 79
1080 0 18 79
4383 0 17 79
979 1 19 79
3716 1 18 79
3159 1 17 79
5196 7 19 80
1721 7 18 80
4710 7 17 80
714 7 16 80
3758 0 16 80
5339 0 15 80
5356 0 14 80
3956 1 16 80
4665 1 15 80
3235 1 14 80
2769 2 17 80
1230 2 16 80
5017 2 15 80
1865 2 14 80
4425 3 14 80
1923 4 14 80
1192 5 15 81
2561 6 19 81
4916 6 18 81
2431 6 17 81
2461 6 16 81
4515 6 15 81
4194 14 12 82
2542 13 12 82
5174 16 0 82
264 9 6 83
1609 11 12 83
3643 10 12 83
4679 11 13 83
5117 14 13 83
4453 13 13 83
3299 12 13 83
1140 12 12 83
3514 18 0 83
3046 14 0 83
3035 14 1 83
2584 8 12 84
328 8 11 84
4784 8 10 84
532 9 12 84
4197 9 11 84
1898 9 10 84
3412 9 9 84
4823 9 8 84
398 17 0 84
5000 7 6 85
3984 7 7 85
4110 8 9 85
3152 8 6 85
4976 15 7 85
1126 15 8 85
4612 15 9 85
680 13 3 85
1598 6 9 86
674 6 6 86
3509 6 7 86
2090 7 9 86
3638 3 9 87
4454 3 7 87
1558 4 9 87
794 4 7 87
2677 5 9 87
2654 5 7 87
4419 15 1 87
1458 15 2 87
733 1 9 88
3073 1 7 88
2488 2 9 88
5276 2 7 88
2424 0 9 89
297 0 7 89
1387 0 8 89
2402 1 8 89
4581 2 8 89
436 3 8 89
2741 4 8 89
1129 5 8 89
4393 6 8 89
1907 7 8 89
4460 8 8 89
2962 8 7 89
1576 11 4 89
1826 7 5 90
1341 7 3 90
498 8 5 90
2334 9 5 90
1628 9 0 90
3850 9 1 90
3208 11 5 90
1742 5 6 91
3751 5 5 91
2924 5 3 91
3884 6 5 91
3983 6 3 91
2842 4 6 92
774 4 5 92
586 19 12 92
257 19 13 92
3122 19 14 92
1746 19 15 92
3115 3 0 93
38 3 1 93
885 3 2 93
1386 9 7 93
3321 19 17 93
3446 18 17 93
5050 17 12 93
4260 16 12 93
2834 16 9 93
3784 17 9 93
13 17 10 93
4426 19 0 93
4166 19 1 93
4537 18 1 93
1708 5 0 94
2271 5 1 94
2287 5 2 94
3843 4 0 94
1667 4 1 94
11898 milli sec 
point:424500
