732
4306 0 8 1
4230 0 7 1
4725 0 6 1
274 1 8 1
2309 1 7 1
2429 1 6 1
2055 2 8 1
1270 2 7 1
875 2 6 1
4821 3 8 1
1524 3 7 1
2714 3 6 1
952 3 5 1
923 3 4 1
3950 0 5 1
2751 0 4 1
4119 0 3 1
4743 0 0 1
1075 0 1 1
2391 0 2 1
2738 1 5 1
4897 1 4 1
2507 1 3 1
4842 1 0 1
4772 1 1 1
2909 1 2 1
2432 2 5 1
4396 2 4 1
4907 2 3 1
1643 2 0 1
3197 2 1 1
1280 2 2 1
4380 3 0 1
3858 3 1 1
3305 3 2 1
3470 3 3 1
1149 0 13 1
4959 0 12 1
1433 0 11 1
438 0 10 1
2914 0 9 1
343 1 13 1
1974 1 12 1
4540 1 11 1
4267 1 10 1
2692 1 9 1
3722 2 13 1
4648 2 12 1
1517 2 11 1
2693 2 10 1
1741 2 9 1
1015 3 13 1
2854 3 12 1
2755 3 11 1
2578 3 10 1
618 3 9 1
111 4 13 1
3710 4 12 1
3187 4 11 1
1306 4 10 1
4386 4 9 1
1736 4 8 1
4220 4 7 1
4870 4 6 1
294 4 5 1
4148 4 4 1
68 4 0 1
1658 4 1 1
4647 4 2 1
1692 4 3 1
4455 8 14 1
1789 7 14 1
2788 6 14 1
2735 5 14 1
2078 0 19 1
155 0 18 1
2368 0 17 1
3505 0 16 1
2582 0 14 1
2770 0 15 1
1438 1 19 1
4748 1 18 1
4088 1 17 1
541 1 16 1
4367 1 14 1
990 1 15 1
1682 2 19 1
334 2 18 1
735 2 17 1
3038 2 16 1
2396 2 14 1
3892 2 15 1
890 3 19 1
2704 3 18 1
2721 3 17 1
4704 3 16 1
768 3 14 1
3603 3 15 1
4856 4 19 1
2270 4 18 1
84 4 17 1
3423 4 16 1
4059 4 14 1
3250 4 15 1
1787 5 19 1
1385 5 18 1
4472 5 17 1
988 5 16 1
1550 5 15 1
4668 6 19 1
2345 6 18 1
4900 6 17 1
2099 6 16 1
2154 6 15 1
327 7 19 1
1258 7 18 1
3021 7 17 1
2257 7 16 1
3773 7 15 1
4007 8 19 1
3966 8 18 1
4592 8 17 1
4033 8 16 1
2985 8 15 1
1630 9 19 1
2750 9 18 1
1839 9 17 1
3048 14 19 1
1978 13 19 1
430 12 19 1
2732 11 19 1
4946 10 19 1
1080 14 18 1
4604 13 18 1
4863 12 18 1
754 11 18 1
3326 10 18 1
1836 14 17 1
4469 13 17 1
1160 12 17 1
2286 11 17 1
2611 10 17 1
3190 14 16 1
1949 13 16 1
3955 12 16 1
3709 11 16 1
3721 10 16 1
4709 9 16 1
639 14 15 1
76 13 15 1
2650 12 15 1
2339 11 15 1
400 10 15 1
4423 9 15 1
1335 19 19 1
2224 18 19 1
1221 17 19 1
4726 16 19 1
385 15 19 1
4165 19 18 1
1375 18 18 1
219 17 18 1
1195 16 18 1
1027 15 18 1
2385 19 17 1
4973 18 17 1
712 17 17 1
4674 16 17 1
3235 15 17 1
4183 19 16 1
1176 18 16 1
1532 17 16 1
1551 16 16 1
376 15 16 1
2015 19 15 1
1793 18 15 1
794 17 15 1
4439 16 15 1
4201 15 15 1
3598 19 13 1
2690 19 14 1
4353 18 13 1
4777 18 14 1
4147 17 13 1
2945 17 14 1
1401 19 8 1
3495 19 9 1
226 19 10 1
3888 19 11 1
143 19 12 1
3547 18 8 1
4487 18 9 1
1837 18 10 1
395 18 11 1
150 18 12 1
1950 17 8 1
1053 17 9 1
3383 17 10 1
3574 17 11 1
2637 17 12 1
1351 16 8 1
4707 16 9 1
2853 16 10 1
4061 16 11 1
4639 16 12 1
3645 16 13 1
2623 16 14 1
669 15 8 1
3475 15 9 1
3612 15 10 1
3345 15 11 1
1267 15 12 1
1315 15 13 1
2085 15 14 1
4162 14 9 1
4094 14 10 1
2356 14 11 1
4373 14 12 1
949 14 13 1
1065 14 14 1
2002 13 9 1
4205 13 10 1
2871 13 11 1
1911 13 12 1
4769 13 13 1
1355 13 14 1
2185 11 9 1
3199 11 10 1
2642 12 9 1
3703 12 10 1
2795 12 11 1
2401 12 12 1
2912 12 13 1
2710 12 14 1
3098 11 14 1
2382 10 14 1
4356 9 14 1
2140 11 13 1
554 10 13 1
1719 9 13 1
378 8 13 1
3724 7 13 1
1378 6 13 1
3931 5 13 1
538 11 11 1
2670 11 12 1
4851 10 11 1
1047 10 12 1
2606 9 11 1
2265 9 12 1
3929 8 11 1
4254 8 12 1
843 7 11 1
3124 7 12 1
1272 6 11 1
3973 6 12 1
762 5 12 1
1469 5 11 1
940 8 10 1
1454 7 10 1
4101 6 10 1
3872 5 10 1
315 8 9 1
3810 7 9 1
2881 6 9 1
707 5 9 1
847 8 8 1
861 7 8 1
2007 6 8 1
1105 5 8 1
874 8 7 1
4071 7 7 1
4122 6 7 1
2560 5 7 1
3284 5 6 1
1121 5 5 1
4545 5 4 1
3954 5 0 1
285 5 1 1
4354 5 2 1
1367 5 3 1
677 6 6 1
4737 6 5 1
4768 6 4 1
4259 6 3 1
830 6 2 1
145 6 1 1
4480 6 0 1
4766 7 6 1
1966 7 5 1
113 7 4 1
958 7 3 1
1168 7 2 1
811 7 1 1
29 7 0 1
1055 8 6 1
4971 8 5 1
2103 8 4 1
551 8 3 1
4252 8 2 1
59 8 1 1
1035 8 0 1
3089 9 3 1
1159 9 2 1
2502 9 1 1
716 9 0 1
3253 9 10 1
1601 9 9 1
3044 9 8 1
3633 9 7 1
3319 9 6 1
1391 9 5 1
2234 9 4 1
775 10 10 1
1153 10 9 1
4241 10 8 1
3857 10 7 1
186 10 6 1
4333 10 5 1
1212 10 4 1
3295 10 3 1
2363 10 2 1
1398 10 1 1
653 10 0 1
3915 11 8 1
4885 11 7 1
4938 11 6 1
1191 11 5 1
1600 11 4 1
488 11 3 1
3097 11 2 1
3358 11 1 1
704 11 0 1
2347 14 8 1
4918 13 8 1
4904 12 8 1
2041 19 7 1
2052 18 7 1
4451 17 7 1
2287 16 7 1
2454 15 7 1
2268 14 7 1
732 13 7 1
4843 12 7 1
2170 19 6 1
4302 18 6 1
2178 17 6 1
4539 16 6 1
1846 15 6 1
1200 14 6 1
4159 13 6 1
4574 12 6 1
1549 19 5 1
2377 18 5 1
2248 17 5 1
2634 16 5 1
2719 15 5 1
2254 14 5 1
2159 13 5 1
1772 12 5 1
3316 19 0 1
1821 19 1 1
4264 19 2 1
408 19 3 1
1449 19 4 1
3942 18 0 1
4297 18 1 1
519 18 2 1
2720 18 3 1
4453 18 4 1
1994 17 0 1
45 17 1 1
2872 17 2 1
2121 17 3 1
1193 17 4 1
1627 16 0 1
242 16 1 1
3507 16 2 1
2648 16 3 1
1927 16 4 1
1283 15 4 1
624 14 4 1
3166 13 4 1
1703 12 4 1
672 15 3 1
479 14 3 1
4728 13 3 1
1939 12 3 1
1675 15 2 1
4204 14 2 1
1822 13 2 1
4352 12 2 1
984 15 1 1
3371 14 1 1
3998 13 1 1
4310 12 1 1
941 15 0 1
4583 14 0 1
2402 13 0 1
2304 12 0 1
2255 15 0 27
2325 14 0 27
660 13 0 27
375 15 1 28
4782 14 1 28
1587 13 1 28
4520 15 2 30
1871 14 2 30
340 13 2 30
4686 15 3 31
1920 14 3 31
2583 13 3 31
4454 16 0 34
2746 16 1 34
426 16 2 34
3134 16 3 34
1231 17 0 35
993 17 1 35
3395 17 2 35
1794 17 3 35
459 18 0 36
3699 18 1 36
2272 18 2 36
701 18 3 36
2338 19 0 37
3173 19 1 37
3751 19 2 37
2877 19 3 37
4185 19 4 37
670 18 4 37
4275 17 4 37
1746 16 4 37
3380 15 4 37
3041 14 4 37
3682 13 4 37
1928 19 5 38
2935 18 5 38
3796 17 5 38
978 16 5 38
4190 15 5 38
2548 14 5 38
607 13 5 38
3007 19 6 40
3424 18 6 40
2819 17 6 40
153 16 6 40
3418 15 6 40
2527 14 6 40
2334 13 6 40
2259 14 8 41
711 13 8 41
3340 12 8 41
3630 19 7 41
4269 18 7 41
4121 17 7 41
2129 16 7 41
1968 15 7 41
2839 14 7 41
979 13 7 41
2558 12 7 41
2146 12 6 41
3549 12 5 41
4032 11 8 43
1381 11 7 43
2635 11 6 43
1465 11 5 43
3106 11 4 43
3992 11 3 43
2830 11 2 43
3019 11 1 43
897 10 10 45
2984 10 9 45
1145 10 8 45
3229 10 7 45
3579 10 6 45
813 10 5 45
1785 9 10 46
212 9 9 46
1021 9 8 46
164 9 7 46
1603 9 6 46
1222 9 5 46
1580 9 4 46
3665 10 4 46
3548 10 3 46
4597 10 2 46
2468 10 1 46
397 8 6 47
4503 8 5 47
1520 8 4 47
4342 8 3 47
3214 8 2 47
2807 8 1 47
4023 9 3 47
3639 9 2 47
4481 9 1 47
1086 7 6 51
3738 7 5 51
3908 7 4 51
4178 7 3 51
3965 7 2 51
1341 7 1 51
4010 6 6 52
4701 6 5 52
1631 6 4 52
4217 8 7 53
3654 7 7 53
3480 6 7 53
1564 5 0 53
579 5 1 53
2905 5 2 53
950 8 8 54
3626 7 8 54
2498 6 8 54
1074 8 9 55
228 7 9 55
2986 6 9 55
2459 6 11 56
4581 8 10 56
2192 7 10 56
625 6 10 56
1461 9 11 57
4358 8 11 57
858 7 11 57
3149 11 11 58
3078 11 12 58
3591 10 11 58
1683 10 12 58
3930 9 12 58
3020 8 12 58
742 11 13 59
515 10 13 59
1866 12 9 60
2479 13 9 62
3804 13 10 62
2868 13 11 62
1539 13 12 62
586 13 13 62
3260 11 9 62
445 11 10 62
1396 12 10 62
3518 12 11 62
1815 12 12 62
4844 12 13 62
559 7 12 62
4405 6 12 62
491 14 9 63
3923 14 10 63
365 14 11 63
3521 14 12 63
2141 14 13 63
3306 15 8 64
2051 15 9 64
70 15 10 64
4568 15 11 64
2285 15 12 64
2120 15 13 64
266 16 8 65
229 16 9 65
914 16 10 65
4795 16 11 65
417 17 8 66
2636 17 9 66
4212 17 10 66
2288 17 11 66
836 18 8 67
62 18 9 67
3516 18 10 67
3461 18 11 67
4876 19 8 68
3325 19 9 68
3091 19 10 68
1898 19 11 68
1377 19 12 68
1013 18 12 68
1903 17 12 68
3341 16 12 68
2489 16 13 68
992 19 13 69
1011 19 14 69
614 18 13 69
4458 18 14 69
3309 17 13 69
473 17 14 69
2696 16 14 69
1895 19 15 70
2959 18 15 70
1224 17 15 70
2143 16 15 70
2220 19 16 71
3817 18 16 71
4633 17 16 71
4706 16 16 71
3055 19 17 72
69 18 17 72
3223 17 17 72
4130 16 17 72
1395 19 18 73
3806 18 18 73
1432 17 18 73
3491 16 18 73
3559 9 3 73
121 9 2 73
572 9 1 73
4569 19 19 74
4050 18 19 74
1445 17 19 74
2423 16 19 74
1028 15 19 74
3485 14 15 75
4672 13 15 75
2488 12 15 75
4774 11 15 75
1969 10 15 75
575 14 16 76
3974 13 16 76
505 12 16 76
510 11 16 76
801 14 18 77
4402 13 18 77
3146 12 18 77
1691 11 18 77
3835 14 17 77
842 13 17 77
3328 12 17 77
4474 11 17 77
975 15 18 77
4326 15 17 77
1148 14 19 78
2263 13 19 78
2794 12 19 78
1346 11 19 78
3203 10 19 78
4742 8 19 79
3388 8 18 79
3217 8 17 79
3467 8 16 79
3550 9 19 79
2610 9 18 79
3175 9 17 79
4193 7 19 81
4409 7 18 81
4063 7 17 81
131 7 16 81
2618 5 19 82
2626 5 18 82
3728 5 17 82
2183 5 16 82
3375 6 19 82
1100 6 18 82
724 6 17 82
3871 6 16 82
41 4 14 83
3099 2 14 84
995 3 19 84
2864 3 18 84
7 3 17 84
4253 3 16 84
4712 3 14 84
2657 4 19 84
4398 4 18 84
3829 4 17 84
1474 4 16 84
3444 1 14 86
377 2 19 86
4575 2 18 86
272 2 17 86
3849 2 16 86
3823 0 14 87
1009 1 19 87
629 1 18 87
2817 1 17 87
3079 1 16 87
4793 18 0 87
3443 18 1 87
4687 18 2 87
1262 18 3 87
3398 8 14 88
3321 7 14 88
2229 6 14 88
481 5 14 88
1559 0 19 88
4081 0 18 88
4873 0 17 88
4589 0 16 88
439 0 15 88
1825 1 15 88
1832 2 15 88
2678 3 15 88
1214 4 15 88
3567 5 15 88
3689 6 15 88
2666 7 15 88
2017 8 15 88
4573 4 0 89
3688 4 1 89
325 4 2 89
2343 15 1 89
4635 14 1 89
3207 13 1 89
66 4 13 90
3627 4 12 90
2 4 11 90
1406 4 10 90
2028 3 13 91
2563 3 12 91
4693 3 11 91
3538 3 10 91
1130 19 7 91
1619 18 7 91
2012 17 7 91
3736 16 7 91
3695 15 7 91
1870 14 7 91
722 13 7 91
4783 15 9 92
2549 15 10 92
2659 15 11 92
1812 15 12 92
1591 15 13 92
4515 17 0 92
764 17 1 92
2425 17 2 92
392 17 3 92
2765 1 13 93
3067 1 12 93
3298 1 11 93
1059 1 10 93
2376 2 13 93
39 2 12 93
1613 2 11 93
2530 2 10 93
11098 milli sec 
point:418200
