740
1264 0 19 1
2703 0 18 1
1554 0 17 1
6502 0 16 1
605 0 15 1
2894 0 14 1
3489 0 13 1
5406 0 12 1
3453 0 11 1
4921 1 19 1
1306 1 18 1
539 1 17 1
4310 1 16 1
6432 1 15 1
3473 1 14 1
2067 1 13 1
6636 1 12 1
2984 1 11 1
3158 2 19 1
4032 2 18 1
4727 2 17 1
3760 2 16 1
2902 2 15 1
3303 2 14 1
2475 2 13 1
2829 2 12 1
5297 2 11 1
3241 3 19 1
6533 3 18 1
2242 3 17 1
4957 3 16 1
2848 3 15 1
3848 3 14 1
4146 3 13 1
570 3 12 1
2194 3 11 1
4267 6 19 1
642 5 19 1
980 4 19 1
3068 6 18 1
2148 5 18 1
4349 4 18 1
5107 6 17 1
1585 5 17 1
3681 4 17 1
1296 6 16 1
3315 5 16 1
1384 4 16 1
4202 6 15 1
204 5 15 1
6323 4 15 1
5818 6 14 1
2630 5 14 1
4557 4 14 1
3345 19 19 1
5833 18 19 1
852 17 19 1
1150 16 19 1
957 15 19 1
1090 14 19 1
1636 13 19 1
4758 12 19 1
1843 11 19 1
1748 10 19 1
1466 9 19 1
1549 8 19 1
6213 7 19 1
5235 19 18 1
2281 18 18 1
5289 17 18 1
4337 16 18 1
1197 15 18 1
2825 14 18 1
4404 13 18 1
3775 12 18 1
4502 11 18 1
5022 10 18 1
5678 9 18 1
1529 8 18 1
6765 7 18 1
2435 19 17 1
3150 18 17 1
4613 17 17 1
797 16 17 1
5759 15 17 1
6410 14 17 1
3768 13 17 1
3061 12 17 1
6209 11 17 1
6003 10 17 1
6224 9 17 1
4369 8 17 1
4277 7 17 1
1616 19 10 1
3947 19 11 1
4364 19 12 1
5688 19 13 1
1435 19 14 1
1497 19 15 1
2789 19 16 1
218 18 10 1
4446 18 11 1
4407 18 12 1
4039 18 13 1
2971 18 14 1
2754 18 15 1
5632 18 16 1
2238 17 10 1
122 17 11 1
4844 17 12 1
6139 17 13 1
1224 17 14 1
5815 17 15 1
6713 17 16 1
2057 16 10 1
2628 16 11 1
3913 16 12 1
4301 16 13 1
682 16 14 1
870 16 15 1
1851 16 16 1
4239 15 10 1
5961 15 11 1
4840 15 12 1
3829 15 13 1
3754 15 14 1
4226 15 15 1
4584 15 16 1
6710 14 12 1
927 14 13 1
698 14 14 1
3529 14 15 1
150 14 16 1
4021 13 12 1
3949 13 13 1
293 13 14 1
4448 13 15 1
2785 13 16 1
266 12 16 1
2711 11 16 1
6531 10 16 1
5079 9 16 1
5699 8 16 1
3817 7 16 1
4956 12 15 1
1288 11 15 1
6404 10 15 1
574 9 15 1
3929 8 15 1
3495 7 15 1
101 12 14 1
6385 11 14 1
430 10 14 1
3104 9 14 1
6612 8 14 1
90 7 14 1
743 12 13 1
470 11 13 1
3432 10 13 1
1025 9 13 1
6406 8 13 1
1464 7 13 1
6375 6 13 1
5777 5 13 1
5405 4 13 1
2654 12 12 1
3318 11 12 1
1911 10 12 1
1283 9 12 1
6379 8 12 1
4960 7 12 1
5745 6 12 1
2158 5 12 1
4090 4 12 1
3603 11 11 1
5502 10 11 1
4498 9 11 1
2991 8 11 1
1308 7 11 1
162 6 11 1
3153 5 11 1
319 4 11 1
4670 11 10 1
400 10 10 1
6374 9 10 1
2012 8 10 1
104 7 10 1
3106 6 10 1
5248 5 10 1
22 4 10 1
2866 3 10 1
5935 2 10 1
4200 1 10 1
944 0 10 1
5448 11 9 1
5265 10 9 1
3136 9 9 1
2178 8 9 1
654 7 9 1
6550 6 9 1
5359 5 9 1
6182 4 9 1
2510 3 9 1
4740 2 9 1
6594 1 9 1
3700 0 9 1
5870 11 8 1
3504 10 8 1
5083 9 8 1
5384 8 8 1
6185 7 8 1
6320 6 8 1
5102 5 8 1
2063 4 8 1
5062 3 8 1
1338 2 8 1
2200 1 8 1
6257 0 8 1
3230 5 7 1
1422 4 7 1
2541 3 7 1
2235 2 7 1
2189 1 7 1
548 0 7 1
3118 5 6 1
2707 4 6 1
3621 3 6 1
1603 2 6 1
850 1 6 1
1303 0 6 1
5902 5 5 1
6726 4 5 1
3452 3 5 1
2717 2 5 1
1476 1 5 1
394 0 5 1
5404 5 4 1
488 4 4 1
2474 3 4 1
5592 2 4 1
1935 1 4 1
6544 0 4 1
209 6 7 1
1900 6 6 1
2612 6 5 1
3394 6 4 1
4253 7 7 1
842 7 6 1
124 7 5 1
6232 7 4 1
4287 8 7 1
6304 8 6 1
5611 8 5 1
5290 8 4 1
2534 9 7 1
1696 9 6 1
1685 9 5 1
4109 9 4 1
4689 14 11 1
4264 13 11 1
5351 12 11 1
5067 14 10 1
1501 13 10 1
602 12 10 1
1701 19 9 1
5893 18 9 1
1490 17 9 1
1102 16 9 1
5973 15 9 1
3123 14 9 1
1677 13 9 1
2353 12 9 1
2289 19 8 1
3070 18 8 1
2275 17 8 1
3689 16 8 1
3853 15 8 1
5817 14 8 1
3665 13 8 1
4560 12 8 1
4167 19 7 1
472 18 7 1
961 17 7 1
812 16 7 1
3398 15 7 1
310 14 7 1
924 13 7 1
3208 12 7 1
4522 11 7 1
6542 10 7 1
1699 19 0 1
5475 19 1 1
2556 19 2 1
5035 19 3 1
3767 19 4 1
2359 19 5 1
144 19 6 1
6679 18 0 1
6505 18 1 1
178 18 2 1
5574 18 3 1
997 18 4 1
279 18 5 1
4949 18 6 1
6501 17 0 1
5709 17 1 1
2322 17 2 1
342 17 3 1
3556 17 4 1
6472 17 5 1
3779 17 6 1
5708 14 0 1
4541 14 1 1
492 14 2 1
5606 14 3 1
2222 14 4 1
6777 14 5 1
5046 15 0 1
969 15 1 1
1470 15 2 1
3729 15 3 1
2551 15 4 1
133 15 5 1
1763 16 0 1
4781 16 1 1
4931 16 2 1
5580 16 3 1
660 16 4 1
60 16 5 1
779 16 6 1
4997 15 6 1
6128 14 6 1
128 13 6 1
4041 12 6 1
1047 11 6 1
3816 10 6 1
4494 13 5 1
4926 12 5 1
1906 11 5 1
3594 10 5 1
2473 13 4 1
6377 12 4 1
5578 11 4 1
3097 10 4 1
5206 13 3 1
3458 12 3 1
3308 11 3 1
6345 10 3 1
593 9 3 1
2140 8 3 1
2960 7 3 1
3488 6 3 1
4796 5 3 1
1201 4 3 1
6535 3 3 1
3870 2 3 1
6255 1 3 1
1153 0 3 1
3964 13 2 1
3232 12 2 1
4436 11 2 1
4761 10 2 1
1952 9 2 1
649 8 2 1
1991 7 2 1
3584 6 2 1
695 5 2 1
1394 4 2 1
3919 3 2 1
5381 2 2 1
5821 1 2 1
1282 0 2 1
2604 13 1 1
2904 12 1 1
5345 11 1 1
3593 10 1 1
3239 9 1 1
4381 8 1 1
2389 7 1 1
946 6 1 1
3856 5 1 1
4822 4 1 1
3024 3 1 1
4468 2 1 1
1044 1 1 1
3219 0 1 1
4206 13 0 1
1144 12 0 1
3220 11 0 1
3420 10 0 1
6087 9 0 1
708 8 0 1
5130 7 0 1
3324 6 0 1
5711 5 0 1
1125 4 0 1
5607 3 0 1
3564 2 0 1
863 1 0 1
6457 0 0 1
91 13 0 31
1344 12 0 31
6731 11 0 31
6099 10 0 31
48 9 0 31
3440 8 0 31
575 7 0 31
2965 6 0 31
4042 5 0 31
4001 4 0 31
730 3 0 31
6517 2 0 31
6356 1 0 31
4988 13 1 34
2006 12 1 34
2104 11 1 34
3275 10 1 34
4096 9 1 34
1014 8 1 34
4948 7 1 34
3748 6 1 34
5370 5 1 34
1877 4 1 34
5755 3 1 34
3814 2 1 34
4155 1 1 34
5718 13 2 38
986 12 2 38
5837 11 2 38
1904 10 2 38
4060 9 2 38
651 8 2 38
4166 7 2 38
4943 6 2 38
1793 5 2 38
43 4 2 38
5126 3 2 38
3505 2 2 38
4902 1 2 38
3370 13 3 42
956 12 3 42
4531 11 3 42
5441 13 5 43
973 12 5 43
5342 11 5 43
4111 13 4 43
3898 12 4 43
4515 11 4 43
4753 16 0 45
4552 16 1 45
401 16 2 45
1718 16 3 45
392 16 4 45
1663 15 0 46
623 15 1 46
4196 15 2 46
608 15 3 46
6696 15 4 46
5344 14 0 47
3299 14 1 47
374 14 2 47
4701 14 3 47
2287 14 4 47
1398 14 5 47
1977 15 5 47
810 16 5 47
1469 18 0 49
3494 18 1 49
3477 18 2 49
268 18 3 49
2776 18 4 49
3485 18 5 49
4382 17 0 49
4723 17 1 49
955 17 2 49
3917 17 3 49
5886 17 4 49
1816 17 5 49
4845 19 0 51
892 19 1 51
4124 19 2 51
1674 19 3 51
923 19 4 51
3367 19 5 51
4973 19 6 51
3131 18 6 51
3637 19 7 53
2646 18 7 53
2585 17 7 53
3805 16 7 53
5934 15 7 53
3510 14 7 53
4342 13 7 53
6586 19 9 55
3955 18 9 55
3283 17 9 55
3361 16 9 55
2368 15 9 55
3402 14 9 55
2143 13 9 55
2014 19 8 55
2260 18 8 55
6207 17 8 55
6 16 8 55
6409 15 8 55
3846 14 8 55
6248 13 8 55
857 17 6 55
3608 16 6 55
1896 15 6 55
4947 14 6 55
4971 13 6 55
3506 12 6 55
4819 11 6 55
1056 14 10 56
1754 13 10 56
1029 14 11 57
3457 13 11 57
3789 12 11 57
6519 12 10 57
5805 9 7 58
1388 9 6 58
3973 9 5 58
4955 8 7 59
3839 8 6 59
3447 8 5 59
1068 6 7 60
3042 6 6 60
2925 6 5 60
5391 6 4 60
4336 7 7 60
617 7 6 60
6214 7 5 60
3252 7 4 60
606 8 4 60
3502 9 4 60
1169 5 5 62
2760 4 5 62
5963 3 5 62
5124 2 5 62
6242 1 5 62
6047 5 4 62
904 4 4 62
2733 3 4 62
4595 2 4 62
5918 1 4 62
1301 5 6 63
1802 4 6 63
3655 3 6 63
920 2 6 63
1503 1 6 63
6631 5 7 64
2220 4 7 64
4707 3 7 64
3582 2 7 64
936 1 7 64
6362 11 8 66
1347 10 8 66
3044 9 8 66
1820 8 8 66
2234 7 8 66
3614 6 8 66
6766 5 8 66
807 4 8 66
2198 3 8 66
1632 2 8 66
4313 1 8 66
118 11 9 68
2113 10 9 68
5749 9 9 68
3799 8 9 68
4785 7 9 68
5204 6 9 68
6787 5 9 68
5099 4 9 68
3915 3 9 68
4660 2 9 68
1947 1 9 68
1901 11 10 69
2536 10 10 69
652 9 10 69
2360 8 10 69
2739 7 10 69
175 6 10 69
510 5 10 69
5968 11 11 70
1854 10 11 70
4509 9 11 70
3071 8 11 70
3130 7 11 70
3371 6 11 70
1717 5 11 70
2565 12 12 72
1522 11 12 72
1339 10 12 72
3953 9 12 72
3431 8 12 72
3992 7 12 72
413 6 12 72
4025 5 12 72
195 12 13 73
6233 11 13 73
3569 10 13 73
6557 9 13 73
4672 8 13 73
5532 12 14 74
4916 11 14 74
1560 10 14 74
861 9 14 74
1 8 14 74
5779 12 15 75
2030 11 15 75
6254 10 15 75
1521 9 15 75
4193 8 15 75
5422 14 12 76
142 14 13 76
163 14 14 76
1035 14 15 76
6229 13 12 76
4585 13 13 76
4471 13 14 76
146 13 15 76
5685 15 10 79
1842 15 11 79
3035 15 12 79
5163 15 13 79
4243 15 14 79
5473 15 15 79
2319 16 10 80
1332 16 11 80
3066 16 12 80
5319 16 13 80
6055 16 14 80
1551 16 15 80
2909 17 10 82
1114 17 11 82
1812 17 12 82
1498 17 13 82
6595 17 14 82
4242 17 15 82
1825 18 10 83
2247 18 11 83
201 18 12 83
6499 18 13 83
5316 18 14 83
2073 18 15 83
709 19 8 84
1615 18 8 84
6373 17 8 84
1186 16 8 84
4442 15 8 84
1905 14 8 84
5827 13 8 84
1634 19 10 85
1333 19 11 85
734 19 12 85
4357 19 13 85
4274 19 14 85
2154 19 15 85
5101 19 16 85
1510 18 16 85
6306 17 16 85
1020 16 16 85
2404 15 16 85
4721 14 16 85
5538 19 17 87
6034 18 17 87
4601 17 17 87
1713 16 17 87
831 15 17 87
6093 14 17 87
563 13 17 87
6491 12 17 87
3559 11 17 87
3366 10 17 87
1428 9 17 87
1327 8 17 87
5241 17 0 88
5504 17 1 88
3893 17 2 88
813 17 3 88
4057 17 4 88
6666 17 5 88
4219 19 18 89
2828 18 18 89
1403 17 18 89
1974 16 18 89
2683 15 18 89
5704 14 18 89
6719 13 18 89
5423 12 18 89
3631 11 18 89
5552 10 18 89
6041 9 18 89
5982 8 18 89
1692 19 19 91
1633 18 19 91
4824 17 19 91
6664 16 19 91
164 15 19 91
186 14 19 91
5015 13 19 91
5942 12 19 91
819 11 19 91
3233 10 19 91
3958 9 19 91
2107 8 19 91
3998 7 19 91
1257 13 4 91
5507 12 4 91
3575 11 4 91
1104 6 15 92
2759 5 15 92
4594 6 14 92
5810 5 14 92
4380 7 18 92
6203 7 17 92
664 6 16 93
6536 5 16 93
2926 13 5 93
2986 12 5 93
3714 11 5 93
154 6 17 94
2737 5 17 94
5787 7 7 94
1492 7 6 94
3800 7 5 94
736 13 11 94
4911 12 11 94
4746 19 9 94
4596 18 9 94
3892 17 9 94
3747 16 9 94
3112 15 9 94
2365 14 9 94
2347 13 9 94
945 19 5 94
1371 19 6 94
5912 18 2 94
14256 milli sec 
point:448725
