744
4184 0 6 1
522 0 5 1
3959 0 4 1
4316 0 3 1
3948 0 2 1
1341 0 1 1
3615 0 0 1
879 1 6 1
4326 1 5 1
473 1 4 1
3011 1 3 1
1520 1 2 1
1459 1 1 1
1050 1 0 1
3471 2 6 1
1953 2 5 1
2686 2 4 1
1512 2 3 1
1214 2 2 1
1401 2 1 1
1519 2 0 1
3015 0 19 1
3514 0 18 1
4151 0 17 1
1408 0 16 1
485 0 15 1
1331 0 14 1
2822 0 13 1
3646 0 12 1
3004 0 11 1
163 0 10 1
2707 0 9 1
811 0 8 1
2573 0 7 1
2279 1 19 1
4180 1 18 1
889 1 17 1
3985 1 16 1
1980 1 15 1
4055 1 14 1
1444 1 13 1
2864 1 12 1
1994 1 11 1
2883 1 10 1
2730 1 9 1
1725 1 8 1
1882 1 7 1
4286 2 19 1
4056 2 18 1
4205 2 17 1
3625 2 16 1
66 2 15 1
883 2 14 1
2180 2 13 1
1616 2 12 1
3764 2 11 1
2165 2 10 1
415 2 9 1
1224 2 8 1
1979 2 7 1
348 3 19 1
1227 3 18 1
527 3 17 1
842 3 16 1
1885 3 15 1
2462 3 14 1
3042 3 13 1
3118 3 12 1
1911 3 11 1
2389 3 10 1
4186 3 9 1
1545 3 8 1
2500 3 7 1
3325 4 19 1
155 4 18 1
1684 4 17 1
1129 4 16 1
2064 4 15 1
1842 4 14 1
4282 4 13 1
1173 4 12 1
3713 4 11 1
4158 4 10 1
3513 4 9 1
996 4 8 1
3669 4 7 1
3064 9 19 1
1272 8 19 1
2695 7 19 1
2042 6 19 1
1802 5 19 1
2232 9 18 1
2221 8 18 1
3339 7 18 1
470 6 18 1
1709 5 18 1
2464 9 17 1
2049 8 17 1
3237 7 17 1
715 6 17 1
2 5 17 1
1544 9 16 1
2677 8 16 1
1093 7 16 1
3747 6 16 1
4285 5 16 1
3441 9 15 1
3313 8 15 1
1505 7 15 1
1723 6 15 1
3258 5 15 1
3377 9 14 1
1941 8 14 1
3061 7 14 1
3147 6 14 1
2957 5 14 1
3878 19 19 1
1753 18 19 1
2491 17 19 1
4146 16 19 1
3006 15 19 1
3601 14 19 1
3474 13 19 1
3142 12 19 1
460 11 19 1
2704 10 19 1
1114 19 18 1
697 18 18 1
2201 17 18 1
1118 16 18 1
2197 15 18 1
2054 14 18 1
3906 13 18 1
1344 12 18 1
2931 11 18 1
3651 10 18 1
1825 19 17 1
840 18 17 1
1199 17 17 1
2223 16 17 1
26 15 17 1
3344 14 17 1
2345 13 17 1
3088 12 17 1
1212 11 17 1
1947 10 17 1
793 19 16 1
1239 18 16 1
503 17 16 1
3791 16 16 1
2955 15 16 1
2253 14 16 1
1039 13 16 1
3457 12 16 1
2960 11 16 1
3323 10 16 1
239 19 15 1
2536 18 15 1
2910 17 15 1
3121 16 15 1
3863 15 15 1
240 14 15 1
1323 13 15 1
2268 12 15 1
2107 11 15 1
894 10 15 1
2740 19 14 1
4100 18 14 1
3034 17 14 1
2242 16 14 1
1988 15 14 1
1847 14 14 1
117 13 14 1
3570 12 14 1
638 11 14 1
1645 10 14 1
2386 19 13 1
3675 18 13 1
3702 17 13 1
2282 16 13 1
3106 15 13 1
2484 14 13 1
2948 13 13 1
2140 12 13 1
1147 11 13 1
1233 10 13 1
978 9 13 1
1383 8 13 1
3244 7 13 1
3124 6 13 1
714 5 13 1
789 19 0 1
315 19 1 1
1840 19 2 1
2504 19 3 1
3593 19 4 1
2799 19 5 1
4232 19 6 1
122 19 7 1
130 19 8 1
29 19 9 1
84 19 10 1
3551 19 11 1
573 19 12 1
2030 18 0 1
1028 18 1 1
71 18 2 1
3240 18 3 1
2691 18 4 1
1443 18 5 1
189 18 6 1
3073 18 7 1
3763 18 8 1
2475 18 9 1
1267 18 10 1
2354 18 11 1
2096 18 12 1
611 17 0 1
2116 17 1 1
1351 17 2 1
3203 17 3 1
3234 17 4 1
1284 17 5 1
1592 17 6 1
1594 17 7 1
2804 17 8 1
562 17 9 1
1413 17 10 1
2924 17 11 1
4088 17 12 1
2063 16 0 1
2958 16 1 1
2459 16 2 1
1884 16 3 1
124 16 4 1
2205 16 5 1
2243 16 6 1
658 16 7 1
1486 16 8 1
1293 16 9 1
3252 16 10 1
4337 16 11 1
3365 16 12 1
105 15 0 1
4207 15 1 1
2027 15 2 1
1943 15 3 1
3435 15 4 1
2214 15 5 1
1245 15 6 1
2297 15 7 1
1172 15 8 1
506 15 9 1
1898 15 10 1
3172 15 11 1
3238 15 12 1
3641 14 0 1
3990 14 1 1
3915 14 2 1
3848 14 3 1
2100 14 4 1
3789 14 5 1
1328 14 6 1
1532 14 7 1
1259 14 8 1
4052 14 9 1
1420 14 10 1
2058 14 11 1
1588 14 12 1
250 13 0 1
167 13 1 1
3663 13 2 1
3333 13 3 1
2122 13 4 1
2257 13 5 1
2317 13 6 1
666 13 7 1
385 13 8 1
3048 13 9 1
2468 13 10 1
1728 13 11 1
4092 13 12 1
822 11 0 1
863 11 1 1
1037 11 2 1
953 11 3 1
3102 11 4 1
508 12 0 1
1799 12 1 1
1613 12 2 1
3508 12 3 1
2621 12 4 1
4319 12 5 1
1128 12 6 1
1405 12 7 1
1484 12 8 1
76 12 9 1
3219 12 10 1
2840 12 11 1
334 12 12 1
1713 11 12 1
262 10 12 1
2608 9 12 1
3310 8 12 1
1424 7 12 1
3278 6 12 1
656 5 12 1
1689 11 11 1
606 10 11 1
948 9 11 1
677 8 11 1
1137 7 11 1
1243 6 11 1
2038 5 11 1
2367 11 10 1
3397 10 10 1
2709 9 10 1
4011 8 10 1
692 7 10 1
2679 6 10 1
726 5 10 1
27 11 9 1
3307 10 9 1
2131 9 9 1
2400 8 9 1
4181 7 9 1
671 6 9 1
1817 5 9 1
2538 11 8 1
3024 10 8 1
2969 9 8 1
2485 8 8 1
1353 7 8 1
4125 6 8 1
1091 5 8 1
1220 11 7 1
3062 10 7 1
1430 9 7 1
1038 8 7 1
3020 7 7 1
1913 6 7 1
1706 5 7 1
1678 11 6 1
1745 10 6 1
2422 9 6 1
3918 8 6 1
2061 7 6 1
3305 6 6 1
943 5 6 1
911 4 6 1
2569 3 6 1
1064 11 5 1
649 10 5 1
1925 9 5 1
406 8 5 1
4065 7 5 1
3659 6 5 1
3576 5 5 1
3815 4 5 1
906 3 5 1
1433 10 4 1
3753 9 4 1
2613 8 4 1
2363 7 4 1
1498 6 4 1
110 5 4 1
498 4 4 1
3788 3 4 1
3477 10 3 1
4234 9 3 1
3697 8 3 1
3820 7 3 1
2872 6 3 1
3606 5 3 1
852 4 3 1
2720 3 3 1
3322 10 2 1
4016 9 2 1
3689 8 2 1
3458 7 2 1
3530 6 2 1
3652 5 2 1
3808 4 2 1
1942 3 2 1
99 10 1 1
3043 9 1 1
1774 8 1 1
1310 7 1 1
1449 6 1 1
3173 5 1 1
2742 4 1 1
4210 3 1 1
867 10 0 1
133 9 0 1
480 8 0 1
1585 7 0 1
2222 6 0 1
1491 5 0 1
2773 4 0 1
2185 3 0 1
431 10 0 28
4071 9 0 28
3478 8 0 28
2556 7 0 28
1412 6 0 28
276 5 0 28
1396 4 0 28
3214 10 1 29
435 9 1 29
1256 8 1 29
2530 7 1 29
3255 6 1 29
3027 5 1 29
2979 4 1 29
1963 10 2 31
2278 9 2 31
2577 8 2 31
2506 7 2 31
3449 6 2 31
3710 5 2 31
1067 4 2 31
3499 10 3 32
1666 9 3 32
3093 8 3 32
1571 7 3 32
718 6 3 32
1675 5 3 32
3770 4 3 32
1175 10 4 35
2527 9 4 35
3501 8 4 35
197 7 4 35
322 6 4 35
3920 5 4 35
1062 4 4 35
4075 11 5 36
869 10 5 36
52 9 5 36
4089 8 5 36
668 7 5 36
4194 6 5 36
1752 5 5 36
1363 4 5 36
259 11 6 39
3264 10 6 39
419 9 6 39
2675 8 6 39
4145 7 6 39
306 6 6 39
2735 11 7 40
183 10 7 40
2698 9 7 40
1762 8 7 40
1250 7 7 40
3609 6 7 40
1525 11 8 41
3855 10 8 41
1365 9 8 41
571 8 8 41
791 7 8 41
1955 6 8 41
3451 11 9 42
2499 10 9 42
3538 9 9 42
58 8 9 42
3545 7 9 42
1831 6 9 42
1297 11 10 43
3195 10 10 43
2515 9 10 43
1294 8 10 43
3891 7 10 43
501 6 10 43
1625 11 11 45
162 10 11 45
4147 9 11 45
1490 8 11 45
270 7 11 45
2939 6 11 45
4139 12 0 49
2558 12 1 49
2597 12 2 49
2611 12 3 49
3945 11 0 50
3112 11 1 50
1933 11 2 50
320 11 3 50
2900 11 4 50
1488 12 4 50
2328 12 5 50
3899 12 6 50
531 12 7 50
3907 12 8 50
2050 12 9 50
3509 12 10 50
1375 12 11 50
786 13 0 52
2885 13 1 52
646 13 2 52
1236 13 3 52
540 13 4 52
2783 13 5 52
3816 13 6 52
3724 13 7 52
2509 13 8 52
4251 13 9 52
1140 13 10 52
2217 13 11 52
3176 14 0 54
2071 14 1 54
1704 14 2 54
3422 14 3 54
3387 14 4 54
1072 14 5 54
3067 14 6 54
3350 14 7 54
3565 14 8 54
3852 14 9 54
1211 14 10 54
1000 14 11 54
4273 15 0 57
3642 15 1 57
49 15 2 57
2592 15 3 57
855 15 4 57
2121 15 5 57
2946 15 6 57
44 15 7 57
80 15 8 57
3569 15 9 57
1053 15 10 57
1418 15 11 57
2173 16 0 59
2458 16 1 59
2827 16 2 59
1390 16 3 59
679 16 4 59
424 16 5 59
3588 16 6 59
481 16 7 59
266 16 8 59
675 16 9 59
3529 16 10 59
2836 16 11 59
384 17 0 61
404 17 1 61
3934 17 2 61
895 17 3 61
417 17 4 61
1403 17 5 61
1686 17 6 61
2606 17 7 61
770 17 8 61
1651 17 9 61
1735 17 10 61
3306 17 11 61
1036 18 0 64
3653 18 1 64
1624 18 2 64
39 18 3 64
625 18 4 64
2069 18 5 64
1044 18 6 64
2821 18 7 64
3700 18 8 64
1780 18 9 64
4198 18 10 64
1448 18 11 64
1222 19 0 65
2849 19 1 65
1040 19 2 65
765 19 3 65
3455 19 4 65
2426 19 5 65
3677 19 6 65
3204 19 7 65
3107 19 8 65
3179 19 9 65
2316 19 10 65
2350 19 11 65
4140 19 12 65
382 18 12 65
1597 17 12 65
2626 16 12 65
2995 19 13 67
220 18 13 67
258 17 13 67
4104 16 13 67
1471 15 13 67
3208 14 13 67
2950 13 13 67
939 12 13 67
2098 11 13 67
3148 19 14 69
914 18 14 69
848 17 14 69
3113 16 14 69
1834 15 14 69
2450 14 14 69
3823 13 14 69
2685 12 14 69
3369 11 14 69
589 19 15 71
605 18 15 71
578 17 15 71
3362 16 15 71
2432 15 15 71
2204 14 15 71
814 13 15 71
31 12 15 71
1863 11 15 71
226 19 16 73
1653 18 16 73
191 17 16 73
918 16 16 73
3235 15 16 73
1732 14 16 73
3213 13 16 73
2436 12 16 73
2287 11 16 73
371 19 17 75
584 18 17 75
2269 17 17 75
3778 16 17 75
1075 15 17 75
3385 14 17 75
1521 13 17 75
4068 12 17 75
3156 11 17 75
2262 19 18 79
1660 18 18 79
2056 17 18 79
2712 16 18 79
1919 15 18 79
1123 14 18 79
1724 13 18 79
119 12 18 79
3784 11 18 79
2021 19 19 80
3735 18 19 80
1936 17 19 80
2026 16 19 80
1215 15 19 80
3189 14 19 80
2019 13 19 80
544 12 19 80
3028 11 19 80
1537 10 19 80
3676 10 18 80
3670 9 14 81
121 8 14 81
2703 7 14 81
3715 6 14 81
3662 9 15 82
599 8 15 82
4006 7 15 82
2874 6 15 82
2601 9 17 83
2186 8 17 83
2115 7 17 83
264 6 17 83
1499 9 16 83
2246 8 16 83
1677 7 16 83
525 6 16 83
3373 9 18 84
4270 8 18 84
3517 7 18 84
835 6 18 84
4076 9 19 85
1702 8 19 85
362 7 19 85
3223 6 19 85
4119 5 19 85
2384 5 18 85
3241 5 17 85
2865 5 16 85
849 5 15 85
1639 5 14 85
1094 10 8 85
2095 9 8 85
3818 8 8 85
860 7 8 85
1832 6 8 85
1372 4 19 88
2344 4 18 88
2240 4 17 88
1638 4 16 88
915 4 15 88
144 4 14 88
1249 4 13 88
3611 4 12 88
94 4 11 88
1022 4 10 88
398 4 9 88
603 4 8 88
661 11 7 90
2627 10 7 90
2448 9 7 90
125 8 7 90
3392 7 7 90
4060 6 7 90
3955 3 19 91
1528 3 18 91
254 3 17 91
496 3 16 91
1154 3 15 91
1620 3 14 91
3842 3 13 91
2456 3 12 91
1364 3 11 91
59 3 10 91
581 3 9 91
1729 3 8 91
794 13 2 91
3951 13 3 91
2519 13 4 91
1321 13 5 91
1474 13 6 91
3253 13 7 91
2754 13 8 91
2697 13 9 91
4182 13 10 91
3894 13 11 91
1346 2 19 92
2395 2 18 92
2356 2 17 92
1866 2 16 92
723 2 15 92
101 2 14 92
597 2 13 92
1205 2 12 92
2237 2 11 92
159 2 10 92
1669 2 9 92
1315 2 8 92
1378 10 11 92
3801 9 11 92
2125 8 11 92
3525 7 11 92
788 6 11 92
774 8 0 92
1309 7 0 92
2560 6 0 92
10005 milli sec 
point:397125
