752
5036 0 3 1
1864 0 2 1
1871 0 1 1
2982 0 0 1
2145 0 7 1
2745 0 6 1
441 0 5 1
1352 0 4 1
4338 1 7 1
1056 1 6 1
5387 1 5 1
2984 1 4 1
171 2 7 1
814 2 6 1
3219 6 7 1
2361 5 7 1
66 4 7 1
4205 3 7 1
5342 4 9 1
3190 4 8 1
5129 5 9 1
3608 5 8 1
4476 0 12 1
908 0 11 1
2277 0 8 1
3302 0 9 1
2078 0 10 1
2904 1 12 1
3719 1 11 1
142 3 8 1
3232 3 9 1
4273 2 8 1
2410 2 9 1
550 1 8 1
945 1 9 1
3085 1 10 1
12 2 12 1
2761 2 11 1
601 2 10 1
3131 3 11 1
2386 3 10 1
2716 4 11 1
433 4 10 1
1192 0 19 1
4456 0 18 1
1224 0 17 1
4937 0 16 1
202 0 13 1
3141 0 14 1
4711 0 15 1
4048 1 19 1
2333 1 18 1
4546 1 17 1
5016 1 16 1
3634 1 13 1
2621 1 14 1
4832 1 15 1
3768 2 19 1
5389 2 18 1
1516 2 17 1
1178 2 16 1
340 2 15 1
1214 2 13 1
2368 2 14 1
3573 3 15 1
2004 3 13 1
1684 3 14 1
2495 4 16 1
3702 4 15 1
3449 3 12 1
3721 4 12 1
3075 4 13 1
3841 4 14 1
1613 3 19 1
846 3 18 1
2373 3 16 1
1443 3 17 1
791 4 19 1
4471 4 18 1
1032 4 17 1
1957 6 19 1
3259 5 19 1
1595 6 18 1
3080 5 18 1
570 8 19 1
4059 7 19 1
1306 8 18 1
4324 7 18 1
1474 8 17 1
2771 7 17 1
4907 6 17 1
2224 5 17 1
3946 8 16 1
579 7 16 1
4605 6 16 1
5421 5 16 1
4095 8 15 1
1503 7 15 1
1436 6 15 1
1388 5 15 1
1870 5 14 1
5047 5 13 1
493 5 12 1
672 5 11 1
2208 5 10 1
2047 8 14 1
2581 7 14 1
4510 6 14 1
3490 8 13 1
4069 7 13 1
5409 6 13 1
3193 6 12 1
38 6 11 1
2610 6 10 1
4687 6 9 1
5033 6 8 1
2120 7 12 1
2395 7 11 1
421 7 10 1
5155 8 12 1
644 11 11 1
2085 10 11 1
4752 9 11 1
3734 8 11 1
4321 11 10 1
3426 10 10 1
1217 9 10 1
1722 8 10 1
4371 12 12 1
4622 12 11 1
749 12 10 1
4093 13 12 1
5223 13 11 1
100 13 10 1
811 9 15 1
1716 9 14 1
3807 9 12 1
4043 9 13 1
4957 10 15 1
794 10 14 1
630 10 12 1
4204 10 13 1
2223 11 15 1
4098 11 14 1
4289 11 12 1
1172 11 13 1
2164 12 14 1
4434 12 13 1
4980 9 19 1
3372 9 18 1
1048 9 17 1
3896 9 16 1
1857 10 19 1
3625 10 18 1
5307 10 17 1
205 10 16 1
5262 11 19 1
1817 11 18 1
1790 11 17 1
4593 11 16 1
5419 12 19 1
4410 12 18 1
3507 12 17 1
1337 12 16 1
5042 12 15 1
4514 13 17 1
1778 13 16 1
182 13 15 1
3273 13 14 1
4184 13 13 1
2992 13 19 1
2700 13 18 1
2993 15 19 1
4904 14 19 1
5039 15 18 1
4382 14 18 1
2107 15 17 1
3427 14 17 1
1185 15 16 1
4281 14 16 1
4532 19 19 1
713 18 19 1
669 17 19 1
2203 16 19 1
40 19 18 1
4728 18 18 1
273 17 18 1
4001 16 18 1
1843 19 17 1
4262 18 17 1
1000 17 17 1
2688 16 17 1
1427 19 16 1
997 18 16 1
2727 17 16 1
1060 16 16 1
2561 19 15 1
461 18 15 1
785 17 15 1
4153 16 15 1
2113 15 15 1
5357 14 15 1
3061 19 14 1
5103 18 14 1
1278 17 14 1
2836 16 14 1
5327 15 14 1
2472 14 14 1
4419 14 13 1
3654 14 12 1
5082 19 13 1
5236 18 13 1
1588 17 13 1
1409 16 13 1
4755 15 13 1
2283 19 11 1
3120 19 12 1
1331 18 11 1
4386 18 12 1
5343 17 11 1
1335 17 12 1
2299 16 12 1
2832 15 12 1
4817 19 7 1
1475 19 8 1
209 19 9 1
3754 19 10 1
4256 18 7 1
975 18 8 1
1658 18 9 1
620 18 10 1
3840 16 7 1
3097 16 8 1
2210 17 7 1
468 17 8 1
227 17 9 1
5079 17 10 1
84 16 9 1
2586 16 10 1
1668 16 11 1
1484 15 11 1
5192 14 11 1
4563 15 10 1
1462 14 10 1
5163 15 9 1
3572 14 9 1
893 13 9 1
311 12 9 1
4358 11 9 1
4893 10 9 1
5176 9 9 1
4023 8 9 1
4268 7 9 1
928 15 7 1
2835 15 8 1
1142 14 7 1
3033 14 8 1
1500 13 7 1
2356 13 8 1
1907 14 5 1
1983 14 6 1
1534 13 5 1
2316 13 6 1
2554 15 2 1
2698 15 3 1
4005 15 6 1
3241 15 5 1
3888 15 4 1
138 19 6 1
4716 18 6 1
4030 17 6 1
2041 16 6 1
4720 19 5 1
1197 18 5 1
326 17 5 1
1909 16 5 1
614 17 4 1
3639 16 4 1
4229 17 3 1
1262 16 3 1
877 17 2 1
4337 16 2 1
4518 19 4 1
3939 18 4 1
5365 19 3 1
4120 18 3 1
4494 19 2 1
280 18 2 1
999 19 0 1
4239 19 1 1
4487 18 0 1
566 18 1 1
5284 17 0 1
2615 17 1 1
36 16 0 1
5371 16 1 1
5060 15 0 1
2252 15 1 1
2527 14 0 1
4413 14 1 1
4220 14 2 1
358 14 3 1
5303 14 4 1
2003 10 0 1
1295 10 1 1
557 11 0 1
4683 11 1 1
4081 12 0 1
418 12 1 1
3611 13 0 1
1712 13 1 1
3720 13 2 1
1369 13 3 1
2702 13 4 1
1998 10 2 1
4647 10 3 1
5219 11 2 1
1733 11 3 1
4951 12 2 1
1638 12 3 1
883 12 4 1
2946 12 5 1
4381 12 6 1
3727 12 7 1
1616 12 8 1
4727 9 4 1
3816 9 5 1
1379 10 4 1
695 10 5 1
881 11 4 1
1795 11 5 1
4295 11 6 1
858 11 7 1
2629 11 8 1
5100 10 6 1
2352 10 7 1
1849 10 8 1
247 9 6 1
4010 9 7 1
3034 9 8 1
207 8 8 1
301 7 8 1
315 8 7 1
4296 7 7 1
1294 8 6 1
2763 7 6 1
2483 6 6 1
2100 5 6 1
5183 4 6 1
953 3 6 1
1916 8 5 1
2662 7 5 1
37 6 5 1
5083 5 5 1
278 4 5 1
918 3 5 1
4975 2 5 1
4092 4 4 1
5030 3 4 1
593 2 4 1
1836 7 4 1
453 6 4 1
4306 5 4 1
5369 8 4 1
2819 9 3 1
5352 8 3 1
4332 9 0 1
4185 9 1 1
5330 9 2 1
1341 8 0 1
2574 8 1 1
1159 8 2 1
2871 5 2 1
4925 5 0 1
2024 5 1 1
1834 6 0 1
2945 6 1 1
2809 7 0 1
5261 7 1 1
2956 7 2 1
2068 7 3 1
2428 6 2 1
4905 6 3 1
2829 5 3 1
2303 4 3 1
3448 3 3 1
2330 2 3 1
200 1 3 1
479 4 2 1
3414 3 2 1
1305 2 2 1
4704 1 2 1
5400 4 1 1
2362 3 1 1
4946 2 1 1
5185 1 1 1
3293 4 0 1
1219 3 0 1
5170 2 0 1
4198 1 0 1
2590 4 0 26
3655 3 0 26
1524 2 0 26
2213 4 1 28
5158 3 1 28
3027 2 1 28
1768 4 2 30
2235 3 2 30
5184 2 2 30
1106 6 2 31
4331 5 0 32
617 6 0 32
795 7 0 32
1690 8 0 33
625 8 1 33
3245 5 2 33
2502 5 1 33
4978 6 1 33
637 7 1 33
2800 9 0 34
45 9 1 34
3742 9 2 34
3804 7 4 36
5113 6 4 36
3731 5 4 36
2344 8 4 36
2406 9 3 36
3792 8 3 36
4618 8 2 36
1210 7 2 36
3640 7 3 36
253 6 3 36
1770 5 3 36
3967 4 3 36
349 3 3 36
3557 4 4 37
724 3 4 37
4389 8 5 38
2850 7 5 38
2808 6 5 38
307 5 5 38
2375 4 5 38
4643 8 6 39
3328 8 7 40
2202 10 6 41
1647 10 7 41
3462 9 6 41
4858 9 7 41
4850 10 4 42
3651 11 4 42
3535 9 4 43
2014 9 5 43
1821 10 5 43
2678 11 5 43
2015 11 6 43
1412 11 7 43
316 10 2 45
574 10 3 45
4551 11 2 45
1798 11 3 45
904 12 2 45
3971 12 3 45
2025 11 0 47
4138 12 0 47
3780 13 0 47
2274 10 0 48
4252 10 1 48
2354 11 1 48
1951 12 1 48
3684 13 1 48
254 13 2 48
4006 13 3 48
3179 15 0 49
1046 14 0 49
3729 17 0 50
875 16 0 50
4372 18 0 51
4847 19 3 52
1521 19 2 52
3423 19 0 52
3662 19 1 52
568 17 3 53
544 17 2 53
952 19 4 53
4935 18 4 53
2831 18 3 53
3422 18 2 53
719 18 1 53
1259 17 1 53
1854 19 6 54
5055 18 6 54
2367 17 6 54
1901 16 6 54
4992 19 5 54
3200 18 5 54
2262 17 5 54
3138 16 5 54
3860 17 4 54
1611 15 2 55
4344 15 3 55
196 15 6 55
3339 15 5 55
1453 15 4 55
2844 14 5 56
4058 14 6 56
2543 13 5 56
2667 13 6 56
2331 15 7 57
1025 15 8 57
1919 14 7 57
4760 14 8 57
484 13 7 57
3786 13 8 57
3095 15 9 59
2029 15 10 60
1437 17 7 61
4127 16 9 61
837 18 7 62
1844 18 8 62
1431 18 9 62
667 16 7 62
985 16 8 62
3424 17 8 62
3019 17 9 62
603 17 11 63
3675 19 7 63
2775 19 8 63
2921 19 9 63
1937 19 10 63
4885 18 10 63
3407 17 10 63
2721 16 10 63
3505 16 11 63
3119 18 11 64
5395 19 13 65
815 18 13 65
1002 17 13 65
2273 16 13 65
835 15 13 65
3313 19 11 65
4561 19 12 65
4130 18 12 65
2266 17 12 65
4565 16 12 65
78 19 14 66
3072 18 14 66
1489 17 14 66
4917 16 14 66
3984 15 14 66
3125 19 16 68
3262 18 16 68
546 17 16 68
1560 19 15 68
2847 18 15 68
1359 17 15 68
3653 19 18 69
948 18 18 69
4468 17 18 69
3461 19 17 69
2509 18 17 69
1212 17 17 69
1366 15 17 70
1182 15 16 70
1559 19 19 70
1275 18 19 70
1228 17 19 70
996 16 19 70
4354 16 18 70
4008 16 17 70
2962 16 16 70
5195 16 15 70
4954 15 15 70
4743 13 17 71
1580 13 16 71
4625 13 19 71
892 13 18 71
4952 15 19 71
888 14 19 71
4710 15 18 71
1006 14 18 71
1853 14 17 71
5040 14 16 71
3756 12 19 72
4362 12 18 72
4038 12 17 72
2881 11 19 73
5120 11 18 73
4929 11 17 73
2622 9 19 74
3774 9 18 74
2325 9 17 74
4421 9 16 74
2461 10 19 74
2788 10 18 74
3540 10 17 74
4454 10 16 74
698 11 16 74
2245 12 16 74
432 12 15 74
641 13 15 74
4968 13 14 74
1365 11 12 75
1413 12 14 75
1080 10 12 76
2116 11 15 76
4232 11 14 76
4495 9 12 77
4163 10 15 77
547 10 14 77
4757 9 15 78
4690 9 14 78
3549 9 13 78
2943 10 13 78
336 11 13 78
854 12 13 78
329 4 0 78
2999 3 0 78
4258 2 0 78
571 12 12 79
1924 12 11 79
775 12 10 79
746 13 12 79
3630 13 11 79
5104 13 10 79
5000 13 13 79
488 9 0 79
3676 9 1 79
817 9 2 79
218 11 10 80
1809 10 10 80
4616 9 10 80
2226 8 12 81
2641 11 11 81
2681 10 11 81
2167 9 11 81
2258 8 11 81
2349 8 10 81
2872 7 0 81
3470 4 1 81
2571 3 1 81
2972 2 1 81
518 8 14 82
1987 7 14 82
42 6 14 82
2398 8 13 82
52 7 13 82
5115 6 13 82
3834 6 12 82
4197 6 11 82
1395 7 12 82
3696 7 11 82
4679 7 10 82
774 9 3 82
2939 6 0 83
46 17 4 84
64 5 2 84
2030 8 15 85
816 7 15 85
3743 6 15 85
1961 8 17 86
2873 8 16 86
2196 7 16 86
1669 6 16 86
2104 19 5 86
4556 18 5 86
19 17 5 86
2833 8 4 86
5122 6 18 87
2812 8 19 87
3881 7 19 87
511 8 18 87
595 7 18 87
1717 7 17 87
4947 6 17 87
189 9 6 87
156 9 7 87
69 4 19 88
2171 4 18 88
1826 6 19 88
160 5 19 88
4366 5 18 88
1285 3 15 89
5041 3 13 89
1271 4 16 89
1340 4 15 89
5090 3 12 89
4652 4 12 89
3226 4 13 89
333 3 19 89
4521 3 18 89
2968 3 16 89
5417 3 17 89
4390 4 17 89
5358 5 17 89
992 5 16 89
773 5 15 89
4693 12 2 89
3576 2 19 90
3438 2 18 90
2162 2 17 90
556 2 16 90
2161 2 13 90
5023 14 0 90
4298 0 13 91
4463 0 14 91
243 1 19 91
116 1 18 91
2412 1 17 91
3859 1 16 91
2479 1 13 91
1917 1 14 91
2703 10 7 91
2044 3 11 92
3101 4 11 92
30 0 19 92
4211 0 18 92
1505 0 17 92
4811 0 16 92
35 0 15 92
2685 1 15 92
1323 2 15 92
137 2 14 92
1586 3 14 92
3455 4 14 92
4318 5 14 92
4156 5 13 92
3622 5 12 92
2617 5 11 92
683 19 4 92
4582 18 4 92
4632 19 0 92
5181 19 1 92
423 16 0 92
4781 10 1 92
2840 11 1 92
3315 5 0 92
5410 5 1 92
405 6 1 92
2061 7 1 92
2566 3 2 92
2704 2 2 92
4361 2 12 93
4702 2 11 93
1315 10 5 93
3184 11 5 93
4025 11 6 93
3474 11 7 93
4758 8 3 93
1077 8 0 93
1535 8 1 93
5360 8 2 93
3270 7 2 93
11947 milli sec 
point:427125
