739
384 0 3 1
3253 0 2 1
1050 0 1 1
2536 0 0 1
2508 1 3 1
2404 1 2 1
1977 1 1 1
3310 1 0 1
69 2 3 1
226 2 2 1
2052 2 1 1
2866 2 0 1
180 3 3 1
3173 3 2 1
1272 3 1 1
1672 3 0 1
1984 4 3 1
2489 4 2 1
1440 4 1 1
2978 4 0 1
152 0 7 1
495 0 6 1
1709 0 5 1
2669 0 4 1
491 1 7 1
3124 1 6 1
2946 1 5 1
3427 1 4 1
1952 2 7 1
390 2 6 1
3165 2 5 1
1776 2 4 1
613 3 7 1
2887 3 6 1
3278 3 5 1
3531 3 4 1
3280 4 7 1
520 4 6 1
1885 4 5 1
488 4 4 1
2143 5 7 1
2802 5 6 1
1301 5 5 1
2979 5 4 1
863 5 3 1
208 5 2 1
1655 5 1 1
1878 5 0 1
3580 6 6 1
2845 6 5 1
3476 6 4 1
2035 6 3 1
2183 6 2 1
154 6 1 1
2951 6 0 1
1933 7 6 1
1439 7 5 1
832 7 4 1
79 7 3 1
1760 7 2 1
950 7 1 1
2943 7 0 1
1189 6 7 1
2361 0 14 1
1503 0 13 1
3478 0 12 1
2807 0 8 1
2060 0 9 1
874 0 10 1
1126 0 11 1
3820 1 14 1
1433 1 13 1
3513 1 12 1
410 1 8 1
3708 1 9 1
2125 1 10 1
1774 1 11 1
3843 2 14 1
3639 2 13 1
3065 2 12 1
63 2 8 1
315 2 9 1
2683 2 10 1
784 2 11 1
659 3 14 1
1767 3 13 1
3398 3 12 1
2715 3 11 1
1802 3 10 1
1548 3 9 1
3024 3 8 1
2965 4 14 1
381 4 13 1
538 4 12 1
982 4 11 1
2237 4 10 1
419 4 9 1
1689 4 8 1
1085 5 14 1
804 5 13 1
2250 5 12 1
707 5 11 1
3117 5 10 1
3262 5 9 1
1682 5 8 1
2314 6 14 1
632 6 13 1
290 6 12 1
3869 6 11 1
263 6 10 1
359 6 9 1
1045 6 8 1
301 7 10 1
3737 7 9 1
3009 7 8 1
3311 7 7 1
283 7 15 1
2215 7 14 1
1882 7 13 1
772 7 12 1
271 7 11 1
2019 8 15 1
2545 8 14 1
2655 8 13 1
3538 8 12 1
3320 8 11 1
3299 8 10 1
1651 8 9 1
1279 8 8 1
3858 8 7 1
3840 0 19 1
1097 0 18 1
3729 0 17 1
91 0 15 1
1478 0 16 1
3490 1 19 1
3261 1 18 1
1662 1 17 1
946 1 15 1
2918 1 16 1
1559 2 19 1
1370 2 18 1
1249 2 17 1
406 2 15 1
2789 2 16 1
986 3 19 1
1100 3 18 1
2748 3 17 1
1055 3 15 1
3042 3 16 1
2695 4 19 1
2692 4 18 1
300 4 17 1
2859 4 15 1
3652 4 16 1
2371 5 19 1
2025 5 18 1
2462 5 17 1
2108 5 15 1
2907 5 16 1
1834 6 19 1
561 6 18 1
1568 6 17 1
3115 6 15 1
1019 6 16 1
418 7 19 1
292 7 18 1
1959 7 17 1
1094 7 16 1
1632 8 19 1
2833 8 18 1
2725 8 17 1
3068 8 16 1
2908 10 19 1
2868 9 19 1
1381 10 18 1
3856 9 18 1
2212 10 17 1
3791 9 17 1
805 16 19 1
3089 15 19 1
3718 14 19 1
1577 13 19 1
207 12 19 1
2088 11 19 1
801 16 18 1
1953 15 18 1
3409 14 18 1
108 13 18 1
1286 12 18 1
1935 11 18 1
3801 16 17 1
2352 15 17 1
295 14 17 1
2202 13 17 1
2239 12 17 1
3709 11 17 1
2604 19 19 1
2790 18 19 1
1021 17 19 1
1828 19 18 1
1458 18 18 1
2899 17 18 1
2396 19 17 1
3520 18 17 1
2331 17 17 1
1879 19 10 1
3050 19 11 1
3260 19 12 1
3411 19 13 1
2755 19 14 1
78 19 15 1
3744 19 16 1
1481 18 10 1
2852 18 11 1
1174 18 12 1
2708 18 13 1
2713 18 14 1
1639 18 15 1
1680 18 16 1
3332 17 10 1
3583 17 11 1
460 17 12 1
203 17 13 1
2839 17 14 1
2992 17 15 1
2056 17 16 1
2224 16 13 1
1195 16 14 1
3112 16 15 1
2406 16 16 1
3126 15 13 1
1447 15 14 1
1395 15 15 1
2942 15 16 1
532 14 13 1
2390 14 14 1
324 14 15 1
3083 14 16 1
3319 13 16 1
3730 12 16 1
2929 11 16 1
3297 10 16 1
2770 9 16 1
2889 13 15 1
3381 12 15 1
3816 11 15 1
3752 10 15 1
970 9 15 1
171 13 13 1
1558 13 14 1
3347 12 13 1
1746 12 14 1
3795 11 14 1
2166 10 14 1
2772 9 14 1
1027 11 13 1
3154 10 13 1
939 9 13 1
1150 16 12 1
798 15 12 1
2764 14 12 1
1322 13 12 1
2267 12 12 1
2670 11 12 1
2931 10 12 1
3026 9 12 1
1792 16 11 1
3677 15 11 1
1690 14 11 1
1060 13 11 1
1881 12 11 1
3603 11 11 1
2803 10 11 1
2313 9 11 1
485 16 10 1
3348 15 10 1
1705 14 10 1
1508 19 5 1
1423 19 6 1
247 19 7 1
2975 19 8 1
3395 19 9 1
3573 18 5 1
1653 18 6 1
1038 18 7 1
1316 18 8 1
1864 18 9 1
1751 17 5 1
2783 17 6 1
1307 17 7 1
257 17 8 1
2038 17 9 1
2278 16 7 1
2439 16 8 1
2297 16 9 1
191 19 0 1
3148 19 1 1
232 19 2 1
2728 19 3 1
3817 19 4 1
3882 18 0 1
980 18 1 1
3062 18 2 1
3078 18 3 1
2863 18 4 1
287 17 0 1
778 17 1 1
3500 17 2 1
2947 17 3 1
604 17 4 1
769 16 0 1
222 16 1 1
2048 16 2 1
2776 16 3 1
1659 16 4 1
729 16 5 1
2690 16 6 1
1876 15 0 1
509 15 1 1
1937 15 2 1
456 15 3 1
1527 15 4 1
1890 15 5 1
1003 15 6 1
3649 15 7 1
1967 15 8 1
3846 15 9 1
677 14 0 1
2209 14 1 1
1943 14 2 1
1727 14 3 1
1675 14 4 1
1098 14 5 1
2102 14 6 1
2813 14 7 1
671 14 8 1
1428 14 9 1
3313 13 0 1
1312 13 1 1
757 13 2 1
30 13 3 1
1618 13 4 1
2644 13 5 1
2424 13 6 1
3576 13 7 1
3202 13 8 1
3095 13 9 1
539 13 10 1
3034 10 0 1
848 10 1 1
2041 10 2 1
310 10 3 1
719 11 0 1
2503 11 1 1
2794 11 2 1
459 11 3 1
2146 12 0 1
3755 12 1 1
2032 12 2 1
607 12 3 1
521 12 4 1
3631 12 5 1
1512 12 6 1
2973 12 7 1
3596 12 8 1
2630 12 9 1
556 12 10 1
2476 11 10 1
2778 10 10 1
3227 9 10 1
2039 11 9 1
2541 10 9 1
3019 9 9 1
763 11 8 1
1222 10 8 1
138 9 8 1
249 11 7 1
2674 10 7 1
912 9 7 1
2709 11 6 1
2196 10 6 1
498 9 6 1
3057 8 6 1
1520 11 5 1
1679 10 5 1
888 9 5 1
1282 8 5 1
25 11 4 1
3822 10 4 1
463 9 4 1
1789 8 4 1
1902 9 3 1
1039 8 3 1
845 9 2 1
3315 8 2 1
3487 9 1 1
1726 8 1 1
3379 9 0 1
251 8 0 1
1157 9 0 24
1487 9 1 25
2480 9 3 26
1163 9 2 26
481 11 4 27
583 10 4 27
3445 9 4 27
674 11 5 29
1911 10 5 29
2387 9 5 29
760 11 6 30
2420 10 6 30
3669 11 7 31
1859 10 7 31
2163 11 9 32
3249 10 9 32
3558 11 8 32
1862 10 8 32
776 12 0 35
2595 12 1 35
3692 12 2 35
2145 11 0 36
1999 11 1 36
2558 11 2 36
3054 10 0 37
3727 10 1 37
3410 10 2 37
3521 10 3 37
573 11 3 37
3771 12 3 37
1754 12 4 37
2472 12 5 37
2505 12 6 37
2118 12 7 37
3868 12 8 37
1765 12 9 37
2107 13 0 39
1334 13 1 39
2752 13 2 39
3475 13 3 39
826 13 4 39
3200 13 5 39
3867 13 6 39
1725 13 7 39
3826 13 8 39
1852 14 0 41
3508 14 1 41
193 14 2 41
3739 14 3 41
1591 14 4 41
3169 14 5 41
1237 14 6 41
1029 14 7 41
1673 14 8 41
1455 15 0 42
3862 15 1 42
356 15 2 42
2591 15 3 42
3037 15 4 42
2305 15 5 42
1993 16 0 44
1938 16 1 44
1401 16 2 44
881 16 3 44
3123 17 0 45
525 17 1 45
869 17 2 45
186 17 3 45
3298 18 0 46
3069 18 1 46
1173 18 2 46
808 18 3 46
82 19 0 48
2787 19 1 48
1701 19 2 48
2063 19 3 48
3497 19 4 48
1906 18 4 48
1762 17 4 48
2681 16 4 48
1187 16 5 48
45 16 6 48
1561 17 5 49
1363 17 6 49
1740 17 7 49
1628 17 8 49
1351 16 7 49
2667 16 8 49
3604 19 5 50
1020 19 6 50
953 19 7 50
149 19 8 50
2904 19 9 50
3453 18 5 50
2429 18 6 50
1528 18 7 50
843 18 8 50
1040 18 9 50
1661 17 9 50
1278 16 9 50
2008 16 10 51
2698 15 10 51
2047 14 10 51
3128 16 11 53
1382 15 11 53
1936 14 11 53
1383 13 11 53
3711 12 11 53
1412 11 11 53
3415 10 11 53
42 11 13 55
322 10 13 55
2818 16 12 55
501 15 12 55
411 14 12 55
779 13 12 55
3329 12 12 55
1550 11 12 55
2779 10 12 55
3543 12 13 56
1877 13 15 57
2411 12 15 57
2744 11 15 57
669 10 15 57
2919 13 13 57
847 13 14 57
2289 12 14 57
2730 11 14 57
2478 10 14 57
1062 14 13 58
43 14 14 58
3494 14 15 58
3290 15 13 59
3452 15 14 59
1781 15 15 59
1441 16 13 60
661 16 14 60
535 16 15 60
231 18 10 61
1123 18 11 61
2216 18 12 61
439 18 13 61
782 18 14 61
1928 18 15 61
246 17 10 61
2082 17 11 61
589 17 12 61
2200 17 13 61
3418 17 14 61
2266 17 15 61
3132 19 10 62
3796 19 11 62
1338 19 12 62
1088 19 13 62
568 19 14 62
1713 19 15 62
2417 19 16 62
284 18 16 62
1375 19 17 64
1313 18 17 64
1241 19 19 65
2401 18 19 65
1424 17 19 65
1410 19 18 65
1992 18 18 65
3724 17 18 65
1297 17 17 65
851 16 17 66
3878 15 17 66
1219 14 17 66
1620 13 17 66
2189 12 17 66
3792 10 17 67
955 16 19 67
3756 15 19 67
1617 14 19 67
1934 13 19 67
1223 12 19 67
294 11 19 67
2342 16 18 67
1848 15 18 67
369 14 18 67
364 13 18 67
2256 12 18 67
3873 11 18 67
3382 11 17 67
3480 8 19 68
3550 8 18 68
1129 8 17 68
687 10 19 68
2815 9 19 68
698 10 18 68
1386 9 18 68
873 9 17 68
319 6 19 69
3306 6 18 69
3245 6 17 69
1921 6 15 69
2414 7 19 69
1884 7 18 69
2127 7 17 69
1078 5 15 70
2657 4 19 71
815 4 18 71
2750 4 17 71
999 4 15 71
3749 5 19 71
140 5 18 71
562 5 17 71
1554 3 19 73
1720 3 18 73
887 3 17 73
897 3 15 73
2091 1 19 74
507 1 18 74
219 1 17 74
1476 1 15 74
816 2 19 74
853 2 18 74
2026 2 17 74
2287 2 15 74
129 0 19 75
3786 0 18 75
3193 0 17 75
68 0 15 75
2149 0 16 75
2625 1 16 75
3223 2 16 75
1631 3 16 75
1179 4 16 75
3328 9 1 76
2383 8 15 77
894 8 14 77
1047 8 13 77
3485 8 12 77
2564 7 15 78
1809 7 14 78
1017 7 13 78
1387 7 12 78
1757 7 11 78
1590 8 11 78
3045 8 10 78
3421 8 9 78
3314 8 8 78
2085 7 10 79
204 7 9 79
3491 6 14 80
3743 6 13 80
3835 6 12 80
3440 6 11 80
1376 6 10 80
1973 6 9 80
3043 11 8 81
2964 10 8 81
1949 4 14 82
724 4 13 82
14 4 12 82
2793 4 11 82
891 4 10 82
3281 4 9 82
1580 5 14 82
954 5 13 82
792 5 12 82
3588 5 11 82
896 5 10 82
3532 5 9 82
31 2 8 85
695 2 9 85
3033 2 10 85
476 3 14 85
2261 3 13 85
1735 3 12 85
3402 16 7 85
1136 16 8 85
2376 9 2 85
1332 9 0 85
1296 2 14 86
1415 2 13 86
1898 2 12 86
864 11 6 86
2529 10 6 86
432 1 8 87
3163 1 9 87
822 1 10 87
2105 1 14 88
452 1 13 88
908 1 12 88
2228 18 5 88
576 18 6 88
153 18 7 88
1092 18 8 88
2072 0 14 89
3759 0 13 89
1913 0 12 89
1384 0 8 89
902 0 9 89
2893 0 10 89
272 0 11 89
973 1 11 89
1986 2 11 89
3761 3 11 89
3841 3 10 89
136 3 9 89
407 3 8 89
54 4 8 89
880 10 0 89
2579 10 1 89
1643 10 2 89
3471 10 3 89
771 6 7 90
3047 5 8 90
1641 6 8 90
3295 7 8 90
2474 7 7 90
2316 13 0 90
3857 13 1 90
304 13 2 90
3070 13 3 90
2694 13 4 90
101 13 5 90
1300 13 6 90
1342 13 7 90
542 13 8 90
3684 10 7 90
423 11 4 90
3602 10 4 90
2388 9 4 90
608 7 6 91
721 7 5 91
1676 7 4 91
3164 7 3 91
617 7 2 91
2099 7 1 91
3312 8 7 91
1697 10 18 91
2656 16 18 91
2554 15 18 91
3747 14 18 91
734 13 18 91
9226 milli sec 
point:402300
