735
629 0 5 1
3002 0 4 1
1258 0 3 1
2402 0 2 1
3390 0 1 1
89 0 0 1
3501 1 5 1
3519 1 4 1
4902 1 3 1
3369 1 2 1
132 1 1 1
2354 1 0 1
935 2 5 1
932 2 4 1
2969 2 3 1
1405 2 2 1
4536 2 1 1
4808 2 0 1
4619 3 5 1
648 3 4 1
2315 3 3 1
4541 3 2 1
101 3 1 1
1460 3 0 1
2040 4 5 1
2287 4 4 1
3854 4 3 1
3607 4 2 1
4082 4 1 1
3997 4 0 1
4272 0 13 1
100 0 12 1
2436 0 11 1
1316 0 10 1
2946 0 9 1
2120 0 8 1
3800 0 7 1
726 0 6 1
1420 1 13 1
3303 1 12 1
2552 1 11 1
3060 1 10 1
1043 1 9 1
4556 1 8 1
4372 1 7 1
653 1 6 1
3283 2 13 1
4709 2 12 1
2367 2 11 1
4559 2 10 1
2538 2 9 1
1181 2 8 1
2319 2 7 1
503 2 6 1
643 0 19 1
3772 0 18 1
1579 0 17 1
2889 0 16 1
4259 0 15 1
690 0 14 1
682 1 19 1
3956 1 18 1
2724 1 17 1
2915 1 16 1
3154 1 15 1
4939 1 14 1
3476 2 19 1
2689 2 18 1
589 2 17 1
3505 2 16 1
1924 2 15 1
3189 2 14 1
2813 3 19 1
544 3 18 1
3370 3 17 1
916 3 16 1
1245 3 15 1
1591 3 14 1
2250 4 19 1
368 4 18 1
3151 4 17 1
3055 4 16 1
40 4 15 1
723 4 14 1
2861 8 19 1
30 7 19 1
3688 6 19 1
358 5 19 1
3761 8 18 1
3695 7 18 1
3041 6 18 1
847 5 18 1
2733 8 17 1
1203 7 17 1
3418 6 17 1
205 5 17 1
3207 8 16 1
3030 7 16 1
343 6 16 1
78 5 16 1
3591 8 15 1
2003 7 15 1
4432 6 15 1
3291 5 15 1
1374 19 19 1
4786 18 19 1
578 17 19 1
4842 16 19 1
4269 15 19 1
520 14 19 1
2063 13 19 1
4185 12 19 1
4628 11 19 1
3233 10 19 1
4875 9 19 1
1139 19 18 1
3575 18 18 1
4616 17 18 1
903 16 18 1
3582 15 18 1
3294 14 18 1
743 13 18 1
3644 12 18 1
1143 11 18 1
4648 10 18 1
4935 9 18 1
4822 19 17 1
4625 18 17 1
2808 17 17 1
4490 16 17 1
1350 15 17 1
3696 14 17 1
3585 13 17 1
392 12 17 1
831 11 17 1
14 10 17 1
152 9 17 1
1636 19 16 1
4212 18 16 1
1830 17 16 1
4827 16 16 1
4770 15 16 1
2927 14 16 1
160 13 16 1
2887 12 16 1
3166 11 16 1
4598 10 16 1
3620 9 16 1
4924 19 15 1
2165 18 15 1
1194 17 15 1
2150 16 15 1
4296 15 15 1
3592 14 15 1
399 13 15 1
614 12 15 1
1789 11 15 1
925 10 15 1
3183 9 15 1
4396 19 10 1
2787 19 11 1
2953 19 12 1
1866 19 13 1
2785 19 14 1
1768 18 10 1
2204 18 11 1
1002 18 12 1
256 18 13 1
603 18 14 1
3872 17 10 1
4687 17 11 1
2027 17 12 1
4948 17 13 1
2950 17 14 1
585 16 10 1
1722 16 11 1
2669 16 12 1
3438 16 13 1
2213 16 14 1
4918 15 10 1
4089 15 11 1
1450 15 12 1
1931 15 13 1
636 15 14 1
923 14 10 1
3880 14 11 1
1674 14 12 1
3400 14 13 1
1873 14 14 1
2478 13 10 1
4270 13 11 1
4063 13 12 1
372 13 13 1
3408 13 14 1
1371 12 14 1
1829 11 14 1
2786 10 14 1
3159 9 14 1
485 8 14 1
3720 7 14 1
4394 6 14 1
1026 5 14 1
3818 12 13 1
2936 11 13 1
961 10 13 1
937 9 13 1
4193 8 13 1
4045 7 13 1
2906 6 13 1
1138 5 13 1
2562 4 13 1
1376 3 13 1
4363 12 12 1
4826 11 12 1
562 10 12 1
3534 9 12 1
3652 8 12 1
1721 7 12 1
1112 6 12 1
3678 5 12 1
3342 4 12 1
97 3 12 1
4136 12 10 1
838 12 11 1
2954 11 10 1
4194 11 11 1
2921 10 11 1
3905 9 11 1
3239 8 11 1
3901 7 11 1
377 6 11 1
2935 5 11 1
2554 4 11 1
1824 3 11 1
1671 3 10 1
4098 3 9 1
202 3 8 1
3535 3 7 1
2198 3 6 1
4141 4 10 1
3875 4 9 1
1624 4 8 1
1673 4 7 1
2680 4 6 1
2277 5 10 1
77 5 9 1
1641 5 8 1
1663 5 7 1
977 5 6 1
699 5 5 1
2516 5 4 1
4059 5 3 1
3522 5 2 1
3556 5 1 1
4276 5 0 1
400 10 10 1
2252 9 10 1
4521 8 10 1
804 7 10 1
1255 6 10 1
407 10 9 1
1995 9 9 1
4199 8 9 1
133 7 9 1
1453 6 9 1
434 10 8 1
2403 9 8 1
2826 8 8 1
4076 7 8 1
3903 6 8 1
4583 10 7 1
3907 9 7 1
1572 8 7 1
2144 7 7 1
3457 6 7 1
515 10 6 1
52 9 6 1
107 8 6 1
1659 7 6 1
2355 6 6 1
2292 10 5 1
2944 9 5 1
2466 8 5 1
2688 7 5 1
3921 6 5 1
4563 10 4 1
3413 9 4 1
1737 8 4 1
4738 7 4 1
3412 6 4 1
2548 6 3 1
3122 6 2 1
4220 6 1 1
3169 6 0 1
4779 7 3 1
2840 7 2 1
4579 7 1 1
4085 7 0 1
2633 8 3 1
1119 8 2 1
4213 8 1 1
3834 8 0 1
3307 9 3 1
4159 9 2 1
4016 9 1 1
3096 9 0 1
1395 10 3 1
776 10 2 1
285 10 1 1
4639 10 0 1
4750 11 3 1
153 11 2 1
1162 11 1 1
3717 11 0 1
595 11 9 1
1745 11 8 1
3346 11 7 1
4413 11 6 1
2729 11 5 1
66 11 4 1
4066 12 9 1
1530 12 8 1
1667 12 7 1
4344 12 6 1
4508 12 5 1
1809 12 4 1
3740 14 9 1
4275 13 9 1
3119 14 8 1
1253 13 8 1
3879 14 7 1
522 13 7 1
216 14 6 1
3359 13 6 1
302 19 9 1
4163 18 9 1
1021 17 9 1
2600 16 9 1
11 15 9 1
1700 19 8 1
3107 18 8 1
3877 17 8 1
3619 16 8 1
1444 15 8 1
3530 19 7 1
2825 18 7 1
234 17 7 1
1210 16 7 1
3866 15 7 1
1740 19 6 1
1581 18 6 1
2629 17 6 1
4128 16 6 1
1669 15 6 1
4671 19 5 1
1053 18 5 1
44 17 5 1
414 16 5 1
244 15 5 1
4375 14 5 1
1918 13 5 1
1717 19 4 1
2716 18 4 1
4232 17 4 1
2378 16 4 1
1731 15 4 1
2920 14 4 1
664 13 4 1
3395 19 3 1
2178 18 3 1
2984 17 3 1
3523 16 3 1
1367 15 3 1
4381 14 3 1
4756 13 3 1
1131 12 3 1
1683 19 2 1
466 18 2 1
3434 17 2 1
340 16 2 1
4486 15 2 1
304 14 2 1
262 13 2 1
3290 12 2 1
4607 19 1 1
2998 18 1 1
4722 17 1 1
190 16 1 1
1234 15 1 1
987 14 1 1
2706 13 1 1
4797 12 1 1
2456 19 0 1
3715 18 0 1
856 17 0 1
2591 16 0 1
1519 15 0 1
548 14 0 1
4273 13 0 1
3117 12 0 1
3468 19 0 29
497 18 0 29
3670 17 0 29
3948 16 0 29
4148 15 0 29
4492 14 0 29
4021 13 0 29
3569 19 2 32
2558 18 2 32
969 17 2 32
2903 16 2 32
242 15 2 32
4383 14 2 32
2128 13 2 32
1703 19 1 32
2235 18 1 32
2803 17 1 32
217 16 1 32
4743 15 1 32
4703 14 1 32
1281 13 1 32
201 19 3 35
4463 18 3 35
2489 17 3 35
2488 16 3 35
1890 15 3 35
300 14 3 35
3927 19 4 36
3931 18 4 36
3782 17 4 36
3063 16 4 36
758 15 4 36
2118 14 4 36
314 19 5 38
2298 18 5 38
1435 17 5 38
2276 16 5 38
1957 19 6 40
556 18 6 40
2713 17 6 40
2549 16 6 40
3694 19 7 41
1900 18 7 41
4095 17 7 41
431 16 7 41
333 19 8 42
94 18 8 42
1286 17 8 42
1254 16 8 42
141 14 6 44
3616 19 9 44
3111 18 9 44
4804 17 9 44
4576 16 9 44
2245 15 9 44
3352 15 8 44
2219 15 7 44
3650 15 6 44
3058 15 5 44
810 14 5 44
2483 14 9 45
517 13 9 45
1639 14 8 45
3539 13 8 45
3049 14 7 45
3199 13 7 45
1441 13 6 45
3874 13 5 45
741 12 9 47
4697 12 8 47
4785 12 7 47
1895 12 6 47
2722 12 5 47
2215 11 9 48
3625 11 8 48
1233 11 7 48
655 11 6 48
1257 11 5 48
1171 11 4 48
2740 12 4 48
3334 10 3 49
2396 10 2 49
771 10 1 49
3344 11 3 49
4828 11 2 49
4047 11 1 49
3595 8 3 50
3265 8 2 50
918 8 1 50
1456 9 3 50
535 9 2 50
4410 9 1 50
3764 7 3 51
1306 7 2 51
2589 7 1 51
2376 10 5 53
2686 9 5 53
2348 8 5 53
1116 7 5 53
4446 10 4 53
2368 9 4 53
4659 8 4 53
2802 7 4 53
1401 10 6 54
2181 9 6 54
2202 8 6 54
4088 7 6 54
1727 10 7 55
2201 9 7 55
3115 8 7 55
1697 7 7 55
4591 10 8 56
2962 9 8 56
2132 8 8 56
2737 7 8 56
3267 10 9 57
1 9 9 57
3113 8 9 57
814 7 9 57
1433 10 10 58
3808 9 10 58
4151 8 10 58
21 7 10 58
494 6 10 58
3766 4 10 60
914 4 9 60
3860 4 8 60
1711 4 7 60
2776 5 10 60
3630 5 9 60
3069 5 8 60
2999 5 7 60
4794 6 9 60
2196 12 10 63
487 12 11 63
2369 11 10 63
4188 11 11 63
3531 10 11 63
3698 9 11 63
3085 8 11 63
4327 7 11 63
4176 6 11 63
4717 5 11 63
2608 4 11 63
2643 12 12 65
2571 11 12 65
4477 10 12 65
50 9 12 65
2720 8 12 65
4553 7 12 65
2849 6 12 65
667 5 12 65
326 4 12 65
3281 12 13 67
826 11 13 67
55 10 13 67
4306 9 13 67
753 8 13 67
258 7 13 67
2790 6 13 67
3302 14 10 70
3624 14 11 70
939 14 12 70
2641 14 13 70
3813 13 10 70
3756 13 11 70
2741 13 12 70
2614 13 13 70
1130 15 10 72
2546 15 11 72
3520 15 12 72
2510 15 13 72
4301 17 10 73
1313 17 11 73
2389 17 12 73
1122 17 13 73
3707 16 10 73
2815 16 11 73
2386 16 12 73
3399 16 13 73
1993 18 10 74
951 18 11 74
3333 18 12 74
484 18 13 74
331 19 10 75
222 19 11 75
2567 19 12 75
1167 19 13 75
622 19 14 75
2985 18 14 75
4872 17 14 75
1124 16 14 75
344 15 14 75
4764 14 14 75
1214 13 14 75
281 12 14 75
2934 11 14 75
4672 10 14 75
1049 17 4 75
631 16 4 75
4771 15 4 75
2521 14 4 75
3080 19 15 77
1149 18 15 77
2784 17 15 77
863 16 15 77
4000 15 15 77
1588 14 15 77
1372 13 15 77
3130 12 15 77
3157 11 15 77
3832 10 15 77
4958 14 7 80
1059 19 16 81
2446 18 16 81
2038 17 16 81
1843 16 16 81
4783 15 16 81
1622 14 16 81
2810 13 16 81
4493 12 16 81
161 11 16 81
492 10 16 81
2732 19 17 83
2212 18 17 83
1424 17 17 83
1904 16 17 83
4437 15 17 83
2398 14 17 83
4354 13 17 83
3481 12 17 83
3316 11 17 83
1324 10 17 83
2168 14 8 83
84 19 18 84
1983 18 18 84
2653 17 18 84
1079 16 18 84
2203 15 18 84
327 14 18 84
3809 13 18 84
602 12 18 84
4527 11 18 84
1726 10 18 84
2592 9 3 84
2760 9 2 84
3086 9 1 84
2597 19 19 85
220 18 19 85
887 17 19 85
3336 16 19 85
2559 15 19 85
693 14 19 85
1467 13 19 85
1062 12 19 85
964 11 19 85
654 10 19 85
638 9 19 85
3996 9 18 85
3718 9 17 85
3064 9 16 85
3472 8 15 86
2893 7 15 86
1933 6 15 86
2490 19 1 86
1088 18 1 86
3396 17 1 86
3246 16 1 86
3212 15 1 86
2334 14 1 86
1887 13 1 86
3007 8 17 87
1236 7 17 87
1517 6 17 87
789 8 16 87
67 7 16 87
980 6 16 87
3763 9 8 87
1507 8 8 87
4787 7 8 87
4474 8 19 88
1959 7 19 88
3853 6 19 88
3304 5 19 88
3602 8 18 88
4745 7 18 88
2139 6 18 88
1734 5 18 88
807 5 17 88
581 5 16 88
3492 5 15 88
1361 3 19 90
4001 3 18 90
4632 3 17 90
4691 3 16 90
2237 3 15 90
2439 4 19 90
478 4 18 90
1576 4 17 90
3452 4 16 90
3884 4 15 90
2994 2 19 91
2015 2 18 91
138 2 17 91
2711 2 16 91
3594 2 15 91
1089 11 3 91
1875 11 2 91
4357 11 1 91
600 0 19 92
1961 0 18 92
2035 0 17 92
4506 0 16 92
4589 0 15 92
3477 0 14 92
3823 1 19 92
3013 1 18 92
329 1 17 92
2580 1 16 92
4133 1 15 92
2159 1 14 92
1872 2 14 92
2429 3 14 92
3135 4 14 92
1778 9 15 92
1098 8 6 92
2618 7 6 92
1985 7 1 92
2885 13 9 92
3564 13 8 92
1880 13 7 92
420 18 8 92
426 17 8 92
1715 16 8 92
4091 18 7 92
10624 milli sec 
point:417000
