770
1107 0 19 1
2569 0 18 1
4588 0 17 1
4748 0 16 1
4026 0 15 1
5325 0 14 1
5679 0 13 1
2503 0 12 1
2314 0 11 1
5220 0 10 1
2442 0 9 1
1921 0 8 1
2188 0 7 1
2778 0 6 1
4686 0 0 1
3659 0 1 1
392 0 2 1
968 0 3 1
211 0 4 1
2246 0 5 1
1203 1 19 1
2885 1 18 1
1678 1 17 1
3393 1 16 1
1444 1 15 1
437 1 14 1
5934 1 13 1
6153 1 12 1
2252 1 11 1
3845 1 10 1
2673 1 9 1
1070 1 8 1
5424 1 7 1
1504 1 6 1
3185 1 0 1
1004 1 1 1
5082 1 2 1
2423 1 3 1
3653 1 4 1
6356 1 5 1
5892 2 19 1
234 2 18 1
3593 2 17 1
165 2 16 1
3697 2 15 1
4230 2 14 1
894 2 13 1
939 2 12 1
1325 2 11 1
4152 2 10 1
5863 2 9 1
5464 2 8 1
2719 2 7 1
1356 2 6 1
5719 2 0 1
5547 2 1 1
5989 2 2 1
685 2 3 1
6270 2 4 1
228 2 5 1
3352 3 19 1
451 3 18 1
2288 3 17 1
5762 3 16 1
3554 3 15 1
1035 3 14 1
5682 3 13 1
5569 3 12 1
5243 3 11 1
911 3 10 1
5771 3 9 1
578 3 8 1
4185 3 7 1
1327 3 6 1
314 3 0 1
5973 3 1 1
2003 3 2 1
4358 3 3 1
6240 3 4 1
1981 3 5 1
3172 4 19 1
5314 4 18 1
3382 4 17 1
4731 4 16 1
4722 4 15 1
812 4 14 1
1540 4 13 1
714 4 12 1
2647 4 11 1
3092 4 10 1
2725 4 9 1
5169 4 8 1
3862 4 7 1
1292 4 6 1
2435 4 0 1
3223 4 1 1
346 4 2 1
4403 4 3 1
3423 4 4 1
3012 4 5 1
3187 5 19 1
1511 5 18 1
1860 5 17 1
5881 5 16 1
6239 5 15 1
6223 5 14 1
1814 5 13 1
1452 5 12 1
1467 5 11 1
1572 5 10 1
6124 5 9 1
4640 5 8 1
20 5 7 1
6156 5 6 1
6091 5 5 1
4253 5 4 1
5313 5 3 1
3392 5 2 1
1256 5 1 1
1944 5 0 1
6162 6 19 1
6361 6 18 1
485 6 17 1
5329 6 16 1
2023 6 15 1
2063 6 14 1
5269 6 13 1
5919 6 12 1
5977 6 11 1
4174 6 10 1
3988 6 9 1
771 6 8 1
1095 6 7 1
2594 6 6 1
3906 6 5 1
2292 6 4 1
1516 6 3 1
2585 6 2 1
2466 6 1 1
5666 6 0 1
3675 9 19 1
6417 8 19 1
4566 7 19 1
2433 9 18 1
2164 8 18 1
3493 7 18 1
1984 9 17 1
2178 8 17 1
6187 7 17 1
2421 9 16 1
3451 8 16 1
4364 7 16 1
5871 9 15 1
6276 8 15 1
5137 7 15 1
6173 9 14 1
3347 8 14 1
5823 7 14 1
3836 9 13 1
6316 8 13 1
1757 7 13 1
5664 9 12 1
3027 8 12 1
1331 7 12 1
5491 9 11 1
965 8 11 1
3523 7 11 1
5811 7 10 1
313 7 9 1
555 7 8 1
2105 7 7 1
2469 7 6 1
4029 7 5 1
5685 7 4 1
3420 7 3 1
3619 7 2 1
4695 7 1 1
2254 7 0 1
2474 8 10 1
4772 8 9 1
3084 8 8 1
3561 8 7 1
1541 8 6 1
2061 8 5 1
6257 8 4 1
6367 8 3 1
1053 8 2 1
5265 8 1 1
2017 8 0 1
5344 9 10 1
5913 9 9 1
4432 9 8 1
5259 9 7 1
2011 9 6 1
2122 9 5 1
1664 9 4 1
473 9 3 1
489 9 2 1
5374 9 1 1
4293 9 0 1
6195 10 10 1
5653 10 9 1
3200 10 8 1
5845 10 7 1
5899 10 6 1
4944 10 5 1
249 10 4 1
3418 10 3 1
4749 10 2 1
6152 10 1 1
3943 10 0 1
1801 11 10 1
846 11 9 1
5801 11 8 1
1150 11 7 1
2050 11 6 1
2036 11 5 1
1155 11 4 1
5427 11 3 1
2608 11 2 1
2537 11 1 1
136 11 0 1
5334 12 10 1
5246 12 9 1
371 12 8 1
2444 12 7 1
666 12 6 1
1846 12 5 1
4800 12 4 1
4100 12 3 1
2798 12 2 1
3636 12 1 1
4928 12 0 1
5618 13 13 1
4794 13 12 1
2494 13 11 1
2399 13 10 1
381 13 9 1
6014 13 8 1
4074 13 7 1
2762 13 6 1
3678 13 5 1
2825 13 4 1
1010 13 3 1
2341 13 2 1
4891 13 1 1
724 13 0 1
2155 10 19 1
3183 10 18 1
5856 10 17 1
5723 10 16 1
6033 10 15 1
3145 10 11 1
3174 10 12 1
3962 10 13 1
3008 10 14 1
2320 11 19 1
2458 11 18 1
3949 11 17 1
4374 11 16 1
156 11 15 1
1633 11 11 1
4282 11 12 1
4669 11 13 1
6180 11 14 1
6271 12 19 1
38 12 18 1
5713 12 17 1
4608 12 16 1
1995 12 15 1
5732 12 11 1
1614 12 12 1
4283 12 13 1
2041 12 14 1
3066 13 19 1
6277 13 18 1
3077 13 17 1
2099 13 16 1
41 13 15 1
5271 13 14 1
6229 14 19 1
5183 14 18 1
776 14 17 1
5648 14 16 1
3507 14 15 1
1579 14 14 1
516 19 19 1
4060 18 19 1
1862 17 19 1
4557 16 19 1
4638 15 19 1
4288 19 18 1
600 18 18 1
56 17 18 1
3039 16 18 1
3260 15 18 1
200 19 17 1
5566 18 17 1
5721 17 17 1
4218 16 17 1
2487 15 17 1
3337 19 16 1
6274 18 16 1
1183 17 16 1
5493 16 16 1
5519 15 16 1
3329 19 15 1
5531 18 15 1
1879 17 15 1
3929 16 15 1
1480 15 15 1
4057 19 14 1
769 18 14 1
5242 17 14 1
2182 16 14 1
6433 15 14 1
2356 19 13 1
3927 18 13 1
2225 17 13 1
486 16 13 1
3160 15 13 1
2728 14 13 1
1925 19 12 1
6030 18 12 1
726 17 12 1
4781 16 12 1
1084 15 12 1
1785 14 12 1
3244 19 11 1
3376 18 11 1
1898 17 11 1
3003 16 11 1
4416 15 11 1
125 14 11 1
4087 19 10 1
6292 18 10 1
3655 17 10 1
3324 16 10 1
5880 15 10 1
3338 14 10 1
2746 19 9 1
5592 18 9 1
5909 17 9 1
4881 16 9 1
1224 15 9 1
3780 14 9 1
5301 19 8 1
3385 18 8 1
1301 17 8 1
3902 16 8 1
3025 15 8 1
4289 14 8 1
2823 19 7 1
2671 18 7 1
1719 17 7 1
4278 16 7 1
797 15 7 1
1534 14 7 1
5420 19 6 1
3964 18 6 1
4875 17 6 1
4017 16 6 1
4515 15 6 1
2367 14 6 1
4980 19 5 1
2562 18 5 1
3022 17 5 1
2289 16 5 1
112 15 5 1
933 14 5 1
1593 14 4 1
1041 14 3 1
4104 14 2 1
3874 14 1 1
3716 14 0 1
418 15 4 1
6064 15 3 1
3168 15 2 1
2157 15 1 1
4470 15 0 1
2863 16 4 1
100 16 3 1
2062 16 2 1
3230 16 1 1
10 16 0 1
4033 19 4 1
3701 18 4 1
1748 17 4 1
1025 19 3 1
1794 18 3 1
6273 17 3 1
4663 19 2 1
2701 18 2 1
5091 17 2 1
6358 19 1 1
720 18 1 1
4841 17 1 1
2650 19 0 1
2259 18 0 1
5478 17 0 1
3402 19 0 28
727 18 0 28
61 19 1 29
4201 18 1 29
2299 19 2 31
535 18 2 31
6311 19 3 32
2589 18 3 32
523 19 4 33
177 18 4 33
2640 17 4 33
5521 17 3 33
1994 17 2 33
4660 17 1 33
4534 15 4 34
3605 15 3 34
2786 15 2 34
4990 15 1 34
2005 16 4 34
5891 16 3 34
5688 16 2 34
932 16 1 34
2892 19 5 37
3421 18 5 37
850 17 5 37
2776 16 5 37
329 15 5 37
1101 19 6 38
4827 18 6 38
2765 17 6 38
3894 16 6 38
1700 15 6 38
1557 19 7 39
6006 18 7 39
954 17 7 39
1100 16 7 39
3320 15 7 39
3674 19 8 40
2756 18 8 40
5872 17 8 40
5127 16 8 40
189 15 8 40
2449 19 9 41
5408 18 9 41
2359 17 9 41
5086 16 9 41
5410 15 9 41
5470 19 11 43
5770 18 11 43
1027 17 11 43
2279 16 11 43
5112 15 11 43
3442 19 10 43
114 18 10 43
4595 17 10 43
5117 16 10 43
2945 15 10 43
3581 19 12 45
3119 18 12 45
2196 17 12 45
6049 16 12 45
3589 15 12 45
4021 19 14 46
1518 18 14 46
5153 17 14 46
6137 16 14 46
3583 19 13 46
3153 18 13 46
3859 17 13 46
5422 16 13 46
493 19 15 47
3760 18 15 47
905 17 15 47
5360 16 15 47
2583 19 16 48
5984 18 16 48
5991 17 16 48
1062 16 16 48
4129 19 17 49
2407 18 17 49
2871 17 17 49
813 16 17 49
22 19 19 50
5294 18 19 50
5968 17 19 50
756 16 19 50
3121 15 19 50
4888 19 18 50
5650 18 18 50
5261 17 18 50
414 16 18 50
377 15 18 50
6363 15 17 50
5139 15 16 50
2376 15 15 50
5056 14 19 52
3713 14 18 52
5232 14 17 52
3518 14 16 52
2391 14 15 52
4964 13 19 53
6373 13 18 53
4075 13 17 53
992 13 16 53
5595 13 15 53
3477 12 19 54
1401 12 18 54
5724 12 17 54
5965 12 16 54
1398 12 15 54
4128 12 11 54
4887 12 12 54
5668 12 13 54
2287 11 11 55
14 11 12 55
37 11 13 55
1869 10 11 56
1988 10 12 56
5187 10 13 56
5946 11 19 56
5936 11 18 56
589 11 17 56
1961 11 16 56
631 11 15 56
3832 10 19 57
4216 10 18 57
1493 10 17 57
4830 10 16 57
3980 10 15 57
1721 10 14 57
5403 13 13 60
2539 13 12 60
5178 13 11 60
1940 13 10 60
4408 13 9 60
5191 13 8 60
5019 13 7 60
2102 13 6 60
6283 13 5 60
2318 13 4 60
4564 13 3 60
1185 13 2 60
6429 13 1 60
3369 12 10 61
3633 12 9 61
4847 12 8 61
1812 12 7 61
6374 12 6 61
2025 12 5 61
807 12 4 61
4509 12 3 61
2679 12 2 61
4325 12 1 61
1258 11 10 64
5083 11 9 64
913 11 8 64
339 11 7 64
3177 11 6 64
3219 11 5 64
93 11 4 64
2952 11 3 64
5803 11 2 64
1345 11 1 64
4315 10 10 66
5001 10 9 66
5788 10 8 66
2101 10 7 66
3536 10 6 66
6241 10 5 66
374 10 4 66
4331 10 3 66
1499 10 2 66
4212 10 1 66
4132 9 10 68
4952 9 9 68
126 9 8 68
5386 9 7 68
52 9 6 68
3007 9 5 68
2994 9 4 68
4614 9 3 68
2758 9 2 68
760 9 1 68
6163 8 10 71
2394 8 9 71
3311 8 8 71
3122 8 7 71
2159 8 6 71
6038 8 5 71
6169 8 4 71
3070 8 3 71
5451 8 2 71
5867 8 1 71
5608 9 11 72
5409 8 11 72
300 9 13 73
401 8 13 73
469 9 12 73
1983 8 12 73
5967 9 16 74
2419 8 16 74
590 9 15 74
3743 8 15 74
2414 9 14 74
4553 8 14 74
2427 9 18 75
1375 8 18 75
6058 9 17 75
951 8 17 75
5597 9 19 76
5528 8 19 76
3878 7 19 76
1514 7 18 76
1187 7 17 76
2042 7 16 76
3302 7 15 76
2241 7 14 76
1737 7 13 76
1818 7 12 76
3203 7 11 76
2724 7 10 76
665 7 9 76
5641 7 8 76
6071 7 7 76
1787 7 6 76
4200 7 5 76
5764 7 4 76
3373 7 3 76
84 7 2 76
4159 7 1 76
5267 6 19 79
1628 6 18 79
586 6 17 79
5537 6 16 79
5894 6 15 79
5322 6 14 79
5059 6 13 79
3229 6 12 79
3885 6 11 79
4169 6 10 79
1833 6 9 79
1594 6 8 79
3833 6 7 79
2637 6 6 79
4658 6 5 79
821 6 4 79
468 6 3 79
1548 6 2 79
4869 6 1 79
5557 19 18 80
4599 18 18 80
6157 17 18 80
19 16 18 80
6327 5 19 81
2004 5 18 81
1365 5 17 81
331 5 16 81
3152 5 15 81
6280 5 14 81
4988 5 13 81
1322 5 12 81
917 5 11 81
2751 5 10 81
5045 5 9 81
5067 5 8 81
175 5 7 81
1149 5 6 81
732 19 4 81
312 18 4 81
269 17 4 81
4730 4 0 82
4415 4 1 82
1836 4 2 82
1795 4 3 82
5318 4 4 82
2982 19 8 82
4137 18 8 82
4178 17 8 82
4186 16 8 82
2364 15 8 82
6250 4 19 85
6107 4 18 85
5462 4 17 85
1660 4 16 85
2070 4 15 85
4962 4 14 85
940 4 13 85
2084 4 12 85
1235 4 11 85
6399 4 10 85
2232 4 9 85
1482 4 8 85
5661 4 7 85
1699 4 6 85
1809 19 13 85
4619 18 13 85
2216 17 13 85
143 16 13 85
5461 3 0 86
6379 3 1 86
4355 3 2 86
5921 3 3 86
4898 3 4 86
3251 19 10 87
1968 18 10 87
5370 17 10 87
5703 16 10 87
5994 15 10 87
4367 12 11 88
111 12 12 88
1245 12 13 88
5305 3 19 89
5738 3 18 89
3829 3 17 89
3 3 16 89
4481 3 15 89
3298 3 14 89
4612 3 13 89
3412 3 12 89
3603 3 11 89
3611 3 10 89
4992 3 9 89
4495 3 8 89
4077 3 7 89
1849 3 6 89
519 16 4 89
2114 16 3 89
4604 16 2 89
4656 16 1 89
2244 2 0 90
581 2 1 90
1 2 2 90
4171 2 3 90
5927 2 4 90
4428 19 2 91
3973 18 2 91
4759 2 19 92
2163 2 18 92
3567 2 17 92
2455 2 16 92
5829 2 15 92
5353 2 14 92
1094 2 13 92
1379 2 12 92
5249 2 11 92
1283 2 10 92
3548 2 9 92
3422 2 8 92
6365 2 7 92
5633 2 6 92
3667 18 7 92
2980 17 7 92
397 16 7 92
5665 15 7 92
6132 19 19 93
1574 18 19 93
4809 17 19 93
6302 16 19 93
4913 15 19 93
981 15 18 93
1022 18 16 93
1357 17 16 93
622 16 16 93
1630 18 3 93
4443 17 3 93
1495 17 2 93
5726 1 0 94
5883 1 1 94
5298 1 2 94
1669 1 3 94
14069 milli sec 
point:454250
