747
4754 5 2 1
5003 5 1 1
3846 5 0 1
2991 0 6 1
2083 0 5 1
2427 0 3 1
4136 0 4 1
241 1 6 1
4593 1 5 1
180 1 3 1
4366 1 4 1
5008 2 6 1
4142 2 5 1
2233 0 0 1
2517 0 1 1
354 0 2 1
1115 1 0 1
191 1 1 1
843 1 2 1
61 2 0 1
4444 2 1 1
3202 2 2 1
854 2 3 1
591 2 4 1
3030 3 0 1
1363 3 1 1
2996 3 2 1
4338 3 3 1
1434 3 4 1
4796 3 5 1
2836 4 5 1
4813 4 0 1
5027 4 1 1
4844 4 2 1
88 4 3 1
4809 4 4 1
2942 0 9 1
4452 0 8 1
3557 0 7 1
2951 1 9 1
4688 1 8 1
4305 1 7 1
1140 2 9 1
567 2 8 1
708 2 7 1
2504 3 9 1
1023 3 8 1
4742 3 7 1
2320 3 6 1
1119 4 9 1
1247 4 8 1
1566 4 7 1
4222 4 6 1
3150 5 9 1
2544 5 8 1
3306 5 7 1
3162 5 6 1
1162 5 5 1
2519 5 3 1
4472 5 4 1
2684 6 9 1
2258 6 8 1
2322 6 7 1
343 6 6 1
444 6 5 1
629 6 4 1
2125 6 3 1
3461 6 2 1
4871 6 1 1
2927 6 0 1
3970 10 13 1
1613 9 13 1
3671 10 12 1
1580 9 12 1
2723 12 13 1
693 11 13 1
4822 13 12 1
1809 12 12 1
3217 11 12 1
581 13 14 1
4390 13 13 1
3712 0 13 1
1027 0 14 1
2585 0 15 1
1198 0 16 1
4078 1 13 1
431 1 14 1
2999 1 15 1
353 1 16 1
4331 0 19 1
3154 0 18 1
4377 0 17 1
3781 1 19 1
3890 1 18 1
1898 1 17 1
1167 2 19 1
2132 2 18 1
10 2 17 1
4704 2 14 1
1677 2 15 1
616 2 16 1
3578 3 19 1
3384 3 18 1
5061 3 17 1
1807 3 14 1
4805 3 15 1
3787 3 16 1
718 4 19 1
3084 4 18 1
1099 4 17 1
303 4 16 1
2700 4 14 1
489 4 15 1
1053 5 19 1
2394 5 18 1
87 5 17 1
78 5 16 1
3709 5 15 1
1499 6 17 1
5054 6 16 1
529 6 15 1
4787 7 17 1
2449 7 16 1
5130 7 15 1
2481 6 19 1
4073 6 18 1
1117 7 19 1
1756 7 18 1
2647 10 19 1
628 9 19 1
3942 8 19 1
4830 10 18 1
2414 9 18 1
1322 8 18 1
3753 10 17 1
410 9 17 1
2246 8 17 1
1918 8 16 1
1262 2 13 1
3740 0 12 1
5017 0 10 1
3894 0 11 1
3726 1 12 1
2469 1 10 1
4088 1 11 1
1272 2 12 1
4045 2 10 1
4022 2 11 1
1190 3 10 1
3572 3 11 1
4351 3 12 1
131 3 13 1
406 4 10 1
3663 4 11 1
1429 4 12 1
1336 4 13 1
1932 5 10 1
2651 5 11 1
2081 5 12 1
2709 5 13 1
307 5 14 1
925 8 10 1
4710 8 11 1
2219 7 10 1
2750 7 11 1
3176 6 10 1
4072 6 11 1
4863 6 12 1
720 6 13 1
5079 6 14 1
4665 7 12 1
1750 7 13 1
2197 7 14 1
1330 8 12 1
4074 8 13 1
3426 8 14 1
2169 8 15 1
3262 9 16 1
3346 9 14 1
2112 9 15 1
522 10 16 1
2393 10 14 1
4053 10 15 1
1771 11 16 1
1547 11 14 1
4263 11 15 1
76 12 16 1
2235 12 14 1
4735 12 15 1
226 11 19 1
3768 11 18 1
63 11 17 1
541 12 19 1
4308 12 18 1
278 12 17 1
865 13 19 1
4298 13 18 1
1692 13 17 1
2668 13 16 1
3268 13 15 1
3295 16 19 1
3620 15 19 1
3099 14 19 1
2828 16 18 1
1039 15 18 1
4669 14 18 1
450 16 17 1
2174 15 17 1
3711 14 17 1
2058 16 15 1
3213 16 16 1
4985 15 15 1
2638 15 16 1
4609 14 16 1
4110 14 15 1
952 14 14 1
1350 14 13 1
89 15 14 1
4791 19 19 1
254 18 19 1
2587 17 19 1
789 19 18 1
981 18 18 1
4364 17 18 1
4692 19 17 1
870 18 17 1
1286 17 17 1
754 19 16 1
4277 18 16 1
5047 17 16 1
1962 19 15 1
4382 18 15 1
3371 17 15 1
853 19 14 1
2498 18 14 1
4950 17 14 1
4577 16 14 1
2222 19 13 1
165 18 13 1
3566 17 13 1
858 16 13 1
4983 15 13 1
4838 19 12 1
1025 18 12 1
4427 19 11 1
763 18 11 1
1995 19 7 1
2166 19 8 1
3533 19 9 1
4861 19 10 1
1791 16 7 1
4904 16 8 1
112 17 7 1
3807 17 8 1
3825 18 7 1
2362 18 8 1
3800 18 9 1
2521 18 10 1
2682 17 9 1
4064 17 10 1
3381 17 11 1
28 17 12 1
540 16 9 1
71 16 10 1
889 16 11 1
2431 16 12 1
3126 15 12 1
3591 14 12 1
4093 15 11 1
1754 14 11 1
3382 15 10 1
2257 14 10 1
731 15 9 1
3617 14 9 1
221 15 7 1
3703 15 8 1
1896 14 7 1
457 14 8 1
2528 13 7 1
4178 13 8 1
1724 13 9 1
524 13 10 1
1524 13 11 1
3324 12 7 1
3905 12 8 1
1376 12 9 1
4209 12 10 1
4386 12 11 1
1837 11 11 1
2945 10 11 1
239 9 11 1
5122 11 10 1
1514 10 10 1
3534 9 10 1
1717 11 9 1
3370 10 9 1
721 9 9 1
211 8 9 1
1956 7 9 1
4474 11 8 1
1957 10 8 1
513 9 8 1
3296 8 8 1
539 7 8 1
4456 9 7 1
899 8 7 1
1309 7 7 1
663 9 6 1
199 8 6 1
2150 7 6 1
3006 9 5 1
856 8 5 1
1258 7 5 1
219 8 4 1
4399 7 4 1
2964 8 3 1
627 7 3 1
2914 8 2 1
2935 7 2 1
3088 7 1 1
4720 7 0 1
4171 8 1 1
2713 8 0 1
2754 9 4 1
3470 9 3 1
2635 9 2 1
4766 9 1 1
38 9 0 1
1976 11 7 1
2275 10 7 1
3167 12 6 1
730 11 6 1
3962 10 6 1
3969 12 5 1
258 11 5 1
5053 10 5 1
2465 19 6 1
1970 18 6 1
3483 17 6 1
4383 16 6 1
3182 15 6 1
991 14 6 1
2736 13 6 1
504 19 3 1
2195 19 4 1
1964 19 5 1
4476 18 3 1
102 18 4 1
780 18 5 1
5063 19 0 1
2588 19 1 1
3509 19 2 1
419 18 0 1
3405 18 1 1
3332 18 2 1
1545 17 0 1
4214 17 1 1
1747 17 2 1
2395 17 3 1
2321 17 4 1
1775 17 5 1
2809 16 2 1
3082 16 3 1
5141 16 4 1
571 16 5 1
3184 15 5 1
4143 14 5 1
2104 13 5 1
1568 14 0 1
3528 14 1 1
630 14 2 1
2538 14 3 1
4969 16 0 1
2894 16 1 1
1408 15 0 1
520 15 1 1
3100 15 2 1
4882 15 3 1
1732 15 4 1
3109 14 4 1
3180 13 0 1
4430 13 1 1
3944 13 2 1
2129 13 3 1
1160 13 4 1
4522 12 0 1
834 12 1 1
4429 12 2 1
606 12 3 1
396 12 4 1
2312 11 0 1
4303 11 1 1
3530 11 2 1
673 11 3 1
311 11 4 1
2949 10 4 1
377 10 3 1
33 10 2 1
3700 10 1 1
5004 10 0 1
3605 11 0 28
3630 11 1 28
3452 11 2 28
1093 11 3 28
3599 12 0 29
1277 12 1 29
4104 12 2 29
2106 12 3 29
4737 15 0 31
5082 13 0 31
3085 13 1 31
4339 13 2 31
1638 13 3 31
1275 16 0 32
1124 16 1 32
4292 15 1 32
3943 15 2 32
1868 14 0 34
1856 14 1 34
1481 14 2 34
2827 14 3 34
50 15 3 34
2354 15 4 34
3285 14 4 34
3073 16 2 35
4681 16 3 35
4923 16 4 35
2002 19 0 38
2065 19 1 38
3590 19 2 38
3003 18 0 38
3549 18 1 38
296 18 2 38
2719 17 0 38
1323 17 1 38
1872 17 2 38
804 17 3 38
5135 17 4 38
4175 19 3 39
1648 19 4 39
163 19 5 39
3906 18 3 39
1843 18 4 39
1844 18 5 39
749 19 6 41
3413 18 6 41
5014 17 6 41
603 16 6 41
1005 15 6 41
1047 14 6 41
599 13 6 41
4259 12 6 42
2370 11 6 42
4273 12 5 42
3227 11 5 42
1159 11 7 43
5011 10 7 43
580 8 2 44
1271 8 1 44
3459 9 4 44
3355 9 3 44
3857 9 2 44
3293 9 1 44
4415 10 6 44
2515 8 4 45
2439 8 3 45
3011 9 5 46
2568 8 5 46
2657 9 7 47
2596 8 7 47
3394 9 6 47
2180 8 6 47
204 11 9 48
205 10 9 48
1064 11 8 48
329 10 8 48
2548 9 8 48
3673 8 8 48
1344 11 10 49
325 10 10 49
4602 13 7 51
822 12 7 51
5016 12 8 51
4749 12 9 51
220 12 10 51
732 15 9 52
2825 15 7 52
3416 15 8 52
2837 14 7 52
1780 15 11 53
2303 15 10 53
1432 16 9 54
1265 16 10 54
4145 16 11 54
269 18 7 55
3472 17 9 55
2160 19 11 56
4647 19 7 56
3430 19 8 56
1321 19 9 56
3736 19 10 56
1030 16 7 56
2043 16 8 56
3403 17 7 56
323 17 8 56
411 18 8 56
4094 18 9 56
4461 19 12 57
94 18 12 57
3080 18 11 57
2435 18 10 57
2485 17 10 57
3949 17 11 57
1 17 12 57
4296 16 12 57
2675 19 13 58
890 18 13 58
3784 17 13 58
1813 19 15 59
1297 18 15 59
1469 19 14 59
4325 18 14 59
4395 19 18 60
3002 18 18 60
514 19 17 60
4103 18 17 60
3266 19 16 60
1972 18 16 60
1614 15 14 61
3571 19 19 61
3418 18 19 61
4123 17 19 61
242 17 18 61
4013 17 17 61
4307 17 16 61
3046 17 15 61
4205 17 14 61
86 16 14 61
809 16 13 61
3952 16 18 62
677 15 18 62
3660 16 17 62
97 15 17 62
3658 16 15 62
2367 16 16 62
726 15 15 62
4183 15 16 62
964 16 19 63
3939 15 19 63
2494 14 19 63
2633 14 18 63
2560 14 17 63
2155 14 16 63
1899 13 19 64
22 13 18 64
4504 11 19 65
2308 11 18 65
4046 11 17 65
4562 12 19 65
3278 12 18 65
1174 12 17 65
2348 13 17 65
631 13 16 65
1824 11 16 66
4266 11 14 66
1037 12 16 66
521 12 14 66
3494 9 14 67
551 10 16 67
936 10 14 67
668 8 12 68
5007 8 13 68
5104 9 16 68
1529 7 12 69
2866 7 13 69
2061 7 10 70
767 6 10 70
3896 4 10 71
1709 4 11 71
4238 4 12 71
2785 5 10 71
442 5 11 71
4812 5 12 71
835 8 10 71
2803 8 11 71
2371 7 11 71
418 6 11 71
3254 6 12 71
3992 6 13 71
3119 2 12 72
3556 2 10 72
4650 3 10 72
1082 2 13 73
1230 0 12 73
2055 0 10 73
2379 0 11 73
428 1 12 73
4502 1 10 73
2987 1 11 73
1125 2 11 73
101 3 11 73
1893 3 12 73
281 3 13 73
2445 4 13 73
3047 5 13 73
4541 5 14 73
3391 6 14 73
542 7 14 73
1186 8 14 73
2382 17 0 73
1035 17 1 73
3916 10 17 74
3538 9 17 74
4680 6 19 75
4327 6 18 75
1960 7 19 75
4437 7 18 75
4218 10 19 75
680 9 19 75
376 8 19 75
638 10 18 75
3861 9 18 75
2455 8 18 75
4780 8 17 75
4944 8 16 75
2173 5 19 76
3596 5 18 76
3434 5 17 76
913 5 16 76
2749 6 17 76
644 6 16 76
3283 7 17 76
2017 7 16 76
4631 4 14 77
2234 3 14 78
1808 3 15 78
4048 4 19 78
2273 4 18 78
2206 4 17 78
1760 2 14 79
1083 2 15 79
4903 3 19 79
4933 3 18 79
5147 3 17 79
3880 1 19 80
4503 1 18 80
453 2 19 80
3796 2 18 80
1674 1 13 81
3625 1 14 81
4113 1 15 81
1685 0 19 81
5055 0 18 81
2240 0 17 81
2272 1 17 81
4686 2 17 81
2971 13 14 83
4328 13 13 83
1192 0 13 83
5069 0 14 83
862 0 15 83
4701 0 16 83
3589 12 13 84
4723 11 13 84
4208 13 12 84
4640 12 12 84
4469 11 12 84
2998 1 16 84
637 2 16 84
4344 3 16 84
4851 4 16 84
3850 4 15 84
3713 5 15 84
4084 6 15 84
2037 10 13 85
295 9 13 85
2787 10 12 85
2553 9 12 85
3569 9 6 86
3447 8 6 86
3240 18 0 86
949 18 1 86
2724 5 3 87
4420 6 9 87
1244 6 8 87
1697 6 7 87
2659 6 6 87
3354 6 5 87
2962 12 5 87
3613 11 5 87
3226 19 0 87
4182 19 1 87
3137 19 2 87
253 18 2 87
156 4 9 88
432 4 8 88
1719 4 7 88
1168 5 9 88
2242 5 8 88
2946 5 7 88
1028 2 9 89
179 2 8 89
3756 3 9 89
1742 3 8 89
2681 0 9 91
2091 0 8 91
3665 0 7 91
1504 1 9 91
4610 1 8 91
1003 1 7 91
4250 2 7 91
114 3 7 91
717 3 6 91
4009 4 6 91
3539 5 6 91
2323 5 5 91
3019 18 13 91
3827 17 13 91
2044 18 12 91
578 16 2 91
4254 16 3 91
4257 16 4 91
3367 17 7 92
365 9 4 92
508 9 3 92
728 9 2 92
3081 9 1 92
4288 16 0 92
109 16 1 92
699 15 1 92
1070 15 2 92
1310 3 5 93
4173 4 5 93
3178 4 0 93
1364 4 1 93
2907 4 2 93
5028 4 3 93
3961 19 16 93
4528 18 16 93
5001 18 11 93
93 16 7 93
850 16 8 93
1610 17 8 93
1828 18 8 93
4648 18 9 93
3125 17 0 93
4120 17 1 93
11254 milli sec 
point:421825
