748
3461 0 5 1
1433 0 4 1
1667 0 3 1
3565 0 2 1
2206 0 1 1
2328 0 0 1
684 1 5 1
3538 1 4 1
570 1 3 1
2868 1 2 1
2696 1 1 1
114 1 0 1
2152 2 5 1
961 2 4 1
105 2 3 1
475 2 2 1
578 2 1 1
3942 2 0 1
715 3 5 1
3556 3 4 1
3743 3 3 1
2703 3 2 1
2575 3 1 1
2883 3 0 1
2176 4 5 1
94 4 4 1
3781 4 3 1
3073 4 2 1
356 4 1 1
4266 4 0 1
166 5 2 1
4579 5 1 1
3424 5 0 1
311 6 2 1
732 6 1 1
2062 6 0 1
2866 5 5 1
1398 5 4 1
2642 5 3 1
3459 6 5 1
2777 6 4 1
3962 6 3 1
1799 7 5 1
4309 7 4 1
3088 7 3 1
3747 7 2 1
1113 7 1 1
3297 7 0 1
2055 0 12 1
4448 0 6 1
1470 0 7 1
2422 0 8 1
2832 0 9 1
3914 0 10 1
32 0 11 1
4197 1 12 1
953 1 6 1
3930 1 7 1
516 1 8 1
4550 1 9 1
2230 1 10 1
1177 1 11 1
361 2 12 1
1055 2 6 1
270 2 7 1
3057 2 8 1
874 2 9 1
159 2 10 1
2178 2 11 1
3731 3 12 1
3122 3 6 1
2426 3 7 1
1617 3 8 1
3871 3 9 1
157 3 10 1
1732 3 11 1
42 4 12 1
2884 4 6 1
2233 4 7 1
3011 4 8 1
2030 4 9 1
2173 4 10 1
3618 4 11 1
3549 5 12 1
718 5 6 1
1741 5 7 1
2831 5 8 1
3016 5 9 1
1178 5 10 1
2644 5 11 1
3674 0 19 1
4562 0 18 1
3416 0 16 1
1314 0 17 1
4113 1 19 1
123 1 18 1
617 1 16 1
2478 1 17 1
763 2 19 1
1774 2 18 1
1622 2 16 1
1001 2 17 1
722 3 19 1
2386 3 18 1
1881 0 13 1
2280 0 14 1
2891 0 15 1
1087 1 13 1
631 1 14 1
3070 1 15 1
3531 2 13 1
1943 2 14 1
4154 2 15 1
2183 3 13 1
3919 3 14 1
1590 3 15 1
2960 3 16 1
1635 3 17 1
1328 4 19 1
3780 4 18 1
1323 5 13 1
3821 5 14 1
1407 5 15 1
3789 5 16 1
2630 4 13 1
2229 4 14 1
573 4 15 1
2780 4 16 1
87 4 17 1
2448 5 19 1
749 5 18 1
2486 5 17 1
2047 6 19 1
3149 6 18 1
4107 6 17 1
2727 6 16 1
553 6 15 1
628 6 14 1
1556 6 13 1
1529 6 12 1
1954 7 6 1
3862 7 7 1
3006 7 8 1
1064 6 6 1
268 6 7 1
1268 6 8 1
1993 6 9 1
2633 6 10 1
2060 6 11 1
214 7 19 1
4055 7 18 1
918 7 17 1
4403 7 16 1
2770 7 15 1
3043 7 14 1
4476 7 13 1
2877 7 12 1
533 7 11 1
2571 7 10 1
1844 7 9 1
1477 8 19 1
1813 8 18 1
4546 8 17 1
1079 19 19 1
245 18 19 1
2346 17 19 1
3435 16 19 1
2627 15 19 1
3320 14 19 1
305 13 19 1
3036 12 19 1
2461 11 19 1
857 10 19 1
1934 9 19 1
652 19 18 1
3956 18 18 1
560 17 18 1
1359 16 18 1
26 15 18 1
2554 14 18 1
163 13 18 1
1610 12 18 1
3247 11 18 1
2517 10 18 1
2405 9 18 1
1255 19 11 1
3925 19 12 1
267 19 13 1
116 19 14 1
3142 19 15 1
1400 19 16 1
2720 19 17 1
695 18 11 1
4566 18 12 1
3547 18 13 1
535 18 14 1
316 18 15 1
1929 18 16 1
3126 18 17 1
4220 17 11 1
4276 17 12 1
2216 17 13 1
2871 17 14 1
3983 17 15 1
1050 17 16 1
2031 17 17 1
72 12 11 1
2392 12 12 1
894 12 13 1
4209 12 14 1
2613 13 11 1
3201 13 12 1
3773 13 13 1
2155 13 14 1
3046 14 11 1
282 14 12 1
574 14 13 1
1689 14 14 1
3510 15 11 1
1045 15 12 1
1648 15 13 1
1283 15 14 1
3360 16 11 1
1902 16 12 1
173 16 13 1
2635 16 14 1
3566 16 15 1
3695 16 16 1
2367 16 17 1
2431 15 17 1
4001 14 17 1
1786 13 17 1
612 12 17 1
237 11 17 1
3723 10 17 1
4162 9 17 1
1059 15 16 1
3959 14 16 1
1168 13 16 1
4188 12 16 1
4152 11 16 1
2581 10 16 1
196 9 16 1
522 8 16 1
3169 15 15 1
995 14 15 1
4032 13 15 1
4069 12 15 1
4155 11 15 1
1874 10 15 1
1117 9 15 1
284 8 15 1
426 11 14 1
569 10 14 1
3357 9 14 1
4099 8 14 1
3028 11 13 1
358 10 13 1
1048 9 13 1
3764 8 13 1
4066 11 12 1
757 10 12 1
653 9 12 1
2228 8 12 1
1115 8 11 1
4311 8 10 1
236 8 9 1
3148 8 8 1
4367 8 7 1
1877 8 6 1
4283 8 5 1
180 8 4 1
3750 8 3 1
2739 8 2 1
704 8 1 1
367 8 0 1
1230 9 11 1
1316 9 10 1
4258 9 9 1
1290 9 8 1
4124 9 7 1
588 9 6 1
2671 9 5 1
4304 9 4 1
1302 9 3 1
1882 9 2 1
2586 9 1 1
2058 9 0 1
1707 11 11 1
1061 10 11 1
3325 13 10 1
3005 12 10 1
751 11 10 1
2892 10 10 1
1020 13 9 1
261 12 9 1
3269 11 9 1
1502 10 9 1
4261 13 8 1
3327 12 8 1
2020 11 8 1
559 10 8 1
3216 14 7 1
4500 13 7 1
3543 12 7 1
3458 11 7 1
2187 10 7 1
3115 14 10 1
3911 14 9 1
1601 14 8 1
4411 19 10 1
1190 18 10 1
1964 17 10 1
7 16 10 1
1652 15 10 1
1319 19 9 1
36 18 9 1
3765 17 9 1
1065 16 9 1
3651 15 9 1
1583 19 8 1
299 18 8 1
3344 17 8 1
904 16 8 1
2394 15 8 1
2904 19 7 1
2355 18 7 1
1525 17 7 1
1560 16 7 1
2408 15 7 1
4373 19 6 1
964 18 6 1
1051 17 6 1
3009 16 6 1
2099 15 6 1
503 19 5 1
440 18 5 1
269 17 5 1
486 16 5 1
3534 15 5 1
815 19 4 1
2366 18 4 1
1695 17 4 1
415 19 0 1
2027 19 1 1
294 19 2 1
3967 19 3 1
893 18 0 1
1999 18 1 1
2922 18 2 1
1374 18 3 1
3432 17 0 1
2086 17 1 1
1883 17 2 1
2844 17 3 1
3480 16 0 1
907 16 1 1
2582 16 2 1
4133 16 3 1
1154 16 4 1
3067 15 0 1
1944 15 1 1
343 15 2 1
3421 15 3 1
2990 15 4 1
370 14 0 1
3978 14 1 1
4291 14 2 1
3502 14 3 1
3045 14 4 1
568 14 5 1
364 14 6 1
2626 13 0 1
478 13 1 1
1011 13 2 1
2670 13 3 1
1959 13 4 1
1563 13 5 1
3333 13 6 1
134 12 0 1
545 12 1 1
1580 12 2 1
2153 12 3 1
2165 12 4 1
1338 12 5 1
4548 12 6 1
1247 11 0 1
1696 11 1 1
3664 11 2 1
2981 11 3 1
1722 11 4 1
986 11 5 1
4482 11 6 1
64 10 6 1
3984 10 5 1
1229 10 4 1
4525 10 3 1
2843 10 2 1
1282 10 1 1
324 10 0 1
1462 11 0 28
4091 11 1 28
3946 11 2 28
3653 11 3 28
3279 11 4 28
3517 11 5 28
4268 12 0 30
3683 12 1 30
1573 12 2 30
692 12 3 30
2387 12 4 30
3727 12 5 30
880 13 0 31
1414 13 1 31
3218 13 2 31
3981 13 3 31
4374 13 4 31
1778 13 5 31
242 14 0 34
4076 14 1 34
3488 14 2 34
4333 14 3 34
230 15 0 35
2718 15 1 35
3951 15 2 35
2698 15 3 35
2484 16 0 36
2655 16 1 36
3870 16 2 36
2193 17 0 37
22 17 1 37
1815 17 2 37
4203 18 0 39
4381 18 1 39
4195 18 2 39
730 19 0 40
580 19 1 40
2790 19 2 40
1174 19 3 40
3991 18 3 40
3736 17 3 40
4174 16 3 40
4286 19 5 41
233 18 5 41
970 17 5 41
957 16 5 41
1330 19 4 41
3961 18 4 41
2240 17 4 41
3801 16 4 41
318 19 6 42
2269 18 6 42
3843 17 6 42
3135 16 6 42
430 19 7 43
2078 18 7 43
824 17 7 43
3025 16 7 43
3229 19 9 45
27 18 9 45
1768 17 9 45
271 16 9 45
3276 19 8 45
1657 18 8 45
1886 17 8 45
4011 16 8 45
220 14 10 47
2068 14 9 47
2244 14 8 47
83 19 10 47
3419 18 10 47
500 17 10 47
1392 16 10 47
382 15 10 47
2450 15 9 47
1865 15 8 47
1123 15 7 47
4277 15 6 47
3768 15 5 47
3791 15 4 47
2144 14 4 47
544 14 5 47
4484 14 6 47
4346 13 6 47
3926 12 6 47
1826 11 6 47
2428 14 7 48
3292 13 7 48
2061 12 7 48
1246 11 7 48
1083 13 9 49
2285 12 9 49
1049 11 9 49
56 13 8 49
803 12 8 49
3086 11 8 49
433 11 11 50
3332 10 11 50
3779 13 10 50
2342 12 10 50
2348 11 10 50
702 10 10 50
2168 10 9 50
3602 10 8 50
835 10 7 50
2162 9 11 53
534 9 10 53
3588 9 9 53
3763 9 8 53
1026 9 7 53
2916 9 6 53
772 9 5 53
138 9 4 53
3586 9 3 53
4171 9 2 53
2354 9 1 53
787 11 12 54
2898 10 12 54
179 9 12 54
235 11 14 55
3648 10 14 55
1496 9 14 55
3054 11 13 55
183 10 13 55
1215 9 13 55
3899 15 15 58
3349 14 15 58
1784 13 15 58
899 12 15 58
4265 11 15 58
251 10 15 58
3414 9 15 58
1145 15 16 60
713 14 16 60
1649 13 16 60
1254 12 16 60
1325 11 16 60
476 10 16 60
2577 15 11 62
2567 15 12 62
409 15 13 62
863 16 11 62
2446 16 12 62
2211 16 13 62
794 13 11 63
4357 13 12 63
58 13 13 63
1810 14 11 63
3048 14 12 63
3021 14 13 63
1428 12 11 64
1301 12 12 64
2091 12 13 64
3255 12 14 64
2128 13 14 64
2848 14 14 64
160 15 14 64
773 16 14 64
439 16 15 64
1888 16 16 64
3859 17 11 66
3845 17 12 66
4140 17 13 66
543 17 14 66
1608 17 15 66
3761 17 16 66
4030 18 11 67
4341 18 12 67
1203 18 13 67
3166 18 14 67
4289 18 15 67
3406 18 16 67
1443 19 11 68
4087 19 12 68
2946 19 13 68
2998 19 14 68
3072 19 15 68
3205 19 16 68
1110 19 17 68
872 18 17 68
1143 17 17 68
4012 19 18 70
3934 18 18 70
4570 17 18 70
2989 16 18 70
43 15 18 70
429 14 18 70
3631 13 18 70
2210 12 18 70
2013 11 18 70
651 10 18 70
2148 8 19 72
3897 8 18 72
283 8 17 72
3139 19 19 72
999 18 19 72
4307 17 19 72
2967 16 19 72
3055 15 19 72
2066 14 19 72
1506 13 19 72
1076 12 19 72
974 11 19 72
4331 10 19 72
308 9 19 72
1335 7 19 75
2882 7 18 75
75 7 17 75
349 7 16 75
669 7 15 75
923 7 14 75
2289 7 13 75
3064 7 12 75
2491 6 6 76
2865 6 7 76
185 7 6 77
2795 7 7 77
2275 7 8 77
1311 6 8 77
1327 6 9 77
4462 6 10 77
1137 19 4 78
2587 18 4 78
1924 17 4 78
2199 5 19 79
1950 5 18 79
929 6 19 79
2171 6 18 79
2093 5 13 80
3171 5 14 80
3975 5 15 80
2525 5 16 80
4144 4 13 80
371 4 14 80
2796 4 15 80
1770 4 16 80
1439 3 13 81
2288 3 14 81
3616 4 19 81
512 4 18 81
1424 16 0 81
120 16 1 81
1655 16 2 81
4167 2 13 82
3248 2 14 82
4313 0 13 83
79 0 14 83
317 0 15 83
3301 1 13 83
2597 1 14 83
2290 1 15 83
1628 2 15 83
100 3 15 83
1419 3 16 83
896 1 16 84
529 2 19 84
1973 2 18 84
3828 2 16 84
250 3 19 84
45 3 18 84
128 0 19 85
4292 0 18 85
4528 0 16 85
2339 0 17 85
4117 1 19 85
4146 1 18 85
2291 1 17 85
2043 2 17 85
875 5 12 86
505 5 6 86
2563 5 7 86
2358 5 8 86
2801 5 9 86
3904 5 10 86
654 19 8 86
2547 18 8 86
2594 17 8 86
2190 16 8 86
610 15 1 86
495 15 2 86
4102 15 3 86
3812 4 12 87
1539 4 6 87
1926 4 7 87
1350 4 8 87
1366 4 9 87
1534 4 10 87
479 19 10 87
174 18 10 87
1216 17 10 87
448 16 10 87
1864 15 10 87
4088 17 0 88
2303 17 1 88
1976 17 2 88
1968 3 12 89
1544 3 6 89
1716 3 7 89
2495 3 8 89
276 3 9 89
2039 3 10 89
762 2 12 90
3524 2 6 90
4466 2 7 90
4317 2 8 90
3116 2 9 90
1960 2 10 90
259 13 10 90
4519 12 10 90
1276 11 10 90
4136 13 2 90
3545 13 3 90
190 13 4 90
1112 13 5 90
2349 1 12 91
2793 1 6 91
714 1 7 91
3495 1 8 91
3134 1 9 91
401 1 10 91
4543 3 17 91
4493 4 17 91
400 5 17 91
2117 6 17 91
4078 6 16 91
2856 6 15 91
3487 6 14 91
3348 6 13 91
339 6 12 91
2823 18 7 91
2995 17 7 91
4310 16 7 91
1194 0 12 92
2817 0 6 92
3973 0 7 92
647 0 8 92
1730 0 9 92
1475 0 10 92
2449 0 11 92
2766 1 11 92
3058 2 11 92
3711 3 11 92
1097 4 11 92
2758 5 11 92
3994 6 11 92
731 7 11 92
2088 7 10 92
2819 7 9 92
10331 milli sec 
point:406650
