745
1491 8 14 1
569 8 13 1
4845 8 12 1
2269 8 11 1
1710 8 10 1
2768 9 14 1
1531 9 13 1
2828 9 12 1
1889 9 11 1
5390 9 10 1
2291 9 9 1
3388 9 8 1
1412 9 7 1
4594 0 12 1
1441 0 11 1
3839 0 10 1
5517 0 9 1
932 0 8 1
2584 0 7 1
4909 0 6 1
2577 0 0 1
2853 0 1 1
4205 0 2 1
3368 0 3 1
615 0 4 1
4359 0 5 1
538 1 12 1
4265 1 11 1
5389 1 10 1
604 1 9 1
1256 1 8 1
1675 1 7 1
3058 1 6 1
3247 1 0 1
1225 1 1 1
523 1 2 1
306 1 3 1
5147 1 4 1
5278 1 5 1
2416 2 12 1
1736 2 11 1
1805 2 10 1
833 2 9 1
3091 2 8 1
2040 2 7 1
5050 2 6 1
4272 2 0 1
340 2 1 1
1242 2 2 1
4814 2 3 1
3609 2 4 1
564 2 5 1
4325 3 12 1
1456 3 11 1
2355 3 10 1
1565 3 9 1
4394 3 8 1
2819 3 7 1
2199 3 6 1
918 3 0 1
543 3 1 1
2288 3 2 1
563 3 3 1
560 3 4 1
323 3 5 1
2356 0 19 1
460 0 18 1
90 0 17 1
5651 0 13 1
3914 0 14 1
4279 0 15 1
4443 0 16 1
4667 1 19 1
36 1 18 1
1537 1 17 1
4074 1 13 1
3423 1 14 1
2105 1 15 1
3841 1 16 1
32 2 19 1
4785 2 18 1
4817 2 17 1
2261 2 13 1
4740 2 14 1
4366 2 15 1
539 2 16 1
1709 3 19 1
796 3 18 1
4904 3 17 1
5380 3 13 1
1157 3 14 1
3926 3 15 1
4644 3 16 1
3331 4 19 1
1240 4 18 1
1677 4 17 1
716 4 13 1
4098 4 14 1
1955 4 15 1
940 4 16 1
3429 8 19 1
1043 7 19 1
2243 6 19 1
883 5 19 1
979 8 18 1
3047 7 18 1
1708 6 18 1
2185 5 18 1
4757 8 17 1
1125 7 17 1
305 6 17 1
4752 5 17 1
361 8 16 1
4960 7 16 1
2073 6 16 1
1373 5 16 1
3341 8 15 1
5014 7 15 1
5774 6 15 1
2637 5 15 1
5391 7 14 1
587 6 14 1
412 5 14 1
2342 7 13 1
798 6 13 1
3198 5 13 1
3259 7 12 1
2762 6 12 1
4519 5 12 1
1204 4 12 1
583 7 11 1
5689 6 11 1
4177 5 11 1
5082 4 11 1
3196 7 10 1
2663 6 10 1
31 5 10 1
5019 4 10 1
1221 8 9 1
239 7 9 1
536 6 9 1
2248 5 9 1
3165 4 9 1
110 8 8 1
5452 7 8 1
4153 6 8 1
1352 5 8 1
1029 4 8 1
5020 8 7 1
2536 7 7 1
267 6 7 1
124 5 7 1
3245 4 7 1
4749 4 6 1
2277 4 0 1
5715 4 1 1
2312 4 2 1
3761 4 3 1
4308 4 4 1
3607 4 5 1
1750 5 6 1
5398 5 0 1
4702 5 1 1
4241 5 2 1
228 5 3 1
5042 5 4 1
1693 5 5 1
3618 6 6 1
213 6 0 1
5482 6 1 1
4372 6 2 1
960 6 3 1
1485 6 4 1
2348 6 5 1
2451 7 6 1
1076 7 0 1
1356 7 1 1
3156 7 2 1
1366 7 3 1
3712 7 4 1
3941 7 5 1
1120 8 6 1
293 8 0 1
5419 8 1 1
2970 8 2 1
5599 8 3 1
1859 8 4 1
169 8 5 1
3003 9 0 1
2336 9 1 1
173 9 2 1
278 9 3 1
2908 9 4 1
3835 9 5 1
2250 9 6 1
480 10 14 1
2643 10 13 1
3557 10 12 1
3109 10 11 1
3457 10 10 1
2892 10 9 1
3900 10 8 1
5063 10 7 1
2866 10 0 1
3688 10 1 1
1868 10 2 1
415 10 3 1
3090 10 4 1
2211 10 5 1
670 10 6 1
3799 11 14 1
4547 11 13 1
3129 11 12 1
1367 11 11 1
856 11 10 1
2878 11 9 1
1948 11 8 1
4809 11 7 1
3924 11 0 1
1402 11 1 1
2109 11 2 1
3332 11 3 1
3062 11 4 1
4119 11 5 1
453 11 6 1
4866 9 19 1
4142 9 18 1
4932 9 17 1
5596 9 16 1
1208 9 15 1
3085 10 19 1
2698 10 18 1
1670 10 17 1
3265 10 16 1
5115 10 15 1
2237 11 19 1
2420 11 18 1
496 11 17 1
3993 11 16 1
2752 11 15 1
4918 12 19 1
2700 12 18 1
3171 12 17 1
489 12 16 1
3925 12 15 1
808 19 19 1
2159 18 19 1
5285 17 19 1
5597 16 19 1
3241 15 19 1
2774 14 19 1
4457 13 19 1
3132 19 18 1
1476 18 18 1
2602 17 18 1
3853 16 18 1
4523 15 18 1
4080 14 18 1
4154 13 18 1
5180 19 17 1
2948 18 17 1
303 17 17 1
2197 16 17 1
5657 15 17 1
374 14 17 1
1003 13 17 1
1298 19 16 1
4944 18 16 1
4089 17 16 1
1745 16 16 1
3301 15 16 1
5224 14 16 1
2471 13 16 1
1642 19 15 1
5198 18 15 1
1361 17 15 1
1546 16 15 1
4135 15 15 1
191 14 15 1
3627 13 15 1
2751 19 14 1
3858 18 14 1
3380 17 14 1
659 16 14 1
1616 15 14 1
1270 14 14 1
79 13 14 1
4355 12 14 1
3728 19 13 1
1587 18 13 1
5369 17 13 1
3016 16 13 1
2576 15 13 1
399 14 13 1
1746 13 13 1
3555 12 13 1
53 19 12 1
1827 18 12 1
1387 17 12 1
2620 16 12 1
4726 15 12 1
5557 14 12 1
5594 13 12 1
5107 12 12 1
5336 19 10 1
1582 19 11 1
4491 18 10 1
997 18 11 1
3007 17 10 1
1717 17 11 1
1383 16 10 1
5085 16 11 1
3086 15 11 1
3802 14 11 1
4369 13 11 1
1017 12 11 1
3742 12 10 1
4488 12 9 1
3644 12 8 1
4453 12 7 1
4718 12 0 1
2252 12 1 1
5719 12 2 1
315 12 3 1
2231 12 4 1
2015 12 5 1
2364 12 6 1
5587 13 10 1
4400 13 9 1
2072 13 8 1
5143 13 7 1
1338 13 6 1
5334 14 10 1
4935 14 9 1
455 14 8 1
4844 14 7 1
5474 14 6 1
4651 15 10 1
4496 19 9 1
1345 18 9 1
545 17 9 1
617 16 9 1
3754 15 9 1
125 19 8 1
3724 18 8 1
484 17 8 1
108 16 8 1
1147 15 8 1
3666 19 7 1
3414 18 7 1
2153 17 7 1
1847 16 7 1
2645 15 7 1
1263 19 6 1
2303 18 6 1
297 17 6 1
1563 16 6 1
1446 15 6 1
4501 19 5 1
893 18 5 1
1734 17 5 1
5386 16 5 1
5296 15 5 1
4489 14 5 1
2067 13 5 1
4892 19 4 1
2686 18 4 1
4108 17 4 1
5427 16 4 1
5169 15 4 1
4755 14 4 1
413 13 4 1
533 19 3 1
2256 18 3 1
1230 17 3 1
5379 16 3 1
3830 15 3 1
652 14 3 1
4246 13 3 1
3162 19 2 1
3140 18 2 1
21 17 2 1
3205 16 2 1
773 15 2 1
1787 14 2 1
5230 13 2 1
4247 19 1 1
3244 18 1 1
241 17 1 1
5079 16 1 1
4826 15 1 1
3804 14 1 1
4858 13 1 1
2777 19 0 1
5358 18 0 1
2097 17 0 1
2706 16 0 1
5270 15 0 1
3291 14 0 1
4997 13 0 1
3582 19 0 28
5757 18 0 28
3033 17 0 28
3387 16 0 28
3374 15 0 28
2384 14 0 28
4242 19 1 29
4825 18 1 29
5730 17 1 29
5175 16 1 29
4405 15 1 29
4397 14 1 29
1585 19 2 32
3629 18 2 32
2728 17 2 32
3928 16 2 32
624 15 2 32
1056 14 2 32
65 19 3 34
4538 18 3 34
3064 17 3 34
5728 16 3 34
5479 15 3 34
1105 14 3 34
3101 19 4 37
4072 18 4 37
708 17 4 37
573 16 4 37
220 15 4 37
2558 14 4 37
5366 19 6 38
5267 18 6 38
87 17 6 38
978 16 6 38
1775 19 5 38
3114 18 5 38
4422 17 5 38
4351 16 5 38
5301 19 7 40
2711 18 7 40
3484 17 7 40
5643 16 7 40
5163 19 8 42
2326 18 8 42
3221 17 8 42
3657 16 8 42
3769 15 10 43
1471 19 9 43
1205 18 9 43
1428 17 9 43
3042 16 9 43
5076 15 9 43
861 15 8 43
576 15 7 43
2891 13 10 44
4613 13 9 44
3034 13 8 44
4943 13 7 44
3397 14 10 44
3243 14 9 44
3280 14 8 44
3300 14 7 44
4626 12 0 45
5754 12 1 45
495 12 2 45
2552 12 3 45
517 12 4 45
2629 12 5 45
1005 17 10 48
1461 16 10 48
5099 19 10 49
5576 19 11 49
633 18 10 49
1661 18 11 49
85 17 11 49
872 16 11 49
2521 15 11 49
5345 14 11 49
1453 13 11 49
4125 19 12 51
1671 18 12 51
5178 17 12 51
5133 16 12 51
5650 15 12 51
1557 14 12 51
5187 13 12 51
4373 19 13 52
4645 18 13 52
1879 17 13 52
5026 16 13 52
3984 15 13 52
162 14 13 52
2871 13 13 52
414 19 14 53
4860 18 14 53
1495 17 14 53
2656 16 14 53
5399 15 14 53
4201 14 14 53
2579 19 15 55
3344 18 15 55
2484 17 15 55
4091 16 15 55
478 15 15 55
1714 14 15 55
2787 19 16 56
1420 18 16 56
3097 17 16 56
1231 16 16 56
3087 15 16 56
4390 14 16 56
3004 19 17 57
3055 18 17 57
1079 17 17 57
29 16 17 57
1936 15 17 57
3656 14 17 57
3322 19 18 58
2222 18 18 58
1756 17 18 58
2322 16 18 58
27 15 18 58
1257 14 18 58
3611 19 19 59
2408 18 19 59
4950 17 19 59
1925 16 19 59
768 15 19 59
1841 14 19 59
3950 13 19 59
3590 13 18 59
284 13 17 59
2465 13 16 59
2926 12 19 60
4382 12 18 60
4319 12 17 60
491 12 16 60
2005 11 19 61
2962 11 18 61
3861 11 17 61
3074 11 16 61
1975 10 19 62
3541 10 18 62
1843 10 17 62
45 10 16 62
4361 9 19 63
4770 9 18 63
2179 9 17 63
5216 9 16 63
4934 9 15 63
1718 10 15 63
3163 11 0 64
3187 11 1 64
2780 11 2 64
5465 11 3 64
2586 11 4 64
2641 11 5 64
20 11 15 64
1626 11 14 65
4328 11 13 65
2136 11 12 65
99 11 11 65
5159 11 10 65
2166 11 9 65
4694 11 8 65
2588 11 7 65
5518 12 15 65
2358 10 0 67
1336 10 1 67
4569 10 2 67
3544 10 3 67
666 10 4 67
3725 10 5 67
5363 9 0 69
2196 9 1 69
5563 9 2 69
3214 9 3 69
3392 9 4 69
3113 10 14 69
3493 10 13 69
4665 10 12 69
4561 10 11 69
2283 10 10 69
30 10 9 69
1290 10 8 69
676 10 7 69
5218 8 6 70
96 8 0 70
5548 8 1 70
5213 8 2 70
720 8 3 70
2400 8 4 70
1370 7 6 71
2099 7 0 71
5046 7 1 71
5315 7 2 71
4507 7 3 71
2002 7 4 71
5776 6 6 72
2660 6 0 72
2434 6 1 72
3930 6 2 72
2327 6 3 72
4664 6 4 72
1660 4 0 73
3508 4 1 73
826 4 2 73
4957 4 3 73
2075 4 4 73
3432 5 6 73
5031 5 0 73
3400 5 1 73
3497 5 2 73
647 5 3 73
5318 5 4 73
790 8 7 75
4526 7 7 75
1547 6 7 75
1690 5 7 75
4842 8 9 76
878 7 9 76
721 6 9 76
2710 5 9 76
4654 8 8 76
4954 7 8 76
3616 6 8 76
4430 5 8 76
2056 7 10 77
686 6 10 77
4285 5 10 77
4148 7 11 78
2875 6 11 78
2226 5 11 78
575 7 12 79
3418 6 12 79
2090 7 13 80
5520 6 13 80
5751 8 15 81
2329 7 15 81
4289 6 15 81
862 7 14 81
846 6 14 81
2177 8 16 82
4163 7 16 82
5545 6 16 82
1964 19 5 82
1558 18 5 82
1929 17 5 82
631 16 5 82
4841 8 18 83
3721 7 18 83
4116 6 18 83
2461 8 17 83
2133 7 17 83
4207 6 17 83
5261 19 3 83
5138 18 3 83
5111 17 3 83
2191 16 3 83
86 15 3 83
5157 14 3 83
300 8 19 84
5257 7 19 84
2640 6 19 84
1395 5 19 84
1376 5 18 84
4622 5 17 84
1311 14 10 84
962 14 9 84
2426 14 8 84
4092 14 7 84
2321 4 19 85
2183 4 18 85
4144 4 17 85
4797 4 13 85
1777 4 14 85
5240 4 15 85
3111 3 19 86
3532 3 18 86
424 3 17 86
437 3 13 86
4559 3 14 86
139 3 15 86
19 1 13 88
5467 1 14 88
1322 1 15 88
250 2 19 88
2910 2 18 88
3340 2 17 88
4104 2 13 88
5530 2 14 88
3974 2 15 88
3154 1 19 89
1866 1 18 89
1364 1 17 89
4802 0 19 90
1608 0 18 90
5511 0 17 90
3556 0 13 90
4688 0 14 90
2682 0 15 90
2146 0 16 90
4211 1 16 90
172 19 1 90
995 18 1 90
2170 17 1 90
4535 16 1 90
4147 15 1 90
2804 14 1 90
4583 2 16 91
5370 11 12 91
2625 11 11 91
221 11 10 91
2548 11 9 91
4900 11 8 91
3474 11 7 91
214 3 0 92
154 3 1 92
4184 3 2 92
4970 3 3 92
930 3 4 92
4188 3 16 92
3361 2 0 93
4727 2 1 93
3308 2 2 93
3405 2 3 93
198 2 4 93
2618 3 12 93
3700 3 11 93
1300 3 10 93
1122 3 9 93
5307 3 8 93
789 3 7 93
4348 3 6 93
4506 11 17 93
2672 11 16 93
1911 16 2 93
2332 15 2 93
527 14 2 93
3364 18 0 93
1112 17 0 93
5632 16 0 93
2240 15 0 93
4625 14 0 93
3438 4 16 94
11810 milli sec 
point:437850
