743
622 12 6 1
3907 12 5 1
3519 12 4 1
1286 12 3 1
1224 12 2 1
1526 12 1 1
1693 12 0 1
4227 13 6 1
874 13 5 1
3398 13 4 1
2506 13 3 1
285 13 2 1
2721 13 1 1
1505 13 0 1
1748 14 6 1
3835 14 5 1
3672 14 4 1
3975 14 3 1
2125 14 2 1
3796 14 1 1
3 14 0 1
2006 9 12 1
1180 9 11 1
4019 9 10 1
1400 0 19 1
4281 0 18 1
650 0 17 1
2136 0 16 1
4256 0 15 1
2332 0 14 1
1014 0 13 1
2772 0 12 1
635 0 11 1
878 0 10 1
3122 0 9 1
230 0 8 1
302 0 0 1
151 0 1 1
2058 0 2 1
532 0 3 1
2629 0 4 1
1113 0 5 1
2041 0 6 1
2449 0 7 1
4118 1 19 1
1334 1 18 1
4071 1 17 1
3801 1 16 1
3116 1 15 1
3806 1 14 1
1917 1 13 1
677 1 12 1
707 1 11 1
3395 1 10 1
1923 1 9 1
335 1 8 1
937 1 0 1
1856 1 1 1
3857 1 2 1
2138 1 3 1
1953 1 4 1
1263 1 5 1
1379 1 6 1
474 1 7 1
523 2 19 1
2572 2 18 1
2839 2 17 1
197 2 16 1
3217 2 15 1
3063 2 14 1
1088 2 13 1
1154 2 12 1
906 2 11 1
2507 2 10 1
2525 2 9 1
2297 2 8 1
442 2 0 1
3589 2 1 1
838 2 2 1
2161 2 3 1
687 2 4 1
1326 2 5 1
2702 2 6 1
1251 2 7 1
115 3 19 1
1133 3 18 1
2946 3 17 1
3287 3 16 1
1843 3 15 1
2075 3 14 1
4147 3 13 1
2308 3 12 1
3256 3 11 1
4068 3 10 1
2035 3 9 1
1797 3 8 1
3980 3 0 1
1854 3 1 1
2690 3 2 1
3908 3 3 1
3060 3 4 1
3986 3 5 1
992 3 6 1
421 3 7 1
3856 4 19 1
2847 4 18 1
3490 4 17 1
1060 4 16 1
527 4 15 1
2857 4 14 1
1454 4 13 1
3320 4 12 1
3872 4 11 1
594 4 10 1
4238 4 9 1
3850 4 8 1
3229 4 0 1
1361 4 1 1
1978 4 2 1
2238 4 3 1
1360 4 4 1
995 4 5 1
325 4 6 1
2676 4 7 1
668 7 19 1
344 6 19 1
4120 5 19 1
2403 7 18 1
2905 6 18 1
1740 5 18 1
295 7 17 1
861 6 17 1
4094 5 17 1
1867 7 16 1
3053 6 16 1
1484 5 16 1
1016 7 15 1
3007 6 15 1
3606 5 15 1
2229 8 14 1
4262 7 14 1
394 6 14 1
2031 5 14 1
1031 8 13 1
3231 7 13 1
3855 6 13 1
1392 5 13 1
15 8 12 1
837 7 12 1
3723 6 12 1
2053 5 12 1
1028 8 11 1
851 7 11 1
3400 6 11 1
3601 5 11 1
2033 8 10 1
3902 7 10 1
238 6 10 1
1382 5 10 1
1100 8 9 1
2850 7 9 1
1639 6 9 1
4046 5 9 1
1900 8 8 1
1049 7 8 1
2307 6 8 1
2495 5 8 1
1811 5 0 1
3924 5 1 1
3441 5 2 1
1271 5 3 1
3783 5 4 1
3185 5 5 1
674 5 6 1
3727 5 7 1
2586 6 0 1
3576 6 1 1
1870 6 2 1
4163 6 3 1
2363 6 4 1
3541 6 5 1
1033 6 6 1
2226 6 7 1
700 7 0 1
845 7 1 1
2157 7 2 1
2656 7 3 1
3240 7 4 1
1234 7 5 1
1787 7 6 1
584 7 7 1
341 8 0 1
1476 8 1 1
4042 8 2 1
4010 8 3 1
3820 8 4 1
99 8 5 1
2373 8 6 1
657 8 7 1
905 9 0 1
1156 9 1 1
3021 9 2 1
3043 9 3 1
522 9 4 1
1576 9 5 1
1025 9 6 1
1873 9 7 1
1130 9 8 1
1683 9 9 1
185 10 12 1
788 10 11 1
2318 10 10 1
2740 10 0 1
3697 10 1 1
3160 10 2 1
1533 10 3 1
1058 10 4 1
3303 10 5 1
14 10 6 1
1325 10 7 1
141 10 8 1
3079 10 9 1
3006 11 12 1
731 11 11 1
1625 11 10 1
3896 11 0 1
2203 11 1 1
1710 11 2 1
1801 11 3 1
2794 11 4 1
949 11 5 1
3890 11 6 1
259 11 7 1
378 11 8 1
2773 11 9 1
333 12 12 1
1042 12 11 1
2113 12 10 1
2723 12 7 1
3790 12 8 1
1498 12 9 1
382 13 12 1
108 13 11 1
352 13 10 1
4205 13 7 1
1881 13 8 1
3847 13 9 1
1153 8 19 1
616 8 18 1
1396 8 17 1
1495 8 16 1
2489 8 15 1
2790 9 19 1
490 9 18 1
2150 9 17 1
725 9 16 1
514 9 15 1
1446 9 14 1
1026 9 13 1
2121 10 19 1
453 10 18 1
1299 10 17 1
2701 10 16 1
1983 10 15 1
2973 10 14 1
3891 10 13 1
1440 11 19 1
2349 11 18 1
1374 11 17 1
2336 11 16 1
3275 11 15 1
4112 11 14 1
4097 11 13 1
2413 12 19 1
1463 12 18 1
356 12 17 1
1319 12 16 1
3797 12 15 1
3452 12 14 1
1072 12 13 1
3386 13 19 1
2620 13 18 1
942 13 17 1
332 13 16 1
177 13 15 1
1243 13 14 1
3290 13 13 1
2129 14 19 1
4041 14 18 1
1884 14 17 1
2430 14 16 1
355 14 15 1
1349 14 14 1
1974 14 13 1
4246 14 12 1
1407 14 11 1
951 14 10 1
2450 14 7 1
308 14 8 1
266 14 9 1
1822 15 19 1
1087 15 18 1
3683 15 17 1
630 15 16 1
1098 15 15 1
1192 15 14 1
385 15 13 1
1108 15 12 1
1236 15 11 1
4204 15 10 1
2410 15 9 1
121 15 8 1
542 15 7 1
2621 15 6 1
840 15 5 1
2934 15 4 1
1630 15 3 1
1771 15 2 1
4152 15 1 1
3722 15 0 1
624 19 19 1
3644 18 19 1
3005 17 19 1
1930 16 19 1
2488 19 18 1
3497 18 18 1
758 17 18 1
843 16 18 1
2131 19 17 1
2314 18 17 1
2901 17 17 1
1331 16 17 1
3019 19 16 1
2778 18 16 1
550 17 16 1
1531 16 16 1
1510 19 15 1
184 18 15 1
3196 17 15 1
2179 16 15 1
4054 19 14 1
2327 18 14 1
1886 17 14 1
3602 16 14 1
2335 19 13 1
1696 18 13 1
2759 17 13 1
599 16 13 1
2863 19 12 1
2737 18 12 1
1584 17 12 1
2938 16 12 1
1257 19 11 1
2691 18 11 1
153 17 11 1
3814 16 11 1
3487 19 10 1
1189 18 10 1
3566 17 10 1
3663 16 10 1
1419 19 9 1
3192 18 9 1
3664 17 9 1
2913 16 9 1
3720 19 8 1
244 18 8 1
4013 17 8 1
4174 16 8 1
2996 19 7 1
1045 18 7 1
1376 17 7 1
1145 16 7 1
2313 19 6 1
2046 18 6 1
1434 17 6 1
2459 16 6 1
3406 19 5 1
2527 18 5 1
82 17 5 1
529 16 5 1
1546 19 4 1
4269 18 4 1
3972 17 4 1
1577 16 4 1
2777 19 3 1
2247 18 3 1
311 17 3 1
227 16 3 1
4257 19 2 1
4149 18 2 1
1647 17 2 1
4127 16 2 1
3953 19 1 1
2811 18 1 1
3107 17 1 1
7 16 1 1
1152 19 0 1
1187 18 0 1
3978 17 0 1
1373 16 0 1
3169 19 0 26
68 18 0 26
4090 17 0 26
1023 19 1 27
4017 18 1 27
769 17 1 27
3876 19 2 29
751 18 2 29
2268 17 2 29
2724 19 3 30
2539 18 3 30
1686 17 3 30
571 19 4 31
1623 18 4 31
1598 17 4 31
2855 19 5 32
2862 18 5 32
2533 17 5 32
384 19 6 33
4273 18 6 33
3362 17 6 33
4048 19 7 34
1844 18 7 34
1855 17 7 34
3569 19 8 35
2779 18 8 35
3824 17 8 35
927 19 9 37
912 18 9 37
2904 17 9 37
583 19 11 39
603 18 11 39
2535 17 11 39
2719 19 10 39
3023 18 10 39
4228 17 10 39
449 19 12 41
3943 18 12 41
675 17 12 41
680 19 14 42
4008 18 14 42
2051 17 14 42
2093 19 13 42
3538 18 13 42
3335 17 13 42
2593 19 15 43
3166 18 15 43
2557 17 15 43
1785 19 16 44
2792 18 16 44
2725 17 16 44
3979 19 17 45
1679 18 17 45
1714 17 17 45
2854 19 18 46
2024 18 18 46
2478 17 18 46
2237 19 19 47
775 18 19 47
1157 17 19 47
1668 16 19 47
2435 16 18 47
2636 16 17 47
3087 16 16 47
4115 16 15 47
3216 16 14 47
1772 16 13 47
3307 16 12 47
278 16 11 47
1902 14 7 52
444 14 8 52
3475 15 19 52
173 15 18 52
921 15 17 52
1304 15 16 52
779 15 15 52
2487 15 14 52
2841 15 13 52
2672 15 12 52
402 15 11 52
2366 15 10 52
965 14 19 53
2409 14 18 53
2897 14 17 53
1621 14 16 53
2154 14 15 53
2087 14 14 53
999 13 19 54
50 13 18 54
4007 13 17 54
3111 13 16 54
3068 13 15 54
3643 13 14 54
3736 12 19 56
2421 12 18 56
2289 12 17 56
2200 12 16 56
697 12 15 56
1913 12 14 56
841 11 19 57
2453 11 18 57
1578 11 17 57
501 11 16 57
2965 11 15 57
1220 11 14 57
1079 10 19 58
368 10 18 58
957 10 17 58
894 10 16 58
362 10 15 58
3686 10 14 58
1169 9 19 60
1200 9 18 60
63 9 17 60
810 9 16 60
2692 13 7 61
3171 13 8 61
329 8 19 61
551 8 18 61
2809 8 17 61
2445 8 16 61
284 8 15 61
714 9 15 61
2423 9 14 61
2937 9 13 61
286 10 13 61
1342 11 13 61
1027 12 13 61
2670 13 13 61
1611 14 13 61
2876 14 12 61
4181 14 11 61
2831 14 10 61
898 12 7 62
2425 12 8 62
137 13 12 62
1303 13 11 62
3635 13 10 62
827 12 12 63
2191 12 11 63
663 12 10 63
1082 11 0 64
1417 11 1 64
2657 11 2 64
1114 11 3 64
3529 11 4 64
3432 11 5 64
1102 11 6 64
640 11 7 64
3424 11 8 64
1432 11 12 65
3394 11 11 65
499 11 10 65
75 10 12 67
2390 10 11 67
2095 10 10 67
1071 10 0 67
1701 10 1 67
413 10 2 67
2524 10 3 67
3347 10 4 67
116 10 5 67
1470 10 6 67
157 10 7 67
2246 10 8 67
2783 9 0 68
1048 9 1 68
3378 9 2 68
4202 9 3 68
274 9 4 68
3281 9 5 68
597 9 6 68
2244 8 0 70
3423 8 1 70
4032 8 2 70
1354 8 3 70
1980 8 4 70
1353 8 5 70
1694 8 6 70
388 7 0 71
360 7 1 71
395 7 2 71
3439 7 3 71
1956 7 4 71
528 7 5 71
2105 7 6 71
2291 6 0 72
380 6 1 72
2637 6 2 72
2414 6 3 72
572 6 4 72
1994 6 5 72
533 6 6 72
488 5 0 73
1570 5 1 73
10 5 2 73
1991 5 3 73
2698 5 4 73
484 5 5 73
653 5 6 73
2944 8 9 74
3155 7 9 74
2446 6 9 74
822 8 8 74
3733 7 8 74
3936 6 8 74
2355 8 12 75
3459 7 12 75
621 6 12 75
1558 8 11 75
3809 7 11 75
3125 6 11 75
3445 8 10 75
4158 7 10 75
890 6 10 75
3356 8 14 76
1044 7 14 76
88 6 14 76
4114 8 13 76
2749 7 13 76
2587 6 13 76
3536 7 15 77
1111 6 15 77
3266 19 10 77
4125 18 10 77
478 17 10 77
1402 7 17 78
3204 6 17 78
3875 7 16 78
2101 6 16 78
1637 7 18 79
1566 6 18 79
458 7 19 80
3014 6 19 80
3036 5 19 80
3226 5 18 80
1075 4 0 81
1606 4 1 81
1404 4 2 81
3750 4 3 81
983 4 4 81
2085 4 5 81
3471 4 6 81
3332 5 17 81
1397 4 19 83
1649 4 18 83
1712 4 17 83
2392 4 16 83
4159 4 15 83
4161 4 14 83
2600 4 13 83
2926 4 12 83
3478 4 11 83
156 4 10 83
21 4 9 83
808 4 8 83
1442 19 18 83
2585 18 18 83
1095 17 18 83
3610 3 0 84
1865 3 1 84
946 3 2 84
1820 3 3 84
2317 3 4 84
743 3 5 84
3448 3 6 84
1388 18 9 84
800 17 9 84
1587 19 13 85
2867 18 13 85
3506 17 13 85
3313 19 6 85
3689 18 6 85
2696 17 6 85
3608 19 4 85
3195 18 4 85
3841 17 4 85
2552 3 19 86
396 3 18 86
986 3 17 86
2345 3 16 86
2643 3 15 86
1616 3 14 86
526 3 13 86
183 3 12 86
2255 3 11 86
559 3 10 86
1281 3 9 86
2019 3 8 86
1444 5 16 86
2641 5 15 86
2697 5 14 86
1312 19 7 86
720 18 7 86
1217 17 7 86
262 2 0 87
2546 2 1 87
909 2 2 87
1642 2 3 87
945 2 4 87
3309 2 5 87
1948 2 6 87
4077 19 3 88
3237 18 3 88
2123 17 3 88
3873 2 19 89
298 2 18 89
480 2 17 89
5 2 16 89
30 2 15 89
987 2 14 89
1747 2 13 89
3785 2 12 89
2094 2 11 89
1861 2 10 89
1807 2 9 89
3414 2 8 89
27 1 0 91
3008 1 1 91
3133 1 2 91
579 1 3 91
4177 1 4 91
69 1 5 91
623 1 6 91
416 19 11 91
476 18 11 91
46 17 11 91
3397 18 2 91
3187 17 2 91
1809 1 19 92
2146 1 18 92
1663 1 17 92
3091 1 16 92
3351 1 15 92
3946 1 14 92
2043 1 13 92
353 1 12 92
1390 1 11 92
1465 1 10 92
3178 1 9 92
3191 1 8 92
4225 9 16 92
4195 18 15 92
9728 milli sec 
point:406325
