718
4606 0 5 1
3083 0 4 1
5124 0 0 1
3855 0 1 1
759 0 2 1
2464 0 3 1
3436 1 5 1
5416 1 4 1
5359 1 0 1
3947 1 1 1
5350 1 2 1
2531 1 3 1
5993 0 7 1
2586 0 6 1
6324 1 7 1
4366 1 6 1
4175 0 11 1
3825 0 10 1
6229 0 9 1
2241 0 8 1
274 1 11 1
1949 1 10 1
4599 1 9 1
5716 1 8 1
3470 3 11 1
3831 2 11 1
4014 2 10 1
5266 2 9 1
3660 2 8 1
1085 2 7 1
2945 2 6 1
223 2 5 1
4011 2 4 1
3603 3 0 1
3959 3 1 1
4389 2 0 1
488 2 1 1
5361 2 2 1
3196 2 3 1
8 3 10 1
5581 3 9 1
3104 3 8 1
102 0 14 1
3331 0 13 1
1309 0 12 1
6014 1 14 1
2748 1 13 1
855 1 12 1
2642 2 15 1
4116 2 14 1
1945 2 13 1
1521 2 12 1
3414 0 19 1
3208 0 18 1
3678 0 15 1
4598 0 16 1
3412 0 17 1
2102 1 19 1
4318 1 18 1
2175 1 15 1
1621 1 16 1
5950 1 17 1
3242 4 19 1
2733 3 19 1
254 2 19 1
1448 4 18 1
1056 3 18 1
4630 2 18 1
4493 2 17 1
1021 2 16 1
234 3 17 1
419 3 16 1
3655 8 19 1
67 7 19 1
235 6 19 1
632 5 19 1
6209 8 18 1
6081 7 18 1
6367 6 18 1
6231 5 18 1
2654 8 17 1
5216 7 17 1
98 6 17 1
5575 5 17 1
3710 4 17 1
712 8 16 1
5246 7 16 1
3015 6 16 1
2536 5 16 1
340 4 16 1
4739 8 15 1
2178 7 15 1
6295 6 15 1
784 5 15 1
5890 4 15 1
5165 3 15 1
3368 4 14 1
1852 3 14 1
3315 3 13 1
4462 3 12 1
3017 4 13 1
2910 4 12 1
782 5 14 1
5251 5 13 1
5202 5 12 1
453 6 14 1
2401 6 13 1
206 8 14 1
2503 7 14 1
1699 8 13 1
5098 7 13 1
3133 8 12 1
2360 7 12 1
4240 6 12 1
1008 8 11 1
4761 7 11 1
559 6 11 1
4386 5 11 1
2567 4 11 1
3021 8 9 1
164 8 10 1
2871 7 9 1
5054 7 10 1
2779 6 9 1
776 6 10 1
4982 5 9 1
2274 5 10 1
65 4 10 1
5173 4 9 1
3303 5 8 1
2197 4 8 1
2218 9 10 1
2610 9 9 1
4841 10 10 1
172 10 9 1
3596 11 10 1
4735 11 9 1
3840 9 12 1
1468 9 11 1
2726 10 12 1
167 10 11 1
2420 9 16 1
399 9 15 1
4694 9 14 1
371 9 13 1
6133 10 16 1
2930 10 15 1
2972 10 14 1
4153 10 13 1
3536 9 19 1
6154 9 18 1
5085 9 17 1
5883 10 19 1
3292 10 18 1
2884 10 17 1
2224 11 19 1
2796 11 18 1
5161 11 17 1
5762 12 19 1
5682 12 18 1
5016 12 17 1
2621 14 19 1
5504 13 19 1
3316 14 18 1
2730 13 18 1
4868 14 17 1
4783 13 17 1
4415 14 16 1
772 13 16 1
3297 12 16 1
3719 11 16 1
4263 14 14 1
6380 14 15 1
1745 13 14 1
3255 13 15 1
1172 12 14 1
5641 12 15 1
1867 11 15 1
3309 11 14 1
200 11 13 1
134 11 12 1
1693 11 11 1
5544 12 13 1
4794 12 12 1
2662 19 19 1
655 18 19 1
5887 17 19 1
5084 16 19 1
3366 15 19 1
4381 19 18 1
6141 18 18 1
5138 17 18 1
5225 16 18 1
6220 15 18 1
5351 19 17 1
1751 18 17 1
4140 17 17 1
1576 16 17 1
923 15 17 1
4656 19 16 1
750 18 16 1
3115 17 16 1
194 16 16 1
2552 15 16 1
3873 16 15 1
1954 15 15 1
4504 19 15 1
2171 18 15 1
5014 17 15 1
5148 19 14 1
3408 18 14 1
5219 17 14 1
5320 16 14 1
1704 15 14 1
1582 19 13 1
5946 18 13 1
4926 19 10 1
1076 19 11 1
3210 19 12 1
317 18 10 1
1403 18 11 1
1481 18 12 1
4492 17 10 1
5203 17 11 1
1198 17 12 1
925 17 13 1
4267 15 10 1
1501 15 11 1
517 16 10 1
5499 16 11 1
6167 16 12 1
2877 16 13 1
1681 15 13 1
977 14 13 1
6199 13 13 1
5817 15 12 1
3635 14 12 1
4276 13 12 1
640 14 11 1
5829 13 11 1
1586 12 11 1
920 14 10 1
5321 13 10 1
826 12 10 1
5459 19 9 1
3883 18 9 1
449 17 9 1
733 16 9 1
1500 15 9 1
480 14 9 1
900 13 9 1
3451 12 9 1
4082 19 7 1
2811 19 8 1
2011 18 7 1
4110 18 8 1
88 17 7 1
3182 17 8 1
4887 16 8 1
1459 16 6 1
3094 16 7 1
1271 15 6 1
5065 15 7 1
6087 15 8 1
5432 14 6 1
5820 14 7 1
5843 14 8 1
3456 13 6 1
6223 13 7 1
3757 13 8 1
4015 12 8 1
4106 11 8 1
5299 10 8 1
5910 9 8 1
5428 8 8 1
6075 7 8 1
2778 6 8 1
4365 12 6 1
1587 12 7 1
3016 11 6 1
1871 11 7 1
3582 10 6 1
948 10 7 1
4564 10 3 1
2716 10 4 1
2452 10 5 1
2955 9 3 1
3198 9 4 1
3054 9 5 1
2090 9 6 1
4734 9 7 1
1199 7 0 1
2890 7 1 1
3853 7 2 1
2078 7 3 1
2026 17 6 1
3370 17 5 1
4553 16 5 1
6331 15 5 1
3950 14 5 1
1623 13 5 1
402 12 5 1
3666 11 5 1
2602 19 6 1
2319 18 6 1
2411 19 5 1
4241 18 5 1
1143 19 2 1
3544 19 3 1
5661 19 4 1
434 18 2 1
3822 18 3 1
4928 18 4 1
3857 19 0 1
2770 19 1 1
3597 18 0 1
3992 18 1 1
5684 17 0 1
1570 17 1 1
5169 17 2 1
1733 17 3 1
1439 17 4 1
3052 16 0 1
4585 16 1 1
1347 16 2 1
4384 16 3 1
5462 16 4 1
6278 15 0 1
3358 15 1 1
2677 15 2 1
5960 15 3 1
675 15 4 1
2112 13 0 1
2312 13 1 1
888 13 2 1
96 14 0 1
5356 14 1 1
5560 14 2 1
2724 14 3 1
2833 14 4 1
1607 13 4 1
3543 12 4 1
4546 11 4 1
946 13 3 1
2472 12 3 1
4068 11 3 1
3100 12 2 1
2598 11 2 1
4083 10 2 1
3218 9 2 1
5164 12 0 1
4898 12 1 1
4460 11 0 1
526 11 1 1
1842 10 0 1
5736 10 1 1
1311 9 0 1
2261 9 1 1
557 8 0 1
400 8 1 1
4108 8 2 1
454 8 3 1
2275 8 4 1
5067 8 5 1
5218 8 6 1
3027 8 7 1
1466 7 7 1
379 6 7 1
3920 5 7 1
1939 4 7 1
4558 3 7 1
1268 7 6 1
3267 6 6 1
2305 5 6 1
5698 4 6 1
6234 3 6 1
4117 3 5 1
5505 3 4 1
4672 3 3 1
2700 3 2 1
2737 7 5 1
3747 6 5 1
1813 5 5 1
2194 4 5 1
4225 7 4 1
4604 6 4 1
3197 5 4 1
6296 4 4 1
4344 4 3 1
2919 4 2 1
1490 4 1 1
2301 4 0 1
5538 6 3 1
5772 5 3 1
3120 6 2 1
4327 5 2 1
5630 6 1 1
3913 5 1 1
1327 6 0 1
5190 5 0 1
5502 6 1 26
5030 6 0 26
1214 6 3 29
3846 5 3 29
5480 6 2 29
1188 5 2 29
1674 7 4 31
5461 6 4 31
6027 5 4 31
4213 7 5 32
3105 6 5 32
4501 5 5 32
3794 4 5 32
2607 4 4 32
6083 4 3 32
4931 5 1 32
5371 7 6 33
3730 6 6 33
3633 5 6 33
5520 4 6 33
4909 8 0 37
4058 10 0 38
1036 9 0 38
4312 12 0 40
2525 12 1 40
5740 11 0 40
2673 11 1 40
735 10 1 40
2118 12 2 41
1053 14 0 42
1379 14 1 42
910 13 3 42
1157 12 3 42
2429 13 0 43
1967 13 1 43
2140 13 2 43
2405 15 0 44
4543 15 1 44
1204 15 2 44
281 15 3 44
3571 14 2 44
4837 14 3 44
823 16 0 45
3296 16 1 45
1719 16 2 45
4638 16 3 45
4027 19 0 46
1300 19 1 46
3953 18 0 46
1663 18 1 46
4643 17 0 46
1764 17 1 46
6120 17 2 46
5648 17 3 46
1629 18 2 48
2808 18 3 48
5385 19 6 49
2842 18 6 49
2310 19 5 49
3535 18 5 49
3626 19 2 49
2515 19 3 49
2759 19 4 49
5951 18 4 49
2632 17 4 49
3646 17 6 51
4738 17 5 51
2504 16 5 51
190 15 5 51
5439 14 5 51
4219 13 5 51
4891 12 5 51
1694 11 5 51
1231 9 3 52
5895 9 4 52
3340 7 0 52
1332 7 1 52
998 7 2 52
2920 7 3 52
6292 10 6 53
583 10 3 53
1785 10 4 53
1924 10 5 53
2265 9 5 53
3471 9 6 53
852 12 6 54
3129 12 7 54
748 11 6 54
3155 11 7 54
2170 10 7 54
5172 9 7 54
4020 13 6 55
5711 13 7 55
4507 14 6 56
3834 14 7 56
3813 15 6 57
1446 17 7 58
2166 16 6 58
92 16 7 58
4345 15 7 58
298 19 7 59
2259 19 8 59
1928 18 7 59
1306 18 8 59
3619 17 8 59
4817 16 8 59
5457 15 8 59
1953 14 8 59
3403 13 8 59
3798 14 10 60
6173 13 10 60
5009 19 9 60
272 18 9 60
2810 17 9 60
2774 16 9 60
1125 15 9 60
4456 14 9 60
3298 13 9 60
4277 15 12 61
5154 14 12 61
5082 14 11 61
1679 15 10 62
78 15 11 62
2596 16 10 62
6370 16 11 62
4715 16 12 62
4935 18 10 63
811 18 11 63
2742 17 10 63
4948 17 11 63
763 19 10 64
4726 19 11 64
2200 19 12 64
5815 18 12 64
3844 17 12 64
1269 19 13 65
5334 18 13 65
5841 19 15 66
5657 18 15 66
1795 17 15 66
2715 19 14 66
5401 18 14 66
6086 17 14 66
2124 16 14 66
1315 17 13 66
4202 16 13 66
5586 19 16 67
2423 18 16 67
2823 17 16 67
4482 16 16 67
2547 16 15 67
1265 19 17 68
202 18 17 68
1195 17 17 68
358 16 17 68
1196 19 18 69
676 18 18 69
1005 17 18 69
3586 16 18 69
5663 12 13 70
5153 12 12 70
5182 19 19 70
125 18 19 70
5792 17 19 70
2551 16 19 70
4572 15 19 70
1496 15 18 70
1048 15 17 70
5046 15 16 70
5285 15 15 70
19 13 14 71
3527 12 14 71
375 14 17 72
4713 14 16 72
4754 14 14 72
4651 14 15 72
439 13 15 72
6156 12 15 72
162 12 19 73
1937 12 18 73
922 14 19 73
4085 13 19 73
4855 14 18 73
4698 13 18 73
1411 10 19 75
1840 10 18 75
1596 11 19 75
4563 11 18 75
4023 9 19 76
6024 9 18 76
5453 9 17 76
2864 10 17 76
4555 11 17 76
4594 12 17 76
5240 13 17 76
3924 13 16 76
3428 12 16 76
435 11 16 76
3405 11 15 76
2017 11 14 76
3588 10 16 77
2878 10 15 77
3300 10 14 77
1541 9 16 78
5970 9 15 78
539 9 14 78
1022 9 13 78
4875 10 13 78
1701 6 0 78
1158 10 10 79
1129 11 10 79
3986 9 12 79
5487 9 11 79
1376 10 12 79
6394 10 11 79
2336 5 8 80
4166 9 10 80
3797 9 9 80
4191 10 9 80
3932 11 9 80
2303 6 9 81
3901 5 9 81
1135 13 3 81
1016 12 3 81
5090 8 9 82
1900 8 10 82
4107 7 9 82
1713 7 10 82
2921 6 10 82
5472 5 10 82
1390 12 2 82
6366 8 11 83
5341 7 11 83
146 8 13 84
99 8 12 84
3941 5 14 85
754 5 13 85
3023 6 14 85
5601 6 13 85
3413 8 14 85
5592 7 14 85
4431 7 13 85
2669 7 12 85
6144 4 14 86
5007 4 13 86
2879 11 0 86
2051 8 15 87
1445 7 15 87
120 6 15 87
5927 5 15 87
3199 6 1 87
2626 8 17 88
746 7 17 88
5732 6 17 88
4228 8 16 88
2696 7 16 88
5215 6 16 88
1176 5 16 88
6301 8 18 89
3059 7 18 89
3988 6 18 89
1037 14 0 89
4124 14 1 89
4871 9 0 89
2542 3 17 90
3512 8 19 90
5667 7 19 90
5325 6 19 90
5676 5 19 90
4610 5 18 90
3401 5 17 90
4070 4 17 90
5482 1 15 91
2280 1 16 91
2517 4 19 91
4673 3 19 91
3942 2 19 91
2189 4 18 91
6158 3 18 91
943 2 18 91
6160 0 15 92
3574 0 16 92
4591 1 19 92
493 1 18 92
4907 19 14 92
3299 18 14 92
4479 18 7 92
3563 12 0 92
3118 12 1 92
5044 11 1 92
3226 6 5 92
4392 5 5 92
5281 4 5 92
5962 6 4 92
4960 5 4 92
5982 4 4 92
2611 4 3 92
897 2 15 93
797 2 14 93
2398 2 13 93
2348 0 19 93
882 0 18 93
3046 0 17 93
4536 1 17 93
5669 2 17 93
2455 2 16 93
2183 3 16 93
2428 4 16 93
280 4 15 93
958 3 15 93
6171 3 14 93
867 3 13 93
4877 17 10 93
3977 17 11 93
877 16 1 93
2717 16 2 93
2795 16 3 93
3589 0 14 94
13560 milli sec 
point:432275
