760
3402 0 3 1
2076 0 2 1
4357 0 1 1
508 0 0 1
2801 1 3 1
4424 1 2 1
2077 1 1 1
4048 1 0 1
1721 2 3 1
29 2 2 1
2350 2 1 1
400 2 0 1
893 3 3 1
1331 3 2 1
1633 3 1 1
3739 3 0 1
610 4 3 1
1380 4 2 1
1067 4 1 1
1066 4 0 1
4292 5 3 1
3019 5 2 1
144 5 1 1
1397 5 0 1
2636 3 10 1
2743 3 9 1
1876 3 8 1
1755 3 7 1
104 4 10 1
4504 4 9 1
3492 4 8 1
3015 0 13 1
3249 0 12 1
2511 0 11 1
3005 0 10 1
1484 0 9 1
3055 0 8 1
1080 0 7 1
1132 0 4 1
3782 0 5 1
1431 0 6 1
269 1 13 1
591 1 12 1
660 1 11 1
237 1 10 1
3222 1 9 1
1758 1 8 1
2140 1 7 1
4399 1 4 1
874 1 5 1
2543 1 6 1
2171 0 19 1
4394 0 18 1
4392 0 17 1
1072 0 16 1
3559 0 15 1
2590 0 14 1
863 1 19 1
4516 1 18 1
4368 1 17 1
3256 1 16 1
23 1 15 1
3548 1 14 1
1508 2 19 1
2927 2 18 1
2181 2 17 1
3716 2 16 1
1325 2 15 1
265 2 14 1
1003 4 19 1
693 3 19 1
1384 4 18 1
1281 3 18 1
1488 4 17 1
2771 3 17 1
200 9 19 1
1272 8 19 1
4358 7 19 1
1618 6 19 1
4343 5 19 1
4124 9 18 1
12 8 18 1
4494 7 18 1
2981 6 18 1
3290 5 18 1
3573 9 17 1
51 8 17 1
662 7 17 1
2096 6 17 1
2172 5 17 1
4003 9 16 1
3171 8 16 1
977 7 16 1
724 6 16 1
1378 5 16 1
4266 4 16 1
1800 3 16 1
3526 9 15 1
1112 8 15 1
3446 7 15 1
1620 6 15 1
3506 5 15 1
3614 4 15 1
1004 3 15 1
828 9 14 1
1005 8 14 1
273 7 14 1
2908 6 14 1
2605 5 14 1
2465 4 14 1
477 3 14 1
3189 9 13 1
1569 8 13 1
1241 7 13 1
665 6 13 1
836 5 13 1
2886 4 13 1
3870 3 13 1
493 2 13 1
346 9 12 1
3608 8 12 1
2662 7 12 1
2892 6 12 1
4255 5 12 1
1009 4 12 1
1178 3 12 1
2538 2 12 1
2412 10 11 1
8 9 11 1
3886 8 11 1
3613 7 11 1
2714 6 11 1
3467 5 11 1
1032 4 11 1
956 3 11 1
1117 2 11 1
4233 2 10 1
2937 2 9 1
3536 2 8 1
1497 2 7 1
2207 2 4 1
3045 2 5 1
3150 2 6 1
2185 3 4 1
297 3 5 1
3266 3 6 1
1422 4 4 1
3426 4 5 1
1919 4 6 1
1881 4 7 1
889 5 10 1
424 5 9 1
4167 5 8 1
3327 5 4 1
3088 5 5 1
2406 5 6 1
2060 5 7 1
2763 6 10 1
2866 6 9 1
4538 6 8 1
3704 6 6 1
2242 6 7 1
892 7 10 1
3960 7 9 1
4514 7 8 1
612 7 6 1
3734 7 7 1
4497 10 10 1
1585 9 10 1
1999 8 10 1
1638 10 9 1
262 9 9 1
789 8 9 1
3483 10 8 1
2489 9 8 1
197 8 8 1
2578 11 7 1
1678 10 7 1
1989 9 7 1
2314 8 7 1
2226 11 6 1
4014 10 6 1
1754 9 6 1
2580 8 6 1
1770 10 19 1
3153 10 18 1
3482 10 17 1
550 10 16 1
4191 10 15 1
4506 10 14 1
1040 10 13 1
4377 10 12 1
4185 11 19 1
3058 11 18 1
2848 11 17 1
4374 11 16 1
821 11 15 1
2947 11 14 1
3906 11 13 1
3471 11 12 1
946 11 11 1
1697 11 10 1
2006 11 9 1
2209 11 8 1
375 19 19 1
1846 18 19 1
3147 17 19 1
580 16 19 1
3 15 19 1
3044 14 19 1
85 13 19 1
3687 12 19 1
2775 19 18 1
2921 18 18 1
3618 17 18 1
95 16 18 1
2818 15 18 1
3940 14 18 1
1647 13 18 1
4398 12 18 1
790 19 16 1
3411 19 17 1
1190 18 16 1
2241 18 17 1
687 17 16 1
4333 17 17 1
4179 16 13 1
1506 16 14 1
3457 16 15 1
3318 16 16 1
1301 16 17 1
3403 15 13 1
1492 15 14 1
395 15 15 1
1203 15 16 1
2995 15 17 1
638 14 15 1
3393 14 16 1
209 14 17 1
1894 13 15 1
1088 13 16 1
2510 13 17 1
3681 12 17 1
2437 12 16 1
2903 12 15 1
1763 14 14 1
1059 13 14 1
2263 12 14 1
287 14 13 1
3987 13 13 1
1353 12 13 1
4576 19 15 1
1655 18 15 1
4239 17 15 1
157 19 14 1
2598 18 14 1
1347 17 14 1
1982 19 13 1
2084 18 13 1
494 17 13 1
4439 19 12 1
193 18 12 1
3570 17 12 1
465 16 12 1
2889 15 12 1
2592 14 12 1
3225 13 12 1
3901 12 12 1
1518 19 11 1
2753 18 11 1
408 17 11 1
1610 16 11 1
2678 15 11 1
1174 14 11 1
1528 13 11 1
4417 12 11 1
661 19 10 1
2334 18 10 1
1891 17 10 1
2003 16 10 1
882 15 10 1
401 14 10 1
2585 13 10 1
3806 12 10 1
3380 19 9 1
1725 18 9 1
4390 17 9 1
2591 16 9 1
1307 15 9 1
3421 14 9 1
4434 13 9 1
1560 12 9 1
2659 19 8 1
812 18 8 1
3104 17 8 1
3813 16 8 1
1688 15 8 1
4034 14 8 1
4043 13 8 1
1554 12 8 1
849 19 6 1
3950 19 7 1
2290 18 6 1
3275 18 7 1
3184 17 6 1
1562 17 7 1
4137 16 6 1
622 16 7 1
2509 15 6 1
834 15 7 1
2680 14 7 1
604 13 7 1
1992 12 7 1
2386 14 6 1
1338 13 6 1
3243 12 6 1
3407 19 0 1
4480 19 1 1
3599 19 2 1
280 19 3 1
1186 19 4 1
695 19 5 1
3049 18 0 1
944 18 1 1
3834 18 2 1
1493 18 3 1
238 18 4 1
2227 18 5 1
2104 17 0 1
3341 17 1 1
536 17 2 1
3110 17 3 1
1133 17 4 1
2708 17 5 1
1039 16 0 1
1159 16 1 1
1298 16 2 1
3304 16 3 1
2395 16 4 1
2612 16 5 1
1393 15 0 1
74 15 1 1
3123 15 2 1
3468 15 3 1
4389 15 4 1
3803 15 5 1
4294 14 0 1
1711 14 1 1
3267 14 2 1
3512 14 3 1
3995 14 4 1
3575 14 5 1
3367 13 0 1
939 13 1 1
2694 13 2 1
1750 13 3 1
4459 13 4 1
4463 13 5 1
447 12 0 1
1593 12 1 1
2863 12 2 1
4378 12 3 1
482 12 4 1
1975 12 5 1
1693 11 0 1
1665 11 1 1
192 11 2 1
697 11 3 1
2198 11 4 1
3105 11 5 1
304 9 0 1
589 9 1 1
1526 9 2 1
2621 10 0 1
2075 10 1 1
50 10 2 1
2634 10 3 1
1512 10 4 1
3060 10 5 1
2014 9 5 1
1253 8 5 1
1748 7 5 1
2501 6 5 1
3273 9 4 1
1898 8 4 1
1934 7 4 1
291 6 4 1
1434 9 3 1
3989 8 3 1
2403 7 3 1
3323 6 3 1
1885 8 2 1
2582 7 2 1
397 6 2 1
427 8 1 1
2371 7 1 1
3932 6 1 1
4376 8 0 1
2494 7 0 1
658 6 0 1
1262 8 0 24
3774 7 0 24
3992 8 1 25
483 7 1 25
2028 8 2 27
2029 7 2 27
1744 9 3 29
40 8 3 29
2870 7 3 29
1897 9 4 30
3499 8 4 30
1799 7 4 30
916 10 0 32
2333 10 1 32
1505 9 0 33
2383 9 1 33
3018 9 2 33
3888 10 2 33
1142 10 3 33
2739 10 4 33
343 12 0 34
647 12 1 34
2148 12 2 34
3173 12 3 34
1511 12 4 34
1167 11 0 34
1021 11 1 34
2869 11 2 34
1171 11 3 34
3227 11 4 34
2087 13 0 36
4113 13 1 36
2418 13 2 36
2133 13 3 36
2063 13 4 36
2446 14 0 37
2119 14 1 37
1616 14 2 37
1652 14 3 37
4059 14 4 37
4021 15 0 38
1959 15 1 38
3896 15 2 38
3310 15 3 38
1087 15 4 38
754 16 0 39
1010 16 1 39
777 16 2 39
810 16 3 39
3078 16 4 39
2618 17 0 40
2853 17 1 40
621 17 2 40
2560 17 3 40
1672 17 4 40
301 18 0 41
2347 18 1 41
393 18 2 41
2102 18 3 41
4458 18 4 41
9 19 0 42
252 19 1 42
3400 19 2 42
425 19 3 42
2367 19 4 42
566 19 5 42
111 18 5 42
542 17 5 42
403 16 5 42
1470 15 5 42
4237 14 5 42
3781 13 5 42
1300 14 6 43
2673 13 6 43
2100 17 6 45
2831 16 6 45
3617 15 6 45
3179 18 6 46
1617 19 6 47
257 19 7 47
1820 18 7 47
983 17 7 47
169 16 7 47
572 15 7 47
4241 14 7 47
1232 13 7 47
1572 19 8 48
4595 18 8 48
1835 17 8 48
1905 16 8 48
2083 15 8 48
1076 14 8 48
3623 13 8 48
4359 19 9 49
1116 18 9 49
1406 17 9 49
759 16 9 49
2874 15 9 49
1305 14 9 49
3447 13 9 49
3125 19 10 50
3193 18 10 50
2956 17 10 50
1411 16 10 50
2932 15 10 50
4594 14 10 50
3268 13 10 50
847 19 11 51
866 18 11 51
1078 17 11 51
1471 16 11 51
500 15 11 51
1615 14 11 51
781 13 11 51
342 19 12 53
3231 18 12 53
3999 19 15 54
1632 18 15 54
1202 17 15 54
1594 19 14 54
1500 18 14 54
1386 17 14 54
1182 19 13 54
3815 18 13 54
4182 17 13 54
875 17 12 54
4549 16 12 54
4073 15 12 54
2873 14 12 54
3639 13 12 54
793 14 14 55
2231 13 14 55
1449 14 13 55
350 13 13 55
3346 13 15 56
4404 13 16 56
3207 14 15 57
3408 14 16 57
208 15 13 58
3679 15 14 58
4365 15 15 58
2607 15 16 58
721 18 16 59
3675 17 16 59
2131 16 13 59
2975 16 14 59
1667 16 15 59
338 16 16 59
1453 19 16 60
4156 19 17 60
2942 18 17 60
48 17 17 60
4031 16 17 60
3540 15 17 60
1051 14 17 60
3965 13 17 60
1549 19 18 61
590 18 18 61
108 17 18 61
3746 16 18 61
907 15 18 61
1396 14 18 61
3181 13 18 61
4391 19 19 62
2018 18 19 62
2128 17 19 62
1277 16 19 62
363 15 19 62
4309 14 19 62
2132 13 19 62
2173 12 19 62
2106 12 18 62
2170 12 17 62
2092 12 16 62
2867 12 15 62
4268 12 14 62
3154 12 13 62
2656 12 12 62
4521 12 11 62
2829 12 10 62
3666 11 19 63
3630 11 18 63
1723 11 17 63
2639 11 16 63
1702 11 15 63
2337 11 14 63
3410 11 13 63
3054 10 19 65
969 10 18 65
2248 10 17 65
3183 10 16 65
3858 10 15 65
1836 10 14 65
760 10 13 65
2884 10 12 65
3653 11 12 65
1875 11 11 65
3038 11 10 65
4035 11 9 65
62 11 8 65
3167 11 6 66
2467 10 6 66
2459 9 6 66
3905 10 9 67
198 9 9 67
533 10 8 67
1230 9 8 67
1833 11 7 67
3090 10 7 67
4332 9 7 67
670 7 10 68
623 7 9 68
117 7 8 68
595 7 6 68
2396 10 10 68
2498 9 10 68
3301 8 10 68
502 8 9 68
4162 8 8 68
70 6 10 70
3572 6 9 70
2253 6 8 70
4532 6 6 70
3505 5 4 71
2941 5 5 71
3379 5 6 71
2176 5 10 72
4366 5 9 72
3541 5 8 72
4533 3 4 73
302 3 5 73
519 4 4 73
3857 4 5 73
156 2 4 74
4075 2 5 74
1269 10 11 76
4227 9 11 76
1219 8 11 76
2520 7 11 76
2499 6 11 76
187 5 11 76
4583 4 11 76
3814 3 11 76
837 9 12 77
898 8 12 77
609 7 12 77
3539 6 12 77
318 5 12 77
2919 4 12 77
333 3 12 77
2392 19 0 77
2460 19 1 77
4200 19 2 77
2716 19 3 77
558 19 4 77
2600 19 5 77
3095 9 3 77
2146 8 3 77
2610 7 3 77
3791 9 13 78
357 8 13 78
4130 7 13 78
690 6 13 78
4232 5 13 78
3272 4 13 78
123 9 14 79
2899 8 14 79
2614 7 14 79
1092 6 14 79
3106 5 14 79
2568 4 14 79
1910 9 15 80
1657 8 15 80
3917 7 15 80
1448 6 15 80
1858 5 15 80
2023 4 15 80
2860 11 0 80
2880 11 1 80
1027 11 2 80
1319 11 3 80
1779 11 4 80
4554 9 16 81
2747 8 16 81
2806 7 16 81
2282 6 16 81
1795 9 17 82
1558 8 17 82
441 7 17 82
507 6 17 82
2691 8 2 82
861 7 2 82
2273 9 18 83
4396 8 18 83
124 7 18 83
3638 6 18 83
765 8 1 84
3420 7 1 84
2154 9 19 85
2252 8 19 85
696 7 19 85
2573 6 19 85
3071 5 19 85
4450 5 18 85
4444 5 17 85
2593 13 0 85
743 13 1 85
3032 13 2 85
2221 13 3 85
3345 13 4 85
3376 4 19 86
3719 3 19 86
2443 4 18 86
3356 3 18 86
2994 4 17 86
843 3 17 86
423 5 16 86
499 4 16 86
2648 3 16 86
3362 2 19 87
162 2 18 87
489 2 17 87
1188 2 16 87
3439 2 15 87
3843 19 13 89
1199 18 13 89
1507 15 6 89
2015 1 19 90
3680 1 18 90
3969 1 17 90
1719 1 16 90
4356 1 15 90
1206 14 13 90
25 13 13 90
2540 8 0 90
1221 7 0 90
1419 16 6 91
3047 17 0 91
1645 17 1 91
3645 17 2 91
1028 17 3 91
182 17 4 91
1548 1 4 93
2435 1 5 93
3143 0 19 93
364 0 18 93
3329 0 17 93
3245 0 16 93
2814 0 15 93
2478 0 14 93
4400 1 14 93
1308 2 14 93
2545 3 15 93
2722 3 14 93
1780 3 13 93
1313 2 13 93
1348 2 12 93
1531 2 11 93
1641 2 10 93
1486 2 9 93
10286 milli sec 
point:421900
