757
3472 0 19 1
4828 0 18 1
3014 0 17 1
3284 0 16 1
4107 0 15 1
570 0 14 1
3976 0 13 1
3845 0 12 1
2147 0 10 1
1945 0 11 1
3294 1 19 1
1231 1 18 1
2289 1 17 1
853 1 16 1
1187 1 15 1
1778 1 14 1
1151 1 13 1
3420 1 12 1
2136 1 10 1
3292 1 11 1
4349 2 19 1
2178 2 18 1
1479 2 17 1
3397 2 16 1
3790 2 15 1
2285 2 14 1
5364 2 13 1
610 2 12 1
1139 2 10 1
2894 2 11 1
3408 3 19 1
3840 3 18 1
1702 3 17 1
666 3 16 1
3592 3 15 1
1427 3 14 1
4577 3 13 1
5414 3 12 1
5321 3 10 1
3412 3 11 1
4183 4 19 1
2260 4 18 1
591 4 17 1
2255 4 16 1
2183 4 15 1
1814 4 14 1
1280 4 13 1
2581 4 12 1
1517 4 10 1
2649 4 11 1
1851 5 19 1
2566 5 18 1
5223 5 17 1
3694 5 16 1
2843 5 15 1
3572 5 14 1
3659 5 13 1
633 5 12 1
3179 5 10 1
2508 5 11 1
654 6 19 1
4159 6 18 1
3580 6 17 1
2242 6 16 1
1656 6 15 1
347 6 14 1
3949 6 13 1
5145 6 12 1
5314 6 10 1
3031 6 11 1
970 7 14 1
5111 7 13 1
4524 7 12 1
85 7 10 1
5242 7 11 1
4162 13 14 1
3855 12 14 1
1805 11 14 1
2215 10 14 1
587 9 14 1
2845 8 14 1
5432 7 19 1
2216 7 18 1
1613 7 17 1
3705 7 16 1
5248 7 15 1
3 8 19 1
967 8 18 1
4969 8 17 1
3505 8 16 1
816 8 15 1
3666 9 19 1
5303 9 18 1
3399 9 17 1
3893 9 16 1
463 9 15 1
3968 10 19 1
4253 10 18 1
1130 10 17 1
4895 10 16 1
4572 10 15 1
825 11 19 1
487 11 18 1
2934 11 17 1
1322 11 16 1
3493 11 15 1
2351 12 19 1
3543 12 18 1
2434 12 17 1
1442 12 16 1
1020 12 15 1
2655 13 19 1
202 13 18 1
458 13 17 1
3830 13 16 1
3714 13 15 1
15 15 19 1
3844 14 19 1
78 15 18 1
388 14 18 1
4152 15 17 1
1709 14 17 1
3591 15 16 1
5399 14 16 1
4995 19 19 1
4246 18 19 1
3833 17 19 1
3293 16 19 1
2476 19 18 1
3540 18 18 1
1044 17 18 1
2475 16 18 1
4651 19 17 1
4025 18 17 1
2775 17 17 1
2880 16 17 1
4040 19 16 1
1910 18 16 1
3086 17 16 1
4591 16 16 1
2738 19 15 1
689 18 15 1
4391 17 15 1
5077 16 15 1
2221 15 15 1
5313 14 15 1
2507 19 14 1
2908 18 14 1
4329 17 14 1
1261 16 14 1
3926 15 14 1
2086 14 14 1
2732 19 13 1
262 18 13 1
2200 17 13 1
2166 16 13 1
1713 15 13 1
3249 14 13 1
2888 13 13 1
1746 12 13 1
2137 11 13 1
2288 10 13 1
4419 9 13 1
1992 8 13 1
3773 19 12 1
1696 18 12 1
3585 17 12 1
5295 16 12 1
879 15 12 1
3722 14 12 1
4664 13 12 1
2822 12 12 1
954 11 12 1
3415 10 12 1
3074 9 12 1
5103 8 12 1
994 19 11 1
4859 18 11 1
1759 17 11 1
1397 16 11 1
2194 15 11 1
3647 14 11 1
1820 13 11 1
4968 12 11 1
4069 11 11 1
1747 10 11 1
2677 9 11 1
771 8 11 1
986 19 10 1
4820 18 10 1
1832 17 10 1
2283 16 10 1
3323 15 10 1
466 14 10 1
1823 13 10 1
1856 12 10 1
3686 11 10 1
4093 10 10 1
665 9 10 1
1061 8 10 1
2271 19 9 1
3341 18 9 1
3290 17 9 1
1489 16 9 1
2670 15 9 1
5099 14 9 1
2830 13 9 1
1731 12 9 1
5207 11 9 1
2498 10 9 1
3369 9 9 1
978 8 9 1
3450 7 9 1
4568 6 9 1
2626 5 9 1
3823 4 9 1
5068 3 9 1
1547 2 9 1
1147 1 9 1
2859 0 9 1
4441 12 8 1
701 11 8 1
3130 10 8 1
5149 9 8 1
2924 8 8 1
2359 7 8 1
1246 6 8 1
3262 5 8 1
3716 4 8 1
4314 3 8 1
2454 2 8 1
325 1 8 1
5119 0 8 1
2121 19 8 1
1145 18 8 1
5357 17 8 1
4546 16 8 1
4102 15 8 1
3763 14 8 1
2472 13 8 1
873 19 7 1
500 18 7 1
2265 17 7 1
2825 16 7 1
3185 15 7 1
1461 14 7 1
3071 13 7 1
5055 12 7 1
1399 11 7 1
4216 10 7 1
2056 9 7 1
4302 8 7 1
1813 7 7 1
1632 6 7 1
3082 5 7 1
743 4 7 1
3559 3 7 1
2319 2 7 1
3008 1 7 1
3443 0 7 1
4786 19 0 1
113 19 1 1
3076 19 2 1
750 19 3 1
100 19 4 1
1066 19 5 1
2587 19 6 1
1803 18 0 1
5193 18 1 1
3475 18 2 1
2074 18 3 1
4545 18 4 1
260 18 5 1
1222 18 6 1
4917 17 0 1
1195 17 1 1
1736 17 2 1
2243 17 3 1
926 17 4 1
4882 17 5 1
1529 17 6 1
3145 16 0 1
620 16 1 1
4188 16 2 1
4403 16 3 1
86 16 4 1
2625 16 5 1
931 16 6 1
2956 15 0 1
3233 15 1 1
960 15 2 1
5161 15 3 1
3466 15 4 1
4051 15 5 1
4224 15 6 1
4557 14 0 1
1728 14 1 1
2063 14 2 1
3436 14 3 1
3119 14 4 1
1181 14 5 1
4170 14 6 1
4742 13 0 1
1254 13 1 1
3545 13 2 1
604 13 3 1
2069 13 4 1
4890 13 5 1
5211 13 6 1
230 12 0 1
94 12 1 1
5255 12 2 1
1668 12 3 1
2721 12 4 1
1245 12 5 1
56 12 6 1
2993 11 0 1
882 11 1 1
3841 11 2 1
1681 11 3 1
59 11 4 1
259 11 5 1
313 11 6 1
5112 10 0 1
2899 10 1 1
4437 10 2 1
2206 10 3 1
4876 10 4 1
3850 10 5 1
2977 10 6 1
4925 9 0 1
4336 9 1 1
2943 9 2 1
2963 9 3 1
4575 9 4 1
4416 9 5 1
3432 9 6 1
4685 8 0 1
4228 8 1 1
2458 8 2 1
1296 8 3 1
5213 8 4 1
2834 8 5 1
1683 8 6 1
5014 7 0 1
1239 7 1 1
3404 7 2 1
4957 7 3 1
1458 7 4 1
3461 7 5 1
938 7 6 1
4042 6 0 1
3641 6 1 1
1749 6 2 1
4600 6 3 1
2623 6 4 1
4213 6 5 1
1500 6 6 1
593 5 6 1
4891 4 6 1
4727 3 6 1
2752 2 6 1
448 1 6 1
4622 0 6 1
1476 5 5 1
3392 4 5 1
1705 3 5 1
5116 2 5 1
3058 1 5 1
2659 0 5 1
4174 5 4 1
489 4 4 1
63 3 4 1
4637 2 4 1
3230 1 4 1
4275 0 4 1
2473 5 3 1
1380 4 3 1
5124 3 3 1
4142 2 3 1
4064 1 3 1
5050 0 3 1
716 5 2 1
4179 4 2 1
2238 3 2 1
3721 2 2 1
2273 1 2 1
368 0 2 1
1236 5 1 1
4842 4 1 1
4744 3 1 1
3934 2 1 1
1539 1 1 1
142 0 1 1
4628 5 0 1
5229 4 0 1
3075 3 0 1
911 2 0 1
2926 1 0 1
151 0 0 1
758 5 0 27
5317 4 0 27
3195 3 0 27
2615 2 0 27
686 1 0 27
779 5 1 29
2592 4 1 29
5025 3 1 29
3866 2 1 29
4905 1 1 29
4123 5 2 30
1275 4 2 30
2420 3 2 30
5298 2 2 30
803 1 2 30
174 5 3 32
1885 4 3 32
5071 3 3 32
167 2 3 32
4261 1 3 32
4251 5 4 33
4756 4 4 33
1374 3 4 33
2006 2 4 33
484 1 4 33
2719 5 5 35
4316 4 5 35
3521 3 5 35
3562 2 5 35
2798 1 5 35
709 6 0 37
1366 6 1 37
2041 6 2 37
583 6 3 37
571 6 4 37
4462 6 5 37
2270 7 0 38
682 7 1 38
5152 7 2 38
3085 7 3 38
3778 7 4 38
3594 7 5 38
2667 8 0 39
5133 8 1 39
278 8 2 39
3255 8 3 39
824 8 4 39
42 8 5 39
2000 9 0 40
4099 9 1 40
241 9 2 40
772 9 3 40
697 9 4 40
2034 9 5 40
5002 10 0 42
3826 10 1 42
2786 10 2 42
1251 10 3 42
2685 10 4 42
2694 10 5 42
1879 11 0 43
1685 11 1 43
3972 11 2 43
2935 11 3 43
3913 11 4 43
274 11 5 43
5185 12 0 44
3880 12 1 44
2196 12 2 44
2193 12 3 44
361 12 4 44
2865 12 5 44
5030 13 0 45
3037 13 1 45
5286 13 2 45
2911 13 3 45
3887 13 4 45
1090 13 5 45
5020 14 0 46
5310 14 1 46
4605 14 2 46
394 14 3 46
536 14 4 46
767 14 5 46
1625 15 0 47
4176 15 1 47
464 15 2 47
4644 15 3 47
1917 15 4 47
1629 15 5 47
632 16 0 49
4426 16 1 49
3916 16 2 49
84 16 3 49
5084 16 4 49
1001 16 5 49
3518 17 0 50
2307 17 1 50
2724 17 2 50
3950 17 3 50
3955 17 4 50
4819 17 5 50
1248 18 0 52
651 18 1 52
1347 18 2 52
2081 18 3 52
1766 18 4 52
2459 18 5 52
2089 19 0 54
5410 19 1 54
2138 19 2 54
4082 19 3 54
296 19 4 54
2832 19 5 54
180 19 6 54
4784 19 7 58
1944 18 7 58
2570 17 7 58
1918 16 7 58
3398 15 7 58
897 14 7 58
3701 19 8 59
1071 18 8 59
3077 17 8 59
3474 16 8 59
5022 15 8 59
1538 14 8 59
1048 13 8 59
4944 13 7 59
122 12 7 59
3219 11 7 59
5194 10 7 59
3508 9 7 59
1415 8 7 59
898 7 7 59
2292 6 7 59
1408 5 7 59
5181 4 7 59
37 3 7 59
4527 2 7 59
2169 1 7 59
4759 18 6 59
460 17 6 59
2017 16 6 59
2988 12 8 62
2609 11 8 62
652 10 8 62
8 9 8 62
1771 8 8 62
3281 7 8 62
3964 6 8 62
569 5 8 62
694 4 8 62
4912 3 8 62
3863 2 8 62
2698 1 8 62
1234 19 9 66
3564 18 9 66
3589 17 9 66
3758 16 9 66
727 15 9 66
603 14 9 66
671 13 9 66
3367 12 9 66
2955 11 9 66
638 10 9 66
2904 9 9 66
4655 19 10 68
4822 18 10 68
371 17 10 68
4743 16 10 68
5106 15 10 68
2555 14 10 68
4734 13 10 68
1165 12 10 68
4397 11 10 68
3265 10 10 68
1034 9 10 68
3510 19 11 71
4412 18 11 71
3801 17 11 71
462 16 11 71
5241 15 11 71
867 14 11 71
563 13 11 71
3525 12 11 71
4370 11 11 71
3023 10 11 71
2131 9 11 71
733 19 12 73
963 18 12 73
5129 17 12 73
1523 16 12 73
1128 15 12 73
2671 14 12 73
1207 13 12 73
4035 12 12 73
5048 11 12 73
3533 10 12 73
537 9 12 73
5332 4 4 73
4286 3 4 73
659 2 4 73
567 1 4 73
1199 19 13 75
40 18 13 75
4485 17 13 75
104 16 13 75
1762 15 13 75
1870 3 1 75
4387 2 1 75
2068 1 1 75
473 19 14 77
2389 18 14 77
2512 17 14 77
786 16 14 77
3134 15 14 77
1089 19 15 79
832 18 15 79
990 17 15 79
3465 19 17 80
792 18 17 80
229 17 17 80
3287 19 16 80
623 18 16 80
3107 17 16 80
2501 19 18 81
1863 18 18 81
989 17 18 81
2379 15 17 82
1381 15 16 82
3184 19 19 82
3433 18 19 82
1359 17 19 82
64 16 19 82
401 16 18 82
1384 16 17 82
1407 16 16 82
2098 16 15 82
2338 15 15 82
5387 15 19 83
3201 14 19 83
4288 15 18 83
4076 14 18 83
1453 14 17 83
946 14 16 83
2638 12 19 84
730 12 18 84
1452 12 17 84
2009 12 16 84
2713 13 19 84
1604 13 18 84
1812 13 17 84
1311 13 16 84
737 10 19 85
4204 10 18 85
718 10 17 85
98 10 16 85
1521 11 19 85
2999 11 18 85
2811 11 17 85
4388 11 16 85
81 9 19 86
44 9 18 86
5342 9 17 86
387 9 16 86
1730 7 19 87
2158 7 18 87
199 7 17 87
3248 7 16 87
2022 7 15 87
1057 8 19 87
2403 8 18 87
2150 8 17 87
2712 8 16 87
4930 8 15 87
209 9 15 87
2412 10 15 87
965 11 15 87
1417 12 15 87
1267 13 15 87
1113 14 1 87
2746 14 2 87
4994 14 3 87
2867 14 4 87
2018 14 5 87
3988 3 2 87
4325 2 2 87
942 1 2 87
4523 13 14 88
1007 12 14 88
4701 11 14 88
2087 10 14 88
746 9 14 88
392 8 14 88
3250 7 14 89
3459 7 13 89
3206 7 12 89
1987 7 10 89
2704 11 1 89
585 11 2 89
4578 11 3 89
350 11 4 89
3938 11 5 89
3678 6 10 90
1957 13 0 90
74 13 1 90
1334 13 2 90
572 13 3 90
3125 13 4 90
4046 13 5 90
5388 5 10 91
291 6 19 91
856 6 18 91
3538 6 17 91
4424 6 16 91
2995 6 15 91
5373 6 14 91
2741 6 13 91
3067 6 12 91
3788 14 15 91
2723 14 14 91
3713 14 13 91
3639 13 13 91
5285 12 13 91
1331 11 13 91
3116 10 13 91
3944 9 13 91
2998 8 13 91
2356 4 3 91
1796 3 3 91
3757 2 3 91
2528 1 3 91
4455 4 10 92
2129 5 19 92
3606 5 18 92
2629 5 17 92
1082 5 16 92
4522 5 15 92
4729 5 14 92
1868 5 13 92
2676 5 12 92
4657 17 1 92
445 17 2 92
828 17 3 92
735 17 4 92
1038 17 5 92
2513 5 0 92
3909 4 0 92
465 3 0 92
5395 2 0 92
1783 1 0 92
2957 18 1 93
3279 18 2 93
4793 18 3 93
560 18 4 93
4287 18 5 93
11802 milli sec 
point:430275
