759
1371 9 4 1
3013 9 3 1
755 9 2 1
1492 9 1 1
3008 9 0 1
2271 10 4 1
622 10 3 1
4010 10 2 1
3686 10 1 1
1116 10 0 1
761 11 4 1
3553 11 3 1
4307 11 2 1
118 11 1 1
3837 11 0 1
2348 6 9 1
1012 6 8 1
781 0 19 1
3819 0 18 1
4613 0 17 1
1809 0 16 1
251 0 15 1
2601 0 14 1
723 0 13 1
2934 0 12 1
4925 0 11 1
1488 0 10 1
3078 0 9 1
534 0 8 1
2467 0 7 1
4007 0 0 1
2550 0 1 1
1514 0 2 1
527 0 3 1
4590 0 4 1
110 0 5 1
1326 0 6 1
2766 1 19 1
1024 1 18 1
342 1 17 1
2733 1 16 1
3923 1 15 1
4481 1 14 1
3258 1 13 1
193 1 12 1
4578 1 11 1
226 1 10 1
3170 1 9 1
2824 1 8 1
897 1 7 1
1253 1 0 1
3557 1 1 1
1950 1 2 1
4116 1 3 1
3390 1 4 1
2156 1 5 1
2254 1 6 1
4402 2 19 1
1916 2 18 1
4107 2 17 1
148 2 16 1
4893 2 15 1
4614 2 14 1
3047 2 13 1
1757 2 12 1
3977 2 11 1
4972 2 10 1
4685 2 9 1
2825 2 8 1
2797 2 7 1
72 2 0 1
333 2 1 1
1878 2 2 1
1470 2 3 1
1213 2 4 1
3001 2 5 1
1717 2 6 1
2692 3 19 1
4870 3 18 1
24 3 17 1
618 3 16 1
3193 3 15 1
877 3 14 1
3179 3 13 1
2374 3 12 1
4489 3 11 1
2099 3 10 1
3046 3 9 1
4809 3 8 1
3283 3 7 1
240 3 0 1
720 3 1 1
2829 3 2 1
4739 3 3 1
1473 3 4 1
4824 3 5 1
2894 3 6 1
3532 4 19 1
4622 4 18 1
2833 4 17 1
2985 4 16 1
2821 4 15 1
3682 4 14 1
2654 4 13 1
4947 4 12 1
2026 4 11 1
2005 4 10 1
4430 4 9 1
2035 4 8 1
752 4 7 1
1280 4 0 1
3838 4 1 1
4328 4 2 1
4525 4 3 1
4539 4 4 1
1902 4 5 1
3415 4 6 1
2701 5 19 1
3727 5 18 1
846 5 17 1
4151 5 16 1
3855 5 15 1
4619 19 19 1
397 18 19 1
2101 17 19 1
3498 16 19 1
2581 15 19 1
2712 14 19 1
276 13 19 1
3309 12 19 1
4234 11 19 1
4884 10 19 1
3527 9 19 1
3306 8 19 1
3688 7 19 1
3677 6 19 1
2742 19 18 1
1716 18 18 1
1424 17 18 1
1078 16 18 1
4310 15 18 1
3696 14 18 1
2540 13 18 1
2779 12 18 1
4777 11 18 1
1332 10 18 1
2909 9 18 1
606 8 18 1
2735 7 18 1
623 6 18 1
1149 19 17 1
1577 18 17 1
2021 17 17 1
3466 16 17 1
1641 15 17 1
2332 14 17 1
2759 13 17 1
1275 12 17 1
1840 11 17 1
2027 10 17 1
1857 9 17 1
523 8 17 1
2514 7 17 1
1863 6 17 1
4796 19 16 1
2675 18 16 1
573 17 16 1
3314 16 16 1
4291 15 16 1
2075 14 16 1
3591 13 16 1
1647 12 16 1
1167 11 16 1
1747 10 16 1
3537 9 16 1
185 8 16 1
557 7 16 1
2324 6 16 1
2962 19 15 1
2904 18 15 1
1009 17 15 1
4085 16 15 1
4683 15 15 1
1425 14 15 1
2122 13 15 1
4233 12 15 1
1588 11 15 1
2709 10 15 1
778 9 15 1
2912 8 15 1
461 7 15 1
233 6 15 1
4348 19 14 1
244 18 14 1
3518 17 14 1
1755 16 14 1
4242 15 14 1
95 14 14 1
4136 13 14 1
3859 12 14 1
1575 11 14 1
2760 10 14 1
567 9 14 1
4358 8 14 1
4269 7 14 1
4474 6 14 1
181 5 14 1
4369 19 13 1
4161 18 13 1
3900 17 13 1
4874 16 13 1
3361 15 13 1
3539 14 13 1
1866 13 13 1
4722 12 13 1
2504 11 13 1
2897 10 13 1
417 9 13 1
3411 8 13 1
2532 7 13 1
4287 6 13 1
545 5 13 1
2878 19 12 1
3644 18 12 1
4464 17 12 1
3699 16 12 1
3512 15 12 1
2312 14 12 1
289 13 12 1
2543 12 12 1
4035 11 12 1
1485 10 12 1
3173 9 12 1
638 8 12 1
3387 7 12 1
2915 6 12 1
4808 5 12 1
4556 7 11 1
517 6 11 1
1339 5 11 1
2933 7 10 1
2839 6 10 1
3615 5 10 1
4775 5 9 1
4079 5 8 1
2846 5 7 1
2060 5 0 1
2732 5 1 1
4830 5 2 1
2684 5 3 1
4333 5 4 1
3867 5 5 1
1474 5 6 1
4864 6 0 1
2169 6 1 1
180 6 2 1
1761 6 3 1
3349 6 4 1
3709 6 5 1
2512 6 6 1
829 6 7 1
4565 7 9 1
2033 7 8 1
1313 7 0 1
4367 7 1 1
1553 7 2 1
1989 7 3 1
558 7 4 1
115 7 5 1
596 7 6 1
2420 7 7 1
4190 8 11 1
2517 8 10 1
432 8 9 1
3271 8 8 1
3614 8 0 1
4517 8 1 1
3454 8 2 1
3 8 3 1
4411 8 4 1
3700 8 5 1
4332 8 6 1
576 8 7 1
1723 9 11 1
1656 9 10 1
4831 9 9 1
3836 9 8 1
4023 9 5 1
2054 9 6 1
3653 9 7 1
4892 10 11 1
443 10 10 1
2125 10 9 1
4676 10 8 1
76 10 5 1
1681 10 6 1
187 10 7 1
124 11 11 1
2100 11 10 1
3984 11 9 1
4748 11 8 1
4001 11 5 1
4770 11 6 1
1586 11 7 1
541 12 11 1
2181 12 10 1
4339 12 9 1
498 12 8 1
864 12 7 1
425 12 6 1
1217 12 5 1
2727 12 4 1
1284 12 3 1
1570 12 2 1
3883 12 1 1
3851 12 0 1
1364 13 11 1
3995 13 10 1
88 13 9 1
1698 13 8 1
2875 13 7 1
4266 13 6 1
2689 13 5 1
4374 13 4 1
2056 13 3 1
2329 13 2 1
4478 13 1 1
3459 13 0 1
2928 14 11 1
1843 14 10 1
3048 14 9 1
2782 14 8 1
1193 14 7 1
3554 14 6 1
3617 14 5 1
3552 14 4 1
2666 14 3 1
4321 14 2 1
1222 14 1 1
3037 14 0 1
3072 15 11 1
2979 15 10 1
3195 15 9 1
1567 15 8 1
4826 15 7 1
3770 15 6 1
350 15 5 1
1237 15 4 1
1578 15 3 1
106 15 2 1
1707 15 1 1
830 15 0 1
4396 16 11 1
1316 16 10 1
1467 16 9 1
4957 16 8 1
2449 16 7 1
2956 16 6 1
694 16 5 1
116 16 4 1
4149 16 3 1
4344 16 2 1
809 16 1 1
4967 16 0 1
1471 17 11 1
2827 17 10 1
1337 17 9 1
4941 17 8 1
3307 17 7 1
2630 17 6 1
1419 17 5 1
758 17 4 1
2045 17 3 1
2194 17 2 1
1771 17 1 1
4916 17 0 1
2386 18 11 1
2529 18 10 1
2708 18 9 1
3372 18 8 1
1620 18 7 1
4352 18 6 1
183 18 5 1
465 18 4 1
355 18 3 1
4935 18 2 1
4873 18 1 1
4823 18 0 1
2213 19 11 1
4015 19 10 1
4353 19 9 1
4467 19 8 1
2978 19 7 1
3600 19 6 1
178 19 5 1
207 19 4 1
3493 19 3 1
3997 19 2 1
4285 19 1 1
3183 19 0 1
2756 19 11 29
962 19 10 29
4682 19 9 29
3374 19 8 29
435 19 7 29
3363 19 6 29
373 19 5 29
1979 19 4 29
2321 19 3 29
4301 19 2 29
4915 19 1 29
914 18 11 34
82 18 10 34
3210 18 9 34
4553 18 8 34
111 18 7 34
3286 18 6 34
4373 18 5 34
1497 18 4 34
1257 18 3 34
4060 18 2 34
1049 18 1 34
4418 17 11 36
4845 17 10 36
2355 17 9 36
1526 17 8 36
895 17 7 36
2976 17 6 36
3232 17 5 36
4186 17 4 36
4068 17 3 36
1216 17 2 36
4746 17 1 36
3158 16 11 38
4542 16 10 38
3452 16 9 38
2910 16 8 38
2 16 7 38
1639 16 6 38
3484 16 5 38
4425 16 4 38
2992 16 3 38
79 16 2 38
2433 16 1 38
4071 15 11 40
3650 15 10 40
3551 15 9 40
2461 15 8 40
2722 15 7 40
786 15 6 40
4011 15 5 40
676 15 4 40
2882 15 3 40
3746 15 2 40
3280 15 1 40
3764 14 11 41
646 14 10 41
984 14 9 41
2569 14 8 41
2488 14 7 41
2834 14 6 41
1532 14 5 41
2816 14 4 41
2245 14 3 41
3163 14 2 41
2197 14 1 41
4050 13 11 45
3525 13 10 45
4921 13 9 45
3733 13 8 45
3033 13 7 45
801 13 6 45
958 13 5 45
3576 13 4 45
2768 13 3 45
2421 13 2 45
3223 13 1 45
2639 12 11 46
1768 12 10 46
3268 12 9 46
376 12 8 46
1695 11 11 47
400 11 10 47
3472 11 9 47
505 11 8 47
1687 11 5 47
1818 11 6 47
3826 10 5 48
3956 10 6 48
238 10 11 49
4650 10 10 49
2656 10 9 49
525 10 8 49
1147 9 11 51
4764 9 10 51
4121 9 9 51
2459 9 8 51
1527 9 5 51
4057 9 6 51
2163 8 11 54
1601 8 10 54
743 8 9 54
337 8 8 54
1893 8 0 54
4354 8 1 54
369 8 2 54
392 8 3 54
1160 8 4 54
339 8 5 54
3598 8 6 54
2931 7 9 56
2314 7 8 56
4575 7 0 56
532 7 1 56
2237 7 2 56
2403 7 3 56
3434 7 4 56
1760 7 5 56
4684 7 6 56
3450 6 0 57
1238 6 1 57
4338 6 2 57
2280 6 3 57
2138 6 4 57
3990 6 5 57
1130 5 0 58
2937 5 1 58
2567 5 2 58
3628 5 3 58
2347 5 4 58
1336 5 5 58
3844 7 10 60
4730 6 10 60
621 7 11 61
471 6 11 61
931 19 12 63
2968 18 12 63
3315 17 12 63
1598 16 12 63
3391 15 12 63
3090 14 12 63
4801 13 12 63
3300 12 12 63
1294 11 12 63
4711 10 12 63
2617 9 12 63
3171 8 12 63
2084 7 12 63
433 6 12 63
2991 19 13 65
859 18 13 65
3448 17 13 65
1752 16 13 65
2144 15 13 65
2279 14 13 65
3406 13 13 65
1538 12 13 65
4642 11 13 65
2785 10 13 65
2155 9 13 65
3117 8 13 65
2672 7 13 65
4503 6 13 65
4278 19 14 67
2653 18 14 67
4541 17 14 67
3536 16 14 67
45 15 14 67
3612 14 14 67
3735 13 14 67
662 12 14 67
4067 11 14 67
2464 10 14 67
3624 9 14 67
2367 8 14 67
2578 7 14 67
107 19 15 69
4969 18 15 69
4547 17 15 69
504 16 15 69
3734 15 15 69
140 14 15 69
2017 13 15 69
50 12 15 69
655 11 15 69
2997 10 15 69
3893 9 15 69
2718 8 15 69
354 7 15 69
2525 19 16 72
2398 18 16 72
201 17 16 72
2439 16 16 72
1417 15 16 72
4513 14 16 72
1895 13 16 72
1252 12 16 72
4350 11 16 72
1161 10 16 72
4490 9 16 72
3850 8 16 72
1379 7 16 72
1906 19 17 75
2427 18 17 75
3076 17 17 75
4681 16 17 75
3231 15 17 75
3934 14 17 75
2922 13 17 75
2116 12 17 75
2585 11 17 75
1583 10 17 75
1938 9 17 75
2029 8 17 75
941 7 17 75
3150 19 18 77
4763 18 18 77
1229 17 18 77
1508 16 18 77
2022 15 18 77
3168 14 18 77
473 13 18 77
932 12 18 77
2778 11 18 77
4692 10 18 77
1454 9 18 77
2864 8 18 77
3111 7 18 77
3768 11 5 78
1795 11 6 78
3430 19 19 79
2640 18 19 79
453 17 19 79
1021 16 19 79
2551 15 19 79
2095 14 19 79
1727 13 19 79
4428 12 19 79
4734 11 19 79
987 10 19 79
210 9 19 79
2161 8 19 79
3807 7 19 79
3245 6 19 79
3842 5 19 80
202 5 18 80
381 5 17 80
2898 5 16 80
3486 5 15 80
271 4 0 81
1445 4 1 81
4736 4 2 81
3561 4 3 81
4634 4 4 81
3447 4 5 81
1864 4 19 82
3972 4 18 82
328 4 17 82
1195 4 16 82
2493 4 15 82
1861 4 14 82
4118 4 13 82
1732 4 12 82
3068 4 11 82
1431 4 10 82
1973 4 9 82
3441 4 8 82
3159 4 7 82
3754 3 0 84
4536 3 1 84
2251 3 2 84
1891 3 3 84
1333 3 4 84
3011 3 5 84
531 9 5 85
2872 9 6 85
4960 3 19 86
4555 3 18 86
4095 3 17 86
2881 3 16 86
3167 3 15 86
1907 3 14 86
2117 3 13 86
3647 3 12 86
3059 3 11 86
2861 3 10 86
4704 3 9 86
4854 3 8 86
2434 3 7 86
46 5 0 86
547 5 1 86
4009 5 2 86
1173 5 3 86
2179 5 4 86
1691 5 5 86
1477 19 10 86
1051 19 9 86
2162 19 8 86
732 19 7 86
4244 19 6 86
1611 19 5 86
955 19 4 86
1209 19 3 86
1208 19 2 86
234 19 1 86
361 2 0 88
262 2 1 88
4760 2 2 88
4461 2 3 88
627 2 4 88
2677 2 5 88
2079 2 19 90
1274 2 18 90
4124 2 17 90
872 2 16 90
2036 2 15 90
2789 2 14 90
3547 2 13 90
2747 2 12 90
3952 2 11 90
2106 2 10 90
1065 2 9 90
4345 2 8 90
153 2 7 90
3556 9 11 90
1082 9 10 90
3767 9 9 90
472 9 8 90
636 1 0 91
3365 1 1 91
828 1 2 91
1791 1 3 91
3376 1 4 91
548 1 5 91
2350 10 6 91
3702 11 11 91
3742 11 10 91
1671 11 9 91
3034 11 8 91
3039 17 10 93
3884 17 9 93
4908 17 8 93
1999 17 7 93
1500 17 6 93
992 17 5 93
4093 17 4 93
3957 17 3 93
2318 17 2 93
2694 17 1 93
1814 18 8 93
1742 18 7 93
3504 18 6 93
1010 18 5 93
4752 18 4 93
3606 18 3 93
2354 18 2 93
54 18 1 93
775 1 19 94
1054 1 18 94
10872 milli sec 
point:416250
