703
2127 0 2 1
3294 0 1 1
3307 0 0 1
2905 1 2 1
1007 1 1 1
2653 1 0 1
604 0 6 1
1591 0 5 1
2045 0 4 1
3594 0 3 1
3389 1 6 1
404 1 5 1
777 1 4 1
629 1 3 1
2059 2 5 1
2251 2 4 1
3452 2 3 1
366 4 5 1
111 3 5 1
1781 4 4 1
1268 3 4 1
3640 3 11 1
2444 3 10 1
2101 3 9 1
3194 0 9 1
1469 0 8 1
893 0 7 1
977 1 9 1
1027 1 8 1
2027 1 7 1
2923 2 9 1
1906 2 8 1
800 2 6 1
3364 2 7 1
953 3 6 1
3176 3 7 1
3503 3 8 1
125 4 11 1
3015 4 10 1
1678 4 9 1
471 4 6 1
3450 4 7 1
3658 4 8 1
2752 0 14 1
3699 0 10 1
809 0 11 1
2135 0 12 1
1265 0 13 1
940 1 14 1
3421 1 10 1
1744 1 11 1
104 1 12 1
1431 1 13 1
3267 0 19 1
3129 0 18 1
3241 0 17 1
963 0 16 1
365 0 15 1
1134 5 19 1
2147 4 19 1
2927 3 19 1
171 2 19 1
349 1 19 1
990 5 18 1
2509 4 18 1
688 3 18 1
3165 2 18 1
3454 1 18 1
2304 1 17 1
1669 1 16 1
2434 1 15 1
2292 2 17 1
1239 2 16 1
700 2 15 1
1647 2 14 1
577 2 10 1
681 2 11 1
1907 2 12 1
2014 2 13 1
2179 3 17 1
326 3 16 1
1315 3 15 1
3272 3 14 1
3567 3 13 1
1809 3 12 1
2315 5 17 1
1132 4 17 1
968 5 16 1
1056 4 16 1
1494 5 15 1
2467 4 15 1
3232 6 14 1
1358 5 14 1
190 4 14 1
3191 4 13 1
3258 4 12 1
2665 6 13 1
2542 5 13 1
2814 7 12 1
3731 6 12 1
2568 5 12 1
2734 7 11 1
2385 6 11 1
193 5 11 1
3504 5 10 1
1049 5 9 1
1432 5 8 1
1508 5 7 1
133 6 10 1
2457 6 9 1
2518 6 8 1
2692 6 7 1
2351 7 10 1
377 6 19 1
2915 6 18 1
1761 6 17 1
3227 6 16 1
757 6 15 1
3741 7 19 1
2145 7 18 1
2393 7 17 1
3002 7 16 1
443 7 15 1
3104 7 14 1
102 7 13 1
3068 8 19 1
3352 8 18 1
2258 8 17 1
1803 8 16 1
1500 8 15 1
2412 8 14 1
3620 8 12 1
1860 8 13 1
2520 9 12 1
1167 9 13 1
2723 9 14 1
537 9 15 1
562 9 19 1
372 9 18 1
1476 9 17 1
3502 9 16 1
2683 13 19 1
3707 12 19 1
3296 11 19 1
3344 10 19 1
830 13 18 1
2064 12 18 1
1435 11 18 1
3157 10 18 1
2535 12 17 1
3510 11 17 1
2990 10 17 1
3708 10 16 1
1580 10 12 1
2883 10 13 1
2495 10 14 1
3562 10 15 1
1614 11 16 1
3665 11 14 1
3720 11 15 1
2586 12 16 1
915 14 17 1
729 13 17 1
3535 16 17 1
1186 15 17 1
1662 16 16 1
1345 15 16 1
2070 14 16 1
1610 13 16 1
2011 14 19 1
2804 14 18 1
2226 15 19 1
3548 15 18 1
2966 16 19 1
3065 16 18 1
2708 19 19 1
2856 18 19 1
2681 17 19 1
3714 19 18 1
1552 18 18 1
976 17 18 1
3691 19 17 1
972 18 17 1
3057 17 17 1
2037 19 16 1
165 18 16 1
2830 17 16 1
1857 19 15 1
966 18 15 1
975 17 15 1
2414 16 15 1
1126 15 15 1
3674 14 15 1
291 13 15 1
914 12 15 1
1935 19 14 1
2545 18 14 1
240 17 14 1
865 16 14 1
274 15 14 1
454 14 14 1
344 13 14 1
379 12 14 1
385 12 13 1
2429 11 13 1
2425 13 12 1
3087 12 12 1
3130 11 12 1
49 12 11 1
2544 11 11 1
2399 10 11 1
278 9 11 1
2306 8 11 1
1791 13 13 1
1405 16 13 1
3465 15 13 1
364 14 13 1
1104 16 12 1
970 15 12 1
2186 14 12 1
3683 16 9 1
139 16 10 1
553 16 11 1
2796 15 9 1
3573 15 10 1
2952 15 11 1
3099 14 11 1
774 13 11 1
3649 14 7 1
1374 14 8 1
3070 14 9 1
1045 14 10 1
3313 16 8 1
1129 15 8 1
3052 16 7 1
2232 15 7 1
383 17 8 1
1164 17 13 1
2825 17 12 1
1578 17 11 1
1797 17 10 1
2264 17 9 1
1359 19 13 1
1490 18 13 1
2023 19 12 1
6 18 12 1
163 19 11 1
2985 18 11 1
1952 19 10 1
225 18 10 1
2702 19 9 1
1148 18 9 1
400 19 8 1
1553 18 8 1
1592 19 7 1
1891 18 7 1
1973 17 7 1
3417 19 6 1
3090 18 6 1
3190 19 5 1
1484 18 5 1
1063 19 4 1
549 18 4 1
1972 19 2 1
311 19 3 1
3415 18 2 1
384 18 3 1
3394 19 0 1
2819 19 1 1
1424 18 0 1
3007 18 1 1
867 17 0 1
2424 17 1 1
854 17 2 1
2072 17 3 1
82 17 4 1
901 17 5 1
3612 17 6 1
3349 15 3 1
987 15 4 1
1747 12 0 1
1370 12 1 1
3541 12 2 1
1735 13 0 1
2062 13 1 1
1025 13 2 1
834 14 0 1
1439 14 1 1
230 14 2 1
1617 15 0 1
2591 15 1 1
676 15 2 1
480 16 0 1
3025 16 1 1
132 16 2 1
3096 16 3 1
2937 16 4 1
1928 16 5 1
2644 16 6 1
2019 15 6 1
1586 14 6 1
1105 15 5 1
1333 14 3 1
2150 14 4 1
3398 14 5 1
3192 13 3 1
1902 13 4 1
2075 13 5 1
1280 13 6 1
1346 13 7 1
2007 13 8 1
2066 13 9 1
666 13 10 1
2662 10 5 1
3140 10 6 1
1514 10 7 1
2376 11 5 1
660 11 6 1
3226 11 7 1
2569 12 3 1
1777 12 4 1
1091 12 5 1
545 12 6 1
2525 12 7 1
2460 12 8 1
1114 12 9 1
560 12 10 1
3013 11 10 1
247 10 10 1
2065 9 10 1
3688 8 10 1
1667 11 9 1
2731 10 9 1
635 9 9 1
1767 8 9 1
2730 7 9 1
3066 11 8 1
201 10 8 1
3621 9 8 1
83 8 8 1
782 7 8 1
2477 9 7 1
1888 8 7 1
3338 7 7 1
3263 9 6 1
3723 8 6 1
1601 7 6 1
2262 6 6 1
3004 5 6 1
3288 11 2 1
2543 11 3 1
3181 11 4 1
1958 10 2 1
2097 10 3 1
1742 10 4 1
1757 7 0 1
1200 7 1 1
43 7 2 1
332 8 0 1
900 8 1 1
432 8 2 1
41 11 0 1
2842 11 1 1
117 10 0 1
547 10 1 1
1910 9 0 1
2997 9 1 1
1144 9 2 1
502 9 3 1
1548 9 4 1
2785 9 5 1
2888 8 3 1
439 8 4 1
1086 8 5 1
3330 7 3 1
13 7 4 1
3382 7 5 1
3009 6 5 1
2308 5 5 1
2006 6 4 1
1695 5 4 1
2685 6 3 1
304 5 3 1
1613 4 3 1
1155 3 3 1
307 6 0 1
3705 6 1 1
3023 6 2 1
2618 5 0 1
1537 5 1 1
3264 5 2 1
2218 4 0 1
3072 4 1 1
1101 4 2 1
1575 3 2 1
794 2 2 1
3740 3 1 1
1221 2 1 1
2295 3 0 1
1216 2 0 1
1036 3 0 23
1276 3 1 24
2979 4 0 27
3416 4 1 27
2769 5 0 30
1012 5 1 30
609 6 3 33
2067 6 0 33
1381 6 1 33
844 6 2 33
1831 6 4 34
3316 8 3 35
2056 8 4 35
419 7 3 35
2134 7 4 35
1335 5 2 35
1943 4 2 35
3596 11 0 37
11 11 1 37
2583 10 0 37
2607 10 1 37
1681 9 0 37
1583 9 1 37
525 7 0 38
3662 7 1 38
2401 7 2 38
1392 8 0 38
253 8 1 38
2929 8 2 38
236 9 2 38
378 9 3 38
808 11 2 39
1706 11 3 39
524 11 4 39
96 10 2 39
1776 10 3 39
299 10 4 39
1707 9 4 39
1188 9 5 39
2143 8 5 39
1859 7 5 39
718 6 5 39
1386 9 7 40
2771 8 7 40
1454 9 6 40
1398 8 6 40
2415 11 8 41
3430 10 8 41
3611 9 8 41
2658 8 8 41
1954 11 9 42
1377 10 9 42
2419 9 9 42
1889 12 3 44
3624 12 4 44
2694 12 5 44
2695 12 6 44
866 11 5 45
1071 11 6 45
337 10 5 46
1161 10 6 46
2567 10 7 46
1556 11 7 46
1691 14 3 47
318 14 4 47
1207 13 3 47
1901 13 4 47
1820 15 5 48
3724 15 0 50
3388 15 1 50
260 16 0 50
2167 16 1 50
3582 14 0 51
2631 14 1 51
2498 13 0 52
2630 13 1 52
1951 15 3 54
411 15 4 54
2078 12 0 54
2666 12 1 54
1549 12 2 54
1909 13 2 54
1716 14 2 54
2576 15 2 54
2903 16 2 54
840 16 3 54
470 16 4 54
3698 16 5 54
503 19 0 55
2719 19 1 55
614 18 0 55
579 18 1 55
2539 17 0 55
2194 17 1 55
1088 17 2 55
35 19 5 56
2239 18 5 56
2778 19 4 56
763 18 4 56
1338 19 2 56
514 19 3 56
186 18 2 56
1652 18 3 56
814 17 3 56
3384 17 4 56
756 17 5 56
1768 19 8 57
1327 19 7 57
1317 19 6 57
1438 18 6 57
3121 19 11 58
3298 19 10 58
8 19 9 58
559 19 13 59
3524 18 13 59
2093 19 12 59
1959 18 12 59
567 18 11 59
3 18 10 59
2855 16 7 60
2835 17 8 60
214 17 13 60
995 17 12 60
3282 17 11 60
2744 17 10 60
108 17 9 60
517 18 9 60
2996 18 8 60
3285 18 7 60
233 17 7 60
3622 14 7 61
1849 14 8 61
1070 14 9 61
3545 14 10 61
534 16 8 61
3041 15 8 61
1845 15 7 61
3614 17 6 61
1503 16 9 63
3271 16 10 63
2594 16 11 63
1498 15 9 63
2636 15 10 63
2287 15 11 63
2899 13 13 64
983 16 13 64
309 15 13 64
2301 14 13 64
1829 16 12 64
625 15 12 64
2446 14 12 64
3583 14 11 64
595 13 11 64
2341 12 11 65
2936 13 12 66
2358 12 12 66
846 19 14 67
888 18 14 67
1565 17 14 67
2788 16 14 67
1468 15 14 67
768 14 14 67
3310 13 14 67
504 19 16 69
2991 18 16 69
375 19 15 69
3432 18 15 69
1041 19 17 70
412 18 17 70
1568 19 19 71
2680 18 19 71
806 17 19 71
3494 19 18 71
1473 18 18 71
3038 15 19 72
3677 16 19 72
3291 16 16 73
1769 14 19 73
1255 14 18 73
1630 15 18 73
2912 16 18 73
1168 12 16 74
341 14 17 74
1411 13 17 74
826 16 17 74
1642 15 17 74
1612 15 16 74
877 14 16 74
2035 13 16 74
2317 17 18 74
3371 17 17 74
1855 17 16 74
2121 17 15 74
770 16 15 74
1702 15 15 74
1248 14 15 74
588 13 15 74
2565 11 16 75
1656 11 14 75
2960 12 17 76
2661 11 17 76
3413 10 12 76
2187 10 13 76
2972 10 14 76
2999 13 19 77
574 12 19 77
932 11 19 77
1420 10 19 77
1822 13 18 77
2975 12 18 77
3366 11 18 77
630 10 18 77
3346 10 17 77
1393 9 19 78
3208 9 18 78
861 9 17 78
2288 9 16 78
929 10 16 78
1539 8 12 79
3139 9 12 79
1892 8 19 80
661 8 18 80
3116 8 17 80
1137 8 16 80
2050 8 15 80
1917 8 14 80
2314 7 19 82
3231 7 18 82
3522 7 17 82
1115 7 16 82
3347 7 10 83
856 6 19 83
1854 6 18 83
3604 6 17 83
1278 6 16 83
652 6 15 83
2531 7 15 83
2168 7 14 83
1701 7 13 83
678 8 13 83
184 9 13 83
512 9 14 83
1073 9 15 83
1746 10 15 83
1924 11 15 83
3142 10 2 83
2138 10 3 83
2612 6 10 84
3635 6 9 84
2670 6 8 84
2533 8 0 84
3214 8 1 84
2756 7 11 85
3280 6 11 85
3188 7 12 86
3156 6 12 86
1666 5 0 86
1209 5 1 86
1650 6 14 87
3578 5 14 87
2418 6 13 87
2100 5 13 87
2293 17 0 87
2267 3 1 87
3230 5 15 88
2465 5 17 89
3303 4 17 89
92 5 16 89
851 4 16 89
2447 4 15 89
1567 4 14 89
886 4 13 89
1217 18 2 89
3483 12 0 89
2530 12 1 89
1785 12 2 89
1622 2 17 90
3607 2 16 90
3287 2 10 90
1314 2 11 90
2691 2 12 90
1858 3 17 90
301 3 16 90
2859 3 15 90
2851 3 14 90
2850 18 0 90
2806 12 3 90
3199 12 4 90
3717 12 5 90
2009 12 6 90
835 7 3 90
2359 7 4 90
954 12 7 91
356 12 8 91
845 12 9 91
1877 10 9 91
2585 9 9 91
686 9 8 91
40 8 8 91
417 5 19 92
897 4 19 92
152 3 19 92
3479 2 19 92
8791 milli sec 
point:382700
