719
4101 0 11 1
4334 0 10 1
1184 0 9 1
4252 0 8 1
3016 0 7 1
1760 0 6 1
514 0 5 1
3806 0 4 1
3464 0 3 1
1461 0 2 1
3115 0 1 1
1716 0 0 1
2560 1 11 1
1862 1 10 1
2034 1 9 1
4003 1 8 1
848 1 7 1
1424 1 6 1
273 1 5 1
4613 1 4 1
2692 1 3 1
3071 1 2 1
3437 1 1 1
1687 1 0 1
1492 8 11 1
803 7 11 1
1399 6 11 1
1699 5 11 1
1890 4 11 1
3526 3 11 1
713 2 11 1
2884 8 10 1
1454 7 10 1
699 6 10 1
2716 5 10 1
652 4 10 1
1201 3 10 1
2423 2 10 1
1596 8 9 1
906 7 9 1
1555 6 9 1
1285 5 9 1
69 4 9 1
3281 3 9 1
3001 2 9 1
3428 11 11 1
2386 10 11 1
3424 9 11 1
3390 11 10 1
2699 10 10 1
2150 9 10 1
1070 11 9 1
723 10 9 1
2095 9 9 1
2017 15 12 1
2289 14 12 1
2053 13 12 1
960 15 11 1
1276 14 11 1
1709 13 11 1
712 12 11 1
3935 15 10 1
1487 14 10 1
708 13 10 1
2982 12 10 1
4285 15 9 1
2807 14 9 1
1153 13 9 1
327 12 9 1
2888 15 8 1
2621 14 8 1
3265 13 8 1
2845 12 8 1
4174 11 8 1
19 10 8 1
1924 9 8 1
620 8 8 1
3808 7 8 1
3566 6 8 1
381 5 8 1
846 4 8 1
3116 3 8 1
3361 2 8 1
693 8 19 1
3590 8 18 1
2198 8 16 1
3522 8 17 1
2263 9 19 1
4504 9 18 1
317 9 16 1
3355 9 17 1
1844 10 19 1
3623 10 18 1
3129 0 16 1
186 0 12 1
3073 0 13 1
2604 0 14 1
1113 0 15 1
2938 1 16 1
2779 1 12 1
300 1 13 1
1840 1 14 1
4094 1 15 1
2450 2 16 1
3383 2 12 1
1260 2 13 1
3570 2 14 1
3516 2 15 1
834 0 19 1
1914 0 18 1
4491 0 17 1
4440 1 19 1
2082 1 18 1
3011 1 17 1
2473 2 19 1
541 2 18 1
518 2 17 1
4543 3 19 1
4589 3 18 1
3919 3 17 1
1485 3 16 1
3377 3 12 1
4092 3 13 1
2950 3 14 1
3133 3 15 1
4145 7 19 1
3583 6 19 1
2292 5 19 1
547 4 19 1
2524 7 18 1
3161 6 18 1
411 5 18 1
1188 4 18 1
1628 7 17 1
3633 6 17 1
2767 5 17 1
3192 4 17 1
3435 7 16 1
1253 6 16 1
1317 5 16 1
2518 4 16 1
4462 4 12 1
914 4 13 1
77 4 14 1
3610 4 15 1
638 5 12 1
3048 5 13 1
724 5 14 1
142 5 15 1
4508 6 12 1
103 6 13 1
2485 6 14 1
2233 6 15 1
4002 7 12 1
1902 7 13 1
1306 7 14 1
3517 7 15 1
2242 8 12 1
1587 8 13 1
4321 8 14 1
980 8 15 1
3938 9 12 1
2831 9 13 1
4576 9 14 1
2041 9 15 1
4133 10 12 1
2891 10 13 1
171 10 14 1
168 10 15 1
544 10 16 1
3815 10 17 1
2649 11 19 1
818 11 18 1
4548 12 12 1
2367 12 13 1
254 12 14 1
1836 11 12 1
3680 11 13 1
2808 11 14 1
4375 11 15 1
843 11 16 1
3083 11 17 1
891 12 19 1
4465 12 18 1
2422 12 17 1
2710 12 16 1
4168 12 15 1
1250 13 19 1
1784 13 18 1
555 13 17 1
4423 13 16 1
321 13 15 1
4302 13 14 1
1221 13 13 1
3304 14 19 1
3689 14 18 1
2167 14 17 1
3489 14 16 1
2820 14 15 1
3751 14 14 1
4021 14 13 1
2549 15 19 1
1264 15 18 1
3468 15 17 1
3021 15 16 1
2688 15 15 1
3079 15 14 1
7 15 13 1
1905 19 19 1
2723 18 19 1
3463 17 19 1
1118 16 19 1
3267 19 18 1
2265 18 18 1
833 17 18 1
1677 16 18 1
1441 19 17 1
2942 18 17 1
3580 17 17 1
536 16 17 1
223 19 16 1
3504 18 16 1
63 17 16 1
2878 16 16 1
2726 19 15 1
2812 18 15 1
341 17 15 1
138 16 15 1
3692 19 14 1
2962 18 14 1
3008 17 14 1
2806 16 14 1
2763 19 13 1
3103 18 13 1
1005 17 13 1
2790 16 13 1
3662 19 12 1
1979 18 12 1
458 17 12 1
3790 16 12 1
283 19 11 1
2751 18 11 1
579 17 11 1
1164 16 11 1
4577 19 10 1
4156 18 10 1
849 17 10 1
3660 16 10 1
131 19 9 1
3788 18 9 1
2496 17 9 1
1707 16 9 1
4011 19 8 1
2829 18 8 1
1447 17 8 1
183 16 8 1
2143 19 7 1
4027 18 7 1
2789 17 7 1
352 19 3 1
198 19 4 1
603 19 5 1
2750 19 6 1
2023 18 3 1
1582 18 4 1
4476 18 5 1
1858 18 6 1
919 17 3 1
617 17 4 1
387 17 5 1
1292 17 6 1
3911 13 0 1
1552 13 1 1
2748 13 2 1
4098 13 3 1
2916 13 4 1
4443 14 0 1
400 14 1 1
3230 14 2 1
4365 14 3 1
4135 14 4 1
64 15 0 1
4304 15 1 1
372 15 2 1
1880 15 3 1
3097 15 4 1
1050 19 0 1
191 19 1 1
501 19 2 1
3248 18 0 1
1470 18 1 1
141 18 2 1
2698 17 0 1
170 17 1 1
4594 17 2 1
2125 16 0 1
1561 16 1 1
1466 16 2 1
1798 16 3 1
2377 16 4 1
4110 16 5 1
50 16 6 1
2857 16 7 1
1906 15 5 1
3772 15 6 1
3738 15 7 1
3951 14 5 1
3482 14 6 1
3553 14 7 1
4208 13 5 1
1073 13 6 1
3171 13 7 1
3887 12 0 1
4530 12 1 1
1279 12 2 1
1953 12 3 1
271 12 4 1
45 12 5 1
421 12 6 1
3983 12 7 1
44 8 0 1
3755 8 1 1
899 8 2 1
761 8 3 1
3311 8 4 1
159 8 5 1
4130 8 6 1
467 9 0 1
3240 9 1 1
2296 9 2 1
4271 9 3 1
3003 9 4 1
263 9 5 1
1715 9 6 1
2478 10 0 1
986 10 1 1
627 10 2 1
1215 10 3 1
917 10 4 1
1936 10 5 1
714 10 6 1
3764 11 0 1
2060 11 1 1
728 11 2 1
1061 11 3 1
1348 11 4 1
3588 11 5 1
870 11 6 1
383 11 7 1
2345 10 7 1
112 9 7 1
3342 8 7 1
2007 7 7 1
3407 6 7 1
1080 5 7 1
4415 4 7 1
3394 3 7 1
256 2 7 1
3675 2 6 1
477 2 5 1
2383 2 4 1
2565 2 3 1
363 2 2 1
2993 2 1 1
4282 2 0 1
3366 3 6 1
2419 3 5 1
866 3 4 1
560 3 3 1
4411 3 2 1
1473 3 1 1
129 3 0 1
2132 7 6 1
1538 6 6 1
1053 5 6 1
2516 4 6 1
4031 7 5 1
2420 6 5 1
4155 5 5 1
1810 4 5 1
1327 7 4 1
2093 6 4 1
3632 5 4 1
2694 4 4 1
3665 4 3 1
3136 4 2 1
4339 4 1 1
894 4 0 1
2578 7 3 1
2085 6 3 1
1740 5 3 1
648 7 2 1
1891 6 2 1
2794 5 2 1
4213 7 1 1
2979 6 1 1
3410 5 1 1
1626 7 0 1
587 6 0 1
3057 5 0 1
3573 7 0 25
264 6 0 25
1299 7 1 27
733 6 1 27
1644 7 2 28
3855 6 2 28
796 7 3 29
336 6 3 29
4393 5 3 29
1383 5 2 29
394 5 1 29
4390 7 4 31
3624 6 4 31
1200 5 4 31
3320 7 6 32
3997 6 6 32
1082 5 6 32
4241 4 6 32
399 7 5 32
1042 6 5 32
531 5 5 32
2299 4 5 32
1049 4 4 32
3313 4 3 32
3024 4 2 32
4431 4 1 32
347 3 6 34
3793 3 5 34
1391 3 4 34
2196 3 3 34
2960 3 2 34
4066 3 1 34
2426 11 0 38
4475 11 1 38
4113 11 2 38
3709 11 3 38
239 11 4 38
1227 11 5 38
847 10 0 40
570 10 1 40
1013 10 2 40
2992 10 3 40
2879 10 4 40
1506 10 5 40
1843 9 0 41
1672 9 1 41
953 9 2 41
178 9 3 41
366 9 4 41
156 9 5 41
382 8 0 44
2522 8 1 44
2589 8 2 44
3750 8 3 44
1240 8 4 44
4221 8 5 44
2532 8 6 44
2505 13 5 45
3890 13 6 45
3992 12 0 45
2255 12 1 45
3734 12 2 45
3984 12 3 45
2623 12 4 45
3717 12 5 45
4312 12 6 45
1150 9 6 45
1099 10 6 45
2079 11 6 45
1048 14 5 46
3704 14 6 46
2303 15 5 47
3796 15 6 47
4316 17 0 49
1744 17 1 49
3476 16 0 49
420 16 1 49
2816 19 0 50
2809 19 1 50
6 19 2 50
3515 18 0 50
2612 18 1 50
4585 18 2 50
4435 17 2 50
3249 16 2 50
3803 16 3 50
4054 15 0 51
3627 15 1 51
2356 15 2 51
3591 15 3 51
4182 14 0 52
562 14 1 52
565 14 2 52
2215 14 3 52
2745 13 0 53
1885 13 1 53
2872 13 2 53
927 13 3 53
920 13 4 53
3141 14 4 53
498 15 4 53
4529 17 3 54
4507 17 4 54
957 17 5 54
4404 18 3 55
3647 18 4 55
1398 18 5 55
1633 19 8 56
3172 18 8 56
1930 17 8 56
3565 19 7 56
3655 18 7 56
128 17 7 56
3617 19 3 56
3671 19 4 56
1678 19 5 56
4473 19 6 56
1170 18 6 56
1266 17 6 56
4197 19 9 59
1162 18 9 59
1689 17 9 59
13 19 10 60
2947 18 10 60
1261 17 10 60
1065 19 11 61
3945 18 11 61
4616 17 11 61
1571 19 13 62
2393 18 13 62
1462 17 13 62
1717 19 12 62
2492 18 12 62
1886 17 12 62
1918 19 15 63
3246 18 15 63
2439 17 15 63
1690 19 14 63
4242 18 14 63
2771 17 14 63
1732 19 16 64
426 18 16 64
1256 17 16 64
1030 19 17 65
995 18 17 65
2019 17 17 65
2721 19 18 66
2635 18 18 66
2254 17 18 66
4395 19 19 67
2997 18 19 67
2924 17 19 67
910 16 19 67
3430 16 18 67
1489 16 17 67
4235 16 16 67
3697 16 15 67
4591 16 14 67
931 14 19 68
4188 14 18 68
2651 14 17 68
4195 14 16 68
1117 14 15 68
524 14 14 68
3415 15 19 68
2205 15 18 68
4362 15 17 68
4405 15 16 68
206 15 15 68
3967 15 14 68
2433 12 19 71
2116 12 18 71
1361 13 19 71
4422 13 18 71
558 13 17 71
1435 13 16 71
505 11 12 72
789 11 13 72
2804 7 5 72
685 6 5 72
287 5 5 72
835 11 19 73
3694 11 18 73
2182 12 12 73
1104 12 13 73
748 12 14 73
1414 11 14 73
506 11 15 73
3712 11 16 73
1439 9 12 74
3814 9 13 74
3014 9 14 74
4485 10 12 74
3402 10 13 74
2842 10 14 74
2559 8 12 75
1997 8 13 75
2834 8 14 75
1779 7 12 76
656 7 13 76
1751 7 14 76
1263 6 12 77
3444 6 13 77
182 6 14 77
1803 5 12 78
1752 5 13 78
1975 5 14 78
4499 4 12 79
3389 4 13 79
4563 4 14 79
4253 7 18 80
1296 6 18 80
2221 5 18 80
3483 7 17 80
877 6 17 80
3168 5 17 80
3081 7 16 80
113 6 16 80
2333 5 16 80
1185 7 19 81
2022 6 19 81
1804 5 19 81
4126 4 19 81
3273 3 19 82
4089 3 18 82
3607 3 12 82
473 3 13 82
91 3 14 82
580 1 19 83
1942 1 18 83
1627 2 19 83
3370 2 18 83
2514 4 18 83
2335 2 12 84
944 2 13 84
527 2 14 84
4231 0 19 84
2754 0 18 84
762 0 17 84
3541 1 17 84
3794 2 17 84
2988 3 17 84
3331 3 16 84
4065 1 16 85
4286 1 12 85
511 1 13 85
2928 1 14 85
1142 2 16 85
3213 4 17 85
1343 18 0 85
17 18 1 85
259 7 0 85
1340 6 0 85
83 10 19 86
1640 10 18 86
1146 0 16 86
3932 0 12 86
1641 0 13 86
2833 0 14 86
3732 0 15 86
613 1 15 86
2008 2 15 86
2001 3 15 86
1410 8 19 87
4267 8 18 87
3433 8 16 87
3220 8 17 87
1231 9 19 87
3875 9 18 87
1166 9 16 87
666 9 17 87
1726 15 9 89
1291 14 9 89
4366 13 9 89
1589 15 8 89
1789 14 8 89
4558 13 8 89
3816 19 3 89
2614 19 4 89
290 19 5 89
2244 19 6 89
4516 15 10 90
1820 14 10 90
2583 13 10 90
2391 15 12 91
3060 14 12 91
2753 13 12 91
3351 15 11 91
1776 14 11 91
4396 13 11 91
173 12 11 91
2901 12 10 91
2175 12 9 91
2363 12 8 91
2776 11 8 91
43 10 8 91
3851 15 6 91
3597 11 10 92
3581 10 10 92
1416 11 9 92
4278 10 9 92
2895 15 19 92
2739 15 18 92
2200 15 17 92
729 15 16 92
4528 15 15 92
905 15 14 92
956 12 0 92
4033 12 1 92
466 12 2 92
2045 12 3 92
3908 12 4 92
537 12 5 92
1605 12 6 92
973 11 4 92
40 11 5 92
2963 6 6 92
4531 5 6 92
4377 4 6 92
10134 milli sec 
point:396300
