750
3182 0 4 1
4322 0 3 1
3313 0 2 1
5361 0 1 1
1831 0 0 1
1652 1 4 1
4258 1 3 1
4612 1 2 1
5316 1 1 1
3211 1 0 1
4469 2 4 1
2215 2 3 1
3379 2 2 1
151 2 1 1
5472 2 0 1
554 3 4 1
1157 3 3 1
4542 3 2 1
5153 3 1 1
3282 3 0 1
5398 0 10 1
4804 0 9 1
495 0 8 1
569 0 7 1
1221 0 6 1
1799 0 5 1
4956 1 10 1
4085 1 9 1
5492 1 8 1
689 1 7 1
2646 1 6 1
1456 1 5 1
4606 2 10 1
1578 2 9 1
5434 2 8 1
1315 2 7 1
4206 2 6 1
5234 2 5 1
5559 3 10 1
754 3 9 1
1848 3 8 1
3432 3 7 1
4403 3 6 1
1476 3 5 1
456 0 14 1
872 0 13 1
5443 0 12 1
2725 0 11 1
3439 1 14 1
4428 1 13 1
591 1 12 1
523 1 11 1
471 2 14 1
4281 2 13 1
5270 2 12 1
5096 2 11 1
2063 3 14 1
692 3 13 1
3999 3 12 1
2191 3 11 1
271 0 19 1
86 0 18 1
2357 0 17 1
5195 0 16 1
4052 0 15 1
3157 1 19 1
2628 1 18 1
1078 1 17 1
3204 1 16 1
3881 1 15 1
2142 2 19 1
4581 2 18 1
221 2 17 1
1179 2 16 1
868 2 15 1
4545 3 19 1
1909 3 18 1
5345 3 17 1
3823 3 16 1
3894 3 15 1
2737 4 19 1
2768 4 18 1
5020 4 17 1
3883 4 16 1
4036 4 15 1
4426 7 19 1
3649 6 19 1
1426 5 19 1
4375 7 18 1
5200 6 18 1
1481 5 18 1
4633 7 17 1
2564 6 17 1
2507 5 17 1
3899 7 16 1
2509 6 16 1
2949 5 16 1
3572 19 19 1
3541 18 19 1
4744 17 19 1
388 16 19 1
1540 15 19 1
3174 14 19 1
1553 13 19 1
4515 12 19 1
3585 11 19 1
1184 10 19 1
4078 9 19 1
1515 8 19 1
1283 19 18 1
1826 18 18 1
434 17 18 1
2681 16 18 1
790 15 18 1
1211 14 18 1
3392 13 18 1
2541 12 18 1
3668 11 18 1
4501 10 18 1
2363 9 18 1
2925 8 18 1
5436 19 17 1
121 18 17 1
4824 17 17 1
5343 16 17 1
3081 15 17 1
4969 14 17 1
2216 13 17 1
4948 12 17 1
3358 11 17 1
3975 10 17 1
1785 9 17 1
1172 8 17 1
1877 19 16 1
4371 18 16 1
1356 17 16 1
2757 16 16 1
3591 15 16 1
5277 14 16 1
3910 13 16 1
3158 12 16 1
2149 11 16 1
858 10 16 1
4856 9 16 1
1560 8 16 1
432 19 10 1
4795 19 11 1
3202 19 12 1
1491 19 13 1
2033 19 14 1
25 19 15 1
2781 18 10 1
927 18 11 1
3602 18 12 1
2274 18 13 1
2018 18 14 1
3235 18 15 1
5108 17 10 1
4802 17 11 1
213 17 12 1
4926 17 13 1
408 17 14 1
3533 17 15 1
3620 16 10 1
3446 16 11 1
5082 16 12 1
2172 16 13 1
454 16 14 1
353 16 15 1
1979 19 0 1
3737 19 1 1
5124 19 2 1
5307 19 3 1
1716 19 4 1
951 19 5 1
2189 19 6 1
2030 19 7 1
3962 19 8 1
1239 19 9 1
2785 18 0 1
991 18 1 1
5202 18 2 1
4154 18 3 1
3429 18 4 1
5599 18 5 1
4602 18 6 1
5478 18 7 1
2106 18 8 1
4302 18 9 1
5268 17 0 1
37 17 1 1
1800 17 2 1
422 17 3 1
1268 17 4 1
3065 17 5 1
3286 17 6 1
22 17 7 1
3666 17 8 1
5441 17 9 1
257 16 0 1
3796 16 1 1
1554 16 2 1
1043 16 3 1
1914 16 4 1
4599 16 5 1
5320 16 6 1
2069 16 7 1
1304 16 8 1
3361 16 9 1
4344 15 0 1
4449 15 1 1
3230 15 2 1
1115 15 3 1
1768 15 4 1
1860 15 5 1
2519 15 6 1
1185 15 7 1
4460 15 8 1
3784 15 9 1
1002 15 10 1
1527 15 11 1
3714 15 12 1
5222 15 13 1
2942 15 14 1
3670 15 15 1
3219 11 7 1
2102 11 8 1
4598 11 9 1
926 12 7 1
5023 12 8 1
5486 12 9 1
3693 13 0 1
1173 13 1 1
4130 13 2 1
3497 13 3 1
88 13 4 1
1409 13 5 1
5395 13 6 1
4549 13 7 1
1669 13 8 1
2085 13 9 1
144 13 10 1
3895 13 11 1
1982 14 0 1
2943 14 1 1
4162 14 2 1
1992 14 3 1
5232 14 4 1
4251 14 5 1
3805 14 6 1
1207 14 7 1
1170 14 8 1
631 14 9 1
1649 14 10 1
2618 14 11 1
4277 14 12 1
3544 14 13 1
3893 14 14 1
622 14 15 1
3399 13 15 1
3876 12 15 1
2283 11 15 1
3512 10 15 1
1045 9 15 1
3381 8 15 1
3035 7 15 1
4707 6 15 1
2496 5 15 1
4594 13 12 1
2076 13 13 1
5409 13 14 1
4618 12 10 1
4380 12 11 1
2522 12 12 1
3839 12 13 1
1234 12 14 1
4265 11 10 1
2599 11 11 1
4957 11 12 1
4523 11 13 1
218 11 14 1
2240 10 10 1
4108 10 11 1
4720 10 12 1
2550 10 13 1
1236 10 14 1
4626 9 14 1
4759 8 14 1
4692 7 14 1
5010 6 14 1
866 5 14 1
4077 4 14 1
5009 9 13 1
3438 8 13 1
640 7 13 1
1585 6 13 1
4615 5 13 1
2420 4 13 1
5335 9 12 1
3367 8 12 1
396 7 12 1
4646 6 12 1
4638 5 12 1
40 4 12 1
2867 9 11 1
4703 8 11 1
3338 7 11 1
3325 6 11 1
441 5 11 1
4722 4 11 1
5209 9 10 1
5402 8 10 1
1980 7 10 1
1981 6 10 1
2933 5 10 1
1622 4 10 1
2637 6 9 1
2658 5 9 1
611 4 9 1
2205 6 8 1
4284 5 8 1
1277 4 8 1
1208 6 7 1
5117 5 7 1
5251 4 7 1
176 6 6 1
4468 5 6 1
1977 4 6 1
5289 8 5 1
1048 7 5 1
717 6 5 1
1575 5 5 1
1967 4 5 1
5612 8 4 1
1610 7 4 1
2071 6 4 1
2907 5 4 1
3240 4 4 1
4377 7 9 1
901 7 8 1
384 7 7 1
3393 7 6 1
4319 8 9 1
4603 8 8 1
2561 8 7 1
4647 8 6 1
3453 10 9 1
5582 9 9 1
3917 10 8 1
319 9 8 1
4878 10 7 1
895 9 7 1
2365 12 6 1
1129 11 6 1
3365 10 6 1
4564 9 6 1
2573 12 5 1
5385 11 5 1
2184 10 5 1
4310 9 5 1
3916 12 4 1
5274 11 4 1
5348 10 4 1
1731 9 4 1
2339 12 3 1
3929 11 3 1
3907 10 3 1
1563 9 3 1
3730 8 3 1
3409 7 3 1
5446 6 3 1
5045 5 3 1
2335 4 3 1
1483 12 2 1
3208 11 2 1
1398 10 2 1
2101 9 2 1
2266 8 2 1
2543 7 2 1
1574 6 2 1
5452 5 2 1
1492 4 2 1
714 12 1 1
250 11 1 1
2119 10 1 1
4424 9 1 1
4565 8 1 1
3771 7 1 1
1658 6 1 1
2841 5 1 1
3584 4 1 1
2751 12 0 1
1961 11 0 1
4061 10 0 1
2035 9 0 1
2969 8 0 1
3708 7 0 1
3558 6 0 1
1303 5 0 1
2217 4 0 1
5106 12 0 30
1950 11 0 30
718 10 0 30
3575 9 0 30
2458 8 0 30
3660 7 0 30
1229 6 0 30
3531 5 0 30
50 12 1 31
414 11 1 31
1324 10 1 31
5139 9 1 31
3152 8 1 31
764 7 1 31
2985 6 1 31
1884 5 1 31
2606 12 2 34
4560 11 2 34
2938 10 2 34
2472 9 2 34
4885 8 2 34
303 7 2 34
1291 6 2 34
4751 5 2 34
2487 12 3 37
3464 11 3 37
2289 10 3 37
428 12 4 38
1584 11 4 38
2562 10 4 38
5053 12 5 39
4690 11 5 39
5115 10 5 39
1986 10 8 41
1707 10 7 41
3287 12 6 41
5249 11 6 41
248 10 6 41
2435 8 9 42
5330 8 8 42
1366 8 7 42
1976 10 9 42
770 9 9 42
710 9 8 42
4978 9 7 42
1948 7 9 43
4653 7 8 43
2839 7 7 43
4169 7 6 43
1059 8 6 43
223 9 6 43
4539 9 5 43
1290 9 4 43
4850 9 3 43
397 8 3 43
1192 7 3 43
2349 6 3 43
5344 5 3 43
5546 8 4 44
4742 7 4 44
423 6 4 44
4317 5 4 44
2889 8 5 45
2250 7 5 45
2529 6 5 45
5364 5 5 45
2452 6 6 46
4964 5 6 46
2204 6 8 47
874 5 8 47
5323 6 7 47
3726 5 7 47
4391 9 10 48
3356 8 10 48
210 7 10 48
5255 6 10 48
4905 5 10 48
1548 6 9 48
1022 5 9 48
2259 9 11 49
5073 8 11 49
5047 7 11 49
2262 6 11 49
1436 5 11 49
3254 9 12 50
1428 8 12 50
1683 7 12 50
2506 6 12 50
5160 5 12 50
4478 9 13 51
4752 8 13 51
5163 7 13 51
2947 6 13 51
958 5 13 51
3495 10 10 52
4912 10 11 52
302 10 12 52
2280 10 13 52
1288 11 10 53
4621 11 11 53
2185 11 12 53
5126 11 13 53
3056 13 12 54
5383 13 13 54
2047 13 14 54
1940 12 10 54
5589 12 11 54
811 12 12 54
4288 12 13 54
483 12 14 54
843 11 14 54
2962 10 14 54
1101 9 14 54
3280 8 14 54
3277 7 14 54
834 6 14 54
3169 14 0 58
4811 14 1 58
3067 14 2 58
628 14 3 58
3068 14 4 58
32 14 5 58
2233 14 6 58
2863 14 7 58
3026 14 8 58
668 14 9 58
2255 14 10 58
1260 13 0 61
3537 13 1 61
2437 13 2 61
767 13 3 61
4171 13 4 61
2728 13 5 61
3780 13 6 61
4915 13 7 61
2782 13 8 61
5145 11 7 62
4039 11 8 62
2732 11 9 62
1374 12 7 62
1095 12 8 62
3951 12 9 62
1385 13 9 62
1705 13 10 62
2901 13 11 62
3993 14 11 62
4716 14 12 62
4986 14 13 62
1289 14 14 62
2112 15 0 66
4520 15 1 66
3662 15 2 66
4705 15 3 66
2223 15 4 66
1972 15 5 66
5046 15 6 66
828 15 7 66
3090 15 8 66
5263 16 0 70
3756 16 1 70
3523 16 2 70
4262 16 3 70
5603 16 4 70
2292 16 5 70
3045 16 6 70
5097 16 7 70
3605 16 8 70
5331 17 0 72
2945 17 1 72
752 17 2 72
2815 17 3 72
2890 17 4 72
4588 17 5 72
3402 17 6 72
2433 17 7 72
3360 17 8 72
2919 18 0 73
383 18 1 73
2320 18 2 73
1727 18 3 73
2713 18 4 73
789 18 5 73
4221 18 6 73
4222 18 7 73
234 18 8 73
3459 16 10 75
3138 16 11 75
3412 16 12 75
1088 16 13 75
3486 16 14 75
1305 19 0 75
2040 19 1 75
3467 19 2 75
1843 19 3 75
4770 19 4 75
4635 19 5 75
791 19 6 75
1164 19 7 75
3010 19 8 75
2993 19 9 75
1030 18 9 75
4155 17 9 75
885 16 9 75
3327 17 10 76
1009 17 11 76
3687 17 12 76
971 17 13 76
484 17 14 76
4566 18 10 77
723 18 11 77
3172 18 12 77
4800 18 13 77
3384 18 14 77
2312 19 10 78
4908 19 11 78
4977 19 12 78
409 19 13 78
4123 19 14 78
5437 19 15 78
5426 19 16 80
875 18 16 80
71 17 16 80
3494 16 16 80
4345 15 16 80
3218 14 16 80
5050 13 16 80
2639 12 16 80
1810 11 16 80
5011 10 16 80
3638 9 16 80
2145 12 6 80
877 11 6 80
3167 10 6 80
4015 10 7 81
3864 19 17 82
3419 18 17 82
3659 17 17 82
630 16 17 82
5438 15 17 82
148 14 17 82
5399 13 17 82
1367 12 17 82
2703 11 17 82
3612 10 17 82
4768 9 17 82
1865 8 4 82
488 7 4 82
2061 6 4 82
1053 5 4 82
1604 19 18 83
2011 18 18 83
2663 17 18 83
1244 16 18 83
2384 15 18 83
2394 14 18 83
2753 13 18 83
4264 12 18 83
4738 11 18 83
3513 10 18 83
2428 9 18 83
3673 19 19 84
577 18 19 84
4459 17 19 84
1167 16 19 84
1212 15 19 84
1281 14 19 84
4866 13 19 84
402 12 19 84
5587 11 19 84
381 10 19 84
247 9 19 84
1770 8 19 84
1805 8 18 84
3722 8 17 84
5365 8 16 84
1027 7 17 85
2114 6 17 85
1757 7 16 85
4517 6 16 85
813 10 9 85
4522 9 9 85
3161 7 19 86
3188 6 19 86
2853 5 19 86
4608 7 18 86
4723 6 18 86
3302 5 18 86
3808 5 17 86
3820 5 16 86
1922 4 19 87
1485 4 18 87
1682 4 17 87
3418 4 16 87
4589 3 19 88
4081 3 18 88
3712 3 17 88
4502 3 16 88
2788 6 7 88
3956 5 7 88
2421 2 19 89
1327 2 18 89
5064 2 17 89
4844 2 16 89
5337 6 9 89
545 5 9 89
1819 1 19 90
4202 1 18 90
4433 1 17 90
2090 1 16 90
1567 8 5 91
5319 7 5 91
1136 6 5 91
4282 5 5 91
3404 3 14 92
5066 3 13 92
2480 3 12 92
4826 0 19 92
4644 0 18 92
5114 0 17 92
1408 0 16 92
1495 0 15 92
5450 1 15 92
4190 2 15 92
24 3 15 92
2662 4 15 92
2354 11 8 92
3121 11 9 92
1514 12 7 92
857 12 8 92
2884 12 9 92
4960 9 11 92
722 8 11 92
725 7 11 92
5346 6 11 92
4232 5 11 92
4314 11 5 92
2769 10 5 92
4393 10 0 92
5134 9 0 92
3326 8 0 92
2267 7 0 92
3548 6 0 92
2218 5 0 92
328 1 14 93
1590 1 13 93
2848 1 12 93
3122 2 14 93
444 2 13 93
1273 2 12 93
4535 18 15 93
11980 milli sec 
point:433725
