740
566 0 12 1
790 0 11 1
2925 0 10 1
1685 0 9 1
3356 0 8 1
2498 0 7 1
1629 0 6 1
4003 0 5 1
2438 0 4 1
809 0 3 1
1478 0 2 1
3499 0 1 1
1605 0 0 1
1070 1 12 1
2174 1 11 1
592 1 10 1
2019 1 9 1
3522 1 8 1
3670 1 7 1
1602 1 6 1
2346 1 5 1
2938 1 4 1
2561 1 3 1
2106 1 2 1
3322 1 1 1
2467 1 0 1
1699 0 19 1
3418 0 18 1
861 0 17 1
2490 0 16 1
1551 0 15 1
1889 0 14 1
3963 0 13 1
2466 1 19 1
866 1 18 1
3162 1 17 1
1335 1 16 1
2495 1 15 1
3246 1 14 1
676 1 13 1
2734 2 19 1
3278 2 18 1
1064 2 17 1
253 2 16 1
707 2 15 1
1767 2 14 1
3567 2 13 1
3353 3 19 1
1974 3 18 1
2280 3 17 1
3403 3 16 1
1394 3 15 1
2264 3 14 1
3952 3 13 1
641 4 19 1
2314 4 18 1
4077 4 17 1
2150 4 16 1
848 4 15 1
1167 4 14 1
3834 4 13 1
3229 5 19 1
2622 5 18 1
3471 5 17 1
1777 5 16 1
2170 5 15 1
3874 5 14 1
3415 5 13 1
179 19 19 1
801 18 19 1
2429 17 19 1
942 16 19 1
3207 15 19 1
2205 14 19 1
2719 13 19 1
1098 12 19 1
1946 11 19 1
533 10 19 1
3374 9 19 1
2814 8 19 1
1625 7 19 1
131 6 19 1
984 19 18 1
373 18 18 1
2584 17 18 1
118 16 18 1
1509 15 18 1
2125 14 18 1
97 13 18 1
3069 12 18 1
2040 11 18 1
3898 10 18 1
2460 9 18 1
1770 8 18 1
554 7 18 1
2341 6 18 1
2725 19 17 1
2123 18 17 1
1414 17 17 1
990 16 17 1
3339 15 17 1
3944 14 17 1
124 13 17 1
1275 12 17 1
760 11 17 1
2629 10 17 1
925 9 17 1
1576 8 17 1
2132 7 17 1
1147 6 17 1
2599 19 16 1
3001 18 16 1
3824 17 16 1
247 16 16 1
29 15 16 1
1324 14 16 1
2558 13 16 1
3088 12 16 1
4043 11 16 1
2204 10 16 1
1046 9 16 1
696 8 16 1
1083 7 16 1
38 6 16 1
3055 19 7 1
2653 19 8 1
2488 19 9 1
3802 19 10 1
3752 19 11 1
4035 19 12 1
2282 19 13 1
349 19 14 1
1409 19 15 1
1947 18 7 1
313 18 8 1
3664 18 9 1
1362 18 10 1
2135 18 11 1
3058 18 12 1
1129 18 13 1
225 18 14 1
2284 18 15 1
3650 17 7 1
2912 17 8 1
2110 17 9 1
3918 17 10 1
3869 17 11 1
460 17 12 1
4053 17 13 1
2958 17 14 1
417 17 15 1
337 16 7 1
818 16 8 1
3757 16 9 1
402 16 10 1
1501 16 11 1
1644 16 12 1
3446 16 13 1
1842 16 14 1
3833 16 15 1
302 10 0 1
1658 10 1 1
229 10 2 1
3367 10 3 1
1162 10 4 1
2905 10 5 1
2250 10 6 1
3913 10 7 1
931 10 8 1
1811 10 9 1
1446 10 10 1
2424 10 11 1
2176 10 12 1
3591 11 0 1
340 11 1 1
3599 11 2 1
2782 11 3 1
397 11 4 1
4007 11 5 1
2232 11 6 1
2934 11 7 1
3556 11 8 1
3737 11 9 1
3731 11 10 1
1528 11 11 1
2292 11 12 1
3448 12 0 1
1695 12 1 1
684 12 2 1
1417 12 3 1
3615 12 4 1
3290 12 5 1
1061 12 6 1
2903 12 7 1
3602 12 8 1
2382 12 9 1
787 12 10 1
3419 12 11 1
2689 12 12 1
960 12 13 1
2319 12 14 1
3259 13 0 1
3315 13 1 1
2311 13 2 1
936 13 3 1
2471 13 4 1
1155 13 5 1
3317 13 6 1
3673 13 7 1
736 13 8 1
128 13 9 1
286 13 10 1
1141 13 11 1
3624 13 12 1
1111 13 13 1
4076 13 14 1
3074 19 0 1
842 19 1 1
2121 19 2 1
867 19 3 1
3796 19 4 1
2026 19 5 1
2213 19 6 1
3084 18 0 1
1914 18 1 1
1460 18 2 1
2520 18 3 1
2952 18 4 1
137 18 5 1
2203 18 6 1
3885 17 0 1
3655 17 1 1
2936 17 2 1
1075 17 3 1
112 17 4 1
1054 17 5 1
1610 17 6 1
3830 16 0 1
3003 16 1 1
33 16 2 1
3512 16 3 1
1596 16 4 1
1161 16 5 1
951 16 6 1
208 15 0 1
3203 15 1 1
1187 15 2 1
1519 15 3 1
98 15 4 1
2179 15 5 1
335 15 6 1
735 14 0 1
385 14 1 1
937 14 2 1
860 14 3 1
3832 14 4 1
2154 14 5 1
1669 14 6 1
2747 14 7 1
1142 14 8 1
1339 14 9 1
2052 14 10 1
2278 14 11 1
3132 14 12 1
1166 14 13 1
1239 14 14 1
726 15 7 1
789 15 8 1
3205 15 9 1
2946 15 10 1
3086 15 11 1
3943 15 12 1
1146 15 13 1
667 15 14 1
2461 15 15 1
2196 14 15 1
2515 13 15 1
2208 12 15 1
2736 11 15 1
2745 10 15 1
2083 9 15 1
582 8 15 1
2726 7 15 1
1076 6 15 1
1186 11 14 1
971 10 14 1
1407 9 14 1
2908 8 14 1
3109 7 14 1
3769 6 14 1
2023 11 13 1
3477 10 13 1
2606 9 13 1
1617 8 13 1
3997 7 13 1
2502 6 13 1
2005 9 12 1
257 8 12 1
78 7 12 1
2088 6 12 1
2449 5 12 1
514 4 12 1
900 3 12 1
661 2 12 1
1245 9 11 1
205 8 11 1
3578 7 11 1
1720 6 11 1
2306 5 11 1
3010 4 11 1
1257 3 11 1
911 2 11 1
2864 9 10 1
804 8 10 1
928 7 10 1
3227 6 10 1
2985 5 10 1
723 4 10 1
1796 3 10 1
3370 2 10 1
1138 9 9 1
1710 8 9 1
309 7 9 1
616 6 9 1
3764 5 9 1
2722 4 9 1
3800 3 9 1
2981 2 9 1
446 9 8 1
195 8 8 1
2440 7 8 1
2166 6 8 1
1651 5 8 1
2647 4 8 1
1353 3 8 1
3423 2 8 1
1622 9 7 1
476 8 7 1
451 7 7 1
3713 6 7 1
2687 5 7 1
1251 4 7 1
3469 3 7 1
1645 2 7 1
1631 9 6 1
2407 8 6 1
3544 7 6 1
3779 6 6 1
1689 5 6 1
678 4 6 1
3005 3 6 1
2913 2 6 1
1345 9 5 1
1550 8 5 1
2168 7 5 1
3723 6 5 1
2861 5 5 1
1997 4 5 1
852 3 5 1
3629 2 5 1
1466 9 4 1
3983 8 4 1
3729 7 4 1
1370 6 4 1
1591 5 4 1
3886 4 4 1
2300 3 4 1
3589 2 4 1
2592 9 3 1
3107 8 3 1
3479 7 3 1
2548 6 3 1
3560 5 3 1
1731 4 3 1
1531 3 3 1
1356 2 3 1
733 9 2 1
1885 8 2 1
3296 7 2 1
1880 6 2 1
1127 5 2 1
1185 4 2 1
2373 3 2 1
3137 2 2 1
1613 9 1 1
3915 8 1 1
1223 7 1 1
3552 6 1 1
3338 5 1 1
586 4 1 1
1380 3 1 1
2963 2 1 1
746 9 0 1
865 8 0 1
1793 7 0 1
3682 6 0 1
1663 5 0 1
1099 4 0 1
3947 3 0 1
3562 2 0 1
3012 9 0 26
2995 8 0 26
2004 7 0 26
95 6 0 26
3657 5 0 26
3808 4 0 26
3780 3 0 26
775 9 1 28
2389 8 1 28
803 7 1 28
1234 6 1 28
1547 5 1 28
1619 4 1 28
2476 3 1 28
1448 9 2 30
2357 8 2 30
3196 7 2 30
683 6 2 30
1016 5 2 30
3600 4 2 30
341 3 2 30
807 9 3 31
1586 8 3 31
1816 7 3 31
2181 6 3 31
1361 5 3 31
2893 4 3 31
1836 3 3 31
2602 9 4 33
713 8 4 33
3366 7 4 33
1677 6 4 33
149 5 4 33
2589 4 4 33
3311 3 4 33
1481 9 5 35
525 8 5 35
3870 7 5 35
145 6 5 35
3151 5 5 35
954 4 5 35
3601 3 5 35
1151 9 6 36
2887 8 6 36
2321 7 6 36
3603 6 6 36
2623 5 6 36
2626 4 6 36
1419 3 6 36
748 9 7 38
2971 8 7 38
353 7 7 38
3720 6 7 38
3454 5 7 38
3836 4 7 38
2876 3 7 38
2017 9 8 40
1134 8 8 40
3006 7 8 40
3100 6 8 40
2805 5 8 40
2992 4 8 40
2485 3 8 40
702 9 9 41
346 8 9 41
1877 7 9 41
1787 6 9 41
1978 5 9 41
434 4 9 41
3218 3 9 41
3747 9 10 42
3845 8 10 42
3733 7 10 42
419 6 10 42
272 5 10 42
1452 4 10 42
3788 3 10 42
611 9 11 44
2692 8 11 44
2763 7 11 44
2715 6 11 44
3395 5 11 44
2210 4 11 44
2744 3 11 44
1522 9 12 46
2607 8 12 46
74 7 12 46
3959 11 14 47
604 10 14 47
2241 9 14 47
487 8 14 47
1055 7 14 47
1045 11 13 47
862 10 13 47
3984 9 13 47
2996 8 13 47
999 7 13 47
2565 15 7 51
1103 15 8 51
2002 15 9 51
3436 15 10 51
1040 15 11 51
2408 15 12 51
54 15 13 51
2927 14 0 53
2939 14 1 53
2058 14 2 53
3122 14 3 53
594 14 4 53
3099 14 5 53
330 15 0 55
3453 15 1 55
3440 15 2 55
4041 15 3 55
889 15 4 55
1219 15 5 55
461 17 0 57
2686 17 1 57
3491 17 2 57
2732 17 3 57
1905 17 4 57
1959 17 5 57
1020 16 0 57
637 16 1 57
3595 16 2 57
3919 16 3 57
3529 16 4 57
1261 16 5 57
3770 19 0 59
305 19 1 59
2352 19 2 59
2327 19 3 59
725 19 4 59
151 19 5 59
1461 19 6 59
2777 18 0 59
3041 18 1 59
987 18 2 59
2615 18 3 59
2612 18 4 59
2066 18 5 59
1120 18 6 59
116 17 6 59
3777 16 6 59
2902 15 6 59
3416 14 6 59
2643 14 7 59
3865 14 8 59
193 14 9 59
2860 14 10 59
1450 14 11 59
68 14 12 59
1850 14 13 59
4025 13 0 63
8 13 1 63
1318 13 2 63
2527 13 3 63
2680 13 4 63
540 13 5 63
901 13 6 63
4019 13 7 63
3450 13 8 63
1679 13 9 63
3605 13 10 63
882 13 11 63
2396 13 12 63
1473 13 13 63
2112 12 0 64
3859 12 1 64
840 12 2 64
3938 12 3 64
1762 12 4 64
3841 12 5 64
83 12 6 64
2011 12 7 64
2575 12 8 64
2263 12 9 64
2631 12 10 64
2246 12 11 64
2265 11 0 67
3032 11 1 67
372 11 2 67
406 11 3 67
1648 11 4 67
69 11 5 67
3645 11 6 67
1228 11 7 67
2577 11 8 67
963 11 9 67
3530 11 10 67
2977 11 11 67
3411 10 0 70
664 10 1 70
1085 10 2 70
2869 10 3 70
1048 10 4 70
2360 10 5 70
350 10 6 70
853 10 7 70
469 10 8 70
1487 10 9 70
786 10 10 70
1301 10 11 70
3094 10 12 70
1890 11 12 70
296 16 7 71
1375 16 8 71
284 16 9 71
169 16 10 71
1740 16 11 71
47 16 12 71
4000 16 13 71
1713 16 14 71
3089 17 7 74
2206 17 8 74
3785 17 9 74
3598 17 10 74
1330 17 11 74
1007 17 12 74
2444 17 13 74
176 17 14 74
1427 18 7 76
1267 18 8 76
2791 18 9 76
2928 18 10 76
3726 18 11 76
3998 18 12 76
2955 18 13 76
3011 18 14 76
1743 19 7 77
3892 19 8 77
3470 19 9 77
1367 19 10 77
886 19 11 77
1934 19 12 77
1854 19 13 77
1841 19 14 77
706 19 15 77
1131 18 15 77
2353 17 15 77
233 19 16 80
3068 18 16 80
280 17 16 80
1084 16 16 80
3718 15 16 80
3159 14 16 80
1975 13 16 80
289 12 16 80
3172 11 16 80
3965 10 16 80
3269 9 16 80
2080 8 16 80
1534 7 16 80
150 19 17 84
435 18 17 84
3783 17 17 84
3525 16 17 84
2552 15 17 84
2806 14 17 84
519 13 17 84
3526 12 17 84
1765 11 17 84
1540 10 17 84
76 9 17 84
3064 8 17 84
3928 7 17 84
1761 19 18 86
2401 18 18 86
275 17 18 86
648 16 18 86
3095 15 18 86
1171 14 18 86
619 13 18 86
869 12 18 86
598 11 18 86
1022 10 18 86
2839 9 18 86
509 8 18 86
3719 7 18 86
3051 11 13 87
2879 10 13 87
907 9 13 87
2478 8 13 87
2035 7 13 87
2532 9 1 89
903 8 1 89
2811 7 1 89
3596 6 1 89
4011 5 1 89
3358 4 1 89
1337 3 1 89
3323 19 19 90
1614 18 19 90
815 17 19 90
3281 16 19 90
3924 15 19 90
2674 14 19 90
2229 13 19 90
3474 12 19 90
1809 11 19 90
3814 10 19 90
343 9 19 90
711 8 19 90
1326 7 19 90
915 6 19 90
3739 6 18 90
3867 6 17 90
398 6 16 90
3146 18 0 90
814 18 1 90
1747 18 2 90
1212 18 3 90
1051 18 4 90
2641 18 5 90
531 7 3 90
750 6 3 90
2230 5 3 90
1002 4 3 90
3792 3 3 90
3572 5 19 91
2681 5 18 91
1515 5 17 91
1545 5 16 91
1906 5 15 91
2503 5 14 91
3821 9 12 91
1465 8 12 91
2419 7 12 91
3368 7 2 91
2906 6 2 91
3331 5 2 91
3091 4 2 91
2962 3 2 91
3694 9 0 91
2307 8 0 91
1516 7 0 91
669 6 0 91
3097 5 0 91
3324 4 0 91
3671 3 0 91
9276 milli sec 
point:391925
