739
3866 0 7 1
6387 0 6 1
3860 0 5 1
1728 0 4 1
1350 0 3 1
5984 0 0 1
5814 0 1 1
440 0 2 1
5253 3 7 1
4538 2 7 1
4900 1 7 1
317 3 6 1
3626 2 6 1
5156 1 6 1
6214 3 5 1
4655 2 5 1
1513 1 5 1
5630 1 4 1
3349 1 3 1
2501 1 0 1
5758 1 1 1
4225 1 2 1
3536 2 4 1
1877 2 3 1
5265 2 2 1
73 2 1 1
631 2 0 1
5068 3 4 1
370 3 3 1
1411 3 2 1
737 3 1 1
3216 3 0 1
2109 4 3 1
2426 4 2 1
1834 4 1 1
2133 4 0 1
2457 5 3 1
5063 4 4 1
3162 4 5 1
5052 4 6 1
5102 4 7 1
2434 5 8 1
4108 6 3 1
2059 6 4 1
3223 6 5 1
2666 5 4 1
5590 5 5 1
2540 5 6 1
5502 5 7 1
67 6 8 1
5762 6 7 1
1010 6 6 1
3047 7 8 1
3766 7 7 1
3014 7 3 1
2656 7 4 1
662 7 5 1
2226 7 6 1
3790 8 7 1
3855 8 4 1
5547 8 5 1
1290 8 6 1
3487 9 7 1
3110 9 4 1
858 9 5 1
2006 9 6 1
4539 10 7 1
5323 12 8 1
5443 12 7 1
3117 0 16 1
5907 0 12 1
5567 0 13 1
1018 0 14 1
4051 0 15 1
813 1 16 1
5160 1 12 1
1643 1 13 1
5830 1 14 1
2220 1 15 1
4992 2 16 1
611 2 12 1
5406 2 13 1
3144 2 14 1
2768 2 15 1
2162 3 17 1
3815 3 16 1
3649 3 15 1
2369 3 14 1
2263 0 19 1
162 0 17 1
5035 0 18 1
1112 1 19 1
1607 1 17 1
5998 1 18 1
5662 2 19 1
4960 2 17 1
4810 2 18 1
3992 3 19 1
5203 3 18 1
766 6 19 1
5082 5 19 1
3377 4 19 1
495 6 18 1
3420 5 18 1
6203 4 18 1
2395 7 19 1
5813 7 18 1
1996 8 19 1
3801 8 18 1
1742 10 19 1
1771 9 19 1
5122 10 18 1
5990 9 18 1
2564 10 16 1
5367 10 17 1
1955 9 16 1
201 9 17 1
1122 8 16 1
2335 8 17 1
395 7 16 1
5097 7 17 1
4152 6 16 1
4047 6 17 1
1997 5 16 1
6220 5 17 1
5733 4 17 1
558 4 16 1
3508 4 15 1
5647 4 14 1
1065 5 15 1
4919 0 11 1
2420 0 10 1
4229 0 8 1
5438 0 9 1
1601 1 11 1
4390 1 10 1
1031 1 8 1
6422 1 9 1
3545 2 11 1
2238 2 10 1
2850 2 8 1
2654 2 9 1
1675 3 8 1
1583 3 9 1
413 3 10 1
4226 3 11 1
4957 3 12 1
1561 3 13 1
1374 4 8 1
3381 4 9 1
6185 4 10 1
6380 4 11 1
2522 4 12 1
4891 4 13 1
5430 7 9 1
5182 7 10 1
1444 7 11 1
5955 7 12 1
2969 6 9 1
3751 6 10 1
1960 6 11 1
1941 6 12 1
4581 5 9 1
680 5 10 1
4353 5 11 1
1995 5 12 1
1783 5 13 1
5188 5 14 1
174 6 15 1
3780 6 13 1
254 6 14 1
2056 7 15 1
905 7 13 1
4698 7 14 1
1216 8 15 1
2936 8 14 1
5490 8 13 1
1595 8 12 1
4527 8 11 1
5095 8 8 1
5470 8 9 1
5290 8 10 1
468 10 15 1
1546 9 15 1
3247 10 14 1
1319 9 14 1
4309 10 13 1
527 9 13 1
1296 10 12 1
4331 9 12 1
2411 9 11 1
6285 9 8 1
3932 9 9 1
173 9 10 1
583 10 11 1
2965 10 8 1
1020 10 9 1
4399 10 10 1
2251 11 12 1
2827 11 11 1
5604 11 7 1
801 11 8 1
4162 11 9 1
762 11 10 1
2222 12 11 1
2503 12 9 1
3142 12 10 1
3299 13 11 1
4030 13 10 1
443 13 9 1
5228 13 8 1
4391 13 7 1
3921 12 12 1
1108 13 13 1
4838 13 12 1
2302 11 13 1
533 11 14 1
3160 12 13 1
6272 12 14 1
6416 11 16 1
4220 11 15 1
2898 12 16 1
1673 12 15 1
3680 11 19 1
5512 11 18 1
3533 11 17 1
1302 12 19 1
2500 12 18 1
5978 12 17 1
2794 13 19 1
5506 13 18 1
517 13 17 1
3551 13 16 1
465 13 15 1
915 13 14 1
5164 15 19 1
6342 14 19 1
5085 15 18 1
5979 14 18 1
5132 15 17 1
1700 14 17 1
8 15 16 1
381 14 16 1
4631 15 15 1
2327 14 15 1
3292 15 14 1
4325 14 14 1
5779 15 13 1
2812 14 13 1
598 19 19 1
3181 18 19 1
2804 17 19 1
1083 16 19 1
5676 19 18 1
2214 18 18 1
3309 17 18 1
1913 16 18 1
1380 19 17 1
6356 18 17 1
4523 17 17 1
2700 16 17 1
5178 19 16 1
624 18 16 1
5496 17 16 1
4431 16 16 1
5704 19 15 1
852 18 15 1
2904 17 15 1
177 16 15 1
130 19 14 1
3669 18 14 1
3742 17 14 1
4383 16 14 1
2444 19 11 1
269 19 12 1
3592 19 13 1
408 18 11 1
5131 18 12 1
1544 18 13 1
5004 17 13 1
6115 16 13 1
2086 17 12 1
6348 16 12 1
1734 15 12 1
6371 14 12 1
1361 19 9 1
1500 19 10 1
6058 18 9 1
4771 18 10 1
1819 17 9 1
149 17 10 1
4240 17 11 1
923 16 9 1
5215 16 10 1
216 16 11 1
2284 15 9 1
2946 15 10 1
3704 15 11 1
2896 14 11 1
2957 14 10 1
3868 14 9 1
5881 19 8 1
2184 18 8 1
5349 17 8 1
5788 16 8 1
594 15 8 1
5356 14 8 1
2417 19 7 1
4357 18 7 1
5347 17 7 1
383 16 7 1
6417 15 7 1
4501 14 7 1
4734 19 6 1
4366 18 6 1
2028 17 6 1
5038 16 6 1
3269 15 6 1
1551 14 6 1
2448 13 6 1
693 12 6 1
678 11 6 1
3424 10 6 1
5850 19 3 1
1426 19 4 1
3133 19 5 1
2985 18 3 1
2861 18 4 1
889 18 5 1
5371 19 0 1
3279 19 1 1
3650 19 2 1
5001 18 0 1
5458 18 1 1
5884 18 2 1
528 17 0 1
1585 17 1 1
202 17 2 1
3909 17 3 1
4201 17 4 1
6254 17 5 1
1244 16 0 1
3092 16 1 1
4779 16 2 1
599 16 3 1
4748 16 4 1
3687 16 5 1
2158 13 2 1
5469 13 3 1
1663 14 2 1
3201 14 3 1
5453 13 0 1
1964 13 1 1
1645 14 0 1
3595 14 1 1
5654 15 0 1
1392 15 1 1
2999 15 2 1
3891 15 3 1
1268 15 4 1
5212 15 5 1
3386 14 4 1
5161 14 5 1
6338 13 4 1
926 13 5 1
1569 12 3 1
6028 12 4 1
6107 12 5 1
541 11 5 1
3754 10 5 1
731 11 4 1
3887 10 4 1
1557 11 3 1
559 10 3 1
4118 9 3 1
391 8 3 1
5372 12 0 1
5723 12 1 1
388 12 2 1
445 11 0 1
2155 11 1 1
6052 11 2 1
3 10 0 1
5943 10 1 1
294 10 2 1
3837 9 2 1
1008 8 2 1
97 7 2 1
4146 6 2 1
4978 5 2 1
4613 9 1 1
2470 8 1 1
4433 7 1 1
2733 6 1 1
1073 5 1 1
2943 9 0 1
6128 8 0 1
4473 7 0 1
2469 6 0 1
2973 5 0 1
346 9 0 31
240 8 0 31
1458 7 0 31
4696 6 0 31
5391 9 1 34
4139 8 1 34
4003 7 1 34
5696 6 1 34
4556 11 0 37
4758 11 1 37
5641 10 0 37
1693 10 1 37
1591 11 4 38
1679 11 3 38
4113 12 0 38
1253 12 1 38
4430 12 2 38
5957 11 2 38
4735 10 2 38
4457 9 2 38
1308 12 3 39
1775 12 4 39
2508 14 4 40
6232 13 4 40
5060 15 0 41
674 14 0 42
5283 14 2 43
3770 13 0 43
3297 13 1 43
5720 14 1 43
4802 15 1 43
4853 15 2 43
2111 13 2 44
4059 13 3 44
1286 14 3 44
3130 15 3 44
2022 15 4 44
4475 16 0 45
3638 16 1 45
2289 16 2 45
4086 16 3 45
3962 16 4 45
2227 17 0 46
4445 17 1 46
223 18 0 47
4012 18 1 47
51 18 3 48
5462 18 4 48
2609 19 0 48
5264 19 1 48
1081 19 2 48
1459 18 2 48
2627 17 2 48
2066 17 3 48
3676 17 4 48
6249 19 3 49
2807 19 4 49
5995 19 5 49
1883 18 5 49
6021 17 5 49
3613 19 7 51
5390 18 7 51
4669 17 7 51
739 16 7 51
1918 15 7 51
2749 19 6 51
2808 18 6 51
4307 17 6 51
5051 16 6 51
5622 15 6 51
617 19 8 52
3425 18 8 52
5996 17 8 52
1815 16 8 52
2613 15 8 52
2595 16 9 54
1324 16 10 54
3918 15 9 54
4409 15 10 54
3579 18 9 55
219 17 9 55
4189 17 12 56
1821 19 9 56
748 19 10 56
3196 18 10 56
4549 17 10 56
231 17 11 56
1471 16 11 56
1718 15 11 56
1120 18 11 57
5994 18 12 57
5878 19 11 58
786 19 12 58
2976 19 13 58
5254 18 13 58
1572 17 13 58
736 19 14 59
5535 18 14 59
2923 17 14 59
3501 19 16 60
2511 18 16 60
4011 17 16 60
1860 19 15 60
4947 18 15 60
3858 17 15 60
4578 19 18 61
5938 18 18 61
1064 17 18 61
2330 19 17 61
3152 18 17 61
5261 17 17 61
6216 15 13 62
4570 19 19 62
246 18 19 62
2179 17 19 62
2054 16 19 62
747 16 18 62
951 16 17 62
6325 16 16 62
1878 16 15 62
874 16 14 62
5954 16 13 62
1986 16 12 62
3673 15 12 62
1448 15 18 63
5855 15 17 63
379 15 16 63
3074 15 15 63
1530 15 14 63
1210 13 19 64
473 13 18 64
3202 15 19 64
3737 14 19 64
4887 14 18 64
4010 14 17 64
5167 14 16 64
4594 14 15 64
3823 12 16 65
3393 11 19 65
740 11 18 65
612 11 17 65
1957 12 19 65
4998 12 18 65
4072 12 17 65
6037 13 17 65
3707 13 16 65
4785 11 13 66
1522 11 14 66
226 12 13 66
5804 12 14 66
1029 11 16 66
1447 11 15 66
2681 12 15 66
6405 13 15 66
3129 13 14 66
4644 14 14 66
2607 14 13 66
5251 13 11 67
3154 12 12 67
2370 13 13 67
3539 13 12 67
2683 11 7 68
2509 11 8 68
3281 11 9 68
4711 12 11 68
292 12 9 68
4114 10 8 69
229 10 9 69
2205 11 12 69
791 11 11 69
1388 10 11 70
4803 9 8 71
6087 9 9 71
103 10 15 72
1814 9 15 72
3512 10 14 72
5645 9 14 72
474 10 13 72
5829 9 13 72
2949 10 12 72
1428 9 12 72
569 9 11 72
1258 8 15 73
5437 8 8 73
6035 8 9 73
1156 6 15 74
1846 6 13 74
2304 7 15 74
3933 7 13 74
4123 5 9 75
1464 5 10 75
5570 5 11 75
278 7 9 76
4999 7 10 76
933 7 11 76
6040 7 12 76
1542 6 9 76
4041 6 10 76
6188 6 11 76
6291 6 12 76
947 5 12 76
658 4 8 77
4560 4 9 77
4946 4 10 77
5128 4 11 77
4481 4 12 77
3993 2 11 78
4013 2 10 78
4176 2 8 78
2675 3 8 78
1455 0 8 79
2237 1 11 79
875 1 10 79
4934 1 8 79
3021 5 15 80
6080 0 11 80
4257 0 10 80
2646 0 9 80
1738 1 9 80
178 16 1 80
2987 16 2 80
4459 16 3 80
2432 16 4 80
911 6 16 81
5599 5 16 81
5017 9 16 82
2041 8 16 82
537 7 16 82
4979 10 18 83
1149 10 16 83
5234 10 17 83
3278 8 19 84
3205 10 19 84
702 9 19 84
5875 12 0 84
4529 12 1 84
2329 12 2 84
2614 3 19 85
5210 6 19 85
4545 5 19 85
1360 4 19 85
640 6 18 85
4472 5 18 85
5839 7 19 85
3409 7 18 85
1032 8 18 85
3060 9 18 85
4369 9 17 85
2414 8 17 85
3718 7 17 85
1909 6 17 85
342 5 17 85
4026 1 19 86
5190 1 17 86
5970 2 19 86
2862 2 17 86
6250 10 0 86
5383 10 1 86
5037 0 19 87
4464 0 17 87
3374 0 18 87
5333 1 18 87
1703 2 18 87
6050 3 18 87
3597 4 18 87
5062 4 17 87
3199 4 16 87
3209 4 15 87
774 1 12 88
1980 1 13 88
488 1 14 88
5043 2 16 88
6412 2 12 88
399 2 13 88
1811 2 14 88
6069 3 17 88
2384 3 16 88
2758 19 3 88
2271 19 4 88
6381 19 5 88
1661 0 16 89
4158 0 12 89
1953 0 13 89
777 0 14 89
3296 0 15 89
1306 1 16 89
741 1 15 89
1263 2 15 89
4761 3 15 89
5637 3 14 89
5069 4 14 89
6302 10 7 90
5217 12 8 90
1760 12 7 90
6282 11 16 90
2498 11 15 90
4642 12 15 90
5517 8 4 91
1460 8 5 91
5533 9 7 91
5585 9 4 91
3211 9 5 91
6370 7 8 92
6318 7 7 92
6261 7 3 92
382 7 4 92
2087 7 5 92
1640 8 7 92
4407 12 13 92
5771 13 0 92
2950 13 1 92
4197 11 3 92
5892 5 4 93
3049 6 8 93
4401 12 9 93
1794 19 17 93
3546 18 17 93
3986 17 17 93
6368 12 4 93
3758 8 0 93
1430 7 0 93
3436 6 0 93
5707 5 8 94
5700 6 3 94
6078 6 4 94
4244 6 5 94
6104 5 5 94
2989 5 6 94
2524 12 19 94
1538 12 18 94
2944 18 12 94
538 19 8 94
4326 18 8 94
1981 17 8 94
3408 16 8 94
573 15 8 94
1305 18 5 94
1923 11 4 94
3226 4 3 95
13159 milli sec 
point:449125
