760
1167 0 4 1
1016 0 0 1
4642 0 1 1
431 0 2 1
5541 0 3 1
5234 1 4 1
4397 1 0 1
2330 1 1 1
3938 1 2 1
4393 1 3 1
5302 2 4 1
3598 2 0 1
1456 2 1 1
283 2 2 1
1857 2 3 1
497 3 4 1
4689 3 0 1
112 3 1 1
4314 3 2 1
4133 3 3 1
846 4 6 1
1942 4 5 1
981 4 4 1
3195 4 0 1
3787 4 1 1
322 4 2 1
4504 4 3 1
1228 5 6 1
3760 5 5 1
4583 5 4 1
1306 5 0 1
4484 5 1 1
4633 5 2 1
2476 5 3 1
3642 0 5 1
4732 0 6 1
3027 0 7 1
2588 0 8 1
5159 0 9 1
4450 1 5 1
2561 1 6 1
5077 1 7 1
4803 1 8 1
4557 1 9 1
1688 2 5 1
551 2 6 1
761 2 7 1
1251 2 8 1
2933 2 9 1
3586 3 5 1
3179 3 6 1
1440 3 7 1
4497 3 8 1
1707 3 9 1
2760 4 7 1
5490 4 8 1
5323 4 9 1
4696 0 12 1
4848 0 10 1
2314 0 11 1
1242 1 12 1
4736 1 10 1
4480 1 11 1
2597 2 12 1
3943 2 10 1
4969 2 11 1
1793 0 16 1
4012 0 15 1
1091 0 14 1
4766 0 13 1
4214 1 16 1
4244 1 15 1
3159 1 14 1
3301 1 13 1
5243 2 16 1
2900 2 15 1
5534 2 14 1
3435 2 13 1
3218 0 19 1
4065 0 18 1
5221 0 17 1
3197 1 19 1
3367 1 18 1
534 1 17 1
3237 2 19 1
4090 2 18 1
1320 2 17 1
1985 3 19 1
3887 3 18 1
1477 3 17 1
815 3 16 1
60 3 15 1
3494 3 14 1
462 3 13 1
3029 3 12 1
2239 3 10 1
791 3 11 1
4957 6 19 1
2192 5 19 1
354 4 19 1
2305 6 18 1
1722 5 18 1
4911 4 18 1
1191 6 17 1
3490 5 17 1
535 4 17 1
3774 6 16 1
4953 5 16 1
1922 4 16 1
5005 6 15 1
3250 5 15 1
1233 4 15 1
5551 7 14 1
2410 6 14 1
2685 5 14 1
1098 4 14 1
3588 4 13 1
1799 4 12 1
4251 4 10 1
5407 4 11 1
2667 5 13 1
5095 5 12 1
2212 5 11 1
2629 5 10 1
2108 5 7 1
2890 5 8 1
2439 5 9 1
1176 6 13 1
4598 6 12 1
3204 6 11 1
2072 6 10 1
897 6 9 1
2184 7 13 1
3782 7 12 1
1149 7 11 1
420 7 10 1
1745 7 9 1
1765 9 14 1
1332 8 14 1
913 9 13 1
46 8 13 1
696 9 12 1
2194 8 12 1
1694 7 19 1
5135 7 18 1
4347 7 17 1
2479 7 16 1
4330 7 15 1
5388 8 19 1
2214 8 18 1
2582 8 17 1
4315 8 16 1
1904 8 15 1
1360 9 19 1
3627 9 18 1
782 9 17 1
4258 9 16 1
2638 9 15 1
4175 10 19 1
143 10 18 1
4853 10 17 1
1150 10 16 1
2517 10 15 1
3309 11 19 1
2644 11 18 1
3526 11 17 1
3386 14 19 1
2918 13 19 1
4143 12 19 1
986 14 18 1
79 13 18 1
3781 12 18 1
5174 14 17 1
9 13 17 1
550 12 17 1
315 14 16 1
3383 13 16 1
3276 12 16 1
4637 11 16 1
4162 14 15 1
4337 13 15 1
560 12 15 1
926 11 15 1
3883 14 14 1
4499 13 14 1
3864 12 14 1
586 11 14 1
4909 10 14 1
3402 14 13 1
5229 13 13 1
1950 12 13 1
2202 11 13 1
3657 10 13 1
486 14 12 1
5186 13 12 1
1014 12 12 1
196 11 12 1
380 10 12 1
3635 19 19 1
1268 18 19 1
268 17 19 1
2576 16 19 1
4230 15 19 1
1104 19 18 1
4552 18 18 1
4791 17 18 1
4931 16 18 1
5083 15 18 1
3582 19 17 1
1111 18 17 1
464 17 17 1
3233 16 17 1
5264 15 17 1
1644 19 16 1
478 18 16 1
5418 17 16 1
678 16 16 1
233 15 16 1
4290 19 15 1
2233 18 15 1
1370 17 15 1
2868 16 15 1
1572 15 15 1
752 19 14 1
2613 18 14 1
1820 17 14 1
2494 16 14 1
581 15 14 1
313 19 13 1
603 18 13 1
1972 17 13 1
2110 16 13 1
4933 15 13 1
564 19 12 1
1069 18 12 1
2934 17 12 1
3624 16 12 1
2140 15 12 1
3479 19 11 1
2539 18 11 1
3025 17 11 1
3532 16 11 1
4367 15 11 1
4936 14 11 1
996 13 11 1
2286 12 11 1
170 11 11 1
4813 10 11 1
5157 9 11 1
2853 8 11 1
258 19 7 1
161 19 8 1
482 19 9 1
652 19 10 1
865 18 7 1
572 18 8 1
1262 18 9 1
48 18 10 1
4164 17 7 1
188 17 8 1
3706 17 9 1
150 17 10 1
942 19 6 1
4028 18 6 1
643 17 6 1
4907 19 5 1
2083 18 5 1
2567 17 5 1
2137 19 4 1
5111 18 4 1
1910 17 4 1
3005 19 0 1
1667 19 1 1
437 19 2 1
1643 19 3 1
1542 18 0 1
2185 18 1 1
38 18 2 1
3224 18 3 1
4463 17 0 1
2159 17 1 1
3601 17 2 1
818 17 3 1
1892 16 0 1
4387 16 1 1
4379 16 2 1
920 16 3 1
4968 16 4 1
3289 16 5 1
1986 16 6 1
4832 16 7 1
152 16 8 1
1114 16 9 1
2086 16 10 1
4430 12 0 1
3843 12 1 1
2114 12 2 1
1225 12 3 1
4102 12 4 1
4545 13 0 1
257 13 1 1
6 13 2 1
3214 13 3 1
3524 13 4 1
1165 14 0 1
1580 14 1 1
1074 14 2 1
5370 14 3 1
2844 14 4 1
5389 15 0 1
4807 15 1 1
762 15 2 1
2213 15 3 1
831 15 4 1
4417 15 5 1
1721 15 6 1
78 15 7 1
4473 15 8 1
369 15 9 1
4526 15 10 1
679 14 5 1
4302 14 6 1
1596 14 7 1
4542 14 8 1
4451 14 9 1
3384 14 10 1
4144 13 5 1
3124 13 6 1
1967 13 7 1
4154 13 8 1
514 13 9 1
4502 13 10 1
5535 12 5 1
983 12 6 1
2839 12 7 1
2496 12 8 1
5033 12 9 1
4643 12 10 1
373 11 10 1
1989 10 10 1
2823 9 10 1
890 8 10 1
135 11 9 1
1662 10 9 1
2845 9 9 1
3004 8 9 1
841 11 8 1
3578 10 8 1
2802 9 8 1
3960 8 8 1
3426 7 8 1
165 6 8 1
4665 11 7 1
3515 10 7 1
2088 9 7 1
939 8 7 1
5235 7 7 1
4359 6 7 1
577 11 6 1
800 10 6 1
4858 9 6 1
1460 8 6 1
4056 7 6 1
508 6 6 1
3001 11 5 1
427 10 5 1
5173 9 5 1
3472 8 5 1
1734 7 5 1
441 6 5 1
3872 11 4 1
5253 10 4 1
2987 9 4 1
4548 8 4 1
5395 7 4 1
2472 6 4 1
3190 11 3 1
2565 10 3 1
2060 9 3 1
1977 8 3 1
22 7 3 1
1324 6 3 1
1021 11 2 1
3468 10 2 1
3170 9 2 1
1357 8 2 1
4202 7 2 1
742 6 2 1
922 11 1 1
3837 10 1 1
254 9 1 1
1659 8 1 1
1162 7 1 1
1386 6 1 1
2882 11 0 1
187 10 0 1
4441 9 0 1
4525 8 0 1
4653 7 0 1
5434 6 0 1
1157 11 0 28
4152 10 0 28
3202 9 0 28
4639 8 0 28
3123 7 0 28
2398 11 1 29
5146 10 1 29
5524 9 1 29
904 8 1 29
4296 7 1 29
5029 11 3 32
2927 10 3 32
181 9 3 32
1933 8 3 32
4267 7 3 32
3078 11 2 32
2342 10 2 32
1394 9 2 32
5398 8 2 32
2473 7 2 32
314 11 4 34
4954 10 4 34
735 9 4 34
259 8 4 34
2153 7 4 34
88 11 5 35
2869 10 5 35
1400 9 5 35
197 8 5 35
106 7 5 35
3863 11 6 38
768 10 6 38
934 9 6 38
3861 8 6 38
745 7 6 38
1994 11 7 39
3172 10 7 39
4361 9 7 39
1 8 7 39
3963 7 7 39
4507 11 9 40
1116 10 9 40
4529 9 9 40
2998 11 8 40
3068 10 8 40
4719 9 8 40
5202 12 5 42
5454 12 6 42
4801 12 7 42
4721 12 8 42
1438 12 9 42
120 13 5 44
973 13 6 44
1971 13 7 44
3405 13 8 44
1327 13 9 44
2923 14 5 45
691 14 6 45
2694 14 7 45
3180 14 8 45
489 14 9 45
1727 15 0 46
125 15 1 46
3507 15 2 46
4386 15 3 46
4190 13 0 48
1447 13 1 48
5125 13 2 48
4610 13 3 48
1304 14 0 48
488 14 1 48
1802 14 2 48
5180 14 3 48
925 12 0 49
2345 12 1 49
3723 12 2 49
2872 12 3 49
4140 12 4 49
907 13 4 49
2466 17 0 51
398 17 1 51
4629 17 2 51
2307 16 0 51
5262 16 1 51
3236 16 2 51
646 18 0 52
566 18 1 52
4269 18 2 52
1125 19 4 53
2349 18 4 53
4087 19 0 53
2425 19 1 53
3851 19 2 53
386 19 3 53
3917 18 3 53
759 19 5 54
3761 18 5 54
4371 17 7 55
1449 17 8 55
355 17 9 55
5149 19 6 55
2051 18 6 55
3825 17 6 55
5082 17 5 55
5139 17 4 55
4622 17 3 55
2600 16 3 55
4240 16 4 55
3914 16 5 55
4544 16 6 55
54 16 7 55
5051 16 8 55
1703 16 9 55
3095 19 7 56
3826 19 8 56
1219 19 9 56
2698 19 10 56
2989 18 7 56
479 18 8 56
343 18 9 56
5170 18 10 56
5049 17 10 56
4797 16 10 56
2834 19 11 58
1511 18 11 58
1826 17 11 58
316 16 11 58
3408 19 13 59
3248 18 13 59
5153 17 13 59
4775 16 13 59
5484 19 12 59
961 18 12 59
4687 17 12 59
4844 16 12 59
2291 19 15 61
2526 18 15 61
4428 17 15 61
4360 16 15 61
3549 19 14 61
5098 18 14 61
1774 17 14 61
3372 16 14 61
1879 19 16 62
1597 18 16 62
620 17 16 62
3910 16 16 62
1800 19 17 63
3072 18 17 63
228 17 17 63
554 16 17 63
2676 19 18 64
3539 18 18 64
4731 17 18 64
3970 16 18 64
1768 19 19 65
4492 18 19 65
3115 17 19 65
2455 16 19 65
3148 15 19 65
2196 14 12 66
1932 13 12 66
5227 12 12 66
5238 11 12 66
4183 14 13 67
2530 13 13 67
2959 12 13 67
4511 11 13 67
3176 15 18 67
3522 15 17 67
2955 15 16 67
2768 15 15 67
1880 14 14 69
1285 13 14 69
5263 12 14 69
2773 14 15 70
2854 13 15 70
984 12 15 70
3231 14 17 72
2436 13 17 72
610 14 16 72
1106 13 16 72
3985 14 19 73
5046 13 19 73
213 12 19 73
3431 14 18 73
5195 13 18 73
3184 12 18 73
4272 12 17 73
3574 12 16 73
4331 10 19 74
2146 10 18 74
5479 10 17 74
2652 10 16 74
1750 11 19 74
4846 11 18 74
4808 11 17 74
4389 11 16 74
5000 9 19 75
5438 9 18 75
1522 9 17 75
4146 9 16 75
2294 7 19 76
2281 7 18 76
4348 7 17 76
2441 7 16 76
718 7 15 76
537 8 19 76
670 8 18 76
1570 8 17 76
5531 8 16 76
160 8 15 76
1566 9 15 76
42 10 15 76
4469 11 15 76
3187 11 14 76
2465 10 14 76
439 10 13 76
5557 10 12 76
1975 9 13 77
5324 9 12 77
2401 7 13 78
3242 7 12 78
4918 7 11 78
5401 7 10 78
4764 9 14 78
4421 8 14 78
871 8 13 78
4875 8 12 78
71 6 13 79
5169 6 12 79
2454 6 11 79
5012 6 10 79
3139 5 7 80
2840 5 8 80
385 11 2 80
824 10 2 80
5482 9 2 80
3000 8 2 80
2838 7 2 80
2090 4 10 81
65 5 13 81
3456 5 12 81
3606 11 0 81
796 10 0 81
349 9 0 81
5131 8 0 81
4691 7 0 81
1742 7 14 82
3319 6 14 82
2375 5 14 82
2695 6 16 83
4 5 16 83
1101 6 15 83
1099 5 15 83
3690 6 18 84
96 5 18 84
5433 6 17 84
1028 5 17 84
5137 3 10 85
4530 6 19 85
4454 5 19 85
40 4 19 85
1038 4 18 85
4676 4 17 85
154 4 16 85
4462 4 15 85
1488 4 14 85
3739 4 13 85
1076 4 12 85
3923 14 7 85
4339 14 8 85
1401 14 9 85
3931 2 19 86
2182 2 18 86
1012 3 19 86
447 3 18 86
5406 1 19 87
3620 1 18 87
4329 2 16 88
921 2 15 88
4181 2 14 88
1160 0 19 88
2910 0 18 88
5382 0 17 88
3094 1 17 88
3216 2 17 88
3645 3 17 88
492 3 16 88
948 3 15 88
62 3 14 88
1544 1 16 89
1276 1 15 89
2512 1 14 89
756 19 6 89
1029 18 6 89
3273 17 6 89
3605 15 0 89
2841 15 1 89
3452 15 2 89
3788 15 3 89
2706 0 10 90
3008 1 12 90
1670 1 10 90
3089 2 12 90
2983 2 10 90
3215 0 16 90
1832 0 15 90
744 0 14 90
1422 0 13 90
153 1 13 90
2267 2 13 90
2179 3 13 90
1982 3 12 90
5441 4 7 91
2583 4 8 91
76 0 12 91
1617 0 11 91
4115 1 11 91
3503 2 11 91
658 3 11 91
5366 4 11 91
1177 5 11 91
1661 5 10 91
1850 14 0 91
4306 14 1 91
2522 14 2 91
4859 14 3 91
401 2 5 92
2503 2 6 92
2031 2 7 92
2262 2 8 92
2498 3 5 92
3032 3 6 92
2015 3 7 92
5119 3 8 92
4034 19 12 92
5176 18 12 92
1025 17 12 92
4312 16 12 92
732 13 5 92
2506 13 6 92
4197 13 7 92
3109 13 8 92
1938 13 9 92
1887 12 6 92
1608 12 7 92
2299 12 8 92
4560 12 9 92
1291 11 8 92
2295 10 8 92
2357 9 8 92
855 1 5 93
1387 1 6 93
5035 1 7 93
5047 1 8 93
353 18 7 93
2687 18 8 93
2559 18 9 93
2143 17 8 93
11993 milli sec 
point:437300
