743
2317 0 3 1
1863 0 2 1
1139 0 1 1
1890 0 0 1
3447 1 3 1
1003 1 2 1
3635 1 1 1
932 1 0 1
1494 0 11 1
4066 0 10 1
4166 0 9 1
2916 0 8 1
3244 0 7 1
60 0 6 1
690 0 5 1
3129 0 4 1
4171 1 11 1
77 1 10 1
2337 1 9 1
1631 1 8 1
1287 1 7 1
2302 1 6 1
2721 1 5 1
2196 1 4 1
681 2 11 1
3950 2 10 1
2355 2 9 1
3375 2 8 1
2685 2 7 1
4151 2 6 1
2372 2 5 1
3994 2 4 1
3258 11 11 1
1173 10 11 1
2149 9 11 1
1759 8 11 1
2931 7 11 1
3337 6 11 1
1198 5 11 1
1197 4 11 1
1914 3 11 1
3277 11 10 1
1895 10 10 1
2569 9 10 1
51 8 10 1
1618 7 10 1
3952 6 10 1
3278 5 10 1
1547 4 10 1
1594 3 10 1
2797 11 9 1
4070 10 9 1
487 9 9 1
296 8 9 1
995 7 9 1
3861 6 9 1
4049 5 9 1
1348 4 9 1
3284 3 9 1
955 0 19 1
37 0 18 1
4078 0 17 1
1622 0 16 1
1565 0 15 1
2771 0 14 1
1613 0 12 1
1343 0 13 1
2328 1 19 1
1614 1 18 1
3765 1 17 1
496 1 16 1
3732 1 15 1
3364 1 14 1
963 1 12 1
1853 1 13 1
2050 2 19 1
3483 2 18 1
2005 2 17 1
2644 2 16 1
1608 2 15 1
3583 2 14 1
399 2 12 1
2536 2 13 1
1772 3 19 1
1512 3 18 1
1328 3 17 1
3677 3 16 1
1571 3 15 1
3650 3 14 1
2139 3 12 1
512 3 13 1
1704 4 19 1
3276 4 18 1
3065 4 17 1
4159 4 16 1
1584 4 15 1
4010 4 14 1
3166 4 12 1
205 4 13 1
2892 5 19 1
3944 5 18 1
2825 5 17 1
2350 5 16 1
1226 5 15 1
235 5 14 1
1685 5 12 1
930 5 13 1
2945 6 19 1
263 6 18 1
1956 6 17 1
3401 6 16 1
3708 6 15 1
1411 6 14 1
1783 6 12 1
1965 6 13 1
3645 7 19 1
3466 7 18 1
2860 7 17 1
1643 7 16 1
3801 7 15 1
1892 7 14 1
3438 7 12 1
1201 7 13 1
2508 8 19 1
637 8 18 1
1037 8 17 1
2065 8 16 1
107 8 15 1
3182 8 14 1
35 8 12 1
1157 8 13 1
3145 9 19 1
1897 9 18 1
2241 9 17 1
1266 9 16 1
1741 9 15 1
3554 9 14 1
2257 9 12 1
1551 9 13 1
3619 10 19 1
3584 10 18 1
2808 10 17 1
2318 10 16 1
1127 10 15 1
3503 10 14 1
3982 10 12 1
3488 10 13 1
2412 11 19 1
1656 11 18 1
138 11 17 1
1684 11 16 1
2927 11 15 1
992 11 14 1
1278 11 12 1
3675 11 13 1
2773 12 19 1
3722 12 18 1
2202 12 17 1
1194 12 16 1
3612 12 15 1
805 12 14 1
3794 12 12 1
279 12 13 1
2067 14 19 1
1196 13 19 1
4047 14 18 1
3553 13 18 1
358 14 17 1
911 13 17 1
2640 14 16 1
1469 13 16 1
3927 19 19 1
2415 18 19 1
149 17 19 1
264 16 19 1
1460 15 19 1
2100 19 18 1
4042 18 18 1
1588 17 18 1
3152 16 18 1
2737 15 18 1
2436 19 17 1
226 18 17 1
427 17 17 1
2093 16 17 1
2997 15 17 1
3622 19 16 1
397 18 16 1
125 17 16 1
341 16 16 1
3854 15 16 1
1042 19 15 1
2499 18 15 1
2529 17 15 1
3785 16 15 1
2908 15 15 1
79 14 15 1
357 13 15 1
2357 19 14 1
2955 18 14 1
2466 17 14 1
3786 16 14 1
4059 15 14 1
1057 14 14 1
754 13 14 1
1036 19 13 1
2731 18 13 1
1762 17 13 1
3331 16 13 1
2833 15 13 1
1773 14 13 1
1369 13 13 1
4147 19 12 1
1403 18 12 1
1900 17 12 1
1791 16 12 1
576 15 12 1
1925 14 12 1
758 13 12 1
2057 19 11 1
1903 18 11 1
498 17 11 1
4167 16 11 1
1190 15 11 1
1589 14 11 1
2195 13 11 1
2914 12 11 1
1535 19 10 1
838 18 10 1
1548 17 10 1
4105 16 10 1
4098 15 10 1
3105 14 10 1
452 13 10 1
485 12 10 1
3339 19 9 1
2517 18 9 1
2434 17 9 1
3436 16 9 1
1858 15 9 1
3108 14 9 1
2982 13 9 1
2069 12 9 1
678 19 8 1
660 18 8 1
2488 17 8 1
213 16 8 1
222 15 8 1
446 14 8 1
2716 13 8 1
1315 12 8 1
1830 19 7 1
3412 18 7 1
1541 17 7 1
4125 16 7 1
945 15 7 1
1733 14 7 1
1813 13 7 1
3066 12 7 1
788 19 0 1
3925 19 1 1
3013 19 2 1
2960 19 3 1
3050 19 4 1
3984 19 5 1
3076 19 6 1
2040 18 0 1
1873 18 1 1
2242 18 2 1
1219 18 3 1
1534 18 4 1
2480 18 5 1
1585 18 6 1
1112 17 0 1
3051 17 1 1
1723 17 2 1
3763 17 3 1
3791 17 4 1
698 17 5 1
3493 17 6 1
3640 16 0 1
707 16 1 1
3961 16 2 1
3141 16 3 1
1415 16 4 1
2291 16 5 1
3288 16 6 1
2410 15 0 1
1083 15 1 1
811 15 2 1
1691 15 3 1
518 15 4 1
2885 15 5 1
3518 15 6 1
1997 14 0 1
2191 14 1 1
3884 14 2 1
3986 14 3 1
416 14 4 1
2566 14 5 1
510 14 6 1
817 13 0 1
1419 13 1 1
2850 13 2 1
2553 13 3 1
3983 13 4 1
3204 13 5 1
2854 13 6 1
3467 12 0 1
1058 12 1 1
3113 12 2 1
3202 12 3 1
2933 12 4 1
771 12 5 1
2531 12 6 1
1840 11 0 1
113 11 1 1
2753 11 2 1
2465 11 3 1
393 11 4 1
2611 11 5 1
1600 11 6 1
1093 11 7 1
2741 11 8 1
232 10 0 1
516 10 1 1
1675 10 2 1
3170 10 3 1
4096 10 4 1
2376 10 5 1
295 10 6 1
2745 10 7 1
3862 10 8 1
2872 9 0 1
3960 9 1 1
3973 9 2 1
3336 9 3 1
2863 9 4 1
2798 9 5 1
1954 9 6 1
2720 9 7 1
1199 9 8 1
1059 8 5 1
3496 8 6 1
1212 8 7 1
3098 8 8 1
2037 7 5 1
988 7 6 1
3547 7 7 1
2538 7 8 1
459 6 8 1
4050 5 8 1
2705 4 8 1
2765 3 8 1
2996 3 7 1
3342 3 6 1
2208 3 5 1
3361 3 4 1
2756 6 7 1
587 5 7 1
815 4 7 1
1542 6 6 1
4044 5 6 1
1531 4 6 1
2936 6 5 1
3112 5 5 1
119 4 5 1
775 8 4 1
867 7 4 1
1683 6 4 1
221 5 4 1
3514 4 4 1
2218 8 3 1
2952 7 3 1
355 6 3 1
3965 5 3 1
1436 4 3 1
900 3 3 1
490 2 3 1
3002 8 2 1
2312 7 2 1
2049 6 2 1
327 5 2 1
653 4 2 1
3752 3 2 1
3936 2 2 1
250 8 1 1
458 7 1 1
3740 6 1 1
3691 5 1 1
2942 4 1 1
2217 3 1 1
1185 2 1 1
1905 8 0 1
2629 7 0 1
2362 6 0 1
1896 5 0 1
998 4 0 1
361 3 0 1
62 2 0 1
1552 8 0 26
2894 7 0 26
61 6 0 26
3230 5 0 26
3322 4 0 26
4060 3 0 26
1468 8 1 28
130 7 1 28
1574 6 1 28
373 5 1 28
3759 4 1 28
2663 3 1 28
201 8 2 31
1558 7 2 31
3395 6 2 31
4037 5 2 31
1373 4 2 31
3788 3 2 31
543 8 3 32
661 7 3 32
73 6 3 32
1787 5 3 32
2861 6 5 33
2329 5 5 33
847 8 4 33
3543 7 4 33
1395 6 4 33
2505 5 4 33
4111 6 7 35
622 5 7 35
2811 4 7 35
3019 6 6 35
2464 5 6 35
1544 4 6 35
2409 4 5 35
2813 7 5 38
2405 7 6 38
2519 7 7 38
1799 8 5 40
1901 8 6 40
3678 8 7 40
2182 9 0 42
2371 9 1 42
1298 9 2 42
2221 9 3 42
1846 9 4 42
124 9 5 42
1757 9 6 42
84 9 7 42
289 10 0 43
3450 10 1 43
2323 10 2 43
3091 10 3 43
3293 10 4 43
1957 10 5 43
1372 10 6 43
1291 10 7 43
265 11 0 45
1156 11 1 45
643 11 2 45
1679 11 3 45
1323 11 4 45
3949 11 5 45
1295 12 0 46
4032 12 1 46
3873 12 2 46
3492 12 3 46
2070 12 4 46
779 12 5 46
4012 13 0 48
2304 13 1 48
3069 13 2 48
3721 13 3 48
1626 13 4 48
2298 13 5 48
1911 14 0 49
1461 14 1 49
607 14 2 49
3821 14 3 49
581 14 4 49
3246 14 5 49
2823 15 0 50
1560 15 1 50
886 15 2 50
2469 15 3 50
4084 15 4 50
136 15 5 50
3505 16 0 52
2520 16 1 52
3143 16 2 52
2360 16 3 52
2266 16 4 52
3079 16 5 52
1346 17 0 53
1116 17 1 53
1729 17 2 53
1996 17 3 53
3190 17 4 53
2660 17 5 53
1457 18 0 54
2319 18 1 54
2902 18 2 54
353 18 3 54
3084 18 4 54
1737 18 5 54
3760 19 0 55
2639 19 1 55
1802 19 2 55
1887 19 3 55
2724 19 4 55
1665 19 5 55
1333 19 6 55
331 18 6 55
94 17 6 55
1221 16 6 55
3527 15 6 55
2879 14 6 55
2822 13 6 55
499 19 7 56
887 18 7 56
3941 17 7 56
4051 16 7 56
2506 15 7 56
1595 14 7 56
3006 13 7 56
1927 19 8 57
3090 18 8 57
3377 17 8 57
385 16 8 57
2398 15 8 57
3591 14 8 57
4019 13 8 57
2122 19 9 58
585 18 9 58
1381 17 9 58
3362 16 9 58
2119 15 9 58
1944 14 9 58
1148 13 9 58
1374 3 0 58
3164 19 10 59
3668 18 10 59
796 17 10 59
4131 16 10 59
2495 15 10 59
566 14 10 59
3881 13 10 59
3059 19 11 60
2963 18 11 60
3191 17 11 60
3242 16 11 60
420 15 11 60
1350 14 11 60
893 19 12 62
611 18 12 62
1601 17 12 62
861 16 12 62
922 15 12 62
1012 14 12 62
2068 19 13 64
3520 18 13 64
699 17 13 64
1727 16 13 64
2687 15 13 64
632 14 13 64
271 19 14 65
2961 18 14 65
2269 17 14 65
3939 16 14 65
2922 15 14 65
2461 14 14 65
1154 19 16 68
1017 18 16 68
3211 17 16 68
2215 16 16 68
800 19 15 68
4015 18 15 68
3415 17 15 68
1917 16 15 68
1970 19 18 70
3197 18 18 70
693 17 18 70
675 16 18 70
479 19 17 70
539 18 17 70
750 17 17 70
1928 16 17 70
3828 14 18 71
3365 14 17 71
1623 14 16 71
2610 19 19 71
2617 18 19 71
1237 17 19 71
1277 16 19 71
2546 15 19 71
391 15 18 71
2612 15 17 71
3207 15 16 71
3 15 15 71
3311 14 15 71
12 12 12 72
4058 14 19 72
282 13 19 72
3837 13 18 72
152 13 17 72
1832 13 16 72
2310 13 15 72
1491 13 14 72
418 11 12 73
1566 12 19 73
2289 12 18 73
2956 12 17 73
2344 12 16 73
1072 12 15 73
1168 12 14 73
871 10 12 74
1208 11 19 74
1815 11 18 74
866 11 17 74
1721 11 16 74
3954 11 15 74
2389 11 14 74
217 9 12 76
3396 10 19 76
3484 10 18 76
737 10 17 76
1294 10 16 76
1401 10 15 76
1692 10 14 76
3632 6 6 76
1907 5 6 76
1106 8 12 77
2296 9 19 77
924 9 18 77
1028 9 17 77
2790 9 16 77
3886 9 15 77
3742 9 14 77
3688 8 19 78
700 8 18 78
2976 8 17 78
1086 8 16 78
3995 8 15 78
1195 8 14 78
3889 7 12 79
961 7 19 81
2577 7 18 81
2462 7 17 81
2053 7 16 81
1430 7 15 81
1720 7 14 81
369 6 19 82
4086 6 18 82
3783 6 17 82
1142 6 16 82
1637 6 15 82
1964 6 14 82
1994 6 12 82
597 5 12 83
1632 4 12 84
1433 5 19 84
3262 5 18 84
4 5 17 84
2088 5 16 84
3187 5 15 84
2692 5 14 84
1351 8 4 84
3249 7 4 84
3008 6 4 84
2608 5 4 84
405 3 12 86
3589 4 19 86
876 4 18 86
2848 4 17 86
3845 4 16 86
1981 4 15 86
3080 4 14 86
2791 2 12 87
1740 3 19 87
549 3 18 87
2834 3 17 87
2971 3 16 87
2165 3 15 87
739 3 14 87
1115 1 12 88
3196 2 19 88
2205 2 18 88
808 2 17 88
1949 2 16 88
2821 2 15 88
1680 2 14 88
852 0 12 89
2899 1 19 89
1943 1 18 89
2018 1 17 89
3372 1 16 89
362 1 15 89
4115 1 14 89
2321 7 5 89
781 7 6 89
3172 7 7 89
1988 0 19 90
695 0 18 90
2091 0 17 90
3706 0 16 90
2071 0 15 90
442 0 14 90
4127 0 13 90
3998 1 13 90
2111 2 13 90
2226 3 13 90
3417 4 13 90
1077 5 13 90
1051 11 2 90
104 11 3 90
240 11 4 90
840 11 5 90
482 11 9 91
3487 10 9 91
344 9 9 91
13 8 9 91
340 7 9 91
837 6 9 91
3621 5 9 91
3480 4 9 91
2702 6 13 91
2839 7 13 91
1122 8 13 91
2855 18 2 91
684 18 3 91
500 18 4 91
1649 18 5 91
98 6 7 91
1254 5 7 91
2630 4 7 91
1804 4 6 91
3552 9 13 92
3922 10 13 92
2331 11 13 92
1698 17 10 92
879 16 10 92
3595 15 10 92
2511 14 10 92
9176 milli sec 
point:393475
