737
1914 0 13 1
4042 0 12 1
2246 0 11 1
4519 0 10 1
3859 0 9 1
5664 0 8 1
4930 0 7 1
1011 0 6 1
2446 0 5 1
5215 0 4 1
1005 0 3 1
2216 0 2 1
6199 0 1 1
3309 0 0 1
3584 1 13 1
4740 1 12 1
3772 1 11 1
1071 1 10 1
3947 1 9 1
5395 1 8 1
6202 1 7 1
6084 1 6 1
886 1 5 1
6174 1 4 1
4026 1 3 1
289 1 2 1
5825 1 1 1
6092 1 0 1
2511 2 13 1
3470 2 12 1
1854 2 11 1
3038 2 10 1
1989 2 9 1
1682 2 8 1
5172 2 7 1
5166 2 6 1
5776 2 5 1
3917 2 4 1
1697 2 3 1
3960 2 2 1
6150 2 1 1
5048 2 0 1
1790 3 13 1
1819 3 12 1
5534 3 11 1
4492 3 10 1
4327 3 9 1
4886 3 8 1
6535 3 7 1
4392 3 6 1
2310 3 5 1
1136 3 4 1
4870 3 3 1
2613 3 2 1
3732 3 1 1
2650 3 0 1
425 0 19 1
4836 0 18 1
4422 0 17 1
1668 0 16 1
901 0 15 1
391 0 14 1
2887 1 19 1
481 1 18 1
2036 1 17 1
5211 1 16 1
6142 1 15 1
580 1 14 1
3211 2 19 1
4254 2 18 1
4993 2 17 1
105 2 16 1
4780 2 15 1
3345 2 14 1
4480 3 19 1
2418 3 18 1
1116 3 17 1
3185 3 16 1
1692 3 15 1
3601 3 14 1
1348 4 19 1
4187 4 18 1
4579 4 17 1
3656 4 16 1
4909 4 15 1
2239 4 14 1
1237 10 19 1
3278 9 19 1
823 8 19 1
2955 7 19 1
5902 6 19 1
1197 5 19 1
3723 10 18 1
5322 9 18 1
3566 8 18 1
6211 7 18 1
3792 6 18 1
4402 5 18 1
3788 10 17 1
383 9 17 1
2617 8 17 1
990 7 17 1
749 6 17 1
4704 5 17 1
1981 10 16 1
4650 9 16 1
2692 8 16 1
3120 7 16 1
5785 6 16 1
1299 5 16 1
2702 10 15 1
959 9 15 1
1632 8 15 1
4285 7 15 1
3780 6 15 1
5672 5 15 1
2195 19 19 1
378 18 19 1
2647 17 19 1
2754 16 19 1
1408 15 19 1
949 14 19 1
3499 13 19 1
3034 12 19 1
6130 11 19 1
6088 19 18 1
5508 18 18 1
5285 17 18 1
1565 16 18 1
6117 15 18 1
5154 14 18 1
2123 13 18 1
4346 12 18 1
5295 11 18 1
2907 19 17 1
2667 18 17 1
660 17 17 1
4121 16 17 1
1492 15 17 1
5893 14 17 1
6488 13 17 1
1189 12 17 1
1983 11 17 1
6056 19 16 1
1510 18 16 1
1433 17 16 1
2350 16 16 1
4348 15 16 1
2234 14 16 1
2371 13 16 1
3230 12 16 1
4777 11 16 1
2824 19 15 1
2004 18 15 1
1708 17 15 1
1550 16 15 1
4485 15 15 1
3574 14 15 1
1367 13 15 1
1033 12 15 1
3288 11 15 1
189 19 14 1
2666 18 14 1
396 17 14 1
2447 16 14 1
4111 15 14 1
5123 14 14 1
3300 13 14 1
6141 12 14 1
915 11 14 1
2431 10 14 1
4495 9 14 1
356 8 14 1
4920 7 14 1
1387 6 14 1
6041 5 14 1
4715 19 13 1
4639 18 13 1
3627 17 13 1
3930 16 13 1
5206 15 13 1
6323 14 13 1
3835 13 13 1
3427 12 13 1
4399 11 13 1
3764 10 13 1
1231 9 13 1
4243 8 13 1
1105 7 13 1
1459 6 13 1
4482 5 13 1
4757 4 13 1
4678 19 0 1
196 19 1 1
1467 19 2 1
623 19 3 1
3430 19 4 1
758 19 5 1
5766 19 6 1
2936 19 7 1
2500 19 8 1
5635 19 9 1
2152 19 10 1
2757 19 11 1
1761 19 12 1
320 18 0 1
3123 18 1 1
4637 18 2 1
293 18 3 1
4859 18 4 1
4081 18 5 1
390 18 6 1
1238 18 7 1
6040 18 8 1
291 18 9 1
6016 18 10 1
3429 18 11 1
6017 18 12 1
5985 17 0 1
2502 17 1 1
1861 17 2 1
458 17 3 1
3836 17 4 1
421 17 5 1
5157 17 6 1
3030 17 7 1
1731 17 8 1
1939 17 9 1
5600 17 10 1
4040 17 11 1
4997 17 12 1
2452 16 0 1
3440 16 1 1
2818 16 2 1
4063 16 3 1
912 16 4 1
263 16 5 1
4377 16 6 1
511 16 7 1
2774 16 8 1
242 16 9 1
5842 16 10 1
5484 16 11 1
5622 16 12 1
4941 15 0 1
5112 15 1 1
3485 15 2 1
3201 15 3 1
4720 15 4 1
1381 15 5 1
2926 15 6 1
575 15 7 1
4150 15 8 1
4255 15 9 1
2621 15 10 1
3533 15 11 1
3333 15 12 1
2899 14 0 1
981 14 1 1
4328 14 2 1
6510 14 3 1
2471 14 4 1
5083 14 5 1
1000 14 6 1
2895 14 7 1
4358 14 8 1
2706 14 9 1
4221 14 10 1
6521 14 11 1
571 14 12 1
5779 11 0 1
6044 11 1 1
2671 11 2 1
4803 11 3 1
76 11 4 1
4722 11 5 1
376 11 6 1
6571 12 0 1
3083 12 1 1
2272 12 2 1
6290 12 3 1
3117 12 4 1
5483 12 5 1
152 12 6 1
2086 13 0 1
6259 13 1 1
3155 13 2 1
4793 13 3 1
2284 13 4 1
3204 13 5 1
3167 13 6 1
4893 13 7 1
6373 13 8 1
5692 13 9 1
6444 13 10 1
6097 13 11 1
5223 13 12 1
2328 12 7 1
2568 12 8 1
3095 12 9 1
6398 12 10 1
2699 12 11 1
3006 12 12 1
456 11 7 1
3576 11 8 1
295 11 9 1
4048 11 10 1
5131 11 11 1
4860 11 12 1
3641 10 7 1
1941 10 8 1
3379 10 9 1
1579 10 10 1
3188 10 11 1
4231 10 12 1
4403 9 7 1
5435 9 8 1
1893 9 9 1
1670 9 10 1
4341 9 11 1
699 9 12 1
5772 8 7 1
1967 8 8 1
3151 8 9 1
2805 8 10 1
1505 8 11 1
1392 8 12 1
6263 7 12 1
966 6 12 1
5751 5 12 1
5231 4 12 1
4116 7 11 1
2345 6 11 1
5272 5 11 1
1728 4 11 1
734 7 10 1
2782 6 10 1
564 5 10 1
1979 4 10 1
1274 7 9 1
1906 6 9 1
5769 5 9 1
1797 4 9 1
4067 7 8 1
5219 6 8 1
5440 5 8 1
3052 4 8 1
6089 7 7 1
6160 6 7 1
3271 5 7 1
1494 4 7 1
3289 10 6 1
2798 9 6 1
6556 8 6 1
6233 7 6 1
543 6 6 1
947 5 6 1
1752 4 6 1
3486 10 5 1
6118 9 5 1
2922 8 5 1
1191 7 5 1
541 6 5 1
1778 5 5 1
2349 4 5 1
5854 10 4 1
4724 9 4 1
4464 8 4 1
5556 7 4 1
1438 6 4 1
5217 5 4 1
1545 4 4 1
46 10 3 1
4592 9 3 1
2181 8 3 1
1646 7 3 1
2297 6 3 1
4166 5 3 1
91 4 3 1
989 10 2 1
868 9 2 1
1339 8 2 1
1873 7 2 1
2313 6 2 1
1090 5 2 1
793 4 2 1
1167 10 1 1
5062 9 1 1
2669 8 1 1
1235 7 1 1
6201 6 1 1
1222 5 1 1
486 4 1 1
2840 10 0 1
274 9 0 1
4982 8 0 1
1377 7 0 1
2188 6 0 1
2020 5 0 1
6351 4 0 1
5209 10 0 31
467 9 0 31
373 8 0 31
318 7 0 31
2109 6 0 31
3074 5 0 31
4153 10 1 34
428 9 1 34
5815 8 1 34
1630 7 1 34
3958 6 1 34
513 5 1 34
5792 10 2 35
6559 9 2 35
6562 8 2 35
5415 7 2 35
5420 6 2 35
2433 5 2 35
3850 10 3 37
5796 9 3 37
1609 8 3 37
2083 7 3 37
3015 6 3 37
5758 5 3 37
6504 10 4 38
1513 9 4 38
1775 8 4 38
4552 7 4 38
2764 6 4 38
1031 5 4 38
3053 10 5 40
2734 9 5 40
1541 8 5 40
1531 7 5 40
2828 6 5 40
938 5 5 40
2206 10 6 41
5284 9 6 41
2729 8 6 41
2458 7 6 41
5422 6 6 41
3386 5 6 41
4583 7 8 42
6490 6 8 42
6552 5 8 42
5425 7 7 42
5018 6 7 42
2038 5 7 42
6345 7 9 43
2716 6 9 43
4509 5 9 43
3408 7 11 45
493 6 11 45
1735 5 11 45
825 7 10 45
500 6 10 45
2822 5 10 45
3205 8 7 48
6145 8 8 48
625 8 9 48
27 8 10 48
4938 8 11 48
5178 9 7 49
5715 9 8 49
362 9 9 49
6423 9 10 49
3461 9 11 49
1481 10 7 51
3228 10 8 51
4981 10 9 51
5562 10 10 51
352 10 11 51
3856 11 7 52
226 11 8 52
934 11 9 52
5021 11 10 52
5744 11 11 52
5639 12 7 53
2561 12 8 53
2492 12 9 53
1788 12 10 53
6531 12 11 53
2996 13 0 56
1424 13 1 56
3825 13 2 56
3996 13 3 56
2445 13 4 56
5543 13 5 56
4497 12 0 58
4475 12 1 58
432 12 2 58
260 12 3 58
4781 12 4 58
26 12 5 58
5529 11 0 59
5828 11 1 59
1386 11 2 59
2364 11 3 59
4782 11 4 59
2357 11 5 59
760 11 6 59
2037 12 6 59
217 13 6 59
5468 13 7 59
3586 13 8 59
4979 13 9 59
3381 13 10 59
118 13 11 59
4690 14 0 61
3241 14 1 61
1644 14 2 61
4946 14 3 61
613 14 4 61
1316 14 5 61
1217 14 6 61
1978 14 7 61
925 14 8 61
1210 14 9 61
4489 14 10 61
2049 14 11 61
1680 15 0 62
1405 15 1 62
718 15 2 62
2262 15 3 62
2604 15 4 62
1428 15 5 62
3315 15 6 62
4205 15 7 62
5945 15 8 62
404 15 9 62
1636 15 10 62
2353 15 11 62
1672 16 0 64
2911 16 1 64
4172 16 2 64
4072 16 3 64
3563 16 4 64
3397 16 5 64
5264 16 6 64
5198 16 7 64
3297 16 8 64
1024 16 9 64
2118 16 10 64
3195 16 11 64
1969 17 0 66
2025 17 1 66
3262 17 2 66
4051 17 3 66
804 17 4 66
1369 17 5 66
252 17 6 66
626 17 7 66
5624 17 8 66
6002 17 9 66
2851 17 10 66
6513 17 11 66
4915 18 0 68
6502 18 1 68
1104 18 2 68
19 18 3 68
2424 18 4 68
4594 18 5 68
1200 18 6 68
1218 18 7 68
71 18 8 68
6367 18 9 68
5110 18 10 68
3111 18 11 68
5689 19 0 71
2970 19 1 71
2988 19 2 71
5270 19 3 71
1212 19 4 71
2202 19 5 71
720 19 6 71
5637 19 7 71
1835 19 8 71
3250 19 9 71
4018 19 10 71
1226 19 11 71
2894 19 12 71
5113 19 13 75
2141 18 13 75
6446 17 13 75
5768 16 13 75
2030 15 13 75
2727 14 13 75
1209 13 13 75
5563 12 13 75
2197 11 13 75
2836 10 13 75
1044 9 13 75
6206 8 13 75
2679 7 13 75
2799 6 13 75
6122 7 7 75
159 6 7 75
2300 5 7 75
1442 19 14 77
5013 18 14 77
1996 17 14 77
3662 16 14 77
284 15 14 77
1144 14 14 77
3863 13 14 77
4843 12 14 77
3745 19 15 78
3762 18 15 78
1856 17 15 78
3253 16 15 78
3822 15 15 78
5325 14 15 78
126 13 15 78
223 12 15 78
5103 19 16 80
4666 18 16 80
2841 17 16 80
5311 16 16 80
6456 15 16 80
1968 14 16 80
1746 13 16 80
4628 12 16 80
4163 7 10 80
5352 6 10 80
5297 5 10 80
372 19 17 81
5054 18 17 81
1157 17 17 81
3830 16 17 81
6476 15 17 81
1431 14 17 81
5607 13 17 81
2595 12 17 81
1704 19 18 82
469 18 18 82
559 17 18 82
3233 16 18 82
5673 15 18 82
567 14 18 82
904 13 18 82
3371 12 18 82
3100 19 19 83
3448 18 19 83
2960 17 19 83
3905 16 19 83
1269 15 19 83
4856 14 19 83
5148 13 19 83
2548 12 19 83
1345 11 19 83
2121 11 18 83
6083 11 17 83
4563 11 16 83
4500 10 15 84
4795 9 15 84
5382 8 15 84
6470 7 15 84
5449 6 15 84
4948 10 16 85
3889 9 16 85
3845 8 16 85
1026 7 16 85
138 6 16 85
968 10 17 86
2735 9 17 86
4916 8 17 86
5855 7 17 86
1773 6 17 86
664 10 18 87
4272 9 18 87
937 8 18 87
4670 7 18 87
4671 6 18 87
877 10 2 87
1499 9 2 87
5184 8 2 87
5509 7 2 87
5359 6 2 87
3018 5 2 87
812 10 19 88
3269 9 19 88
5383 8 19 88
4491 7 19 88
2951 6 19 88
679 5 19 88
5968 4 19 89
4555 4 18 89
3165 4 17 89
6348 4 16 89
6046 4 15 89
911 5 18 89
450 5 17 89
1635 5 16 89
5389 3 19 90
708 3 18 90
4576 3 17 90
3085 3 16 90
3094 3 15 90
1455 7 11 90
3725 6 11 90
3951 5 11 90
3127 2 19 91
3923 2 18 91
395 2 17 91
2712 2 16 91
4604 2 15 91
3347 7 9 91
2006 6 9 91
3152 5 9 91
4636 1 19 92
841 1 18 92
2941 1 17 92
5613 1 16 92
5245 1 15 92
6069 10 6 92
1440 9 6 92
2524 8 6 92
2644 7 6 92
5813 6 6 92
4339 5 6 92
957 10 3 92
3198 9 3 92
632 8 3 92
2526 7 3 92
3950 6 3 92
2714 5 3 92
3934 0 19 93
2170 0 18 93
3236 0 17 93
3562 0 16 93
6451 0 15 93
2023 0 14 93
1310 1 14 93
1621 2 14 93
5878 3 14 93
5615 4 14 93
153 5 15 93
13515 milli sec 
point:449600
