761
3494 7 5 1
4231 7 4 1
162 8 5 1
3201 8 4 1
4286 9 5 1
4260 9 4 1
3835 10 4 1
1397 10 5 1
4373 7 0 1
1325 7 1 1
4901 7 2 1
597 7 3 1
1675 8 0 1
3840 8 1 1
4845 8 2 1
4939 8 3 1
3174 9 0 1
2850 9 1 1
1738 9 2 1
2771 9 3 1
4385 10 0 1
681 10 1 1
1347 10 2 1
1372 10 3 1
637 11 0 1
3838 11 1 1
798 11 2 1
3053 11 3 1
2990 11 4 1
2854 11 5 1
1120 9 7 1
2790 9 6 1
2410 10 7 1
3893 10 6 1
1243 11 8 1
4148 11 7 1
2703 11 6 1
1269 10 9 1
4115 2 14 1
562 2 12 1
649 2 13 1
2799 0 16 1
792 0 12 1
3128 0 13 1
3030 0 14 1
4450 0 15 1
2438 1 16 1
2576 1 12 1
551 1 13 1
3187 1 14 1
16 1 15 1
1566 2 16 1
1695 2 15 1
3619 3 16 1
2469 3 15 1
4953 3 14 1
1400 3 13 1
2547 3 12 1
2481 0 11 1
387 0 10 1
4218 0 3 1
2133 0 4 1
1337 0 5 1
4296 0 6 1
982 0 7 1
3189 0 8 1
170 0 9 1
4216 1 11 1
4885 1 10 1
1565 3 5 1
2657 3 6 1
534 2 5 1
2874 2 6 1
1479 6 5 1
1272 5 5 1
1371 4 5 1
1578 6 4 1
4602 5 4 1
3397 4 4 1
2205 6 3 1
3088 5 3 1
5029 6 0 1
4919 6 1 1
3150 6 2 1
950 5 0 1
2957 5 1 1
1648 5 2 1
1843 4 0 1
1808 4 1 1
1288 4 2 1
287 4 3 1
3620 3 0 1
2333 3 1 1
4768 3 2 1
3061 3 3 1
571 3 4 1
3290 0 0 1
262 0 1 1
4356 0 2 1
999 1 0 1
4694 1 1 1
3342 1 2 1
2382 2 0 1
2517 2 1 1
909 2 2 1
1711 2 3 1
3188 2 4 1
1409 1 3 1
1671 1 4 1
3435 1 5 1
4600 1 6 1
893 1 7 1
268 1 8 1
4510 1 9 1
2444 2 11 1
2903 2 10 1
186 2 7 1
1214 2 8 1
4615 2 9 1
4534 3 7 1
2372 3 8 1
354 3 9 1
2344 3 10 1
4906 3 11 1
4193 0 19 1
29 0 18 1
680 0 17 1
6 1 19 1
1053 1 18 1
79 1 17 1
60 2 19 1
2963 2 18 1
4294 2 17 1
4659 3 19 1
236 3 18 1
3068 3 17 1
4167 5 19 1
2415 4 19 1
3796 5 18 1
4320 4 18 1
4280 5 17 1
3437 4 17 1
601 6 19 1
2036 6 17 1
143 6 18 1
3578 7 19 1
4890 7 17 1
709 7 18 1
3579 8 19 1
5058 8 18 1
4423 13 19 1
3356 12 19 1
3907 11 19 1
3357 10 19 1
1122 9 19 1
3769 13 16 1
188 13 17 1
2879 13 18 1
2178 12 16 1
4083 12 17 1
904 12 18 1
62 11 16 1
2999 11 17 1
599 11 18 1
778 10 18 1
3085 9 18 1
4196 10 17 1
1696 9 17 1
983 8 17 1
3628 10 16 1
4912 9 16 1
3864 8 16 1
2026 7 16 1
2989 6 16 1
259 5 16 1
2880 4 16 1
553 9 15 1
48 8 14 1
2557 8 15 1
4994 7 14 1
5063 7 15 1
2623 6 15 1
580 5 15 1
3407 4 15 1
2170 4 14 1
4762 4 13 1
1112 4 12 1
4334 8 6 1
3020 8 7 1
2485 8 8 1
4788 7 6 1
4676 7 7 1
2330 7 8 1
2282 6 6 1
494 6 7 1
2103 6 8 1
3920 5 6 1
4069 5 7 1
4529 5 8 1
459 4 6 1
1822 4 7 1
1300 4 8 1
3026 4 9 1
4179 4 10 1
38 4 11 1
4418 5 12 1
4641 5 9 1
3302 5 10 1
365 5 11 1
1966 5 14 1
394 5 13 1
1511 6 14 1
4057 6 13 1
3215 6 12 1
2376 6 9 1
3875 6 10 1
1265 6 11 1
3205 7 13 1
1861 7 12 1
4609 7 9 1
1216 7 10 1
3395 7 11 1
1404 8 13 1
362 8 12 1
2162 8 9 1
4405 8 10 1
3889 8 11 1
2787 9 13 1
3007 9 12 1
284 10 8 1
14 9 8 1
1467 9 9 1
2018 9 10 1
4685 9 11 1
4503 10 13 1
1033 10 12 1
1148 10 10 1
1882 10 11 1
4085 11 12 1
3770 11 11 1
841 11 10 1
4740 11 9 1
2056 9 14 1
5017 10 15 1
4840 10 14 1
1021 11 15 1
4844 11 14 1
509 11 13 1
3953 13 15 1
4617 12 15 1
988 13 14 1
5044 12 14 1
2535 12 13 1
1084 16 19 1
460 15 19 1
921 14 19 1
3949 16 18 1
202 15 18 1
3167 14 18 1
3676 19 19 1
4979 18 19 1
5048 17 19 1
1482 19 18 1
5016 18 18 1
2226 17 18 1
890 19 15 1
4868 19 16 1
2317 19 17 1
2730 18 15 1
2315 18 16 1
2479 18 17 1
1792 17 17 1
3588 16 17 1
4144 15 17 1
3380 14 17 1
4635 17 15 1
3708 17 16 1
1450 16 14 1
3911 16 15 1
1719 16 16 1
4625 15 16 1
1720 14 16 1
2987 15 15 1
4557 14 15 1
2897 15 14 1
4277 14 14 1
967 19 14 1
2551 18 14 1
1731 17 14 1
899 19 13 1
3906 18 13 1
3183 17 13 1
1041 16 13 1
3384 15 13 1
2196 14 13 1
4962 13 13 1
3100 19 12 1
1883 18 12 1
2834 17 12 1
282 16 11 1
4287 16 12 1
3669 19 11 1
1839 18 11 1
1646 17 11 1
639 19 10 1
882 18 10 1
622 19 8 1
5002 19 9 1
2171 18 8 1
456 18 9 1
880 17 8 1
2067 17 9 1
4746 17 10 1
3134 16 8 1
2935 16 9 1
373 16 10 1
2013 15 8 1
4536 15 9 1
2805 15 10 1
3233 15 11 1
3549 15 12 1
163 14 12 1
3478 13 12 1
189 12 12 1
1065 14 11 1
4388 13 11 1
2359 12 11 1
1612 14 10 1
304 13 10 1
251 12 10 1
3900 14 9 1
1130 13 9 1
4909 12 9 1
1445 14 8 1
2715 13 8 1
953 12 8 1
3753 14 7 1
4375 13 7 1
3230 12 7 1
4404 12 6 1
2365 12 0 1
4440 12 1 1
1982 12 2 1
2682 12 3 1
1306 12 4 1
4000 12 5 1
4808 14 6 1
3666 13 6 1
1626 15 5 1
4804 14 5 1
467 13 5 1
4739 15 7 1
2450 15 6 1
2084 19 7 1
3318 18 7 1
4972 17 7 1
1771 16 7 1
826 19 6 1
4663 18 6 1
1937 17 6 1
3707 16 6 1
72 19 5 1
4763 18 5 1
2765 17 5 1
448 16 5 1
2408 19 0 1
3101 19 1 1
3595 19 2 1
703 19 3 1
4234 19 4 1
139 18 0 1
3488 18 1 1
850 18 2 1
1034 18 3 1
1974 18 4 1
1373 17 0 1
4125 17 1 1
3017 17 2 1
1703 17 3 1
4918 17 4 1
2324 16 3 1
2230 16 4 1
1297 15 3 1
4765 15 4 1
2142 14 4 1
1508 13 4 1
4379 13 3 1
907 13 2 1
3245 13 1 1
4458 13 0 1
2751 14 3 1
4486 14 2 1
4922 16 2 1
2012 15 2 1
4703 16 1 1
927 15 1 1
1944 14 1 1
1595 16 0 1
1645 15 0 1
1305 14 0 1
3220 16 0 27
4967 15 0 27
1772 16 1 28
2697 14 3 29
560 14 2 29
881 16 2 29
3857 15 2 29
1576 15 1 29
3047 14 1 29
1048 15 3 31
3636 16 3 32
3111 17 0 33
4535 17 1 33
156 17 2 33
1809 17 3 33
1501 19 0 34
3803 19 1 34
206 19 2 34
2773 19 3 34
4038 19 4 34
1051 18 0 34
2166 18 1 34
2775 18 2 34
1668 18 3 34
4398 18 4 34
4629 17 4 34
2518 19 5 35
2062 18 5 35
2466 17 5 35
3025 19 6 36
3052 18 6 36
3427 17 6 36
2177 15 7 37
1149 15 6 37
4880 19 7 37
1333 18 7 37
2236 17 7 37
1217 16 7 37
3590 16 6 37
4214 16 5 37
3460 15 5 38
793 14 5 38
376 14 6 39
986 13 6 39
1893 14 7 40
2314 13 7 40
4968 12 0 40
3613 12 1 40
1587 12 2 40
3881 12 3 40
1805 12 4 40
4029 14 9 41
1816 13 9 41
4037 14 8 41
2772 13 8 41
2938 14 11 42
588 13 11 42
4568 14 10 42
470 13 10 42
4453 17 8 44
1194 16 8 44
4833 16 9 44
2345 15 8 44
2495 15 9 44
4164 19 8 45
4593 19 9 45
2753 18 8 45
340 18 9 45
4342 17 9 45
2948 16 11 46
600 19 11 46
5030 18 11 46
2154 17 11 46
1527 19 10 46
2752 18 10 46
1926 17 10 46
4775 16 10 46
3651 15 10 46
1825 15 11 46
4630 19 12 47
644 18 12 47
4591 17 12 47
3349 16 12 47
4075 15 12 47
2109 14 12 47
2506 19 13 48
1969 18 13 48
520 15 14 49
4308 19 14 49
1016 18 14 49
4071 17 14 49
3345 17 13 49
1797 16 13 49
3821 15 13 49
2867 16 14 50
1271 16 15 50
4288 15 15 50
961 17 15 51
9 17 16 51
5028 16 16 51
4978 15 16 51
246 18 15 53
1131 18 16 53
2774 19 15 54
5051 19 16 54
1444 19 17 54
171 18 17 54
2316 19 19 55
4645 18 19 55
3795 17 19 55
4899 19 18 55
2644 18 18 55
2503 17 18 55
323 17 17 55
5041 16 17 55
3110 15 17 55
71 16 19 56
1339 15 19 56
40 14 19 56
2123 16 18 56
1384 15 18 56
1108 14 18 56
759 14 17 56
4571 14 16 56
991 14 15 56
1291 14 14 56
971 14 13 56
3808 13 13 56
4830 13 15 57
3475 12 15 57
86 13 14 57
1496 12 14 57
2530 9 14 58
3564 10 15 58
255 10 14 58
3936 11 15 58
1900 11 14 58
1795 11 13 58
107 11 12 59
3525 10 13 60
2198 10 12 60
1107 10 10 60
4128 9 13 61
4273 9 12 61
2139 10 8 61
4981 9 8 61
1245 9 9 61
883 9 10 61
2296 7 13 62
736 7 12 62
4910 7 9 62
311 7 10 62
3040 8 13 62
3035 8 12 62
4984 8 9 62
4537 8 10 62
4015 6 9 63
2890 6 10 63
1551 5 14 64
2732 5 13 64
428 6 14 64
412 6 13 64
668 6 12 64
3418 5 12 65
3824 5 9 65
557 5 10 65
1121 4 6 66
1001 4 7 66
1010 6 6 67
2871 6 7 67
3997 5 6 67
3378 5 7 67
3252 8 6 68
4626 8 7 68
4654 8 8 68
4624 7 6 68
2995 7 7 68
1180 7 8 68
962 6 8 68
1043 5 8 68
2278 4 8 68
1556 4 9 68
2206 4 10 68
429 7 14 69
2073 9 15 70
2126 8 14 70
669 8 15 70
973 7 15 70
351 6 15 70
1420 5 15 70
1072 10 16 71
4239 9 16 71
3381 10 17 72
3434 12 16 73
2496 12 17 73
717 11 16 73
3644 11 17 73
2174 13 16 74
1402 13 17 74
359 13 18 74
2329 12 18 74
564 11 18 74
1327 10 18 74
3764 6 17 75
2283 7 19 75
1185 7 17 75
1597 8 19 75
1596 13 19 75
2146 12 19 75
1842 11 19 75
660 10 19 75
4539 9 19 75
3362 5 18 76
1247 5 17 76
2827 6 19 76
3242 6 18 76
4399 7 18 76
2537 5 19 77
4052 4 19 77
920 4 18 77
3653 1 19 78
484 1 18 78
2785 2 19 78
4108 2 18 78
200 3 19 78
3127 3 18 78
4869 8 18 78
663 9 18 78
146 9 17 78
4708 8 17 78
2621 19 7 78
5019 18 7 78
2468 17 7 78
3604 16 7 78
383 3 7 79
3394 3 8 79
4419 0 19 79
2593 0 18 79
1525 0 17 79
1819 1 17 79
3877 16 2 79
1460 15 2 79
2959 2 11 80
3611 2 10 80
4558 2 7 80
3677 2 8 80
4413 1 3 81
1399 2 0 82
3432 2 1 82
3099 0 0 83
1638 0 1 83
3429 0 2 83
2308 1 0 83
2901 1 1 83
3450 1 2 83
2796 2 2 83
111 2 3 83
4971 15 7 83
4777 15 6 83
2634 3 0 84
4205 3 1 84
2544 3 2 84
356 18 0 84
3982 18 1 84
763 18 2 84
2552 18 3 84
3723 5 0 85
4643 5 1 85
3751 4 0 85
3066 4 1 85
4923 13 6 85
2091 14 2 85
3149 6 3 86
1188 5 3 86
4525 6 0 86
4836 6 1 86
1045 6 2 86
3852 5 2 86
3116 4 2 86
4639 14 10 86
1760 13 10 86
4560 16 18 87
3837 15 18 87
2602 6 5 88
2559 5 5 88
1451 4 5 88
511 6 4 88
3523 5 4 88
4936 4 4 88
485 13 14 88
1050 1 11 89
2548 1 10 89
3398 3 5 89
3339 3 6 89
2831 2 5 89
4506 2 6 89
4163 0 3 90
221 0 4 90
4585 0 5 90
541 0 6 90
3487 0 7 90
944 0 8 90
1184 11 15 90
242 19 18 90
4606 18 18 90
4363 19 10 90
1788 18 10 90
2245 12 0 90
2476 12 1 90
3294 12 2 90
760 12 3 90
3777 12 4 90
3827 0 11 91
4859 0 10 91
4352 0 9 91
4920 4 3 91
3863 3 3 91
1924 3 4 91
2488 2 4 91
4159 1 4 91
3787 1 5 91
2261 1 6 91
2167 1 7 91
1759 1 8 91
4545 1 9 91
1938 2 9 91
545 3 9 91
1211 3 10 91
745 17 15 91
2841 17 16 91
4752 16 16 91
1661 15 16 91
3856 15 8 91
308 15 9 91
1002 19 1 91
1182 19 2 91
1215 19 3 91
2256 19 4 91
2966 18 4 91
4852 1 12 92
352 1 13 92
757 1 14 92
3639 2 16 92
2733 3 16 92
2939 13 15 92
4633 12 15 92
341 12 14 92
4896 18 16 92
2985 18 11 92
140 17 11 92
2115 14 8 92
4464 13 8 92
4062 15 5 92
193 14 5 92
655 2 12 93
1814 0 16 93
2341 0 12 93
2435 0 13 93
3308 0 14 93
554 0 15 93
2377 1 16 93
10930 milli sec 
point:409950
