746
2674 0 4 1
1599 0 0 1
744 0 1 1
4126 0 2 1
145 0 3 1
1162 1 4 1
2161 1 0 1
4005 1 1 1
4639 1 2 1
1592 1 3 1
3267 2 4 1
3208 2 0 1
1174 2 1 1
4766 2 2 1
1956 2 3 1
3863 0 7 1
3247 0 6 1
1194 0 5 1
1640 1 7 1
1175 1 6 1
3835 1 5 1
2918 2 7 1
736 2 6 1
3724 2 5 1
1001 3 7 1
4112 3 6 1
1439 3 5 1
853 3 4 1
461 3 0 1
4599 3 1 1
3960 3 2 1
2621 3 3 1
1333 4 7 1
4293 4 6 1
3370 4 5 1
4298 4 4 1
2279 4 0 1
1530 4 1 1
3804 4 2 1
3330 4 3 1
119 5 7 1
3826 5 6 1
1199 5 5 1
4478 5 4 1
3139 5 0 1
4592 5 1 1
4597 5 2 1
2861 5 3 1
1256 6 4 1
541 6 0 1
1009 6 1 1
4711 6 2 1
664 6 3 1
4433 7 4 1
113 7 0 1
1593 7 1 1
1626 7 2 1
248 7 3 1
3581 8 4 1
1218 8 0 1
3385 8 1 1
728 8 2 1
2238 8 3 1
2346 9 4 1
3664 9 0 1
351 9 1 1
4196 9 2 1
4024 9 3 1
1068 0 13 1
2465 0 12 1
2451 0 8 1
4042 0 9 1
2737 0 10 1
2643 0 11 1
2197 1 13 1
17 1 12 1
1139 1 8 1
2897 1 9 1
510 1 10 1
4038 1 11 1
3433 2 13 1
3871 2 12 1
1374 2 8 1
4706 2 9 1
4437 2 10 1
4223 2 11 1
3995 3 13 1
1554 3 12 1
4067 3 11 1
4149 3 10 1
1551 3 9 1
3382 3 8 1
4190 0 19 1
554 0 18 1
4135 0 17 1
2242 0 16 1
1090 0 15 1
2951 0 14 1
1133 1 19 1
3736 1 18 1
4570 1 17 1
2523 1 16 1
3440 1 15 1
3174 1 14 1
2679 2 19 1
687 2 18 1
4722 2 17 1
2103 2 16 1
3967 2 15 1
1676 2 14 1
2494 6 19 1
332 5 19 1
1800 4 19 1
3983 3 19 1
1984 6 18 1
1616 5 18 1
276 4 18 1
4731 3 18 1
4209 6 17 1
2818 5 17 1
3012 4 17 1
4657 3 17 1
930 3 16 1
4755 3 15 1
2575 3 14 1
1084 6 16 1
810 5 16 1
1637 4 16 1
1569 11 19 1
1591 10 19 1
48 9 19 1
2938 8 19 1
2755 7 19 1
1269 11 18 1
1566 10 18 1
1320 9 18 1
2266 8 18 1
3266 7 18 1
645 11 17 1
488 10 17 1
3250 9 17 1
3801 8 17 1
42 7 17 1
4745 11 16 1
651 10 16 1
1533 9 16 1
2234 8 16 1
980 7 16 1
4080 12 10 1
4151 12 11 1
3227 12 12 1
481 12 13 1
2736 11 10 1
1407 11 11 1
4557 11 12 1
890 11 13 1
3976 11 14 1
2345 11 15 1
4562 10 10 1
2797 10 11 1
4488 10 12 1
234 10 13 1
2512 10 14 1
2053 10 15 1
674 8 10 1
2281 8 11 1
1264 8 12 1
4253 9 10 1
4737 9 11 1
4287 9 12 1
4203 9 13 1
1196 9 14 1
776 9 15 1
3859 8 15 1
1225 7 15 1
102 6 15 1
2458 5 15 1
754 4 15 1
1209 8 14 1
1798 7 14 1
948 6 14 1
3673 5 14 1
4053 4 14 1
1360 8 13 1
1789 7 13 1
2262 6 13 1
2411 5 13 1
3875 4 13 1
3168 7 12 1
945 6 12 1
3102 5 12 1
1187 4 12 1
1904 4 11 1
3652 4 10 1
2291 4 9 1
847 4 8 1
2878 5 11 1
4440 5 10 1
2211 5 9 1
2531 5 8 1
781 6 11 1
3425 6 10 1
1489 6 9 1
3679 6 8 1
3521 6 7 1
1746 6 6 1
4760 6 5 1
2828 7 11 1
2993 7 10 1
306 7 9 1
1852 7 8 1
2879 7 7 1
3467 7 6 1
2312 7 5 1
3684 8 9 1
2552 8 8 1
1674 8 7 1
3090 8 6 1
1811 8 5 1
2178 9 9 1
1545 9 8 1
907 9 7 1
4469 9 6 1
990 9 5 1
693 10 9 1
358 10 8 1
468 10 7 1
1176 10 6 1
313 10 5 1
3713 10 4 1
2504 10 0 1
184 10 1 1
3727 10 2 1
949 10 3 1
2534 12 9 1
2155 11 9 1
251 12 8 1
3109 11 8 1
1766 12 7 1
4186 11 7 1
2850 12 6 1
1535 11 6 1
2599 12 15 1
530 12 14 1
1389 12 19 1
3550 12 18 1
1443 12 17 1
585 12 16 1
1094 13 19 1
4164 13 18 1
4244 13 17 1
715 13 16 1
4274 14 19 1
3972 14 18 1
3096 14 17 1
2924 14 16 1
4443 16 19 1
36 15 19 1
3132 16 18 1
698 15 18 1
1016 16 17 1
322 15 17 1
1514 19 19 1
2855 18 19 1
3126 17 19 1
3530 19 18 1
2819 18 18 1
2425 17 18 1
2372 19 17 1
298 18 17 1
2942 17 17 1
569 19 16 1
612 18 16 1
2349 17 16 1
3077 16 16 1
4619 15 16 1
2305 19 15 1
1810 18 15 1
1470 17 15 1
2030 16 15 1
1041 15 15 1
637 14 15 1
1293 13 15 1
2930 19 14 1
2294 18 14 1
775 17 14 1
3405 16 14 1
1723 15 14 1
1038 14 14 1
4356 13 14 1
254 19 13 1
3093 18 13 1
54 17 13 1
3738 16 13 1
4081 15 13 1
2514 14 13 1
2350 13 13 1
4698 19 12 1
3685 18 12 1
914 17 12 1
4713 16 12 1
3470 15 12 1
3812 14 12 1
4410 13 12 1
1559 19 11 1
1880 18 11 1
4383 17 11 1
2670 16 11 1
1838 15 11 1
833 14 11 1
3175 13 11 1
1413 19 10 1
288 18 10 1
1829 17 10 1
2004 16 10 1
1875 15 10 1
3173 14 10 1
4759 13 10 1
2075 19 9 1
3136 18 9 1
3689 17 9 1
882 16 9 1
2563 15 9 1
4591 14 9 1
2336 13 9 1
4526 19 6 1
4673 19 7 1
2836 19 8 1
4656 18 6 1
133 18 7 1
4011 18 8 1
4477 17 6 1
1352 17 7 1
4589 17 8 1
3509 16 8 1
3217 15 8 1
676 14 8 1
420 13 8 1
146 16 7 1
4015 15 7 1
3368 14 7 1
4384 13 7 1
2507 16 6 1
1105 15 6 1
4628 14 6 1
2990 13 6 1
2225 14 5 1
3557 13 5 1
4119 12 5 1
4612 11 5 1
3325 19 5 1
4336 18 5 1
4114 17 5 1
3946 16 5 1
2216 15 5 1
3730 19 4 1
2623 18 4 1
2039 17 4 1
210 16 4 1
1212 15 4 1
580 14 4 1
2769 13 4 1
732 12 4 1
2892 11 4 1
1924 19 0 1
3887 19 1 1
4368 19 2 1
3055 19 3 1
2853 18 0 1
4556 18 1 1
3618 18 2 1
4389 18 3 1
1602 17 0 1
446 17 1 1
321 17 2 1
772 17 3 1
2937 16 0 1
4453 16 1 1
3086 16 2 1
2833 16 3 1
2486 15 3 1
1985 14 3 1
439 13 3 1
2593 12 3 1
3511 11 3 1
3353 15 2 1
1267 14 2 1
2535 13 2 1
3211 12 2 1
4117 11 2 1
832 15 1 1
2321 14 1 1
4736 13 1 1
2780 12 1 1
750 11 1 1
1301 15 0 1
193 14 0 1
222 13 0 1
2934 12 0 1
3432 11 0 1
3147 15 0 27
109 14 0 27
4595 13 0 27
2277 12 0 27
4401 15 1 28
1226 14 1 28
2014 13 1 28
2192 12 1 28
4234 15 2 30
3855 14 2 30
4030 13 2 30
2221 12 2 30
3580 16 0 32
3718 16 1 32
2295 16 2 32
933 17 0 34
1231 17 1 34
2477 17 2 34
2095 18 0 35
2982 18 1 35
1686 18 2 35
4124 19 0 37
1856 19 1 37
455 19 2 37
3985 19 3 37
2501 18 3 37
2614 17 3 37
1701 16 3 37
3884 15 3 37
293 14 3 37
372 13 3 37
1193 12 3 37
99 19 4 38
3866 18 4 38
4753 17 4 38
2347 16 4 38
1321 14 5 40
1750 19 5 40
498 18 5 40
889 17 5 40
1482 16 5 40
2354 15 5 40
4671 15 4 40
3146 14 4 40
4322 13 4 40
4264 12 4 40
1003 16 6 41
1556 15 6 41
3935 14 6 41
2431 16 7 42
4627 15 7 42
2254 14 7 42
1354 17 6 43
4139 17 7 43
2587 18 6 44
1515 18 7 44
3574 19 6 45
1385 19 7 45
2448 19 8 45
4763 18 8 45
2590 17 8 45
2986 16 8 45
4725 15 8 45
2618 14 8 45
1939 19 9 46
1525 18 9 46
1181 17 9 46
70 16 9 46
3888 15 9 46
1524 14 9 46
79 19 10 47
3964 18 10 47
4174 17 10 47
1083 16 10 47
2034 15 10 47
4284 14 10 47
943 19 11 49
3 18 11 49
3314 17 11 49
957 16 11 49
2217 15 11 49
2742 14 11 49
1261 19 12 50
3538 18 12 50
308 17 12 50
2794 16 12 50
3002 15 12 50
364 14 12 50
3422 19 13 51
2950 18 13 51
3349 17 13 51
390 16 13 51
3507 15 13 51
4109 14 13 51
2718 19 14 53
2748 18 14 53
1268 17 14 53
1238 16 14 53
4373 15 14 53
1372 14 14 53
1630 19 15 55
1797 18 15 55
4222 17 15 55
2018 16 15 55
2002 19 17 56
110 18 17 56
3033 19 16 56
2198 18 16 56
1464 19 19 57
1917 18 19 57
2701 17 19 57
2460 19 18 57
1942 18 18 57
956 17 18 57
4278 17 17 57
2066 17 16 57
874 16 16 57
4565 16 19 58
3495 15 19 58
3163 16 18 58
1034 15 18 58
4532 16 17 58
1326 15 17 58
319 14 19 59
3471 14 18 59
1086 14 17 59
1932 12 19 60
1848 12 18 60
1509 12 17 60
4747 12 16 60
2980 13 19 60
3540 13 18 60
427 13 17 60
4617 13 16 60
3598 14 16 60
4388 15 16 60
4032 15 15 60
2487 14 15 60
4586 13 15 60
369 12 8 61
3234 12 7 61
3252 12 6 61
725 12 15 61
2065 12 14 61
2189 12 9 62
3403 11 9 62
2710 11 8 62
2691 11 7 62
3675 11 6 62
4577 10 0 63
3729 10 1 63
1512 10 2 63
3656 10 9 64
3670 10 8 64
4052 10 7 64
3892 10 6 64
600 9 9 65
4337 9 8 65
458 9 7 65
638 9 6 65
3586 8 9 66
2097 8 8 66
1558 8 7 66
3335 8 6 66
236 7 11 67
212 7 10 67
4148 7 9 67
330 7 8 67
3059 7 7 67
2927 7 6 67
3221 5 11 69
850 5 10 69
3885 5 9 69
4041 6 11 69
3750 6 10 69
4358 6 9 69
83 8 13 71
2446 7 13 71
1248 6 13 71
1406 5 13 71
4178 7 12 71
1996 6 12 71
1869 5 12 71
918 8 14 72
1812 7 14 72
3427 6 14 72
3080 5 14 72
1668 9 10 73
172 9 11 73
3527 8 10 74
3717 8 11 74
1110 8 12 74
4758 9 12 74
1747 9 13 74
911 9 14 74
2774 15 0 74
3517 14 0 74
3502 13 0 74
3303 12 0 74
2758 10 10 75
165 10 11 75
1662 10 12 75
3647 10 13 75
4332 10 14 75
3569 14 2 75
3895 13 2 75
2352 12 2 75
2746 11 10 76
1104 11 11 76
4057 11 12 76
1759 11 16 77
2598 10 16 77
4540 9 16 77
1877 8 16 77
38 12 10 77
719 12 11 77
2790 12 12 77
1874 12 13 77
3042 11 13 77
734 11 14 77
2629 11 15 77
1306 10 15 77
4258 9 15 77
4587 8 15 77
2966 11 17 79
2653 10 17 79
667 9 17 79
2869 8 17 79
4192 6 16 80
1409 5 16 80
4450 4 16 80
3900 11 19 80
2162 10 19 80
318 9 19 80
2524 8 19 80
467 7 19 80
3711 11 18 80
2110 10 18 80
4604 9 18 80
3024 8 18 80
581 7 18 80
1623 7 17 80
3926 7 16 80
316 6 18 82
4670 5 18 82
602 4 18 82
69 6 17 82
4308 5 17 82
4020 4 17 82
171 2 19 83
1836 2 18 83
2472 2 17 83
2992 2 16 83
2383 2 15 83
3281 6 19 83
137 5 19 83
787 4 19 83
1645 3 19 83
3122 3 18 83
3043 3 17 83
4652 3 16 83
717 3 15 83
3787 1 19 84
2406 1 18 84
383 1 17 84
263 1 16 84
2417 1 15 84
3240 0 19 85
4525 0 18 85
1987 0 17 85
2271 0 16 85
2741 0 15 85
2901 0 14 85
2665 1 14 85
892 2 14 85
3268 3 14 85
4374 3 13 86
154 3 12 86
3910 2 8 87
791 2 9 87
3195 2 10 87
1461 13 19 87
4157 13 18 87
3584 13 17 87
430 14 19 87
4324 14 18 87
2208 14 17 87
1731 2 13 88
13 2 12 88
640 1 13 89
4043 1 12 89
4048 1 8 89
2283 1 9 89
2419 1 10 89
3587 8 4 90
3275 8 0 90
1046 8 1 90
2979 8 2 90
2709 9 4 90
2077 9 0 90
2315 9 1 90
4084 9 2 90
3939 0 13 90
1882 0 12 90
1483 0 8 90
802 0 9 90
1930 0 10 90
3629 0 11 90
3253 1 11 90
125 2 11 90
3384 3 11 90
3361 3 10 90
1305 3 9 90
3846 3 8 90
3596 18 15 90
4207 17 15 90
2788 16 15 90
4392 6 0 91
1736 6 1 91
2539 6 2 91
1469 7 4 91
3708 7 0 91
247 7 1 91
1634 7 2 91
3342 16 17 91
4113 17 10 91
1356 16 10 91
1074 15 10 91
3130 14 10 91
1977 16 7 91
3302 15 7 91
2174 14 7 91
2167 17 5 91
1751 16 5 91
1633 15 5 91
1430 19 1 91
2100 19 2 91
2204 19 3 91
2814 5 0 92
3461 5 1 92
29 5 2 92
4021 6 4 92
4555 16 18 92
1142 17 13 92
2048 16 13 92
4560 15 13 92
10350 milli sec 
point:426825
