727
2830 0 6 1
1666 0 5 1
2856 0 4 1
3679 0 3 1
496 0 2 1
3538 0 1 1
1553 0 0 1
3639 0 10 1
3789 0 9 1
1967 0 8 1
654 0 7 1
5117 1 10 1
184 1 9 1
3347 1 8 1
4445 1 7 1
4354 2 10 1
2692 2 9 1
671 2 8 1
5617 2 7 1
1980 3 10 1
710 3 9 1
597 3 8 1
2411 3 7 1
34 8 10 1
1541 7 10 1
4297 6 10 1
3799 5 10 1
1325 4 10 1
2925 11 9 1
83 10 9 1
1617 9 9 1
4188 8 9 1
1364 7 9 1
1318 6 9 1
687 5 9 1
4464 4 9 1
1796 11 8 1
4212 10 8 1
5586 9 8 1
3289 8 8 1
1723 7 8 1
2288 6 8 1
5325 5 8 1
2659 4 8 1
1251 0 14 1
1618 0 13 1
1576 0 12 1
5651 0 11 1
1054 1 14 1
318 1 13 1
5677 1 12 1
4115 1 11 1
2507 2 14 1
4620 2 13 1
5032 2 12 1
3926 2 11 1
507 3 14 1
1826 3 13 1
2174 3 12 1
4649 3 11 1
2870 0 19 1
3379 0 18 1
1890 0 17 1
5114 0 16 1
1009 0 15 1
417 1 19 1
4031 1 18 1
4029 1 17 1
866 1 16 1
4417 1 15 1
1230 2 19 1
1245 2 18 1
4876 2 17 1
5324 2 16 1
2399 2 15 1
600 3 19 1
553 3 18 1
3195 3 17 1
5461 3 16 1
1895 3 15 1
841 4 19 1
5598 4 18 1
5344 4 17 1
3252 4 16 1
2722 4 15 1
5054 4 14 1
2949 4 13 1
693 4 12 1
2509 4 11 1
5422 5 19 1
17 5 18 1
215 5 17 1
1336 5 16 1
2609 5 15 1
4738 5 14 1
1563 5 13 1
701 5 12 1
4858 5 11 1
4197 6 19 1
4272 6 18 1
2552 6 17 1
2993 6 16 1
805 6 15 1
1928 6 14 1
1709 6 13 1
1286 6 12 1
1521 6 11 1
3656 11 19 1
1499 10 19 1
2106 9 19 1
825 8 19 1
1533 7 19 1
3253 11 18 1
742 10 18 1
946 9 18 1
3122 8 18 1
774 7 18 1
2315 11 17 1
3852 10 17 1
1508 9 17 1
5154 8 17 1
5665 7 17 1
573 11 16 1
4215 10 16 1
4695 9 16 1
2751 8 16 1
2015 7 16 1
1306 7 15 1
5397 7 14 1
4388 7 13 1
614 7 12 1
2906 7 11 1
3598 8 15 1
1320 8 14 1
3322 8 13 1
1261 8 12 1
4357 8 11 1
1964 9 15 1
3420 9 14 1
3689 9 13 1
2601 9 12 1
5409 9 11 1
3751 9 10 1
2330 10 15 1
3006 10 14 1
4041 10 13 1
4486 10 12 1
2181 10 11 1
3705 10 10 1
3363 11 15 1
4946 11 14 1
472 11 13 1
3474 11 12 1
1039 11 11 1
1249 11 10 1
3492 12 14 1
4839 12 13 1
1705 12 12 1
1153 12 11 1
4110 12 10 1
2633 12 9 1
3189 12 8 1
2944 13 14 1
4321 13 13 1
628 13 12 1
2707 13 11 1
1651 13 10 1
1223 13 9 1
4201 13 8 1
1288 12 19 1
4715 12 18 1
5625 12 17 1
3171 12 16 1
1104 12 15 1
2988 13 19 1
3364 13 18 1
5055 13 17 1
5226 13 16 1
616 13 15 1
1162 14 19 1
3111 14 18 1
1594 14 17 1
1500 14 16 1
5410 14 15 1
2797 15 19 1
1006 15 18 1
2251 15 17 1
2679 15 16 1
5449 15 15 1
471 19 19 1
712 18 19 1
1833 17 19 1
3225 16 19 1
1872 19 18 1
3106 18 18 1
3794 17 18 1
2998 16 18 1
3268 19 17 1
549 18 17 1
821 17 17 1
1202 16 17 1
413 19 16 1
2768 18 16 1
4513 17 16 1
862 16 16 1
1901 19 15 1
5649 18 15 1
4868 17 15 1
37 16 15 1
5502 19 14 1
5550 18 14 1
1240 17 14 1
1704 16 14 1
4855 15 14 1
5576 14 14 1
477 19 13 1
1234 18 13 1
4160 17 13 1
23 16 13 1
707 15 13 1
4190 14 13 1
5007 19 12 1
5083 18 12 1
563 17 12 1
5091 16 12 1
3445 15 12 1
5088 14 12 1
5634 19 11 1
2556 18 11 1
1055 17 11 1
4083 16 11 1
1421 15 11 1
4193 14 11 1
5569 19 10 1
4414 18 10 1
1743 17 10 1
5482 16 10 1
5403 15 10 1
1237 14 10 1
5113 19 9 1
410 18 9 1
3395 17 9 1
4383 16 9 1
2693 15 9 1
3583 14 9 1
1759 19 8 1
1628 18 8 1
1304 17 8 1
4218 16 8 1
349 15 8 1
552 14 8 1
3788 19 0 1
4358 19 1 1
4976 19 2 1
5497 19 3 1
3830 19 4 1
379 19 5 1
5551 19 6 1
4755 19 7 1
5433 18 0 1
3247 18 1 1
3719 18 2 1
632 18 3 1
5015 18 4 1
188 18 5 1
3535 18 6 1
2898 18 7 1
2489 17 0 1
2487 17 1 1
3877 17 2 1
2167 17 3 1
1994 17 4 1
3634 17 5 1
3238 17 6 1
4977 17 7 1
567 16 0 1
2357 16 1 1
2836 16 2 1
4950 16 3 1
3547 16 4 1
1367 16 5 1
1477 16 6 1
4926 16 7 1
82 15 0 1
5512 15 1 1
5412 15 2 1
1999 15 3 1
593 15 4 1
3499 15 5 1
4692 15 6 1
5408 15 7 1
4818 14 0 1
4039 14 1 1
4664 14 2 1
4387 14 3 1
2043 14 4 1
197 14 5 1
3381 14 6 1
3959 14 7 1
2377 13 0 1
3332 13 1 1
4477 13 2 1
3661 13 3 1
4680 13 4 1
4997 13 5 1
1432 13 6 1
1434 13 7 1
5280 12 0 1
4033 12 1 1
4015 12 2 1
99 12 3 1
3999 12 4 1
2541 12 5 1
3636 12 6 1
4500 12 7 1
3803 11 0 1
5044 11 1 1
4017 11 2 1
3714 11 3 1
3873 11 4 1
982 11 5 1
3992 11 6 1
4023 11 7 1
5314 7 0 1
823 7 1 1
3277 7 2 1
289 7 3 1
505 7 4 1
3134 8 0 1
1332 8 1 1
4250 8 2 1
5424 8 3 1
2850 8 4 1
4707 9 0 1
1810 9 1 1
2995 9 2 1
1753 9 3 1
5388 9 4 1
3862 10 0 1
4911 10 1 1
3375 10 2 1
2417 10 3 1
1103 10 4 1
4326 10 5 1
4431 10 6 1
652 10 7 1
460 9 7 1
1370 8 7 1
3208 7 7 1
1397 6 7 1
2169 5 7 1
1247 4 7 1
4261 9 6 1
3173 8 6 1
3130 7 6 1
4298 6 6 1
3845 5 6 1
1528 4 6 1
5630 3 6 1
2517 2 6 1
3947 1 6 1
5303 9 5 1
3410 8 5 1
5525 7 5 1
1623 6 5 1
4074 5 5 1
540 4 5 1
5153 3 5 1
434 2 5 1
3400 1 5 1
2587 6 4 1
4820 5 4 1
4363 4 4 1
524 3 4 1
1886 2 4 1
1813 1 4 1
1257 6 3 1
1875 5 3 1
4434 4 3 1
2581 3 3 1
5662 2 3 1
4035 1 3 1
5068 6 2 1
2513 5 2 1
852 4 2 1
3945 3 2 1
3976 2 2 1
5499 1 2 1
3460 6 1 1
1646 5 1 1
5554 4 1 1
1724 3 1 1
493 2 1 1
2598 1 1 1
2056 6 0 1
1493 5 0 1
4875 4 0 1
1800 3 0 1
1300 2 0 1
1894 1 0 1
3861 6 0 29
3478 5 0 29
2319 4 0 29
133 3 0 29
3801 2 0 29
1498 6 1 30
2219 5 1 30
1212 4 1 30
1292 3 1 30
337 2 1 30
3856 6 2 31
5680 5 2 31
5547 4 2 31
356 3 2 31
630 2 2 31
5199 6 3 33
2724 5 3 33
5118 4 3 33
5536 3 3 33
3578 2 3 33
4459 6 4 34
3086 5 4 34
249 4 4 34
2391 3 4 34
2157 2 4 34
4859 9 5 36
362 8 5 36
601 7 5 36
2119 6 5 36
1840 5 5 36
4531 4 5 36
4530 3 5 36
2397 2 5 36
2923 9 6 38
980 8 6 38
4588 7 6 38
4597 6 6 38
5112 5 6 38
5194 10 0 41
799 10 1 41
5539 10 2 41
762 10 3 41
981 8 0 42
1346 8 1 42
3397 8 2 42
2017 8 3 42
1869 9 0 42
273 9 1 42
4725 9 2 42
3369 9 3 42
4678 7 0 44
4360 7 1 44
2058 7 2 44
4372 7 3 44
1373 7 4 44
3360 8 4 44
985 9 4 44
5337 10 4 44
4109 10 5 44
4148 10 6 44
868 11 0 46
3834 11 1 46
725 11 2 46
639 11 3 46
5697 11 4 46
787 11 5 46
898 11 6 46
2243 12 0 47
3740 12 1 47
3509 12 2 47
489 12 3 47
2374 12 4 47
2375 12 5 47
3847 12 6 47
3093 13 0 48
5040 13 1 48
1645 13 2 48
680 13 3 48
4743 13 4 48
3190 13 5 48
219 13 6 48
594 14 0 50
1299 14 1 50
217 14 2 50
3948 14 3 50
457 14 4 50
5387 14 5 50
4701 14 6 50
566 15 0 51
1016 15 1 51
2510 15 2 51
1207 15 3 51
4255 15 4 51
4293 15 5 51
3553 15 6 51
2802 16 0 52
3254 16 1 52
4400 16 2 52
1423 16 3 52
3250 16 4 52
4963 16 5 52
3294 16 6 52
1519 17 0 54
2270 17 1 54
2275 17 2 54
4216 17 3 54
4205 17 4 54
1748 17 5 54
2268 17 6 54
4751 19 0 56
2755 19 1 56
485 19 2 56
2588 19 3 56
3669 19 4 56
1818 19 5 56
2551 19 6 56
4461 19 7 56
951 18 0 56
2699 18 1 56
4824 18 2 56
5364 18 3 56
1798 18 4 56
1908 18 5 56
4542 18 6 56
1889 18 7 56
1767 17 7 56
1591 19 8 57
5685 18 8 57
2132 17 8 57
1959 16 8 57
3489 15 8 57
3544 19 9 59
2785 18 9 59
208 17 9 59
3504 16 9 59
1978 15 9 59
1138 19 10 60
325 18 10 60
437 17 10 60
1418 16 10 60
2444 15 10 60
585 19 12 61
392 18 12 61
1925 17 12 61
4910 16 12 61
207 15 12 61
2547 19 11 61
2759 18 11 61
4688 17 11 61
2766 16 11 61
186 15 11 61
5163 19 13 63
4307 18 13 63
287 17 13 63
867 16 13 63
3176 15 13 63
5668 19 16 64
5473 18 16 64
2668 17 16 64
3418 19 15 64
4777 18 15 64
2549 17 15 64
5545 19 14 64
4095 18 14 64
2838 17 14 64
2905 19 18 65
3569 18 18 65
922 17 18 65
820 19 17 65
3451 18 17 65
4632 17 17 65
961 19 19 66
1031 18 19 66
2432 17 19 66
5094 16 19 66
2628 16 18 66
776 16 17 66
2937 16 16 66
4306 15 19 67
2567 15 18 67
94 15 17 67
1109 15 16 67
2429 14 19 68
1201 14 18 68
222 14 17 68
3135 14 16 68
2790 13 19 69
4058 13 18 69
4078 13 17 69
4844 13 16 69
2999 12 19 70
4528 12 18 70
1946 12 17 70
2641 12 16 70
2188 12 15 70
1311 13 14 72
3443 13 13 72
3361 13 12 72
3082 13 11 72
1312 13 10 72
4535 13 9 72
5351 12 14 73
2271 12 13 73
2326 12 12 73
386 12 11 73
603 11 15 74
3224 11 14 74
4142 11 13 74
5216 11 12 74
2175 11 11 74
4316 10 15 76
4709 10 14 76
2422 10 13 76
1970 10 12 76
2932 10 11 76
13 9 15 77
3370 9 14 77
5681 9 13 77
4468 9 12 77
4598 8 15 78
4322 8 14 78
5138 8 13 78
5432 8 12 78
791 11 16 79
5335 10 16 79
2371 9 16 79
2154 8 16 79
474 11 17 80
2493 10 17 80
451 9 17 80
3969 8 17 80
5052 11 18 82
2798 10 18 82
30 9 18 82
5438 8 18 82
3875 11 19 83
2987 10 19 83
2413 9 19 83
2764 8 19 83
5214 7 19 83
2238 7 18 83
1637 7 17 83
1773 7 16 83
3382 7 15 83
2088 7 14 83
1134 7 13 83
226 7 12 83
5225 6 19 84
4410 6 18 84
4646 6 17 84
4070 6 16 84
464 6 15 84
3177 6 14 84
108 6 13 84
1846 6 12 84
864 5 19 86
4002 5 18 86
5513 5 17 86
4227 5 16 86
2153 5 15 86
2939 5 14 86
4096 5 13 86
4084 5 12 86
1027 4 19 89
4716 4 18 89
2799 4 17 89
2431 4 16 89
3931 19 11 89
2990 18 11 89
562 17 11 89
613 16 11 89
2677 15 11 89
77 9 0 89
764 9 1 89
416 9 2 89
4752 9 3 89
272 3 19 90
1358 3 18 90
206 3 17 90
2823 3 16 90
4068 2 19 91
2040 2 18 91
3164 2 17 91
5492 2 16 91
1805 1 19 92
2443 1 18 92
2539 1 17 92
643 1 16 92
2110 18 0 92
5330 18 1 92
2717 18 2 92
1391 18 3 92
2094 18 4 92
271 18 5 92
5134 18 6 92
3994 2 14 93
636 2 13 93
5001 2 12 93
3160 3 14 93
2569 3 13 93
4418 3 12 93
3953 0 19 93
45 0 18 93
2207 0 17 93
312 0 16 93
1022 0 15 93
4682 1 15 93
3571 2 15 93
3886 3 15 93
4059 4 15 93
5541 4 14 93
277 4 13 93
5690 4 12 93
3172 14 17 93
5256 14 16 93
72 13 0 93
4848 13 1 93
4469 13 2 93
2143 13 3 93
3448 13 4 93
3899 13 5 93
2077 13 6 93
717 11 4 93
225 11 5 93
525 11 6 93
2484 8 1 93
940 8 2 93
12215 milli sec 
point:440900
