735
5228 0 7 1
6031 0 6 1
2246 0 5 1
1164 0 4 1
2278 0 3 1
1766 0 2 1
3170 0 1 1
4601 0 0 1
4559 1 7 1
2086 1 6 1
1175 1 5 1
5122 1 4 1
1144 1 3 1
606 1 2 1
3545 1 1 1
2531 1 0 1
3763 2 7 1
2861 2 6 1
4588 2 5 1
5331 2 4 1
1857 2 3 1
6201 2 2 1
1700 2 1 1
3008 2 0 1
4034 3 7 1
2811 3 6 1
6033 3 5 1
4748 3 4 1
5807 3 3 1
2358 3 2 1
3689 3 1 1
1448 3 0 1
3322 4 7 1
130 4 6 1
704 4 5 1
729 4 4 1
3046 4 3 1
4236 4 2 1
5482 4 1 1
420 4 0 1
2195 0 13 1
2463 0 12 1
3392 0 11 1
5071 0 10 1
4993 0 9 1
3253 0 8 1
4463 1 13 1
2843 1 12 1
3605 1 11 1
2236 1 10 1
5215 1 9 1
3694 1 8 1
1457 2 13 1
5274 2 12 1
4398 2 11 1
3419 2 10 1
5645 2 9 1
5524 2 8 1
5378 3 13 1
3868 3 12 1
1835 3 11 1
4520 3 10 1
4154 3 9 1
3335 3 8 1
4515 4 13 1
2461 4 12 1
5219 4 11 1
3328 4 10 1
889 4 9 1
1410 4 8 1
1810 5 10 1
2161 5 9 1
1122 5 8 1
5947 5 7 1
1944 5 6 1
2793 5 5 1
2532 5 4 1
6367 5 3 1
1143 5 2 1
3672 5 1 1
2541 5 0 1
684 6 10 1
39 6 9 1
2577 0 19 1
4321 0 18 1
492 0 17 1
6309 0 16 1
2895 0 15 1
2674 0 14 1
408 1 19 1
756 1 18 1
2656 1 17 1
4942 1 16 1
3404 1 15 1
4318 1 14 1
3964 2 19 1
1603 2 18 1
588 2 17 1
2771 2 16 1
3688 2 15 1
2573 2 14 1
4146 3 19 1
2874 3 18 1
3294 3 17 1
2347 3 16 1
5447 3 15 1
3976 3 14 1
2717 4 19 1
3695 4 18 1
5923 4 17 1
835 4 16 1
1775 4 15 1
5106 4 14 1
415 5 19 1
3585 5 18 1
2311 5 17 1
3904 5 16 1
5128 5 15 1
3848 5 14 1
3883 5 13 1
1149 5 12 1
3130 5 11 1
2950 6 19 1
3368 6 18 1
5150 6 17 1
4565 6 16 1
837 6 15 1
977 6 14 1
3125 6 13 1
5588 6 12 1
1434 6 11 1
869 7 19 1
3198 7 18 1
5410 7 17 1
4731 7 16 1
4954 7 15 1
4254 7 14 1
5884 7 13 1
3403 7 12 1
3931 7 11 1
3040 7 10 1
4364 7 9 1
2128 8 19 1
5741 8 18 1
1308 8 17 1
2343 8 16 1
758 8 15 1
5264 8 14 1
230 8 13 1
5054 8 12 1
2733 8 11 1
4640 8 10 1
2632 8 9 1
5856 9 19 1
229 9 18 1
4622 9 17 1
2990 9 16 1
5786 9 15 1
5017 9 14 1
4009 9 13 1
5133 9 12 1
1385 9 11 1
1397 9 10 1
6283 9 9 1
6382 19 19 1
3307 18 19 1
3554 17 19 1
807 16 19 1
3961 15 19 1
3187 14 19 1
1286 13 19 1
1148 12 19 1
2029 11 19 1
4160 10 19 1
6175 19 18 1
6337 18 18 1
6145 17 18 1
1336 16 18 1
4650 15 18 1
887 14 18 1
1152 13 18 1
4082 12 18 1
530 11 18 1
159 10 18 1
5993 19 17 1
4295 18 17 1
1315 17 17 1
2134 16 17 1
3098 15 17 1
4998 14 17 1
2189 13 17 1
1037 12 17 1
1264 11 17 1
1328 10 17 1
3532 19 16 1
1664 18 16 1
2925 17 16 1
2954 16 16 1
5668 15 16 1
2190 14 16 1
6466 13 16 1
4826 12 16 1
2988 11 16 1
4890 10 16 1
5776 19 15 1
2459 18 15 1
4797 17 15 1
3729 16 15 1
1253 15 15 1
3488 14 15 1
5618 13 15 1
5056 12 15 1
6365 11 15 1
6223 10 15 1
6030 19 14 1
3484 18 14 1
4057 17 14 1
5351 16 14 1
5123 15 14 1
4701 14 14 1
264 13 14 1
1759 12 14 1
101 11 14 1
157 10 14 1
1145 19 13 1
2484 18 13 1
3276 17 13 1
3209 16 13 1
5426 15 13 1
6067 14 13 1
1331 13 13 1
6456 12 13 1
3194 11 13 1
1592 10 13 1
3451 19 12 1
4344 18 12 1
4926 17 12 1
5641 16 12 1
3764 15 12 1
5013 14 12 1
5130 13 12 1
3665 12 12 1
4308 11 12 1
3073 10 12 1
5763 19 11 1
3912 18 11 1
6308 17 11 1
4289 16 11 1
707 15 11 1
5866 14 11 1
1867 13 11 1
6370 12 11 1
4478 11 11 1
5251 10 11 1
1736 19 6 1
5832 19 7 1
2490 19 8 1
3891 19 9 1
6413 19 10 1
3809 18 6 1
1059 18 7 1
3193 18 8 1
5841 18 9 1
2556 18 10 1
236 17 6 1
3588 17 7 1
4769 17 8 1
5398 17 9 1
227 17 10 1
6396 16 6 1
5848 16 7 1
1901 16 8 1
1210 16 9 1
1197 16 10 1
2497 15 6 1
2560 15 7 1
242 15 8 1
3728 15 9 1
6267 15 10 1
4021 14 10 1
939 13 10 1
1495 12 10 1
247 11 10 1
4671 10 10 1
824 14 9 1
2929 13 9 1
5541 12 9 1
3756 11 9 1
1267 10 9 1
562 14 8 1
3179 13 8 1
4800 12 8 1
4174 11 8 1
5371 10 8 1
5805 9 8 1
5540 8 8 1
5662 7 8 1
5288 6 8 1
5080 14 7 1
1268 13 7 1
5677 12 7 1
3686 11 7 1
2319 10 7 1
2150 9 7 1
6341 8 7 1
5909 7 7 1
3236 6 7 1
5058 14 6 1
6141 13 6 1
2606 12 6 1
4600 11 6 1
3651 10 6 1
6125 9 6 1
1926 8 6 1
4787 7 6 1
137 6 6 1
5900 19 0 1
2192 19 1 1
683 19 2 1
6237 19 3 1
6298 19 4 1
1738 19 5 1
3959 18 0 1
5976 18 1 1
5110 18 2 1
3591 18 3 1
3017 18 4 1
4867 18 5 1
460 17 0 1
6129 17 1 1
3266 17 2 1
261 17 3 1
5560 17 4 1
22 17 5 1
1552 16 0 1
2522 16 1 1
4411 16 2 1
1223 16 3 1
506 16 4 1
1011 16 5 1
3649 15 0 1
2977 15 1 1
5349 15 2 1
2376 15 3 1
4841 15 4 1
2809 15 5 1
3485 14 0 1
5325 14 1 1
4618 14 2 1
5835 14 3 1
5384 14 4 1
5495 14 5 1
1568 13 0 1
4317 13 1 1
4831 13 2 1
4039 13 3 1
5233 13 4 1
6126 13 5 1
1070 12 0 1
6218 12 1 1
3640 12 2 1
493 12 3 1
1712 12 4 1
6068 12 5 1
5483 11 0 1
4097 11 1 1
4859 11 2 1
6131 11 3 1
3000 11 4 1
4192 11 5 1
122 10 0 1
2473 10 1 1
3866 10 2 1
112 10 3 1
5915 10 4 1
5881 10 5 1
1692 9 0 1
20 9 1 1
5694 9 2 1
1908 9 3 1
1183 9 4 1
48 9 5 1
2839 8 5 1
5300 7 5 1
88 6 5 1
3944 8 4 1
320 7 4 1
3216 6 4 1
3220 8 3 1
4877 7 3 1
1972 6 3 1
2397 8 2 1
1959 7 2 1
1932 6 2 1
3167 8 1 1
1360 7 1 1
863 6 1 1
744 8 0 1
4668 7 0 1
4027 6 0 1
2042 8 0 27
829 7 0 27
1425 8 1 28
1902 7 1 28
1687 8 2 30
508 7 2 30
5862 8 3 32
2994 7 3 32
355 8 4 33
1650 7 4 33
1507 9 0 35
4760 9 1 35
2699 9 2 35
3599 9 3 35
5767 9 4 35
5126 10 0 36
5754 10 1 36
4506 10 2 36
5673 10 3 36
4339 10 4 36
5261 11 0 38
2837 11 1 38
2799 11 2 38
1971 11 3 38
5270 11 4 38
4250 12 0 39
3388 12 1 39
860 12 2 39
3457 12 3 39
5890 12 4 39
6315 13 0 40
6303 13 1 40
510 13 2 40
5889 13 3 40
1669 13 4 40
3121 14 0 41
2346 14 1 41
1408 14 2 41
6465 14 3 41
946 14 4 41
2214 15 0 43
3487 15 1 43
2340 15 2 43
3483 15 3 43
3633 15 4 43
5867 16 0 45
29 16 1 45
3918 16 2 45
34 16 3 45
2663 16 4 45
405 17 0 46
5629 17 1 46
4030 17 2 46
3235 17 3 46
4645 17 4 46
802 18 0 47
3528 18 1 47
4107 18 2 47
4982 18 3 47
1646 18 4 47
4784 19 0 48
1768 19 1 48
6118 19 2 48
2939 19 3 48
1879 19 4 48
5279 19 5 48
2259 18 5 48
3533 17 5 48
5259 16 5 48
1609 14 6 49
1421 13 6 49
4972 12 6 49
5528 11 6 49
87 10 6 49
2252 9 6 49
3781 8 6 49
4667 7 6 49
4282 14 7 50
4381 13 7 50
2377 12 7 50
5355 11 7 50
2785 10 7 50
3946 9 7 50
5762 8 7 50
3470 7 7 50
447 14 9 52
2890 13 9 52
2322 12 9 52
1578 11 9 52
3330 14 8 52
4850 13 8 52
2400 12 8 52
6184 11 8 52
1075 15 6 54
1684 15 7 54
4839 15 8 54
1496 15 9 54
868 16 6 55
1714 16 7 55
4884 16 8 55
554 16 9 55
4350 17 6 56
3901 17 7 56
2013 17 8 56
6007 17 9 56
2881 18 6 57
2548 18 7 57
1919 18 8 57
3426 18 9 57
5652 19 6 58
3082 19 7 58
791 19 8 58
2623 19 9 58
2974 19 10 58
5107 18 10 58
2591 17 10 58
1904 16 10 58
3476 15 10 58
2364 14 10 58
827 13 10 58
1742 12 10 58
6094 11 10 58
1880 19 11 59
1002 18 11 59
2527 17 11 59
2698 16 11 59
4735 15 11 59
110 14 11 59
4332 13 11 59
641 12 11 59
5983 11 11 59
3568 19 12 61
1900 18 12 61
2754 17 12 61
4744 16 12 61
1382 15 12 61
3627 14 12 61
4742 13 12 61
3010 12 12 61
1393 11 12 61
5108 19 13 62
974 18 13 62
4535 17 13 62
3433 16 13 62
505 15 13 62
3013 14 13 62
5109 13 13 62
313 12 13 62
2966 11 13 62
5119 19 14 64
1127 18 14 64
2665 17 14 64
5292 16 14 64
26 15 14 64
1404 14 14 64
5407 13 14 64
4449 12 14 64
6187 11 14 64
3530 19 15 66
5979 18 15 66
1299 17 15 66
5438 16 15 66
5220 15 15 66
2864 14 15 66
3788 13 15 66
6236 12 15 66
4453 11 15 66
5732 19 16 68
2896 18 16 68
2138 17 16 68
4058 16 16 68
5951 15 16 68
6112 14 16 68
1186 13 16 68
275 12 16 68
5949 11 16 68
5535 19 17 69
4732 18 17 69
6241 17 17 69
6406 16 17 69
2713 15 17 69
6455 14 17 69
1804 13 17 69
6057 12 17 69
2460 11 17 69
1905 19 18 71
4455 18 18 71
3921 17 18 71
3994 16 18 71
5473 15 18 71
3854 14 18 71
5921 13 18 71
2317 12 18 71
4632 11 18 71
3610 19 19 73
1478 18 19 73
6425 17 19 73
534 16 19 73
4848 15 19 73
2496 14 19 73
2550 13 19 73
4373 12 19 73
67 11 19 73
497 10 19 73
1459 9 19 76
4369 9 18 76
5195 9 17 76
6446 9 16 76
628 9 15 76
2688 9 14 76
2451 9 13 76
3009 9 12 76
4200 9 11 76
3354 9 10 76
5365 8 19 77
3281 8 18 77
215 8 17 77
1763 8 16 77
2037 8 15 77
2475 8 14 77
4283 8 13 77
172 8 12 77
669 8 11 77
1519 8 10 77
822 7 19 78
1540 7 18 78
1005 7 17 78
2778 7 16 78
1511 7 15 78
1827 7 14 78
1093 7 13 78
2742 7 12 78
1039 7 3 78
4190 6 19 80
2786 6 18 80
3463 6 17 80
477 6 16 80
400 6 15 80
2334 6 14 80
1965 6 13 80
349 6 12 80
2562 8 0 80
353 7 0 80
5557 8 1 81
5789 7 1 81
4115 5 19 82
4029 5 18 82
3937 5 17 82
4045 5 16 82
4490 5 15 82
4595 4 19 83
1975 4 18 83
5302 4 17 83
1571 4 16 83
2596 4 15 83
4392 3 19 84
2776 3 18 84
2007 3 17 84
949 3 16 84
4536 3 15 84
376 12 0 84
2787 12 1 84
1205 12 2 84
6304 12 3 84
5599 12 4 84
2790 2 19 85
5766 2 18 85
2237 2 17 85
2979 2 16 85
621 2 15 85
1704 1 19 86
5843 1 18 86
4893 1 17 86
1616 1 16 86
1793 1 15 86
2937 6 10 89
2517 6 9 89
1821 0 19 89
5415 0 18 89
5573 0 17 89
5574 0 16 89
1969 0 15 89
6474 0 14 89
4575 11 0 90
3432 11 1 90
500 11 2 90
4367 11 3 90
3233 11 4 90
5289 4 13 91
5052 4 12 91
2759 4 11 91
1662 4 10 91
6136 4 9 91
2383 5 10 91
6352 5 9 91
1285 3 13 92
2455 3 12 92
1553 3 11 92
1501 3 10 92
4110 3 9 92
5420 1 14 92
1310 14 8 92
3538 13 8 92
779 12 8 92
210 11 8 92
975 9 1 92
2147 9 2 92
3490 9 3 92
2245 9 4 92
5794 2 13 93
1340 2 12 93
6397 2 11 93
202 2 10 93
5579 2 9 93
4543 1 13 94
3597 1 12 94
716 1 11 94
1334 1 10 94
989 1 9 94
4959 2 14 94
119 3 14 94
1192 4 14 94
5309 5 14 94
4949 5 13 94
3348 5 12 94
1278 5 11 94
6106 6 11 94
53 17 12 94
5556 16 12 94
3555 15 12 94
1802 14 12 94
4810 13 12 94
3173 12 12 94
3161 11 12 94
777 17 8 94
13487 milli sec 
point:450175
