719
36 0 0 1
943 0 1 1
1827 0 2 1
348 1 0 1
1472 1 1 1
1229 1 2 1
821 0 4 1
455 0 3 1
205 1 4 1
913 1 3 1
1816 2 4 1
2023 2 3 1
2226 2 0 1
303 2 1 1
2214 2 2 1
1088 0 7 1
3080 0 6 1
2756 0 5 1
1810 1 7 1
1706 1 6 1
1374 1 5 1
1687 3 7 1
1943 2 7 1
870 2 6 1
342 2 5 1
137 6 6 1
1312 5 6 1
2855 4 6 1
2467 3 6 1
2250 4 7 1
2491 5 9 1
162 5 8 1
2722 5 7 1
1674 0 8 1
2681 0 9 1
2634 0 10 1
2562 1 8 1
2529 1 9 1
2888 1 10 1
2555 2 8 1
488 2 9 1
123 2 10 1
564 3 8 1
1116 3 9 1
502 3 10 1
758 0 19 1
2679 0 18 1
2559 0 17 1
841 0 16 1
1509 0 15 1
405 0 14 1
72 0 11 1
2445 0 12 1
2946 0 13 1
1727 1 19 1
3005 1 18 1
2069 1 17 1
2877 1 16 1
641 1 15 1
400 1 14 1
2587 1 11 1
2137 1 12 1
2531 1 13 1
282 2 19 1
456 2 18 1
2427 2 17 1
1388 2 16 1
548 2 15 1
3456 2 14 1
438 2 13 1
157 2 12 1
397 2 11 1
2864 3 13 1
1143 3 12 1
3161 3 11 1
3564 4 13 1
2659 4 12 1
1054 4 11 1
2869 4 8 1
2030 4 9 1
278 4 10 1
1869 5 13 1
534 5 12 1
1765 5 11 1
2242 5 10 1
3517 3 19 1
1417 3 18 1
1750 3 17 1
152 3 16 1
2436 3 15 1
952 3 14 1
1989 6 19 1
1030 5 19 1
1562 4 19 1
361 6 18 1
3429 5 18 1
3563 4 18 1
1580 6 17 1
2198 5 17 1
3495 4 17 1
2053 6 16 1
1755 5 16 1
2277 4 16 1
2578 4 15 1
1004 4 14 1
1587 5 15 1
773 5 14 1
352 9 19 1
1965 8 19 1
2518 7 19 1
1014 9 18 1
845 8 18 1
1481 7 18 1
1468 9 17 1
1383 8 17 1
271 7 17 1
3530 9 16 1
2655 8 16 1
1227 7 16 1
1183 11 15 1
1906 12 16 1
463 12 15 1
615 10 19 1
1742 10 18 1
1170 10 16 1
3224 10 17 1
1785 11 19 1
2286 11 18 1
1957 11 16 1
2159 11 17 1
2797 12 19 1
2685 12 18 1
2197 12 17 1
2051 13 19 1
3361 13 18 1
1409 15 19 1
3485 14 19 1
1035 15 18 1
1125 14 18 1
218 19 19 1
1514 18 19 1
2039 17 19 1
1260 16 19 1
2171 19 18 1
3254 18 18 1
790 17 18 1
2551 16 18 1
2058 19 15 1
3334 19 16 1
3547 19 17 1
1787 17 15 1
3227 18 15 1
1743 18 16 1
1839 18 17 1
1369 17 17 1
178 16 17 1
2680 15 17 1
3419 14 17 1
2108 13 17 1
172 17 16 1
2853 16 16 1
2532 15 16 1
1039 14 16 1
1611 13 16 1
2367 14 15 1
451 13 15 1
1760 14 14 1
3064 13 14 1
1494 12 14 1
620 11 14 1
2131 16 15 1
1511 15 15 1
3557 19 14 1
3115 18 14 1
2956 17 14 1
2182 16 14 1
466 15 14 1
1703 19 11 1
2815 19 12 1
3497 19 13 1
787 16 10 1
2292 16 11 1
133 16 12 1
365 17 11 1
127 17 12 1
2832 18 11 1
132 18 12 1
251 18 13 1
1615 17 13 1
2841 16 13 1
2865 15 13 1
3290 14 13 1
940 15 10 1
3421 15 11 1
150 15 12 1
1784 14 10 1
276 14 11 1
2399 14 12 1
3002 13 10 1
159 13 11 1
2840 13 12 1
1223 13 13 1
1763 12 10 1
2279 12 11 1
661 12 12 1
2872 12 13 1
1685 11 9 1
2264 11 10 1
1654 11 11 1
1852 11 12 1
1241 11 13 1
33 10 9 1
2428 10 10 1
315 10 11 1
51 10 12 1
2646 10 13 1
2637 10 14 1
3552 10 15 1
1144 9 12 1
540 9 13 1
2623 9 14 1
796 9 15 1
1807 8 12 1
1923 8 13 1
800 8 14 1
2930 8 15 1
2791 7 15 1
2138 6 15 1
3567 7 14 1
2746 6 14 1
2000 7 13 1
257 6 13 1
129 7 12 1
324 6 12 1
1303 7 11 1
2082 6 11 1
1479 7 10 1
3343 6 10 1
163 7 9 1
1692 6 9 1
2672 6 8 1
227 6 7 1
1894 7 8 1
2088 7 6 1
1457 7 7 1
2598 8 11 1
1070 8 10 1
1642 8 9 1
2823 8 8 1
203 8 6 1
640 8 7 1
2859 9 11 1
250 9 10 1
1230 9 9 1
3312 9 8 1
50 9 7 1
263 16 9 1
1042 15 9 1
522 14 9 1
2337 13 9 1
300 12 9 1
2271 19 10 1
2592 18 10 1
2908 17 10 1
1129 19 9 1
2910 18 9 1
2080 17 9 1
1266 19 8 1
3177 18 8 1
2446 19 5 1
1341 19 6 1
2035 19 7 1
1961 18 5 1
1572 18 6 1
1497 18 7 1
1380 19 2 1
1452 19 3 1
1326 19 4 1
898 18 2 1
1502 18 3 1
1278 18 4 1
245 12 3 1
136 12 0 1
1554 12 1 1
1340 12 2 1
1379 13 3 1
2008 13 0 1
81 13 1 1
1334 13 2 1
223 14 3 1
2911 14 0 1
480 14 1 1
3433 14 2 1
392 15 0 1
3294 15 1 1
248 15 2 1
434 16 0 1
1632 16 1 1
1455 16 2 1
2129 19 0 1
3293 19 1 1
3375 18 0 1
768 18 1 1
1219 17 0 1
815 17 1 1
956 17 2 1
62 17 3 1
191 17 4 1
792 17 5 1
309 17 6 1
3452 17 7 1
92 17 8 1
526 12 6 1
1164 12 4 1
2957 12 5 1
1664 13 6 1
3522 13 4 1
406 13 5 1
622 14 4 1
239 14 5 1
351 15 3 1
840 15 4 1
2812 15 5 1
1489 16 3 1
2958 16 4 1
2464 16 5 1
1520 16 6 1
1165 16 7 1
1247 16 8 1
1944 15 8 1
2745 14 8 1
998 13 8 1
1815 12 8 1
3285 11 8 1
308 10 8 1
1391 15 6 1
1601 15 7 1
2740 14 6 1
3037 14 7 1
1638 13 7 1
1101 12 7 1
3192 11 7 1
500 10 7 1
2608 11 6 1
3276 10 6 1
2639 9 6 1
623 11 5 1
3551 10 5 1
3142 11 0 1
447 11 1 1
1496 11 2 1
3017 11 3 1
158 11 4 1
2844 10 0 1
912 10 1 1
1019 10 2 1
2205 10 3 1
3336 10 4 1
2185 9 0 1
2739 9 1 1
3383 9 2 1
1900 9 3 1
1538 9 4 1
325 9 5 1
1249 8 0 1
867 8 1 1
2465 8 2 1
1907 8 3 1
2300 8 4 1
964 8 5 1
1734 7 0 1
2713 7 1 1
383 7 2 1
2114 7 3 1
3304 7 4 1
1602 7 5 1
1736 6 0 1
2573 6 1 1
161 6 2 1
2887 6 3 1
3289 6 4 1
2976 6 5 1
626 5 0 1
580 5 1 1
2689 5 2 1
690 5 3 1
2165 5 4 1
3269 5 5 1
2029 4 5 1
441 3 5 1
3307 4 4 1
1038 3 4 1
2522 4 3 1
951 3 3 1
1914 4 2 1
387 3 2 1
2111 4 1 1
1403 3 1 1
1927 4 0 1
2567 3 0 1
3069 4 0 24
2211 4 1 26
2473 4 4 27
804 4 3 27
875 4 2 27
344 5 0 30
1619 5 1 30
1226 5 2 30
936 5 3 30
937 5 4 30
264 6 0 31
266 6 1 31
1983 6 2 31
130 6 3 31
2530 6 4 31
1790 7 0 32
3202 7 1 32
729 7 2 32
1138 7 3 32
1942 7 4 32
2615 8 0 33
1636 8 1 33
2762 8 2 33
507 8 3 33
982 8 4 33
765 9 0 34
2535 9 1 34
723 9 2 34
3355 9 3 34
2933 10 0 35
1155 10 1 35
231 10 2 35
3079 10 3 35
1194 11 5 36
1257 10 5 36
88 11 0 36
1235 11 1 36
2419 11 2 36
2246 11 3 36
546 11 4 36
233 10 4 36
2074 9 4 36
3374 11 6 37
1982 15 6 39
1624 15 7 39
888 14 6 39
2642 14 7 39
1618 13 7 39
1976 12 7 39
544 11 7 39
2350 14 4 41
182 15 3 41
3255 15 4 41
1751 16 3 41
2325 16 4 41
2556 12 4 42
1069 13 6 42
1709 13 4 42
1405 12 6 43
1359 12 5 43
1356 13 5 43
1083 14 5 43
1510 15 5 43
1702 16 5 43
1897 16 6 43
3414 16 7 43
3524 17 0 44
3376 16 0 45
3097 16 1 45
155 19 0 45
1169 19 1 45
2081 18 0 45
3057 18 1 45
3139 17 1 45
629 14 3 46
694 14 0 46
676 14 1 46
954 15 0 46
809 15 1 46
1055 13 3 47
2356 13 0 47
1821 13 1 47
283 12 3 48
1415 12 0 48
1434 12 1 48
2262 12 2 48
801 13 2 48
1476 14 2 48
2191 15 2 48
886 16 2 48
99 17 2 48
741 17 3 48
602 19 2 49
988 19 3 49
1221 19 4 49
1868 18 2 49
2377 18 3 49
482 18 4 49
1537 17 4 49
2405 17 5 49
587 17 6 49
2216 19 9 50
636 18 9 50
3030 19 8 50
2706 18 8 50
2025 19 5 50
310 19 6 50
2094 19 7 50
1053 18 5 50
635 18 6 50
2889 18 7 50
1928 17 7 50
1669 16 9 52
802 15 9 52
3280 14 9 52
1091 13 9 52
714 12 9 52
1556 19 10 52
1114 18 10 52
1475 17 10 52
756 17 9 52
3499 8 6 54
3426 9 11 54
34 9 10 54
645 9 9 54
1588 9 8 54
432 8 11 55
2049 8 10 55
1960 8 9 55
541 8 8 55
144 7 8 56
3158 7 6 56
2754 7 13 57
3504 7 12 57
2076 7 11 57
2101 7 10 57
2929 7 9 57
3055 7 14 58
35 8 12 60
1387 8 13 60
1992 8 14 60
3081 9 12 61
1465 9 13 61
321 9 14 61
807 11 9 63
558 11 10 63
3346 11 11 63
44 11 12 63
551 10 9 63
1127 10 10 63
3056 10 11 63
395 10 12 63
435 12 10 64
3455 12 11 64
1920 12 12 64
1152 14 10 65
2295 14 11 65
1831 13 10 65
1204 13 11 65
681 15 10 66
2106 15 11 66
1427 15 12 66
1317 19 11 68
3531 19 12 68
389 19 13 68
1371 16 10 68
3543 16 11 68
3025 16 12 68
3220 17 11 68
520 17 12 68
1583 18 11 68
2948 18 12 68
97 18 13 68
1375 17 13 68
1838 16 13 68
3124 14 12 68
1327 13 12 68
695 16 15 69
2575 15 15 69
3454 19 14 69
2992 18 14 69
2860 17 14 69
1829 16 14 69
2418 15 14 69
2291 15 13 69
1441 14 13 69
2651 13 13 69
2038 12 13 69
1148 14 15 70
3006 14 14 70
1711 17 16 71
843 16 16 71
2924 15 16 71
1036 14 16 71
1753 4 2 72
932 19 15 73
3449 19 16 73
3435 19 17 73
889 17 15 73
722 18 15 73
1398 18 16 73
2499 18 17 73
2045 17 17 73
3320 19 18 74
1346 18 18 74
3171 17 18 74
297 15 18 75
3354 19 19 75
2508 18 19 75
3324 17 19 75
691 16 19 75
3317 16 18 75
3122 16 17 75
1298 15 17 75
2941 11 0 75
2407 11 1 75
878 11 2 75
1108 11 3 75
3200 11 4 75
1721 15 19 76
73 14 19 76
2776 14 18 76
2026 10 5 76
842 4 3 76
3525 12 19 77
2498 12 18 77
201 13 19 77
3110 13 18 77
3067 14 17 77
1335 11 19 78
654 11 18 78
1093 11 16 78
481 10 16 79
1200 11 15 80
2891 12 16 80
3422 12 15 80
1679 10 19 80
2682 10 18 80
2287 10 17 80
1146 11 17 80
2359 12 17 80
366 5 2 80
3216 5 3 80
95 5 4 80
1948 9 16 81
978 8 16 81
2278 18 2 81
993 18 3 81
2015 9 17 82
818 8 17 82
3070 4 0 82
2243 9 18 83
1063 8 18 83
669 5 15 84
2852 9 19 84
2743 8 19 84
378 7 19 84
3369 7 18 84
3074 7 17 84
3043 7 16 84
2212 6 17 85
3549 5 17 85
419 6 16 85
860 5 16 85
1279 12 0 85
2697 12 1 85
2938 6 19 86
1528 5 19 86
831 4 19 86
2711 6 18 86
2232 5 18 86
234 4 18 86
2784 4 17 86
1364 4 16 86
3389 4 15 86
1566 18 5 86
2735 18 6 86
942 12 3 87
3498 15 0 87
1282 15 1 87
508 3 19 88
1663 3 18 88
1527 3 17 88
582 3 16 88
1539 3 15 88
267 3 14 88
1141 4 14 88
586 5 14 88
2128 19 10 88
1213 18 10 88
3153 17 10 88
1385 12 2 88
569 4 8 89
762 4 9 89
2204 5 13 89
1569 5 12 89
403 5 11 89
2492 4 13 90
3096 4 12 90
1783 18 0 90
2488 3 13 91
3440 3 12 91
3384 14 0 91
29 14 1 91
1715 8 0 91
2621 8 1 91
862 8 2 91
3553 8 3 91
2148 8 4 91
2664 7 1 91
575 7 2 91
791 7 3 91
1888 7 4 91
1628 2 19 92
1705 2 18 92
2829 2 17 92
1887 2 16 92
2604 2 15 92
2698 2 14 92
8517 milli sec 
point:369775
