736
3162 12 5 1
2713 12 4 1
2243 12 3 1
2165 13 5 1
885 13 4 1
2790 13 3 1
1773 14 6 1
1662 14 5 1
3292 14 4 1
1840 14 3 1
1896 0 8 1
1780 0 9 1
2715 0 10 1
2550 0 11 1
1224 1 8 1
763 1 9 1
1832 1 10 1
1582 1 11 1
949 2 8 1
3379 2 9 1
180 2 10 1
1192 2 11 1
2975 3 8 1
537 3 9 1
1396 3 10 1
2451 3 11 1
953 0 15 1
1837 0 12 1
453 0 13 1
2030 0 14 1
495 1 15 1
2147 1 12 1
3447 1 13 1
1146 1 14 1
386 2 15 1
1331 2 12 1
2840 2 13 1
376 2 14 1
3116 0 19 1
2594 0 18 1
248 0 17 1
1349 0 16 1
1972 1 19 1
1499 1 18 1
3490 1 17 1
3069 1 16 1
238 2 19 1
525 2 18 1
1109 2 17 1
3484 2 16 1
2666 3 19 1
1873 3 18 1
3450 3 17 1
2343 3 16 1
2354 3 15 1
3076 3 12 1
2327 3 13 1
278 3 14 1
301 4 19 1
2416 4 18 1
356 4 17 1
192 4 16 1
202 4 15 1
790 4 14 1
479 4 13 1
2472 4 12 1
2091 4 8 1
2592 4 9 1
1960 4 10 1
256 4 11 1
127 5 19 1
3020 5 18 1
2898 5 17 1
2469 5 16 1
1686 5 15 1
2697 5 14 1
411 5 13 1
357 5 12 1
578 5 8 1
1712 5 9 1
3388 5 10 1
2413 5 11 1
3240 6 19 1
2939 6 18 1
572 6 17 1
2356 6 16 1
2306 6 15 1
2221 6 14 1
283 6 13 1
1490 6 12 1
2443 6 11 1
417 6 10 1
2476 6 8 1
2062 6 9 1
3332 19 19 1
2076 18 19 1
938 17 19 1
1539 16 19 1
3007 15 19 1
1962 14 19 1
1279 13 19 1
1688 12 19 1
2999 11 19 1
1346 10 19 1
3286 9 19 1
586 8 19 1
1043 7 19 1
849 19 18 1
2310 18 18 1
2104 17 18 1
1084 16 18 1
2772 15 18 1
2149 14 18 1
2235 13 18 1
2207 12 18 1
494 11 18 1
1695 10 18 1
1326 9 18 1
3003 8 18 1
2138 7 18 1
2718 19 16 1
1553 19 17 1
3244 18 16 1
875 18 17 1
139 17 16 1
2200 17 17 1
1324 16 17 1
1460 15 17 1
2259 14 17 1
1995 13 17 1
2915 12 17 1
1435 11 17 1
2747 10 17 1
1653 9 17 1
2435 8 17 1
843 7 17 1
880 19 12 1
1069 19 13 1
2304 19 14 1
836 19 15 1
887 18 12 1
483 18 13 1
3330 18 14 1
2372 18 15 1
2033 17 12 1
1485 17 13 1
1864 17 14 1
1143 17 15 1
1160 16 12 1
2361 16 13 1
3426 16 14 1
673 16 15 1
3318 16 16 1
1756 15 12 1
2554 15 13 1
1938 15 14 1
665 15 15 1
2478 15 16 1
3283 14 12 1
2700 14 13 1
140 14 14 1
113 14 15 1
363 14 16 1
1672 13 12 1
2910 13 13 1
1863 13 14 1
2396 13 15 1
3148 13 16 1
1976 12 16 1
183 11 16 1
1620 10 16 1
1047 9 16 1
242 8 16 1
1597 7 16 1
2077 12 15 1
610 11 15 1
1651 10 15 1
1775 9 15 1
704 8 15 1
683 7 15 1
3430 12 14 1
2350 11 14 1
1879 10 14 1
2897 9 14 1
1951 8 14 1
2329 7 14 1
10 12 12 1
1051 12 13 1
85 11 12 1
2470 11 13 1
425 10 12 1
102 10 13 1
1441 9 12 1
2563 9 13 1
3145 8 12 1
2257 8 13 1
1055 7 13 1
2407 7 12 1
3126 7 11 1
1713 7 10 1
727 7 8 1
1734 7 9 1
2573 8 11 1
1369 8 10 1
619 8 8 1
3154 8 9 1
3004 9 11 1
213 9 10 1
1742 9 8 1
53 9 9 1
888 10 11 1
3013 10 10 1
1410 0 4 1
2553 0 5 1
1616 0 6 1
3458 0 7 1
1794 1 4 1
41 1 5 1
1592 1 6 1
1082 1 7 1
2822 2 4 1
2496 2 5 1
2610 2 6 1
2058 2 7 1
2793 0 0 1
2253 0 1 1
753 0 2 1
1123 0 3 1
1447 1 0 1
2699 1 1 1
1390 1 2 1
604 1 3 1
2691 2 0 1
61 2 1 1
1673 2 2 1
538 2 3 1
478 3 0 1
574 3 1 1
2727 3 2 1
1486 3 3 1
3102 3 4 1
152 3 5 1
2788 3 6 1
2075 3 7 1
845 7 0 1
3296 7 1 1
929 7 2 1
722 6 0 1
2023 6 1 1
3061 6 2 1
1985 5 0 1
1454 5 1 1
1053 5 2 1
1162 4 0 1
1114 4 1 1
2588 4 2 1
2482 4 3 1
1906 4 4 1
2471 4 5 1
1519 4 6 1
1209 4 7 1
1243 7 3 1
3347 7 4 1
695 6 3 1
645 6 4 1
2322 5 3 1
2934 5 4 1
1353 5 5 1
531 5 6 1
2107 5 7 1
1347 6 5 1
1207 6 6 1
547 6 7 1
543 7 5 1
581 7 6 1
1179 7 7 1
419 8 0 1
833 8 1 1
2520 8 2 1
1306 8 3 1
2394 8 4 1
235 8 5 1
132 8 6 1
2140 8 7 1
2410 9 0 1
1105 9 1 1
2738 9 2 1
1319 9 3 1
1721 9 4 1
3340 9 5 1
626 9 6 1
2567 9 7 1
1301 10 0 1
679 10 1 1
2606 10 2 1
1654 10 3 1
3339 10 4 1
3073 10 5 1
1690 10 6 1
2174 10 7 1
1996 10 8 1
1421 10 9 1
2390 11 11 1
3202 11 10 1
1418 11 0 1
3279 11 1 1
3363 11 2 1
3197 11 3 1
3248 11 4 1
886 11 5 1
696 11 6 1
1391 11 7 1
181 11 8 1
545 11 9 1
3427 12 11 1
430 12 10 1
1632 13 6 1
904 12 6 1
437 12 7 1
2838 12 8 1
2158 12 9 1
351 13 11 1
1191 13 10 1
216 13 7 1
2768 13 8 1
1626 13 9 1
3468 14 11 1
1374 14 10 1
1473 14 7 1
1017 14 8 1
1579 14 9 1
3359 15 11 1
2710 15 10 1
2377 15 7 1
1338 15 8 1
2404 15 9 1
2074 16 11 1
1813 16 10 1
1543 16 7 1
741 16 8 1
3469 16 9 1
3106 19 11 1
1030 18 11 1
1771 17 11 1
1531 19 10 1
3409 18 10 1
2892 17 10 1
230 19 9 1
1320 18 9 1
759 17 9 1
1660 19 8 1
243 18 8 1
699 17 8 1
1219 19 7 1
2325 18 7 1
3053 17 7 1
636 19 6 1
1079 18 6 1
564 17 6 1
2729 16 6 1
1090 15 6 1
2302 19 5 1
1000 18 5 1
2755 17 5 1
2581 16 5 1
1024 15 5 1
1136 19 4 1
3368 18 4 1
3114 17 4 1
3070 16 4 1
1894 15 4 1
3175 19 3 1
1998 18 3 1
2821 17 3 1
97 16 3 1
2006 15 3 1
3135 19 2 1
613 18 2 1
714 17 2 1
2888 16 2 1
1040 15 2 1
2026 14 2 1
3299 13 2 1
384 12 2 1
2528 19 1 1
1392 18 1 1
2000 17 1 1
2079 16 1 1
1922 15 1 1
2494 14 1 1
371 13 1 1
3268 12 1 1
2067 19 0 1
2657 18 0 1
2247 17 0 1
580 16 0 1
2153 15 0 1
3232 14 0 1
3011 13 0 1
3109 12 0 1
3028 19 0 26
2355 18 0 26
46 17 0 26
1853 16 0 26
2133 15 0 26
1212 14 0 26
1068 13 0 26
1384 19 1 30
2003 18 1 30
1859 17 1 30
66 16 1 30
2909 15 1 30
1148 14 1 30
1019 13 1 30
3193 19 2 32
265 18 2 32
1163 17 2 32
1266 16 2 32
2979 19 3 34
916 18 3 34
3401 17 3 34
505 16 3 34
16 19 4 35
818 18 4 35
1731 17 4 35
2463 16 4 35
3261 19 5 36
2643 18 5 36
2780 17 5 36
883 16 5 36
1094 19 6 37
1292 18 6 37
2279 19 7 38
940 18 7 38
1610 19 9 39
1999 18 9 39
1763 19 8 39
713 18 8 39
2275 19 10 40
2837 18 10 40
2484 16 7 41
1987 16 8 41
3181 19 11 41
529 18 11 41
1908 17 11 41
350 17 10 41
1130 15 11 42
1565 15 10 42
299 15 7 42
1704 15 8 42
2604 16 11 42
1833 16 10 42
988 13 11 43
2206 13 10 43
2186 13 7 43
2264 13 8 43
821 14 11 43
2398 14 10 43
2115 14 7 43
272 14 8 43
2112 13 6 44
321 12 6 44
1907 12 7 44
3129 12 8 44
2706 12 11 45
499 12 10 45
1138 11 0 46
2498 11 1 46
3009 11 2 46
2195 11 3 46
3380 11 4 46
3406 11 5 46
1547 11 6 46
1413 11 7 46
2043 11 8 46
1958 11 11 47
514 11 10 47
2013 10 0 49
2836 10 1 49
1784 10 2 49
429 10 3 49
2473 10 4 49
3356 10 5 49
3050 10 6 49
967 9 0 50
851 9 1 50
185 9 2 50
806 9 3 50
3423 9 4 50
2320 9 5 50
1120 9 6 50
793 8 0 51
1132 8 1 51
2285 8 2 51
44 8 3 51
1444 8 4 51
2988 8 5 51
13 8 6 51
292 6 5 52
1692 6 6 52
2668 7 5 52
2447 7 6 52
1366 7 3 54
1106 7 4 54
3041 6 3 54
2735 6 4 54
1705 5 3 54
2839 5 4 54
569 5 5 54
1857 5 6 54
3141 4 0 55
1052 4 1 55
2066 6 0 56
1751 6 1 56
433 5 0 56
1924 5 1 56
1677 7 0 58
2352 7 1 58
1566 7 2 58
1284 6 2 58
1035 5 2 58
803 4 2 58
2725 4 3 58
552 4 4 58
2505 4 5 58
2733 4 6 58
565 3 0 59
652 3 1 59
392 3 2 59
2373 2 0 61
1089 2 1 61
1037 2 2 61
2995 1 0 62
770 1 1 62
1968 1 2 62
1574 0 0 63
1577 0 1 63
958 0 2 63
296 0 3 63
2097 1 3 63
1800 2 3 63
1096 3 3 63
1683 3 4 63
176 3 5 63
3039 3 6 63
360 2 4 64
2064 2 5 64
2614 2 6 64
2800 1 4 65
2739 1 5 65
2339 1 6 65
3057 9 11 66
3489 9 10 66
736 9 8 66
2008 10 11 66
3107 10 10 66
1977 0 4 66
166 0 5 66
632 0 6 66
1911 0 7 66
2323 1 7 66
2935 2 7 66
2917 3 7 66
889 7 8 67
1717 8 11 67
1607 8 10 67
1806 8 8 67
3327 8 12 68
3448 11 12 69
75 10 12 69
920 9 12 69
2587 12 12 70
82 12 13 70
3243 11 13 70
1300 10 13 70
8 9 13 70
2560 8 13 70
2958 12 15 71
1438 11 15 71
2119 10 15 71
54 9 15 71
3194 8 15 71
1341 12 14 71
1702 11 14 71
2365 10 14 71
1230 9 14 71
2098 8 14 71
2205 14 12 73
539 14 13 73
170 14 14 73
2602 14 15 73
1327 13 12 73
240 13 13 73
1862 13 14 73
2677 13 15 73
2918 14 7 73
1503 14 8 73
2515 15 12 74
269 15 13 74
3316 15 14 74
864 15 15 74
3276 17 12 75
3365 17 13 75
1129 17 14 75
3351 16 12 75
1164 16 13 75
1170 16 14 75
1613 19 12 76
2785 19 13 76
516 19 14 76
2672 19 15 76
2177 18 12 76
834 18 13 76
145 18 14 76
1221 18 15 76
931 17 15 76
1549 16 15 76
1429 16 16 76
1895 15 16 76
1656 14 16 76
1508 13 16 76
559 12 16 76
2705 11 16 76
2152 10 16 76
190 9 16 76
996 8 16 76
1723 17 16 78
908 14 11 78
2024 14 10 78
148 19 16 79
3103 19 17 79
1002 18 16 79
2167 18 17 79
2103 17 17 79
432 16 17 79
854 15 17 79
2452 14 17 79
189 13 17 79
1560 12 17 79
2453 11 17 79
303 10 17 79
2286 9 17 79
397 8 17 79
3080 19 18 81
2816 18 18 81
355 17 18 81
276 16 18 81
3095 15 18 81
2852 14 18 81
1886 13 18 81
3094 12 18 81
2919 11 18 81
1971 10 18 81
3159 9 18 81
1064 8 18 81
1102 16 11 81
3024 16 10 81
2597 19 5 82
1650 18 5 82
873 17 5 82
685 16 5 82
446 6 8 85
290 19 19 85
263 18 19 85
2517 17 19 85
146 16 19 85
2509 15 19 85
534 14 19 85
2556 13 19 85
2540 12 19 85
1872 11 19 85
362 10 19 85
2842 9 19 85
171 8 19 85
974 7 19 85
1747 18 2 85
1348 17 2 85
2690 16 2 85
2955 13 7 86
3115 13 8 86
2991 15 7 86
2335 15 8 86
1959 6 19 87
2070 6 18 87
1045 6 17 87
1811 6 16 87
309 6 15 87
237 6 14 87
231 6 13 87
1836 6 12 87
1257 19 11 87
1303 18 11 87
2814 17 11 87
3334 17 10 87
903 5 19 88
120 5 18 88
2385 5 17 88
1528 5 16 88
3160 5 15 88
830 5 14 88
3187 5 13 88
980 5 12 88
2957 5 8 88
1615 5 9 88
726 5 10 88
2290 7 5 88
2192 7 6 88
124 9 3 88
2237 9 4 88
2916 9 5 88
2261 9 6 88
1994 16 7 88
1420 16 8 88
1186 17 3 88
460 16 3 88
819 4 8 89
966 4 9 89
2959 4 10 89
1961 7 18 89
3398 7 17 89
3063 0 4 89
3074 0 5 89
2272 0 6 89
1746 0 7 89
2712 10 1 89
2619 10 2 89
2741 10 3 89
568 10 4 89
3418 10 5 89
426 10 6 89
553 15 0 89
138 14 0 89
1807 13 0 89
3170 7 16 90
3479 7 15 90
3475 7 14 90
8129 milli sec 
point:378950
