752
4585 0 6 1
769 0 5 1
2669 0 4 1
617 0 3 1
3084 0 2 1
2185 0 1 1
2665 0 0 1
2264 6 6 1
1289 5 6 1
1418 4 6 1
701 3 6 1
1200 2 6 1
1269 1 6 1
4034 6 5 1
4803 5 5 1
2826 4 5 1
4501 3 5 1
3069 2 5 1
2350 1 5 1
183 6 4 1
2679 5 4 1
975 4 4 1
1405 3 4 1
1124 2 4 1
4884 1 4 1
534 6 8 1
1169 6 7 1
4350 12 12 1
3032 11 12 1
4744 10 12 1
1778 9 12 1
4418 8 12 1
4999 12 11 1
2722 11 11 1
4748 10 11 1
1802 9 11 1
4996 8 11 1
1719 12 10 1
3136 11 10 1
1414 10 10 1
2469 9 10 1
1459 8 10 1
1755 12 9 1
315 11 9 1
3260 10 9 1
2137 9 9 1
412 8 9 1
3691 12 8 1
3810 11 8 1
4693 10 8 1
5210 9 8 1
245 8 8 1
1320 7 8 1
4342 12 7 1
2940 11 7 1
1836 10 7 1
2262 9 7 1
457 8 7 1
206 7 7 1
5110 12 6 1
4923 11 6 1
3342 10 6 1
1575 9 6 1
4969 8 6 1
2292 7 6 1
2259 12 5 1
719 11 5 1
2495 10 5 1
1779 9 5 1
1763 8 5 1
4612 7 5 1
1399 0 19 1
2336 0 18 1
3365 0 17 1
4555 0 16 1
1171 0 15 1
3100 0 14 1
4441 0 12 1
3997 0 13 1
3145 1 19 1
1502 1 18 1
4430 1 17 1
2492 1 16 1
4075 1 15 1
605 1 14 1
2765 1 12 1
1772 1 13 1
1647 2 19 1
1819 2 18 1
990 2 17 1
692 2 16 1
5127 2 15 1
2515 2 14 1
2416 2 12 1
3780 2 13 1
4698 3 19 1
1623 3 18 1
3562 3 17 1
2528 3 16 1
2594 3 15 1
2624 3 14 1
2036 3 12 1
903 3 13 1
2488 4 19 1
3990 4 18 1
4002 4 17 1
5073 4 16 1
886 4 15 1
2255 4 14 1
97 0 7 1
2943 0 8 1
1756 0 9 1
3287 0 10 1
1662 0 11 1
3091 1 7 1
1620 1 8 1
2554 1 9 1
3573 1 10 1
3817 1 11 1
1921 2 7 1
3785 2 8 1
3609 2 9 1
3214 2 10 1
2529 2 11 1
62 3 7 1
2902 3 8 1
170 3 9 1
4806 3 10 1
2068 3 11 1
1203 4 7 1
355 4 8 1
5096 4 9 1
4551 4 10 1
299 4 11 1
5144 4 12 1
2189 4 13 1
2772 5 19 1
1904 5 18 1
2769 5 17 1
4695 5 16 1
2027 5 15 1
1833 5 14 1
616 5 7 1
1679 5 8 1
2050 5 9 1
1275 5 10 1
1549 5 11 1
4139 5 12 1
3120 5 13 1
2734 6 19 1
4566 6 18 1
2578 6 17 1
2699 6 16 1
1009 6 15 1
2087 6 14 1
1042 6 9 1
3919 6 10 1
569 6 11 1
777 6 12 1
2330 6 13 1
5084 7 19 1
420 7 18 1
29 7 17 1
1255 7 16 1
216 7 15 1
969 7 14 1
845 7 9 1
4278 7 10 1
2144 7 11 1
1284 7 12 1
1046 7 13 1
2145 8 19 1
4959 8 18 1
1748 8 17 1
2086 8 16 1
1081 8 15 1
684 8 14 1
600 8 13 1
3752 9 19 1
2657 9 18 1
3509 9 17 1
2858 9 16 1
1153 9 15 1
3947 9 14 1
1907 9 13 1
5219 10 19 1
3299 10 18 1
3001 10 17 1
279 10 16 1
3416 10 15 1
4183 10 14 1
472 10 13 1
1440 11 19 1
1586 11 18 1
1576 11 17 1
393 11 16 1
4334 11 15 1
4260 11 14 1
1241 11 13 1
3663 12 19 1
819 12 18 1
3213 12 17 1
4216 12 16 1
713 12 15 1
2662 12 14 1
4683 12 13 1
5148 13 19 1
3599 13 18 1
1450 13 17 1
1006 13 16 1
3737 13 15 1
3858 13 14 1
2503 13 13 1
3215 14 19 1
3256 14 18 1
2878 14 17 1
893 14 16 1
5118 14 15 1
4211 14 14 1
1231 14 13 1
195 19 19 1
5156 18 19 1
5053 17 19 1
708 16 19 1
915 15 19 1
4973 19 18 1
498 18 18 1
2608 17 18 1
2439 16 18 1
74 15 18 1
4592 19 17 1
1421 18 17 1
4172 17 17 1
323 16 17 1
3010 15 17 1
2947 19 16 1
3405 18 16 1
2341 17 16 1
4640 16 16 1
4867 15 16 1
703 19 15 1
5141 18 15 1
803 17 15 1
2168 16 15 1
3813 15 15 1
4297 19 14 1
2334 18 14 1
3596 17 14 1
1816 16 14 1
4619 15 14 1
2263 19 13 1
4081 18 13 1
1477 17 13 1
2904 16 13 1
3924 15 13 1
3903 19 12 1
2917 18 12 1
1313 17 12 1
454 16 12 1
902 15 12 1
253 14 12 1
1776 13 12 1
4193 19 11 1
264 18 11 1
4872 17 11 1
1771 16 11 1
180 15 11 1
551 14 11 1
2417 13 11 1
5213 19 10 1
2892 18 10 1
1303 17 10 1
1681 16 10 1
1840 15 10 1
4087 14 10 1
263 13 10 1
4054 19 9 1
4898 18 9 1
4082 17 9 1
937 16 9 1
3064 15 9 1
609 14 9 1
4335 13 9 1
1173 19 8 1
1888 18 8 1
4453 17 8 1
4517 16 8 1
824 15 8 1
2887 14 8 1
3993 13 8 1
4225 19 7 1
3300 18 7 1
3694 17 7 1
1408 16 7 1
861 15 7 1
7 14 7 1
1594 13 7 1
4051 19 6 1
3510 18 6 1
840 17 6 1
4333 16 6 1
1242 15 6 1
4495 14 6 1
274 13 6 1
130 19 5 1
1339 18 5 1
836 17 5 1
123 16 5 1
5063 15 5 1
767 14 5 1
1342 13 5 1
608 19 4 1
4422 18 4 1
2055 17 4 1
3356 16 4 1
2898 15 4 1
1639 14 4 1
812 13 4 1
2218 12 4 1
4936 11 4 1
4920 10 4 1
3497 9 4 1
1227 8 4 1
1306 7 4 1
3523 19 3 1
1979 18 3 1
4958 17 3 1
4038 16 3 1
1272 15 3 1
2988 14 3 1
3340 13 3 1
1782 12 3 1
813 11 3 1
4909 10 3 1
1515 9 3 1
3782 8 3 1
796 7 3 1
993 6 3 1
2577 5 3 1
1172 4 3 1
4746 3 3 1
2261 2 3 1
2042 1 3 1
3565 19 2 1
2374 18 2 1
394 17 2 1
508 16 2 1
2584 15 2 1
3262 14 2 1
2177 13 2 1
4618 12 2 1
920 11 2 1
1419 10 2 1
154 9 2 1
661 8 2 1
3889 7 2 1
991 6 2 1
2815 5 2 1
4948 4 2 1
3626 3 2 1
2574 2 2 1
3322 1 2 1
151 19 1 1
4608 18 1 1
3560 17 1 1
830 16 1 1
2860 15 1 1
1428 14 1 1
1522 13 1 1
4061 12 1 1
4203 11 1 1
4986 10 1 1
3883 9 1 1
3584 8 1 1
1099 7 1 1
438 6 1 1
2307 5 1 1
331 4 1 1
537 3 1 1
467 2 1 1
4491 1 1 1
1959 19 0 1
4253 18 0 1
588 17 0 1
4095 16 0 1
575 15 0 1
4289 14 0 1
56 13 0 1
5135 12 0 1
4131 11 0 1
88 10 0 1
1880 9 0 1
2485 8 0 1
4562 7 0 1
3811 6 0 1
3959 5 0 1
2857 4 0 1
4099 3 0 1
3301 2 0 1
4992 1 0 1
2441 19 0 31
2438 18 0 31
458 17 0 31
361 16 0 31
4161 15 0 31
2072 14 0 31
1955 13 0 31
2726 12 0 31
1473 11 0 31
1999 10 0 31
1943 9 0 31
1449 8 0 31
2081 7 0 31
4707 6 0 31
4200 5 0 31
3252 4 0 31
2575 3 0 31
3544 2 0 31
3435 19 1 36
779 18 1 36
3384 17 1 36
4094 16 1 36
2270 15 1 36
1835 14 1 36
3615 13 1 36
410 12 1 36
2105 11 1 36
3444 10 1 36
497 9 1 36
3914 8 1 36
4668 7 1 36
2896 6 1 36
3802 5 1 36
146 4 1 36
510 3 1 36
797 2 1 36
3729 19 2 39
2620 18 2 39
477 17 2 39
4149 16 2 39
1909 15 2 39
4126 14 2 39
4447 13 2 39
2316 12 2 39
2377 11 2 39
1458 10 2 39
3363 9 2 39
2830 8 2 39
2888 7 2 39
751 6 2 39
2188 5 2 39
3794 4 2 39
3138 3 2 39
4115 2 2 39
3486 19 3 42
4319 18 3 42
526 17 3 42
1175 16 3 42
539 15 3 42
597 14 3 42
2929 13 3 42
3828 12 3 42
989 11 3 42
4916 10 3 42
4168 9 3 42
2758 8 3 42
288 19 4 45
3593 18 4 45
3603 17 4 45
4851 16 4 45
5081 15 4 45
3404 14 4 45
1773 19 6 46
2512 18 6 46
1182 17 6 46
2516 16 6 46
2227 15 6 46
3555 14 6 46
2564 19 5 46
793 18 5 46
875 17 5 46
2246 16 5 46
3490 15 5 46
2560 14 5 46
3336 19 7 47
1376 18 7 47
4932 17 7 47
2049 16 7 47
1564 15 7 47
112 14 7 47
3104 19 8 48
1134 18 8 48
1942 17 8 48
1013 16 8 48
2698 15 8 48
879 14 8 48
762 19 9 50
77 18 9 50
447 17 9 50
2102 16 9 50
5203 15 9 50
3683 14 9 50
2269 19 10 51
2383 18 10 51
1158 17 10 51
171 16 10 51
3335 15 10 51
1101 14 10 51
3443 19 11 53
3318 18 11 53
4314 17 11 53
1507 16 11 53
3815 15 11 53
3427 14 11 53
2542 19 12 55
624 18 12 55
4913 17 12 55
3922 16 12 55
378 19 13 57
702 18 13 57
4229 17 13 57
1827 16 13 57
2467 19 14 58
194 18 14 58
2903 17 14 58
800 16 14 58
4105 19 15 59
3638 18 15 59
193 17 15 59
2852 16 15 59
4717 19 17 61
894 18 17 61
2813 17 17 61
4589 16 17 61
705 19 16 61
3226 18 16 61
3152 17 16 61
1167 16 16 61
2483 19 18 62
1977 18 18 62
4129 17 18 62
4069 16 18 62
4606 19 19 63
3436 18 19 63
2235 17 19 63
3410 16 19 63
1591 15 19 63
2043 14 19 64
2754 14 18 64
3895 14 17 64
5045 14 16 64
4617 14 15 64
987 14 14 64
2332 15 18 64
1767 15 17 64
2780 15 16 64
707 15 15 64
2829 12 19 65
5100 12 18 65
678 12 17 65
4586 12 16 65
2974 12 15 65
2162 12 14 65
586 13 19 65
3754 13 18 65
1798 13 17 65
883 13 16 65
2939 13 15 65
233 13 14 65
519 11 19 66
1023 11 18 66
1040 11 17 66
1882 11 16 66
1007 11 15 66
962 11 14 66
1826 10 19 68
4666 10 18 68
4990 10 17 68
3088 10 16 68
814 10 15 68
809 10 14 68
3542 8 19 70
4124 8 18 70
5165 8 17 70
416 8 16 70
1610 8 15 70
105 8 14 70
3540 9 19 70
3710 9 18 70
1344 9 17 70
3181 9 16 70
4291 9 15 70
2566 9 14 70
1083 7 9 72
4674 7 10 72
4146 7 11 72
725 7 12 72
4569 7 19 73
44 7 18 73
4876 7 17 73
2702 7 16 73
4985 7 15 73
3231 7 14 73
1121 6 19 74
4219 6 18 74
1296 6 17 74
3442 6 16 74
946 6 15 74
4967 6 14 74
1317 6 9 74
1114 6 10 74
3524 6 11 74
3062 6 12 74
15 5 7 76
126 5 8 76
3927 5 9 76
213 5 10 76
3453 5 11 76
644 5 12 76
4514 5 19 77
4710 5 18 77
3245 5 17 77
4180 5 16 77
2721 5 15 77
1431 5 14 77
2792 4 7 78
2731 4 8 78
2818 4 9 78
4467 4 10 78
838 3 7 79
1612 3 8 79
3728 3 9 79
4777 3 10 79
4781 0 7 80
2799 0 8 80
4841 0 9 80
4588 0 10 80
4250 0 11 80
910 1 7 80
437 1 8 80
3129 1 9 80
908 1 10 80
3034 1 11 80
3960 2 7 80
4770 2 8 80
1891 2 9 80
2123 2 10 80
3618 2 11 80
3176 3 11 80
5121 4 11 80
3003 4 12 80
201 19 5 80
984 18 5 80
2015 17 5 80
2157 16 5 80
4330 15 5 80
2953 14 5 80
4596 3 12 82
1390 4 19 82
3093 4 18 82
318 4 17 82
2452 4 16 82
3636 4 15 82
2966 4 14 82
3742 3 19 84
4858 3 18 84
881 3 17 84
4865 3 16 84
290 3 15 84
3492 3 14 84
3269 1 12 85
4362 2 19 85
1757 2 18 85
133 2 17 85
4579 2 16 85
4237 2 15 85
4632 2 14 85
655 2 12 85
327 0 12 86
3343 1 19 86
4788 1 18 86
3809 1 17 86
3480 1 16 86
2841 1 15 86
1709 1 14 86
2008 0 19 87
3631 0 18 87
3027 0 17 87
1751 0 16 87
2693 0 15 87
2773 0 14 87
4086 0 13 87
966 1 13 87
2757 2 13 87
2134 3 13 87
2044 12 5 88
1435 11 5 88
1028 10 5 88
884 9 5 88
2501 8 5 88
4429 12 6 89
455 11 6 89
3430 10 6 89
161 9 6 89
1197 8 6 89
4653 12 7 90
3470 11 7 90
737 10 7 90
4815 9 7 90
681 8 7 90
374 16 1 90
700 15 1 90
333 14 1 90
4313 13 1 90
38 12 1 90
4833 11 1 90
2655 10 1 90
2550 9 1 90
2305 8 1 90
2001 7 1 90
5074 6 1 90
2663 5 1 90
2925 4 1 90
3634 3 1 90
4538 2 1 90
4947 12 9 92
1137 11 9 92
5183 10 9 92
5199 9 9 92
3158 12 8 92
2101 11 8 92
864 10 8 92
601 9 8 92
1924 17 8 92
5030 16 8 92
3904 15 8 92
3934 14 8 92
4133 18 6 92
2811 17 6 92
2970 16 6 92
2771 15 6 92
2343 14 6 92
739 4 13 93
3736 19 10 93
58 18 10 93
177 17 10 93
395 16 10 93
658 15 10 93
4506 14 10 93
3662 12 10 94
1828 11 10 94
3337 10 10 94
11466 milli sec 
point:422575
