739
1284 0 19 1
3619 0 18 1
4288 0 17 1
1650 0 16 1
1878 0 15 1
5268 0 9 1
2245 0 10 1
5128 0 11 1
5782 0 12 1
5125 0 13 1
3237 0 14 1
4548 1 19 1
584 1 18 1
3941 1 17 1
1634 1 16 1
3170 1 15 1
740 1 9 1
5179 1 10 1
4552 1 11 1
1887 1 12 1
3263 1 13 1
940 1 14 1
2188 2 19 1
3441 2 18 1
4214 2 17 1
869 2 16 1
3562 2 15 1
3703 2 9 1
1836 2 10 1
3069 2 11 1
5166 2 12 1
3577 2 13 1
5919 2 14 1
2524 3 19 1
2180 3 18 1
4626 3 17 1
3983 3 16 1
5007 3 15 1
2112 3 9 1
2969 3 10 1
1541 3 11 1
2948 3 12 1
947 3 13 1
2935 3 14 1
2396 4 19 1
5362 4 18 1
2984 4 17 1
5303 4 16 1
112 4 15 1
1822 4 9 1
2716 4 10 1
5069 4 11 1
2 4 12 1
4660 4 13 1
4624 4 14 1
3084 5 19 1
4699 5 18 1
30 5 17 1
691 5 16 1
327 5 15 1
312 5 9 1
840 5 10 1
343 5 11 1
643 5 12 1
58 5 13 1
4414 5 14 1
1169 6 19 1
1995 6 18 1
3513 6 17 1
2467 6 16 1
2352 6 15 1
798 6 9 1
5772 6 10 1
5186 6 11 1
3650 6 12 1
4210 6 13 1
2473 6 14 1
3452 7 19 1
3954 7 18 1
5394 7 17 1
647 7 16 1
3740 7 15 1
5383 7 9 1
4821 7 10 1
3992 7 11 1
2656 7 12 1
2703 7 13 1
4024 7 14 1
1669 11 19 1
414 10 19 1
2074 9 19 1
1317 8 19 1
3563 11 18 1
114 10 18 1
3479 9 18 1
1412 8 18 1
2171 11 17 1
4530 10 17 1
5438 9 17 1
1852 8 17 1
1732 11 16 1
5875 10 16 1
3378 9 16 1
2272 8 16 1
3853 11 15 1
2537 10 15 1
1448 9 15 1
2793 8 15 1
2333 19 19 1
5784 18 19 1
3896 17 19 1
1145 16 19 1
4457 15 19 1
391 14 19 1
3871 13 19 1
2019 12 19 1
618 19 18 1
180 18 18 1
206 17 18 1
84 16 18 1
2311 15 18 1
797 14 18 1
3673 13 18 1
810 12 18 1
2387 19 17 1
2461 18 17 1
5072 17 17 1
1402 16 17 1
1521 15 17 1
4900 14 17 1
3050 13 17 1
1327 12 17 1
1419 19 16 1
3718 18 16 1
5635 17 16 1
5876 16 16 1
1496 15 16 1
3844 14 16 1
700 13 16 1
2729 12 16 1
1474 19 15 1
4215 18 15 1
47 17 15 1
5813 16 15 1
334 15 15 1
110 14 15 1
550 13 15 1
4733 12 15 1
2404 19 14 1
2428 18 14 1
2067 17 14 1
2218 16 14 1
4209 15 14 1
4873 14 14 1
4813 13 14 1
4021 12 14 1
3059 11 14 1
4349 10 14 1
5329 9 14 1
3376 8 14 1
5194 19 13 1
5486 18 13 1
827 17 13 1
4303 16 13 1
274 15 13 1
1272 14 13 1
789 13 13 1
3442 12 13 1
2660 11 13 1
362 10 13 1
3825 9 13 1
3469 8 13 1
663 19 12 1
2207 18 12 1
2748 17 12 1
1457 16 12 1
5776 15 12 1
806 14 12 1
3065 13 12 1
2882 12 12 1
3412 11 12 1
2201 10 12 1
344 9 12 1
4152 8 12 1
3772 19 11 1
4319 18 11 1
264 17 11 1
544 16 11 1
4662 15 11 1
4225 14 11 1
5262 13 11 1
1827 12 11 1
811 11 11 1
1117 10 11 1
2874 9 11 1
5337 8 11 1
1933 19 0 1
5095 19 1 1
5836 19 2 1
997 19 3 1
3495 19 4 1
846 19 5 1
1345 19 6 1
3514 19 7 1
3089 19 8 1
412 19 9 1
4302 19 10 1
1949 18 0 1
3304 18 1 1
3737 18 2 1
1729 18 3 1
1919 18 4 1
3569 18 5 1
127 18 6 1
2819 18 7 1
4352 18 8 1
3309 18 9 1
4039 18 10 1
3248 17 0 1
1654 17 1 1
2831 17 2 1
4531 17 3 1
4181 17 4 1
4940 17 5 1
2828 17 6 1
2822 17 7 1
2709 17 8 1
3926 17 9 1
2908 17 10 1
5014 16 0 1
1721 16 1 1
4911 16 2 1
5966 16 3 1
4704 16 4 1
4244 16 5 1
1779 16 6 1
890 16 7 1
3222 16 8 1
2600 16 9 1
1726 16 10 1
839 15 0 1
2883 15 1 1
3870 15 2 1
4644 15 3 1
1218 15 4 1
5623 15 5 1
4329 15 6 1
2972 15 7 1
2640 15 8 1
2315 15 9 1
3830 15 10 1
2446 14 0 1
5739 14 1 1
1896 14 2 1
4200 14 3 1
3680 14 4 1
3576 14 5 1
182 14 6 1
317 14 7 1
3723 14 8 1
5697 14 9 1
1290 14 10 1
2917 12 0 1
4937 12 1 1
4096 12 2 1
5126 12 3 1
3917 12 4 1
3194 12 5 1
2548 13 0 1
1411 13 1 1
1113 13 2 1
1100 13 3 1
1943 13 4 1
2957 13 5 1
298 13 6 1
4602 13 7 1
1307 13 8 1
870 13 9 1
5210 13 10 1
2066 12 10 1
5044 11 10 1
1403 10 10 1
3610 9 10 1
17 8 10 1
5546 12 9 1
1668 11 9 1
1263 10 9 1
5331 9 9 1
744 8 9 1
407 12 8 1
3670 11 8 1
2237 10 8 1
3409 9 8 1
5293 8 8 1
4156 7 8 1
323 6 8 1
246 5 8 1
5028 4 8 1
4236 3 8 1
4749 2 8 1
1009 1 8 1
433 0 8 1
4972 12 7 1
4978 11 7 1
2117 10 7 1
2131 9 7 1
1143 8 7 1
536 7 7 1
4738 6 7 1
2687 5 7 1
516 4 7 1
1640 3 7 1
1829 2 7 1
200 1 7 1
155 0 7 1
1562 12 6 1
3849 11 6 1
3891 10 6 1
1153 9 6 1
1703 8 6 1
5199 7 6 1
468 6 6 1
719 5 6 1
1234 4 6 1
4960 3 6 1
1168 2 6 1
939 1 6 1
739 0 6 1
5842 11 5 1
4289 10 5 1
960 9 5 1
2534 8 5 1
3761 7 5 1
4426 6 5 1
4840 5 5 1
2513 4 5 1
1289 3 5 1
2216 2 5 1
804 1 5 1
2157 0 5 1
4161 11 4 1
2689 10 4 1
4042 9 4 1
3866 8 4 1
3869 7 4 1
3850 6 4 1
4994 5 4 1
4711 4 4 1
2985 3 4 1
3316 2 4 1
3256 1 4 1
4396 0 4 1
4174 11 3 1
5352 10 3 1
2670 9 3 1
1718 8 3 1
250 7 3 1
5236 6 3 1
290 5 3 1
4394 4 3 1
5637 3 3 1
413 2 3 1
5274 1 3 1
4322 0 3 1
1994 11 2 1
1306 10 2 1
3906 9 2 1
2792 8 2 1
4562 7 2 1
2773 6 2 1
365 5 2 1
4074 4 2 1
690 3 2 1
1244 2 2 1
5673 1 2 1
2400 0 2 1
4170 11 1 1
5826 10 1 1
537 9 1 1
1837 8 1 1
5434 7 1 1
4578 6 1 1
649 5 1 1
2731 4 1 1
5763 3 1 1
4780 2 1 1
1426 1 1 1
1753 0 1 1
3232 11 0 1
1203 10 0 1
1641 9 0 1
5056 8 0 1
205 7 0 1
2273 6 0 1
3331 5 0 1
3521 4 0 1
5136 3 0 1
1645 2 0 1
5627 1 0 1
35 0 0 1
1010 11 0 32
5757 10 0 32
1763 9 0 32
3179 8 0 32
2073 7 0 32
3085 6 0 32
67 5 0 32
2159 4 0 32
5706 3 0 32
5395 2 0 32
5600 1 0 32
89 11 1 35
5631 10 1 35
2319 9 1 35
269 8 1 35
1696 7 1 35
4272 6 1 35
4053 5 1 35
378 4 1 35
266 3 1 35
5873 2 1 35
282 1 1 35
2946 11 2 37
1360 10 2 37
2132 9 2 37
1309 8 2 37
5270 7 2 37
2744 6 2 37
2130 5 2 37
2722 4 2 37
4841 3 2 37
5025 2 2 37
2982 1 2 37
164 11 3 39
4032 10 3 39
3144 9 3 39
5591 8 3 39
4764 7 3 39
1358 6 3 39
1459 5 3 39
4249 4 3 39
4611 3 3 39
3999 2 3 39
1517 1 3 39
4876 11 4 42
5939 10 4 42
1922 9 4 42
208 8 4 42
1705 7 4 42
1948 6 4 42
5173 5 4 42
3220 4 4 42
2002 3 4 42
3621 2 4 42
3488 1 4 42
371 11 5 45
2514 10 5 45
3632 9 5 45
2062 8 5 45
5818 7 5 45
2998 6 5 45
5074 5 5 45
1300 4 5 45
3754 3 5 45
5058 2 5 45
4766 1 5 45
5284 12 6 49
1784 11 6 49
2244 10 6 49
2155 9 6 49
3137 8 6 49
5390 7 6 49
4485 6 6 49
4572 5 6 49
1044 4 6 49
1862 3 6 49
1831 2 6 49
2026 1 6 49
802 12 7 51
796 11 7 51
2061 10 7 51
1367 9 7 51
2135 8 7 51
4030 7 7 51
2686 6 7 51
883 5 7 51
4675 4 7 51
4663 3 7 51
3314 2 7 51
5122 1 7 51
2316 12 8 53
4282 11 8 53
2341 10 8 53
3643 9 8 53
417 12 9 54
4926 11 9 54
5925 10 9 54
5746 9 9 54
3028 13 0 57
2834 13 1 57
5278 13 2 57
5907 13 3 57
44 13 4 57
5662 12 0 58
929 12 1 58
2983 12 2 58
3250 12 3 58
5630 12 4 58
2006 12 5 58
4694 13 5 58
1083 13 6 58
655 13 7 58
410 13 8 58
1617 13 9 58
3106 14 0 60
4655 14 1 60
99 14 2 60
4226 14 3 60
1055 14 4 60
5055 14 5 60
4623 14 6 60
3751 14 7 60
934 14 8 60
1835 14 9 60
3729 15 0 61
233 15 1 61
4235 15 2 61
5658 15 3 61
5565 15 4 61
3981 15 5 61
230 15 6 61
5145 15 7 61
5260 15 8 61
1677 15 9 61
3323 16 0 63
2783 16 1 63
3623 16 2 63
4361 16 3 63
5910 16 4 63
2741 16 5 63
2714 16 6 63
3239 16 7 63
3501 16 8 63
3037 16 9 63
3355 17 0 64
5240 17 1 64
5411 17 2 64
4625 17 3 64
499 17 4 64
5365 17 5 64
493 17 6 64
4577 17 7 64
4188 17 8 64
4279 17 9 64
3015 18 0 65
3467 18 1 65
4874 18 2 65
2630 18 3 65
815 18 4 65
4198 18 5 65
4316 18 6 65
4047 18 7 65
737 18 8 65
3197 18 9 65
3875 19 0 67
2063 19 1 67
2282 19 2 67
5872 19 3 67
2196 19 4 67
3497 19 5 67
5833 19 6 67
689 19 7 67
1497 19 8 67
5741 19 9 67
345 19 10 67
4363 19 11 70
4794 18 11 70
4190 17 11 70
209 16 11 70
1556 15 11 70
4596 14 11 70
2206 13 11 70
2825 12 11 70
3365 11 11 70
2324 10 11 70
1692 9 11 70
189 19 12 73
5457 18 12 73
1325 17 12 73
3560 16 12 73
1003 15 12 73
1363 14 12 73
2305 13 12 73
248 12 12 73
3815 11 12 73
3946 10 12 73
5178 9 12 73
2164 19 13 75
642 18 13 75
3389 17 13 75
5524 16 13 75
2893 15 13 75
1065 14 13 75
1140 13 13 75
204 12 13 75
4835 11 13 75
4425 10 13 75
1608 9 13 75
5544 19 14 78
5720 18 14 78
1876 17 14 78
2539 16 14 78
1190 15 14 78
5004 14 14 78
1988 13 14 78
1855 19 15 80
3792 18 15 80
4540 17 15 80
5437 16 15 80
3435 15 15 80
543 14 15 80
3841 13 15 80
4776 19 17 81
5132 18 17 81
1782 17 17 81
2050 16 17 81
478 15 17 81
4318 14 17 81
2842 13 17 81
5124 19 16 81
2084 18 16 81
5801 17 16 81
5692 16 16 81
5663 15 16 81
434 14 16 81
1843 13 16 81
1073 19 18 82
1380 18 18 82
3161 17 18 82
3970 16 18 82
5202 15 18 82
3426 14 18 82
3780 13 18 82
29 19 19 84
2860 18 19 84
4722 17 19 84
634 16 19 84
1022 15 19 84
1002 14 19 84
1455 13 19 84
4450 12 19 84
92 12 18 84
2937 12 17 84
3765 12 16 84
512 12 15 84
5060 12 14 84
2977 11 14 84
4111 10 14 84
2647 9 14 84
658 11 15 85
662 10 15 85
4859 9 15 85
220 11 16 86
4697 10 16 86
1032 9 16 86
2606 11 18 87
1376 10 18 87
1683 9 18 87
5490 11 17 87
5766 10 17 87
2356 9 17 87
5509 11 19 88
747 10 19 88
3664 9 19 88
3582 8 19 88
122 8 18 88
4475 7 9 89
2804 7 10 89
935 7 11 89
660 7 12 89
338 7 13 89
580 6 9 90
423 6 10 90
243 6 11 90
2229 6 12 90
4195 6 13 90
4839 7 19 90
2961 7 18 90
1082 7 17 90
4068 7 16 90
2163 7 15 90
2367 8 17 90
2449 8 16 90
1581 8 15 90
1700 6 19 91
5536 6 18 91
5913 6 17 91
635 6 16 91
4310 6 15 91
5174 5 9 92
4845 5 10 92
696 5 11 92
3464 5 12 92
5183 5 13 92
1834 5 19 93
5450 5 18 93
5605 5 17 93
5087 5 16 93
1066 5 15 93
1805 11 6 93
2913 10 6 93
3793 9 6 93
5853 8 6 93
5016 7 6 93
5315 6 6 93
2856 5 6 93
2270 4 6 93
4782 3 6 93
4581 2 6 93
4004 1 6 93
3398 9 2 93
3415 8 2 93
2410 7 2 93
3583 6 2 93
4570 5 2 93
64 4 2 93
2115 3 2 93
1093 2 2 93
3910 1 2 93
5396 9 0 93
5347 8 0 93
4970 7 0 93
4218 6 0 93
1976 5 0 93
481 4 0 93
4818 3 0 93
3446 2 0 93
3697 1 0 93
5176 4 9 94
12445 milli sec 
point:436525
