700
2857 5 2 1
3102 5 1 1
2360 5 0 1
109 5 4 1
1980 5 3 1
3959 6 4 1
41 6 3 1
3618 3 8 1
2543 3 6 1
506 3 7 1
451 0 8 1
603 0 9 1
1033 1 8 1
1333 1 9 1
281 0 13 1
3187 0 12 1
2380 0 11 1
1912 0 10 1
420 1 13 1
1979 1 12 1
3770 1 11 1
2800 1 10 1
1714 2 13 1
2022 2 12 1
3567 2 11 1
2901 2 10 1
503 2 8 1
2513 2 9 1
39 3 13 1
3525 3 12 1
1062 3 11 1
2492 3 10 1
3270 3 9 1
1521 0 19 1
958 0 18 1
2093 0 17 1
1072 0 16 1
3121 0 14 1
2507 0 15 1
269 2 19 1
35 1 19 1
3538 2 18 1
879 1 18 1
1835 2 17 1
1750 1 17 1
1792 1 16 1
623 1 14 1
1110 1 15 1
1459 2 14 1
2187 2 15 1
672 2 16 1
198 3 19 1
3792 3 18 1
1519 3 17 1
817 3 14 1
638 3 15 1
3981 3 16 1
3506 4 19 1
1511 4 18 1
2391 4 17 1
1367 4 16 1
97 6 19 1
1517 5 19 1
2015 6 18 1
2435 5 18 1
3431 5 17 1
2583 5 16 1
2498 5 15 1
1744 4 15 1
2001 9 19 1
2434 8 19 1
82 7 19 1
3514 9 18 1
704 8 18 1
508 7 18 1
252 9 17 1
981 8 17 1
1951 7 17 1
342 6 17 1
1331 10 19 1
2194 10 18 1
530 10 17 1
1182 11 19 1
3200 11 18 1
294 11 17 1
1565 19 19 1
424 18 19 1
3960 17 19 1
2263 16 19 1
3886 15 19 1
2849 14 19 1
3151 13 19 1
994 12 19 1
2443 19 17 1
1348 19 18 1
1107 18 17 1
641 18 18 1
945 17 17 1
255 17 18 1
3880 16 17 1
2824 16 18 1
3134 15 17 1
566 15 18 1
720 14 18 1
2623 13 18 1
2888 12 18 1
1304 14 17 1
3902 13 17 1
3012 12 17 1
1217 15 16 1
514 14 16 1
3979 13 15 1
2274 13 16 1
3609 19 16 1
2170 18 16 1
527 17 16 1
349 16 16 1
1471 19 14 1
3867 19 15 1
3797 18 14 1
101 18 15 1
2415 17 13 1
1705 17 14 1
261 17 15 1
3935 16 15 1
3319 15 15 1
2210 14 15 1
825 19 13 1
2061 18 13 1
1905 19 9 1
2729 19 10 1
1458 19 11 1
1843 19 12 1
3940 18 9 1
2349 18 10 1
115 18 11 1
3933 18 12 1
3321 9 7 1
2743 9 6 1
3176 9 5 1
12 9 4 1
230 9 0 1
1334 9 1 1
3930 9 2 1
2651 9 3 1
1578 11 7 1
183 10 7 1
2302 11 6 1
806 10 6 1
3025 11 5 1
1724 10 5 1
804 11 4 1
1549 10 4 1
2466 10 0 1
842 10 1 1
1635 10 2 1
1891 10 3 1
2819 19 5 1
456 18 5 1
1890 17 5 1
3732 16 5 1
2378 19 4 1
3912 18 4 1
710 17 4 1
2648 16 4 1
764 19 2 1
1615 19 3 1
2151 18 2 1
1153 18 3 1
1102 14 0 1
1596 14 1 1
2139 15 0 1
2568 15 1 1
2136 16 0 1
2614 16 1 1
2549 16 2 1
546 19 0 1
95 19 1 1
331 18 0 1
1271 18 1 1
3610 17 0 1
3860 17 1 1
299 17 2 1
3420 17 3 1
1896 16 3 1
2223 15 3 1
701 14 3 1
2676 15 2 1
647 14 2 1
3250 13 2 1
1686 13 0 1
2019 13 1 1
2512 12 0 1
2306 12 1 1
3399 11 0 1
469 11 1 1
2749 11 2 1
1318 11 3 1
1492 12 2 1
2670 12 3 1
3430 12 4 1
3520 12 5 1
2939 12 6 1
1748 12 7 1
1917 13 3 1
2023 13 4 1
3233 13 5 1
3827 13 6 1
2859 13 7 1
2869 13 9 1
3330 13 8 1
1173 14 9 1
3946 14 8 1
3535 15 4 1
1001 15 5 1
783 14 4 1
1198 14 5 1
2762 14 6 1
1782 14 7 1
959 15 9 1
1897 15 8 1
3724 15 6 1
1660 15 7 1
1860 16 6 1
3824 16 7 1
2872 16 8 1
1540 16 9 1
1988 19 6 1
81 19 7 1
321 19 8 1
3094 18 6 1
2392 18 7 1
870 18 8 1
3048 17 6 1
155 17 7 1
333 17 8 1
3831 17 9 1
3768 17 10 1
494 17 11 1
1645 17 12 1
2109 16 10 1
1691 16 11 1
2626 16 12 1
2980 16 13 1
3671 16 14 1
2766 13 10 1
2129 13 11 1
2945 14 10 1
1727 14 11 1
244 15 10 1
371 15 11 1
2631 15 12 1
3661 15 13 1
864 15 14 1
363 14 12 1
3560 14 13 1
433 14 14 1
2268 13 12 1
2211 13 13 1
779 13 14 1
1813 10 8 1
3733 10 9 1
652 10 10 1
1090 10 11 1
2952 10 12 1
2355 10 13 1
1582 11 8 1
2741 11 9 1
3703 11 10 1
432 11 11 1
3747 11 12 1
1417 11 13 1
1121 12 8 1
1078 12 9 1
639 12 10 1
2103 12 11 1
2042 12 12 1
479 12 13 1
499 12 14 1
413 12 15 1
3342 12 16 1
2618 11 14 1
63 11 15 1
2833 11 16 1
2063 10 14 1
810 10 15 1
2336 10 16 1
2782 9 13 1
3532 9 14 1
2942 9 15 1
1035 9 16 1
1811 8 13 1
1262 8 14 1
2730 8 15 1
438 8 16 1
1787 7 16 1
956 6 16 1
377 7 15 1
3480 6 15 1
988 7 14 1
1658 6 14 1
3774 5 14 1
1681 4 14 1
504 7 13 1
2320 6 13 1
3563 5 13 1
423 4 13 1
1288 5 12 1
2449 4 12 1
3169 4 11 1
3008 4 10 1
491 4 9 1
1693 4 8 1
2783 0 7 1
3964 0 6 1
1637 0 3 1
3 0 4 1
3165 0 5 1
210 1 7 1
1149 1 6 1
3799 1 3 1
2399 1 4 1
3171 1 5 1
1639 2 7 1
1504 2 6 1
3965 2 3 1
706 2 4 1
1175 2 5 1
1730 0 2 1
475 0 0 1
3881 0 1 1
1544 1 2 1
1570 1 0 1
171 1 1 1
3167 2 2 1
1122 2 0 1
860 2 1 1
980 3 0 1
3468 3 1 1
2191 3 2 1
3020 3 3 1
2786 3 4 1
1902 3 5 1
2150 4 0 1
822 4 1 1
2747 4 2 1
3485 4 3 1
1183 4 4 1
3642 4 5 1
3638 4 6 1
2030 4 7 1
1507 6 12 1
222 6 11 1
3348 5 11 1
2125 9 12 1
3442 8 12 1
351 7 12 1
1447 9 11 1
1433 8 11 1
1974 7 11 1
1690 9 8 1
1683 9 9 1
3304 9 10 1
3982 8 8 1
3265 8 9 1
3231 8 10 1
676 7 10 1
1509 6 10 1
654 5 10 1
3014 7 9 1
238 6 9 1
2468 5 9 1
777 7 8 1
3157 6 8 1
357 5 8 1
2117 5 7 1
749 5 6 1
3023 5 5 1
1105 6 7 1
3986 6 6 1
784 6 5 1
2573 8 7 1
1008 7 7 1
3445 8 6 1
1358 7 6 1
3794 8 5 1
2653 7 5 1
970 8 4 1
3772 7 4 1
3830 8 3 1
3229 7 3 1
2914 8 2 1
1044 7 2 1
581 6 2 1
1515 8 1 1
3164 7 1 1
3804 6 1 1
3762 8 0 1
1477 7 0 1
631 6 0 1
3686 8 0 24
821 7 0 24
3847 8 2 25
3338 8 1 25
426 7 1 25
2582 8 4 27
1978 8 3 27
1962 8 5 28
1150 8 7 29
1156 7 7 29
3612 8 6 29
1056 7 6 29
2608 6 7 31
306 6 6 31
2913 7 8 32
32 6 8 32
828 7 9 33
2920 6 9 33
3028 9 8 35
156 9 9 35
311 9 10 35
243 8 8 35
1376 8 9 35
1799 8 10 35
2118 9 11 36
867 8 11 36
2814 9 12 37
1251 8 12 37
2854 7 12 37
1054 7 11 37
1628 7 10 37
2298 6 10 37
3750 6 12 38
2594 6 11 38
740 5 11 38
143 4 0 40
932 4 1 40
1211 4 2 40
1769 4 3 40
1909 4 4 40
2755 2 0 41
3593 3 0 41
1059 1 2 42
2159 1 0 42
3059 2 2 42
2388 2 3 43
3726 2 4 43
2879 0 2 43
1942 0 0 43
354 0 1 43
3565 1 1 43
922 2 1 43
3868 3 1 43
348 3 2 43
511 3 3 43
2956 3 4 43
1881 5 10 43
2501 5 9 43
3632 5 8 43
417 1 7 44
3962 1 6 44
434 1 3 44
515 1 4 44
900 2 7 44
820 2 6 44
1777 0 7 45
2964 0 6 45
1052 0 3 45
1803 0 4 45
1738 0 5 45
1237 1 5 45
3980 5 12 46
1031 7 13 47
3289 6 13 47
1609 5 13 47
2405 7 15 48
2988 7 14 48
3037 8 13 49
3598 8 14 49
150 8 15 49
1985 11 14 50
518 11 15 50
152 10 14 50
2013 10 15 50
1936 9 13 50
1696 9 14 50
2617 9 15 50
2409 12 8 52
907 12 9 52
561 12 10 52
3961 12 11 52
431 12 12 52
2621 11 8 53
221 11 9 53
214 11 10 53
336 11 11 53
43 11 12 53
582 10 8 54
2763 10 9 54
1425 10 10 54
2978 10 11 54
1548 10 12 54
1296 10 13 54
888 11 13 54
3714 12 13 54
593 14 12 55
2754 14 13 55
591 13 12 55
488 13 13 55
3303 15 10 57
656 13 10 58
18 13 11 58
2595 14 10 58
2404 14 11 58
2301 15 11 58
3378 15 12 58
3633 15 13 58
2576 16 10 59
2703 16 11 59
688 18 6 60
1542 18 7 60
2860 17 6 60
3620 17 7 60
2430 16 6 61
2340 19 6 61
1786 19 7 61
2069 19 8 61
2206 18 8 61
584 17 8 61
620 15 9 62
2083 15 8 62
694 15 6 62
1726 15 4 63
1697 15 5 63
2366 14 4 63
502 14 5 63
1116 14 6 63
3449 13 9 65
1135 13 8 65
2031 14 9 65
100 14 8 65
2275 13 3 66
3457 13 4 66
1598 13 5 66
2247 13 6 66
2898 12 2 67
233 13 0 68
2119 12 0 68
1629 11 0 68
2628 15 2 69
3970 19 0 70
1228 19 1 70
2546 18 0 70
1848 18 1 70
3038 17 0 70
831 17 1 70
3987 14 0 71
376 14 1 71
3715 15 0 71
3518 15 1 71
2585 16 0 71
2892 16 1 71
2646 16 2 71
3382 17 2 71
3570 19 2 72
748 19 3 72
814 18 2 72
1441 18 3 72
3044 17 3 72
2479 19 4 74
1984 18 4 74
2799 17 4 74
2300 19 5 75
3854 18 5 75
2330 17 5 75
2738 16 5 75
1557 16 4 75
2665 8 1 75
1631 7 1 75
2525 7 0 75
2123 11 5 76
904 11 4 76
1287 10 0 76
2938 10 1 76
895 10 2 76
3172 11 6 77
2072 11 7 78
1904 10 7 78
1872 10 6 78
3198 10 5 78
680 10 4 78
1470 2 7 78
2926 2 6 78
3924 9 0 79
569 9 1 79
2152 9 2 79
3971 18 9 80
550 18 10 80
1788 18 11 80
113 9 7 80
1821 9 6 80
128 9 5 80
2484 9 4 80
3060 9 3 80
3568 10 3 80
1840 8 8 80
3932 8 9 80
3853 19 13 81
3405 18 13 81
3312 19 9 81
686 19 10 81
263 19 11 81
3383 19 12 81
55 18 12 81
68 19 14 82
2553 19 15 82
2334 18 14 82
2228 18 15 82
2146 17 13 82
2740 17 14 82
2249 17 15 82
640 13 15 83
693 19 16 83
2718 18 16 83
2534 17 16 83
636 16 16 83
833 16 15 83
3818 15 15 83
2439 14 15 83
2182 16 17 84
838 15 17 84
1248 14 17 84
774 13 17 84
2305 15 16 84
1801 14 16 84
1345 13 16 84
1026 19 17 85
3628 19 18 85
2771 18 17 85
2428 18 18 85
1080 17 17 85
490 17 18 85
260 16 18 85
3488 15 18 85
1204 14 18 85
3919 13 18 85
744 3 0 85
940 6 9 85
2589 8 6 85
2664 19 19 86
355 18 19 86
1889 17 19 86
30 16 19 86
1883 15 19 86
746 14 19 86
807 13 19 86
301 12 19 86
612 12 18 86
2616 1 4 86
1326 2 0 86
1765 10 19 87
1385 10 18 87
3237 10 17 87
2029 11 19 87
3801 11 18 87
1475 11 17 87
1383 8 3 87
1372 9 19 88
3907 8 19 88
1410 7 19 88
2750 9 18 88
411 8 18 88
2612 7 18 88
2207 9 17 88
3115 8 17 88
1982 7 17 88
268 6 17 88
3474 12 17 88
2905 7 7 88
1589 7 6 88
1027 6 18 89
1375 0 3 89
545 0 4 89
841 0 5 89
1399 1 5 89
2341 2 5 89
2369 9 8 89
337 9 9 89
1879 9 10 89
3324 8 10 89
2264 6 19 90
874 5 19 90
983 5 18 90
1360 5 17 90
1380 3 14 91
2400 3 15 91
2055 4 19 91
2770 4 18 91
1282 4 17 91
823 16 3 91
9189 milli sec 
point:375150
