745
2467 12 9 1
1339 12 8 1
1095 12 7 1
3613 12 6 1
572 13 9 1
3016 13 8 1
4151 13 7 1
4164 13 6 1
1018 14 9 1
1221 14 8 1
2543 14 7 1
57 0 10 1
4079 0 9 1
1167 0 8 1
2299 0 7 1
3199 0 6 1
404 0 5 1
2194 1 10 1
3420 1 9 1
811 1 8 1
2410 1 7 1
2250 1 6 1
2225 1 5 1
1323 2 10 1
665 2 9 1
3009 2 8 1
1700 2 7 1
3557 2 6 1
3049 2 5 1
2786 3 10 1
1676 3 9 1
3263 3 8 1
373 3 7 1
3587 3 6 1
2805 0 0 1
686 0 1 1
2735 0 2 1
1251 0 3 1
2314 0 4 1
2717 1 0 1
3605 1 1 1
3416 1 2 1
1972 1 3 1
285 1 4 1
2817 2 0 1
812 2 1 1
1102 2 2 1
3539 2 3 1
2914 2 4 1
829 3 0 1
3691 3 1 1
2630 3 2 1
4108 3 3 1
1240 3 4 1
3623 3 5 1
3296 4 10 1
460 4 9 1
3466 4 8 1
2382 4 7 1
3915 4 6 1
4059 4 0 1
3897 4 1 1
763 4 2 1
1595 4 3 1
2261 4 4 1
3535 4 5 1
4053 5 10 1
2580 5 9 1
484 5 8 1
4159 5 7 1
2676 5 6 1
26 5 0 1
3810 5 1 1
1269 5 2 1
2725 5 3 1
318 5 4 1
319 5 5 1
4067 8 10 1
3303 7 10 1
809 6 10 1
2511 8 9 1
867 7 9 1
2184 6 9 1
390 8 8 1
3886 7 8 1
1383 6 8 1
600 8 7 1
3671 7 7 1
447 6 7 1
1699 8 6 1
233 7 6 1
742 6 6 1
2103 6 0 1
1505 6 1 1
1769 6 2 1
2598 6 3 1
2094 6 4 1
2138 6 5 1
1205 7 0 1
1654 7 1 1
1538 7 2 1
681 7 3 1
1739 7 4 1
2885 7 5 1
3700 8 0 1
1411 8 1 1
4077 8 2 1
2611 8 3 1
2646 8 4 1
610 8 5 1
698 9 10 1
3383 9 9 1
2087 9 8 1
3556 9 7 1
1672 9 6 1
1296 9 0 1
4137 9 1 1
4142 9 2 1
1190 9 3 1
1438 9 4 1
1471 9 5 1
430 10 10 1
2562 10 9 1
914 10 8 1
3805 10 7 1
1342 10 6 1
1402 10 0 1
12 10 1 1
2609 10 2 1
3046 10 3 1
1792 10 4 1
1776 10 5 1
3226 6 11 1
65 6 12 1
1634 6 13 1
1177 6 14 1
1833 7 11 1
2550 7 12 1
3622 7 13 1
4093 7 14 1
2776 0 19 1
4179 0 18 1
568 0 17 1
1182 0 14 1
1433 0 15 1
288 0 16 1
526 1 19 1
3080 1 18 1
1352 1 17 1
4057 1 14 1
2943 1 15 1
2257 1 16 1
106 2 19 1
2938 2 18 1
473 2 17 1
2264 2 14 1
3824 2 15 1
865 2 16 1
1809 3 19 1
3833 3 18 1
1878 3 17 1
2102 5 11 1
2426 5 12 1
2950 5 13 1
3563 5 14 1
1506 5 15 1
4089 4 11 1
3121 4 12 1
495 4 13 1
3008 4 14 1
897 4 15 1
913 0 11 1
2988 0 12 1
1546 0 13 1
1189 1 11 1
815 1 12 1
3673 1 13 1
2476 2 11 1
871 2 12 1
2084 2 13 1
266 3 11 1
3462 3 12 1
3221 3 13 1
61 3 14 1
583 3 15 1
3455 3 16 1
970 4 19 1
1529 4 18 1
3338 4 17 1
1176 4 16 1
3856 5 19 1
2386 5 18 1
3289 5 17 1
2059 5 16 1
2522 6 19 1
746 6 18 1
2530 6 17 1
1680 6 15 1
3517 6 16 1
458 7 19 1
15 7 18 1
3887 7 17 1
3402 7 15 1
1517 7 16 1
442 8 19 1
3327 8 18 1
2089 8 17 1
2832 8 16 1
2328 8 15 1
3880 8 11 1
4068 8 12 1
3274 8 13 1
891 8 14 1
2485 9 19 1
3324 9 18 1
2844 9 17 1
3784 9 16 1
3837 9 15 1
3888 9 11 1
849 9 12 1
3713 9 13 1
2754 9 14 1
3601 10 19 1
1037 10 18 1
2557 10 17 1
2835 10 16 1
2491 10 15 1
4180 10 14 1
3814 10 13 1
259 10 11 1
3826 10 12 1
642 16 19 1
700 15 19 1
941 14 19 1
4183 13 19 1
3707 12 19 1
1106 11 19 1
1349 16 18 1
2446 15 18 1
3918 14 18 1
3974 13 18 1
3604 12 18 1
3772 11 18 1
3220 16 17 1
1748 15 17 1
3248 14 17 1
4113 13 17 1
614 12 17 1
3590 11 17 1
3516 19 19 1
752 18 19 1
3253 17 19 1
2851 19 18 1
420 18 18 1
1040 17 18 1
2334 19 17 1
1442 18 17 1
4033 17 17 1
1714 19 9 1
3852 19 10 1
1847 19 11 1
3134 19 12 1
159 19 13 1
987 19 14 1
3283 19 15 1
2657 19 16 1
545 18 9 1
174 18 10 1
1816 18 11 1
784 18 12 1
1362 18 13 1
116 18 14 1
205 18 15 1
3508 18 16 1
4038 15 9 1
1392 15 10 1
2166 15 11 1
1726 15 12 1
1165 16 9 1
73 16 10 1
2169 16 11 1
2560 16 12 1
1309 17 9 1
3793 17 10 1
257 17 11 1
3033 17 12 1
3441 17 13 1
597 17 14 1
1575 17 15 1
427 17 16 1
1969 16 13 1
2039 16 14 1
4009 16 15 1
1686 16 16 1
2305 15 13 1
3759 15 14 1
1569 15 15 1
2335 15 16 1
1730 14 13 1
1132 14 14 1
828 14 15 1
1694 14 16 1
3832 13 13 1
611 13 14 1
3438 13 15 1
631 13 16 1
2114 12 16 1
1942 11 16 1
916 12 15 1
3189 11 15 1
1163 12 14 1
1930 11 14 1
1328 12 13 1
2281 11 13 1
1857 14 12 1
2996 13 12 1
1605 12 12 1
1113 11 12 1
1835 14 11 1
1097 13 11 1
3885 12 11 1
3926 11 11 1
641 14 10 1
1908 13 10 1
1146 12 10 1
2096 11 10 1
56 11 9 1
954 11 8 1
2509 11 7 1
2175 11 6 1
3115 11 0 1
3702 11 1 1
3365 11 2 1
1367 11 3 1
2329 11 4 1
4150 11 5 1
3306 12 0 1
3172 12 1 1
1803 12 2 1
1751 12 3 1
448 12 4 1
1845 12 5 1
103 13 0 1
206 13 1 1
1389 13 2 1
3844 13 3 1
3155 13 4 1
1032 13 5 1
1781 14 0 1
2271 14 1 1
3797 14 2 1
4123 14 3 1
2004 14 4 1
18 14 5 1
1052 14 6 1
3119 15 8 1
1771 15 7 1
2607 15 0 1
1375 15 1 1
1398 15 2 1
74 15 3 1
3029 15 4 1
1811 15 5 1
1228 15 6 1
3265 16 8 1
3432 16 7 1
1178 16 4 1
792 16 5 1
4127 16 6 1
2051 19 8 1
24 18 8 1
1521 17 8 1
3297 19 7 1
1837 18 7 1
1642 17 7 1
1138 19 6 1
3328 18 6 1
170 17 6 1
2931 19 5 1
3307 18 5 1
2085 17 5 1
1321 19 4 1
1460 18 4 1
2755 17 4 1
531 19 3 1
2688 18 3 1
712 17 3 1
1283 16 3 1
2437 19 2 1
1643 18 2 1
870 17 2 1
2744 16 2 1
1512 19 1 1
967 18 1 1
3159 17 1 1
3646 16 1 1
1639 19 0 1
2135 18 0 1
4082 17 0 1
4188 16 0 1
758 19 0 25
3835 18 0 25
2872 17 0 25
2406 19 1 27
377 18 1 27
2072 17 1 27
1393 19 2 28
1532 18 2 28
1549 17 2 28
1024 19 4 29
1863 18 4 29
2979 19 3 29
2661 18 3 29
2518 19 5 30
636 18 5 30
1155 19 7 31
3581 18 7 31
654 19 6 31
4047 18 6 31
2939 19 8 32
1092 18 8 32
639 17 8 32
1589 17 7 32
1348 16 8 33
3322 16 7 33
2315 16 4 33
3677 16 5 33
3205 15 8 35
2803 15 7 35
3073 15 0 35
2097 15 1 35
2223 15 2 35
1473 15 3 35
957 15 4 35
1388 15 5 35
2789 14 0 36
489 14 1 36
3101 14 2 36
1418 14 3 36
3895 14 4 36
3456 13 0 39
713 13 1 39
896 13 2 39
10 13 3 39
4097 13 4 39
2901 12 0 40
3899 12 1 40
100 12 2 40
3279 12 3 40
3630 12 4 40
2967 11 0 42
1295 11 1 42
2985 11 2 42
3386 11 3 42
2596 11 4 42
846 14 11 43
1962 13 11 43
1151 12 11 43
81 14 10 43
2809 13 10 43
2206 12 10 43
3131 12 15 44
1325 12 14 44
2880 12 13 44
4042 14 12 44
656 13 12 44
2889 12 12 44
1244 13 13 46
2325 13 14 46
490 13 15 46
2810 14 13 47
2202 14 14 47
2192 14 15 47
1976 15 13 48
2983 15 14 48
673 15 15 48
1458 16 13 49
1216 16 14 49
4106 16 15 49
2471 17 9 51
2508 17 10 51
1688 17 11 51
3606 15 9 52
212 15 10 52
4066 15 11 52
1087 15 12 52
1084 16 9 52
2062 16 10 52
68 16 11 52
188 16 12 52
1635 17 12 52
3850 17 13 52
201 17 14 52
1288 17 15 52
1594 18 9 54
353 18 10 54
308 18 11 54
3688 18 12 54
236 18 13 54
3311 18 14 54
1533 18 15 54
1911 19 17 55
1843 18 17 55
2542 19 9 55
998 19 10 55
990 19 11 55
462 19 12 55
1262 19 13 55
659 19 14 55
3005 19 15 55
2293 19 16 55
2423 18 16 55
894 19 19 56
1345 18 19 56
1875 17 19 56
1770 19 18 56
1860 18 18 56
1281 17 18 56
1169 17 17 56
3489 16 18 58
2520 15 18 58
2947 14 18 58
3241 13 18 58
3898 12 18 58
1041 16 17 58
208 15 17 58
2846 14 17 58
1031 13 17 58
3911 12 17 58
1258 10 11 60
504 16 19 60
860 15 19 60
141 14 19 60
2149 13 19 60
148 12 19 60
2243 11 19 60
2199 11 18 60
4132 10 19 61
2990 10 18 61
1250 10 17 61
4071 10 16 61
3379 10 15 61
2910 9 19 62
1122 9 18 62
1742 9 17 62
1678 9 16 62
3426 9 15 62
3228 9 11 62
3400 9 12 62
2040 9 13 62
2274 8 11 63
3697 8 12 63
2091 8 13 63
3775 7 15 64
2752 8 19 64
1419 8 18 64
1081 8 17 64
279 6 15 65
1539 7 19 65
457 7 18 65
1447 7 17 65
2559 4 19 66
497 4 18 66
1625 4 17 66
2238 5 19 66
418 5 18 66
2344 5 17 66
2391 6 19 66
263 6 18 66
935 6 17 66
1025 2 11 68
64 2 12 68
728 3 11 68
40 3 12 68
3435 16 4 68
1926 16 5 68
4174 1 11 69
3162 1 12 69
1950 4 11 70
379 4 12 70
2200 4 13 70
3186 4 14 70
2117 0 11 70
92 0 12 70
3676 0 13 70
32 1 13 70
3078 2 13 70
2874 3 13 70
999 3 14 70
140 5 11 71
3969 5 12 71
973 5 13 71
3939 5 14 71
3497 5 15 71
964 3 19 72
246 3 18 72
2711 3 17 72
1996 4 15 72
3133 2 14 73
2700 2 15 73
1112 1 19 74
901 1 18 74
1459 1 17 74
3240 1 14 74
1849 1 15 74
1580 2 19 74
1013 2 18 74
1515 2 17 74
942 0 19 75
703 0 18 75
2970 0 17 75
1019 0 14 75
2195 0 15 75
674 0 16 75
917 1 16 75
3192 7 11 76
406 7 12 76
4060 7 13 76
1753 6 11 77
330 6 12 77
2876 6 13 77
3089 6 14 77
3701 7 14 77
1887 10 10 78
1507 10 9 78
2046 10 8 78
1467 10 7 78
1039 10 6 78
1404 10 0 78
2566 10 1 78
213 10 2 78
2393 10 3 78
598 10 4 78
688 2 16 78
2784 9 0 80
8 9 1 80
3836 9 2 80
3586 9 3 80
3973 9 4 80
1157 19 6 81
3610 18 6 81
1867 9 10 82
2587 9 9 82
2854 9 8 82
3341 9 7 82
3705 9 6 82
3580 8 0 83
3936 8 1 83
2388 8 2 83
2239 8 3 83
2868 8 4 83
4196 7 0 84
274 7 1 84
383 7 2 84
4099 7 3 84
3685 7 4 84
4030 14 10 84
66 13 10 84
2597 12 10 84
543 16 8 84
2456 16 7 84
1274 8 6 85
2703 7 6 85
2737 6 0 85
1416 6 1 85
1116 6 2 85
1173 6 3 85
2621 6 4 85
366 16 9 85
3160 16 10 85
2528 16 11 85
2118 8 8 86
2669 7 8 86
3750 8 7 86
2258 7 7 86
311 8 10 87
683 7 10 87
2888 6 10 87
2934 8 9 87
1510 7 9 87
1648 6 9 87
1516 6 8 87
932 6 7 87
2936 6 6 87
984 13 13 87
143 13 14 87
842 13 15 87
444 5 10 88
1793 5 9 88
2376 5 8 88
3982 5 7 88
3525 5 6 88
2241 5 0 88
2749 5 1 88
1480 5 2 88
4011 5 3 88
25 5 4 88
142 17 18 88
3873 14 12 88
2265 13 12 88
1172 12 12 88
2043 19 0 88
1851 18 0 88
486 17 0 88
3738 4 0 89
1078 4 1 89
2488 4 2 89
760 4 3 89
1623 4 4 89
2389 4 10 90
47 4 9 90
953 4 8 90
75 4 7 90
1214 4 6 90
2369 16 17 90
2917 15 17 90
2504 14 17 90
3694 13 17 90
13 12 17 90
622 17 17 90
503 15 9 90
1858 15 10 90
557 15 11 90
3484 15 12 90
1385 16 12 90
3122 19 7 90
9 18 7 90
1386 18 3 90
4121 19 2 90
1316 18 2 90
2792 17 2 90
864 3 0 91
3109 3 1 91
3339 3 2 91
3978 3 3 91
4145 14 11 91
4197 13 11 91
60 12 11 91
2838 12 0 91
4192 12 1 91
692 12 2 91
1315 12 3 91
4163 12 4 91
1905 18 8 91
3531 17 8 91
9558 milli sec 
point:401400
