738
4589 0 11 1
4717 0 10 1
4685 0 9 1
4295 0 8 1
3974 0 7 1
4331 0 6 1
5077 0 5 1
5120 0 4 1
229 0 3 1
1090 0 2 1
2509 0 1 1
2599 0 0 1
4317 0 19 1
2862 0 18 1
4240 0 17 1
23 0 16 1
3750 0 15 1
5005 0 12 1
3117 0 13 1
5561 0 14 1
2140 1 19 1
1929 1 18 1
1001 1 17 1
3350 1 16 1
1920 1 15 1
4715 1 12 1
4436 1 13 1
598 1 14 1
425 2 19 1
4918 2 18 1
1931 2 17 1
3277 2 16 1
665 2 15 1
1357 2 12 1
5354 2 13 1
3505 2 14 1
3267 3 19 1
941 3 18 1
3286 3 17 1
3016 3 16 1
4077 3 15 1
4753 3 12 1
3961 3 13 1
501 3 14 1
3983 4 19 1
31 4 18 1
2223 4 17 1
4435 4 16 1
964 4 15 1
5675 4 12 1
4691 4 13 1
4303 4 14 1
3225 5 19 1
5701 5 18 1
1862 5 17 1
3349 5 16 1
69 5 15 1
300 5 12 1
2190 5 13 1
1436 5 14 1
2850 6 19 1
5211 6 18 1
841 6 17 1
5021 6 16 1
2378 6 15 1
1225 6 12 1
230 6 13 1
2584 6 14 1
5301 7 19 1
951 7 18 1
4615 7 17 1
411 7 16 1
3706 7 15 1
209 7 14 1
4095 7 13 1
5583 8 19 1
3900 8 18 1
5578 8 17 1
816 8 16 1
5648 8 15 1
1254 8 14 1
1591 8 13 1
5309 9 19 1
3493 9 18 1
2756 9 17 1
4483 9 16 1
1018 9 15 1
2511 9 14 1
1771 9 13 1
1535 10 19 1
3444 10 18 1
1814 10 17 1
556 10 16 1
630 10 15 1
1139 10 14 1
3838 10 13 1
3765 12 19 1
4054 11 19 1
50 12 18 1
1933 11 18 1
5372 12 17 1
2194 11 17 1
5392 12 16 1
734 11 16 1
2749 12 15 1
4542 11 15 1
4411 19 19 1
5040 18 19 1
292 17 19 1
4382 16 19 1
2209 15 19 1
4396 14 19 1
3203 13 19 1
917 19 18 1
1410 18 18 1
2927 17 18 1
3599 16 18 1
3048 15 18 1
4040 14 18 1
577 13 18 1
1976 19 17 1
746 18 17 1
3616 17 17 1
420 16 17 1
3541 15 17 1
2612 14 17 1
4784 13 17 1
5491 19 16 1
1681 18 16 1
4565 17 16 1
3355 16 16 1
909 15 16 1
269 14 16 1
1087 13 16 1
2049 19 15 1
1576 18 15 1
1891 17 15 1
3502 16 15 1
4452 15 15 1
1406 14 15 1
4469 13 15 1
4375 19 14 1
4602 18 14 1
2435 17 14 1
3964 16 14 1
3236 15 14 1
2015 14 14 1
5503 13 14 1
1955 12 14 1
4807 11 14 1
4613 19 13 1
4029 18 13 1
2155 17 13 1
495 16 13 1
4159 15 13 1
231 14 13 1
5235 13 13 1
5251 12 13 1
4827 11 13 1
4400 19 9 1
902 19 10 1
2311 19 11 1
2400 19 12 1
4287 18 9 1
1852 18 10 1
1291 18 11 1
3166 18 12 1
2148 17 9 1
2961 17 10 1
5726 17 11 1
3071 17 12 1
5497 16 9 1
2517 16 10 1
4340 16 11 1
4920 16 12 1
913 15 12 1
750 14 12 1
3086 13 12 1
5473 12 12 1
1055 11 12 1
4007 10 12 1
2042 9 12 1
1003 8 12 1
1709 7 12 1
3757 15 11 1
3148 14 11 1
1175 13 11 1
5311 12 11 1
4805 11 11 1
2204 10 11 1
649 9 11 1
5467 8 11 1
4497 7 11 1
4126 6 11 1
1774 5 11 1
433 4 11 1
4962 3 11 1
4633 2 11 1
2719 1 11 1
1180 15 10 1
4162 14 10 1
5674 13 10 1
586 12 10 1
1963 11 10 1
5037 10 10 1
543 9 10 1
5466 8 10 1
2726 7 10 1
5190 6 10 1
3910 5 10 1
3731 4 10 1
2527 3 10 1
4676 2 10 1
3080 1 10 1
4495 19 0 1
2248 19 1 1
2430 19 2 1
2873 19 3 1
5724 19 4 1
3041 19 5 1
4661 19 6 1
2031 19 7 1
4323 19 8 1
3358 18 0 1
4479 18 1 1
1452 18 2 1
2197 18 3 1
4528 18 4 1
1154 18 5 1
2362 18 6 1
616 18 7 1
4806 18 8 1
4385 17 0 1
655 17 1 1
2387 17 2 1
2914 17 3 1
166 17 4 1
1237 17 5 1
5603 17 6 1
2686 17 7 1
5259 17 8 1
111 16 0 1
4128 16 1 1
3185 16 2 1
1546 16 3 1
4985 16 4 1
4840 16 5 1
4406 16 6 1
869 16 7 1
531 16 8 1
3718 15 0 1
3989 15 1 1
585 15 2 1
4584 15 3 1
4610 15 4 1
4795 15 5 1
4326 15 6 1
2203 15 7 1
281 15 8 1
3087 15 9 1
3092 14 0 1
5650 14 1 1
5498 14 2 1
4278 14 3 1
4418 14 4 1
94 14 5 1
2079 14 6 1
2781 14 7 1
591 14 8 1
513 14 9 1
1412 13 0 1
3678 13 1 1
3359 13 2 1
2334 13 3 1
21 13 4 1
5137 13 5 1
4328 13 6 1
3232 13 7 1
2112 13 8 1
3643 13 9 1
1704 12 0 1
5119 12 1 1
2682 12 2 1
802 12 3 1
2847 12 4 1
4614 12 5 1
53 12 6 1
5621 12 7 1
5563 12 8 1
327 12 9 1
1081 10 0 1
3466 10 1 1
4296 10 2 1
4531 10 3 1
5658 10 4 1
3096 11 0 1
2859 11 1 1
2416 11 2 1
1856 11 3 1
3381 11 4 1
1285 11 5 1
4568 11 6 1
4544 11 7 1
1795 11 8 1
4180 11 9 1
2434 10 9 1
2546 9 9 1
126 8 9 1
2118 7 9 1
4793 6 9 1
871 5 9 1
439 4 9 1
1559 3 9 1
147 2 9 1
4583 1 9 1
4851 10 6 1
3969 10 7 1
4227 10 8 1
897 9 6 1
788 9 7 1
2987 9 8 1
4381 8 6 1
205 8 7 1
3572 8 8 1
5630 7 6 1
172 7 7 1
2893 7 8 1
412 6 6 1
4849 6 7 1
4204 6 8 1
792 5 6 1
4945 5 7 1
2006 5 8 1
2748 4 6 1
4901 4 7 1
5493 4 8 1
3920 3 8 1
1494 2 8 1
969 1 8 1
4104 3 7 1
5047 2 7 1
3437 1 7 1
3958 3 6 1
4175 2 6 1
5023 1 6 1
2522 10 5 1
2965 9 5 1
3998 8 5 1
2123 7 5 1
1682 6 5 1
5472 5 5 1
5530 4 5 1
711 3 5 1
2154 2 5 1
2820 1 5 1
1447 9 4 1
3242 8 4 1
4146 7 4 1
3950 6 4 1
3824 5 4 1
2983 4 4 1
32 3 4 1
266 2 4 1
3661 1 4 1
5091 9 3 1
3382 8 3 1
1128 7 3 1
1211 6 3 1
460 5 3 1
3545 4 3 1
2419 3 3 1
3615 2 3 1
1541 1 3 1
365 9 2 1
2826 8 2 1
198 7 2 1
3251 6 2 1
5566 5 2 1
4790 4 2 1
1238 3 2 1
344 2 2 1
219 1 2 1
4215 9 1 1
5308 8 1 1
2121 7 1 1
4339 6 1 1
5254 5 1 1
4 4 1 1
3585 3 1 1
5507 2 1 1
831 1 1 1
148 9 0 1
4862 8 0 1
4081 7 0 1
3867 6 0 1
4647 5 0 1
476 4 0 1
4067 3 0 1
3290 2 0 1
796 1 0 1
2474 9 0 30
3485 8 0 30
4740 7 0 30
899 6 0 30
4037 5 0 30
5446 4 0 30
1646 3 0 30
28 2 0 30
4677 9 1 33
5552 8 1 33
1156 7 1 33
2465 6 1 33
1570 5 1 33
227 4 1 33
4673 3 1 33
1224 2 1 33
2207 9 2 36
829 8 2 36
4352 7 2 36
895 6 2 36
2119 5 2 36
5126 4 2 36
2995 3 2 36
2325 2 2 36
3271 9 3 39
4813 8 3 39
4224 7 3 39
1294 6 3 39
3801 5 3 39
2251 4 3 39
79 3 3 39
4929 2 3 39
5454 9 4 42
3744 8 4 42
382 7 4 42
5220 6 4 42
4510 5 4 42
286 4 4 42
2507 3 4 42
2000 2 4 42
2418 10 5 43
5269 9 5 43
3725 8 5 43
4172 7 5 43
1875 6 5 43
4550 5 5 43
4808 4 5 43
3821 3 5 43
3980 2 5 43
5015 3 7 44
3480 2 7 44
234 3 6 44
375 2 6 44
4069 5 6 46
5134 5 7 46
3993 4 6 46
2259 4 7 46
4016 7 6 47
1296 7 7 47
3948 6 6 47
1207 6 7 47
26 10 6 48
3461 10 7 48
2703 10 8 48
2681 9 6 48
3489 9 7 48
1822 9 8 48
2680 8 6 48
2061 8 7 48
3337 8 8 48
5000 7 8 48
2679 6 8 48
389 5 8 48
4664 4 8 48
3584 3 8 48
3917 2 8 48
3546 10 0 53
1068 10 1 53
1088 10 2 53
1621 10 3 53
16 10 4 53
3813 11 0 53
1048 11 1 53
1997 11 2 53
153 11 3 53
2979 11 4 53
1179 11 5 53
1470 11 6 53
4768 11 7 53
1073 11 8 53
3204 12 0 55
332 12 1 55
2233 12 2 55
2221 12 3 55
2894 12 4 55
5572 12 5 55
4405 12 6 55
4022 12 7 55
3655 12 8 55
249 13 0 57
2487 13 1 57
1453 13 2 57
1122 13 3 57
2376 13 4 57
1713 13 5 57
599 13 6 57
155 13 7 57
1954 13 8 57
2313 14 0 58
2895 14 1 58
2856 14 2 58
3321 14 3 58
2531 14 4 58
4219 14 5 58
2024 14 6 58
707 14 7 58
2836 14 8 58
3215 15 0 60
3245 15 1 60
220 15 2 60
4636 15 3 60
5425 15 4 60
848 15 5 60
4545 15 6 60
2809 15 7 60
539 16 0 61
3037 16 1 61
3195 16 2 61
5717 16 3 61
318 16 4 61
4386 16 5 61
3775 16 6 61
29 16 7 61
3150 17 0 63
4265 17 1 63
2219 17 2 63
3313 17 3 63
3452 17 4 63
1201 17 5 63
3406 17 6 63
1582 17 7 63
4465 18 0 65
5064 18 1 65
2558 18 2 65
4376 18 3 65
2786 18 4 65
4120 18 5 65
1788 18 6 65
2945 18 7 65
564 19 0 67
3786 19 1 67
834 19 2 67
2783 19 3 67
5152 19 4 67
3429 19 5 67
3888 19 6 67
5704 19 7 67
3219 19 8 67
4838 18 8 67
560 17 8 67
1567 15 10 69
5074 14 10 69
1323 13 10 69
3738 12 10 69
497 11 10 69
2718 10 10 69
2828 9 10 69
510 8 10 69
3000 7 10 69
4389 6 10 69
4154 5 10 69
1940 4 10 69
5189 3 10 69
4605 2 10 69
1042 15 11 71
3724 14 11 71
5344 13 11 71
5177 12 11 71
3043 11 11 71
1728 10 11 71
1827 9 11 71
4168 8 11 71
4966 17 9 73
2966 17 10 73
4910 17 11 73
3671 16 9 73
3441 16 10 73
3174 16 11 73
4066 19 9 74
2415 19 10 74
5147 19 11 74
659 19 12 74
588 18 9 74
3348 18 10 74
4217 18 11 74
271 18 12 74
2392 17 12 74
4160 16 12 74
5455 15 12 74
340 14 12 74
456 13 12 74
1794 12 12 74
4344 19 13 75
4277 18 13 75
4731 17 13 75
2654 16 13 75
575 15 13 75
4073 14 13 75
549 13 13 75
4245 12 13 75
1968 19 14 77
5159 18 14 77
5520 17 14 77
1738 16 14 77
3528 15 14 77
2431 14 14 77
3754 19 15 79
552 18 15 79
3131 17 15 79
4856 16 15 79
4864 15 15 79
3828 14 15 79
3336 6 6 79
2906 6 7 79
4874 19 16 80
4106 18 16 80
4249 17 16 80
3184 16 16 80
4812 15 16 80
4341 14 16 80
1070 7 6 81
3029 7 7 81
4353 19 17 82
2912 18 17 82
5030 17 17 82
991 16 17 82
657 15 17 82
4732 14 17 82
1169 19 18 83
3026 18 18 83
3034 17 18 83
3031 16 18 83
4300 15 18 83
1432 14 18 83
5512 12 15 84
4764 19 19 84
2029 18 19 84
4178 17 19 84
697 16 19 84
2833 15 19 84
3084 14 19 84
843 13 19 84
321 13 18 84
2174 13 17 84
628 13 16 84
1551 13 15 84
4927 13 14 84
3198 12 14 84
4938 8 6 84
3816 8 7 84
4572 12 19 85
4574 11 19 85
4191 12 18 85
4771 11 18 85
727 12 17 85
2275 11 17 85
3687 12 16 85
4950 11 16 85
5236 11 15 85
5025 11 14 85
3842 10 19 86
771 10 18 86
5485 10 17 86
533 10 16 86
3761 10 15 86
1707 10 14 86
812 3 6 86
4368 2 6 86
680 9 19 87
5290 9 18 87
3143 9 17 87
3517 9 16 87
2838 9 15 87
3139 9 14 87
244 8 19 89
1804 8 18 89
2445 8 17 89
2709 8 16 89
5072 8 15 89
4560 8 14 89
874 6 12 90
1289 6 13 90
1982 7 19 90
1568 7 18 90
637 7 17 90
3520 7 16 90
3620 7 15 90
3388 5 12 91
5631 5 13 91
3114 6 19 91
3703 6 18 91
4123 6 17 91
413 6 16 91
3608 6 15 91
2671 5 19 92
3921 5 18 92
1349 5 17 92
1077 5 16 92
4681 5 15 92
4193 9 6 92
3467 9 7 92
1684 3 7 92
1747 2 7 92
285 4 12 93
116 4 13 93
4210 3 12 94
3223 3 13 94
2498 4 19 94
2089 4 18 94
1161 4 17 94
5131 4 16 94
3923 4 15 94
2861 14 1 94
1921 14 2 94
9 14 3 94
4663 14 4 94
2773 14 5 94
2532 14 6 94
5435 14 7 94
1636 14 8 94
4987 4 7 94
2428 7 2 94
2604 6 2 94
3785 5 2 94
1556 4 2 94
3814 3 2 94
4373 2 2 94
2317 8 1 94
12177 milli sec 
point:437875
