747
625 0 8 1
1402 0 7 1
4402 0 0 1
249 0 1 1
4550 0 2 1
4595 0 3 1
4256 0 4 1
772 0 5 1
3943 0 6 1
4768 1 8 1
5135 1 7 1
3156 1 0 1
4417 1 1 1
5301 1 2 1
1234 1 3 1
1969 1 4 1
761 1 5 1
4966 1 6 1
2169 2 8 1
4559 2 7 1
3213 2 0 1
1332 2 1 1
2164 2 2 1
3129 2 3 1
2694 2 4 1
1974 2 5 1
2750 2 6 1
3681 3 8 1
3185 3 7 1
1522 3 0 1
1611 3 1 1
1284 3 2 1
4282 3 3 1
318 3 4 1
5496 3 5 1
4701 3 6 1
4521 4 8 1
3353 4 7 1
1213 4 0 1
1570 4 1 1
3968 4 2 1
202 4 3 1
2186 4 4 1
3348 4 5 1
1831 4 6 1
1437 5 8 1
5426 5 7 1
3982 5 0 1
304 5 1 1
3792 5 2 1
210 5 3 1
1194 5 4 1
45 5 5 1
1267 5 6 1
4530 0 19 1
2501 0 18 1
5264 0 17 1
1660 0 16 1
2325 0 15 1
3447 0 14 1
3750 0 13 1
1573 0 12 1
3217 0 11 1
4302 0 10 1
279 0 9 1
4346 1 19 1
1070 1 18 1
3128 1 17 1
2486 1 16 1
2015 1 15 1
3477 1 14 1
3581 1 13 1
3337 1 12 1
2808 1 11 1
729 1 10 1
4526 1 9 1
5118 2 19 1
3290 2 18 1
2347 2 17 1
1889 2 16 1
325 2 15 1
1993 2 14 1
1040 2 13 1
315 2 12 1
1718 2 11 1
5334 2 10 1
1544 2 9 1
5460 3 19 1
1344 3 18 1
5207 3 17 1
614 3 16 1
2376 3 15 1
2083 3 14 1
4808 3 13 1
3684 3 12 1
2372 3 11 1
5584 3 10 1
542 3 9 1
5453 4 19 1
2669 4 18 1
2361 4 17 1
4096 4 16 1
3963 4 15 1
123 4 14 1
3413 4 13 1
1517 4 12 1
732 4 11 1
4289 4 10 1
1518 4 9 1
2414 5 19 1
4803 5 18 1
4953 5 17 1
2286 5 16 1
4496 5 15 1
1493 5 14 1
3582 5 13 1
3426 5 12 1
63 5 11 1
3326 5 10 1
4694 5 9 1
1273 6 19 1
1269 6 18 1
831 6 17 1
5252 6 16 1
584 6 15 1
4989 6 14 1
2369 6 13 1
994 6 12 1
2812 6 11 1
4604 6 10 1
1025 6 9 1
1625 6 8 1
3515 6 7 1
5490 6 0 1
5004 6 1 1
5063 6 2 1
30 6 3 1
2300 6 4 1
4523 6 5 1
2679 6 6 1
948 7 19 1
2455 7 18 1
5441 7 17 1
843 7 16 1
1066 7 15 1
1967 7 14 1
799 7 13 1
359 7 12 1
3798 7 11 1
3835 7 10 1
2110 7 9 1
5564 7 8 1
4734 7 7 1
2954 7 0 1
4619 7 1 1
3536 7 2 1
4163 7 3 1
120 7 4 1
69 7 5 1
767 7 6 1
133 8 19 1
4388 8 18 1
4799 8 17 1
4212 8 16 1
5053 8 15 1
3650 8 14 1
5245 8 13 1
3521 8 12 1
1450 8 11 1
894 8 10 1
2799 8 9 1
674 8 8 1
5431 8 7 1
4077 8 0 1
3543 8 1 1
2639 8 2 1
2611 8 3 1
5447 8 4 1
1489 8 5 1
834 8 6 1
2603 9 13 1
2516 9 12 1
455 9 11 1
5390 9 10 1
3849 9 9 1
693 9 8 1
2106 9 7 1
5028 9 0 1
3208 9 1 1
1903 9 2 1
714 9 3 1
775 9 4 1
2311 9 5 1
489 9 6 1
4371 10 13 1
4005 10 12 1
952 10 11 1
64 10 10 1
2870 10 9 1
1248 10 8 1
2725 10 7 1
3866 10 6 1
4660 10 5 1
2389 10 4 1
5149 10 3 1
2193 10 2 1
1801 10 1 1
2270 10 0 1
5032 9 19 1
2026 9 18 1
374 9 17 1
981 9 16 1
317 9 15 1
1262 9 14 1
4582 10 19 1
3169 10 18 1
4631 10 17 1
3772 10 16 1
3810 10 15 1
1278 10 14 1
3384 11 19 1
4098 11 18 1
2180 11 17 1
2765 11 16 1
3465 11 15 1
3336 11 14 1
5336 12 19 1
2212 12 18 1
2620 12 17 1
1311 12 16 1
3951 12 15 1
4566 12 14 1
1186 13 19 1
1954 13 18 1
2117 13 17 1
887 13 16 1
5424 13 15 1
5531 13 14 1
1594 19 19 1
4713 18 19 1
2874 17 19 1
4188 16 19 1
442 15 19 1
391 14 19 1
1048 19 18 1
2946 18 18 1
4201 17 18 1
750 16 18 1
205 15 18 1
2034 14 18 1
5544 19 17 1
4454 18 17 1
1435 17 17 1
5234 16 17 1
3014 15 17 1
5260 14 17 1
5487 19 16 1
1478 18 16 1
5161 17 16 1
2999 16 16 1
4677 15 16 1
4157 14 16 1
5126 19 15 1
4651 18 15 1
4097 17 15 1
4748 16 15 1
5298 15 15 1
2567 14 15 1
3282 19 14 1
4845 18 14 1
3882 17 14 1
1622 16 14 1
1029 15 14 1
5346 14 14 1
3043 19 13 1
1596 18 13 1
1985 17 13 1
5201 16 13 1
2235 15 13 1
4717 14 13 1
1938 13 13 1
163 12 13 1
3195 11 13 1
493 19 12 1
2706 18 12 1
1905 17 12 1
5551 16 12 1
1795 15 12 1
3037 14 12 1
3095 13 12 1
5595 12 12 1
1490 11 12 1
5040 19 11 1
2877 18 11 1
2352 17 11 1
3122 16 11 1
4434 15 11 1
3232 14 11 1
1131 13 11 1
4783 12 11 1
4378 11 11 1
2475 19 10 1
2843 18 10 1
3702 17 10 1
773 16 10 1
5101 15 10 1
5120 14 10 1
1447 13 10 1
410 12 10 1
4513 11 10 1
4759 14 9 1
5229 13 9 1
689 12 9 1
1208 11 9 1
847 14 8 1
4744 13 8 1
362 12 8 1
2461 11 8 1
2886 14 7 1
1943 13 7 1
4870 12 7 1
5472 11 7 1
4107 14 6 1
197 13 6 1
188 12 6 1
5330 11 6 1
3335 14 5 1
1737 13 5 1
4095 12 5 1
1971 11 5 1
144 19 9 1
4735 18 9 1
4560 17 9 1
5169 16 9 1
3764 15 9 1
2458 19 8 1
5596 18 8 1
525 17 8 1
1486 16 8 1
5580 15 8 1
3260 19 7 1
3492 18 7 1
4152 17 7 1
4637 16 7 1
1705 15 7 1
5130 19 6 1
3369 18 6 1
4648 17 6 1
430 16 6 1
1383 15 6 1
3807 19 5 1
2720 18 5 1
1575 17 5 1
1766 16 5 1
5398 15 5 1
4911 19 4 1
1034 18 4 1
1768 17 4 1
352 16 4 1
2658 15 4 1
3576 14 4 1
3631 13 4 1
4844 12 4 1
500 11 4 1
1698 19 3 1
663 18 3 1
3829 17 3 1
1697 16 3 1
5585 15 3 1
4018 14 3 1
3627 13 3 1
1814 12 3 1
3494 11 3 1
5348 19 2 1
5446 18 2 1
2500 17 2 1
4951 16 2 1
2290 15 2 1
3588 14 2 1
986 13 2 1
3147 12 2 1
3711 11 2 1
4959 19 1 1
616 18 1 1
261 17 1 1
1700 16 1 1
2624 15 1 1
699 14 1 1
1655 13 1 1
1645 12 1 1
2313 11 1 1
3164 19 0 1
3303 18 0 1
3309 17 0 1
3613 16 0 1
5228 15 0 1
2820 14 0 1
1658 13 0 1
2002 12 0 1
4829 11 0 1
1606 19 0 30
4138 18 0 30
1098 17 0 30
4060 16 0 30
3470 15 0 30
1614 14 0 30
4176 13 0 30
1134 12 0 30
2563 19 1 32
5309 18 1 32
4682 17 1 32
2913 16 1 32
4291 15 1 32
1881 14 1 32
2426 13 1 32
923 12 1 32
3800 19 2 35
4190 18 2 35
3183 17 2 35
1166 16 2 35
2303 15 2 35
1216 14 2 35
4027 13 2 35
2187 12 2 35
5434 19 3 36
180 18 3 36
1365 17 3 36
1433 16 3 36
1484 15 3 36
3202 14 3 36
5458 13 3 36
324 12 3 36
1241 19 4 39
1069 18 4 39
949 17 4 39
2700 16 4 39
1147 19 5 40
3280 18 5 40
3455 17 5 40
143 16 5 40
2340 19 6 41
3998 18 6 41
716 17 6 41
2992 16 6 41
5402 19 7 42
2006 18 7 42
4164 17 7 42
5517 16 7 42
914 19 8 43
5364 18 8 43
4356 17 8 43
1940 16 8 43
4856 19 9 44
2246 18 9 44
2977 17 9 44
4630 16 9 44
3630 15 9 44
2445 15 8 44
1207 15 7 44
5068 15 6 44
3173 15 5 44
3888 15 4 44
1246 14 4 44
1791 13 4 44
2130 12 4 44
1061 14 6 45
3877 13 6 45
5250 12 6 45
3869 14 5 45
1616 13 5 45
1390 12 5 45
4240 14 7 46
1542 13 7 46
3423 12 7 46
666 14 8 47
4564 13 8 47
3850 12 8 47
237 14 9 48
5021 13 9 48
3120 12 9 48
4723 19 10 50
3575 18 10 50
2351 17 10 50
4011 16 10 50
4543 15 10 50
3639 14 10 50
115 13 10 50
4438 12 10 50
554 19 11 51
3596 18 11 51
2737 17 11 51
3300 16 11 51
482 15 11 51
404 14 11 51
4788 13 11 51
2045 12 11 51
3692 19 12 54
3736 18 12 54
3115 17 12 54
2440 16 12 54
3689 15 12 54
32 14 12 54
3366 13 12 54
5510 12 12 54
4067 19 14 55
1180 18 14 55
1122 17 14 55
1300 16 14 55
108 15 14 55
4146 19 13 55
16 18 13 55
371 17 13 55
4283 16 13 55
29 15 13 55
3735 19 15 56
672 18 15 56
5136 17 15 56
1225 16 15 56
2023 15 15 56
4769 19 16 58
1201 18 16 58
800 17 16 58
4397 16 16 58
2802 15 16 58
5258 19 18 59
4199 18 18 59
1928 17 18 59
3701 16 18 59
2109 15 18 59
2618 19 17 59
4008 18 17 59
794 17 17 59
941 16 17 59
53 15 17 59
1799 19 19 61
4317 18 19 61
4455 17 19 61
1322 16 19 61
2662 15 19 61
604 14 19 61
1931 12 19 62
1708 12 18 62
3984 12 17 62
806 12 16 62
1529 12 15 62
1909 13 19 62
1260 13 18 62
1951 13 17 62
2783 13 16 62
207 13 15 62
2733 11 19 63
4367 11 18 63
783 11 17 63
2851 11 16 63
3110 11 15 63
3292 10 19 64
4590 10 18 64
3245 10 17 64
5079 10 16 64
4873 10 15 64
5266 9 19 65
701 9 18 65
1168 9 17 65
2561 9 16 65
1630 9 15 65
2474 9 14 65
2374 10 14 65
56 11 14 65
4118 12 14 65
5070 13 14 65
1258 14 18 65
2710 10 13 68
5505 10 12 68
3649 10 11 68
1629 10 10 68
1863 10 9 68
438 10 8 68
3402 10 7 68
2701 9 0 69
2449 9 1 69
1550 9 2 69
1763 9 3 69
1945 9 4 69
1446 9 5 69
2738 9 13 70
5159 9 12 70
826 9 11 70
5206 9 10 70
5413 9 9 70
310 9 8 70
1072 9 7 70
5445 8 0 71
4491 8 1 71
5427 8 2 71
5474 8 3 71
1729 8 4 71
134 8 5 71
4277 8 19 74
2078 8 18 74
1255 8 17 74
4017 8 16 74
433 8 15 74
4577 8 14 74
5523 8 13 74
3851 8 12 74
2798 8 11 74
3066 8 10 74
1933 8 9 74
3295 8 8 74
2515 8 7 74
1019 7 0 75
1533 7 1 75
3918 7 2 75
4987 7 3 75
5255 7 4 75
2401 7 5 75
1082 7 19 77
5475 7 18 77
2338 7 17 77
5280 7 16 77
2263 7 15 77
1076 7 14 77
3597 7 13 77
5113 7 12 77
5484 7 11 77
1047 7 10 77
3617 7 9 77
762 7 8 77
3072 7 7 77
5361 6 0 79
1181 6 1 79
24 6 2 79
2905 6 3 79
2285 6 4 79
4776 6 5 79
5237 14 5 80
2653 13 5 80
5114 12 5 80
1829 6 19 82
1158 6 18 82
1443 6 17 82
3379 6 16 82
4362 6 15 82
417 6 14 82
2316 6 13 82
3144 6 12 82
5380 6 11 82
5439 6 10 82
3117 19 8 82
1198 18 8 82
669 17 8 82
3730 16 8 82
5381 5 19 84
4281 5 18 84
4044 5 17 84
511 5 16 84
395 5 15 84
5267 5 14 84
702 5 13 84
2626 5 12 84
2359 5 11 84
4828 5 10 84
5352 4 19 86
973 4 18 86
2676 4 17 86
1813 4 16 86
2226 4 15 86
1732 4 14 86
1670 4 13 86
4908 4 12 86
2478 4 11 86
5203 4 10 86
3858 19 5 86
5318 18 5 86
5010 17 5 86
2792 16 5 86
3908 14 7 87
1416 13 7 87
1427 12 7 87
1376 18 7 87
1539 17 7 87
5443 16 7 87
3255 3 19 88
4054 3 18 88
4158 3 17 88
5295 3 16 88
3518 3 15 88
4969 3 14 88
5465 3 13 88
4421 3 12 88
891 3 11 88
5272 3 10 88
2687 19 17 88
2682 18 17 88
2535 17 17 88
1502 16 17 88
3565 15 17 88
4042 14 8 88
5157 13 8 88
4552 12 8 88
1374 2 19 90
5064 2 18 90
1822 2 17 90
2249 2 16 90
866 2 15 90
1128 2 14 90
815 2 13 90
2088 2 12 90
157 2 11 90
2368 2 10 90
2929 19 13 91
1315 18 13 91
5204 17 13 91
2712 16 13 91
3761 15 13 91
2264 13 6 91
2080 12 6 91
2472 18 1 91
364 17 1 91
2775 16 1 91
1412 15 1 91
1431 14 1 91
1835 13 1 91
940 12 1 91
1257 1 19 92
1633 1 18 92
5519 1 17 92
159 1 16 92
3683 1 15 92
4196 1 14 92
4262 1 13 92
28 1 12 92
4162 1 11 92
1895 1 10 92
2464 13 9 93
1200 12 9 93
1983 0 19 94
2939 0 18 94
3569 0 17 94
2131 0 16 94
3044 0 15 94
3725 0 14 94
3600 0 13 94
4983 0 12 94
3320 0 11 94
85 0 10 94
5539 0 9 94
11686 milli sec 
point:433300
