743
2086 7 1 1
990 7 0 1
1337 8 2 1
8 8 1 1
2998 8 0 1
2177 9 3 1
493 9 2 1
279 9 1 1
3530 9 0 1
2110 4 6 1
260 0 0 1
2859 0 1 1
472 0 2 1
2350 0 3 1
1695 0 4 1
3043 1 0 1
2621 1 1 1
145 1 2 1
1594 1 3 1
2559 1 4 1
2144 2 0 1
3071 2 1 1
3111 2 2 1
3230 2 3 1
1222 2 4 1
1192 6 0 1
3080 6 1 1
311 5 0 1
477 5 1 1
3172 5 2 1
3186 4 0 1
2145 4 1 1
850 4 2 1
1313 3 0 1
2011 3 1 1
2833 3 2 1
1296 3 3 1
1383 3 4 1
651 4 3 1
3539 4 4 1
2946 4 5 1
2311 5 6 1
2375 5 3 1
2273 5 4 1
2996 5 5 1
81 0 11 1
3689 0 8 1
617 0 9 1
1642 0 10 1
432 1 11 1
2605 1 8 1
2180 1 9 1
1089 1 10 1
298 2 11 1
1078 2 10 1
1314 0 5 1
995 0 6 1
1789 0 7 1
3781 1 5 1
2075 1 6 1
3032 1 7 1
3779 2 5 1
3845 2 6 1
2392 2 7 1
815 2 8 1
72 2 9 1
940 3 10 1
3023 3 5 1
2566 3 6 1
2322 3 7 1
1834 3 8 1
3548 3 9 1
299 4 10 1
2460 4 7 1
1888 4 8 1
3357 4 9 1
378 5 10 1
3416 5 9 1
3009 5 8 1
3518 5 7 1
1632 8 10 1
2133 7 10 1
3107 6 10 1
789 8 9 1
3662 7 9 1
2308 6 9 1
567 8 7 1
1729 8 8 1
2624 7 8 1
473 6 8 1
2943 6 7 1
943 6 6 1
3163 7 2 1
3440 6 2 1
3432 6 3 1
2653 6 4 1
1694 6 5 1
3346 7 7 1
100 7 6 1
2598 7 3 1
3273 7 4 1
310 7 5 1
1546 8 6 1
806 8 3 1
38 8 4 1
1198 8 5 1
1981 9 10 1
394 9 9 1
2002 9 8 1
3475 9 7 1
724 9 6 1
834 9 4 1
2671 9 5 1
423 7 11 1
851 7 12 1
798 8 11 1
2235 8 12 1
3403 8 14 1
671 8 13 1
2774 9 14 1
964 9 13 1
544 9 11 1
1430 9 12 1
1072 4 15 1
2654 5 16 1
334 5 15 1
2052 6 16 1
1422 0 14 1
3391 0 12 1
3811 0 13 1
603 1 14 1
2829 1 12 1
2062 1 13 1
1557 0 17 1
2356 0 16 1
3864 0 15 1
3552 1 17 1
3763 1 16 1
2097 1 15 1
3075 0 19 1
3138 0 18 1
2218 1 19 1
1571 1 18 1
847 4 19 1
3846 3 19 1
813 2 19 1
2219 4 18 1
3528 3 18 1
3470 2 18 1
3836 4 17 1
531 3 17 1
1917 2 17 1
2608 2 16 1
3235 2 15 1
836 2 14 1
3053 2 12 1
625 2 13 1
992 4 16 1
1345 3 16 1
2121 3 15 1
3305 3 14 1
1848 3 11 1
3770 3 12 1
539 3 13 1
1274 4 11 1
632 4 12 1
3616 4 13 1
1378 4 14 1
380 5 11 1
1063 5 12 1
3219 5 13 1
765 5 14 1
1687 6 11 1
71 6 12 1
2881 6 13 1
3644 6 14 1
3182 6 15 1
459 7 16 1
2066 7 13 1
3089 7 14 1
3088 7 15 1
3560 8 16 1
2877 8 15 1
2140 7 17 1
501 5 19 1
2451 5 17 1
1705 5 18 1
2382 6 19 1
577 6 17 1
1663 6 18 1
2495 7 19 1
1483 7 18 1
641 8 19 1
3510 8 18 1
1481 8 17 1
3119 9 19 1
566 9 18 1
3643 9 17 1
1316 9 16 1
2681 9 15 1
135 10 19 1
2762 10 18 1
3623 11 19 1
3064 11 18 1
2344 19 19 1
2581 18 19 1
1307 17 19 1
1040 16 19 1
3686 15 19 1
2248 14 19 1
644 13 19 1
1239 12 19 1
2940 19 16 1
2348 19 17 1
2271 19 18 1
3210 18 16 1
3596 18 17 1
3311 18 18 1
406 17 16 1
3000 17 17 1
225 17 18 1
579 16 16 1
1769 16 17 1
1521 16 18 1
1745 15 16 1
146 15 17 1
344 15 18 1
3380 14 18 1
27 13 18 1
98 12 18 1
2282 14 17 1
1911 13 17 1
2630 12 17 1
2529 11 17 1
2561 10 17 1
2928 14 16 1
753 13 16 1
3636 12 16 1
1049 11 16 1
133 10 16 1
2759 12 15 1
1348 11 15 1
1357 10 15 1
3832 12 14 1
747 11 14 1
3213 10 14 1
1150 10 13 1
1012 10 12 1
831 12 13 1
2900 11 13 1
1831 19 15 1
1766 18 15 1
796 17 15 1
505 16 15 1
2418 15 15 1
2238 14 15 1
1027 13 15 1
1918 19 12 1
2280 19 13 1
763 19 14 1
3422 18 12 1
3794 18 13 1
2699 18 14 1
565 17 12 1
2509 17 13 1
2085 17 14 1
2351 16 12 1
2933 16 13 1
3408 16 14 1
1568 19 9 1
1727 19 10 1
1996 19 11 1
2457 18 9 1
1014 18 10 1
314 18 11 1
2880 17 9 1
3058 17 10 1
2893 17 11 1
3168 16 9 1
1734 16 10 1
2428 16 11 1
1508 15 9 1
3446 15 10 1
2234 15 11 1
894 15 12 1
2222 15 13 1
3161 15 14 1
1656 14 14 1
1524 13 14 1
227 14 13 1
2735 13 13 1
791 14 12 1
1829 13 12 1
1870 12 12 1
1819 11 12 1
3577 14 9 1
3469 14 10 1
2141 14 11 1
848 13 9 1
2989 13 10 1
3206 13 11 1
1725 12 9 1
737 12 10 1
3261 12 11 1
3462 11 11 1
2233 10 11 1
2901 11 10 1
107 10 10 1
3697 11 9 1
2445 10 9 1
3077 11 8 1
3067 10 8 1
3507 11 7 1
1838 10 7 1
1763 10 6 1
2987 10 5 1
958 10 4 1
1334 10 3 1
2664 10 2 1
3589 10 1 1
3188 10 0 1
2644 11 6 1
3184 11 5 1
346 11 4 1
3741 13 3 1
2683 12 3 1
3026 11 3 1
126 12 5 1
2746 12 4 1
1141 13 5 1
2716 13 4 1
1392 14 5 1
3803 14 3 1
2117 14 4 1
2123 12 8 1
646 12 7 1
1416 12 6 1
1361 13 8 1
1962 13 7 1
3262 13 6 1
3221 14 8 1
3736 14 7 1
1841 14 6 1
650 15 8 1
3672 15 7 1
119 15 6 1
1083 15 5 1
244 15 4 1
781 16 8 1
2036 16 7 1
400 17 8 1
1865 17 7 1
556 19 8 1
1491 18 8 1
2935 19 7 1
293 18 7 1
3368 19 6 1
1812 18 6 1
2335 17 6 1
2223 16 6 1
692 19 5 1
1065 18 5 1
760 17 5 1
837 16 5 1
949 19 4 1
1300 18 4 1
3533 17 4 1
1118 16 4 1
2733 19 3 1
274 18 3 1
363 17 3 1
1932 16 3 1
1569 15 3 1
1531 17 2 1
1306 19 2 1
549 18 2 1
3484 19 0 1
1654 19 1 1
1692 18 0 1
270 18 1 1
2106 17 0 1
2688 17 1 1
3257 16 0 1
56 16 1 1
3527 16 2 1
3517 15 0 1
2228 15 1 1
2471 15 2 1
3409 14 0 1
3561 14 1 1
2166 14 2 1
1783 13 0 1
1305 13 1 1
2115 13 2 1
2896 12 0 1
2111 12 1 1
2347 12 2 1
2948 11 2 1
1062 11 1 1
1147 11 0 1
771 12 0 24
3295 12 1 24
2766 13 0 26
228 13 1 26
3713 15 0 27
1787 15 1 27
1711 14 0 27
1104 14 1 27
2333 17 0 28
3252 16 0 28
685 18 0 29
931 19 0 30
2795 19 1 30
155 19 2 32
3303 18 2 32
3751 18 1 32
864 17 1 32
352 16 1 32
1974 17 2 33
2237 16 2 33
3162 19 4 34
487 18 4 34
3761 17 4 34
1412 19 3 34
2934 18 3 34
3008 17 3 34
2365 19 5 35
1759 18 5 35
636 17 5 35
2030 19 6 36
608 16 8 37
3212 16 7 37
3337 17 8 37
751 17 7 37
321 19 8 37
1046 18 8 37
2168 19 7 37
1092 18 7 37
1232 18 6 37
2831 17 6 37
1059 16 6 37
2752 16 5 37
3820 14 8 38
2288 14 7 38
560 15 8 38
568 15 7 38
1619 13 8 39
2419 13 7 39
1515 12 8 40
2611 12 7 40
878 12 6 40
2921 13 6 40
2600 14 6 40
875 15 6 40
1435 15 5 40
1373 14 5 41
1810 14 3 41
1986 13 3 42
288 12 3 42
3831 12 5 42
1401 12 4 42
678 13 5 42
731 13 4 42
1576 11 6 43
2468 11 5 43
818 11 4 43
2420 11 3 43
1371 11 7 45
1346 11 8 46
3387 11 10 47
431 11 9 47
3601 12 9 48
2591 12 10 48
437 14 9 49
1219 14 10 49
1723 14 11 49
1817 13 9 49
1217 13 10 49
127 13 11 49
2260 12 11 49
2352 14 13 50
2286 14 12 50
2978 17 9 52
3103 17 10 52
2575 16 9 52
1132 16 10 52
1733 15 9 52
1704 15 10 52
3034 19 9 53
2437 19 10 53
3612 19 11 53
2040 18 9 53
84 18 10 53
2481 18 11 53
2827 17 11 53
1746 16 11 53
3678 15 11 53
158 15 12 53
2148 15 13 53
923 17 12 54
295 17 13 54
1866 16 12 54
2182 16 13 54
3175 19 12 55
1349 19 13 55
735 19 14 55
3867 18 12 55
19 18 13 55
3199 18 14 55
2169 12 13 56
1936 11 13 56
3635 19 15 56
1179 18 15 56
469 17 15 56
3753 16 15 56
1561 15 15 56
1270 14 15 56
1308 13 15 56
2765 17 14 56
807 16 14 56
1790 15 14 56
2906 14 14 56
322 13 14 56
3397 13 13 56
1758 13 12 56
3850 12 12 56
616 12 14 57
2505 11 14 57
1207 14 16 59
1140 13 16 59
2510 12 16 59
2381 11 16 59
1254 12 15 59
2498 11 15 59
2606 15 16 61
655 15 17 61
2821 14 17 61
253 13 17 61
3482 17 16 62
425 17 17 62
2128 16 16 62
362 16 17 62
115 18 16 63
2465 18 17 63
948 19 16 64
1716 19 17 64
1409 19 18 64
2780 18 18 64
1782 17 18 64
1105 16 18 64
552 15 18 64
43 14 18 64
1825 13 18 64
2914 10 19 65
2625 10 18 65
3016 11 19 65
2435 11 18 65
2279 19 19 65
1863 18 19 65
585 17 19 65
1434 16 19 65
2417 15 19 65
3551 14 19 65
2380 13 19 65
2834 12 19 65
2958 12 18 65
1583 12 17 65
1728 11 17 65
116 10 17 65
138 10 16 65
820 8 19 66
853 9 19 66
1055 9 18 66
3264 14 3 66
1743 6 19 67
1016 6 17 67
3583 7 19 67
1516 7 17 68
3007 5 19 68
3014 5 17 68
2272 5 18 68
1024 6 18 68
2261 7 18 68
3335 8 18 68
1414 8 17 68
2856 9 17 68
1862 9 16 68
254 7 16 69
2079 7 13 69
301 7 14 69
1206 8 16 69
118 6 11 70
3393 6 12 70
726 6 13 70
1638 5 11 71
3871 5 12 71
2323 5 13 71
1991 3 11 72
2485 3 12 72
1990 4 11 72
3549 4 12 72
605 13 5 72
1370 19 3 72
3087 18 3 72
2440 17 3 72
2328 2 12 74
857 4 16 74
2379 3 16 74
3791 3 15 74
275 3 14 74
1580 4 18 75
1774 3 18 75
2175 4 17 75
1709 3 17 75
668 1 19 76
1453 4 19 76
2972 3 19 76
3022 2 19 76
1661 1 12 77
2568 0 17 77
1191 0 16 77
1280 0 15 77
1165 1 17 77
163 1 16 77
3656 1 15 77
3861 0 19 77
1640 0 18 77
1026 1 18 77
1597 2 18 77
3715 2 17 77
3829 2 16 77
3604 2 15 77
2772 2 14 77
3435 12 7 77
3502 12 6 77
2092 4 15 78
2994 5 16 78
2408 5 15 78
2006 6 16 78
2424 0 14 78
3160 0 12 78
901 0 13 78
2383 1 14 78
1614 1 13 78
2037 2 13 78
1008 3 13 78
2176 4 13 78
1915 4 14 78
3247 5 14 78
3250 6 14 78
1034 6 15 78
2666 7 15 78
1117 8 15 78
3810 8 14 79
1237 8 13 79
2853 9 14 79
1287 9 13 79
1901 9 11 79
721 19 7 79
1666 7 11 80
1607 7 12 80
3404 8 11 80
2871 8 12 80
2751 9 12 80
3576 19 4 80
2138 18 4 80
3291 17 4 80
1839 9 10 81
515 9 9 81
393 9 8 81
1190 9 7 81
2545 9 6 81
563 9 4 81
3289 8 6 82
2412 8 3 82
2769 8 4 82
132 7 7 83
2866 7 6 83
1565 7 3 83
2324 7 4 83
514 7 2 84
1116 6 2 84
33 6 3 84
3276 6 4 84
3859 15 8 84
3777 15 7 84
1154 19 8 84
1329 18 8 84
2805 8 7 85
3769 8 8 85
251 7 8 85
229 8 9 86
3575 7 9 86
1860 17 2 86
3260 14 0 86
2962 14 1 86
12 8 10 87
3523 7 10 87
3819 6 10 87
2310 6 9 87
2477 6 8 87
1795 4 10 88
1703 4 7 88
247 4 8 88
1946 5 10 88
2517 16 12 88
1598 16 13 88
3841 17 8 88
1173 3 10 89
2035 3 5 89
782 3 6 89
1121 3 7 89
1959 3 8 89
371 2 5 90
1037 2 6 90
1828 12 5 90
2861 12 4 90
1114 2 11 91
235 0 5 91
3148 0 6 91
1925 0 7 91
3598 1 5 91
3463 1 6 91
2013 1 7 91
1689 2 7 91
1282 2 8 91
3449 17 13 91
1272 11 5 91
3300 11 4 91
3127 13 7 91
842 17 7 91
3354 19 5 91
1939 18 5 91
1413 17 5 91
862 18 2 91
1446 15 0 91
1365 15 1 91
1781 1 11 92
3061 1 8 92
3512 1 9 92
1667 18 10 92
2464 18 11 92
3197 17 11 92
8922 milli sec 
point:397125
