753
3123 0 7 1
5504 0 6 1
6015 0 5 1
4941 0 4 1
5838 0 3 1
1203 0 2 1
2297 0 1 1
2908 0 0 1
113 1 7 1
3686 1 6 1
3397 1 5 1
4286 1 4 1
2692 1 3 1
3601 1 2 1
6494 1 1 1
1269 1 0 1
4207 10 8 1
5720 9 8 1
3319 8 8 1
479 7 8 1
4616 10 7 1
1735 9 7 1
2666 8 7 1
4481 7 7 1
2919 6 7 1
3856 5 7 1
6434 4 7 1
5307 3 7 1
4273 2 7 1
5181 10 6 1
3343 9 6 1
6592 8 6 1
4471 7 6 1
6317 6 6 1
5500 5 6 1
981 4 6 1
3275 3 6 1
264 2 6 1
6245 0 19 1
763 0 18 1
1164 0 17 1
764 0 14 1
2720 0 15 1
3322 0 16 1
1038 1 19 1
953 1 18 1
6588 1 17 1
3029 1 14 1
3919 1 15 1
3974 1 16 1
826 2 19 1
5290 2 18 1
95 2 17 1
2905 2 14 1
4942 2 15 1
4244 2 16 1
132 3 19 1
5023 3 18 1
5416 3 17 1
2907 3 14 1
5212 3 15 1
3016 3 16 1
1883 4 19 1
328 4 18 1
1290 4 17 1
2123 4 14 1
3276 4 15 1
1794 4 16 1
5040 5 19 1
755 5 18 1
1867 5 17 1
3335 5 16 1
1405 5 15 1
5336 0 8 1
2354 0 9 1
711 0 10 1
5654 0 11 1
4441 0 12 1
2590 0 13 1
1606 1 8 1
2945 1 9 1
6161 1 10 1
565 1 11 1
632 1 12 1
714 1 13 1
3104 2 8 1
3766 2 9 1
115 2 10 1
3220 2 11 1
2038 2 12 1
544 2 13 1
6499 3 8 1
3244 3 9 1
679 3 10 1
2140 3 11 1
1525 3 12 1
4636 3 13 1
1797 4 8 1
1041 4 9 1
4875 4 10 1
4572 4 11 1
2522 4 12 1
6399 4 13 1
6066 5 8 1
3347 5 9 1
201 5 10 1
3803 5 11 1
3233 5 12 1
661 5 13 1
2011 5 14 1
584 6 19 1
1385 6 18 1
2501 6 17 1
3363 6 16 1
3408 6 15 1
4417 6 8 1
4696 6 9 1
6587 6 10 1
5868 6 11 1
116 6 12 1
2286 6 13 1
5170 6 14 1
3758 7 19 1
4188 7 18 1
5580 7 17 1
2082 7 16 1
2914 7 15 1
30 7 11 1
1643 7 12 1
4523 7 13 1
1478 7 14 1
2636 8 16 1
3956 8 15 1
4514 8 11 1
4482 8 12 1
4856 8 13 1
6486 8 14 1
5975 9 16 1
1646 9 15 1
4712 12 9 1
4470 12 10 1
541 12 11 1
3537 12 12 1
203 11 9 1
5404 11 10 1
3166 11 11 1
3551 11 12 1
2559 10 9 1
5788 10 10 1
3229 10 11 1
3326 10 12 1
3176 7 9 1
3200 7 10 1
6231 8 9 1
6286 8 10 1
3557 9 9 1
3206 9 10 1
2684 9 11 1
269 9 12 1
1602 9 13 1
5400 9 14 1
5741 8 19 1
3403 8 18 1
1500 8 17 1
410 9 19 1
2565 9 18 1
4415 9 17 1
5923 10 19 1
2186 10 18 1
4894 10 17 1
2982 10 16 1
418 10 15 1
4496 10 13 1
4109 10 14 1
4457 11 19 1
542 11 18 1
6301 11 17 1
1830 11 16 1
4788 11 15 1
4728 12 13 1
4284 11 13 1
2498 11 14 1
4617 12 19 1
3436 12 18 1
435 12 17 1
3351 12 16 1
440 12 15 1
3544 12 14 1
6292 13 19 1
6353 13 18 1
3006 13 17 1
6560 19 19 1
2595 18 19 1
256 17 19 1
444 16 19 1
2483 15 19 1
4853 14 19 1
4162 19 18 1
5402 18 18 1
5715 17 18 1
278 16 18 1
2407 15 18 1
1625 14 18 1
5320 19 17 1
2579 18 17 1
3268 17 17 1
3377 16 17 1
4531 15 17 1
2525 14 17 1
5794 19 16 1
6105 18 16 1
2491 17 16 1
4241 16 16 1
3385 15 16 1
1541 14 16 1
476 13 16 1
401 15 15 1
342 14 15 1
5837 13 15 1
5340 15 14 1
4686 14 14 1
5910 13 14 1
6487 15 13 1
4387 14 13 1
684 13 13 1
3001 19 15 1
169 18 15 1
1593 17 15 1
3665 16 15 1
965 19 14 1
1588 18 14 1
2070 17 14 1
4070 16 14 1
556 19 13 1
559 18 13 1
3084 17 13 1
1624 16 13 1
2165 19 12 1
5796 18 12 1
1048 17 12 1
3289 16 12 1
6096 15 12 1
543 14 12 1
4867 13 12 1
3301 19 11 1
334 18 11 1
4421 17 11 1
5197 16 11 1
2990 15 11 1
3296 14 11 1
482 13 11 1
2421 16 10 1
5025 15 10 1
3183 14 10 1
3666 13 10 1
5664 16 9 1
5154 15 9 1
2549 14 9 1
4845 13 9 1
3159 14 8 1
2699 13 8 1
179 12 8 1
1842 11 8 1
1482 14 7 1
1053 13 7 1
293 12 7 1
4038 11 7 1
5468 19 10 1
2512 18 10 1
936 17 10 1
1917 19 9 1
5814 18 9 1
646 17 9 1
4834 19 8 1
469 18 8 1
1995 17 8 1
4053 16 8 1
1031 15 8 1
3362 19 7 1
5511 18 7 1
3688 17 7 1
868 16 7 1
4310 15 7 1
2093 19 6 1
2985 18 6 1
5497 17 6 1
2235 16 6 1
970 15 6 1
3929 14 6 1
4192 13 6 1
6331 12 6 1
1684 11 6 1
3074 19 0 1
2010 19 1 1
2437 19 2 1
4433 19 3 1
1156 19 4 1
4344 19 5 1
2413 18 0 1
5092 18 1 1
2664 18 2 1
3781 18 3 1
5976 18 4 1
5091 18 5 1
1094 17 0 1
3638 17 1 1
5184 17 2 1
2970 17 3 1
2156 17 4 1
2790 17 5 1
6032 13 0 1
1180 13 1 1
3273 13 2 1
4861 13 3 1
3340 14 0 1
3485 14 1 1
5100 14 2 1
6564 14 3 1
5252 15 0 1
2311 15 1 1
2953 15 2 1
2387 15 3 1
5308 16 0 1
1946 16 1 1
5804 16 2 1
4076 16 3 1
4200 16 4 1
1782 16 5 1
2045 15 4 1
2674 15 5 1
1703 14 4 1
5525 14 5 1
443 13 4 1
1772 13 5 1
5907 12 0 1
2318 12 1 1
2351 12 2 1
1442 12 3 1
4690 12 4 1
2128 12 5 1
326 11 0 1
6071 11 1 1
941 11 2 1
2332 11 3 1
5152 11 4 1
4723 11 5 1
701 10 0 1
4515 10 1 1
2456 10 2 1
5943 10 3 1
2231 10 4 1
1970 10 5 1
2643 9 0 1
6021 9 1 1
1898 9 2 1
1640 9 3 1
1434 9 4 1
3041 9 5 1
2649 8 4 1
3493 8 5 1
4999 7 4 1
5489 7 5 1
1866 6 4 1
3082 6 5 1
25 8 0 1
2118 8 1 1
3415 8 2 1
5138 8 3 1
3724 7 0 1
2210 7 1 1
5171 7 2 1
1446 7 3 1
660 6 0 1
5364 6 1 1
3555 6 2 1
1565 6 3 1
5848 5 0 1
6072 5 1 1
4395 5 2 1
4213 5 3 1
1300 5 4 1
664 5 5 1
212 4 0 1
485 4 1 1
3840 4 2 1
3861 4 3 1
5102 4 4 1
747 4 5 1
37 3 5 1
2743 2 5 1
5768 3 4 1
4142 2 4 1
848 3 3 1
4706 2 3 1
5531 3 2 1
5186 2 2 1
6561 3 1 1
5203 2 1 1
5220 3 0 1
5623 2 0 1
750 3 0 27
1712 3 1 28
4929 3 2 30
2651 3 3 31
5140 3 4 32
5519 4 0 34
4926 4 1 34
2926 4 2 34
3565 4 3 34
2873 4 4 34
6275 5 0 36
3500 5 1 36
2085 5 2 36
4755 6 0 37
291 6 1 37
2443 6 2 37
6166 7 0 38
4398 7 1 38
4408 7 2 38
4927 8 4 39
1667 7 4 39
2571 6 4 39
3741 8 0 39
5591 8 1 39
1356 8 2 39
6527 8 3 39
746 7 3 39
3641 6 3 39
248 5 3 39
330 5 4 39
2749 9 0 40
6089 9 1 40
6221 9 2 40
1700 9 3 40
736 9 4 40
4345 10 0 41
4334 10 1 41
2757 10 2 41
6232 10 3 41
4097 10 4 41
525 11 0 42
859 11 1 42
4991 11 2 42
5333 11 3 42
5131 11 4 42
4331 14 4 43
3598 13 4 43
4063 12 0 43
5398 12 1 43
2241 12 2 43
2785 12 3 43
1925 12 4 43
3023 15 4 44
5485 15 0 45
814 15 1 45
5760 15 2 45
1855 16 0 45
4144 16 1 45
4707 16 2 45
3463 13 0 46
1001 13 1 46
1124 13 2 46
6152 13 3 46
158 14 0 46
3613 14 1 46
2198 14 2 46
987 14 3 46
1183 15 3 46
5012 16 3 46
776 16 4 46
3808 18 0 48
3169 18 1 48
5535 18 2 48
4848 18 3 48
5970 18 4 48
4442 17 0 48
4864 17 1 48
1678 17 2 48
1765 17 3 48
5130 17 4 48
1907 19 0 50
4318 19 1 50
2574 19 2 50
6518 19 3 50
2068 19 4 50
4159 19 5 50
1860 19 7 52
6303 18 7 52
2777 17 7 52
5683 16 7 52
2514 19 6 52
3060 18 6 52
4319 17 6 52
4836 16 6 52
2557 18 5 52
186 19 8 53
5211 18 8 53
3632 19 9 54
811 18 9 54
1278 19 10 55
6031 18 10 55
707 17 10 55
39 17 9 55
118 17 8 55
1408 16 8 55
46 15 8 55
6046 15 7 55
4700 15 6 55
6197 14 6 55
2202 13 6 55
5727 12 6 55
4217 17 5 55
5079 16 9 56
3134 15 9 56
2431 14 9 56
5032 14 8 56
3366 14 7 56
381 13 7 56
2569 12 7 56
4426 16 10 57
2641 15 10 57
2710 14 10 57
1082 19 11 58
1746 18 11 58
834 17 11 58
1857 16 11 58
2508 15 11 58
1942 14 11 58
2683 19 12 59
1775 18 12 59
2229 17 12 59
522 19 14 60
6502 18 14 60
5565 17 14 60
464 19 13 60
630 18 13 60
3790 17 13 60
166 19 15 61
5640 18 15 61
3043 17 15 61
778 16 15 61
5418 16 14 61
154 16 13 61
2921 16 12 61
4191 15 12 61
2950 14 12 61
1564 15 14 62
2949 14 14 62
1457 15 13 62
5879 14 13 62
3419 15 15 63
6476 14 15 63
6171 19 16 65
3013 18 16 65
263 17 16 65
5161 16 16 65
3961 15 16 65
4440 19 17 66
2133 18 17 66
708 17 17 66
367 16 17 66
1248 15 17 66
1455 19 19 67
175 18 19 67
4007 17 19 67
6054 16 19 67
2555 15 19 67
2193 14 19 67
2127 19 18 67
380 18 18 67
83 17 18 67
313 16 18 67
1092 15 18 67
5866 14 18 67
5530 14 17 67
2021 14 16 67
4391 13 19 69
908 13 18 69
6225 13 17 69
2669 13 16 69
1331 13 15 69
3839 12 19 70
1864 12 18 70
5722 12 17 70
3852 12 16 70
5205 12 15 70
63 12 13 71
3888 11 13 71
2751 10 13 72
2653 11 19 72
2930 11 18 72
1036 11 17 72
3354 11 16 72
3266 11 15 72
3225 3 0 72
4210 9 19 74
4275 9 18 74
1047 10 19 74
6469 10 18 74
851 8 19 75
246 8 18 75
2535 8 17 75
608 9 17 75
3378 10 17 75
4819 10 16 75
4278 10 15 75
450 7 9 76
6078 7 10 76
3260 8 9 76
3341 8 10 76
772 9 9 76
1498 9 10 76
2889 9 11 76
6281 10 9 77
138 10 10 77
3243 10 11 77
3811 11 9 78
4770 11 10 78
2494 11 11 78
1637 9 16 79
1392 9 15 79
3237 12 9 79
3685 12 10 79
5874 12 11 79
436 12 12 79
1213 11 12 79
3532 3 2 79
6236 7 11 80
3508 7 12 80
4568 7 13 80
1638 8 16 80
457 8 15 80
2072 8 11 80
4529 8 12 80
547 8 13 80
3 10 12 80
4512 9 12 80
884 9 13 80
843 3 1 80
4189 7 0 81
3872 7 1 81
5295 7 2 81
1660 7 19 82
2974 7 18 82
913 7 17 82
3931 7 16 82
5936 7 15 82
4035 14 0 82
4406 14 1 82
5202 14 2 82
6307 6 8 84
2304 6 9 84
5842 6 10 84
4519 6 11 84
5693 6 12 84
5339 6 13 84
5639 8 0 84
1299 8 1 84
1402 8 2 84
3380 8 3 84
5597 7 3 84
6024 6 19 85
644 6 18 85
496 6 17 85
4778 6 16 85
2600 6 15 85
519 5 8 86
4633 5 9 86
3521 5 10 86
1289 5 11 86
2881 5 12 86
4197 12 0 86
903 12 1 86
4688 12 2 86
3909 12 3 86
3105 12 4 86
2883 4 8 87
1160 4 9 87
926 4 10 87
5269 4 11 87
5600 4 12 87
3092 16 0 87
4062 16 1 87
1470 16 2 87
4646 13 4 88
6148 3 8 89
823 3 9 89
1808 3 10 89
2433 3 11 89
403 3 12 89
1821 2 8 90
510 2 9 90
5754 2 10 90
4199 2 11 90
5996 2 12 90
5179 0 8 91
5881 0 9 91
6002 0 10 91
385 0 11 91
2591 0 12 91
4565 0 13 91
3480 1 8 91
1859 1 9 91
4479 1 10 91
6414 1 11 91
3681 1 12 91
4170 1 13 91
90 2 13 91
2614 3 13 91
3773 4 13 91
1388 5 13 91
2057 19 13 91
5177 18 13 91
1205 17 13 91
2264 6 4 91
1057 5 19 92
2114 5 18 92
6300 5 17 92
1210 18 8 92
2563 6 0 92
2798 6 1 92
6260 6 2 92
6375 4 0 92
1664 4 1 92
4166 4 2 92
977 4 3 92
4685 4 4 92
3646 4 19 93
1367 4 18 93
4059 4 17 93
4932 4 14 93
346 4 15 93
6534 13 1 93
5329 13 2 93
5751 13 3 93
2238 5 2 93
2890 2 19 94
3794 2 18 94
5969 2 17 94
3554 2 14 94
568 2 15 94
2524 3 19 94
1209 3 18 94
4371 3 17 94
1715 3 14 94
2656 3 15 94
691 14 3 94
2689 9 2 94
2917 9 3 94
5846 9 4 94
6407 6 3 94
2356 5 3 94
6233 5 4 94
14223 milli sec 
point:454550
