756
434 5 7 1
5577 5 6 1
4882 5 5 1
2860 5 4 1
2702 5 3 1
550 5 2 1
4327 5 1 1
642 5 0 1
605 6 7 1
47 6 6 1
1502 6 5 1
5611 6 4 1
4496 6 3 1
91 6 2 1
899 6 1 1
279 6 0 1
358 7 7 1
4662 7 6 1
1761 7 5 1
3158 7 4 1
1428 7 3 1
1739 7 2 1
2867 7 1 1
3758 7 0 1
869 8 7 1
4746 8 6 1
5726 8 5 1
776 8 4 1
4996 8 3 1
258 8 2 1
789 8 1 1
4101 8 0 1
4025 0 19 1
2050 0 18 1
3850 0 17 1
1523 0 16 1
451 0 15 1
4831 0 14 1
5566 0 13 1
1598 0 12 1
3041 0 11 1
5446 0 10 1
1854 0 0 1
4763 0 1 1
4665 0 2 1
4279 0 3 1
3619 0 4 1
4737 0 5 1
593 0 6 1
1866 0 7 1
1018 0 8 1
1195 0 9 1
5309 1 19 1
1029 1 18 1
4561 1 17 1
3536 1 16 1
3771 1 15 1
2795 1 14 1
2844 1 13 1
5202 1 12 1
2804 1 11 1
1745 1 10 1
1118 1 0 1
5341 1 1 1
476 1 2 1
2235 1 3 1
5712 1 4 1
62 1 5 1
5434 1 6 1
2658 1 7 1
1533 1 8 1
5164 1 9 1
1333 2 19 1
3449 2 18 1
3406 2 17 1
4317 2 16 1
4153 2 15 1
3369 2 14 1
1485 2 13 1
2534 2 12 1
5343 2 11 1
5125 2 10 1
1313 2 0 1
187 2 1 1
4169 2 2 1
5550 2 3 1
3731 2 4 1
2006 2 5 1
4036 2 6 1
144 2 7 1
4696 2 8 1
3079 2 9 1
2290 7 19 1
4432 6 19 1
2158 5 19 1
3104 4 19 1
3228 3 19 1
2238 7 18 1
5288 6 18 1
3316 5 18 1
3530 4 18 1
92 3 18 1
2219 7 17 1
3101 6 17 1
2788 5 17 1
5563 4 17 1
5409 3 17 1
2958 7 16 1
5701 6 16 1
319 5 16 1
1041 4 16 1
5138 3 16 1
4953 7 15 1
4823 6 15 1
4365 5 15 1
5494 4 15 1
2089 3 15 1
2192 3 14 1
2563 3 13 1
5010 3 12 1
165 3 11 1
588 3 10 1
4535 3 0 1
5771 3 1 1
1753 3 2 1
501 3 3 1
306 3 4 1
852 3 5 1
2304 3 6 1
5334 3 7 1
2005 3 8 1
4196 3 9 1
4962 4 14 1
3097 4 13 1
2326 4 12 1
3066 4 11 1
5146 4 10 1
1341 4 0 1
3019 4 1 1
2180 4 2 1
2646 4 3 1
21 4 4 1
2475 4 5 1
1992 4 6 1
4989 4 7 1
3164 4 8 1
1289 4 9 1
3540 5 14 1
1576 5 13 1
1696 5 12 1
1433 5 11 1
5625 5 10 1
3489 5 9 1
400 5 8 1
914 7 14 1
1826 6 14 1
137 7 13 1
1170 6 13 1
2024 7 12 1
5680 6 12 1
3370 7 11 1
5116 6 11 1
4124 6 10 1
230 6 9 1
631 6 8 1
1769 7 10 1
1207 7 9 1
5194 7 8 1
5554 8 19 1
1562 8 18 1
5558 8 17 1
2748 8 16 1
687 8 15 1
4051 8 14 1
3426 8 13 1
5188 8 12 1
2325 8 11 1
4759 8 10 1
2462 8 9 1
1734 8 8 1
157 9 19 1
4673 9 18 1
886 9 17 1
2877 9 16 1
3807 9 15 1
1969 9 14 1
5733 9 13 1
495 9 12 1
1184 9 11 1
3725 9 10 1
1158 9 9 1
475 9 8 1
1486 9 7 1
5017 9 6 1
2889 9 5 1
1450 9 4 1
2937 9 3 1
918 9 2 1
5648 9 1 1
2789 9 0 1
4656 11 19 1
2401 10 19 1
782 11 18 1
2832 10 18 1
2558 11 17 1
152 10 17 1
2354 11 16 1
3827 10 16 1
198 19 19 1
3572 18 19 1
718 17 19 1
5284 16 19 1
3134 15 19 1
3732 14 19 1
4634 13 19 1
3256 12 19 1
971 19 18 1
3553 18 18 1
4852 17 18 1
277 16 18 1
3340 15 18 1
4719 14 18 1
2616 13 18 1
1849 12 18 1
4724 19 17 1
5142 18 17 1
5616 17 17 1
5251 16 17 1
2837 15 17 1
3411 14 17 1
5075 13 17 1
1232 12 17 1
1440 19 16 1
89 18 16 1
3825 17 16 1
2668 16 16 1
4590 15 16 1
3116 14 16 1
4298 13 16 1
2463 12 16 1
1751 19 15 1
1758 18 15 1
5068 17 15 1
81 16 15 1
4087 15 15 1
191 14 15 1
4844 13 15 1
670 12 15 1
1410 11 15 1
3082 10 15 1
1934 19 14 1
1107 18 14 1
2533 17 14 1
3385 16 14 1
856 15 14 1
3826 14 14 1
4980 13 14 1
2681 12 14 1
4916 11 14 1
3162 10 14 1
2675 19 13 1
4930 18 13 1
5374 17 13 1
1220 16 13 1
2711 15 13 1
659 14 13 1
3120 13 13 1
5730 12 13 1
2178 11 13 1
2803 10 13 1
494 19 12 1
4888 18 12 1
5667 17 12 1
1544 16 12 1
5114 15 12 1
1569 14 12 1
5492 13 12 1
4727 12 12 1
1187 11 12 1
2613 10 12 1
5235 15 11 1
2660 14 11 1
2540 13 11 1
2759 12 11 1
3497 11 11 1
5814 10 11 1
4784 15 10 1
2504 14 10 1
1069 13 10 1
3518 12 10 1
2230 11 10 1
85 10 10 1
3093 15 9 1
5491 14 9 1
2764 13 9 1
2582 12 9 1
2885 11 9 1
1006 10 9 1
5764 15 8 1
737 14 8 1
2516 13 8 1
4017 12 8 1
5505 11 8 1
780 10 8 1
2647 19 11 1
5072 18 11 1
1294 17 11 1
2138 16 11 1
4716 19 10 1
2364 18 10 1
2874 17 10 1
2378 16 10 1
738 19 9 1
3389 18 9 1
2743 17 9 1
4545 16 9 1
935 19 8 1
3109 18 8 1
551 17 8 1
4981 16 8 1
3463 19 7 1
5317 18 7 1
4256 17 7 1
2239 16 7 1
4277 15 7 1
1886 14 7 1
4299 13 7 1
3388 12 7 1
2792 11 7 1
2745 10 7 1
3672 19 6 1
2825 18 6 1
3378 17 6 1
599 16 6 1
1776 15 6 1
101 14 6 1
5757 13 6 1
4814 12 6 1
2934 11 6 1
5666 10 6 1
2266 19 0 1
2022 19 1 1
2116 19 2 1
1095 19 3 1
422 19 4 1
1066 19 5 1
1709 18 0 1
4587 18 1 1
1763 18 2 1
5243 18 3 1
491 18 4 1
1983 18 5 1
4515 17 0 1
256 17 1 1
5386 17 2 1
2404 17 3 1
1335 17 4 1
834 17 5 1
1385 16 0 1
456 16 1 1
4903 16 2 1
1316 16 3 1
3287 16 4 1
5565 16 5 1
721 15 0 1
1416 15 1 1
57 15 2 1
4986 15 3 1
4352 15 4 1
3714 15 5 1
4672 14 0 1
3439 14 1 1
4999 14 2 1
5256 14 3 1
3238 14 4 1
4676 14 5 1
3184 13 0 1
3191 13 1 1
3658 13 2 1
4215 13 3 1
515 13 4 1
1954 13 5 1
711 12 0 1
2854 12 1 1
4505 12 2 1
4721 12 3 1
4092 12 4 1
534 12 5 1
3103 11 0 1
325 11 1 1
5498 11 2 1
1978 11 3 1
5732 11 4 1
4987 11 5 1
1880 10 5 1
5050 10 4 1
1767 10 3 1
5059 10 2 1
442 10 1 1
5399 10 0 1
948 11 0 30
5126 11 1 30
1165 11 2 30
5210 11 3 30
4669 11 4 30
5470 12 0 32
1710 12 1 32
246 12 2 32
2850 12 3 32
5482 12 4 32
3618 13 0 33
1670 13 1 33
2250 13 2 33
4375 13 3 33
5315 13 4 33
2806 14 0 35
3745 14 1 35
2321 14 2 35
3662 14 3 35
4355 14 4 35
1235 15 0 37
4238 15 1 37
1022 15 2 37
3583 15 3 37
3992 15 4 37
4745 16 0 38
56 16 1 38
4248 16 2 38
1869 16 3 38
2186 16 4 38
2438 17 0 40
4402 17 1 40
696 17 2 40
1589 17 3 40
537 17 4 40
3623 18 0 41
1350 18 1 41
1135 18 2 41
3700 18 3 41
479 18 4 41
2124 19 0 42
42 19 1 42
3715 19 2 42
5270 19 3 42
3508 19 4 42
931 19 5 42
4177 18 5 42
4744 17 5 42
1894 16 5 42
1209 15 5 42
336 14 5 42
4459 13 5 42
2283 12 5 42
2645 11 5 42
3220 19 6 44
4546 18 6 44
4468 17 6 44
86 16 6 44
125 15 6 44
4160 14 6 44
4195 13 6 44
1929 12 6 44
4469 11 6 44
4607 19 7 46
3488 18 7 46
398 17 7 46
4698 19 8 47
1790 18 8 47
5621 17 8 47
1408 19 10 48
5471 18 10 48
1127 17 10 48
164 19 9 48
3959 18 9 48
657 17 9 48
962 19 11 49
2624 18 11 49
2496 17 11 49
5247 16 11 49
61 16 10 49
3841 16 9 49
3049 16 8 49
4557 16 7 49
3984 15 7 49
3306 14 7 49
4047 13 7 49
5021 12 7 49
1067 11 7 49
669 15 8 50
3519 14 8 50
3549 13 8 50
694 12 8 50
1905 11 8 50
4341 15 9 51
2450 14 9 51
1942 13 9 51
3910 12 9 51
3584 11 9 51
371 15 10 52
4187 14 10 52
4816 13 10 52
5400 12 10 52
1958 11 10 52
872 15 11 53
790 14 11 53
4384 13 11 53
3814 12 11 53
3775 11 11 53
4289 19 12 54
4491 18 12 54
1725 17 12 54
1532 16 12 54
2622 15 12 54
1848 14 12 54
4134 13 12 54
178 12 12 54
538 11 12 54
933 19 13 55
4711 18 13 55
1419 17 13 55
1956 16 13 55
1997 15 13 55
1458 14 13 55
2891 13 13 55
4227 12 13 55
3017 11 13 55
5262 19 14 57
489 18 14 57
3037 17 14 57
3057 16 14 57
5230 15 14 57
5551 14 14 57
2775 13 14 57
4090 12 14 57
5669 11 14 57
4001 19 16 59
2351 18 16 59
4944 17 16 59
1801 16 16 59
3156 15 16 59
678 14 16 59
4988 13 16 59
4041 19 15 59
3267 18 15 59
2458 17 15 59
2143 16 15 59
2768 15 15 59
5046 14 15 59
2947 13 15 59
771 19 17 61
862 18 17 61
4296 17 17 61
128 16 17 61
3664 15 17 61
751 14 17 61
4627 13 17 61
1991 19 18 62
4876 18 18 62
2418 17 18 62
1885 16 18 62
5253 15 18 62
35 14 18 62
263 13 18 62
2287 11 18 64
4493 11 17 64
4770 11 16 64
835 19 19 64
2125 18 19 64
1680 17 19 64
753 16 19 64
5160 15 19 64
2027 14 19 64
2030 13 19 64
4809 12 19 64
849 12 18 64
4481 12 17 64
1301 12 16 64
1824 11 19 65
5001 10 19 65
4976 10 18 65
1840 10 17 65
3575 10 16 65
252 9 19 68
607 9 18 68
1112 9 17 68
3063 9 16 68
1131 9 15 68
3995 9 14 68
2488 9 13 68
5511 9 12 68
127 9 11 68
3250 9 10 68
4483 9 9 68
4068 8 19 71
725 8 18 71
5462 8 17 71
2964 8 16 71
2783 8 15 71
5444 8 14 71
793 8 13 71
3176 8 12 71
521 8 11 71
5403 8 10 71
2906 8 9 71
3783 7 10 72
2559 7 9 72
107 7 12 73
1295 7 11 73
3851 7 14 74
5770 6 14 74
1900 7 13 74
5763 6 13 74
4811 6 12 74
913 5 14 75
167 5 13 75
4532 5 12 75
3649 5 11 75
2374 5 10 75
5517 4 14 77
1604 4 13 77
2407 4 12 77
4942 4 11 77
3319 4 10 77
2110 4 0 77
3058 4 1 77
580 4 2 77
2088 4 3 77
4644 4 4 77
3750 4 5 77
3483 4 6 77
2075 4 7 77
2627 4 8 77
3263 6 11 77
838 6 10 77
60 6 9 77
2739 3 0 79
1363 3 1 79
2094 3 2 79
5201 3 3 79
5131 3 4 79
2770 3 5 79
1043 3 6 79
2344 3 7 79
5324 3 8 79
100 7 15 80
4232 6 15 80
1917 5 15 80
332 4 15 80
3767 7 16 81
2435 6 16 81
4908 5 16 81
1843 4 16 81
2720 11 0 81
3949 11 1 81
3760 11 2 81
628 11 3 81
3320 11 4 81
4252 7 17 83
1774 6 17 83
578 5 17 83
5073 4 17 83
1655 7 18 84
2445 6 18 84
1518 5 18 84
2605 4 18 84
2736 19 9 84
4019 18 9 84
4743 17 9 84
5246 7 19 85
5585 6 19 85
4162 5 19 85
5292 4 19 85
1595 3 19 85
4221 3 18 85
1228 3 17 85
3091 3 16 85
603 3 15 85
5373 3 14 85
2836 3 13 85
3265 3 12 85
1590 3 11 85
1508 3 10 85
3551 17 13 85
4356 16 13 85
4609 15 13 85
5819 14 13 85
2719 13 13 85
2015 12 13 85
1268 11 13 85
5709 2 0 87
4923 2 1 87
3919 2 2 87
5063 2 3 87
636 2 4 87
1015 2 5 87
221 2 6 87
396 2 7 87
3397 2 8 87
2755 14 0 87
5815 14 1 87
4151 14 2 87
1607 14 3 87
2403 14 4 87
3167 2 19 89
545 2 18 89
4200 2 17 89
2828 2 16 89
5155 2 15 89
2393 2 14 89
4458 2 13 89
37 2 12 89
2095 2 11 89
224 2 10 89
925 1 0 90
1381 1 1 90
93 1 2 90
5684 1 3 90
5130 1 4 90
3728 1 5 90
888 1 6 90
1479 1 7 90
1138 1 8 90
1804 18 7 90
5298 17 7 90
3188 19 15 91
4130 18 15 91
660 17 15 91
490 16 15 91
440 15 15 91
3823 14 15 91
4042 13 15 91
1388 17 14 91
2588 16 14 91
4305 15 14 91
416 14 14 91
2811 13 14 91
2696 12 14 91
1140 11 14 91
1360 1 19 93
2557 1 18 93
4395 1 17 93
1233 1 16 93
3080 1 15 93
380 1 14 93
2765 1 13 93
80 1 12 93
3232 1 11 93
2034 1 10 93
3727 15 1 93
2857 15 2 93
4833 15 3 93
4907 15 4 93
1908 13 1 94
4995 13 2 94
3487 13 3 94
542 13 4 94
12410 milli sec 
point:451850
