735
3503 0 19 1
3436 0 18 1
392 0 17 1
4771 0 16 1
412 0 15 1
2814 0 14 1
387 0 13 1
6573 0 12 1
2637 0 11 1
4705 0 10 1
1610 0 9 1
2586 0 8 1
2559 0 7 1
2557 0 6 1
6060 0 0 1
3379 0 1 1
3542 0 2 1
789 0 3 1
1872 0 4 1
5474 0 5 1
864 1 19 1
1604 1 18 1
5798 1 17 1
2774 1 16 1
3363 1 15 1
921 1 14 1
2601 1 13 1
4388 1 12 1
6510 1 11 1
3705 1 10 1
4129 1 9 1
760 1 8 1
2381 1 7 1
5739 1 6 1
4750 1 0 1
3511 1 1 1
2522 1 2 1
3564 1 3 1
1594 1 4 1
4653 1 5 1
1159 2 19 1
3385 2 18 1
1145 2 17 1
1391 2 16 1
3100 2 15 1
3373 2 14 1
6488 2 13 1
2793 2 12 1
2484 2 11 1
166 2 10 1
1757 2 9 1
5061 2 8 1
2006 2 7 1
6154 2 6 1
4472 2 0 1
151 2 1 1
24 2 2 1
1518 2 3 1
5046 2 4 1
3108 2 5 1
4409 3 19 1
4713 3 18 1
4024 3 17 1
1554 3 16 1
4495 3 15 1
3957 3 14 1
1712 3 13 1
1247 3 12 1
6379 3 11 1
1053 3 10 1
5896 3 9 1
4311 3 8 1
5347 3 7 1
1688 3 6 1
5465 3 0 1
417 3 1 1
1096 3 2 1
6118 3 3 1
5045 3 4 1
4991 3 5 1
2277 19 19 1
4987 18 19 1
4985 17 19 1
4264 16 19 1
2949 15 19 1
2248 14 19 1
307 13 19 1
6043 12 19 1
3940 11 19 1
6231 10 19 1
3058 9 19 1
2433 8 19 1
2164 7 19 1
5340 6 19 1
3010 5 19 1
1681 4 19 1
862 19 18 1
315 18 18 1
2953 17 18 1
3998 16 18 1
2978 15 18 1
2310 14 18 1
1206 13 18 1
949 12 18 1
2405 11 18 1
2972 10 18 1
645 9 18 1
5334 8 18 1
1545 7 18 1
787 6 18 1
88 5 18 1
6503 4 18 1
1466 19 17 1
3944 18 17 1
5563 17 17 1
1246 16 17 1
1786 15 17 1
5189 14 17 1
1337 13 17 1
2686 12 17 1
1250 11 17 1
6177 10 17 1
1047 9 17 1
1816 8 17 1
3587 7 17 1
885 6 17 1
5944 5 17 1
674 4 17 1
5192 19 16 1
4711 18 16 1
4187 17 16 1
4543 16 16 1
850 15 16 1
4590 14 16 1
5473 13 16 1
7 12 16 1
122 11 16 1
4780 10 16 1
5524 9 16 1
2002 8 16 1
6302 7 16 1
2039 6 16 1
2759 5 16 1
57 4 16 1
5088 19 10 1
2435 19 11 1
595 19 12 1
4149 19 13 1
1866 19 14 1
1802 19 15 1
4394 18 10 1
5794 18 11 1
2330 18 12 1
447 18 13 1
5625 18 14 1
3575 18 15 1
112 17 10 1
3566 17 11 1
1252 17 12 1
423 17 13 1
2362 17 14 1
5091 17 15 1
5934 16 10 1
3785 16 11 1
2072 16 12 1
5638 16 13 1
3020 16 14 1
601 16 15 1
4 15 10 1
1321 15 11 1
544 15 12 1
6370 15 13 1
1651 15 14 1
4942 15 15 1
6433 14 10 1
3333 14 11 1
1267 14 12 1
5180 14 13 1
2817 14 14 1
5028 14 15 1
1244 13 10 1
5186 13 11 1
129 13 12 1
1113 13 13 1
1165 13 14 1
4526 13 15 1
4302 12 10 1
4096 12 11 1
89 12 12 1
6172 12 13 1
5009 12 14 1
449 12 15 1
2610 11 10 1
4507 11 11 1
3540 11 12 1
6228 11 13 1
636 11 14 1
813 11 15 1
2011 10 13 1
2336 10 14 1
403 10 15 1
3743 9 13 1
2977 9 14 1
233 9 15 1
2969 8 11 1
4999 8 12 1
5158 8 13 1
1531 8 14 1
2333 8 15 1
6412 7 11 1
1235 7 12 1
1981 7 13 1
490 7 14 1
5404 7 15 1
4238 6 11 1
4436 6 12 1
5819 6 13 1
5780 6 14 1
2206 6 15 1
2652 5 15 1
301 4 15 1
1787 4 14 1
1102 4 13 1
1044 4 12 1
3465 4 11 1
4869 4 10 1
5185 4 9 1
194 4 8 1
2862 4 7 1
4411 4 6 1
36 4 0 1
4812 4 1 1
445 4 2 1
6445 4 3 1
5169 4 4 1
3585 4 5 1
3966 5 14 1
2787 5 13 1
6042 5 12 1
2063 5 11 1
1582 5 10 1
3365 5 9 1
990 5 8 1
2636 5 7 1
1322 5 6 1
2534 5 0 1
1255 5 1 1
4268 5 2 1
1295 5 3 1
2030 5 4 1
1780 5 5 1
4080 6 10 1
505 6 9 1
5403 6 8 1
4379 6 7 1
4047 6 6 1
3598 6 5 1
2209 6 4 1
6015 6 3 1
3423 6 2 1
5664 6 1 1
1716 6 0 1
1500 10 12 1
1343 9 12 1
4800 10 11 1
3959 9 11 1
1374 10 10 1
2897 9 10 1
648 8 10 1
6126 7 10 1
3517 10 9 1
219 9 9 1
3551 8 9 1
1212 7 9 1
948 10 8 1
3233 9 8 1
3367 8 8 1
1154 7 8 1
4312 10 7 1
5151 9 7 1
1516 8 7 1
6423 7 7 1
4950 13 9 1
5322 12 9 1
5488 11 9 1
1311 13 8 1
1249 12 8 1
5491 11 8 1
3961 13 7 1
3750 12 7 1
604 11 7 1
3040 13 6 1
4391 12 6 1
2864 11 6 1
5279 10 6 1
3588 9 6 1
800 8 6 1
123 7 6 1
2128 13 5 1
4784 12 5 1
6327 11 5 1
2520 10 5 1
4179 9 5 1
6324 8 5 1
3675 7 5 1
2120 19 9 1
5011 18 9 1
182 17 9 1
2159 16 9 1
5769 15 9 1
1810 14 9 1
3455 19 8 1
4049 18 8 1
1216 17 8 1
1308 16 8 1
1057 15 8 1
4969 14 8 1
2018 19 7 1
844 18 7 1
3597 17 7 1
3492 16 7 1
1989 15 7 1
5817 14 7 1
547 19 6 1
4693 18 6 1
3137 17 6 1
692 16 6 1
5481 15 6 1
5935 14 6 1
1407 19 5 1
2775 18 5 1
1781 17 5 1
1910 16 5 1
5535 15 5 1
936 14 5 1
3400 19 4 1
6534 18 4 1
4825 17 4 1
5097 16 4 1
3663 15 4 1
1430 14 4 1
771 13 4 1
2373 12 4 1
5460 11 4 1
3240 10 4 1
3414 9 4 1
5975 8 4 1
389 7 4 1
1774 19 3 1
3162 18 3 1
5312 17 3 1
6356 16 3 1
902 15 3 1
6365 14 3 1
255 13 3 1
2870 12 3 1
4790 11 3 1
5775 10 3 1
4116 9 3 1
2106 8 3 1
2356 7 3 1
4777 19 2 1
2230 18 2 1
5552 17 2 1
6540 16 2 1
1864 15 2 1
6041 14 2 1
4396 13 2 1
4234 12 2 1
6026 11 2 1
161 10 2 1
1919 9 2 1
5258 8 2 1
605 7 2 1
6174 19 1 1
5639 18 1 1
1921 17 1 1
617 16 1 1
146 15 1 1
163 14 1 1
5999 13 1 1
1489 12 1 1
1747 11 1 1
1990 10 1 1
1078 9 1 1
995 8 1 1
3163 7 1 1
1951 19 0 1
6085 18 0 1
5017 17 0 1
1276 16 0 1
2826 15 0 1
6426 14 0 1
2017 13 0 1
3700 12 0 1
72 11 0 1
5808 10 0 1
1602 9 0 1
338 8 0 1
3680 7 0 1
3652 19 0 32
5585 18 0 32
5688 17 0 32
6369 16 0 32
3315 15 0 32
2411 14 0 32
356 13 0 32
614 12 0 32
3309 11 0 32
3124 10 0 32
4871 9 0 32
2036 8 0 32
5994 19 1 36
4646 18 1 36
5851 17 1 36
5812 16 1 36
3579 15 1 36
5496 14 1 36
3893 13 1 36
5755 12 1 36
2410 11 1 36
5029 10 1 36
6195 9 1 36
3755 8 1 36
955 19 2 39
2892 18 2 39
2842 17 2 39
2624 16 2 39
1701 15 2 39
3882 14 2 39
2042 13 2 39
1000 12 2 39
1346 11 2 39
2387 10 2 39
599 9 2 39
3433 8 2 39
1375 19 3 42
3272 18 3 42
4350 17 3 42
6005 16 3 42
5921 15 3 42
980 14 3 42
1506 13 3 42
573 12 3 42
1605 11 3 42
841 10 3 42
4990 9 3 42
2109 8 3 42
1803 19 5 45
4287 18 5 45
5426 17 5 45
4280 16 5 45
1436 15 5 45
630 19 4 45
253 18 4 45
5650 17 4 45
5621 16 4 45
2592 15 4 45
1704 19 6 46
231 18 6 46
2600 17 6 46
812 16 6 46
3607 15 6 46
1141 19 7 48
167 18 7 48
3265 17 7 48
3023 16 7 48
1363 15 7 48
4571 19 8 49
691 18 8 49
5712 17 8 49
195 16 8 49
1777 15 8 49
3632 19 9 50
1143 18 9 50
727 17 9 50
4642 16 9 50
1839 15 9 50
3471 14 9 50
66 14 8 50
2295 14 7 50
6204 14 6 50
5301 14 5 50
2912 14 4 50
153 13 4 50
3437 12 4 50
2326 11 4 50
4107 10 4 50
1301 9 4 50
1658 8 4 50
4457 13 5 51
2464 12 5 51
3133 11 5 51
1456 10 5 51
5920 9 5 51
659 8 5 51
2167 13 7 52
96 12 7 52
2161 13 6 52
5692 12 6 52
5687 10 7 53
1275 9 7 53
3411 8 7 53
4958 13 9 53
4875 12 9 53
3380 11 9 53
5584 13 8 53
12 12 8 53
5990 11 8 53
5685 11 7 53
6007 11 6 53
2412 10 6 53
4947 9 6 53
2876 8 6 53
953 10 8 54
5476 9 8 54
4634 8 8 54
3326 10 9 55
1725 9 9 55
2877 8 9 55
815 10 12 56
141 9 12 56
4458 10 11 56
4845 9 11 56
4105 10 10 56
4183 9 10 56
1266 8 10 56
156 7 10 56
3975 7 9 56
4913 7 8 56
74 7 7 56
3595 5 0 58
663 5 1 58
871 5 2 58
6410 5 3 58
1694 5 4 58
6533 6 10 58
5396 6 9 58
2038 6 8 58
3797 6 7 58
2782 6 6 58
3793 5 14 59
2477 5 13 59
1305 5 12 59
943 5 11 59
5528 5 10 59
2296 5 9 59
905 5 8 59
2021 5 7 59
6237 5 6 59
707 4 0 60
4415 4 1 60
2270 4 2 60
5713 4 3 60
5206 4 4 60
2690 7 11 65
106 7 12 65
3021 7 13 65
5502 7 14 65
5936 6 11 65
5257 6 12 65
1685 6 13 65
5478 6 14 65
5318 8 11 66
1918 8 12 66
3866 8 13 66
406 8 14 66
4763 10 13 67
2621 10 14 67
762 9 13 67
2822 9 14 67
606 11 10 69
5949 11 11 69
593 11 12 69
2828 11 13 69
4762 11 14 69
833 12 10 70
837 12 11 70
3073 12 12 70
1752 12 13 70
4912 12 14 70
254 13 10 71
4648 13 11 71
5261 13 12 71
5037 13 13 71
6444 13 14 71
4475 14 10 72
1568 14 11 72
924 14 12 72
849 14 13 72
1177 14 14 72
1949 15 10 74
1082 15 11 74
2207 15 12 74
2670 15 13 74
5329 15 14 74
1156 16 10 75
5043 16 11 75
5030 16 12 75
4123 16 13 75
3394 16 14 75
1501 17 10 76
6158 17 11 76
3178 17 12 76
5917 17 13 76
829 17 14 76
3056 18 10 77
4555 18 11 77
5200 18 12 77
6024 18 13 77
4782 18 14 77
5708 19 10 78
2347 19 11 78
1498 19 12 78
1645 19 13 78
2752 19 14 78
6543 19 15 78
2625 18 15 78
2422 17 15 78
5646 16 15 78
4544 15 15 78
563 14 15 78
2704 19 16 81
4524 18 16 81
3812 17 16 81
4994 16 16 81
3583 15 16 81
6579 14 16 81
5652 13 16 81
4042 12 16 81
5448 11 16 81
950 10 16 81
2896 9 16 81
3767 8 16 81
2365 7 16 81
4061 6 16 81
811 5 16 81
5888 13 8 83
2171 12 8 83
5598 19 17 84
391 18 17 84
230 17 17 84
1871 16 17 84
6271 15 17 84
3795 14 17 84
2196 13 17 84
2740 12 17 84
6136 11 17 84
6263 10 17 84
6349 9 17 84
2160 8 17 84
650 7 17 84
2383 6 17 84
2738 5 17 84
6363 19 18 85
2354 18 18 85
6 17 18 85
4353 16 18 85
6586 15 18 85
3624 14 18 85
4833 13 18 85
4375 12 18 85
2853 11 18 85
4077 10 18 85
5071 9 18 85
5300 8 18 85
5507 7 18 85
3525 6 18 85
2938 5 18 85
3870 13 6 87
4473 12 6 87
982 19 19 90
3063 18 19 90
1607 17 19 90
4283 16 19 90
177 15 19 90
150 14 19 90
3888 13 19 90
6542 12 19 90
809 11 19 90
285 10 19 90
2360 9 19 90
5806 8 19 90
2613 7 19 90
1351 6 19 90
5024 5 19 90
6211 4 19 90
4568 10 10 90
3007 3 0 91
6514 3 1 91
1654 3 2 91
4988 3 3 91
557 3 4 91
6342 2 0 93
3512 2 1 93
6354 2 2 93
1585 2 3 93
3988 2 4 93
5992 3 19 93
2376 3 18 93
3093 3 17 93
2402 3 16 93
1629 3 15 93
20 3 14 93
6221 3 13 93
4627 3 12 93
4842 3 11 93
4867 3 10 93
6131 3 9 93
238 3 8 93
6529 3 7 93
6580 3 6 93
5582 4 18 93
5899 4 17 93
2221 19 4 93
1942 18 4 93
1467 17 4 93
3337 16 4 93
2369 15 4 93
4256 2 19 94
4304 2 18 94
5761 2 17 94
2096 2 16 94
1048 2 15 94
1178 2 14 94
2666 2 13 94
3082 2 12 94
3850 2 11 94
5494 2 10 94
731 2 9 94
710 2 8 94
962 2 7 94
588 2 6 94
6163 4 16 94
3501 4 2 94
13550 milli sec 
point:442550
