748
4530 2 3 1
44 0 3 1
1324 0 2 1
93 0 0 1
2143 0 1 1
5425 1 3 1
1294 1 2 1
3609 1 0 1
1923 1 1 1
1719 2 0 1
2301 2 1 1
4052 2 2 1
3705 3 3 1
5929 3 0 1
365 3 1 1
3647 3 2 1
5607 0 7 1
4934 0 4 1
2156 0 5 1
4128 0 6 1
3807 1 7 1
3512 1 4 1
4902 1 5 1
2336 1 6 1
49 2 7 1
3521 2 6 1
4734 2 5 1
5776 2 4 1
331 3 7 1
5019 3 6 1
5668 3 5 1
5610 3 4 1
1357 0 10 1
217 0 9 1
572 0 8 1
1086 1 10 1
4949 1 9 1
4109 1 8 1
4465 2 10 1
796 2 9 1
4765 2 8 1
1795 3 10 1
4683 3 9 1
3878 3 8 1
1344 4 10 1
4585 4 9 1
5122 4 8 1
5521 5 10 1
804 5 9 1
2449 5 8 1
2140 6 10 1
3822 6 9 1
3479 8 11 1
4641 7 11 1
3272 8 10 1
287 7 10 1
4564 8 9 1
3986 7 9 1
1880 8 8 1
3470 7 8 1
163 6 8 1
1487 0 19 1
1432 0 18 1
327 0 15 1
3935 0 16 1
5611 0 17 1
90 1 19 1
1538 1 18 1
4270 1 15 1
1689 1 16 1
4912 1 17 1
2089 2 19 1
3413 2 18 1
3262 2 15 1
3171 2 16 1
4519 2 17 1
3703 5 19 1
3022 4 19 1
3273 3 19 1
1065 5 18 1
4828 4 18 1
1345 3 18 1
4758 3 17 1
5773 3 15 1
1452 3 16 1
4781 4 17 1
4638 4 16 1
2444 5 17 1
1982 0 11 1
2296 0 12 1
5817 0 13 1
5197 0 14 1
2640 1 11 1
636 1 12 1
2379 1 13 1
2592 1 14 1
1973 2 11 1
4582 2 12 1
4617 2 13 1
4901 2 14 1
1642 3 11 1
2563 3 12 1
3458 3 13 1
3056 3 14 1
3418 4 11 1
2335 4 12 1
1867 4 13 1
1162 4 14 1
965 4 15 1
395 10 13 1
2863 9 13 1
1767 8 13 1
1950 7 13 1
3502 6 13 1
4914 10 12 1
2134 9 12 1
2707 8 12 1
3482 7 12 1
3402 6 11 1
647 6 12 1
2100 5 11 1
5001 5 12 1
4875 5 13 1
4486 5 14 1
1355 5 15 1
312 5 16 1
5753 8 14 1
1222 8 15 1
5589 7 14 1
1793 7 15 1
5476 6 14 1
2809 6 15 1
4750 6 16 1
4870 6 17 1
2276 7 16 1
4869 7 17 1
5282 6 19 1
3058 6 18 1
2966 7 19 1
4690 7 18 1
3480 8 19 1
627 8 18 1
2868 8 16 1
1991 8 17 1
3048 9 19 1
5271 9 18 1
2517 9 14 1
2232 9 15 1
1962 9 16 1
1624 9 17 1
5373 10 19 1
1570 10 18 1
4297 10 14 1
1028 10 15 1
3110 10 16 1
2551 10 17 1
3244 11 19 1
1714 11 18 1
5378 15 19 1
4903 14 19 1
5741 13 19 1
769 12 19 1
1798 15 18 1
1506 14 18 1
4669 13 18 1
1594 12 18 1
4471 15 17 1
5898 14 17 1
2636 13 17 1
2993 12 17 1
1079 11 17 1
1257 12 16 1
418 11 16 1
840 15 16 1
3800 14 16 1
4942 13 16 1
435 16 17 1
3954 16 16 1
3915 17 17 1
585 17 16 1
971 16 19 1
4453 16 18 1
3432 17 19 1
2105 17 18 1
1026 19 19 1
556 18 19 1
2205 19 18 1
3725 18 18 1
4388 19 17 1
5289 18 17 1
4841 19 16 1
1678 18 16 1
46 19 15 1
3747 18 15 1
978 17 15 1
1549 16 15 1
3679 15 15 1
1477 14 15 1
1360 13 15 1
846 12 15 1
1483 11 15 1
858 19 13 1
3805 19 14 1
2306 18 13 1
3778 18 14 1
4771 17 13 1
1457 17 14 1
309 16 13 1
782 16 14 1
1967 15 13 1
1370 15 14 1
1606 14 14 1
3697 13 14 1
5590 12 14 1
2992 11 14 1
2101 14 13 1
3882 13 13 1
501 12 13 1
605 11 13 1
3210 19 9 1
4352 19 10 1
964 19 11 1
749 19 12 1
421 18 9 1
2581 18 10 1
4732 18 11 1
5682 18 12 1
962 17 9 1
3147 17 10 1
3366 17 11 1
993 17 12 1
1087 16 9 1
2225 16 10 1
206 16 11 1
545 16 12 1
4907 13 8 1
148 13 9 1
4807 13 10 1
3621 14 8 1
2397 14 9 1
25 14 10 1
3408 19 8 1
5280 18 8 1
1937 17 8 1
1979 19 7 1
5040 18 7 1
4294 17 7 1
540 19 5 1
827 19 6 1
1898 18 5 1
784 18 6 1
3863 19 2 1
4360 19 3 1
1856 19 4 1
5026 18 2 1
4713 18 3 1
3724 18 4 1
1631 13 3 1
917 13 0 1
5064 13 1 1
1406 13 2 1
5512 14 3 1
3973 14 0 1
1210 14 1 1
623 14 2 1
4624 15 3 1
1121 15 0 1
1414 15 1 1
3389 15 2 1
5279 16 3 1
5796 16 0 1
1311 16 1 1
2458 16 2 1
76 19 0 1
145 19 1 1
5258 18 0 1
2527 18 1 1
2823 17 0 1
1009 17 1 1
4813 17 2 1
1697 17 3 1
2952 17 4 1
4105 17 5 1
2666 17 6 1
3541 16 4 1
1358 16 5 1
891 16 6 1
3235 16 7 1
3867 16 8 1
632 13 4 1
2266 13 5 1
1717 13 6 1
5639 13 7 1
233 15 4 1
3276 14 4 1
1748 14 5 1
2942 14 6 1
4293 14 7 1
1687 15 5 1
4508 15 6 1
1334 15 7 1
2792 15 8 1
1254 15 9 1
867 15 10 1
4341 15 11 1
1770 15 12 1
2253 14 11 1
3209 14 12 1
291 13 11 1
1554 13 12 1
2928 12 12 1
218 11 12 1
3201 12 11 1
3976 11 11 1
2212 10 11 1
1411 9 11 1
4076 12 10 1
3498 11 10 1
2263 10 10 1
3128 9 10 1
4697 12 9 1
2088 11 9 1
4504 10 9 1
2969 9 9 1
2703 12 8 1
4227 11 8 1
2264 10 8 1
4563 9 8 1
1336 12 7 1
451 11 7 1
630 10 7 1
2647 9 7 1
5357 8 7 1
4236 7 7 1
4088 6 7 1
3443 5 7 1
2073 4 7 1
4239 12 5 1
1916 12 6 1
3618 11 5 1
526 11 6 1
2069 10 5 1
4884 10 6 1
1134 9 5 1
4418 9 6 1
4920 8 6 1
1782 7 6 1
1284 6 6 1
1314 5 6 1
4281 4 6 1
4658 4 5 1
2227 4 4 1
232 4 3 1
4112 4 0 1
5675 4 1 1
2538 4 2 1
4243 8 5 1
1659 7 5 1
5659 6 5 1
3303 5 5 1
389 8 4 1
3721 7 3 1
4160 7 4 1
5805 6 3 1
5691 6 4 1
1364 5 4 1
4936 5 3 1
45 5 2 1
1318 5 1 1
5928 5 0 1
2162 6 2 1
1829 6 1 1
5859 6 0 1
2153 7 2 1
3674 7 1 1
3642 7 0 1
5565 8 2 1
2599 8 3 1
1997 12 4 1
1040 11 4 1
2270 10 4 1
4980 9 4 1
4242 12 3 1
4635 11 3 1
5408 10 3 1
4888 9 3 1
5908 12 2 1
4406 11 2 1
5068 10 2 1
602 9 2 1
2409 12 1 1
42 11 1 1
4249 10 1 1
3663 9 1 1
3394 8 1 1
2719 12 0 1
994 11 0 1
2495 10 0 1
4735 9 0 1
3810 8 0 1
2463 12 0 27
250 11 0 27
1430 10 0 27
2393 9 0 27
197 12 1 30
390 11 1 30
2722 10 1 30
912 12 2 31
231 11 2 31
121 10 2 31
4752 12 3 32
4404 11 3 32
1003 10 3 32
3761 8 3 33
437 12 4 33
3785 11 4 33
3261 10 4 33
4102 9 4 33
4842 9 3 33
2479 9 2 33
5070 9 1 33
4809 7 2 34
938 7 1 34
4167 8 2 34
5163 6 2 35
404 6 1 35
3362 6 3 37
2971 8 4 38
4633 7 3 38
3320 7 4 38
3958 6 4 38
5807 4 0 39
1595 4 1 39
2547 8 5 39
1497 7 5 39
4666 6 5 39
1308 5 5 39
3848 5 4 39
4586 5 3 39
3126 12 5 42
4190 12 6 42
4976 11 5 42
4296 11 6 42
3518 10 5 42
3100 10 6 42
4720 9 5 42
1540 9 6 42
1356 8 6 42
4142 7 6 42
5971 6 6 42
1604 5 6 42
2611 12 7 45
5572 11 7 45
2214 10 7 45
3108 12 9 46
3104 11 9 46
2131 10 9 46
313 12 8 46
5968 11 8 46
3000 10 8 46
2603 12 10 47
5007 11 10 47
295 10 10 47
4397 12 11 48
2648 14 11 49
388 13 11 49
2498 15 5 51
2584 15 6 51
1732 15 4 52
3556 14 4 52
2112 14 5 52
857 14 6 52
3960 13 4 53
1781 13 5 53
3766 13 6 53
5795 13 7 53
2349 16 4 54
4536 16 5 54
5742 19 0 55
4863 19 1 55
5870 18 0 55
1292 18 1 55
3651 17 0 55
2375 17 1 55
5142 14 7 55
2453 15 7 55
2907 16 3 56
5383 16 0 56
797 16 1 56
4364 15 3 57
1235 15 0 57
2841 15 1 57
4452 13 3 58
5144 13 0 58
3749 13 1 58
2519 13 2 58
3595 14 3 58
3953 14 0 58
2632 14 1 58
3448 14 2 58
5623 15 2 58
5153 16 2 58
875 17 2 58
5488 17 3 58
1509 18 5 60
3668 19 2 60
5334 19 3 60
3590 19 4 60
3999 18 2 60
1552 18 3 60
2786 18 4 60
2239 17 4 60
1233 17 5 60
5520 19 7 61
2833 18 7 61
639 19 5 61
3006 19 6 61
4415 18 6 61
1388 13 8 62
3466 13 9 62
3829 13 10 62
516 14 8 62
5582 14 9 62
2583 14 10 62
2226 19 8 62
966 18 8 62
2847 17 8 62
5932 17 7 62
1444 17 6 62
1590 16 6 62
3753 16 7 62
97 16 8 62
590 15 8 62
1562 15 9 62
2457 15 10 62
4272 15 11 62
3031 16 9 63
868 16 10 63
1516 16 11 63
4827 18 9 64
2216 18 10 64
1729 18 11 64
3684 17 9 64
5709 17 10 64
3737 17 11 64
5050 19 9 65
1272 19 10 65
428 19 11 65
1999 19 12 65
2126 18 12 65
3560 17 12 65
706 16 12 65
3287 15 13 66
5679 14 13 66
2014 13 13 66
5057 12 13 66
1958 19 13 67
3956 19 14 67
4625 18 13 67
2258 18 14 67
5291 17 13 67
405 17 14 67
3270 16 13 67
443 16 14 67
4071 15 14 67
21 14 14 67
1633 13 14 67
2507 12 14 67
922 19 18 69
4229 19 17 69
3380 19 16 69
4178 19 15 69
2715 17 19 70
1601 19 19 70
3797 18 19 70
866 15 16 71
4808 14 16 71
1953 13 16 71
5873 16 17 71
3160 16 16 71
2130 17 17 71
1328 17 16 71
2869 16 19 71
1456 16 18 71
1534 17 18 71
4570 18 18 71
3168 18 17 71
5637 18 16 71
485 18 15 71
653 17 15 71
4191 16 15 71
2039 15 15 71
5242 14 15 71
3889 13 15 71
2610 12 15 71
4460 15 17 72
4893 14 17 72
3792 13 17 72
4181 12 16 72
2568 15 18 73
3699 14 18 73
4484 13 18 73
2396 11 19 74
2275 11 18 74
730 15 19 74
2441 14 19 74
5140 13 19 74
1796 12 19 74
5513 12 18 74
2552 12 17 74
4798 10 19 75
5578 10 18 75
424 10 14 75
1635 10 15 75
5828 10 16 75
5917 8 16 76
1584 9 19 76
5155 9 18 76
472 9 14 76
1278 9 15 76
4900 9 16 76
3837 7 16 77
3484 6 19 77
3359 6 18 77
3575 7 19 77
2040 7 18 77
3386 8 19 77
2087 8 18 77
1712 7 14 78
2207 6 14 78
4355 11 3 78
954 10 3 78
1822 6 11 79
3588 5 11 79
5210 8 14 79
2934 8 15 79
5823 7 15 79
4946 6 15 79
1713 11 1 79
431 10 1 79
1230 10 12 80
104 9 12 80
4208 8 12 80
5617 7 12 80
1577 10 13 81
3073 9 13 81
5009 8 13 81
3414 7 13 81
3119 6 13 81
722 6 12 81
1787 5 12 81
1524 5 13 81
249 5 14 81
737 8 5 81
3516 7 5 81
4328 6 5 81
5606 5 5 81
4699 4 11 82
715 4 12 82
2326 4 13 82
3602 3 11 83
305 3 12 83
3834 3 13 83
2155 2 11 84
2150 2 12 84
5399 2 13 84
5509 4 17 85
833 5 17 85
5226 0 11 85
587 0 12 85
5314 0 13 85
1123 0 14 85
3060 1 11 85
4194 1 12 85
1213 1 13 85
536 1 14 85
4948 2 14 85
413 3 14 85
593 4 14 85
2340 4 15 85
850 5 15 85
1764 3 15 86
4573 5 18 87
4639 4 18 87
5025 2 15 88
513 2 16 88
3419 5 19 88
5377 4 19 88
4662 3 19 88
3284 3 18 88
4211 1 15 89
3750 1 16 89
5448 2 19 89
1317 2 18 89
1558 12 8 89
39 11 8 89
4319 10 8 89
4657 0 19 90
2024 0 18 90
1922 0 15 90
3373 0 16 90
1466 0 17 90
512 1 19 90
819 1 18 90
3962 1 17 90
5270 2 17 90
1265 3 17 90
1092 3 16 90
3172 4 16 90
332 8 2 90
5166 8 10 91
1741 8 9 91
5438 8 8 91
3065 19 8 91
741 18 8 91
3062 17 8 91
4224 18 2 91
2673 18 3 91
4289 6 10 92
2619 6 9 92
5024 8 11 92
2299 7 11 92
3932 7 10 92
3528 7 9 92
1734 7 8 92
662 4 10 93
4537 4 9 93
387 5 10 93
4895 5 9 93
5695 14 8 93
3309 14 9 93
2426 14 10 93
1107 10 7 93
1157 4 0 93
1792 4 1 93
1486 7 2 93
1416 7 1 93
1986 12 4 93
87 11 4 93
2116 10 4 93
4608 9 4 93
2055 3 10 94
4138 3 9 94
5036 5 16 94
5249 6 16 94
584 6 17 94
913 7 17 94
1970 14 0 94
12717 milli sec 
point:446025
