767
3302 0 9 1
4168 0 8 1
1216 0 7 1
4357 0 6 1
4035 0 5 1
2551 0 4 1
1339 0 0 1
736 0 1 1
4964 0 2 1
4218 0 3 1
2486 1 9 1
3733 1 8 1
445 1 7 1
4450 1 6 1
1605 1 5 1
1426 1 4 1
5127 1 0 1
1443 1 1 1
3593 1 2 1
5232 1 3 1
258 2 9 1
261 2 8 1
6074 2 7 1
2550 2 6 1
2345 2 5 1
1891 2 4 1
5895 2 0 1
4647 2 1 1
5280 2 2 1
1435 2 3 1
6117 3 8 1
1248 3 7 1
5940 3 6 1
1276 3 5 1
4824 3 4 1
2720 3 3 1
2533 3 2 1
424 3 1 1
4484 3 0 1
2855 4 8 1
405 4 7 1
5954 4 6 1
3215 4 5 1
5210 4 4 1
2038 4 3 1
2213 4 2 1
1049 4 1 1
1291 4 0 1
3094 5 8 1
98 5 7 1
3530 5 6 1
1574 5 5 1
3606 5 4 1
4058 5 3 1
899 5 2 1
4365 5 1 1
414 5 0 1
305 7 8 1
396 6 8 1
1323 7 7 1
3998 6 7 1
5033 7 6 1
5947 6 6 1
554 7 5 1
4046 6 5 1
3650 7 4 1
5344 6 4 1
3869 6 3 1
162 6 2 1
4473 6 1 1
5206 6 0 1
3719 7 3 1
6023 7 2 1
5342 7 1 1
986 7 0 1
5584 8 8 1
5836 8 7 1
1544 8 6 1
553 8 5 1
4822 8 4 1
2372 8 3 1
1951 8 2 1
3085 8 1 1
5354 8 0 1
5970 0 10 1
3095 0 11 1
4840 0 12 1
1200 1 10 1
2478 1 11 1
4597 1 12 1
43 2 10 1
1976 2 11 1
3017 2 12 1
3667 3 14 1
1419 3 13 1
3974 3 9 1
2954 3 10 1
1265 3 11 1
3929 3 12 1
3403 0 19 1
5542 0 18 1
1666 0 17 1
3229 0 16 1
2396 0 13 1
5594 0 14 1
1787 0 15 1
5374 1 19 1
3720 1 18 1
1734 1 17 1
160 1 16 1
1307 1 13 1
2515 1 14 1
2608 1 15 1
6106 2 19 1
3961 2 18 1
4398 2 17 1
5927 2 16 1
2002 2 13 1
557 2 14 1
5548 2 15 1
564 3 19 1
756 3 18 1
5305 3 17 1
1657 3 16 1
4890 3 15 1
4332 4 19 1
2562 4 18 1
1204 4 17 1
2344 4 16 1
5696 4 15 1
4961 4 14 1
2784 4 13 1
1172 4 9 1
1179 4 10 1
1952 4 11 1
5099 4 12 1
2231 5 19 1
5609 5 18 1
2573 5 17 1
2879 8 19 1
4580 7 19 1
5732 6 19 1
100 8 18 1
777 7 18 1
5553 6 18 1
1979 8 17 1
5857 7 17 1
281 6 17 1
157 8 16 1
3853 7 16 1
5597 6 16 1
1156 5 16 1
1249 8 15 1
4343 7 15 1
1441 6 15 1
1573 5 15 1
3545 8 14 1
2240 7 14 1
3427 6 14 1
2731 5 14 1
5375 5 13 1
2364 5 12 1
4159 5 11 1
5793 5 10 1
3013 5 9 1
3449 6 13 1
1795 6 12 1
960 6 11 1
3832 6 10 1
5201 6 9 1
4941 7 13 1
428 7 12 1
640 7 11 1
4408 7 10 1
2387 7 9 1
1274 8 13 1
6012 8 12 1
2145 8 11 1
2365 8 10 1
981 8 9 1
4396 9 11 1
1363 9 10 1
2455 9 9 1
4668 9 19 1
2694 9 18 1
5929 9 17 1
578 9 16 1
4271 9 15 1
3475 9 14 1
1591 9 13 1
3117 9 12 1
5068 10 19 1
5846 10 18 1
1385 10 17 1
2099 10 16 1
4045 10 15 1
4338 10 14 1
188 10 13 1
4572 10 12 1
2308 10 11 1
5897 10 10 1
251 10 9 1
713 13 19 1
3834 12 19 1
432 11 19 1
5757 13 18 1
6005 12 18 1
3291 11 18 1
5573 13 17 1
2352 12 17 1
5413 11 17 1
5104 13 16 1
4839 12 16 1
1686 11 16 1
1394 13 15 1
1251 12 15 1
1423 11 15 1
5164 13 14 1
2272 12 14 1
2795 11 14 1
2878 13 13 1
1326 12 13 1
1901 11 13 1
4435 13 12 1
2953 12 12 1
3598 11 12 1
3564 13 11 1
2467 12 11 1
4899 11 11 1
707 13 10 1
3064 12 10 1
3945 11 10 1
4404 13 9 1
335 12 9 1
5311 11 9 1
5624 14 14 1
1741 14 13 1
5697 14 12 1
2679 14 11 1
3604 14 10 1
5643 14 9 1
4859 15 14 1
4846 15 13 1
1540 14 16 1
5270 14 15 1
2721 15 16 1
4856 15 15 1
2456 16 16 1
318 16 15 1
1776 16 14 1
4480 16 13 1
3994 14 19 1
5130 14 18 1
5055 14 17 1
1629 15 19 1
5519 15 18 1
5493 15 17 1
3393 16 19 1
4200 16 18 1
4483 16 17 1
5470 19 19 1
5224 18 19 1
4887 17 19 1
2042 19 18 1
4142 18 18 1
1381 17 18 1
3932 19 17 1
5182 18 17 1
1127 17 17 1
5956 19 16 1
4714 18 16 1
5879 17 16 1
4187 19 15 1
834 18 15 1
2029 17 15 1
940 19 14 1
4368 18 14 1
5587 17 14 1
2442 19 13 1
4060 18 13 1
4412 17 13 1
3852 19 12 1
2943 18 12 1
4989 17 12 1
728 16 12 1
1460 15 12 1
3380 19 11 1
2041 18 11 1
4389 17 11 1
2827 16 11 1
478 15 11 1
5050 19 10 1
4920 18 10 1
146 17 10 1
1603 16 10 1
1535 15 10 1
717 19 9 1
4341 18 9 1
2836 17 9 1
4797 16 9 1
1180 15 9 1
5750 19 8 1
3444 18 8 1
2232 17 8 1
4433 16 8 1
239 15 8 1
3532 14 8 1
2329 13 8 1
4319 12 8 1
5707 11 8 1
4214 10 8 1
3569 9 8 1
3014 19 4 1
5198 19 5 1
2169 19 6 1
1133 19 7 1
1175 18 4 1
2444 18 5 1
2927 18 6 1
4314 18 7 1
4976 17 4 1
5918 17 5 1
5545 17 6 1
1407 17 7 1
4881 16 7 1
3981 15 7 1
4076 14 7 1
2512 13 7 1
525 12 7 1
3443 11 7 1
1511 10 7 1
5822 9 7 1
4019 16 6 1
5950 15 6 1
212 14 6 1
3536 13 6 1
1609 12 6 1
4011 11 6 1
4002 10 6 1
3718 9 6 1
457 19 0 1
453 19 1 1
3661 19 2 1
374 19 3 1
5701 18 0 1
2590 18 1 1
2419 18 2 1
4796 18 3 1
2123 17 0 1
1229 17 1 1
1137 17 2 1
186 17 3 1
2799 16 0 1
1165 16 1 1
3341 16 2 1
3820 16 3 1
4871 16 4 1
2970 16 5 1
4009 15 0 1
4942 15 1 1
3367 15 2 1
5577 15 3 1
2841 15 4 1
2762 15 5 1
1658 14 0 1
2880 14 1 1
584 14 2 1
4592 14 3 1
3855 14 4 1
5656 14 5 1
851 13 5 1
5872 12 5 1
5356 11 5 1
2406 10 5 1
3729 9 5 1
2353 13 4 1
3073 12 4 1
3933 11 4 1
568 10 4 1
5786 9 4 1
1424 13 0 1
241 13 1 1
1820 13 2 1
2653 13 3 1
837 12 0 1
1674 12 1 1
4776 12 2 1
659 12 3 1
5469 11 0 1
1493 11 1 1
5552 11 2 1
5 11 3 1
5908 10 0 1
747 10 1 1
4632 10 2 1
4369 10 3 1
661 9 3 1
2114 9 2 1
293 9 1 1
1576 9 0 1
5461 10 0 29
2660 10 1 29
5520 10 2 29
5138 11 0 31
1050 11 1 31
5157 11 2 31
5101 13 0 34
2834 13 1 34
2865 13 2 34
6096 13 3 34
5975 12 0 34
5714 12 1 34
2857 12 2 34
3955 12 3 34
5778 11 3 34
2848 10 3 34
1585 13 4 36
5062 12 4 36
3772 11 4 36
5944 10 4 36
925 14 0 39
6064 14 1 39
884 14 2 39
5661 14 3 39
4465 14 4 39
746 15 0 40
5168 15 1 40
5156 15 2 40
112 15 3 40
221 15 4 40
4922 16 0 41
2896 16 1 41
3268 16 2 41
5293 18 0 43
3681 18 1 43
3297 18 2 43
2284 17 0 43
1841 17 1 43
1761 17 2 43
4754 19 0 44
2296 19 1 44
4837 19 2 44
4710 19 3 44
3162 18 3 44
1798 17 3 44
5443 16 3 44
3690 16 4 44
109 16 5 44
4841 15 5 44
3463 14 5 44
881 13 5 44
5543 12 5 44
2661 11 5 44
3022 10 5 44
2838 16 6 46
5264 15 6 46
3682 14 6 46
1417 13 6 46
809 12 6 46
3346 11 6 46
3311 10 6 46
907 17 4 48
5998 17 5 48
603 17 6 48
2397 19 4 49
1796 19 5 49
4536 19 6 49
547 19 7 49
4220 18 4 49
317 18 5 49
3459 18 6 49
4990 18 7 49
3105 17 7 49
2962 16 7 49
5257 15 7 49
449 14 7 49
3745 13 7 49
592 12 7 49
4844 11 7 49
3394 10 7 49
1397 19 8 52
5722 18 8 52
4366 17 8 52
3563 16 8 52
1922 19 9 53
2903 18 9 53
249 17 9 53
4245 16 9 53
4180 19 10 54
2753 18 10 54
1713 17 10 54
4607 16 10 54
1400 19 12 55
5162 18 12 55
4234 19 11 55
5511 18 11 55
5046 17 11 55
2628 16 11 55
358 19 14 57
3698 18 14 57
5706 19 13 57
3833 18 13 57
6073 19 16 58
3581 18 16 58
5490 19 15 58
4 18 15 58
2314 19 18 59
298 18 18 59
1859 19 17 59
2465 18 17 59
4646 19 19 60
1393 18 19 60
4315 17 19 60
3128 15 19 61
406 15 18 61
5225 16 19 61
1563 16 18 61
963 17 18 61
1530 14 19 62
4548 14 18 62
5372 14 17 62
3387 15 17 62
3385 16 17 62
3178 17 17 62
975 17 16 62
1489 17 15 62
310 17 14 62
4298 15 14 63
1496 15 13 63
2318 14 16 63
3316 14 15 63
4362 15 16 63
4907 15 15 63
206 16 16 63
4400 16 15 63
4596 16 14 63
224 16 13 63
4709 17 13 63
2885 17 12 63
1597 16 12 63
4555 15 12 63
4082 15 11 63
4705 15 10 63
3432 13 11 66
2464 12 11 66
6084 13 10 66
2617 12 10 66
2078 13 9 66
4546 12 9 66
2023 14 14 66
2244 14 13 66
3166 14 12 66
4101 14 11 66
5392 14 10 66
5081 14 9 66
4792 13 14 67
3971 12 14 67
1697 13 13 67
4197 12 13 67
1550 13 12 67
267 12 12 67
1962 13 16 68
3801 12 16 68
5240 13 15 68
3454 12 15 68
5946 13 19 69
1406 12 19 69
585 11 19 69
210 13 18 69
745 12 18 69
1330 11 18 69
2937 13 17 69
3275 12 17 69
1914 11 17 69
2581 11 16 69
5690 11 15 69
548 11 14 69
1487 11 13 69
3543 11 12 69
4653 11 11 69
2320 11 10 69
4008 10 19 71
2518 10 18 71
5845 10 17 71
427 10 16 71
2509 10 15 71
4466 10 14 71
350 10 13 71
2057 9 19 72
2854 9 18 72
3553 9 17 72
3778 9 16 72
5412 9 15 72
2775 9 14 72
5606 9 13 72
4356 9 12 72
5513 10 12 72
810 10 11 72
4354 10 10 72
3180 8 13 73
2150 8 12 73
801 8 11 73
1078 8 10 73
5784 9 11 73
5581 9 10 73
888 7 13 74
3213 7 12 74
1682 7 11 74
2776 7 10 74
1018 6 13 76
3020 6 12 76
68 6 11 76
1283 6 10 76
2973 8 15 77
6114 7 15 77
3130 6 15 77
4996 8 14 77
3120 7 14 77
5785 6 14 77
4875 8 16 78
2494 7 16 78
4253 8 17 79
2483 7 17 79
5544 8 19 80
3492 7 19 80
1656 6 19 80
6002 8 18 80
5882 7 18 80
3260 6 18 80
3828 6 17 80
5506 6 16 80
3748 4 9 81
3150 4 10 81
2082 4 11 81
741 5 19 81
3838 5 18 81
4013 5 17 81
5741 5 16 81
5440 5 15 81
4834 5 14 81
1100 5 13 81
3654 4 19 82
3914 4 18 82
2610 4 17 82
493 4 16 82
4704 3 19 83
1344 3 18 83
1818 3 17 83
608 3 16 83
4780 2 13 84
5629 2 14 84
2858 1 19 85
2253 1 18 85
5794 1 17 85
4452 1 16 85
3996 1 13 85
2908 1 14 85
4736 2 19 85
1001 2 18 85
5322 2 17 85
3156 2 16 85
4730 19 0 85
2710 19 1 85
3956 19 2 85
4021 19 3 85
4867 17 0 85
1972 17 1 85
2606 17 2 85
5887 12 0 85
3602 12 1 85
5925 12 2 85
5029 0 19 86
3888 0 18 86
334 0 17 86
3585 0 16 86
225 0 13 86
824 0 14 86
2400 0 15 86
1881 1 15 86
6079 2 15 86
1988 3 15 86
5682 4 15 86
3484 4 14 86
5315 4 13 86
3271 2 10 87
1464 2 11 87
1305 3 14 87
1217 3 13 87
1132 3 9 87
4105 3 10 87
4991 3 11 87
1581 11 1 87
336 11 2 87
5765 0 10 88
3885 0 11 88
3436 0 12 88
4131 1 10 88
5307 1 11 88
5986 1 12 88
1294 2 12 88
1877 3 12 88
4510 7 3 89
611 7 2 89
1569 7 1 89
1955 8 8 89
3148 8 7 89
430 8 6 89
5843 8 5 89
5777 8 4 89
593 8 3 89
6025 8 2 89
1766 8 1 89
3634 7 5 90
4849 7 4 90
214 18 4 90
3685 18 5 90
2919 18 6 90
5429 18 1 90
1296 18 2 90
886 7 7 91
6047 7 6 91
1007 19 11 91
3377 18 11 91
3625 17 11 91
4651 16 11 91
5739 7 8 92
2931 6 8 92
3821 6 7 92
1992 6 6 92
3371 6 5 92
1812 6 4 92
1462 6 3 92
763 6 2 92
4744 6 1 92
4928 4 12 92
5637 19 17 92
3854 18 17 92
3206 19 12 92
1753 18 12 92
2534 18 3 92
5780 17 3 92
5432 5 8 93
2847 5 7 93
3483 5 6 93
4719 5 5 93
1738 5 4 93
4581 5 3 93
47 5 2 93
2598 5 1 93
895 12 18 93
2220 11 18 93
3336 13 17 93
4347 12 17 93
3750 11 17 93
1223 14 17 93
1040 16 10 93
5446 16 2 93
5482 16 3 93
715 16 4 93
4179 16 5 93
4998 12 4 93
3601 11 4 93
3198 10 4 93
4038 13 1 93
2997 13 2 93
1128 13 3 93
5973 12 3 93
12914 milli sec 
point:460175
