745
524 0 6 1
3530 0 5 1
4819 0 4 1
4101 0 3 1
5310 0 2 1
1830 0 1 1
560 0 0 1
5060 1 6 1
3666 1 5 1
5130 1 4 1
5036 1 3 1
2778 1 2 1
4769 1 1 1
5042 1 0 1
1542 2 6 1
1483 2 5 1
1894 2 4 1
1366 2 3 1
824 2 2 1
1079 2 1 1
5091 2 0 1
1549 0 13 1
4504 0 12 1
1543 0 11 1
1941 0 7 1
4720 0 8 1
3295 0 9 1
5209 0 10 1
1943 1 13 1
1461 1 12 1
1361 1 11 1
3849 1 7 1
3995 1 8 1
47 1 9 1
3634 1 10 1
1871 2 13 1
2189 2 12 1
2439 2 11 1
2617 2 7 1
3287 2 8 1
972 2 9 1
1214 2 10 1
3965 3 13 1
1017 3 12 1
2694 3 11 1
4212 3 7 1
1043 3 8 1
4747 3 9 1
3319 3 10 1
4165 4 15 1
1060 4 14 1
2667 4 13 1
3782 4 12 1
5265 4 11 1
3387 4 7 1
3698 4 8 1
3585 4 9 1
603 4 10 1
4523 0 19 1
3510 0 18 1
1796 0 17 1
3939 0 14 1
2425 0 15 1
4107 0 16 1
1957 1 19 1
2526 1 18 1
4661 1 17 1
1698 1 14 1
3141 1 15 1
3499 1 16 1
2137 2 19 1
5195 2 18 1
2158 2 17 1
1578 2 14 1
1021 2 15 1
739 2 16 1
1588 3 19 1
2300 3 18 1
542 3 17 1
4348 3 14 1
5303 3 15 1
2772 3 16 1
5256 4 19 1
4448 4 18 1
1195 4 17 1
4015 4 16 1
438 5 19 1
4188 5 18 1
1885 5 17 1
557 5 16 1
2348 9 19 1
1638 8 19 1
718 7 19 1
173 6 19 1
380 9 18 1
163 8 18 1
513 7 18 1
764 6 18 1
4725 9 17 1
112 8 17 1
4696 7 17 1
90 6 17 1
1825 9 16 1
1245 8 16 1
3180 7 16 1
5229 6 16 1
5109 9 15 1
4321 8 15 1
1845 7 15 1
273 6 15 1
4180 5 15 1
1439 9 14 1
930 8 14 1
1355 7 14 1
4270 6 14 1
3597 5 14 1
596 9 13 1
3697 8 13 1
2014 7 13 1
4384 6 13 1
4706 5 13 1
2892 6 12 1
1114 5 12 1
1416 8 12 1
4707 7 12 1
4125 8 11 1
5240 7 11 1
451 6 11 1
689 5 11 1
457 8 10 1
2708 7 10 1
2658 6 10 1
1020 5 10 1
641 8 9 1
587 7 9 1
3370 6 9 1
35 5 9 1
2763 8 8 1
5083 7 8 1
1791 6 8 1
172 5 8 1
1288 19 19 1
2118 18 19 1
4367 17 19 1
1815 16 19 1
4305 15 19 1
3464 14 19 1
4251 13 19 1
2368 12 19 1
2785 11 19 1
1456 10 19 1
5163 19 18 1
4495 18 18 1
1528 17 18 1
726 16 18 1
716 15 18 1
4623 14 18 1
4284 13 18 1
1727 12 18 1
2152 11 18 1
4333 10 18 1
1478 19 17 1
2435 18 17 1
2618 17 17 1
1560 16 17 1
5248 15 17 1
4684 14 17 1
2078 13 17 1
3033 12 17 1
2850 11 17 1
1379 10 17 1
3873 19 16 1
2782 18 16 1
3433 17 16 1
1948 16 16 1
5242 15 16 1
4159 14 16 1
1895 13 16 1
1921 12 16 1
4265 11 16 1
5134 10 16 1
2102 19 15 1
1250 18 15 1
3245 17 15 1
4126 16 15 1
4319 15 15 1
1590 14 15 1
2395 13 15 1
2720 12 15 1
3984 11 15 1
1981 10 15 1
1644 19 10 1
5086 19 11 1
959 19 12 1
3905 19 13 1
1535 19 14 1
1877 18 10 1
483 18 11 1
3361 18 12 1
4432 18 13 1
4106 18 14 1
3793 17 10 1
4757 17 11 1
2754 17 12 1
4847 17 13 1
5344 17 14 1
454 16 10 1
2216 16 11 1
1284 16 12 1
1156 16 13 1
2490 16 14 1
4947 15 10 1
1587 15 11 1
4994 15 12 1
1386 15 13 1
3872 15 14 1
411 14 14 1
924 13 14 1
2998 12 14 1
4859 11 14 1
4793 10 14 1
1824 14 13 1
15 13 13 1
4711 12 13 1
4475 11 13 1
2045 10 13 1
338 14 12 1
1840 13 12 1
1602 12 12 1
1213 11 12 1
4127 10 12 1
4681 9 12 1
4400 14 11 1
1057 13 11 1
1889 12 11 1
4984 11 11 1
2953 10 11 1
4282 9 11 1
2114 14 10 1
2232 13 10 1
4693 12 10 1
4444 11 10 1
1517 10 10 1
3799 9 10 1
2818 13 9 1
770 12 9 1
1563 11 9 1
391 10 9 1
5168 9 9 1
59 13 8 1
465 12 8 1
2777 11 8 1
2859 10 8 1
1950 9 8 1
219 13 7 1
1475 12 7 1
1570 11 7 1
1191 10 7 1
3524 9 7 1
352 8 7 1
2343 7 7 1
3584 6 7 1
67 5 7 1
3115 13 6 1
664 12 6 1
2566 11 6 1
27 10 6 1
2760 9 6 1
3948 8 6 1
4869 7 6 1
1296 6 6 1
3997 5 6 1
4220 4 6 1
1128 3 6 1
993 19 9 1
1111 18 9 1
52 17 9 1
1539 16 9 1
1121 15 9 1
4049 14 9 1
4003 19 8 1
274 18 8 1
1413 17 8 1
4053 16 8 1
4030 15 8 1
2168 14 8 1
2217 19 7 1
3833 18 7 1
1056 17 7 1
3282 16 7 1
2138 15 7 1
3339 14 7 1
873 19 6 1
485 18 6 1
5183 17 6 1
3774 16 6 1
3990 15 6 1
1763 14 6 1
4244 19 5 1
2697 18 5 1
3988 17 5 1
590 16 5 1
1821 15 5 1
2652 14 5 1
2172 13 5 1
2151 12 5 1
3462 11 5 1
5164 10 5 1
537 9 5 1
3197 8 5 1
4387 7 5 1
235 6 5 1
1341 5 5 1
1561 4 5 1
3969 3 5 1
950 19 4 1
2633 18 4 1
3864 17 4 1
2711 16 4 1
3241 19 0 1
4466 19 1 1
4363 19 2 1
1839 19 3 1
2927 18 0 1
1066 18 1 1
1837 18 2 1
1100 18 3 1
5180 17 0 1
3481 17 1 1
2239 17 2 1
4490 17 3 1
3624 16 0 1
129 16 1 1
3365 16 2 1
701 16 3 1
4166 15 0 1
1092 15 1 1
3882 15 2 1
3861 15 3 1
4045 15 4 1
4734 14 0 1
4031 14 1 1
1887 14 2 1
3511 14 3 1
347 14 4 1
4567 13 0 1
1759 13 1 1
3273 13 2 1
1137 13 3 1
1048 13 4 1
3672 12 0 1
4791 12 1 1
5298 12 2 1
778 12 3 1
1600 12 4 1
3574 11 0 1
903 11 1 1
2684 11 2 1
3153 11 3 1
3146 11 4 1
735 10 0 1
1306 10 1 1
3522 10 2 1
2049 10 3 1
1169 10 4 1
2679 9 0 1
4322 9 1 1
1422 9 2 1
4936 9 3 1
3055 9 4 1
3781 8 0 1
4997 8 1 1
3964 8 2 1
251 8 3 1
3724 8 4 1
4476 7 0 1
1938 7 1 1
4929 7 2 1
1820 7 3 1
1749 7 4 1
4070 6 4 1
1736 5 4 1
4948 4 4 1
1276 3 4 1
2839 6 3 1
466 5 3 1
2068 4 3 1
2829 3 3 1
4225 6 2 1
3707 5 2 1
2968 4 2 1
506 3 2 1
49 6 1 1
5204 5 1 1
2387 4 1 1
226 3 1 1
3628 6 0 1
2260 5 0 1
1457 4 0 1
1604 3 0 1
5342 6 0 25
5177 5 0 25
1687 4 0 25
1835 6 1 29
179 5 1 29
840 4 1 29
4846 6 2 30
3190 5 2 30
3186 4 2 30
161 6 3 31
471 5 3 31
143 4 3 31
2630 7 0 33
4123 7 1 33
1272 7 2 33
812 7 3 33
4996 8 0 34
1987 8 1 34
1636 8 2 34
3907 8 3 34
4863 9 0 36
3545 9 1 36
33 9 2 36
4595 9 3 36
2370 12 0 38
657 12 1 38
3771 12 2 38
3805 12 3 38
1253 11 0 38
3642 11 1 38
2788 11 2 38
3740 11 3 38
3396 10 0 38
3442 10 1 38
4489 10 2 38
2413 10 3 38
2727 13 0 39
415 13 1 39
2844 13 2 39
4082 13 3 39
3450 15 0 41
3431 15 1 41
1142 15 2 41
5294 14 0 41
1758 14 1 41
3070 14 2 41
327 14 3 41
3543 16 0 42
1311 16 1 42
341 16 2 42
1622 18 0 43
218 18 1 43
4620 18 2 43
2281 17 0 43
3480 17 1 43
1490 17 2 43
2505 19 0 44
880 19 1 44
3534 19 2 44
3230 19 3 44
4581 18 3 44
3879 19 4 46
4511 18 4 46
727 17 4 46
2359 16 4 46
239 19 6 50
3342 18 6 50
304 17 6 50
2004 16 6 50
2823 15 6 50
4149 19 5 50
1959 18 5 50
1554 17 5 50
977 16 5 50
25 15 5 50
3748 19 7 51
5231 18 7 51
973 17 7 51
5006 16 7 51
1243 15 7 51
4562 19 8 53
1053 18 8 53
1786 17 8 53
2665 16 8 53
4130 15 8 53
5101 19 9 54
2236 18 9 54
3850 17 9 54
355 16 9 54
1914 15 9 54
2768 14 9 54
4316 14 8 54
4119 14 7 54
777 14 6 54
4664 14 5 54
4357 13 5 54
2379 12 5 54
4907 11 5 54
4885 10 5 54
2227 9 5 54
2145 8 5 54
4694 7 5 54
1443 6 5 54
4184 5 5 54
3870 4 5 54
2187 17 3 54
71 13 6 56
1124 12 6 56
3311 11 6 56
5214 10 6 56
3394 9 6 56
1217 8 6 56
1946 7 6 56
1190 6 6 56
4076 13 7 58
5105 12 7 58
3093 11 7 58
2011 10 7 58
1982 13 9 59
2129 12 9 59
3251 11 9 59
2090 10 9 59
3378 13 8 59
4866 12 8 59
298 11 8 59
859 10 8 59
4296 14 10 60
810 13 10 60
3032 12 10 60
3318 11 10 60
3582 10 10 60
4128 14 11 61
4532 13 11 61
4776 12 11 61
2835 11 11 61
4772 10 11 61
3627 14 13 63
3486 13 13 63
5247 12 13 63
3240 11 13 63
5262 14 12 63
1608 13 12 63
4811 12 12 63
3281 11 12 63
4066 15 10 64
1298 15 11 64
3571 15 12 64
2336 15 13 64
3057 16 10 65
1599 16 11 65
1010 16 12 65
2828 16 13 65
3066 17 10 66
3494 17 11 66
4926 17 12 66
2894 17 13 66
3122 18 10 67
3971 18 11 67
900 18 12 67
1205 18 13 67
3216 19 10 68
3283 19 11 68
4653 19 12 68
3159 19 13 68
3834 19 14 68
3539 6 0 68
3647 5 0 68
4735 4 0 68
1838 19 15 71
1904 18 15 71
367 17 15 71
2143 16 15 71
1605 15 15 71
5142 14 15 71
1061 13 15 71
2762 12 15 71
105 11 15 71
101 19 16 72
1742 18 16 72
3049 17 16 72
1294 16 16 72
711 15 16 72
2053 14 16 72
5019 13 16 72
5257 12 16 72
911 11 16 72
3237 18 14 72
4888 17 14 72
789 16 14 72
3026 15 14 72
3765 14 14 72
4375 13 14 72
2133 12 14 72
2849 11 14 72
1424 19 17 74
3174 18 17 74
4048 17 17 74
884 16 17 74
1273 15 17 74
1285 14 17 74
1268 13 17 74
638 12 17 74
1397 11 17 74
2375 19 18 75
8 18 18 75
4908 17 18 75
4618 16 18 75
3891 15 18 75
3149 14 18 75
3978 13 18 75
4493 12 18 75
3784 11 18 75
21 19 19 77
3179 18 19 77
2438 17 19 77
1334 16 19 77
584 15 19 77
3003 14 19 77
3959 13 19 77
629 12 19 77
675 11 19 77
2870 10 19 77
1572 10 0 77
3869 10 1 77
3509 10 2 77
2608 10 3 77
3531 5 3 77
2588 4 3 77
1508 8 8 78
103 7 8 78
5280 6 8 78
378 8 9 79
5230 7 9 79
325 6 9 79
196 8 11 80
3633 8 10 80
1692 7 10 80
1495 6 10 80
5114 14 0 80
2169 14 1 80
575 14 2 80
2089 14 3 80
68 9 13 81
941 8 13 81
2999 7 13 81
3292 6 13 81
2990 6 12 81
5301 8 12 81
4992 7 12 81
4874 7 11 81
1393 6 11 81
1493 9 14 82
5205 8 14 82
2005 7 14 82
3996 6 14 82
1202 9 15 83
4855 8 15 83
3495 7 15 83
4469 9 17 84
1691 8 17 84
2924 7 17 84
2695 9 16 84
4453 8 16 84
168 7 16 84
5317 9 18 85
2454 8 18 85
409 7 18 85
3933 5 19 86
4835 5 18 86
4762 5 17 86
3445 9 19 86
3636 8 19 86
382 7 19 86
1093 6 19 86
3922 6 18 86
3158 6 17 86
3973 17 0 86
1104 17 1 86
2384 17 2 86
2414 15 2 86
2911 3 14 87
2115 3 15 87
2811 4 19 87
4887 4 18 87
5132 4 17 87
4549 2 19 88
536 2 18 88
984 2 17 88
1151 2 14 88
149 2 15 88
4090 3 19 88
678 3 18 88
1926 3 17 88
4646 1 19 89
1725 1 18 89
4 1 17 89
4472 1 14 89
2578 1 15 89
4068 0 14 90
4744 0 15 90
1005 13 0 90
848 13 1 90
2940 13 2 90
4524 13 3 90
1596 11 0 90
4761 11 1 90
3807 11 2 90
3806 11 3 90
4575 0 19 91
1389 0 18 91
1705 0 17 91
2284 0 16 91
3108 1 16 91
4911 2 16 91
4882 3 16 91
2869 4 16 91
3656 5 16 91
1427 6 16 91
1263 6 15 91
70 5 15 91
1086 5 14 91
62 5 13 91
2954 5 12 91
3286 5 11 91
2995 18 7 91
4308 17 7 91
4099 16 7 91
2595 15 7 91
2759 7 0 91
4379 7 1 91
5215 7 2 91
5008 7 3 91
1965 4 15 92
9 4 14 92
146 4 13 92
2244 4 12 92
4945 4 11 92
29 4 7 92
4439 4 8 92
437 4 9 92
969 10 18 92
3837 10 17 92
4173 10 6 92
4671 9 6 92
1192 8 6 92
11340 milli sec 
point:421350
