765
2912 8 4 1
1107 8 3 1
4834 8 2 1
4889 8 1 1
1662 8 0 1
4742 9 4 1
4782 9 3 1
3127 9 2 1
326 9 1 1
3815 9 0 1
5223 10 4 1
5517 10 3 1
2230 10 2 1
1313 10 1 1
1735 10 0 1
2378 11 4 1
5008 11 3 1
776 11 2 1
4224 11 1 1
4844 11 0 1
3905 0 8 1
3519 0 7 1
2468 0 0 1
587 0 1 1
3836 0 2 1
3508 0 3 1
503 0 4 1
528 0 5 1
5574 0 6 1
2088 1 8 1
3138 1 7 1
3728 1 0 1
268 1 1 1
607 1 2 1
825 1 3 1
5610 1 4 1
2618 1 5 1
518 1 6 1
5521 2 8 1
2133 2 7 1
2135 2 0 1
4010 2 1 1
3350 2 2 1
2216 2 3 1
2178 2 4 1
1387 2 5 1
612 2 6 1
3305 3 8 1
2917 3 7 1
4275 3 0 1
1295 3 1 1
3360 3 2 1
4646 3 3 1
1455 3 4 1
3379 3 5 1
4895 3 6 1
3091 4 8 1
5565 4 7 1
2301 4 0 1
3511 4 1 1
900 4 2 1
5656 4 3 1
3816 4 4 1
4446 4 5 1
4180 4 6 1
3257 0 19 1
969 0 18 1
5396 0 17 1
3982 0 16 1
5189 0 15 1
4913 0 9 1
1497 0 10 1
488 0 11 1
2163 0 12 1
4798 0 13 1
1841 0 14 1
2773 1 19 1
1551 1 18 1
84 1 17 1
4366 1 16 1
5498 1 15 1
5483 1 9 1
5559 1 10 1
4940 1 11 1
2915 1 12 1
972 1 13 1
724 1 14 1
3094 2 19 1
3657 2 18 1
2856 2 17 1
5591 2 16 1
1975 2 15 1
3973 2 9 1
5608 2 10 1
3353 2 11 1
883 2 12 1
3268 2 13 1
630 2 14 1
5409 3 19 1
3570 3 18 1
1663 3 17 1
2132 3 16 1
5107 3 15 1
1378 3 9 1
377 3 10 1
5403 3 11 1
2909 3 12 1
2229 3 13 1
178 3 14 1
3026 4 19 1
250 4 18 1
4296 4 17 1
3493 4 16 1
4617 4 15 1
2603 4 9 1
3539 4 10 1
3424 4 11 1
4278 4 12 1
5054 4 13 1
1924 4 14 1
1984 5 19 1
266 5 18 1
2389 5 17 1
4882 5 16 1
4402 5 15 1
4014 5 14 1
4456 5 13 1
2954 5 12 1
2434 5 11 1
5334 5 10 1
1789 5 9 1
3538 5 8 1
505 5 7 1
3377 5 0 1
4649 5 1 1
5335 5 2 1
349 5 3 1
5010 5 4 1
1096 5 5 1
4331 5 6 1
1472 6 19 1
1680 6 18 1
374 6 17 1
1949 6 16 1
2988 6 15 1
3632 6 14 1
2 6 13 1
287 6 12 1
3959 6 11 1
2771 6 10 1
2519 6 9 1
4310 6 8 1
3935 6 7 1
4778 6 0 1
2920 6 1 1
4198 6 2 1
1156 6 3 1
4757 6 4 1
1079 6 5 1
3287 6 6 1
4 7 19 1
877 7 18 1
5060 7 17 1
5137 7 16 1
810 7 15 1
846 7 14 1
4825 7 13 1
3922 7 12 1
4004 7 11 1
1418 7 10 1
1029 7 9 1
2354 7 8 1
2408 7 7 1
5310 7 0 1
664 7 1 1
1106 7 2 1
4240 7 3 1
1993 7 4 1
310 7 5 1
4995 7 6 1
2895 19 19 1
5628 18 19 1
2862 17 19 1
2562 16 19 1
2544 15 19 1
3874 14 19 1
188 13 19 1
5385 12 19 1
3941 11 19 1
1503 10 19 1
4051 9 19 1
1565 8 19 1
3248 19 18 1
2589 18 18 1
957 17 18 1
277 16 18 1
3246 15 18 1
4181 14 18 1
4386 13 18 1
243 12 18 1
2115 11 18 1
3315 10 18 1
2093 9 18 1
1356 8 18 1
603 19 17 1
2487 18 17 1
5183 17 17 1
2384 16 17 1
1590 15 17 1
5560 14 17 1
4504 13 17 1
4358 12 17 1
53 11 17 1
4580 10 17 1
4559 9 17 1
1183 8 17 1
5040 19 16 1
5323 18 16 1
4701 17 16 1
2203 16 16 1
3595 15 16 1
1375 14 16 1
3003 13 16 1
2260 12 16 1
3569 11 16 1
2815 10 16 1
2887 9 16 1
665 8 16 1
4731 19 15 1
789 18 15 1
539 17 15 1
415 16 15 1
3097 15 15 1
5583 14 15 1
3849 13 15 1
22 12 15 1
5284 11 15 1
1542 10 15 1
3806 9 15 1
4323 8 15 1
5253 19 14 1
1578 18 14 1
345 17 14 1
525 16 14 1
3301 15 14 1
227 14 14 1
3101 13 14 1
4770 12 14 1
2480 11 14 1
5363 10 14 1
3484 9 14 1
1411 8 14 1
2410 19 13 1
4106 18 13 1
2488 17 13 1
4795 16 13 1
1080 15 13 1
4431 14 13 1
4007 13 13 1
3587 12 13 1
3236 11 13 1
4728 10 13 1
999 9 13 1
1763 8 13 1
3173 14 12 1
130 13 12 1
5421 12 12 1
67 11 12 1
3506 10 12 1
3201 9 12 1
5641 8 12 1
3708 8 11 1
1075 8 10 1
1325 8 9 1
4472 8 8 1
1869 8 7 1
2739 8 5 1
5312 8 6 1
1274 9 11 1
2069 9 10 1
3960 9 9 1
2607 9 8 1
1423 9 7 1
5023 9 5 1
791 9 6 1
4996 10 11 1
580 10 10 1
5252 10 9 1
142 10 8 1
1610 10 7 1
2317 10 5 1
88 10 6 1
2105 11 11 1
3783 11 10 1
5049 11 9 1
1525 11 8 1
2052 11 7 1
692 11 5 1
1131 11 6 1
3612 19 12 1
1501 18 12 1
2051 17 12 1
3457 16 12 1
4801 15 12 1
3455 19 11 1
5543 18 11 1
1333 17 11 1
343 16 11 1
3452 15 11 1
3614 14 11 1
3372 13 11 1
252 12 11 1
4234 19 10 1
4502 18 10 1
1654 17 10 1
31 16 10 1
4572 15 10 1
1330 14 10 1
3095 13 10 1
3382 12 10 1
1870 19 9 1
3482 18 9 1
5286 17 9 1
5294 16 9 1
3667 15 9 1
2910 14 9 1
3620 13 9 1
155 12 9 1
5617 19 8 1
2622 18 8 1
5444 17 8 1
1638 16 8 1
907 15 8 1
4015 14 8 1
1926 13 8 1
5478 12 8 1
3261 19 7 1
3853 18 7 1
6 17 7 1
1450 16 7 1
622 15 7 1
1307 14 7 1
4257 13 7 1
3755 12 7 1
4624 19 6 1
1461 18 6 1
2063 17 6 1
1552 16 6 1
2323 15 6 1
1702 14 6 1
461 13 6 1
4829 12 6 1
2079 19 5 1
2368 18 5 1
2600 17 5 1
5462 16 5 1
3139 15 5 1
5151 14 5 1
4451 13 5 1
4423 12 5 1
1707 19 4 1
4971 18 4 1
127 17 4 1
608 16 4 1
4144 15 4 1
5458 14 4 1
5061 13 4 1
51 12 4 1
731 19 3 1
4970 18 3 1
3540 17 3 1
2593 16 3 1
5475 15 3 1
1571 14 3 1
1876 13 3 1
527 12 3 1
819 19 2 1
2900 18 2 1
452 17 2 1
828 16 2 1
4857 15 2 1
4200 14 2 1
2968 13 2 1
1353 12 2 1
5518 19 1 1
2405 18 1 1
3230 17 1 1
5311 16 1 1
1238 15 1 1
4893 14 1 1
2792 13 1 1
5306 12 1 1
4035 19 0 1
5159 18 0 1
391 17 0 1
3890 16 0 1
3470 15 0 1
4055 14 0 1
4171 13 0 1
652 12 0 1
1437 19 0 29
4300 18 0 29
2679 17 0 29
1505 16 0 29
370 15 0 29
3209 14 0 29
4295 13 0 29
446 19 1 31
3743 18 1 31
1382 17 1 31
54 16 1 31
2908 15 1 31
3394 14 1 31
2914 13 1 31
2086 19 2 33
2065 18 2 33
4865 17 2 33
4699 16 2 33
4741 15 2 33
3777 14 2 33
2296 13 2 33
2754 19 3 34
1849 18 3 34
1813 17 3 34
3556 16 3 34
1643 15 3 34
2768 14 3 34
1215 13 3 34
1176 19 4 36
5448 18 4 36
965 17 4 36
567 16 4 36
3480 15 4 36
315 14 4 36
573 13 4 36
5198 19 5 38
4883 18 5 38
3980 17 5 38
5213 16 5 38
2011 15 5 38
346 14 5 38
4216 13 5 38
4636 19 6 40
2294 18 6 40
732 17 6 40
3584 16 6 40
5557 15 6 40
2594 14 6 40
2476 13 6 40
3388 19 7 42
4866 18 7 42
5643 17 7 42
2708 16 7 42
1039 15 7 42
1806 14 7 42
2304 13 7 42
5603 19 8 44
3616 18 8 44
3940 17 8 44
136 16 8 44
3611 15 8 44
5545 14 8 44
3152 13 8 44
1203 19 9 45
1695 18 9 45
1877 17 9 45
4800 16 9 45
3721 15 9 45
41 14 9 45
923 13 9 45
5394 19 10 47
399 18 10 47
1045 17 10 47
4909 16 10 47
5192 15 10 47
3625 14 10 47
3810 13 10 47
4724 19 11 48
5279 18 11 48
1858 17 11 48
987 16 11 48
1414 19 12 49
2343 18 12 49
4797 17 12 49
36 16 12 49
546 15 12 49
2381 15 11 49
1032 14 11 49
4864 13 11 49
2939 12 11 49
2396 12 10 49
2352 12 9 49
2422 12 8 49
4036 11 5 50
1201 10 5 51
1199 11 11 51
2444 11 10 51
4191 11 9 51
2944 11 8 51
3116 11 7 51
5600 9 11 52
5436 9 10 52
1171 9 9 52
3321 9 8 52
27 9 7 52
1965 9 5 52
2837 10 11 52
4185 10 10 52
1988 10 9 52
3901 10 8 52
5369 10 7 52
2046 8 5 53
2361 14 12 56
453 13 12 56
4337 12 12 56
2510 11 12 56
2421 10 12 56
3412 9 12 56
4658 19 13 58
3500 18 13 58
4604 17 13 58
3049 16 13 58
4625 15 13 58
3832 14 13 58
390 13 13 58
1084 12 13 58
2657 11 13 58
4041 10 13 58
3896 9 13 58
3338 19 14 60
4320 18 14 60
3773 17 14 60
3753 16 14 60
3351 15 14 60
4367 14 14 60
4450 13 14 60
230 12 14 60
292 11 14 60
5659 10 14 60
4833 9 14 60
5037 19 15 63
17 18 15 63
702 17 15 63
460 16 15 63
1094 15 15 63
2788 14 15 63
869 13 15 63
381 12 15 63
1264 11 15 63
1558 10 15 63
898 9 15 63
5216 19 16 64
2280 18 16 64
4968 17 16 64
4453 16 16 64
5581 15 16 64
5118 14 16 64
1871 13 16 64
2940 12 16 64
3043 11 16 64
913 10 16 64
3170 9 16 64
2111 19 17 66
1088 18 17 66
3979 17 17 66
746 16 17 66
4598 15 17 66
3863 14 17 66
3344 13 17 66
1056 12 17 66
52 11 17 66
1002 10 17 66
5249 9 17 66
3622 19 18 68
5121 18 18 68
559 17 18 68
4826 16 18 68
4154 15 18 68
1043 14 18 68
2455 13 18 68
5359 12 18 68
4650 11 18 68
4377 10 18 68
3278 9 18 68
531 19 19 70
4666 18 19 70
852 17 19 70
680 16 19 70
3839 15 19 70
956 14 19 70
4956 13 19 70
5296 12 19 70
5153 11 19 70
762 10 19 70
4378 9 19 70
4130 8 19 70
3610 8 18 70
4969 7 0 71
80 7 1 71
5589 7 2 71
2103 7 3 71
3028 7 4 71
4538 7 5 71
3306 18 4 71
3871 17 4 71
206 16 4 71
3485 15 4 71
3609 14 4 71
4365 13 4 71
1954 7 19 74
3903 7 18 74
1485 7 17 74
2527 7 16 74
185 7 15 74
2551 7 14 74
3603 7 13 74
2992 7 12 74
3624 7 11 74
1791 7 10 74
1435 7 9 74
717 7 8 74
5212 7 7 74
321 6 0 76
4031 6 1 76
3628 6 2 76
4478 6 3 76
4888 6 4 76
1979 6 5 76
2264 6 19 77
799 6 18 77
4734 6 17 77
4840 6 16 77
4311 6 15 77
2897 6 14 77
5300 6 13 77
414 6 12 77
2064 6 11 77
560 6 10 77
763 6 9 77
4783 6 8 77
523 6 7 77
649 5 0 78
5413 5 1 78
5210 5 2 78
2377 5 3 78
2028 5 4 78
1887 5 5 78
3856 5 19 80
4159 5 18 80
125 5 17 80
2015 5 16 80
3914 5 15 80
3699 4 9 81
4804 4 10 81
4653 4 11 81
2880 4 12 81
4488 4 13 81
190 4 19 82
4863 4 18 82
1615 4 17 82
4885 4 16 82
1502 4 15 82
5502 3 9 84
2655 3 10 84
4762 3 11 84
336 3 12 84
5491 3 13 84
3430 3 19 85
1669 3 18 85
366 3 17 85
3670 3 16 85
893 3 15 85
1127 10 11 85
1805 10 10 85
2659 10 9 85
3155 10 8 85
605 10 7 85
1766 2 9 87
730 2 10 87
5604 2 11 87
4397 2 12 87
5076 2 13 87
2411 9 5 87
4147 1 9 88
4249 1 10 88
4828 1 11 88
3371 1 12 88
229 1 13 88
5501 2 19 88
4071 2 18 88
1314 2 17 88
1606 2 16 88
4991 2 15 88
3193 1 19 89
1165 1 18 89
4690 1 17 89
4348 1 16 89
3422 1 15 89
854 0 19 90
5209 0 18 90
596 0 17 90
15 0 16 90
4603 0 15 90
2842 0 9 90
4250 0 10 90
5377 0 11 90
2553 0 12 90
1252 0 13 90
1972 0 14 90
275 1 14 90
4433 2 14 90
775 3 14 90
875 4 14 90
1593 5 14 90
1933 5 13 90
4737 5 12 90
4619 5 11 90
2311 5 10 90
420 5 9 90
2867 5 8 90
1834 5 7 90
4984 4 8 91
3956 4 7 91
604 4 0 91
3233 4 1 91
222 4 2 91
3659 4 3 91
2403 4 4 91
5320 4 5 91
1692 18 12 91
354 17 12 91
1759 16 12 91
1862 15 12 91
654 17 10 91
1772 16 10 91
4091 15 10 91
3194 14 10 91
5548 13 10 91
3533 18 6 91
450 17 6 91
1898 16 6 91
4094 15 6 91
1069 14 6 91
3988 13 6 91
4891 3 0 92
1132 3 1 92
2672 3 2 92
2959 3 3 92
3831 3 4 92
5526 3 5 92
2960 17 8 92
3884 16 8 92
2993 15 8 92
2220 14 8 92
2534 13 8 92
1123 3 8 93
3454 3 7 93
3568 19 11 93
5011 18 11 93
779 17 11 93
1282 16 11 93
2185 15 11 93
3894 14 11 93
4259 13 11 93
3793 12 11 93
11955 milli sec 
point:444750
