708
2728 8 7 1
3685 8 6 1
1238 8 5 1
259 0 6 1
1977 0 5 1
3037 0 4 1
2190 0 0 1
596 0 1 1
817 0 2 1
1776 0 3 1
1542 0 9 1
1933 0 8 1
1946 0 7 1
1827 1 9 1
3682 1 8 1
1425 1 7 1
232 0 11 1
1675 0 10 1
3299 1 11 1
1401 1 10 1
916 3 11 1
276 2 11 1
3452 3 10 1
169 2 10 1
287 4 9 1
487 3 9 1
1964 2 9 1
496 2 8 1
3151 2 7 1
514 3 8 1
3617 3 7 1
1255 4 8 1
3504 4 7 1
54 0 15 1
3611 0 12 1
2164 0 13 1
1424 0 14 1
1688 1 15 1
3862 1 12 1
4 1 13 1
2922 1 14 1
1356 0 19 1
1450 0 18 1
3100 0 17 1
1609 0 16 1
908 6 19 1
331 5 19 1
265 4 19 1
3226 3 19 1
1595 2 19 1
2743 1 19 1
727 6 16 1
3638 6 17 1
408 6 18 1
792 5 16 1
790 5 17 1
1419 5 18 1
592 4 17 1
2926 4 18 1
1870 3 17 1
2945 3 18 1
1452 2 18 1
2185 1 18 1
3809 1 17 1
3864 1 16 1
1455 2 17 1
3763 2 16 1
1148 2 15 1
3001 2 12 1
1210 2 13 1
3153 2 14 1
1444 3 16 1
3349 3 15 1
959 3 14 1
1265 3 13 1
2406 3 12 1
2329 4 16 1
1774 4 15 1
63 4 14 1
2279 4 13 1
1208 4 12 1
2970 4 11 1
1086 4 10 1
2310 6 15 1
3337 5 15 1
3574 8 16 1
1009 7 16 1
1178 7 19 1
2965 7 18 1
221 7 17 1
969 8 19 1
3568 8 18 1
990 8 17 1
1871 9 19 1
724 9 18 1
80 9 17 1
2889 9 16 1
333 10 19 1
3592 10 18 1
662 13 19 1
2651 12 19 1
3654 11 19 1
2386 13 18 1
2233 12 18 1
545 11 18 1
2886 15 17 1
1882 14 17 1
612 15 16 1
725 14 16 1
1507 17 14 1
2558 16 14 1
629 15 15 1
1056 16 15 1
2515 14 19 1
1503 14 18 1
2637 15 19 1
2569 15 18 1
2477 16 19 1
851 16 18 1
264 16 17 1
1883 16 16 1
1916 19 19 1
1415 18 19 1
2367 17 19 1
2118 19 18 1
1144 18 18 1
474 17 18 1
3854 17 17 1
1602 17 16 1
3141 17 15 1
2320 19 17 1
1738 18 17 1
148 19 16 1
2104 18 16 1
2955 19 15 1
2944 18 15 1
1824 19 14 1
3171 18 14 1
3839 19 13 1
3474 18 13 1
2021 19 8 1
3406 19 9 1
917 19 10 1
3 19 11 1
3330 19 12 1
1317 18 8 1
1788 18 9 1
272 18 10 1
402 18 11 1
258 18 12 1
672 11 8 1
1744 11 9 1
3501 11 10 1
1062 12 8 1
3365 12 9 1
2429 12 10 1
3359 11 12 1
1575 11 11 1
2073 12 12 1
1193 12 11 1
224 13 12 1
1893 13 11 1
365 13 8 1
3334 13 9 1
2598 13 10 1
19 14 12 1
3860 14 11 1
2151 14 8 1
3060 14 9 1
574 14 10 1
2742 15 11 1
1220 15 8 1
3588 15 9 1
1743 15 10 1
1560 16 11 1
3203 16 8 1
703 16 9 1
2622 16 10 1
211 17 8 1
2939 17 9 1
3640 17 10 1
1057 17 11 1
446 17 12 1
3431 17 13 1
945 16 12 1
3009 16 13 1
550 15 12 1
116 15 13 1
605 15 14 1
943 14 13 1
3512 14 14 1
2526 14 15 1
2949 13 13 1
1101 13 14 1
2851 13 15 1
2906 13 16 1
3110 13 17 1
3161 11 13 1
2956 11 14 1
1970 12 13 1
3019 12 14 1
2756 12 15 1
1710 12 16 1
3127 12 17 1
357 11 17 1
3308 10 17 1
3828 11 16 1
518 10 16 1
1645 11 15 1
3401 10 15 1
2935 9 15 1
1441 8 15 1
1326 7 15 1
2245 10 14 1
1674 9 14 1
2750 8 14 1
488 7 14 1
1580 6 14 1
2028 5 14 1
330 10 11 1
490 10 12 1
3436 10 13 1
3283 9 11 1
2064 9 12 1
2579 9 13 1
616 8 11 1
1002 8 12 1
2783 8 13 1
41 7 10 1
2972 7 11 1
1422 7 12 1
1708 7 13 1
3094 6 13 1
2518 5 13 1
339 6 12 1
791 5 12 1
1786 6 11 1
814 5 11 1
1868 6 10 1
3285 5 10 1
430 10 10 1
2520 9 10 1
1612 8 10 1
1754 10 9 1
2874 9 9 1
3034 8 9 1
2246 7 9 1
2491 6 9 1
2478 5 9 1
3419 10 8 1
124 9 8 1
2258 8 8 1
2759 7 8 1
1767 6 8 1
1378 5 8 1
1463 7 7 1
553 6 7 1
3214 5 7 1
2533 7 4 1
3575 7 5 1
2017 7 6 1
2682 6 4 1
3813 6 5 1
1068 6 6 1
910 5 6 1
2473 4 6 1
986 3 6 1
2432 2 6 1
1760 1 6 1
3724 5 4 1
1333 5 5 1
1896 4 4 1
1169 4 5 1
2624 3 5 1
2295 2 5 1
1181 1 5 1
3844 1 4 1
2588 4 0 1
3328 4 1 1
1958 3 0 1
966 3 1 1
718 2 0 1
2361 2 1 1
3689 2 2 1
547 1 0 1
2305 1 1 1
3199 1 2 1
2850 1 3 1
413 2 4 1
3565 2 3 1
3374 3 4 1
1592 3 3 1
3656 3 2 1
1130 4 3 1
3750 4 2 1
71 5 3 1
3779 5 2 1
1796 5 0 1
1943 5 1 1
52 6 3 1
416 6 2 1
1019 6 0 1
3394 6 1 1
1635 7 3 1
398 7 2 1
1305 7 0 1
789 7 1 1
2366 8 0 1
1098 8 1 1
1239 8 2 1
3834 8 3 1
359 8 4 1
521 9 7 1
2707 9 6 1
948 9 5 1
761 9 0 1
3649 9 1 1
774 9 2 1
2317 9 3 1
358 9 4 1
1376 12 7 1
3696 11 7 1
3509 10 7 1
274 12 6 1
1702 11 6 1
3423 10 6 1
3869 12 5 1
2171 11 5 1
1381 10 5 1
473 10 4 1
633 10 0 1
2546 10 1 1
1965 10 2 1
206 10 3 1
117 11 4 1
2975 11 0 1
449 11 1 1
1791 11 2 1
3105 11 3 1
3432 12 4 1
2144 12 3 1
3180 13 4 1
831 12 2 1
2165 13 2 1
1529 13 3 1
2186 14 4 1
1603 12 0 1
935 12 1 1
1279 13 0 1
3425 13 1 1
1259 14 0 1
3225 14 1 1
1632 14 2 1
805 14 3 1
1968 13 7 1
1987 13 6 1
3668 13 5 1
492 14 7 1
1697 14 6 1
1574 14 5 1
2449 15 7 1
1884 15 6 1
200 15 5 1
391 15 4 1
3260 15 0 1
247 15 1 1
1244 15 2 1
2714 15 3 1
2763 19 7 1
2467 18 7 1
3293 17 7 1
2321 16 7 1
2664 19 5 1
3817 19 6 1
3191 18 5 1
1033 18 6 1
83 17 5 1
260 17 6 1
1438 16 6 1
3705 16 5 1
120 16 4 1
907 16 3 1
1403 16 2 1
1831 16 1 1
3848 16 0 1
2411 19 4 1
1951 18 4 1
3634 17 4 1
1643 19 3 1
996 18 3 1
2375 17 3 1
2493 19 2 1
2829 18 2 1
1533 17 2 1
2948 19 1 1
3287 18 1 1
1571 17 1 1
3792 19 0 1
3390 18 0 1
1937 17 0 1
3677 19 0 23
97 18 0 23
369 19 1 24
323 18 1 24
3047 19 2 26
410 18 2 26
296 19 3 29
49 18 3 29
2271 19 4 31
1618 18 4 31
2303 17 4 31
1804 17 3 31
1343 17 2 31
3311 17 1 31
812 17 5 34
3052 18 5 35
2022 19 7 36
997 18 7 36
356 17 7 36
2865 16 7 36
820 19 5 36
3771 19 6 36
3788 18 6 36
575 17 6 36
1859 16 6 36
386 16 5 36
505 16 4 36
782 15 0 37
245 15 1 37
2051 15 2 37
2721 14 7 38
78 14 6 38
1371 15 7 38
2388 15 6 38
1519 13 0 39
1514 14 0 39
1855 13 7 39
1139 13 6 39
3623 13 5 39
1203 14 5 39
3799 15 5 39
2932 15 4 39
3652 12 2 40
3255 13 2 40
2796 14 4 40
1537 12 0 40
2066 12 1 40
571 13 1 40
2524 14 1 40
2176 14 2 40
30 12 4 41
2260 13 4 41
2007 11 4 42
1387 11 0 42
757 11 1 42
2482 11 2 42
3529 12 5 44
257 11 5 44
1597 10 0 44
171 10 1 44
344 10 2 44
3622 9 0 45
107 9 1 45
3144 9 2 45
3095 9 3 45
3521 12 7 45
3620 11 7 45
1449 10 7 45
335 12 6 45
1581 11 6 45
2436 10 6 45
3343 10 5 45
2938 9 7 46
3163 9 6 46
3147 9 5 46
3371 7 3 47
23 7 2 47
2084 7 0 47
2608 8 0 47
1117 6 3 48
2364 6 2 48
3756 6 0 48
2412 5 0 49
1657 4 3 50
3288 5 3 50
2439 2 4 51
230 3 4 51
2612 2 0 52
2852 1 0 52
179 1 1 52
1377 4 0 53
3261 4 1 53
1013 3 0 53
381 3 1 53
190 2 1 53
131 2 2 53
460 1 2 53
887 4 4 54
1701 5 4 55
1905 5 5 55
3382 6 4 56
2953 6 5 56
2363 7 4 57
578 7 5 57
1955 7 6 57
2499 6 6 57
2619 7 7 58
2522 6 7 58
1212 10 9 59
999 9 9 59
3237 10 8 59
1345 9 8 59
2500 8 8 59
1041 7 8 59
743 6 8 59
2830 6 10 60
2628 10 10 60
3042 9 10 60
3049 8 10 60
396 8 9 60
2912 7 9 60
239 6 9 60
1656 6 12 61
2848 6 11 61
3383 8 11 62
1590 8 12 62
1170 7 10 62
580 7 11 62
951 7 12 62
1869 10 11 63
285 10 12 63
1863 10 13 63
3391 9 11 63
1652 9 12 63
99 9 13 63
3496 8 13 63
2892 7 13 63
2703 6 13 63
561 10 14 64
2431 9 14 64
2647 8 14 64
2937 11 15 65
751 11 16 66
3398 14 13 67
1111 13 13 67
2849 13 14 67
3275 11 13 67
2635 11 14 67
2166 12 13 67
3325 12 14 67
1194 12 15 67
731 12 16 67
310 16 12 68
3723 15 12 68
1783 17 8 69
2247 17 9 69
756 16 11 70
1600 16 8 70
1751 16 9 70
157 15 11 71
1295 15 8 71
1807 15 9 71
3557 14 12 72
3089 14 11 72
1374 14 8 72
2904 14 9 72
3484 12 12 73
2182 13 12 73
3478 13 8 73
3279 13 9 73
795 11 8 74
36 11 9 74
1154 11 10 74
281 12 8 74
880 12 9 74
1539 12 10 74
1303 11 12 74
1683 11 11 74
788 12 11 74
1047 13 11 74
872 13 10 74
1131 14 10 74
3315 15 10 74
2312 16 10 74
3863 17 10 74
3379 17 11 74
437 12 1 74
2863 13 1 74
293 19 8 75
1834 19 9 75
2377 19 10 75
3415 19 11 75
109 19 12 75
3345 18 8 75
524 18 9 75
1530 18 10 75
2344 18 11 75
2122 19 15 76
2116 19 14 76
2672 19 13 76
2666 13 4 76
1209 19 17 77
2868 18 17 77
3335 19 16 77
1953 18 16 77
1310 19 19 78
3745 18 19 78
3850 17 19 78
1027 19 18 78
1217 18 18 78
1222 17 18 78
3044 17 17 78
377 14 19 79
2464 14 18 79
411 15 19 79
841 15 18 79
485 16 19 79
927 16 18 79
2620 16 17 79
1840 16 16 79
470 17 16 79
3101 15 16 80
1687 17 14 80
1712 16 14 80
3222 15 15 80
2471 16 15 80
2894 17 15 80
2887 18 15 80
615 18 14 80
1787 15 17 81
2601 14 17 81
2538 14 16 81
2307 12 6 81
1979 11 6 81
2322 10 19 82
2203 10 18 82
407 13 19 82
262 12 19 82
186 11 19 82
2062 13 18 82
2655 12 18 82
243 11 18 82
1085 9 19 83
1152 9 18 83
517 15 7 83
2692 15 6 83
3680 19 1 83
1901 18 1 83
2435 8 19 84
3849 8 18 84
1699 6 15 85
827 5 15 85
2741 8 16 85
2998 7 16 85
1350 7 19 85
1123 7 18 85
2629 7 17 85
639 8 17 85
1703 9 17 85
1306 9 16 85
2492 4 16 86
3726 4 15 86
3522 4 14 86
3356 4 13 86
1360 4 4 86
3175 6 0 86
502 8 0 86
170 2 17 87
1608 2 12 87
1570 2 13 87
2909 3 16 87
915 3 15 87
3119 1 0 87
2649 1 1 87
1079 4 17 89
861 3 17 89
742 3 0 89
456 3 4 89
1895 7 0 89
3778 12 7 89
1175 11 7 89
2450 10 7 89
388 10 6 89
1885 10 5 89
2156 15 1 89
2548 15 2 89
425 19 5 89
893 19 6 89
883 5 16 90
1083 5 17 90
469 19 0 90
2119 18 0 90
1678 6 16 91
1691 6 17 91
1847 6 18 91
1211 5 18 91
818 4 18 91
3058 3 18 91
2914 2 18 91
2514 18 4 91
3765 17 4 91
2791 17 3 91
2132 17 2 91
3754 17 1 91
1121 18 13 92
2074 18 12 92
2525 17 12 92
2587 17 13 92
8913 milli sec 
point:387450
