744
2080 0 4 1
1264 0 3 1
1547 0 2 1
2449 0 1 1
3673 0 0 1
3865 1 4 1
1404 1 3 1
3462 1 2 1
216 1 1 1
4653 1 0 1
3157 2 4 1
1759 2 3 1
3786 2 2 1
1024 2 1 1
3719 2 0 1
157 3 4 1
3730 3 3 1
851 3 2 1
3018 3 1 1
2665 3 0 1
2177 4 4 1
680 4 3 1
4027 4 5 1
1318 0 10 1
2108 0 9 1
2026 0 8 1
2110 0 5 1
2463 0 6 1
1550 0 7 1
3308 1 10 1
4477 1 9 1
3531 1 8 1
4219 1 5 1
1753 1 6 1
4307 1 7 1
718 2 10 1
2477 2 9 1
367 2 8 1
3150 2 5 1
2258 2 6 1
3977 2 7 1
583 0 14 1
1265 0 13 1
1527 0 12 1
2306 0 11 1
2492 1 14 1
1783 1 13 1
4393 1 12 1
432 1 11 1
3847 2 14 1
3497 2 13 1
3750 2 12 1
3015 2 11 1
3557 0 19 1
332 0 18 1
2997 0 17 1
94 0 16 1
1606 0 15 1
1137 1 19 1
3702 1 18 1
3164 1 17 1
2008 1 16 1
1512 1 15 1
1609 2 19 1
4496 2 18 1
4032 2 17 1
3578 2 16 1
612 2 15 1
4073 7 19 1
4328 6 19 1
2542 5 19 1
911 4 19 1
714 3 19 1
2243 7 18 1
1191 6 18 1
4199 5 18 1
3108 4 18 1
1892 3 18 1
1317 7 16 1
3941 7 17 1
1152 6 16 1
223 6 17 1
2982 5 17 1
515 4 17 1
2150 3 17 1
1540 3 16 1
3419 3 15 1
2297 3 14 1
4651 3 13 1
4435 3 12 1
2874 3 11 1
498 3 10 1
2253 3 9 1
4004 3 8 1
575 3 5 1
4253 3 6 1
200 3 7 1
4358 4 16 1
1021 4 15 1
3812 4 14 1
3511 4 13 1
1622 4 12 1
2260 4 11 1
3270 4 10 1
458 4 9 1
4556 4 8 1
2385 4 6 1
899 4 7 1
29 5 16 1
904 11 19 1
3449 10 19 1
2313 9 19 1
1429 8 19 1
2472 11 18 1
4320 10 18 1
3961 9 18 1
3687 8 18 1
4016 11 17 1
3830 10 17 1
2402 9 17 1
4331 8 17 1
2908 11 16 1
839 10 16 1
3885 9 16 1
2569 8 16 1
843 12 19 1
1883 12 18 1
1703 12 17 1
8 12 16 1
3985 13 19 1
3943 13 18 1
2594 13 17 1
150 13 16 1
2328 19 19 1
504 18 19 1
286 17 19 1
55 16 19 1
3591 15 19 1
2619 14 19 1
1133 19 18 1
1760 18 18 1
2654 17 18 1
471 16 18 1
4075 15 18 1
1771 14 18 1
2002 19 17 1
2886 18 17 1
1328 17 17 1
2145 16 17 1
3084 15 17 1
3863 14 17 1
4079 19 16 1
2610 18 16 1
1461 17 16 1
307 16 16 1
3579 15 16 1
2510 14 16 1
2645 19 15 1
3274 18 15 1
4436 17 15 1
3176 16 15 1
976 15 15 1
413 14 15 1
271 13 15 1
2301 12 15 1
3059 11 15 1
4021 10 15 1
4106 9 15 1
484 8 15 1
4297 7 15 1
3170 6 15 1
4145 5 15 1
3794 19 10 1
3585 19 11 1
2514 19 12 1
841 19 13 1
2857 19 14 1
507 18 10 1
4501 18 11 1
4110 18 12 1
110 18 13 1
1737 18 14 1
667 17 10 1
759 17 11 1
1693 17 12 1
4494 17 13 1
3694 17 14 1
353 10 10 1
2259 10 11 1
180 10 12 1
1746 11 10 1
1023 11 11 1
3573 11 12 1
659 11 0 1
3133 11 1 1
3030 11 2 1
3434 11 3 1
4184 11 4 1
3792 11 5 1
913 11 6 1
3403 11 7 1
154 11 8 1
2678 11 9 1
2717 12 0 1
4431 12 1 1
1310 12 2 1
3245 12 3 1
1069 12 4 1
2284 12 5 1
4022 12 6 1
3277 12 7 1
1383 12 8 1
3542 12 9 1
3254 12 10 1
3447 12 11 1
2513 12 12 1
4265 19 0 1
2295 19 1 1
57 19 2 1
1646 19 3 1
3298 19 4 1
2418 18 0 1
2559 18 1 1
2378 18 2 1
2962 18 3 1
3544 18 4 1
3797 17 0 1
4655 17 1 1
2789 17 2 1
902 17 3 1
696 17 4 1
2071 16 0 1
1001 16 1 1
3765 16 2 1
1952 16 3 1
290 16 4 1
4411 15 0 1
2255 15 1 1
3033 15 2 1
288 15 3 1
2815 15 4 1
3010 14 0 1
4367 14 1 1
1096 14 2 1
2906 14 3 1
4198 14 4 1
1536 13 0 1
1305 13 1 1
135 13 2 1
618 13 3 1
1920 13 4 1
3949 13 5 1
1896 13 6 1
3633 13 7 1
256 13 8 1
4549 13 9 1
4261 13 10 1
3397 13 11 1
2440 13 12 1
2318 19 9 1
3665 18 9 1
153 17 9 1
804 16 9 1
1975 15 9 1
3868 19 8 1
4491 18 8 1
420 17 8 1
1451 16 8 1
4142 15 8 1
3554 19 5 1
3283 19 6 1
2888 19 7 1
596 18 5 1
4336 18 6 1
3042 18 7 1
187 17 5 1
654 17 6 1
243 17 7 1
1830 16 5 1
757 16 6 1
302 16 7 1
4011 15 5 1
105 15 6 1
1509 15 7 1
303 14 5 1
196 14 6 1
4298 14 7 1
3909 14 8 1
2286 14 9 1
1555 14 10 1
2812 14 11 1
613 14 12 1
3348 15 10 1
570 15 11 1
3722 15 12 1
1983 16 10 1
3001 16 11 1
3592 16 12 1
3020 16 13 1
1726 16 14 1
1158 15 14 1
357 14 14 1
4617 13 14 1
4091 12 14 1
3323 11 14 1
4510 10 14 1
1681 9 14 1
3681 8 14 1
614 7 14 1
4161 6 14 1
4246 5 14 1
3204 15 13 1
108 14 13 1
2047 13 13 1
4009 12 13 1
2303 11 13 1
2543 10 13 1
4539 9 13 1
2615 8 13 1
2262 7 13 1
3788 6 13 1
3688 5 13 1
3975 5 12 1
1946 5 11 1
3891 5 10 1
1237 5 9 1
2121 5 8 1
4310 5 6 1
3330 5 7 1
1210 9 12 1
3712 8 12 1
1787 7 12 1
777 6 12 1
2468 9 11 1
1780 8 11 1
4363 7 11 1
677 6 11 1
655 9 10 1
3354 8 10 1
2889 7 10 1
3054 6 10 1
2938 6 9 1
4454 6 8 1
405 6 7 1
3748 7 9 1
1641 7 8 1
844 7 7 1
4015 10 9 1
3255 9 9 1
3829 8 9 1
4224 10 8 1
2530 9 8 1
2460 8 8 1
3327 10 7 1
2749 9 7 1
2506 8 7 1
2684 10 6 1
4610 9 6 1
1743 8 6 1
1591 7 6 1
1418 6 6 1
3680 10 5 1
2240 9 5 1
640 8 5 1
1358 7 5 1
2790 6 5 1
3326 5 5 1
1425 10 4 1
927 9 4 1
4414 8 4 1
1556 7 4 1
4586 6 4 1
3551 5 4 1
1009 10 3 1
2397 9 3 1
4647 8 3 1
807 7 3 1
728 6 3 1
3413 5 3 1
3239 10 2 1
2209 9 2 1
512 8 2 1
1513 7 2 1
3002 6 2 1
542 5 2 1
3776 4 2 1
128 10 1 1
4542 9 1 1
3039 8 1 1
1579 7 1 1
3148 6 1 1
315 5 1 1
2115 4 1 1
3964 10 0 1
763 9 0 1
2927 8 0 1
1231 7 0 1
2058 6 0 1
4404 5 0 1
3616 4 0 1
887 10 0 26
3376 9 0 26
2100 8 0 26
2278 7 0 26
1715 6 0 26
4608 5 0 26
2519 10 1 28
4099 9 1 28
3167 8 1 28
1961 7 1 28
4302 6 1 28
3442 5 1 28
2548 10 2 30
2491 9 2 30
139 8 2 30
2006 7 2 30
15 6 2 30
3709 10 3 32
4037 9 3 32
78 8 3 32
2517 7 3 32
4036 6 3 32
3124 10 4 34
4225 9 4 34
4420 8 4 34
3872 7 4 34
4218 6 4 34
3252 10 5 35
4170 9 5 35
2890 8 5 35
3567 7 5 35
2499 10 6 36
2840 9 6 36
1094 10 8 37
1112 9 8 37
3995 10 7 37
2661 9 7 37
2722 7 9 38
4493 7 8 38
2991 10 9 38
3818 9 9 38
2471 8 9 38
3987 8 8 38
3144 9 11 39
3895 8 11 39
1811 7 11 39
539 9 10 39
1241 8 10 39
3869 7 10 39
1740 5 6 40
2549 9 12 40
1402 8 12 40
1797 7 12 40
73 6 12 40
4600 6 11 40
2798 6 10 40
269 6 9 40
4323 6 8 40
3555 15 13 43
4349 14 13 43
2242 13 13 43
3318 12 13 43
2051 11 13 43
2843 10 13 43
3611 9 13 43
2030 8 13 43
4050 7 13 43
3016 6 13 43
805 16 10 45
472 16 11 45
3503 15 10 46
1169 15 11 46
3305 14 5 47
1155 14 6 47
1450 15 5 48
985 15 6 48
1898 16 5 50
1857 16 6 50
1319 18 5 51
948 18 6 51
1289 17 5 51
1909 17 6 51
3920 19 5 52
4186 19 6 52
2383 19 7 52
817 18 7 52
2092 17 7 52
548 16 7 52
2370 19 9 53
3508 18 9 53
3934 17 9 53
3610 16 9 53
1401 15 9 53
4143 19 8 53
921 18 8 53
1573 17 8 53
796 16 8 53
1417 15 8 53
2064 15 7 53
4466 14 7 53
1205 14 8 53
4526 14 9 53
749 14 10 53
359 14 11 53
3815 13 0 55
3329 13 1 55
1538 13 2 55
2316 13 3 55
3180 14 0 56
1997 14 1 56
2290 14 2 56
3035 14 3 56
3599 15 0 57
849 15 1 57
239 15 2 57
1195 15 3 57
2023 17 0 58
509 17 1 58
1551 17 2 58
1667 17 3 58
4606 16 0 58
4607 16 1 58
1106 16 2 58
752 16 3 58
3689 18 0 60
5 18 1 60
92 18 2 60
2952 18 3 60
1348 19 0 61
625 19 1 61
1477 19 2 61
2393 19 3 61
2481 19 4 61
774 18 4 61
1600 17 4 61
4059 16 4 61
2655 15 4 61
3562 14 4 61
1005 13 4 61
363 13 5 61
517 13 6 61
4438 13 7 61
1464 13 8 61
953 13 9 61
400 13 10 61
2182 13 11 61
1592 12 0 63
2428 12 1 63
3472 12 2 63
1385 12 3 63
3663 12 4 63
1479 12 5 63
292 12 6 63
2415 12 7 63
411 12 8 63
4003 11 0 66
3129 11 1 66
637 11 2 66
606 11 3 66
668 11 4 66
2237 11 5 66
1971 11 6 66
1017 11 7 66
909 11 8 66
2959 11 9 66
3717 10 10 67
1227 10 11 67
4638 10 12 67
1841 11 10 67
4472 11 11 67
2660 11 12 67
1942 17 10 68
1496 17 11 68
1918 17 12 68
2940 17 13 68
634 19 10 69
599 19 11 69
2384 19 12 69
604 19 13 69
3219 19 14 69
3760 18 10 69
1209 18 11 69
2458 18 12 69
1989 18 13 69
2169 18 14 69
2407 17 14 69
3079 19 15 71
866 18 15 71
2185 17 15 71
305 16 15 71
938 15 15 71
2585 19 16 73
4341 18 16 73
4285 17 16 73
2695 16 16 73
3504 15 16 73
2188 19 17 74
3463 18 17 74
2088 17 17 74
883 16 17 74
727 15 17 74
1138 19 18 75
4309 18 18 75
1730 17 18 75
3080 16 18 75
3141 15 18 75
2821 19 19 76
3218 18 19 76
3307 17 19 76
4242 16 19 76
4264 15 19 76
2970 14 19 76
901 14 18 76
2056 14 17 76
4271 12 19 77
1736 12 18 77
1924 12 17 77
4609 12 16 77
1910 13 19 77
4179 13 18 77
1827 13 17 77
1521 13 16 77
4513 10 3 77
2247 9 3 77
4206 8 3 77
879 7 3 77
1873 6 3 77
240 11 16 78
3782 10 16 78
2651 9 16 78
3380 11 18 79
3117 10 18 79
1291 9 18 79
792 11 17 79
1219 10 17 79
3464 9 17 79
3674 4 6 80
4070 5 16 80
3884 11 19 80
77 10 19 80
538 9 19 80
3430 8 19 80
403 8 18 80
3443 8 17 80
3143 8 16 80
3946 3 5 82
2452 3 6 82
1931 4 16 82
1459 4 15 82
1085 4 14 82
1867 4 13 82
3759 4 12 82
2613 4 11 82
1407 4 10 82
68 4 9 82
4481 4 8 82
3195 9 10 83
377 8 10 83
2329 7 10 83
682 6 16 84
4497 10 1 84
4506 9 1 84
1871 8 1 84
3622 7 1 84
2864 6 1 84
3739 5 1 84
4572 7 16 85
1650 7 17 85
3094 6 17 85
4260 5 17 85
2320 4 17 85
4138 9 6 85
1250 7 18 86
4344 6 18 86
2135 5 18 86
3517 4 18 86
425 7 19 87
361 6 19 87
834 5 19 87
3363 4 19 87
1093 3 19 87
3561 3 18 87
1091 3 17 87
4383 3 16 87
3696 15 10 88
3965 15 11 88
3745 2 19 89
3259 2 18 89
1962 2 17 89
47 2 16 89
103 15 5 89
2294 15 6 89
2046 14 6 89
2844 10 7 89
1803 9 7 89
3210 1 19 90
3221 1 18 90
3838 1 17 90
2839 1 16 90
1382 19 8 90
3648 18 8 90
2724 17 8 90
69 16 8 90
3344 10 9 90
3710 9 9 90
17 8 9 90
2341 2 14 91
1008 2 13 91
2522 2 12 91
1150 0 19 91
1981 0 18 91
1713 0 17 91
3256 0 16 91
3404 0 15 91
434 1 15 91
3050 2 15 91
3771 3 15 91
3866 3 14 91
776 3 13 91
18 3 12 91
3131 10 4 91
3548 9 4 91
3761 8 4 91
4425 7 4 91
4473 6 4 91
2170 2 5 92
1577 2 6 92
2980 0 14 92
4456 0 13 92
2327 0 12 92
116 0 11 92
557 1 14 92
1860 1 13 92
3682 1 12 92
3417 1 11 92
96 2 11 92
106 3 11 92
1431 3 10 92
3576 3 9 92
3231 3 8 92
1999 14 16 92
1858 14 15 92
4449 13 15 92
2950 12 15 92
10467 milli sec 
point:403600
