768
5714 11 6 1
3923 11 5 1
2562 11 4 1
3017 11 3 1
1786 11 2 1
359 11 1 1
1804 11 0 1
2975 12 6 1
1313 12 5 1
958 12 4 1
4122 12 3 1
3383 12 2 1
4454 12 1 1
5854 12 0 1
3939 13 6 1
4525 13 5 1
3628 13 4 1
3979 13 3 1
5129 13 2 1
5953 13 1 1
5326 13 0 1
5095 0 19 1
664 0 18 1
5258 0 17 1
4516 0 16 1
35 0 15 1
5382 0 14 1
2745 0 13 1
1314 0 12 1
5005 0 7 1
3524 0 8 1
385 0 9 1
2366 0 10 1
1379 0 11 1
3199 1 19 1
2852 1 18 1
1121 1 17 1
5471 1 16 1
3682 1 15 1
3585 1 14 1
674 1 13 1
1100 1 12 1
2085 1 7 1
2566 1 8 1
1423 1 9 1
1798 1 10 1
199 1 11 1
6090 2 19 1
3474 2 18 1
4872 2 17 1
5365 2 16 1
1522 2 15 1
5177 2 14 1
4652 2 13 1
5322 2 12 1
2000 2 7 1
2406 2 8 1
1195 2 9 1
882 2 10 1
1879 2 11 1
20 3 19 1
6264 3 18 1
5966 3 17 1
931 3 16 1
513 3 15 1
5458 3 14 1
4171 3 13 1
4762 3 12 1
4295 3 7 1
5351 3 8 1
1745 3 9 1
1369 3 10 1
5891 3 11 1
4634 4 19 1
2110 4 18 1
2450 4 17 1
5103 4 16 1
5235 4 15 1
4497 4 14 1
940 4 13 1
5634 4 12 1
340 4 7 1
3310 4 8 1
6238 4 9 1
4150 4 10 1
1871 4 11 1
4864 9 19 1
4203 8 19 1
5604 7 19 1
5643 6 19 1
1989 5 19 1
2940 9 18 1
658 8 18 1
1610 7 18 1
5338 6 18 1
4129 5 18 1
6189 9 17 1
4489 8 17 1
28 7 17 1
1177 6 17 1
5064 5 17 1
3601 9 16 1
2160 8 16 1
1285 7 16 1
4386 6 16 1
811 5 16 1
831 9 15 1
1343 8 15 1
1916 7 15 1
924 6 15 1
1855 5 15 1
1757 5 14 1
526 5 13 1
5710 5 12 1
798 5 11 1
387 5 10 1
1849 5 7 1
2843 5 8 1
5580 5 9 1
2369 6 14 1
1340 6 13 1
4514 6 12 1
379 6 11 1
3125 6 10 1
1336 6 7 1
5358 6 8 1
3878 6 9 1
5287 7 14 1
5477 7 13 1
965 7 12 1
4794 7 11 1
2741 7 10 1
762 7 7 1
2222 7 8 1
4223 7 9 1
3958 8 14 1
2529 8 13 1
2651 8 12 1
4870 8 11 1
2758 8 10 1
4435 8 9 1
202 8 8 1
94 0 0 1
172 0 1 1
4747 0 2 1
490 0 3 1
6193 0 4 1
2515 0 5 1
5004 0 6 1
1566 1 0 1
5925 1 1 1
5799 1 2 1
5124 1 3 1
3248 1 4 1
449 1 5 1
1088 1 6 1
4467 2 0 1
6096 2 1 1
5780 2 2 1
2573 2 3 1
414 2 4 1
3046 2 5 1
2715 2 6 1
1848 3 0 1
4961 3 1 1
587 3 2 1
2797 3 3 1
3846 3 4 1
5084 3 5 1
838 3 6 1
2386 4 0 1
1965 4 1 1
3572 4 2 1
2795 4 3 1
2006 4 4 1
1201 4 5 1
4448 4 6 1
5996 5 0 1
1216 5 1 1
4939 5 2 1
3668 5 3 1
5285 5 4 1
1815 5 5 1
5568 5 6 1
154 6 0 1
261 6 1 1
5935 6 2 1
3783 6 3 1
1112 6 4 1
5242 6 5 1
5611 6 6 1
2064 7 0 1
5903 7 1 1
4777 7 2 1
3067 7 3 1
2312 7 4 1
1170 7 5 1
5770 7 6 1
4180 8 0 1
1487 8 1 1
4406 8 2 1
248 8 3 1
264 8 4 1
4395 8 5 1
2167 8 6 1
5292 8 7 1
1602 19 19 1
874 18 19 1
208 17 19 1
844 16 19 1
3948 15 19 1
3159 14 19 1
2306 13 19 1
2596 12 19 1
5273 11 19 1
1067 10 19 1
5736 19 18 1
3643 18 18 1
3996 17 18 1
3538 16 18 1
4482 15 18 1
361 14 18 1
5400 13 18 1
3211 12 18 1
4775 11 18 1
6262 10 18 1
3629 19 17 1
4899 18 17 1
1554 17 17 1
1069 16 17 1
6302 15 17 1
5074 14 17 1
2099 13 17 1
1733 12 17 1
1732 11 17 1
4166 10 17 1
382 19 16 1
5102 18 16 1
1762 17 16 1
4021 16 16 1
4894 15 16 1
5849 14 16 1
2815 13 16 1
819 12 16 1
1867 11 16 1
2042 10 16 1
3213 19 15 1
4673 18 15 1
6139 17 15 1
1642 16 15 1
3207 15 15 1
4600 14 15 1
2946 13 15 1
4312 12 15 1
3 11 15 1
1421 10 15 1
5497 19 14 1
4695 18 14 1
3222 17 14 1
5007 16 14 1
5413 15 14 1
2579 14 14 1
1483 13 14 1
4071 12 14 1
5225 11 14 1
2320 10 14 1
2335 9 14 1
6127 13 13 1
6142 12 13 1
2481 11 13 1
3351 10 13 1
1228 9 13 1
6103 13 12 1
1306 12 12 1
2541 11 12 1
5839 10 12 1
3678 9 12 1
764 13 11 1
5286 12 11 1
3288 11 11 1
5662 10 11 1
2388 9 11 1
4814 9 10 1
5802 9 9 1
4935 9 8 1
1151 9 0 1
1534 9 1 1
793 9 2 1
1564 9 3 1
763 9 4 1
3362 9 5 1
5311 9 6 1
2793 9 7 1
3903 10 10 1
6017 10 9 1
325 10 8 1
6298 10 0 1
6087 10 1 1
3708 10 2 1
6027 10 3 1
2863 10 4 1
5502 10 5 1
3414 10 6 1
3337 10 7 1
3154 11 10 1
2350 11 9 1
821 11 8 1
3103 11 7 1
4524 12 10 1
4149 12 9 1
2693 12 8 1
404 12 7 1
3981 13 10 1
6006 13 9 1
2939 13 8 1
2936 13 7 1
5810 14 13 1
1243 14 12 1
2807 14 11 1
5162 14 10 1
4290 14 9 1
2876 14 8 1
299 14 7 1
3751 19 13 1
3212 18 13 1
1970 17 13 1
5375 16 13 1
5930 15 13 1
2528 19 12 1
4161 18 12 1
2251 17 12 1
1085 16 12 1
1350 15 12 1
3602 19 11 1
445 18 11 1
4477 17 11 1
817 16 11 1
1902 15 11 1
1852 19 10 1
132 18 10 1
969 17 10 1
787 16 10 1
3274 15 10 1
3701 19 9 1
3828 18 9 1
5199 17 9 1
5914 16 9 1
2299 15 9 1
1096 19 8 1
4266 18 8 1
5728 17 8 1
3463 16 8 1
5248 15 8 1
3258 19 7 1
4444 18 7 1
4163 17 7 1
1091 16 7 1
815 15 7 1
4343 19 6 1
5741 18 6 1
2316 17 6 1
2482 16 6 1
4447 15 6 1
3134 14 6 1
5492 19 5 1
3753 18 5 1
4868 17 5 1
537 16 5 1
4855 15 5 1
3770 14 5 1
5911 19 4 1
522 18 4 1
4273 17 4 1
892 16 4 1
4861 15 4 1
1308 14 4 1
5041 19 3 1
3967 18 3 1
1332 17 3 1
3021 16 3 1
3573 15 3 1
2405 14 3 1
2095 19 2 1
4823 18 2 1
3962 17 2 1
492 16 2 1
3864 15 2 1
1364 14 2 1
683 19 1 1
1037 18 1 1
3058 17 1 1
1980 16 1 1
1223 15 1 1
6075 14 1 1
1915 19 0 1
5588 18 0 1
1271 17 0 1
3458 16 0 1
6209 15 0 1
5296 14 0 1
5688 19 0 28
1244 18 0 28
5483 17 0 28
1189 16 0 28
4674 15 0 28
5877 19 2 31
2292 18 2 31
2762 17 2 31
2184 16 2 31
3107 15 2 31
4370 19 1 31
725 18 1 31
160 17 1 31
534 16 1 31
3169 15 1 31
1000 19 3 32
4201 18 3 32
711 17 3 32
5623 16 3 32
512 15 3 32
2421 19 4 34
3402 18 4 34
790 17 4 34
651 16 4 34
3580 15 4 34
2480 19 5 36
6161 18 5 36
1952 17 5 36
4119 16 5 36
6173 15 5 36
2810 19 7 37
1399 18 7 37
5783 17 7 37
1814 16 7 37
653 19 6 37
5570 18 6 37
412 17 6 37
681 16 6 37
2717 19 8 38
4258 18 8 38
6071 17 8 38
193 16 8 38
3970 19 10 39
1968 18 10 39
742 17 10 39
2326 16 10 39
5617 19 9 39
1974 18 9 39
4339 17 9 39
6260 16 9 39
237 19 11 40
699 18 11 40
2901 17 11 40
3699 16 11 40
484 19 12 42
1894 18 12 42
2870 17 12 42
1837 16 12 42
505 19 13 43
2897 18 13 43
3178 17 13 43
5833 16 13 43
4949 15 13 43
3326 15 12 43
603 15 11 43
2553 15 10 43
4286 15 9 43
802 15 8 43
2647 14 13 44
2276 14 12 44
1600 14 11 44
3384 14 10 44
3488 14 9 44
6013 14 8 44
5472 12 10 46
1596 12 9 46
1292 12 8 46
5082 13 10 46
5649 13 9 46
3723 13 8 46
3411 11 10 47
1959 11 9 47
4207 11 8 47
5579 10 0 48
662 10 1 48
5720 10 2 48
5423 10 3 48
4630 10 4 48
1782 10 5 48
3443 10 6 48
2740 10 10 49
5948 10 9 49
96 10 8 49
6084 9 0 50
3350 9 1 50
3099 9 2 50
657 9 3 50
1555 9 4 50
1509 9 5 50
981 9 6 50
4671 13 11 51
5660 12 11 51
5476 11 11 51
4731 10 11 51
1451 13 13 52
464 12 13 52
1923 11 13 52
3064 10 13 52
285 13 12 52
3644 12 12 52
2953 11 12 52
2533 10 12 52
1376 19 14 55
4622 18 14 55
5432 17 14 55
3300 16 14 55
4361 15 14 55
6008 14 14 55
353 13 14 55
2988 12 14 55
949 11 14 55
1488 19 15 56
5151 18 15 56
1022 17 15 56
5216 16 15 56
1347 15 15 56
4867 14 15 56
1183 13 15 56
960 12 15 56
3293 11 15 56
1155 19 16 58
3290 18 16 58
2009 17 16 58
2283 16 16 58
3959 15 16 58
745 14 16 58
5705 13 16 58
1857 12 16 58
2248 11 16 58
3035 19 17 60
155 18 17 60
700 17 17 60
530 16 17 60
5620 15 17 60
3896 14 17 60
5136 13 17 60
2987 12 17 60
103 11 17 60
2152 19 18 64
3368 18 18 64
1758 17 18 64
203 16 18 64
5289 15 18 64
582 14 18 64
5063 13 18 64
5159 12 18 64
218 11 18 64
4838 19 19 66
768 18 19 66
149 17 19 66
4314 16 19 66
5466 15 19 66
5881 14 19 66
1800 13 19 66
5484 12 19 66
2243 11 19 66
5912 10 19 66
5348 8 0 67
1754 8 1 67
6111 8 2 67
1896 8 3 67
1150 8 4 67
830 8 5 67
338 10 18 67
4828 10 17 67
1964 10 16 67
5239 7 0 68
3927 7 1 68
2512 7 2 68
2572 7 3 68
3034 7 4 68
178 7 5 68
3741 6 0 69
3739 6 1 69
2981 6 2 69
1797 6 3 69
176 6 4 69
5227 6 5 69
5559 5 0 70
5134 5 1 70
648 5 2 70
941 5 3 70
4382 5 4 70
3020 5 5 70
2074 3 0 71
2389 3 1 71
2439 3 2 71
2976 3 3 71
2020 3 4 71
1747 3 5 71
3400 4 0 71
2963 4 1 71
6159 4 2 71
2752 4 3 71
457 4 4 71
5726 4 5 71
4169 2 0 72
4227 2 1 72
4154 2 2 72
2771 2 3 72
2513 2 4 72
4329 2 5 72
1040 0 0 74
1363 0 1 74
4158 0 2 74
3843 0 3 74
6133 0 4 74
1680 0 5 74
4608 0 6 74
1559 1 0 74
1301 1 1 74
3913 1 2 74
110 1 3 74
1957 1 4 74
1080 1 5 74
4363 1 6 74
925 8 14 76
5899 8 13 76
788 8 12 76
5086 8 11 76
292 8 10 76
2430 7 14 77
1068 7 13 77
3144 7 12 77
3677 7 11 77
5592 7 10 77
3063 7 7 77
5284 7 8 77
5139 6 14 78
5138 6 13 78
97 6 12 78
3208 6 11 78
4035 6 10 78
5155 6 7 78
5421 6 8 78
4322 5 7 80
1744 5 8 80
1612 9 16 82
1465 8 16 82
994 7 16 82
5630 6 16 82
383 9 15 82
3166 8 15 82
3341 7 15 82
57 6 15 82
2460 9 17 83
503 8 17 83
3636 7 17 83
5385 6 17 83
1265 19 9 83
1662 18 9 83
953 17 9 83
2739 16 9 83
1853 9 18 84
6101 8 18 84
2298 7 18 84
626 6 18 84
6036 9 19 85
4815 8 19 85
4715 7 19 85
5937 6 19 85
758 5 19 85
6289 5 18 85
1260 5 17 85
4696 5 16 85
4415 5 15 85
5682 5 14 85
4018 5 13 85
5709 5 12 85
6162 19 0 85
6191 18 0 85
1713 17 0 85
5596 16 0 85
5610 15 0 85
2817 4 7 86
3931 4 8 86
1943 4 9 86
1829 4 10 86
469 19 1 87
4384 18 1 87
860 17 1 87
1142 16 1 87
3954 15 1 87
1778 3 7 88
2934 3 8 88
6296 3 9 88
69 3 10 88
187 4 19 88
4544 4 18 88
3352 4 17 88
1442 4 16 88
1415 4 15 88
1404 4 14 88
5204 4 13 88
4128 4 12 88
2887 19 6 88
5150 18 6 88
6129 17 6 88
1934 16 6 88
4602 3 19 89
4367 3 18 89
5032 3 17 89
489 3 16 89
538 3 15 89
867 3 14 89
4230 3 13 89
4578 3 12 89
4874 14 13 89
1705 14 12 89
1101 14 11 89
5850 14 10 89
6290 14 9 89
3594 14 8 89
3960 19 4 89
822 18 4 89
560 17 4 89
3865 16 4 89
5275 15 4 89
2928 2 7 91
1611 2 8 91
4879 2 9 91
6204 2 10 91
5109 13 12 92
4893 12 12 92
4685 11 12 92
1098 10 12 92
1335 13 10 92
3355 13 9 92
64 13 8 92
1441 19 11 92
2909 18 11 92
4530 17 11 92
5126 16 11 92
4520 2 19 93
2173 2 18 93
3095 2 17 93
2622 2 16 93
3044 2 15 93
3027 2 14 93
5555 2 13 93
1869 2 12 93
1753 10 1 93
2896 10 2 93
3535 10 3 93
324 10 4 93
4304 10 5 93
4915 10 6 93
2598 11 9 93
5265 11 8 93
5767 1 7 94
1351 1 8 94
1358 1 9 94
5613 1 10 94
6243 18 8 94
2838 17 8 94
6218 16 8 94
2603 18 7 94
4441 17 7 94
13286 milli sec 
point:451500
