758
4776 0 7 1
4583 0 6 1
1853 0 5 1
2548 0 4 1
2298 0 3 1
5449 0 2 1
2674 0 1 1
1638 0 0 1
3571 1 7 1
554 1 6 1
2872 1 5 1
2546 1 4 1
3175 1 3 1
1632 1 2 1
4410 1 1 1
43 1 0 1
1553 2 7 1
344 2 6 1
2873 2 5 1
2185 2 4 1
2812 2 3 1
3946 2 2 1
1712 2 1 1
2352 2 0 1
1413 3 7 1
163 3 6 1
1817 3 5 1
3727 3 4 1
230 3 3 1
826 3 2 1
383 3 1 1
2578 3 0 1
1682 4 7 1
4309 4 6 1
424 4 5 1
5278 4 4 1
2730 4 3 1
1894 4 2 1
3176 4 1 1
249 4 0 1
3129 5 7 1
3703 5 6 1
2653 5 5 1
136 5 4 1
4125 5 3 1
1611 5 2 1
1058 5 1 1
4435 5 0 1
1193 6 7 1
961 6 6 1
2833 6 5 1
3996 6 4 1
4360 6 3 1
2004 6 2 1
4264 6 1 1
4884 6 0 1
1053 0 19 1
3285 0 18 1
3792 0 17 1
1751 0 16 1
2307 0 15 1
2143 0 14 1
708 0 13 1
1958 0 12 1
5029 0 11 1
3743 0 10 1
3368 0 9 1
2214 0 8 1
1236 1 19 1
2514 1 18 1
1182 1 17 1
3258 1 16 1
1843 1 15 1
1588 1 14 1
4582 1 13 1
3976 1 12 1
2818 1 11 1
2168 1 10 1
5296 1 9 1
5275 1 8 1
777 2 19 1
3185 2 18 1
316 2 17 1
4145 2 16 1
1834 2 15 1
1794 2 14 1
1204 2 13 1
955 2 12 1
3975 2 11 1
4029 2 10 1
2301 2 9 1
193 2 8 1
542 3 19 1
5 3 18 1
3740 3 17 1
4762 3 16 1
1424 3 15 1
4452 3 14 1
105 3 13 1
5116 3 12 1
709 3 11 1
1797 3 10 1
4602 3 9 1
991 3 8 1
1897 4 19 1
649 4 18 1
3144 4 17 1
5134 4 16 1
1508 4 15 1
1915 4 14 1
59 4 13 1
2827 4 12 1
1562 4 11 1
2909 4 10 1
721 4 9 1
665 4 8 1
3152 10 19 1
3875 9 19 1
816 8 19 1
511 7 19 1
5041 6 19 1
2756 5 19 1
2685 10 18 1
1216 9 18 1
2033 8 18 1
3360 7 18 1
1176 6 18 1
4285 5 18 1
1207 10 17 1
122 9 17 1
3842 8 17 1
2992 7 17 1
4017 6 17 1
4352 5 17 1
5370 10 16 1
1428 9 16 1
2944 8 16 1
2836 7 16 1
4841 6 16 1
3497 5 16 1
2420 10 15 1
5070 9 15 1
2010 8 15 1
2517 7 15 1
375 6 15 1
1772 5 15 1
632 5 14 1
299 5 13 1
3036 5 12 1
5074 5 11 1
1866 5 10 1
5215 5 9 1
1527 5 8 1
1106 6 14 1
779 6 13 1
2701 6 12 1
4149 6 11 1
3737 6 10 1
4914 6 9 1
4696 6 8 1
2325 7 14 1
276 7 13 1
1845 7 12 1
963 7 11 1
4568 7 10 1
2018 7 9 1
4251 7 8 1
1971 8 14 1
716 8 13 1
3898 8 12 1
4798 8 11 1
2157 8 10 1
530 8 9 1
3274 8 8 1
4402 10 14 1
4123 9 14 1
1504 10 13 1
3416 9 13 1
855 10 12 1
71 9 12 1
2838 10 11 1
2334 9 11 1
1579 9 10 1
691 9 9 1
4279 9 8 1
1165 10 10 1
2171 10 9 1
1811 10 8 1
3172 11 19 1
4773 11 18 1
2993 11 17 1
4313 11 16 1
3214 11 15 1
4427 11 14 1
5393 11 13 1
834 11 12 1
293 11 11 1
4361 11 10 1
3236 11 9 1
5375 11 8 1
3881 12 19 1
1556 12 18 1
4510 12 17 1
4886 12 16 1
418 12 15 1
2013 12 14 1
318 12 13 1
4546 12 12 1
4936 12 11 1
2912 12 10 1
5180 12 9 1
2754 12 8 1
2241 13 19 1
3445 13 18 1
3230 13 17 1
2460 13 16 1
1952 13 15 1
1713 13 14 1
2281 13 13 1
3501 13 12 1
1241 13 11 1
4540 13 10 1
4585 13 9 1
1551 13 8 1
2780 19 19 1
4935 18 19 1
5145 17 19 1
1068 16 19 1
1031 15 19 1
2306 14 19 1
4445 19 18 1
2892 18 18 1
4686 17 18 1
2994 16 18 1
1298 15 18 1
2731 14 18 1
4474 19 17 1
1980 18 17 1
492 17 17 1
693 16 17 1
2631 15 17 1
2252 14 17 1
1003 19 16 1
823 18 16 1
1942 17 16 1
3570 16 16 1
8 15 16 1
5226 14 16 1
51 19 15 1
351 18 15 1
5146 17 15 1
2154 16 15 1
3094 15 15 1
3972 14 15 1
1587 19 14 1
5267 18 14 1
5380 17 14 1
1517 16 14 1
5169 15 14 1
3213 14 14 1
2021 19 13 1
4305 18 13 1
4688 17 13 1
3292 16 13 1
2825 15 13 1
3559 14 13 1
863 19 12 1
1867 18 12 1
446 17 12 1
4239 16 12 1
10 15 12 1
4594 14 12 1
3614 19 11 1
4906 18 11 1
3382 17 11 1
659 16 11 1
4986 15 11 1
4596 14 11 1
4371 19 10 1
3227 18 10 1
4118 17 10 1
3351 16 10 1
1113 15 10 1
4753 14 10 1
2105 19 9 1
4045 18 9 1
3454 17 9 1
2053 16 9 1
2777 15 9 1
669 14 9 1
3742 19 8 1
240 18 8 1
5118 17 8 1
4493 16 8 1
4394 15 8 1
3564 14 8 1
1535 19 7 1
5130 18 7 1
2802 17 7 1
1884 16 7 1
3283 15 7 1
4318 14 7 1
1524 13 7 1
2355 12 7 1
1277 11 7 1
4070 10 7 1
1507 9 7 1
620 8 7 1
2844 7 7 1
5263 19 6 1
2588 18 6 1
1048 17 6 1
3645 16 6 1
2288 15 6 1
2346 14 6 1
1785 13 6 1
4326 12 6 1
4667 11 6 1
4099 10 6 1
1767 9 6 1
4036 8 6 1
3182 7 6 1
4495 19 5 1
3590 18 5 1
1716 17 5 1
1184 16 5 1
2576 15 5 1
1299 14 5 1
2652 13 5 1
1862 12 5 1
3825 11 5 1
3604 10 5 1
724 9 5 1
3785 8 5 1
1232 7 5 1
437 19 4 1
2660 18 4 1
4957 17 4 1
1025 16 4 1
5105 15 4 1
2465 14 4 1
2875 13 4 1
2091 12 4 1
441 11 4 1
3711 10 4 1
5060 9 4 1
1962 8 4 1
1864 7 4 1
2634 19 3 1
761 18 3 1
3464 17 3 1
5148 16 3 1
2932 15 3 1
2570 14 3 1
1250 13 3 1
2765 12 3 1
4883 11 3 1
3345 10 3 1
938 9 3 1
4847 8 3 1
2398 7 3 1
1305 19 2 1
3723 18 2 1
2855 17 2 1
2246 16 2 1
746 15 2 1
3054 14 2 1
4240 13 2 1
2955 12 2 1
2336 11 2 1
313 10 2 1
1181 9 2 1
3383 8 2 1
3548 7 2 1
3135 19 1 1
4134 18 1 1
4940 17 1 1
2266 16 1 1
2911 15 1 1
1412 14 1 1
524 13 1 1
545 12 1 1
2751 11 1 1
1432 10 1 1
1735 9 1 1
4541 8 1 1
3840 7 1 1
2534 19 0 1
2820 18 0 1
3669 17 0 1
5310 16 0 1
500 15 0 1
3306 14 0 1
4806 13 0 1
2639 12 0 1
2900 11 0 1
1992 10 0 1
1646 9 0 1
4917 8 0 1
2626 7 0 1
4523 19 0 30
4778 18 0 30
1757 17 0 30
702 16 0 30
85 15 0 30
3681 14 0 30
1824 13 0 30
1890 12 0 30
668 11 0 30
2314 10 0 30
3322 9 0 30
629 8 0 30
4294 19 1 34
1676 18 1 34
3385 17 1 34
2876 16 1 34
3420 15 1 34
4804 14 1 34
2527 13 1 34
4821 12 1 34
1597 11 1 34
5297 10 1 34
3391 9 1 34
1605 8 1 34
3563 19 2 35
2853 18 2 35
5280 17 2 35
3204 16 2 35
3087 15 2 35
948 14 2 35
5260 13 2 35
2456 12 2 35
3507 11 2 35
39 10 2 35
3828 9 2 35
1503 8 2 35
3260 19 3 40
1209 18 3 40
829 17 3 40
4080 16 3 40
4460 15 3 40
4116 14 3 40
3995 13 3 40
3955 12 3 40
5211 11 3 40
849 10 3 40
165 9 3 40
1983 8 3 40
4257 19 4 41
1923 18 4 41
2095 17 4 41
2103 16 4 41
3831 15 4 41
5224 14 4 41
2381 13 4 41
3868 12 4 41
4405 11 4 41
317 10 4 41
1816 9 4 41
1365 8 4 41
621 19 5 44
630 18 5 44
3427 17 5 44
5048 16 5 44
2688 15 5 44
3310 14 5 44
2935 13 5 44
2561 12 5 44
1063 11 5 44
2808 10 5 44
3031 9 5 44
4780 8 5 44
4865 19 6 47
5372 18 6 47
1008 17 6 47
145 16 6 47
15 15 6 47
733 14 6 47
1938 13 6 47
786 12 6 47
2001 11 6 47
4507 10 6 47
4534 9 6 47
44 8 6 47
3625 19 7 49
5094 18 7 49
683 17 7 49
4918 16 7 49
5186 15 7 49
5453 19 8 50
3882 18 8 50
21 17 8 50
3235 16 8 50
3782 15 8 50
2605 19 10 51
426 18 10 51
415 17 10 51
4291 16 10 51
671 15 10 51
5184 19 9 51
330 18 9 51
939 17 9 51
4225 16 9 51
5313 15 9 51
4814 19 11 52
2459 18 11 52
4942 17 11 52
236 16 11 52
4748 15 11 52
3915 19 13 53
3834 18 13 53
550 17 13 53
4998 16 13 53
1437 15 13 53
3085 19 12 53
2999 18 12 53
566 17 12 53
5127 16 12 53
2556 15 12 53
2234 19 14 56
3147 18 14 56
4863 17 14 56
3257 16 14 56
4039 15 14 56
4818 19 15 57
3066 18 15 57
4349 17 15 57
1035 16 15 57
3584 15 15 57
434 19 16 58
2507 18 16 58
4524 17 16 58
4067 16 16 58
1898 15 16 58
3320 19 17 59
3219 18 17 59
4854 17 17 59
3686 16 17 59
3877 15 17 59
4564 19 18 60
2101 18 18 60
1498 17 18 60
3050 16 18 60
4953 15 18 60
2610 19 19 61
1493 18 19 61
4024 17 19 61
4648 16 19 61
4876 15 19 61
1251 14 19 61
4896 14 18 61
2323 14 17 61
4148 14 16 61
4927 14 15 61
377 14 14 61
1214 14 13 61
2789 13 19 63
2550 13 18 63
453 13 17 63
4363 13 16 63
2183 13 15 63
2742 13 14 63
960 13 13 63
3231 13 12 63
1748 13 11 63
5160 13 10 63
584 13 9 63
1917 12 19 65
4767 12 18 65
3138 12 17 65
2967 12 16 65
4653 12 15 65
634 12 14 65
3130 12 13 65
4638 12 12 65
3113 12 11 65
3014 12 10 65
4552 12 9 65
945 11 19 67
3196 11 18 67
3305 11 17 67
2493 11 16 67
2480 11 15 67
5396 11 14 67
4779 11 13 67
4910 11 12 67
3611 11 11 67
3495 11 10 67
3979 11 9 67
3482 10 10 68
217 10 9 68
2632 10 11 69
1091 10 14 70
1446 9 14 70
4584 10 13 70
4481 9 13 70
2084 10 12 70
4670 9 12 70
4106 9 11 70
1586 9 10 70
2431 9 9 70
3356 8 14 71
2842 8 13 71
4672 8 12 71
5387 8 11 71
972 8 10 71
3799 8 9 71
3660 6 14 72
3623 6 13 72
4152 6 12 72
5218 6 11 72
1893 6 10 72
2809 6 9 72
758 7 14 72
2920 7 13 72
3629 7 12 72
133 7 11 72
5356 7 10 72
525 7 9 72
1697 10 16 75
993 9 16 75
4825 8 16 75
1210 7 16 75
2549 6 16 75
3891 10 15 75
5037 9 15 75
1774 8 15 75
2567 7 15 75
5328 6 15 75
4768 10 17 77
4813 9 17 77
3059 8 17 77
3655 7 17 77
1859 6 17 77
3104 10 18 78
5439 9 18 78
220 8 18 78
5141 7 18 78
5388 6 18 78
4413 10 19 79
1595 9 19 79
201 8 19 79
2218 7 19 79
49 6 19 79
2112 5 19 79
1601 5 18 79
5189 5 17 79
149 5 16 79
5287 4 19 81
1331 4 18 81
1282 4 17 81
2297 4 16 81
4996 4 15 81
2642 4 14 81
2405 4 13 81
4142 4 12 81
4677 4 11 81
2008 4 10 81
3074 4 9 81
2782 3 19 82
371 3 18 82
2237 3 17 82
3847 3 16 82
4699 3 15 82
4011 3 14 82
4503 3 13 82
5300 3 12 82
4557 3 11 82
5047 3 10 82
376 3 9 82
1770 5 15 82
2342 5 14 82
2160 5 13 82
5416 5 12 82
4205 5 11 82
2209 5 10 82
3566 5 9 82
4258 2 19 84
2322 2 18 84
2189 2 17 84
3820 2 16 84
5336 2 15 84
3477 2 14 84
2985 2 13 84
4268 2 12 84
2048 2 11 84
3329 2 10 84
3141 2 9 84
3220 19 9 87
339 18 9 87
2696 17 9 87
2259 16 9 87
1719 15 9 87
4000 1 19 88
4689 1 18 88
4690 1 17 88
2159 1 16 88
4554 1 15 88
4803 1 14 88
4396 1 13 88
3369 1 12 88
4972 1 11 88
1199 1 10 88
52 1 9 88
3545 19 12 88
1060 18 12 88
1891 17 12 88
3016 16 12 88
3005 15 12 88
495 0 19 89
2903 0 18 89
1123 0 17 89
2636 0 16 89
5135 0 15 89
4954 0 14 89
3362 0 13 89
552 0 12 89
3809 0 11 89
580 0 10 89
26 0 9 89
3086 0 8 89
1989 1 8 89
4479 2 8 89
1200 6 7 91
3956 6 6 91
635 6 5 91
4015 6 4 91
4337 6 3 91
4336 6 2 91
4467 6 1 91
2621 18 10 91
1557 17 10 91
3040 16 10 91
599 15 10 91
3863 5 7 92
2310 5 6 92
1281 5 5 92
2418 5 4 92
3081 5 3 92
4322 5 2 92
4195 5 1 92
4625 17 17 92
2291 16 17 92
1660 15 17 92
3268 17 8 93
2793 16 8 93
1172 15 8 93
2551 18 4 93
5343 17 4 93
4795 16 4 93
5089 15 4 93
439 14 4 93
586 13 4 93
5239 12 4 93
1889 11 4 93
252 10 4 93
1114 9 4 93
1865 8 4 93
11752 milli sec 
point:440825
