752
149 6 4 1
3325 0 4 1
2483 0 3 1
2253 0 2 1
754 0 0 1
3002 0 1 1
294 1 4 1
1290 1 3 1
52 1 2 1
4068 1 0 1
3618 1 1 1
1833 5 4 1
1708 4 4 1
3308 3 4 1
1697 2 4 1
874 5 3 1
2926 4 3 1
3222 3 3 1
3342 2 3 1
677 3 2 1
529 2 2 1
2924 2 0 1
1557 2 1 1
3483 3 0 1
1259 3 1 1
860 4 0 1
4128 4 1 1
1504 4 2 1
2213 5 0 1
2243 5 1 1
3403 5 2 1
2663 6 0 1
1926 6 1 1
4568 6 2 1
1823 6 3 1
985 7 4 1
1416 7 0 1
935 7 1 1
3248 7 2 1
564 7 3 1
4432 8 4 1
1805 9 0 1
1583 9 1 1
3407 8 0 1
79 8 1 1
1924 8 2 1
1043 8 3 1
1005 9 4 1
3748 9 3 1
4590 9 2 1
50 5 6 1
3745 5 5 1
1243 6 6 1
387 6 5 1
1269 5 8 1
2804 5 7 1
3898 6 8 1
3097 6 7 1
103 7 8 1
1209 7 7 1
2983 7 6 1
2764 7 5 1
958 3 11 1
3566 0 11 1
3467 0 10 1
3466 0 5 1
471 0 6 1
2980 0 7 1
2514 0 8 1
550 0 9 1
3143 1 11 1
3785 1 10 1
3115 2 5 1
4764 2 6 1
2543 2 7 1
4475 1 5 1
2535 1 6 1
2598 1 7 1
3522 1 8 1
3476 1 9 1
3780 2 11 1
3251 2 10 1
3450 2 8 1
1388 2 9 1
4411 3 5 1
1543 3 6 1
4154 3 7 1
3498 3 8 1
4350 3 9 1
986 3 10 1
827 4 11 1
4477 4 5 1
1998 4 6 1
3218 4 7 1
336 4 8 1
2338 4 9 1
3563 4 10 1
1874 0 13 1
3517 0 12 1
4567 1 13 1
1523 1 12 1
4084 0 16 1
3753 0 15 1
2655 0 14 1
3775 1 16 1
2031 1 15 1
2959 1 14 1
3150 0 19 1
2192 0 18 1
148 0 17 1
467 1 19 1
4530 1 18 1
1217 1 17 1
3981 2 19 1
761 2 18 1
577 2 17 1
4424 2 16 1
2002 2 15 1
3175 2 14 1
3963 2 13 1
3487 2 12 1
3842 5 19 1
4228 4 19 1
1553 3 19 1
3322 5 18 1
1114 4 18 1
3650 3 18 1
1119 5 17 1
572 4 17 1
3855 3 17 1
3286 7 16 1
2595 6 19 1
1330 6 18 1
3555 6 17 1
365 7 19 1
3313 7 18 1
328 7 17 1
366 9 19 1
4165 8 19 1
1545 9 18 1
157 8 18 1
4454 11 19 1
2387 10 19 1
3364 11 18 1
1339 10 18 1
206 11 17 1
4694 10 17 1
3375 9 17 1
2918 8 17 1
3757 11 16 1
3518 10 16 1
1563 9 16 1
2024 8 16 1
4399 11 13 1
2539 11 14 1
1574 11 15 1
3039 10 13 1
1718 10 14 1
571 10 15 1
2371 9 15 1
2632 8 15 1
498 7 15 1
3896 9 13 1
2130 9 14 1
4614 8 13 1
217 8 14 1
2051 7 13 1
2163 7 14 1
2451 6 13 1
433 6 14 1
2714 6 15 1
1991 6 16 1
1898 5 14 1
2805 5 15 1
3106 5 16 1
4604 4 14 1
463 4 15 1
4726 4 16 1
3574 3 16 1
3912 3 15 1
2854 3 14 1
238 3 13 1
2232 3 12 1
4751 4 13 1
123 4 12 1
2774 5 13 1
1979 5 12 1
4388 5 11 1
2783 5 9 1
1319 5 10 1
2697 6 12 1
2088 6 11 1
2556 6 10 1
1490 6 9 1
1827 7 12 1
2953 7 11 1
1125 7 10 1
2341 7 9 1
4657 8 12 1
1433 8 11 1
3465 8 10 1
4385 8 9 1
3114 8 8 1
4051 8 7 1
1394 8 6 1
1443 8 5 1
4775 9 12 1
2812 9 11 1
3281 9 10 1
3663 9 9 1
2095 9 8 1
2850 9 7 1
1748 9 6 1
4537 9 5 1
3648 10 6 1
2360 10 10 1
3353 10 9 1
1575 10 8 1
4040 10 7 1
1867 10 12 1
2355 10 11 1
3603 11 12 1
508 11 11 1
2760 12 12 1
4407 13 12 1
3288 13 11 1
3542 12 11 1
4022 13 10 1
615 12 10 1
2708 11 10 1
128 12 19 1
2375 12 18 1
3070 12 17 1
1251 12 16 1
3986 12 13 1
3076 12 14 1
355 12 15 1
2558 13 19 1
398 13 18 1
4174 13 17 1
1276 13 16 1
748 15 13 1
1325 15 14 1
1258 14 13 1
3295 14 14 1
2553 13 13 1
4370 13 14 1
4354 13 15 1
3989 14 16 1
3990 14 15 1
4216 14 19 1
1420 14 18 1
2049 14 17 1
2042 15 19 1
2218 15 18 1
1242 15 17 1
2166 15 16 1
2231 15 15 1
2217 16 19 1
4521 16 18 1
4202 16 17 1
1399 16 16 1
1332 16 15 1
2413 19 19 1
2254 18 19 1
1878 17 19 1
473 19 18 1
738 18 18 1
1096 17 18 1
9 19 17 1
4095 18 17 1
1591 17 17 1
1218 19 16 1
2171 18 16 1
3167 17 16 1
2852 19 15 1
431 18 15 1
1610 17 15 1
687 19 14 1
4405 18 14 1
4672 17 14 1
3260 16 14 1
2167 19 13 1
2257 18 13 1
3333 17 13 1
956 16 13 1
3975 16 12 1
1277 15 12 1
1313 14 12 1
184 19 12 1
1905 18 12 1
385 17 12 1
2667 19 7 1
4054 19 8 1
3578 19 9 1
2027 19 10 1
2786 19 11 1
1286 18 7 1
2156 18 8 1
3263 18 9 1
608 18 10 1
4339 18 11 1
279 17 9 1
374 17 10 1
3851 17 11 1
2085 16 9 1
1592 16 10 1
4488 16 11 1
2899 15 11 1
1347 14 11 1
656 15 10 1
2962 14 10 1
2680 17 7 1
2128 17 8 1
3701 16 6 1
3592 16 7 1
976 16 8 1
1637 15 6 1
3415 15 7 1
3217 15 8 1
4155 15 9 1
3622 14 6 1
15 14 7 1
1505 14 8 1
4080 14 9 1
308 13 8 1
3016 13 9 1
924 12 8 1
4620 12 9 1
3203 11 9 1
3201 11 8 1
3547 11 7 1
4774 11 6 1
332 13 7 1
4150 12 7 1
3602 13 6 1
203 12 6 1
2768 14 5 1
533 13 5 1
339 12 5 1
1397 11 5 1
3608 10 5 1
1938 19 6 1
2453 18 6 1
1041 17 6 1
196 19 5 1
3473 18 5 1
1939 17 5 1
1503 16 5 1
2612 15 5 1
2223 17 4 1
3018 16 4 1
1173 15 4 1
2152 14 4 1
4519 13 4 1
299 12 4 1
3893 11 4 1
1239 10 4 1
1864 19 4 1
1531 18 4 1
12 19 3 1
3414 18 3 1
4409 19 0 1
3641 19 1 1
1535 19 2 1
3758 18 0 1
1266 18 1 1
144 18 2 1
3226 15 0 1
4224 15 1 1
3381 16 0 1
906 16 1 1
3144 17 0 1
2488 17 1 1
4482 17 2 1
815 17 3 1
4262 15 2 1
1781 16 2 1
94 16 3 1
4042 15 3 1
3537 14 0 1
1661 14 1 1
3385 14 2 1
1569 14 3 1
3677 13 0 1
81 13 1 1
2249 13 2 1
1418 13 3 1
3391 12 3 1
1282 11 3 1
3656 10 3 1
3193 10 2 1
4592 10 1 1
695 10 0 1
743 11 2 1
4322 11 1 1
3647 11 0 1
3773 12 2 1
2569 12 1 1
2315 12 0 1
2123 12 2 27
1003 12 1 27
1972 11 2 28
4374 11 1 28
4019 13 0 32
987 13 1 32
984 13 2 32
2968 14 0 33
87 14 1 33
4443 14 2 33
894 15 2 34
2664 16 2 34
4586 17 0 35
2109 15 0 36
3582 15 1 36
1899 16 0 36
1403 16 1 36
2053 17 1 36
261 18 0 38
2756 18 1 38
657 19 3 39
4134 19 0 39
1868 19 1 39
1618 19 2 39
2374 19 4 40
2429 18 4 40
1340 18 3 40
3078 18 2 40
4203 17 2 40
4269 17 3 40
2746 16 3 40
1421 15 3 40
1780 14 3 40
1434 13 3 40
2268 12 3 40
1974 11 3 40
4569 17 4 42
2146 16 4 42
4549 19 6 43
4 18 6 43
3000 17 6 43
495 19 5 43
1918 18 5 43
1658 17 5 43
3374 16 5 43
251 15 5 43
5 15 4 43
2706 14 4 43
3488 13 4 43
1483 12 4 43
4380 11 4 43
581 13 7 44
2794 12 7 44
1408 13 6 44
4189 14 5 44
1494 13 5 44
3007 13 8 45
3614 12 8 45
764 14 6 46
2284 14 7 46
1082 14 8 46
1519 16 6 48
44 16 7 48
2136 15 6 48
3765 15 7 48
292 15 10 49
2579 17 7 49
2867 17 8 49
1674 16 8 49
4329 15 8 49
4149 15 9 49
775 16 9 50
4754 16 10 50
878 18 7 51
1835 18 8 51
1191 18 9 51
849 18 10 51
469 17 9 51
480 17 10 51
1398 19 12 52
2900 18 12 52
4101 17 12 52
3047 19 7 52
1024 19 8 52
2927 19 9 52
3822 19 10 52
1268 19 11 52
4365 18 11 52
3032 17 11 52
3155 16 11 52
3763 15 11 52
4027 19 13 53
901 18 13 53
3432 17 13 53
1565 19 14 54
1725 18 14 54
262 19 16 55
2727 18 16 55
1030 19 15 55
3864 18 15 55
477 19 19 56
1954 18 19 56
4359 17 19 56
4156 19 18 56
1730 18 18 56
4336 17 18 56
1449 19 17 56
624 18 17 56
3102 17 17 56
3339 17 16 56
4199 16 19 57
727 16 18 57
1360 16 17 57
3666 16 16 57
2084 15 19 58
3293 15 18 58
2907 13 13 59
2921 14 16 59
3256 14 19 59
3714 14 18 59
407 14 17 59
3903 15 17 59
2570 15 16 59
3096 15 13 60
334 15 14 60
591 14 13 60
4478 14 14 60
3649 13 14 60
1437 13 19 61
47 13 18 61
1967 13 17 61
3548 13 16 61
3298 12 13 62
1971 12 14 62
1302 12 12 63
302 13 12 63
3329 13 11 63
4615 13 10 63
2561 12 19 63
1411 12 18 63
4457 12 17 63
4436 12 16 63
4230 12 15 63
3392 13 15 63
4705 14 15 63
1308 15 15 63
2044 16 15 63
831 17 15 63
3130 17 14 63
3820 16 14 63
735 16 13 63
426 16 12 63
719 15 12 63
915 14 12 63
2525 10 12 64
2613 10 11 64
2762 11 12 64
1994 11 11 64
4605 12 11 64
851 12 10 64
91 11 10 64
1253 10 10 65
1273 10 9 65
1272 10 8 65
2269 10 7 65
4163 10 6 66
4192 9 12 67
2889 9 11 67
3899 9 10 67
2456 9 9 67
1211 9 8 67
930 9 7 67
4383 9 6 67
3287 8 12 68
1787 8 11 68
115 8 10 68
3491 7 12 69
3067 7 11 69
3507 7 10 69
2290 6 12 70
2214 6 11 70
2986 5 9 71
110 4 14 72
2966 4 15 72
545 4 13 72
2674 5 13 72
1961 5 14 73
3557 5 15 73
4157 6 13 74
1439 8 13 75
4035 7 13 75
3156 9 13 76
1821 9 14 76
959 8 14 76
2026 10 13 77
2210 10 14 77
298 11 13 78
2289 11 14 78
2396 11 15 78
246 10 15 78
4506 9 15 78
907 11 18 79
210 11 17 79
3904 11 16 79
4038 10 16 79
1343 9 16 79
2352 7 16 80
3941 6 19 80
1792 6 18 80
1359 6 17 80
2772 7 19 80
3751 7 18 80
3397 7 17 80
4078 9 19 80
1081 8 19 80
3924 9 18 80
2816 8 18 80
3045 11 19 80
554 10 19 80
4148 10 18 80
4510 10 17 80
728 9 17 80
1597 8 17 80
121 8 16 80
3895 8 15 80
3164 7 15 80
921 7 14 80
662 6 14 80
2295 6 15 80
1008 6 16 80
3973 5 16 80
4593 4 16 80
2097 5 19 81
489 4 19 81
3606 3 19 81
33 5 18 81
3074 4 18 81
3847 3 18 81
232 5 17 81
3262 4 17 81
4032 3 17 81
4425 3 16 81
234 3 15 81
822 3 14 81
414 3 13 81
1457 2 19 82
1223 2 18 82
2426 0 19 83
2623 0 18 83
2669 0 17 83
4198 1 19 83
3746 1 18 83
925 1 17 83
3153 2 17 83
3152 2 16 83
2278 2 15 83
3319 1 16 84
634 1 15 84
4428 19 4 84
2063 18 4 84
1679 18 3 84
4461 0 13 85
2416 0 12 85
1135 1 13 85
1046 1 12 85
4602 0 16 85
3573 0 15 85
312 0 14 85
1795 1 14 85
3372 2 14 85
1947 2 13 85
150 2 12 85
4059 4 11 86
4321 4 5 86
227 4 6 86
992 4 7 86
1292 4 8 86
445 4 9 86
4574 2 11 87
4681 2 10 87
2638 2 8 87
1467 3 5 87
3258 3 6 87
2263 3 7 87
1487 3 8 87
3205 11 1 87
1247 2 5 88
4009 2 6 88
3359 2 7 88
1741 1 5 88
3503 1 6 88
4132 1 7 88
1777 1 8 88
3962 19 5 88
2346 18 5 88
4733 16 0 88
1968 0 5 89
4273 0 6 89
4316 0 7 89
156 0 8 89
884 1 11 89
2229 1 10 89
3404 19 7 89
375 19 8 89
320 19 9 89
2008 19 10 89
2938 19 11 89
4308 15 2 89
4097 16 2 89
2272 3 11 90
1650 0 11 90
2549 0 10 90
3054 0 9 90
803 1 9 90
2639 2 9 90
1498 3 9 90
2239 3 10 90
2660 4 10 90
2280 5 6 91
1390 5 5 91
171 6 6 91
1059 6 5 91
2881 5 8 91
3065 5 7 91
3692 6 8 91
231 6 7 91
476 7 8 91
4584 7 7 91
386 7 6 91
3382 7 5 91
2616 13 17 91
3711 13 16 91
2308 18 13 91
1363 17 13 91
1744 9 4 92
2189 3 12 92
3406 4 12 92
493 5 12 92
1435 5 11 92
2557 5 10 92
2931 6 10 92
532 6 9 92
2683 14 19 92
1796 14 18 92
3159 14 17 92
3399 17 17 92
1797 17 16 92
2863 14 8 92
3994 14 5 92
2398 13 5 92
1664 17 6 92
4659 17 5 92
10273 milli sec 
point:408950
