752
1120 0 3 1
700 0 2 1
1170 0 1 1
5616 0 0 1
4686 1 3 1
5743 1 2 1
5434 1 1 1
4146 1 0 1
3209 2 3 1
1126 2 2 1
2895 2 1 1
5106 2 0 1
3434 3 5 1
3359 3 4 1
3360 3 3 1
5495 3 2 1
4792 3 1 1
3502 3 0 1
2082 0 8 1
403 0 7 1
1106 0 4 1
439 0 5 1
2579 0 6 1
3205 1 8 1
721 1 7 1
322 1 4 1
3445 1 5 1
3170 1 6 1
3365 2 8 1
361 2 7 1
3122 2 4 1
2403 2 5 1
4858 2 6 1
4207 3 8 1
4354 3 7 1
1088 3 6 1
3988 4 8 1
383 4 7 1
2502 4 6 1
1214 4 5 1
3198 4 4 1
462 4 3 1
226 4 2 1
2679 4 1 1
5441 4 0 1
2534 7 8 1
2704 6 8 1
4078 5 8 1
2157 7 7 1
727 6 7 1
1508 5 7 1
455 7 6 1
5166 6 6 1
9 5 6 1
1427 7 5 1
5187 6 5 1
4234 5 5 1
3705 7 4 1
3618 6 4 1
3276 5 4 1
5537 5 3 1
4874 5 2 1
3172 5 1 1
3699 5 0 1
2544 6 3 1
629 6 2 1
475 6 1 1
4404 6 0 1
2888 7 3 1
3572 7 2 1
3245 7 1 1
434 7 0 1
5086 8 8 1
5600 8 7 1
1128 8 6 1
5445 9 8 1
26 9 7 1
5075 9 6 1
5590 10 9 1
2348 10 8 1
73 10 7 1
3394 10 6 1
5421 11 9 1
1852 11 8 1
3397 11 7 1
4572 11 6 1
876 14 9 1
4395 13 9 1
3053 12 9 1
3800 14 8 1
1858 13 8 1
2129 12 8 1
4400 0 19 1
4039 0 18 1
5638 0 17 1
2883 0 16 1
2756 0 15 1
3809 0 14 1
3698 0 13 1
3278 1 19 1
5073 1 18 1
3764 1 17 1
2042 1 16 1
4714 1 15 1
1097 1 14 1
3400 1 13 1
4521 2 19 1
5471 2 18 1
900 2 17 1
5635 2 16 1
3669 2 15 1
5039 2 14 1
776 2 13 1
5140 3 19 1
2309 3 18 1
1536 3 17 1
333 3 16 1
893 3 15 1
4118 3 14 1
128 0 9 1
2125 0 10 1
4074 0 11 1
4434 0 12 1
3313 1 9 1
762 1 10 1
3531 1 11 1
3598 1 12 1
809 2 9 1
2083 2 10 1
880 2 11 1
872 2 12 1
5024 3 9 1
643 3 10 1
5394 3 11 1
3918 3 12 1
2324 3 13 1
2607 4 16 1
1290 4 15 1
2593 4 14 1
2215 4 9 1
2924 4 10 1
3902 4 11 1
5091 4 12 1
2737 4 13 1
1488 5 16 1
3628 5 15 1
5376 5 14 1
4703 5 9 1
4274 5 10 1
707 5 11 1
42 5 12 1
4911 5 13 1
2652 6 15 1
2327 6 14 1
1177 6 9 1
5271 6 10 1
5149 6 11 1
705 6 12 1
3881 6 13 1
3428 7 15 1
4670 7 14 1
2793 9 9 1
3233 9 10 1
59 9 11 1
748 9 12 1
775 8 9 1
2442 8 10 1
965 8 11 1
3265 8 12 1
5165 7 9 1
5314 7 10 1
3563 7 11 1
1926 7 12 1
5170 7 13 1
3089 8 15 1
5111 8 14 1
1481 8 13 1
2262 4 19 1
282 4 18 1
2221 4 17 1
1582 5 19 1
3390 5 18 1
1050 5 17 1
1931 6 19 1
4704 6 18 1
1561 6 17 1
1743 6 16 1
4326 7 19 1
4817 7 18 1
668 7 17 1
118 7 16 1
2073 8 19 1
577 8 18 1
1517 8 17 1
3948 8 16 1
4516 9 19 1
1778 9 18 1
1522 9 17 1
1985 9 16 1
3403 9 15 1
4876 9 14 1
871 9 13 1
3941 10 19 1
2128 10 18 1
1125 10 17 1
3184 10 16 1
4439 10 15 1
5143 10 14 1
638 10 13 1
3308 10 12 1
1873 10 11 1
2310 10 10 1
2366 11 16 1
3297 11 15 1
733 11 14 1
3511 11 13 1
1832 11 12 1
2031 11 11 1
5207 11 10 1
3031 11 19 1
2648 11 18 1
1978 11 17 1
3059 12 19 1
959 12 18 1
1755 12 17 1
1761 12 16 1
1192 12 15 1
5238 12 14 1
5486 12 13 1
5450 12 12 1
172 12 11 1
1865 12 10 1
4271 13 19 1
1112 13 18 1
4836 13 17 1
3579 13 16 1
323 13 15 1
2751 13 14 1
1253 13 13 1
968 13 12 1
2478 13 11 1
2543 13 10 1
5047 14 19 1
5056 14 18 1
196 14 17 1
482 14 16 1
301 14 15 1
1158 14 14 1
22 14 13 1
1131 14 12 1
2724 14 11 1
3886 14 10 1
5719 19 19 1
4979 18 19 1
2401 17 19 1
106 16 19 1
284 15 19 1
2657 19 18 1
1975 18 18 1
5525 17 18 1
4418 16 18 1
3773 15 18 1
1951 19 17 1
3678 18 17 1
580 17 17 1
4563 16 17 1
2815 15 17 1
4258 19 16 1
2347 18 16 1
2819 17 16 1
3808 16 16 1
1924 15 16 1
3048 19 15 1
3891 18 15 1
4224 17 15 1
1576 16 15 1
5020 15 15 1
4849 19 14 1
5252 18 14 1
2953 17 14 1
2453 16 14 1
3543 15 14 1
1504 19 13 1
278 18 13 1
2516 17 13 1
2151 16 13 1
4890 15 13 1
4152 19 12 1
4017 18 12 1
4566 17 12 1
5559 16 12 1
3452 15 12 1
2968 19 11 1
4626 18 11 1
4148 17 11 1
72 16 11 1
4494 15 11 1
792 19 10 1
1637 18 10 1
376 17 10 1
832 16 10 1
3444 15 10 1
623 19 9 1
205 18 9 1
4227 17 9 1
2374 16 9 1
3355 15 9 1
1299 19 8 1
1323 18 8 1
1800 17 8 1
3062 16 8 1
2389 15 8 1
1288 19 7 1
4504 18 7 1
4099 17 7 1
3399 16 7 1
4106 15 7 1
4604 14 7 1
916 13 7 1
1494 12 7 1
2158 19 4 1
4420 19 5 1
1169 19 6 1
1633 18 4 1
4802 18 5 1
3016 18 6 1
52 17 4 1
4944 17 5 1
1375 17 6 1
1021 16 6 1
5671 15 6 1
1685 14 6 1
4103 13 6 1
5512 12 6 1
1657 16 5 1
4656 15 5 1
5231 14 5 1
4622 13 5 1
1723 12 5 1
2464 11 5 1
5017 10 5 1
4570 9 5 1
5182 8 5 1
1965 16 4 1
3730 15 4 1
2288 14 4 1
4883 13 4 1
4728 12 4 1
2254 11 4 1
3759 10 4 1
3332 9 4 1
3691 8 4 1
5172 19 0 1
2055 19 1 1
1231 19 2 1
5677 19 3 1
3123 18 0 1
2334 18 1 1
4574 18 2 1
1733 18 3 1
3850 17 0 1
1032 17 1 1
216 17 2 1
511 17 3 1
2943 16 0 1
955 16 1 1
4734 16 2 1
1387 16 3 1
2508 15 0 1
4653 15 1 1
1260 15 2 1
1946 15 3 1
2692 14 0 1
1747 14 1 1
4407 14 2 1
3613 14 3 1
538 13 0 1
461 13 1 1
5526 13 2 1
666 13 3 1
5364 12 0 1
5002 12 1 1
5597 12 2 1
2778 12 3 1
4658 11 0 1
3888 11 1 1
563 11 2 1
1997 11 3 1
1476 10 0 1
2955 10 1 1
3573 10 2 1
5382 10 3 1
2088 9 3 1
5520 8 3 1
4014 9 2 1
4288 8 2 1
5169 9 1 1
4923 8 1 1
2860 9 0 1
991 8 0 1
4729 9 1 26
5579 9 0 26
3003 9 2 28
5506 10 0 30
2004 10 1 30
1089 10 2 30
2072 11 0 32
1970 11 1 32
1063 11 2 32
3925 12 0 33
3789 12 1 33
2514 12 2 33
2473 13 0 34
131 13 1 34
74 13 2 34
4485 14 0 35
4154 14 1 35
4699 14 2 35
2507 15 0 36
3847 15 1 36
4771 15 2 36
3352 16 0 37
429 16 1 37
3214 16 2 37
5089 17 0 38
2205 17 1 38
4753 17 2 38
5225 18 0 39
480 18 1 39
2200 18 2 39
3704 19 0 40
937 19 1 40
4611 19 2 40
4785 19 3 40
5218 18 3 40
2118 17 3 40
5454 16 3 40
1617 15 3 40
1005 14 3 40
99 13 3 40
3175 12 3 40
1173 11 3 40
2512 10 3 40
4292 9 3 40
192 16 4 42
1437 15 4 42
3664 14 4 42
3334 13 4 42
30 12 4 42
1902 11 4 42
2089 10 4 42
431 9 4 42
4685 16 5 43
3480 15 5 43
116 14 5 43
5448 13 5 43
2879 18 4 44
1652 18 5 44
4320 17 4 44
967 17 5 44
1188 19 4 45
3395 19 5 45
3880 19 6 45
795 18 6 45
1790 17 6 45
2368 16 6 45
732 15 6 45
1161 14 6 45
1008 13 6 45
1452 19 7 46
1447 18 7 46
4975 17 7 46
2651 16 7 46
5747 19 8 47
4264 18 8 47
65 17 8 47
2038 16 8 47
5749 19 9 48
3312 18 9 48
5494 17 9 48
4296 16 9 48
3790 19 11 49
4694 18 11 49
4633 17 11 49
4097 16 11 49
1406 19 10 49
3658 18 10 49
3243 17 10 49
4486 16 10 49
4455 19 12 50
423 18 12 50
5064 17 12 50
1863 16 12 50
2119 19 13 51
5343 18 13 51
948 17 13 51
2697 16 13 51
3811 19 14 53
3406 18 14 53
3329 17 14 53
1538 16 14 53
5578 19 15 54
1318 18 15 54
5639 17 15 54
4461 16 15 54
1532 19 16 55
5083 18 16 55
1966 17 16 55
5059 16 16 55
3331 19 17 56
1398 18 17 56
1736 17 17 56
2684 16 17 56
5000 19 18 57
1463 18 18 57
2626 17 18 57
2624 16 18 57
4375 19 19 58
393 18 19 58
171 17 19 58
4327 16 19 58
4632 15 19 58
4769 14 19 59
2738 14 18 59
4990 14 17 59
4270 14 16 59
4794 14 15 59
2903 14 14 59
4233 14 13 59
2644 14 12 59
4096 14 11 59
5186 13 19 61
119 13 18 61
2388 13 17 61
2467 13 16 61
3458 13 15 61
3386 13 14 61
3544 13 13 61
5464 13 12 61
5326 13 11 61
445 11 19 63
565 11 18 63
4596 11 17 63
420 12 19 63
889 12 18 63
4438 12 17 63
231 12 16 63
2111 12 15 63
847 12 14 63
5296 12 13 63
2328 12 12 63
3338 12 11 63
86 11 16 65
4076 11 15 65
1557 11 14 65
1465 11 13 65
1450 11 12 65
3584 11 11 65
4026 10 19 67
1015 10 18 67
4558 10 17 67
2483 10 16 67
5565 10 15 67
3873 10 14 67
4963 9 19 69
4738 9 18 69
379 9 17 69
4865 7 19 70
2197 7 18 70
5092 7 17 70
671 8 19 70
2160 8 18 70
2956 8 17 70
3970 5 19 71
2279 5 18 71
2337 6 19 71
4994 6 18 71
2126 7 9 72
1822 7 10 72
5701 7 11 72
1671 8 15 72
4995 8 14 72
1490 4 19 72
2261 4 18 72
5655 4 17 72
1957 5 17 72
4021 6 17 72
4311 6 16 72
1838 7 16 72
5387 8 16 72
3564 9 16 72
366 9 15 72
5220 9 14 72
4760 9 9 73
768 9 10 73
4726 9 11 73
1916 9 12 73
2725 8 9 73
5435 8 10 73
4240 8 11 73
1911 8 12 73
1768 7 12 73
1276 6 9 74
859 6 10 74
1335 6 11 74
4071 6 12 74
2805 7 15 74
1083 7 14 74
1185 5 16 75
1182 5 15 75
4356 5 14 75
939 5 9 75
3153 5 10 75
826 5 11 75
1225 5 12 75
4324 6 15 75
3767 6 14 75
3911 4 9 76
2470 4 10 76
3396 4 11 76
3715 4 12 76
5591 3 9 77
1516 3 10 77
4330 3 11 77
313 4 16 77
1534 4 15 77
2659 4 14 77
4924 17 0 77
1980 17 1 77
5641 17 2 77
4786 2 9 78
4947 2 10 78
93 2 11 78
5312 1 9 79
4668 1 10 79
783 1 11 79
2451 0 9 80
2930 0 10 80
3878 0 11 80
1391 0 12 80
2392 1 12 80
1133 3 19 81
58 3 18 81
2194 3 17 81
1540 3 16 81
5208 3 15 81
946 3 14 81
5423 2 19 82
4669 2 18 82
3637 2 17 82
3343 2 16 82
1601 2 15 82
2373 2 14 82
213 1 19 84
4312 1 18 84
4408 1 17 84
1896 1 16 84
2599 1 15 84
1909 1 14 84
374 14 8 85
2748 13 8 85
1308 0 19 85
3042 0 18 85
5188 0 17 85
1519 0 16 85
168 0 15 85
1178 0 14 85
4127 0 13 85
1316 1 13 85
1478 16 0 85
4145 16 1 85
3430 16 2 85
1058 11 9 86
1017 11 8 86
930 11 7 86
1187 14 9 86
3185 13 9 86
2722 12 9 86
5505 12 8 86
4168 2 13 86
4920 19 0 86
5577 19 1 86
5673 19 2 86
2041 19 3 86
2966 10 9 87
773 10 8 87
4666 10 7 87
3726 19 13 87
2589 18 13 87
5365 17 13 87
3181 16 13 87
5151 15 0 87
3750 15 1 87
2649 15 2 87
397 8 8 88
236 8 7 88
1448 8 6 88
4557 9 8 88
3136 9 7 88
365 9 6 88
1955 10 6 88
4840 11 6 88
1903 6 3 89
902 6 2 89
957 6 1 89
359 7 3 89
639 7 2 89
3665 7 1 89
5264 7 4 90
752 6 4 90
3255 18 0 90
2313 18 1 90
1073 18 2 90
3841 7 5 91
2716 6 5 91
796 19 9 91
3377 18 9 91
899 17 9 91
2140 16 9 91
4366 18 3 91
1234 7 7 92
1211 6 7 92
753 7 6 92
444 6 6 92
2339 17 15 92
5734 16 15 92
5426 19 8 92
4826 18 8 92
3529 17 8 92
2115 16 8 92
4351 17 4 92
2853 17 5 92
92 16 5 92
1468 15 5 92
4991 14 5 92
5332 13 5 92
789 13 0 92
3468 13 1 92
1043 13 2 92
177 7 8 93
741 6 8 93
1739 5 8 93
5413 5 7 93
2505 5 6 93
2721 5 5 93
3084 5 4 93
3546 5 3 93
654 5 2 93
4736 5 1 93
4239 2 12 93
3604 3 12 93
581 3 13 93
12189 milli sec 
point:438400
