749
1836 0 15 1
1469 0 14 1
363 0 13 1
1579 0 12 1
1751 0 11 1
1304 0 10 1
385 0 9 1
176 0 0 1
397 0 1 1
3325 0 2 1
2023 0 3 1
2859 0 4 1
3608 0 5 1
1035 0 6 1
2030 0 7 1
795 0 8 1
501 1 15 1
1993 1 14 1
2541 1 13 1
3204 1 12 1
291 1 11 1
3281 1 10 1
715 1 9 1
3521 1 0 1
21 1 1 1
1383 1 2 1
1810 1 3 1
2730 1 4 1
408 1 5 1
1661 1 6 1
3265 1 7 1
3458 1 8 1
1671 2 15 1
936 2 14 1
1695 2 13 1
2586 2 12 1
780 2 11 1
559 2 10 1
2995 2 9 1
2790 2 0 1
527 2 1 1
2104 2 2 1
2084 2 3 1
182 2 4 1
2355 2 5 1
1096 2 6 1
1787 2 7 1
3597 2 8 1
2585 3 15 1
498 3 14 1
141 3 13 1
2275 3 12 1
1040 3 11 1
2057 3 10 1
3070 3 9 1
646 3 0 1
3451 3 1 1
2774 3 2 1
3234 3 3 1
1648 3 4 1
1684 3 5 1
474 3 6 1
888 3 7 1
2941 3 8 1
2083 0 19 1
1169 0 18 1
1819 0 17 1
3604 0 16 1
539 1 19 1
349 1 18 1
3313 1 17 1
1471 1 16 1
289 2 19 1
1723 2 18 1
1679 2 17 1
2015 2 16 1
1072 3 19 1
1168 3 18 1
672 3 17 1
1199 3 16 1
1873 9 19 1
2415 8 19 1
2716 7 19 1
2340 6 19 1
473 5 19 1
1517 4 19 1
1105 9 18 1
2209 8 18 1
1282 7 18 1
2381 6 18 1
52 5 18 1
2309 4 18 1
2333 9 17 1
2406 8 17 1
1686 7 17 1
2575 6 17 1
3289 5 17 1
788 4 17 1
2556 9 16 1
505 8 16 1
2756 7 16 1
406 6 16 1
3420 5 16 1
1895 4 16 1
3172 9 15 1
1425 8 15 1
773 7 15 1
880 6 15 1
382 5 15 1
2547 4 15 1
280 9 14 1
3512 8 14 1
796 7 14 1
2392 6 14 1
1861 5 14 1
719 4 14 1
518 9 13 1
1924 8 13 1
1287 7 13 1
1372 6 13 1
3579 5 13 1
1534 4 13 1
1437 4 12 1
2529 4 11 1
3505 4 10 1
1131 4 9 1
921 4 8 1
1788 4 7 1
3029 4 6 1
3007 4 5 1
1778 4 4 1
519 4 3 1
416 4 2 1
2994 4 1 1
1438 4 0 1
1720 5 12 1
2602 5 11 1
3170 5 10 1
2304 5 9 1
523 5 8 1
3176 5 7 1
430 5 6 1
2411 5 5 1
3336 5 4 1
1608 5 3 1
278 5 2 1
2135 5 1 1
3174 5 0 1
737 6 12 1
323 6 11 1
3068 6 10 1
882 6 9 1
1549 6 8 1
3314 6 7 1
1312 6 6 1
761 6 5 1
3002 6 4 1
3411 6 3 1
1358 6 2 1
1944 6 1 1
1146 6 0 1
1886 7 12 1
2025 7 11 1
3428 7 10 1
2532 7 9 1
2753 7 8 1
2563 7 7 1
3638 7 6 1
437 7 5 1
3065 7 4 1
2086 7 3 1
1340 7 2 1
3028 7 1 1
1174 7 0 1
1462 9 12 1
1180 8 12 1
2065 9 11 1
3179 8 11 1
1420 8 10 1
2825 8 9 1
64 8 8 1
619 8 7 1
2500 8 6 1
1461 8 5 1
1394 8 4 1
696 8 3 1
787 8 2 1
2009 8 1 1
2168 8 0 1
3446 9 5 1
336 9 4 1
3430 9 3 1
2444 9 2 1
1332 9 1 1
2695 9 0 1
3406 10 5 1
979 10 4 1
1134 10 3 1
114 10 2 1
200 10 1 1
2380 10 0 1
2481 11 5 1
461 11 4 1
861 11 3 1
1664 11 2 1
165 11 1 1
1722 11 0 1
848 12 5 1
3306 12 4 1
677 12 3 1
1354 12 2 1
189 12 1 1
2325 12 0 1
2428 13 5 1
1914 13 4 1
236 13 3 1
3509 13 2 1
1050 13 1 1
1894 13 0 1
2907 9 10 1
1286 9 9 1
3129 9 6 1
3294 9 7 1
48 9 8 1
999 10 19 1
3377 10 18 1
909 10 17 1
2773 10 16 1
1036 10 15 1
2714 10 14 1
1108 10 13 1
3118 10 12 1
2426 10 11 1
1112 10 10 1
2268 10 9 1
1446 10 6 1
2160 10 7 1
567 10 8 1
318 11 19 1
3048 11 18 1
2175 11 17 1
531 11 16 1
3272 11 15 1
1874 11 14 1
2940 11 13 1
159 11 12 1
511 11 11 1
2855 11 10 1
371 11 9 1
1996 11 6 1
154 11 7 1
1865 11 8 1
1489 12 19 1
3240 12 18 1
2694 12 17 1
3393 12 16 1
425 12 15 1
2107 12 14 1
984 12 13 1
2324 12 12 1
2484 12 11 1
1012 12 10 1
1192 12 9 1
3601 12 6 1
452 12 7 1
963 12 8 1
3085 19 19 1
1834 18 19 1
1972 17 19 1
488 16 19 1
3492 15 19 1
3577 14 19 1
2997 13 19 1
453 19 18 1
658 18 18 1
2687 17 18 1
1800 16 18 1
643 15 18 1
2148 14 18 1
2903 13 18 1
645 19 17 1
1292 18 17 1
1837 17 17 1
2335 16 17 1
3622 15 17 1
3495 14 17 1
376 13 17 1
3173 19 13 1
1253 19 14 1
3023 19 15 1
1864 19 16 1
2971 18 13 1
2812 18 14 1
239 18 15 1
1091 18 16 1
3224 17 13 1
1179 17 14 1
1854 17 15 1
3066 17 16 1
813 16 13 1
2874 16 14 1
2929 16 15 1
1206 16 16 1
2497 15 13 1
1296 15 14 1
1226 15 15 1
1454 15 16 1
2920 14 13 1
1434 14 14 1
1054 14 15 1
2000 14 16 1
3319 13 16 1
1493 13 15 1
2472 13 14 1
3445 13 13 1
870 13 12 1
110 13 11 1
1487 13 10 1
3544 13 9 1
2873 13 6 1
604 13 7 1
3620 13 8 1
1528 19 12 1
2584 18 12 1
1494 17 12 1
2660 16 12 1
2187 15 12 1
2117 14 12 1
1774 19 11 1
2425 18 11 1
1037 17 11 1
2791 16 11 1
125 15 11 1
3381 14 11 1
127 19 10 1
2916 18 10 1
1495 17 10 1
1327 16 10 1
360 15 10 1
3642 14 10 1
553 19 9 1
3062 18 9 1
1544 17 9 1
222 16 9 1
3146 15 9 1
2042 14 9 1
3130 19 8 1
2853 18 8 1
172 17 8 1
2184 16 8 1
599 15 8 1
3213 14 8 1
570 19 7 1
3159 18 7 1
3069 17 7 1
932 16 7 1
1046 15 7 1
3328 14 7 1
3000 19 6 1
1919 18 6 1
3421 17 6 1
2151 16 6 1
187 15 6 1
1846 14 6 1
1888 19 5 1
2542 18 5 1
3010 17 5 1
2033 16 5 1
2904 15 5 1
1918 14 5 1
286 19 0 1
3013 19 1 1
3572 19 2 1
237 19 3 1
2544 19 4 1
2360 18 0 1
734 18 1 1
2780 18 2 1
576 18 3 1
3623 18 4 1
1820 17 0 1
3398 17 1 1
342 17 2 1
1726 17 3 1
1102 17 4 1
1029 16 0 1
3400 16 1 1
2591 16 2 1
978 16 3 1
2269 16 4 1
2605 15 4 1
2890 14 4 1
1553 15 3 1
3259 14 3 1
2942 15 2 1
3477 14 2 1
2034 15 1 1
1818 14 1 1
2697 15 0 1
1011 14 0 1
3131 15 1 23
2326 15 0 23
2875 15 3 25
2990 15 2 25
2737 16 0 26
2216 16 1 26
2417 16 2 26
2294 16 3 26
2103 17 0 28
2358 17 1 28
923 17 2 28
1147 17 3 28
667 18 0 29
1643 18 1 29
753 18 2 29
1094 18 3 29
2877 19 5 30
1724 18 5 30
2888 17 5 30
112 16 5 30
2734 15 5 30
3134 19 0 30
1728 19 1 30
2869 19 2 30
3455 19 3 30
327 19 4 30
3075 18 4 30
844 17 4 30
3472 16 4 30
1445 15 4 30
3286 19 6 32
2717 18 6 32
1978 17 6 32
3404 16 6 32
3332 15 6 32
1460 19 7 34
101 18 7 34
2440 17 7 34
467 16 7 34
2706 15 7 34
2391 19 8 36
3457 18 8 36
1858 17 8 36
1499 16 8 36
2306 15 8 36
3166 19 9 37
241 18 9 37
2198 17 9 37
1974 16 9 37
636 15 9 37
2560 19 11 38
1969 18 11 38
1981 17 11 38
2665 16 11 38
1930 15 11 38
1100 19 10 38
1262 18 10 38
2957 17 10 38
2898 16 10 38
1014 15 10 38
1640 19 12 40
1409 18 12 40
1005 17 12 40
2439 16 12 40
3221 15 12 40
1653 14 12 40
2702 14 11 40
709 14 10 40
2359 14 9 40
2954 13 6 41
3568 13 7 41
3561 14 13 42
2234 14 14 42
2945 14 15 42
3345 16 13 43
1300 16 14 43
3484 16 15 43
92 15 13 43
884 15 14 43
3151 15 15 43
1346 17 13 44
1706 17 14 44
2206 17 15 44
1612 18 13 45
1926 18 14 45
1427 18 15 45
1847 19 13 46
103 19 14 46
134 19 15 46
894 19 16 46
3135 18 16 46
1711 17 16 46
3162 16 16 46
381 15 16 46
3386 14 16 46
350 19 17 47
1064 18 17 47
3641 17 17 47
2923 16 17 47
2742 15 17 47
3440 14 17 47
2129 19 18 49
2363 18 18 49
3453 17 18 49
1988 16 18 49
367 15 18 49
2194 14 18 49
2376 12 6 51
249 12 7 51
756 19 19 51
729 18 19 51
2718 17 19 51
149 16 19 51
3417 15 19 51
341 14 19 51
1388 13 19 51
3147 13 18 51
3123 13 17 51
3015 13 16 51
2242 13 15 51
2069 13 14 51
623 13 13 51
2673 13 12 51
910 13 11 51
2238 13 10 51
2670 13 9 51
1324 12 19 52
1248 12 18 52
1481 12 17 52
744 12 16 52
779 12 15 52
1320 12 14 52
1366 12 13 52
1404 12 12 52
757 12 11 52
2814 12 10 52
2079 12 9 52
1518 11 6 53
962 11 7 53
32 11 19 55
14 11 18 55
3312 11 17 55
471 11 16 55
321 11 15 55
1704 11 14 55
3615 11 13 55
396 11 12 55
1016 11 11 55
3531 11 10 55
470 11 9 55
3388 10 6 56
1123 10 7 56
458 9 6 58
863 9 7 58
1188 10 19 58
2465 10 18 58
1181 10 17 58
876 10 16 58
2401 10 15 58
415 10 14 58
1402 10 13 58
2538 10 12 58
1916 10 11 58
2629 10 10 58
2510 10 9 58
2979 9 10 59
2892 9 9 59
3556 9 8 59
3635 13 5 60
1933 13 4 60
3197 13 3 60
1911 13 2 60
950 13 1 60
3046 11 5 61
1565 11 4 61
18 11 3 61
3108 11 2 61
2820 11 1 61
3026 12 5 61
1785 12 4 61
1392 12 3 61
816 12 2 61
3111 12 1 61
657 19 0 62
190 19 1 62
2368 19 2 62
2978 19 3 62
401 19 4 62
2692 10 5 63
2438 10 4 63
2153 10 3 63
2925 10 2 63
949 10 1 63
1334 10 8 63
831 9 5 64
246 9 4 64
891 9 3 64
1995 9 2 64
1385 9 1 64
750 9 11 65
1609 15 2 65
3331 9 12 66
3324 8 12 66
790 8 11 66
3012 8 10 66
2082 8 9 66
760 8 8 66
1636 8 7 66
1480 8 6 66
2833 8 5 66
118 8 4 66
1418 8 3 66
2794 8 2 66
1567 8 1 66
2897 15 0 66
478 7 12 68
967 7 11 68
1227 7 10 68
1047 7 9 68
3619 7 8 68
1254 7 7 68
622 7 6 68
517 7 5 68
2106 7 4 68
1022 7 3 68
1122 7 2 68
2745 7 1 68
2329 6 12 71
2430 6 11 71
276 6 10 71
3429 6 9 71
2088 6 8 71
2628 6 7 71
2818 6 6 71
3333 6 5 71
178 6 4 71
3091 6 3 71
1281 6 2 71
555 6 1 71
954 5 12 73
3216 5 11 73
1322 5 10 73
2221 5 9 73
193 5 8 73
892 5 7 73
1593 5 6 73
2456 5 5 73
2746 5 4 73
1599 5 3 73
634 5 2 73
3043 5 1 73
144 9 13 76
1285 8 13 76
2664 7 13 76
1468 6 13 76
2504 5 13 76
2100 19 10 76
1505 18 10 76
1922 17 10 76
1779 16 10 76
1906 15 10 76
489 9 14 78
3352 8 14 78
3260 7 14 78
3636 6 14 78
2887 5 14 78
3562 9 15 79
852 8 15 79
1740 7 15 79
3175 6 15 79
2248 5 15 79
1295 9 16 80
2559 8 16 80
2686 7 16 80
3263 6 16 80
1707 5 16 80
1288 9 17 81
3090 8 17 81
3588 7 17 81
1850 6 17 81
53 5 17 81
572 9 19 82
2007 8 19 82
830 7 19 82
2262 6 19 82
3121 5 19 82
75 4 19 82
1968 9 18 82
3282 8 18 82
3063 7 18 82
1853 6 18 82
2596 5 18 82
1017 4 18 82
2741 4 17 82
1150 3 19 84
2204 3 18 84
1075 3 17 84
1170 2 19 85
1360 2 18 85
443 2 17 85
739 1 19 86
1767 1 18 86
1397 1 17 86
2866 0 19 87
1266 0 18 87
2552 0 17 87
635 0 16 87
746 1 16 87
1910 2 16 87
2696 3 16 87
1042 15 1 87
3585 15 0 87
2256 18 6 88
2521 17 6 88
561 16 6 88
3493 15 6 88
3343 19 13 89
794 19 14 89
3329 19 15 89
3594 19 16 89
2782 17 0 89
1342 17 1 89
560 17 2 89
988 17 3 89
2196 15 13 90
2659 15 14 90
3230 15 15 90
3575 3 0 91
2296 3 1 91
2566 3 2 91
3625 3 3 91
2823 3 4 91
2765 3 5 91
2446 3 6 91
364 3 7 91
1191 4 16 91
3574 4 15 91
3101 4 14 91
569 4 13 91
810 4 12 91
2824 4 11 91
148 4 10 91
2281 4 9 91
1872 10 3 91
2893 10 2 91
2663 10 1 91
2116 17 18 91
2044 16 18 91
1512 15 18 91
8456 milli sec 
point:387975
