750
953 0 19 1
4754 0 18 1
3181 0 17 1
4452 0 16 1
3308 0 15 1
4460 0 14 1
1964 0 13 1
3217 0 12 1
1278 0 11 1
1952 0 10 1
1721 0 9 1
2385 0 8 1
3639 0 7 1
3518 0 6 1
1723 0 0 1
4706 0 1 1
545 0 2 1
2621 0 3 1
3071 0 4 1
5049 0 5 1
4837 1 19 1
1490 1 18 1
5079 1 17 1
1481 1 16 1
909 1 15 1
1398 1 14 1
1022 1 13 1
4049 1 12 1
5121 1 11 1
3383 1 10 1
1327 1 9 1
2059 1 8 1
3462 1 7 1
1224 1 6 1
5897 1 0 1
5501 1 1 1
625 1 2 1
5333 1 3 1
3271 1 4 1
1790 1 5 1
1421 2 19 1
1882 2 18 1
5078 2 17 1
3880 2 16 1
5010 2 15 1
5258 2 14 1
2149 2 13 1
1284 2 12 1
4981 2 11 1
5612 2 10 1
136 2 9 1
5075 2 8 1
1320 2 7 1
580 2 6 1
1445 2 0 1
3165 2 1 1
1752 2 2 1
4251 2 3 1
2128 2 4 1
5795 2 5 1
4623 3 19 1
3029 3 18 1
1926 3 17 1
3240 3 16 1
1935 3 15 1
523 3 14 1
2359 3 13 1
4112 3 12 1
1706 3 11 1
3426 3 10 1
5808 3 9 1
3499 3 8 1
3432 3 7 1
1221 3 6 1
4372 3 0 1
502 3 1 1
1616 3 2 1
3060 3 3 1
3455 3 4 1
1690 3 5 1
1755 4 19 1
1503 4 18 1
5781 4 17 1
1241 4 16 1
4735 4 15 1
3945 4 14 1
1972 4 13 1
4792 4 12 1
436 4 11 1
3717 4 10 1
1624 4 9 1
1547 4 8 1
3265 4 7 1
4017 4 6 1
5928 4 0 1
988 4 1 1
1759 4 2 1
2893 4 3 1
5810 4 4 1
4466 4 5 1
2302 6 19 1
3629 5 19 1
5011 6 18 1
984 5 18 1
189 6 17 1
4848 5 17 1
4366 6 16 1
3020 5 16 1
2892 6 15 1
2020 5 15 1
527 6 14 1
3836 5 14 1
1592 6 13 1
3686 5 13 1
1841 6 12 1
5851 5 12 1
695 6 11 1
3145 5 11 1
1379 6 10 1
5618 5 10 1
6010 5 9 1
1274 5 8 1
1323 5 7 1
3377 5 6 1
563 5 5 1
5567 5 4 1
1955 5 3 1
2292 5 2 1
3779 5 1 1
3228 5 0 1
4942 6 9 1
5461 6 8 1
2295 6 7 1
4965 6 6 1
5679 6 5 1
4982 6 4 1
4786 6 3 1
5776 6 2 1
350 6 1 1
3342 6 0 1
3073 7 19 1
5354 7 18 1
3480 7 17 1
477 7 16 1
4557 7 15 1
1779 7 14 1
4996 7 13 1
805 7 12 1
3611 7 11 1
5887 7 10 1
5506 7 9 1
948 7 8 1
829 7 7 1
253 7 6 1
1515 7 5 1
986 7 4 1
272 7 3 1
1155 7 2 1
2228 7 1 1
727 7 0 1
4809 8 19 1
5929 8 18 1
5836 8 17 1
4545 8 16 1
3761 8 15 1
3980 8 14 1
379 8 13 1
3276 8 12 1
2294 8 11 1
203 8 10 1
1826 8 9 1
528 8 8 1
2171 8 7 1
6029 8 6 1
4464 8 5 1
3484 8 4 1
4554 8 3 1
4885 8 2 1
5893 8 1 1
32 8 0 1
5792 9 19 1
2522 9 18 1
2638 9 17 1
4240 9 16 1
4515 9 15 1
4210 9 14 1
5592 9 13 1
4410 9 12 1
1371 9 11 1
980 9 10 1
193 9 9 1
5493 9 8 1
5860 9 7 1
5725 9 6 1
4479 9 5 1
1892 9 4 1
4709 9 3 1
839 9 2 1
4302 9 1 1
3206 9 0 1
4772 13 19 1
433 12 19 1
1741 11 19 1
1353 10 19 1
2863 13 18 1
5327 12 18 1
3556 11 18 1
2266 10 18 1
906 13 17 1
4911 12 17 1
3949 11 17 1
5939 10 17 1
5678 13 16 1
1742 12 16 1
5833 11 16 1
4396 10 16 1
4598 13 15 1
3610 12 15 1
3625 11 15 1
5558 10 15 1
990 14 14 1
784 13 14 1
1641 12 14 1
2781 11 14 1
2554 10 14 1
3081 14 13 1
2991 13 13 1
693 12 13 1
854 11 13 1
5439 10 13 1
3117 14 12 1
5819 13 12 1
4259 12 12 1
2616 11 12 1
604 10 12 1
444 14 11 1
2312 13 11 1
933 12 11 1
3251 11 11 1
519 10 11 1
1286 14 19 1
1426 14 18 1
4579 14 17 1
5041 14 16 1
3088 14 15 1
4570 19 19 1
3376 18 19 1
979 17 19 1
3127 16 19 1
250 15 19 1
4634 19 18 1
2542 18 18 1
5288 17 18 1
5225 16 18 1
5915 15 18 1
5711 19 17 1
1921 18 17 1
9 17 17 1
427 16 17 1
188 15 17 1
355 19 16 1
4081 18 16 1
881 17 16 1
5215 16 16 1
806 15 16 1
2904 19 15 1
1563 18 15 1
4459 17 15 1
1962 16 15 1
5712 15 15 1
1367 19 14 1
4037 18 14 1
2155 17 14 1
2921 16 14 1
2570 15 14 1
4991 19 13 1
391 18 13 1
1246 17 13 1
2216 16 13 1
5029 15 13 1
4584 19 12 1
3762 18 12 1
5487 17 12 1
4143 16 12 1
5998 15 12 1
2232 19 11 1
1963 18 11 1
5343 17 11 1
4812 16 11 1
2508 15 11 1
919 19 10 1
1815 18 10 1
1792 17 10 1
2005 16 10 1
5961 15 10 1
3035 14 10 1
4975 13 10 1
1369 12 10 1
3501 11 10 1
1894 10 10 1
807 19 9 1
1140 18 9 1
5568 17 9 1
363 16 9 1
3900 15 9 1
5508 14 9 1
490 13 9 1
3033 12 9 1
3141 11 9 1
2470 10 9 1
4217 19 8 1
3990 18 8 1
2463 17 8 1
4845 16 8 1
1787 15 8 1
631 14 8 1
5790 13 8 1
5265 12 8 1
2916 11 8 1
903 10 8 1
996 19 0 1
3187 19 1 1
4702 19 2 1
1989 19 3 1
2164 19 4 1
5709 19 5 1
1712 19 6 1
4542 19 7 1
4203 18 0 1
1292 18 1 1
872 18 2 1
3473 18 3 1
1601 18 4 1
1511 18 5 1
1399 18 6 1
6004 18 7 1
549 17 0 1
1219 17 1 1
1630 17 2 1
2077 17 3 1
1776 17 4 1
1665 17 5 1
1217 17 6 1
4619 17 7 1
3458 16 0 1
3298 16 1 1
2717 16 2 1
4952 16 3 1
672 16 4 1
5482 16 5 1
2890 16 6 1
3492 16 7 1
2218 15 0 1
43 15 1 1
3632 15 2 1
1887 15 3 1
5434 15 4 1
5205 15 5 1
5921 15 6 1
4062 15 7 1
1736 14 0 1
5827 14 1 1
1995 14 2 1
5512 14 3 1
3740 14 4 1
5032 14 5 1
412 14 6 1
4113 14 7 1
1572 13 5 1
2859 13 6 1
964 13 7 1
3927 12 5 1
2544 12 6 1
4821 12 7 1
5655 11 5 1
1295 11 6 1
884 11 7 1
322 10 7 1
10 10 6 1
5334 10 5 1
3915 10 4 1
2970 10 3 1
3992 10 2 1
3732 10 1 1
4860 10 0 1
3115 13 4 1
5167 12 4 1
5196 11 4 1
2300 13 3 1
1187 12 3 1
5399 11 3 1
3307 13 2 1
1272 12 2 1
3918 11 2 1
5382 13 1 1
5599 12 1 1
137 11 1 1
601 13 0 1
2793 12 0 1
5977 11 0 1
2405 13 0 27
448 12 0 27
3756 13 1 28
2156 12 1 28
3856 13 2 29
4054 12 2 29
3472 13 3 30
657 12 3 30
4138 13 4 31
1285 12 4 31
3833 11 4 31
3230 11 5 34
2953 11 6 34
5952 13 5 35
236 13 6 35
3449 12 5 35
4127 12 6 35
335 14 0 37
3600 14 1 37
5405 14 2 37
2818 14 3 37
3163 14 4 37
1806 14 5 37
1646 14 6 37
1196 15 0 38
1922 15 1 38
2877 15 2 38
3520 15 3 38
4540 15 4 38
2673 15 5 38
5365 15 6 38
3851 16 0 41
583 16 1 41
5934 16 2 41
573 16 3 41
2803 16 4 41
3015 16 5 41
4321 16 6 41
1044 17 0 42
1082 17 1 42
4899 17 2 42
3749 17 3 42
3286 17 4 42
3845 17 5 42
5213 17 6 42
1633 18 0 44
1385 18 1 44
3823 18 2 44
121 18 3 44
5724 18 4 44
1328 18 5 44
3166 18 6 44
4696 19 0 45
5587 19 1 45
5015 19 2 45
5886 19 3 45
2348 19 4 45
4485 19 5 45
4439 19 6 45
3975 19 7 45
4994 18 7 45
2241 17 7 45
5114 16 7 45
228 15 7 45
296 14 7 45
5527 13 7 45
2858 12 7 45
3091 11 7 45
2703 19 8 47
2774 18 8 47
4694 17 8 47
59 16 8 47
635 15 8 47
2235 14 8 47
1070 13 8 47
345 12 8 47
2732 11 8 47
2357 19 9 50
5039 18 9 50
1562 17 9 50
2815 16 9 50
1240 15 9 50
2931 14 9 50
4836 13 9 50
4039 12 9 50
4002 11 9 50
2166 19 10 51
1439 18 10 51
3760 17 10 51
2718 16 10 51
887 19 11 52
470 18 11 52
3074 17 11 52
1632 16 11 52
1804 19 12 53
239 18 12 53
5353 17 12 53
1281 16 12 53
2856 19 13 54
3137 18 13 54
5219 17 13 54
2899 16 13 54
223 19 15 55
2049 18 15 55
1171 17 15 55
4789 16 15 55
4264 19 14 55
2048 18 14 55
2024 17 14 55
1128 16 14 55
6003 19 16 56
2362 18 16 56
3662 17 16 56
5143 16 16 56
2974 19 18 57
621 18 18 57
4035 17 18 57
4026 16 18 57
3793 19 17 57
710 18 17 57
1750 17 17 57
3741 16 17 57
175 19 19 59
4168 18 19 59
843 17 19 59
4084 16 19 59
167 15 19 59
1497 14 11 60
4762 13 11 60
1739 12 11 60
2377 11 11 60
4036 14 19 60
2836 14 18 60
2115 14 17 60
2358 14 16 60
3952 14 15 60
465 15 18 60
106 14 12 61
4891 13 12 61
5899 12 12 61
5046 11 12 61
5864 14 13 62
647 13 13 62
793 12 13 62
5888 11 13 62
2669 14 14 63
4157 13 14 63
1048 12 14 63
172 11 14 63
1908 13 15 64
2356 12 15 64
963 11 15 64
1528 13 16 65
1713 12 16 65
3407 11 16 65
5733 13 18 66
4173 12 18 66
471 11 18 66
4153 13 17 66
57 12 17 66
4638 11 17 66
4094 13 19 67
925 12 19 67
1214 11 19 67
2489 10 19 67
4453 9 19 71
4667 9 18 71
600 9 17 71
476 9 16 71
4230 9 15 71
2175 9 14 71
1905 9 13 71
4467 9 12 71
5560 9 11 71
2527 9 10 71
3957 9 9 71
2109 9 8 71
2185 9 7 71
5549 9 6 71
4726 9 5 71
4001 9 4 71
5756 9 3 71
707 9 2 71
4429 9 1 71
3055 10 18 71
1093 10 17 71
2057 10 16 71
1853 10 15 71
5600 10 14 71
4784 10 13 71
2753 10 12 71
2403 10 11 71
131 12 3 71
3122 8 19 74
3991 8 18 74
5684 8 17 74
958 8 16 74
5321 8 15 74
947 8 14 74
3650 8 13 74
3243 8 12 74
2896 8 11 74
607 8 10 74
133 8 9 74
2025 8 8 74
4656 8 7 74
4568 8 6 74
955 8 5 74
3203 8 4 74
1190 8 3 74
3552 8 2 74
5609 8 1 74
1769 12 5 75
2420 12 6 75
4005 7 19 77
3527 7 18 77
2825 7 17 77
2878 7 16 77
2876 7 15 77
5569 7 14 77
3461 7 13 77
2553 7 12 77
5423 7 11 77
4424 7 10 77
2176 7 9 77
2090 7 8 77
2464 7 7 77
2399 7 6 77
3173 7 5 77
457 7 4 77
5467 7 3 77
1835 7 2 77
848 7 1 77
1103 6 9 79
945 6 8 79
842 6 7 79
3906 6 6 79
3231 6 5 79
3160 6 4 79
214 6 3 79
5950 6 2 79
3574 6 1 79
2919 13 2 79
5042 12 2 79
3705 6 12 82
4760 6 11 82
4904 6 10 82
4779 6 15 83
2098 6 14 83
2810 6 13 83
1709 6 19 84
3397 5 19 84
3277 6 18 84
1827 5 18 84
5848 6 17 84
3566 5 17 84
4725 6 16 84
3861 5 16 84
2111 5 15 84
288 5 14 84
4722 5 13 84
1923 5 12 84
1485 5 11 84
1939 5 10 84
2407 5 9 84
1406 5 8 84
5925 5 7 84
3832 5 6 84
4503 4 0 86
402 4 1 86
292 4 2 86
5972 4 3 86
4093 4 4 86
4072 19 14 86
3048 18 14 86
1992 17 14 86
4058 16 14 86
5358 18 13 86
3221 17 13 86
2796 16 13 86
5364 4 19 87
570 4 18 87
5631 4 17 87
4248 4 16 87
4969 4 15 87
3731 4 14 87
1910 4 13 87
1519 4 12 87
1917 4 11 87
3648 4 10 87
1959 4 9 87
3422 4 8 87
3547 4 7 87
634 4 6 87
16 3 0 88
486 3 1 88
3524 3 2 88
5471 3 3 88
4855 3 4 88
2206 11 5 89
595 11 6 89
1969 13 0 90
2172 12 0 90
4826 3 19 91
384 3 18 91
928 3 17 91
3561 3 16 91
3433 3 15 91
5425 3 14 91
1428 3 13 91
1393 3 12 91
5139 3 11 91
2854 3 10 91
3208 3 9 91
3241 3 8 91
5128 3 7 91
4146 3 6 91
3269 19 17 91
853 18 17 91
5109 17 17 91
4777 16 17 91
3045 2 0 92
4697 2 1 92
2598 2 2 92
2639 2 3 92
4008 2 4 92
3367 13 1 92
4291 12 1 92
3369 2 19 94
2834 2 18 94
3841 2 17 94
1068 2 16 94
1340 2 15 94
2655 2 14 94
4297 2 13 94
4720 2 12 94
3526 2 11 94
2597 2 10 94
2167 2 9 94
2968 2 8 94
2729 2 7 94
4197 2 6 94
3504 13 17 94
2482 12 17 94
1441 11 17 94
4984 12 13 94
4471 11 13 94
97 19 18 94
1370 18 18 94
1766 17 18 94
12776 milli sec 
point:441600
