754
5968 5 10 1
988 5 9 1
2479 5 8 1
4271 6 10 1
2691 6 9 1
5577 6 8 1
3288 7 10 1
4541 7 9 1
2539 7 8 1
5176 2 13 1
5985 2 14 1
5775 2 15 1
1883 3 16 1
4348 3 13 1
2150 3 14 1
178 3 15 1
6095 0 19 1
5801 0 18 1
1513 0 16 1
4564 0 17 1
2655 1 19 1
6041 1 18 1
5622 1 16 1
4288 1 17 1
5763 2 19 1
3738 2 18 1
1920 2 16 1
3855 2 17 1
53 3 19 1
3780 3 18 1
5146 3 17 1
71 4 19 1
5794 4 18 1
2827 4 17 1
5868 4 16 1
878 4 15 1
3173 4 13 1
1436 4 14 1
5676 5 17 1
6505 5 16 1
3176 5 15 1
4817 0 15 1
3363 0 14 1
3954 0 13 1
2142 0 11 1
221 0 12 1
1878 1 15 1
5232 1 14 1
636 1 13 1
690 1 11 1
2648 1 12 1
6343 2 11 1
2939 2 12 1
3196 3 11 1
5184 3 12 1
641 4 11 1
5746 4 12 1
3804 5 11 1
6405 5 12 1
6292 5 13 1
3336 5 14 1
2189 5 19 1
5138 5 18 1
6042 6 19 1
3887 6 18 1
3112 6 17 1
4171 6 16 1
3449 6 15 1
5895 6 11 1
3411 6 12 1
2651 6 13 1
3885 6 14 1
2848 7 19 1
2666 7 18 1
1714 7 17 1
2168 7 16 1
5538 7 15 1
2013 7 14 1
2478 7 13 1
4007 7 12 1
134 7 11 1
3519 8 19 1
3183 8 18 1
4581 8 17 1
2674 8 16 1
5837 8 15 1
3899 8 14 1
130 8 13 1
4436 8 12 1
4735 8 11 1
5240 8 10 1
525 8 9 1
3874 8 8 1
5984 9 14 1
2146 9 13 1
5481 9 12 1
2678 9 11 1
3273 9 10 1
2436 9 9 1
1245 9 8 1
268 10 14 1
4370 10 13 1
2254 10 12 1
2359 10 11 1
6520 10 10 1
4939 10 9 1
4086 10 8 1
962 9 7 1
5663 6 5 1
5504 7 7 1
3111 7 6 1
5666 0 5 1
6506 0 4 1
5884 0 3 1
6023 1 5 1
6078 1 4 1
5637 1 3 1
5239 2 5 1
4025 2 4 1
4494 2 3 1
2940 3 5 1
2975 3 4 1
1939 0 2 1
3226 0 0 1
405 0 1 1
699 1 2 1
278 1 0 1
4419 1 1 1
4671 2 2 1
1344 2 0 1
2502 2 1 1
2546 3 0 1
4482 3 1 1
2516 3 2 1
1546 3 3 1
6211 0 7 1
2784 0 6 1
3012 1 7 1
1377 1 6 1
4062 2 8 1
4726 2 7 1
2068 2 6 1
2537 0 10 1
37 0 8 1
4148 0 9 1
2910 1 10 1
6086 1 8 1
722 1 9 1
3934 2 10 1
3490 2 9 1
2745 3 10 1
5414 3 9 1
6270 3 8 1
6234 3 7 1
2035 3 6 1
3658 4 10 1
1067 4 9 1
1180 4 8 1
3568 4 7 1
2769 4 6 1
3047 4 5 1
789 4 4 1
5813 4 0 1
4498 4 1 1
2147 4 2 1
3597 4 3 1
3883 6 7 1
140 5 7 1
1419 6 6 1
6595 5 6 1
1532 5 5 1
2247 5 4 1
4944 5 2 1
2227 5 3 1
4034 6 4 1
5092 5 0 1
1247 5 1 1
215 6 0 1
2370 6 1 1
1959 6 2 1
4563 6 3 1
111 9 3 1
4732 9 0 1
2034 9 1 1
1874 9 2 1
773 8 0 1
5415 8 1 1
3714 8 2 1
52 7 0 1
5855 7 1 1
3678 7 2 1
4626 7 3 1
6426 7 4 1
2933 7 5 1
2676 8 7 1
3020 8 6 1
2026 8 3 1
2893 8 4 1
5917 8 5 1
5765 9 4 1
2401 9 5 1
523 9 6 1
1953 13 3 1
3637 12 3 1
3367 13 0 1
1825 13 1 1
3208 13 2 1
2422 12 0 1
2707 12 1 1
4360 12 2 1
2429 11 0 1
1975 11 1 1
949 11 2 1
5366 11 3 1
2060 11 4 1
1024 10 0 1
113 10 1 1
1429 10 2 1
2833 10 3 1
2366 10 4 1
3335 10 5 1
1296 10 6 1
3117 10 7 1
4786 11 9 1
5160 11 8 1
62 11 5 1
4763 11 6 1
4305 11 7 1
6154 11 10 1
3635 12 10 1
2134 12 9 1
634 12 8 1
2242 12 4 1
6038 12 5 1
6584 12 6 1
4496 12 7 1
6285 11 13 1
5035 11 12 1
3866 11 11 1
1504 12 13 1
3610 12 12 1
1463 12 11 1
1519 9 15 1
1426 9 16 1
6300 10 15 1
6517 10 16 1
3144 9 19 1
4644 9 18 1
3949 9 17 1
64 10 19 1
3317 10 18 1
4112 10 17 1
4716 11 19 1
6347 11 18 1
338 11 17 1
5479 11 14 1
998 11 15 1
1894 11 16 1
4495 12 19 1
4513 12 18 1
920 12 17 1
4259 12 14 1
1840 12 15 1
1491 12 16 1
5362 13 17 1
2179 13 16 1
3970 13 15 1
2240 13 14 1
6372 14 17 1
879 14 16 1
5087 14 15 1
4995 14 14 1
2166 15 16 1
5842 15 15 1
996 15 14 1
5196 16 16 1
5268 16 15 1
2821 13 19 1
4098 13 18 1
3774 14 19 1
4442 14 18 1
3838 15 19 1
5385 15 18 1
2098 15 17 1
4105 16 19 1
262 16 18 1
1280 16 17 1
553 17 19 1
6375 17 18 1
4324 19 19 1
2269 18 19 1
1868 19 18 1
2368 18 18 1
4163 19 17 1
1012 18 17 1
604 17 17 1
1130 19 16 1
5990 18 16 1
5321 17 16 1
6562 19 15 1
5065 18 15 1
5909 17 15 1
309 19 14 1
417 18 14 1
727 17 14 1
5602 16 14 1
5702 19 13 1
600 18 13 1
6222 17 13 1
54 16 13 1
1032 15 13 1
6476 14 13 1
1474 13 13 1
1518 19 12 1
635 18 12 1
5403 17 12 1
2394 19 11 1
4000 18 11 1
165 17 11 1
3075 19 9 1
2705 19 10 1
2192 18 9 1
1239 18 10 1
3465 17 9 1
6059 17 10 1
1716 16 9 1
360 16 10 1
2654 16 11 1
2574 16 12 1
5688 15 9 1
5616 15 10 1
4056 15 11 1
4075 15 12 1
3923 14 12 1
4521 13 12 1
244 13 11 1
1478 13 10 1
5440 13 9 1
6390 13 8 1
1993 13 4 1
4835 13 5 1
3032 13 6 1
6018 13 7 1
4017 14 11 1
5135 14 10 1
5683 14 9 1
4285 17 8 1
6559 16 8 1
3858 15 8 1
2160 14 8 1
1566 17 7 1
3399 16 7 1
1035 15 7 1
515 14 7 1
2342 19 8 1
1357 18 8 1
4697 19 7 1
175 18 7 1
1057 19 5 1
3842 19 6 1
1162 18 5 1
2316 18 6 1
2934 17 5 1
3142 17 6 1
3310 16 6 1
3178 15 6 1
693 14 6 1
4024 16 5 1
3258 15 5 1
6469 14 5 1
4665 16 4 1
6369 15 4 1
4051 14 4 1
1368 16 3 1
4146 15 3 1
1846 14 3 1
5250 19 4 1
4982 18 4 1
1160 17 4 1
953 19 3 1
1105 18 3 1
4168 17 3 1
3148 19 0 1
1948 19 1 1
3396 19 2 1
99 18 0 1
1023 18 1 1
5063 18 2 1
4531 17 0 1
494 17 1 1
4461 17 2 1
1577 16 0 1
5598 16 1 1
1799 16 2 1
4683 15 2 1
5407 14 2 1
1789 15 1 1
3729 14 1 1
2480 15 0 1
4010 14 0 1
3601 15 1 29
339 15 0 29
4660 16 0 31
3799 16 1 31
4160 19 0 32
981 19 1 32
5973 19 2 32
4306 18 0 32
231 18 1 32
5431 18 2 32
239 17 0 32
3260 17 1 32
1237 19 3 33
2871 18 3 33
3932 19 4 35
2919 18 4 35
3387 17 4 35
2528 17 3 35
5574 16 3 36
6596 15 3 36
3473 16 4 37
2770 15 4 37
6129 17 5 38
3019 16 5 38
5353 15 5 38
5992 19 5 39
6402 19 6 39
3057 18 5 39
5263 19 8 40
1882 18 8 40
3191 19 7 40
2352 18 7 40
881 18 6 40
4264 17 6 40
3976 16 6 40
1403 15 6 40
4819 17 7 41
3077 16 7 41
3745 15 7 41
190 17 8 42
2880 16 8 42
4448 15 8 42
6374 13 4 43
6400 13 5 43
975 13 6 43
1190 14 11 43
4892 14 10 43
4790 14 9 43
6560 14 8 43
4108 15 9 44
3301 15 10 44
137 15 11 44
5518 18 9 45
4226 17 9 45
1104 16 9 45
6267 19 12 46
498 18 12 46
3901 17 12 46
5103 19 11 46
1800 18 11 46
2113 17 11 46
1455 19 9 46
1382 19 10 46
6578 18 10 46
1792 17 10 46
1353 16 10 46
3050 16 11 46
1197 16 12 46
1307 15 12 46
1758 14 12 46
1748 19 14 48
2832 18 14 48
5698 19 13 48
4833 18 13 48
4635 17 13 48
4038 19 16 49
3143 18 16 49
1000 19 15 49
5211 18 15 49
2079 19 18 50
2273 19 17 50
1582 16 19 51
1733 16 18 51
4814 17 19 51
255 17 18 51
3992 19 19 51
6534 18 19 51
1877 18 18 51
1316 18 17 51
5249 15 19 52
1329 13 19 53
1295 13 18 53
4859 14 19 53
6436 14 18 53
4516 15 18 53
1515 15 17 53
913 16 17 53
1675 17 17 53
486 17 16 53
3037 17 15 53
2484 17 14 53
809 14 17 54
4111 14 16 54
837 14 15 54
3639 15 16 54
2618 15 15 54
4487 16 16 54
1454 16 15 54
4676 13 17 55
1199 12 19 56
1461 12 18 56
3681 12 17 56
1448 12 14 56
1809 12 15 56
1662 11 19 57
710 11 18 57
517 11 14 57
5795 11 15 57
5408 10 19 58
2482 10 18 58
3477 10 15 59
3409 9 19 59
5384 9 18 59
780 9 17 59
762 10 17 59
1974 11 17 59
4503 11 13 60
3140 11 12 60
34 11 11 60
5086 12 13 60
4293 12 12 60
5111 12 11 60
6187 9 15 60
936 9 16 60
2069 10 16 60
6116 11 16 60
2552 12 16 60
4282 13 16 60
1721 13 15 60
4822 13 14 60
4337 14 14 60
2499 15 14 60
1241 16 14 60
3022 16 13 60
6408 15 13 60
4026 14 13 60
3991 13 13 60
3522 12 4 61
823 12 5 61
5177 12 6 61
4131 11 9 62
6447 11 8 62
2419 11 5 62
1914 11 6 62
5792 11 10 62
5941 12 10 62
4576 12 9 62
4680 12 8 62
2099 10 0 64
4138 10 1 64
4184 10 2 64
3224 10 3 64
1710 11 0 65
2262 11 1 65
2785 12 0 66
2988 12 1 66
4486 9 4 67
1589 13 3 67
2115 12 3 67
4955 13 0 67
2835 13 1 67
1522 13 2 67
4684 12 2 67
141 11 2 67
4287 11 3 67
3182 11 4 67
1385 10 4 67
2615 10 5 67
1141 8 7 68
6104 8 6 68
6258 8 3 68
6308 8 4 68
4201 7 0 69
979 7 1 69
5262 17 0 69
4528 17 1 69
3939 9 3 70
241 9 0 70
5543 9 1 70
1795 9 2 70
1269 8 0 70
3903 8 1 70
5484 8 2 70
893 7 2 70
4445 6 4 71
2876 5 0 71
5337 5 1 71
2688 6 0 71
2751 6 1 71
2628 6 2 71
4377 5 2 72
3769 6 7 73
3247 5 7 73
492 6 6 73
1092 5 6 73
6135 5 5 73
1150 5 4 73
4249 4 0 74
5519 4 1 74
2042 4 2 74
895 4 10 75
2215 4 9 75
5462 4 8 75
1607 4 7 75
4251 0 8 76
4902 1 10 76
2602 1 8 76
5881 2 10 76
499 3 10 76
1014 2 8 77
6100 2 7 77
2445 0 10 77
5324 0 9 77
4311 1 9 77
714 2 9 77
1169 0 7 78
4908 0 6 78
4800 1 7 78
1872 1 6 78
4253 2 6 78
6227 3 9 78
5537 3 8 78
658 3 7 78
1091 3 6 78
5317 4 6 78
2136 4 5 78
3326 4 4 78
1152 18 0 78
5345 18 1 78
5515 3 0 79
4320 1 2 80
5658 1 0 80
555 2 2 80
5782 2 0 80
4780 14 11 80
914 14 10 80
3817 14 9 80
3341 2 5 81
3818 2 4 81
3771 3 5 81
5328 3 4 81
3746 0 2 81
3169 0 0 81
5183 0 1 81
1847 1 1 81
754 2 1 81
6567 3 1 81
6448 3 2 81
3524 16 4 81
6513 15 4 81
6566 0 5 82
4834 0 4 82
4610 0 3 82
1901 1 5 82
4845 1 4 82
5893 1 3 82
6565 2 3 82
5733 3 3 82
1381 15 0 82
3461 9 7 83
5165 6 5 83
2411 7 7 83
4675 7 6 83
2970 19 9 83
1315 19 10 83
6223 10 14 84
2642 10 13 84
2071 10 12 84
1915 10 11 84
5934 10 10 84
1579 10 9 84
3406 13 5 84
4116 13 6 84
2775 9 14 86
5800 9 13 86
5912 9 12 86
237 9 11 86
6548 9 10 86
496 9 9 86
5022 19 13 86
6577 18 13 86
2138 17 13 86
107 16 9 86
6422 18 5 86
3503 16 16 87
6421 16 15 87
5108 19 11 87
370 18 11 87
6232 8 19 88
6321 8 18 88
4080 8 17 88
1493 8 16 88
5639 8 15 88
1853 8 14 88
3331 8 13 88
4703 8 12 88
4573 9 15 88
2364 9 16 88
206 19 7 88
6062 7 19 89
2237 7 18 89
2236 7 17 89
638 7 16 89
4269 7 15 89
5019 12 13 89
1334 12 12 89
1717 19 14 90
5804 18 14 90
6046 6 11 91
2506 6 12 91
2301 6 13 91
2703 16 3 91
5943 15 3 91
1924 5 11 92
3149 5 19 92
896 5 18 92
5323 6 19 92
6160 6 18 92
1640 6 17 92
720 6 16 92
547 6 15 92
541 15 16 92
97 15 15 92
6017 16 5 92
473 15 5 92
6629 15 1 92
1106 3 11 93
5370 4 11 93
3973 15 9 93
2299 15 10 93
3489 15 11 93
1089 17 0 93
3591 17 1 93
5435 1 11 94
5059 2 11 94
4407 19 19 94
2777 18 19 94
5209 19 12 94
4663 18 12 94
4764 17 12 94
2414 17 11 94
3849 0 11 95
3999 1 15 95
3667 1 14 95
13809 milli sec 
point:463375
