749
2762 0 9 1
1892 0 8 1
1789 0 7 1
3551 0 6 1
2426 0 5 1
2276 0 4 1
1304 0 3 1
1336 0 2 1
3907 0 1 1
3888 0 0 1
1281 3 9 1
2557 2 9 1
2988 1 9 1
3186 3 8 1
923 2 8 1
2047 1 8 1
1918 2 7 1
442 1 7 1
1921 2 6 1
3155 1 6 1
3559 0 19 1
3386 0 18 1
2998 0 17 1
3480 0 16 1
3521 0 15 1
3419 0 14 1
626 0 13 1
3236 0 12 1
2286 0 11 1
135 0 10 1
767 1 19 1
4000 1 18 1
1847 1 17 1
3420 1 16 1
2194 1 15 1
3117 1 14 1
3632 1 13 1
1055 1 12 1
956 1 11 1
289 1 10 1
2070 2 19 1
1274 2 18 1
3757 2 17 1
1777 2 16 1
1948 2 15 1
4040 2 14 1
3211 2 13 1
1111 2 12 1
3410 2 11 1
1360 2 10 1
3462 3 19 1
3583 3 18 1
2656 3 17 1
2671 3 16 1
726 3 15 1
3191 3 14 1
1058 3 13 1
2956 3 12 1
2713 3 11 1
2974 3 10 1
863 4 19 1
3492 4 18 1
3576 4 17 1
644 4 16 1
3863 4 15 1
2951 4 14 1
223 4 13 1
2697 4 12 1
3599 5 19 1
373 5 18 1
3226 5 17 1
377 5 16 1
3358 5 15 1
1690 6 19 1
1811 6 18 1
570 6 17 1
1898 6 16 1
1097 6 15 1
1863 7 19 1
1527 7 18 1
4167 7 17 1
1598 7 16 1
3209 7 15 1
2563 8 19 1
256 8 18 1
711 8 17 1
286 12 19 1
3806 11 19 1
4060 10 19 1
2415 9 19 1
1102 12 18 1
1359 11 18 1
868 10 18 1
1101 9 18 1
2277 12 17 1
3292 11 17 1
2081 10 17 1
1110 9 17 1
701 12 16 1
3793 11 16 1
885 10 16 1
3520 9 16 1
3812 8 16 1
2588 12 15 1
3019 11 15 1
1476 10 15 1
2904 9 15 1
3598 8 15 1
4164 13 19 1
945 13 18 1
4063 13 17 1
3915 13 16 1
565 13 15 1
219 13 14 1
3109 15 19 1
2408 14 19 1
3861 15 18 1
3652 14 18 1
2297 15 17 1
535 14 17 1
1350 16 16 1
1310 15 16 1
2146 14 16 1
2248 16 15 1
3578 15 15 1
2355 14 15 1
925 16 19 1
2830 16 18 1
376 16 17 1
3656 19 19 1
915 18 19 1
3244 17 19 1
3062 19 18 1
2220 18 18 1
2464 17 18 1
547 19 17 1
677 18 17 1
2023 17 17 1
837 19 16 1
1557 18 16 1
1838 17 16 1
3317 19 15 1
1612 18 15 1
2334 17 15 1
4043 19 14 1
1481 18 14 1
3747 17 14 1
3865 16 14 1
1363 15 14 1
4074 14 14 1
1071 19 13 1
1753 18 13 1
1981 17 13 1
1289 16 13 1
917 15 13 1
387 14 13 1
3177 19 12 1
238 18 12 1
599 17 12 1
217 16 12 1
2649 15 12 1
3683 14 12 1
3036 19 11 1
2073 18 11 1
1657 17 11 1
4169 16 11 1
27 15 11 1
2633 14 11 1
1454 19 7 1
3222 19 8 1
1528 19 9 1
2822 19 10 1
1327 18 7 1
1443 18 8 1
1008 18 9 1
3807 18 10 1
1930 17 7 1
1262 17 8 1
1561 17 9 1
2382 17 10 1
235 16 7 1
3867 16 8 1
2929 16 9 1
2153 16 10 1
985 15 7 1
2756 15 8 1
2075 15 9 1
1765 15 10 1
2308 14 7 1
3435 14 8 1
3535 14 9 1
1178 14 10 1
1751 13 7 1
2001 13 8 1
2753 13 9 1
3692 13 10 1
3892 13 11 1
472 13 12 1
4 13 13 1
2424 12 7 1
1059 12 8 1
3703 12 9 1
2806 12 10 1
1040 12 11 1
2126 12 12 1
2000 12 13 1
2331 12 14 1
11 11 9 1
1945 11 10 1
2222 11 11 1
3279 11 12 1
2803 11 13 1
2475 11 14 1
2826 10 12 1
63 10 13 1
3549 10 14 1
3091 9 14 1
3273 8 14 1
938 7 14 1
3821 6 14 1
109 5 14 1
577 9 13 1
625 8 13 1
2458 7 13 1
186 6 13 1
935 5 13 1
3031 9 12 1
1800 8 12 1
226 7 12 1
1669 6 12 1
4007 5 12 1
155 10 9 1
781 10 10 1
1895 10 11 1
3444 9 10 1
2685 9 11 1
2243 8 10 1
1270 8 11 1
2034 7 11 1
2718 6 11 1
8 5 11 1
613 4 11 1
2776 7 10 1
3282 6 10 1
818 5 10 1
2495 4 10 1
2354 9 9 1
750 8 9 1
3693 7 9 1
2993 6 9 1
1820 5 9 1
3870 4 9 1
3617 11 8 1
802 10 8 1
2608 9 8 1
3664 8 8 1
3323 7 8 1
336 6 8 1
88 5 8 1
2692 4 8 1
1060 19 0 1
3930 19 1 1
629 19 2 1
4031 19 3 1
1651 19 4 1
2306 19 5 1
1936 19 6 1
3877 18 0 1
1377 18 1 1
2733 18 2 1
1684 18 3 1
3257 18 4 1
3962 18 5 1
3715 18 6 1
174 17 0 1
4059 17 1 1
1913 17 2 1
1445 17 3 1
363 17 4 1
1653 17 5 1
2677 17 6 1
803 16 0 1
1134 16 1 1
2575 16 2 1
2562 16 3 1
709 16 4 1
2360 16 5 1
1521 16 6 1
504 9 3 1
548 9 0 1
2615 9 1 1
4064 9 2 1
1462 10 3 1
2227 10 0 1
2851 10 1 1
76 10 2 1
389 11 3 1
448 11 0 1
3641 11 1 1
297 11 2 1
1474 12 3 1
3816 12 0 1
1881 12 1 1
3309 12 2 1
589 13 3 1
954 13 0 1
4046 13 1 1
2013 13 2 1
959 14 3 1
2949 14 0 1
2886 14 1 1
3164 14 2 1
3550 15 0 1
551 15 1 1
225 15 2 1
3849 15 3 1
3192 15 4 1
3037 15 5 1
3749 15 6 1
1083 14 4 1
1510 14 5 1
2025 14 6 1
3296 13 4 1
1213 13 5 1
486 13 6 1
2624 12 4 1
1225 12 5 1
2235 12 6 1
503 11 4 1
2686 11 5 1
1500 11 6 1
357 11 7 1
2911 10 4 1
2589 10 5 1
4054 10 6 1
2018 10 7 1
2779 9 4 1
1209 9 5 1
3718 9 6 1
1162 9 7 1
2898 8 4 1
1781 8 5 1
3837 8 6 1
3158 8 7 1
3032 7 7 1
2777 6 7 1
2460 5 7 1
766 4 7 1
3027 3 7 1
3006 7 6 1
3857 6 6 1
4111 5 6 1
737 4 6 1
1253 3 6 1
1645 7 5 1
2207 6 5 1
704 5 5 1
1797 4 5 1
383 3 5 1
1929 2 5 1
4097 1 5 1
596 7 4 1
2848 6 4 1
3648 5 4 1
284 4 4 1
1614 3 4 1
550 2 4 1
1216 1 4 1
3161 4 3 1
358 3 3 1
1103 2 3 1
1436 1 3 1
3510 8 3 1
3774 7 3 1
2401 6 3 1
168 5 3 1
1367 8 2 1
2051 7 2 1
1043 6 2 1
1652 5 2 1
3585 4 2 1
797 3 2 1
614 2 2 1
2181 1 2 1
1680 8 1 1
769 7 1 1
19 6 1 1
1199 5 1 1
1045 4 1 1
1534 3 1 1
2784 2 1 1
2006 1 1 1
3281 8 0 1
1905 7 0 1
1639 6 0 1
477 5 0 1
2274 4 0 1
812 3 0 1
811 2 0 1
2399 1 0 1
1466 8 0 25
748 7 0 25
1028 6 0 25
1241 5 0 25
1865 4 0 25
347 3 0 25
1188 2 0 25
2151 8 1 28
1353 7 1 28
3783 6 1 28
3847 5 1 28
790 4 1 28
1870 3 1 28
2617 2 1 28
1224 8 2 30
2510 7 2 30
460 6 2 30
1245 8 3 31
1271 7 3 31
3646 6 3 31
407 5 3 31
4045 5 2 31
2403 4 2 31
1391 3 2 31
1354 2 2 31
3677 4 3 32
3691 3 3 32
4041 2 3 32
2824 7 4 34
427 6 4 34
3459 5 4 34
367 4 4 34
2564 3 4 34
1444 2 4 34
3059 7 5 35
969 6 5 35
2417 5 5 35
228 4 5 35
475 7 6 36
1148 6 6 36
707 5 6 36
1156 4 6 36
3405 8 4 38
796 8 5 38
2498 8 6 38
3220 10 4 39
3171 10 5 39
3200 10 6 39
3390 9 4 39
93 9 5 39
1969 9 6 39
1319 11 4 40
1406 11 5 40
523 12 4 41
1299 12 5 41
13 13 4 42
2505 13 5 42
1192 14 4 43
3636 14 5 43
3736 14 0 44
2299 14 1 44
378 15 0 44
1667 15 1 44
3960 13 3 45
2752 13 0 45
3671 13 1 45
552 14 3 45
200 11 0 46
1037 11 1 46
3183 12 3 46
1425 12 0 46
398 12 1 46
3112 10 3 47
948 10 0 47
2441 10 1 47
1506 11 3 47
4088 9 3 48
1872 9 0 48
2112 9 1 48
1120 9 2 48
2131 16 0 49
3649 16 1 49
3245 16 2 49
953 16 3 49
3968 16 4 49
3396 16 5 49
1009 10 2 49
988 11 2 49
1020 12 2 49
1084 13 2 49
406 17 0 51
338 17 1 51
2137 17 2 51
3154 17 3 51
2559 17 4 51
466 17 5 51
1118 18 0 52
1244 18 1 52
2502 18 2 52
1642 18 3 52
1770 18 4 52
185 18 5 52
2278 19 0 53
1342 19 1 53
2198 19 2 53
2361 19 3 53
1296 19 4 53
4095 19 5 53
1915 19 6 53
2020 18 6 53
601 17 6 53
261 16 6 53
2881 14 2 53
190 15 2 53
1030 15 3 53
82 15 4 53
182 15 5 53
3212 15 6 53
1817 14 6 53
3708 13 6 53
2378 12 6 53
841 11 6 53
875 11 7 53
3740 10 7 53
830 9 7 53
251 8 7 53
3497 7 7 53
2262 6 7 53
2710 5 7 53
746 11 8 55
2223 10 8 55
2638 9 8 55
2459 8 8 55
2097 7 8 55
4116 6 8 55
1514 5 8 55
720 9 9 56
2745 8 9 56
1420 7 9 56
1467 6 9 56
3967 5 9 56
877 7 10 57
1404 6 10 57
173 5 10 57
4004 8 10 59
2106 10 9 60
124 10 10 60
2523 10 11 60
2493 9 10 60
459 9 11 60
2503 8 11 60
3909 7 11 60
1910 6 11 60
3208 9 12 61
53 8 12 61
1206 7 12 61
2450 6 12 61
3043 9 13 62
957 8 13 62
3105 7 13 62
3068 6 13 62
1140 10 12 63
2630 10 13 63
3391 11 9 64
2320 11 10 64
3421 11 11 64
3127 11 12 64
714 11 13 64
1627 12 7 66
1022 12 8 66
513 12 9 66
3438 12 10 66
3911 12 11 66
4138 12 12 66
3490 13 7 67
3575 13 8 67
1435 13 9 67
1135 15 7 69
721 15 8 69
2353 15 9 69
1727 14 7 69
2028 14 8 69
2668 14 9 69
2364 17 7 72
1950 17 8 72
1807 17 9 72
1288 16 7 72
1200 16 8 72
2724 16 9 72
2140 18 7 73
4160 18 8 73
1809 18 9 73
2751 19 11 74
2852 18 11 74
320 17 11 74
3822 16 11 74
3250 15 11 74
3263 19 7 74
569 19 8 74
3737 19 9 74
3829 19 10 74
4166 18 10 74
713 17 10 74
2623 16 10 74
258 15 10 74
1672 6 2 74
1606 19 12 75
910 18 12 75
1168 17 12 75
3699 16 12 75
1830 15 12 75
706 19 13 76
2923 18 13 76
1392 17 13 76
2040 16 13 76
1586 15 13 76
3056 19 15 77
1769 18 15 77
473 19 14 77
1855 18 14 77
1540 19 16 78
1147 18 16 78
1292 19 18 79
3769 18 18 79
3739 19 17 79
3081 18 17 79
3346 16 15 80
4098 15 15 80
420 16 19 80
1027 16 18 80
2607 16 17 80
2410 19 19 80
1970 18 19 80
3344 17 19 80
4103 17 18 80
1786 17 17 80
3148 17 16 80
343 17 15 80
4008 16 16 81
1609 15 16 81
3602 14 3 81
1851 15 19 82
2750 14 19 82
3157 15 18 82
3187 14 18 82
3593 15 17 82
1980 14 17 82
617 14 16 82
3701 14 15 82
855 13 19 83
369 13 18 83
2584 13 17 83
3859 13 16 83
929 13 15 83
817 13 14 83
2231 12 16 85
2515 11 16 85
952 10 16 85
2074 12 15 85
310 11 15 85
3898 10 15 85
149 9 15 85
2689 13 0 85
3275 13 1 85
696 9 4 85
1799 9 5 85
4021 9 6 85
3331 12 17 86
117 11 17 86
2340 10 17 86
832 12 19 87
2959 11 19 87
3260 10 19 87
3686 9 19 87
2899 12 18 87
3483 11 18 87
3666 10 18 87
2866 9 18 87
3023 9 17 87
447 9 16 87
471 12 4 87
2164 12 5 87
1757 6 19 88
1127 6 18 88
1632 6 17 88
436 6 16 88
2643 7 19 88
2839 7 18 88
1564 7 17 88
1730 7 16 88
1849 8 19 88
2359 8 18 88
3084 8 17 88
3773 8 16 88
3425 10 1 88
3465 11 3 88
2425 7 3 88
2918 6 3 88
905 5 3 88
2662 5 19 89
2381 5 18 89
4110 5 17 89
658 5 16 89
2333 5 15 89
3363 6 15 89
2530 7 15 89
488 8 15 89
1529 15 0 89
1593 15 1 89
54 13 5 89
893 10 5 89
1248 10 6 89
1441 4 19 90
3640 4 18 90
2253 4 17 90
1812 4 16 90
3862 4 15 90
1629 4 14 90
1552 4 13 90
3569 4 12 90
4100 17 14 90
3 16 14 90
3792 15 14 90
1736 14 14 90
2154 14 13 90
3437 14 12 90
1966 14 11 90
3214 8 13 90
2328 7 13 90
665 6 13 90
3502 7 9 90
2021 6 9 90
792 5 9 90
2900 10 2 90
777 11 2 90
3781 12 0 90
1638 12 1 90
1900 12 2 90
586 13 2 90
1094 14 2 90
3794 15 2 90
3401 15 3 90
973 15 4 90
172 15 5 90
2102 3 3 90
2118 2 3 90
2801 5 2 90
1280 4 2 90
731 3 2 90
9471 milli sec 
point:394125
