776
1376 10 4 1
1397 10 3 1
3999 10 2 1
4606 10 1 1
1149 10 0 1
6217 11 4 1
4700 11 3 1
1248 11 2 1
4214 11 1 1
4627 11 0 1
4471 12 4 1
6254 12 3 1
1350 12 2 1
234 12 1 1
2766 12 0 1
5438 10 8 1
1096 10 5 1
4961 10 6 1
5943 10 7 1
5112 11 8 1
6127 11 5 1
4851 11 6 1
1706 11 7 1
2507 12 8 1
4370 12 5 1
1287 12 6 1
6079 12 7 1
5463 8 15 1
2634 0 19 1
3424 0 18 1
265 0 17 1
2059 0 16 1
2145 0 15 1
3356 0 14 1
4220 0 0 1
5458 0 1 1
5110 0 2 1
562 0 3 1
1461 0 4 1
2808 0 5 1
3453 0 6 1
2002 0 7 1
691 0 8 1
5342 0 9 1
2749 0 10 1
5194 0 11 1
5318 0 12 1
3396 0 13 1
1673 1 19 1
5224 1 18 1
58 1 17 1
663 1 16 1
2959 1 15 1
4438 1 14 1
3748 1 0 1
5264 1 1 1
2591 1 2 1
2852 1 3 1
5072 1 4 1
5513 1 5 1
393 1 6 1
664 1 7 1
704 1 8 1
4222 1 9 1
5455 1 10 1
6279 1 11 1
4572 1 12 1
4883 1 13 1
6085 2 19 1
5881 2 18 1
772 2 17 1
6204 2 16 1
2276 2 15 1
1635 2 14 1
1590 2 0 1
4006 2 1 1
2380 2 2 1
1554 2 3 1
802 2 4 1
3723 2 5 1
6156 2 6 1
4067 2 7 1
3758 2 8 1
3337 2 9 1
1267 2 10 1
1932 2 11 1
2485 2 12 1
5485 2 13 1
3303 9 19 1
1631 8 19 1
3581 7 19 1
4699 6 19 1
1262 5 19 1
5553 4 19 1
565 3 19 1
3617 9 18 1
5689 8 18 1
3358 7 18 1
4019 6 18 1
3774 5 18 1
2640 4 18 1
4320 3 18 1
2544 9 17 1
2046 8 17 1
4599 7 17 1
2023 6 17 1
3095 5 17 1
1463 4 17 1
1393 3 17 1
6072 9 16 1
5978 8 16 1
6295 7 16 1
5006 6 16 1
381 5 16 1
4805 4 16 1
2202 3 16 1
831 7 15 1
4077 6 15 1
3557 5 15 1
809 4 15 1
1608 3 15 1
675 3 14 1
3949 3 0 1
3431 3 1 1
778 3 2 1
5872 3 3 1
1503 3 4 1
6238 3 5 1
1133 3 6 1
1835 3 7 1
3042 3 8 1
5192 3 9 1
329 3 10 1
3228 3 11 1
3501 3 12 1
3352 3 13 1
1825 4 14 1
3007 9 7 1
2970 8 7 1
5775 7 7 1
6290 6 7 1
482 9 6 1
4168 8 6 1
6264 7 6 1
2675 6 6 1
2548 9 5 1
4657 8 5 1
2146 7 5 1
5129 6 5 1
979 9 0 1
5944 9 1 1
4367 9 2 1
2533 9 3 1
2910 9 4 1
988 8 0 1
2830 8 1 1
756 8 2 1
146 8 3 1
3291 8 4 1
2459 7 0 1
3225 7 1 1
4445 7 2 1
6099 7 3 1
748 7 4 1
3923 6 0 1
6251 6 1 1
3096 6 2 1
4725 6 3 1
5730 6 4 1
3412 5 0 1
1904 5 1 1
2498 5 2 1
5032 5 3 1
2607 5 4 1
4270 4 0 1
1993 4 1 1
4702 4 2 1
312 4 3 1
4027 4 4 1
5845 4 5 1
2368 4 6 1
1877 4 7 1
5962 4 8 1
2125 4 9 1
328 4 10 1
3009 4 11 1
241 4 12 1
4707 4 13 1
3016 5 14 1
4793 5 5 1
2860 5 6 1
4390 5 7 1
2569 5 8 1
430 5 9 1
3598 5 10 1
4897 5 11 1
5826 5 12 1
1388 5 13 1
1951 6 14 1
169 6 8 1
2472 6 9 1
240 6 10 1
4993 6 11 1
1299 6 12 1
5389 6 13 1
4705 7 14 1
2696 7 8 1
5091 7 9 1
1645 7 10 1
5049 7 11 1
3154 7 12 1
2097 7 13 1
4527 8 8 1
5322 8 9 1
3468 8 10 1
2189 8 11 1
958 8 12 1
3809 8 13 1
3929 8 14 1
3587 9 15 1
5919 9 8 1
2570 9 9 1
4689 9 10 1
6129 9 11 1
4277 9 12 1
3151 9 13 1
5698 9 14 1
1011 10 19 1
453 10 18 1
4691 10 17 1
4910 10 16 1
5368 10 15 1
4835 10 9 1
6113 10 10 1
3375 10 11 1
4116 10 12 1
4902 10 13 1
3796 10 14 1
5765 11 19 1
5716 11 18 1
2825 11 17 1
1209 11 16 1
5330 11 15 1
5609 12 9 1
847 12 10 1
2724 11 9 1
645 11 10 1
6074 11 11 1
6089 11 12 1
5614 11 13 1
5483 11 14 1
6048 12 19 1
6206 12 18 1
1513 12 17 1
2639 12 16 1
6224 12 15 1
947 12 14 1
3719 12 13 1
5388 12 12 1
2132 12 11 1
4927 13 19 1
4563 13 18 1
1125 13 17 1
4218 13 16 1
2270 13 15 1
1173 13 14 1
3267 13 13 1
6102 13 12 1
6037 13 11 1
2981 13 10 1
5641 13 9 1
2782 13 8 1
3503 13 5 1
927 13 6 1
3856 13 7 1
2301 14 19 1
630 14 18 1
3782 14 17 1
4348 14 16 1
4643 14 15 1
2214 14 14 1
4415 14 13 1
5331 14 12 1
4457 14 11 1
6067 14 10 1
3704 14 9 1
3010 14 8 1
95 14 7 1
4884 19 19 1
2784 18 19 1
3579 17 19 1
2922 16 19 1
1640 15 19 1
1390 19 18 1
905 18 18 1
2085 17 18 1
2475 16 18 1
3893 15 18 1
4425 19 17 1
5945 18 17 1
613 17 17 1
2406 16 17 1
3050 15 17 1
4145 19 16 1
825 18 16 1
4935 17 16 1
3371 16 16 1
3972 15 16 1
3372 19 15 1
4419 18 15 1
4579 17 15 1
3635 16 15 1
158 15 15 1
1504 19 14 1
2564 18 14 1
5301 17 14 1
5981 16 14 1
955 15 14 1
3594 19 13 1
152 18 13 1
2913 17 13 1
2090 16 13 1
2110 15 13 1
4804 15 12 1
2135 15 11 1
433 15 10 1
557 15 9 1
4601 15 8 1
1862 15 7 1
2556 19 12 1
769 18 12 1
612 17 12 1
1839 16 12 1
1668 19 11 1
2428 18 11 1
4728 17 11 1
2305 16 11 1
2744 19 10 1
5095 18 10 1
3425 17 10 1
154 16 10 1
19 19 9 1
4163 18 9 1
1253 17 9 1
4313 16 9 1
2786 19 8 1
614 18 8 1
3513 17 8 1
2272 16 8 1
813 19 7 1
6070 18 7 1
5825 17 7 1
5168 16 7 1
6236 19 6 1
4551 18 6 1
1079 17 6 1
4105 16 6 1
768 15 6 1
4191 14 6 1
2421 19 5 1
5430 18 5 1
2754 17 5 1
2478 16 5 1
2487 15 5 1
3918 14 5 1
4039 19 4 1
4190 18 4 1
4578 17 4 1
2063 16 4 1
5263 15 4 1
2328 14 4 1
5570 13 4 1
6114 19 3 1
1726 18 3 1
6120 17 3 1
4608 16 3 1
3870 15 3 1
2340 14 3 1
526 13 3 1
389 19 2 1
1256 18 2 1
6023 17 2 1
3297 16 2 1
5797 15 2 1
4865 14 2 1
3185 13 2 1
4885 19 1 1
3495 18 1 1
4011 17 1 1
735 16 1 1
2898 15 1 1
511 14 1 1
5351 13 1 1
6080 19 0 1
3489 18 0 1
3799 17 0 1
4256 16 0 1
534 15 0 1
587 14 0 1
854 13 0 1
237 19 0 29
1902 18 0 29
5780 17 0 29
3839 16 0 29
1540 15 0 29
1971 14 0 29
1569 19 1 31
3052 18 1 31
2566 17 1 31
1591 16 1 31
5369 15 1 31
1948 14 1 31
5915 19 2 32
27 18 2 32
173 17 2 32
3654 16 2 32
1575 15 2 32
652 14 2 32
3831 19 3 35
900 18 3 35
1332 17 3 35
1314 16 3 35
3646 15 3 35
4079 14 3 35
4766 19 4 36
985 18 4 36
4791 17 4 36
3255 16 4 36
3854 15 4 36
2663 19 5 37
2405 18 5 37
916 17 5 37
2654 16 5 37
2329 15 5 37
2313 19 8 40
2147 18 8 40
593 17 8 40
5715 19 7 40
4112 18 7 40
4973 17 7 40
402 19 6 40
3819 18 6 40
1950 17 6 40
826 19 9 41
3105 18 9 41
5082 17 9 41
530 19 10 42
1428 18 10 42
766 17 10 42
1466 19 12 43
3861 18 12 43
206 17 12 43
5899 16 12 43
2647 19 11 43
5235 18 11 43
287 17 11 43
3334 16 11 43
3132 16 10 43
3483 16 9 43
5365 16 8 43
3823 19 13 45
2908 18 13 45
2230 17 13 45
5770 16 13 45
4853 19 14 46
2314 18 14 46
2158 17 14 46
2771 16 14 46
2341 19 16 47
2626 18 16 47
5425 17 16 47
4259 16 16 47
1359 19 15 47
4338 18 15 47
1448 17 15 47
283 16 15 47
3553 19 17 48
1202 18 17 48
3768 17 17 48
1288 16 17 48
1752 19 19 50
4800 18 19 50
2011 17 19 50
347 16 19 50
189 15 19 50
5620 19 18 50
1368 18 18 50
338 17 18 50
5457 16 18 50
4073 15 18 50
6111 15 17 50
730 15 16 50
4287 15 15 50
5136 15 14 50
2892 15 13 50
1500 15 12 50
1245 15 11 50
94 15 10 50
5070 15 9 50
5440 15 8 50
4565 14 19 52
5391 14 18 52
2131 14 17 52
3742 14 16 52
4511 14 15 52
4727 14 14 52
5436 14 13 52
2426 14 12 52
162 14 11 52
5346 14 10 52
4672 14 9 52
4355 14 8 52
2432 13 5 53
6005 13 6 53
2115 13 19 54
3749 13 18 54
1087 13 17 54
2042 13 16 54
2121 13 15 54
3775 13 14 54
1443 13 13 54
1879 13 12 54
2864 12 9 55
1313 12 10 55
2252 11 9 55
4043 11 10 55
4495 11 11 55
4288 11 12 55
4250 11 13 55
1907 12 19 55
123 12 18 55
1452 12 17 55
2195 12 16 55
6003 12 15 55
3882 11 19 56
3147 11 18 56
5615 11 17 56
4878 11 16 56
2467 11 15 56
2667 10 9 57
956 10 10 57
1153 10 11 57
3394 10 12 57
4634 10 13 57
1872 10 19 58
4731 10 18 58
5562 10 17 58
5828 10 16 58
1006 10 15 58
1208 9 15 59
1946 9 8 59
5379 9 9 59
4806 9 10 59
1123 9 11 59
1819 9 12 59
4636 9 13 59
2362 7 14 60
3726 7 8 60
2014 7 9 60
4894 7 10 60
1323 7 11 60
6101 7 12 60
5586 8 8 60
3679 8 9 60
679 8 10 60
836 8 11 60
1315 8 12 60
755 6 14 62
4232 6 8 62
2557 6 9 62
4444 6 10 62
4650 6 11 62
683 6 12 62
369 5 14 64
3828 5 5 64
2271 5 6 64
5054 5 7 64
2253 5 8 64
3559 5 9 64
4324 5 10 64
2619 5 11 64
4204 5 12 64
4216 5 0 68
982 5 1 68
1584 5 2 68
5305 5 3 68
3498 4 0 68
4963 4 1 68
5228 4 2 68
728 4 3 68
3223 6 0 70
4463 6 1 70
1183 6 2 70
4186 6 3 70
1507 7 0 71
1345 7 1 71
2397 7 2 71
1161 7 3 71
3114 9 0 72
1401 9 1 72
3641 9 2 72
3418 9 3 72
3836 9 4 72
4337 8 0 72
3869 8 1 72
5450 8 2 72
6146 8 3 72
5762 8 4 72
6138 7 4 72
2862 9 5 73
1982 8 5 73
1662 7 5 73
2833 9 6 74
3073 8 6 74
2785 7 6 74
3647 4 14 75
4050 9 7 75
4959 8 7 75
6225 7 7 75
2773 6 7 75
2561 6 6 75
3970 6 5 75
2945 6 4 75
3519 5 4 75
5735 4 4 75
687 4 5 75
4470 4 6 75
2444 4 7 75
678 4 8 75
1926 4 9 75
5982 4 10 75
5052 4 11 75
2671 4 12 75
2025 7 15 80
2957 6 15 80
878 5 15 80
1734 4 15 80
2113 3 0 80
4371 3 1 80
1060 3 2 80
6011 3 3 80
2845 3 4 80
4310 3 5 80
5964 3 6 80
253 3 7 80
4999 3 8 80
5514 3 9 80
4682 3 10 80
1124 3 11 80
5629 3 12 80
421 9 16 82
3562 8 16 82
5800 7 16 82
544 6 16 82
6159 5 16 82
2668 4 16 82
692 18 5 82
4660 17 5 82
1450 16 5 82
2205 15 5 82
4726 9 17 83
4701 8 17 83
4600 7 17 83
2415 6 17 83
2107 5 17 83
6028 4 17 83
1469 19 6 83
1527 18 6 83
4158 17 6 83
3751 9 18 84
2760 8 18 84
380 7 18 84
5522 6 18 84
480 5 18 84
6154 4 18 84
5686 17 9 84
3680 9 19 85
2925 8 19 85
4765 7 19 85
5428 6 19 85
1922 5 19 85
2012 4 19 85
4574 3 19 85
4314 3 18 85
4120 3 17 85
2614 3 16 85
4538 3 15 85
3280 3 14 85
4366 19 18 86
5303 18 18 86
5548 17 18 86
2834 16 18 86
2511 2 0 87
2183 2 1 87
5122 2 2 87
608 2 3 87
4807 2 4 87
3222 2 5 87
571 2 6 87
2231 2 7 87
2450 2 8 87
1151 2 9 87
5152 2 10 87
284 2 11 87
5036 2 12 87
4760 18 0 87
2 17 0 87
4975 16 0 87
6198 15 0 87
3442 14 0 87
5822 2 19 88
708 2 18 88
2781 2 17 88
5230 2 16 88
549 2 15 88
263 2 14 88
4160 12 19 89
5940 12 18 89
50 12 17 89
6245 12 16 89
4488 12 15 89
5755 19 15 89
805 18 15 89
188 17 15 89
1199 16 15 89
6267 19 11 89
3871 18 11 89
4070 17 11 89
4772 10 18 91
3776 10 17 91
4651 10 16 91
5406 10 15 91
5157 19 3 91
1977 18 3 91
5020 17 3 91
413 16 3 91
739 15 3 91
3208 14 3 91
4677 1 0 92
1534 1 1 92
3540 1 2 92
1 1 3 92
4711 1 4 92
1515 1 5 92
2072 1 6 92
2745 1 7 92
2568 1 8 92
1194 1 9 92
1083 1 10 92
1548 1 11 92
316 1 12 92
3040 17 19 92
4970 16 19 92
4064 15 19 92
873 15 18 92
259 1 19 93
3104 1 18 93
4084 1 17 93
1224 1 16 93
60 1 15 93
3810 1 14 93
4176 16 16 93
811 18 1 93
5478 17 1 93
2998 16 1 93
6164 15 1 93
698 14 1 93
4983 5 14 94
6135 5 5 94
1336 5 6 94
2638 5 7 94
129 5 8 94
4849 5 9 94
6052 5 10 94
1984 5 11 94
1516 5 12 94
13176 milli sec 
point:460500
