726
4185 0 8 1
1377 0 7 1
2455 0 6 1
442 0 5 1
4838 0 4 1
3040 0 3 1
1289 0 2 1
145 0 1 1
3697 0 0 1
4527 1 8 1
443 1 7 1
1296 1 6 1
4719 1 5 1
1169 1 4 1
874 1 3 1
1572 1 2 1
4596 1 1 1
2946 1 0 1
4373 2 8 1
1987 2 7 1
4672 2 6 1
568 2 5 1
2037 2 4 1
4227 2 3 1
1808 2 2 1
369 2 1 1
1189 2 0 1
652 3 8 1
4230 3 7 1
614 3 6 1
2675 3 5 1
2092 3 4 1
3213 3 3 1
610 3 2 1
3794 3 1 1
3075 3 0 1
3050 4 8 1
4848 4 7 1
103 4 6 1
4408 4 5 1
3138 4 4 1
3988 4 3 1
2525 4 2 1
3830 4 1 1
4461 4 0 1
2137 0 19 1
4644 0 18 1
1499 0 17 1
723 0 16 1
2120 0 15 1
4721 0 9 1
2661 0 10 1
337 0 11 1
2159 0 12 1
1462 0 13 1
4516 0 14 1
906 1 19 1
2936 1 18 1
2650 1 17 1
3636 1 16 1
3152 1 15 1
3378 1 9 1
1126 1 10 1
4140 1 11 1
1035 1 12 1
740 1 13 1
2070 1 14 1
4101 2 19 1
3967 2 18 1
2685 2 17 1
3619 2 16 1
4856 2 15 1
3003 2 9 1
2759 2 10 1
2752 2 11 1
4420 2 12 1
109 2 13 1
2367 2 14 1
2170 3 19 1
3595 3 18 1
3404 3 17 1
2928 3 16 1
4406 3 15 1
4480 3 9 1
1100 3 10 1
4850 3 11 1
2090 3 12 1
769 3 13 1
1579 3 14 1
1178 4 19 1
1371 4 18 1
3634 4 17 1
780 4 16 1
303 4 15 1
3093 4 9 1
4586 4 10 1
326 4 11 1
3008 4 12 1
471 4 13 1
80 4 14 1
1032 5 19 1
3882 5 18 1
3108 5 17 1
216 5 16 1
1825 5 15 1
1120 5 9 1
1284 5 10 1
4529 5 11 1
2324 5 12 1
1330 5 13 1
3999 5 14 1
2356 10 19 1
3092 9 19 1
3468 8 19 1
2448 7 19 1
1638 6 19 1
3293 10 18 1
4355 9 18 1
2899 8 18 1
2984 7 18 1
4578 6 18 1
3886 10 17 1
1163 9 17 1
1452 8 17 1
2931 7 17 1
899 6 17 1
976 10 16 1
24 9 16 1
3253 8 16 1
676 7 16 1
253 6 16 1
1286 10 15 1
4832 9 15 1
4910 8 15 1
3498 7 15 1
3573 6 15 1
1605 10 14 1
884 9 14 1
2859 8 14 1
3953 7 14 1
2693 6 14 1
4004 10 13 1
2806 9 13 1
3217 8 13 1
1698 7 13 1
4582 6 13 1
1819 13 12 1
2532 12 12 1
4361 11 12 1
2206 10 12 1
3380 9 12 1
2190 8 12 1
1431 7 12 1
401 6 12 1
682 13 11 1
1281 12 11 1
4210 11 11 1
997 10 11 1
3606 9 11 1
4780 8 11 1
51 7 11 1
3790 6 11 1
1003 13 10 1
426 12 10 1
3001 11 10 1
2553 10 10 1
4922 9 10 1
1454 8 10 1
1195 7 10 1
1848 6 10 1
1385 11 19 1
1975 11 18 1
3004 11 17 1
3976 11 16 1
1251 11 15 1
4865 11 14 1
2430 11 13 1
1511 12 19 1
4233 12 18 1
1682 12 17 1
604 12 16 1
1713 12 15 1
1559 12 14 1
4424 12 13 1
3650 13 19 1
1065 13 18 1
4033 13 17 1
4132 13 16 1
4599 13 15 1
1879 13 14 1
2807 13 13 1
3779 19 19 1
606 18 19 1
1663 17 19 1
293 16 19 1
2355 15 19 1
4143 14 19 1
1779 19 18 1
3031 18 18 1
2493 17 18 1
4146 16 18 1
1706 15 18 1
3541 14 18 1
4720 19 17 1
3392 18 17 1
1838 17 17 1
140 16 17 1
4819 15 17 1
887 14 17 1
4191 19 16 1
1826 18 16 1
960 17 16 1
3789 16 16 1
1328 15 16 1
3351 14 16 1
4465 19 15 1
2875 18 15 1
4313 17 15 1
2298 16 15 1
1501 15 15 1
3100 14 15 1
1097 19 14 1
4280 18 14 1
3485 17 14 1
4924 16 14 1
3570 15 14 1
1620 14 14 1
366 19 13 1
3340 18 13 1
2879 17 13 1
2618 16 13 1
1525 15 13 1
4387 14 13 1
3128 19 12 1
3107 18 12 1
2867 17 12 1
4097 16 12 1
4800 15 12 1
416 14 12 1
100 19 11 1
1731 18 11 1
743 17 11 1
1531 16 11 1
211 15 11 1
4903 14 11 1
3537 19 10 1
1111 18 10 1
1136 17 10 1
3708 16 10 1
3768 15 10 1
1685 14 10 1
327 19 9 1
3038 18 9 1
2141 17 9 1
3558 16 9 1
4601 15 9 1
1983 14 9 1
431 13 9 1
2201 12 9 1
4659 11 9 1
704 10 9 1
3760 9 9 1
34 8 9 1
1622 7 9 1
3379 6 9 1
1305 19 8 1
4179 18 8 1
4887 17 8 1
1352 16 8 1
1822 15 8 1
555 14 8 1
591 13 8 1
507 12 8 1
3997 11 8 1
1362 10 8 1
2405 9 8 1
1695 8 8 1
186 7 8 1
2515 6 8 1
784 5 8 1
4095 19 7 1
1341 18 7 1
3647 17 7 1
444 16 7 1
81 15 7 1
1016 14 7 1
4496 13 7 1
2032 12 7 1
4668 11 7 1
1077 10 7 1
955 9 7 1
1187 8 7 1
1142 7 7 1
3345 6 7 1
2528 5 7 1
2679 19 6 1
2676 18 6 1
4663 17 6 1
4023 16 6 1
2698 15 6 1
4295 14 6 1
3126 13 6 1
3413 12 6 1
1636 11 6 1
4339 10 6 1
4608 9 6 1
41 8 6 1
3177 7 6 1
3928 6 6 1
4102 5 6 1
2785 19 0 1
3242 19 1 1
2995 19 2 1
2089 19 3 1
254 19 4 1
3591 19 5 1
3223 18 0 1
3273 18 1 1
870 18 2 1
1777 18 3 1
302 18 4 1
1475 18 5 1
1973 17 0 1
2897 17 1 1
1092 17 2 1
1598 17 3 1
3402 17 4 1
428 17 5 1
4834 16 0 1
396 16 1 1
666 16 2 1
1095 16 3 1
2760 16 4 1
1446 16 5 1
580 15 0 1
1329 15 1 1
983 15 2 1
2498 15 3 1
2281 15 4 1
3594 15 5 1
3486 14 0 1
1376 14 1 1
2200 14 2 1
1743 14 3 1
3169 14 4 1
4907 14 5 1
2078 13 0 1
4382 13 1 1
2083 13 2 1
4050 13 3 1
4226 13 4 1
1942 13 5 1
4044 12 0 1
3333 12 1 1
4081 12 2 1
4916 12 3 1
4762 12 4 1
4767 12 5 1
4879 11 0 1
3933 11 1 1
2060 11 2 1
1453 11 3 1
2013 11 4 1
232 11 5 1
2657 10 0 1
1295 10 1 1
1103 10 2 1
4163 10 3 1
2829 10 4 1
1959 10 5 1
1744 9 5 1
4544 8 5 1
4521 7 5 1
1154 6 5 1
333 5 5 1
4250 9 4 1
3251 8 4 1
2598 7 4 1
489 6 4 1
242 5 4 1
4447 9 3 1
1132 8 3 1
812 7 3 1
4306 6 3 1
1947 5 3 1
3451 9 2 1
2093 8 2 1
830 7 2 1
843 6 2 1
3804 5 2 1
3357 9 1 1
4773 8 1 1
1191 7 1 1
3747 6 1 1
1756 5 1 1
1552 9 0 1
3811 8 0 1
3826 7 0 1
26 6 0 1
3347 5 0 1
695 9 0 26
2073 8 0 26
2706 7 0 26
916 6 0 26
3284 9 1 29
4131 8 1 29
2214 7 1 29
3114 6 1 29
1870 9 2 30
514 8 2 30
3268 7 2 30
2825 6 2 30
2943 9 3 32
2505 8 3 32
4069 7 3 32
4797 6 3 32
1933 9 4 33
1064 8 4 33
3765 7 4 33
3662 6 4 33
4046 10 0 35
2609 10 1 35
3317 10 2 35
4096 10 3 35
1230 10 4 35
4771 11 0 38
681 11 1 38
1940 11 2 38
2808 11 3 38
1047 11 4 38
2902 12 0 39
971 12 1 39
2223 12 2 39
2249 12 3 39
2208 12 4 39
2642 13 0 40
1304 13 1 40
1798 13 2 40
388 13 3 40
4803 13 4 40
4067 14 0 41
4545 14 1 41
3622 14 2 41
4459 14 3 41
4698 14 4 41
2425 15 0 42
468 15 1 42
1260 15 2 42
1985 15 3 42
1028 15 4 42
4827 16 0 43
1094 16 1 43
1338 16 2 43
4290 16 3 43
3714 16 4 43
2411 17 0 44
1201 17 1 44
657 17 2 44
1083 17 3 44
4707 17 4 44
44 18 0 45
4585 18 1 45
2307 18 2 45
185 18 3 45
2773 18 4 45
3695 19 0 47
3832 19 1 47
1766 19 2 47
4661 19 3 47
4683 19 4 47
4641 19 5 47
1299 19 6 49
4360 18 6 49
4418 17 6 49
1197 16 6 49
1675 15 6 49
956 14 6 49
4818 13 6 49
2345 12 6 49
1114 11 6 49
790 10 6 49
2193 9 6 49
1853 8 6 49
3133 7 6 49
2516 6 6 49
2242 19 7 53
241 18 7 53
3972 17 7 53
1789 16 7 53
55 15 7 53
3929 14 7 53
2564 13 7 53
1945 12 7 53
1553 11 7 53
4743 10 7 53
4299 9 7 53
2014 8 7 53
30 7 7 53
3011 6 7 53
285 19 8 56
4926 18 8 56
455 17 8 56
3958 16 8 56
4385 15 8 56
2444 14 8 56
4813 13 8 56
3247 12 8 56
2040 11 8 56
697 10 8 56
4636 9 8 56
3311 8 8 56
4071 7 8 56
3565 19 9 58
4222 18 9 58
3943 17 9 58
584 16 9 58
2726 15 9 58
1023 19 10 59
4549 18 10 59
3132 17 10 59
3406 16 10 59
116 15 10 59
4737 19 11 61
4744 18 11 61
1481 17 11 61
4911 16 11 61
926 15 11 61
251 19 12 62
346 18 12 62
3232 17 12 62
2230 16 12 62
4563 15 12 62
4107 19 13 63
4155 18 13 63
4123 17 13 63
1143 16 13 63
3074 15 13 63
3974 19 14 64
4637 18 14 64
871 17 14 64
820 16 14 64
2833 15 14 64
639 19 15 65
3202 18 15 65
4833 17 15 65
575 16 15 65
3795 15 15 65
1268 19 16 66
3786 18 16 66
4137 17 16 66
4536 16 16 66
2477 15 16 66
653 19 17 67
3400 18 17 67
4518 17 17 67
501 16 17 67
269 15 17 67
4267 19 19 69
3227 18 19 69
3336 17 19 69
4893 16 19 69
4322 15 19 69
3845 14 19 69
2913 19 18 69
561 18 18 69
4410 17 18 69
1118 16 18 69
1491 15 18 69
2391 14 18 69
788 14 17 69
1355 14 16 69
183 14 15 69
4880 14 14 69
1509 13 19 70
4723 13 18 70
1935 13 17 70
2016 13 16 70
3590 13 15 70
476 13 14 70
45 12 19 72
1188 12 18 72
1200 12 17 72
3191 12 16 72
2979 12 15 72
1982 12 14 72
460 11 19 73
659 11 18 73
650 11 17 73
809 11 16 73
868 11 15 73
2982 11 14 73
528 11 13 73
4505 12 13 73
643 13 13 73
1430 13 10 74
1800 12 10 74
4297 11 10 74
3626 10 10 74
295 9 10 74
1333 8 10 74
2048 7 10 74
4626 13 11 76
1297 12 11 76
1643 11 11 76
235 10 11 76
936 9 11 76
4634 8 11 76
3840 7 11 76
807 10 13 78
2608 9 13 78
4861 8 13 78
3971 7 13 78
2826 13 12 78
2894 12 12 78
2900 11 12 78
3871 10 12 78
170 9 12 78
4454 8 12 78
4345 7 12 78
4913 10 15 81
2232 9 15 81
3869 8 15 81
3015 7 15 81
1125 10 14 81
1796 9 14 81
1001 8 14 81
1482 7 14 81
1611 14 0 81
4686 14 1 81
4618 14 2 81
4358 14 3 81
3652 14 4 81
1141 10 17 82
4216 9 17 82
131 8 17 82
349 7 17 82
608 10 16 82
299 9 16 82
2925 8 16 82
2813 7 16 82
3385 10 18 83
3855 9 18 83
523 8 18 83
1872 7 18 83
1378 10 19 84
3279 9 19 84
2181 8 19 84
4894 7 19 84
2990 6 19 84
2474 6 18 84
1890 6 17 84
3281 6 16 84
1063 6 15 84
25 5 9 86
4051 5 10 86
1303 5 11 86
1009 5 12 86
4335 5 13 86
1655 9 1 86
1250 8 1 86
4072 7 1 86
518 6 1 86
988 5 19 87
2568 5 18 87
2576 5 17 87
2918 5 16 87
594 5 15 87
4363 4 19 88
272 4 18 88
1236 4 17 88
4121 4 16 88
4701 4 15 88
2422 4 9 88
3955 4 10 88
690 4 11 88
569 4 12 88
1874 4 13 88
47 8 4 88
305 7 4 88
655 6 4 88
32 3 9 89
587 3 10 89
2566 3 11 89
2742 3 12 89
2549 3 13 89
1504 15 0 89
348 15 1 89
1036 15 2 89
3864 15 3 89
3173 15 4 89
3715 3 19 90
3186 3 18 90
465 3 17 90
4384 3 16 90
394 3 15 90
2134 8 2 90
2050 7 2 90
282 6 2 90
1158 2 9 91
3651 2 10 91
2177 2 11 91
1556 2 12 91
255 2 13 91
1781 17 0 91
88 17 1 91
4027 17 2 91
4370 17 3 91
4740 17 4 91
4677 8 0 91
2039 7 0 91
1353 6 0 91
858 2 19 92
2646 2 18 92
2654 2 17 92
4609 2 16 92
331 2 15 92
1271 17 6 92
3633 16 6 92
4378 15 6 92
2178 14 6 92
1224 13 6 92
244 12 6 92
2513 11 6 92
3063 10 6 92
3995 9 6 92
3646 8 6 92
10916 milli sec 
point:420250
