750
2063 9 4 1
4668 9 3 1
2676 9 2 1
2792 9 1 1
2075 9 0 1
497 11 4 1
262 10 4 1
3249 11 3 1
1648 10 3 1
2589 10 2 1
3422 10 1 1
2350 10 0 1
4985 11 2 1
5461 11 1 1
4983 11 0 1
4525 12 2 1
1686 12 4 1
1241 12 3 1
4010 14 4 1
1170 13 4 1
835 14 3 1
5647 13 3 1
5907 14 2 1
5958 13 2 1
2328 15 5 1
5965 15 4 1
1669 11 8 1
1314 11 7 1
4498 11 5 1
298 11 6 1
1102 6 12 1
2355 6 13 1
1936 6 14 1
1343 7 15 1
4401 7 12 1
2630 7 13 1
1980 7 14 1
190 8 15 1
3532 8 14 1
1344 8 13 1
712 8 12 1
1805 7 19 1
5021 3 19 1
4162 3 18 1
4870 0 19 1
1694 0 18 1
5250 0 17 1
47 0 11 1
4430 0 12 1
2545 0 13 1
1974 0 14 1
3113 0 15 1
410 0 16 1
2943 2 19 1
436 1 19 1
2391 2 18 1
3939 1 18 1
1791 2 17 1
1227 1 17 1
1925 5 11 1
5088 5 12 1
3154 5 13 1
5780 5 14 1
900 4 11 1
4117 4 12 1
2059 4 13 1
99 4 14 1
2140 3 11 1
5427 3 12 1
5274 3 13 1
5452 3 14 1
4485 2 11 1
2637 2 12 1
5190 2 13 1
2397 2 14 1
1866 1 11 1
3243 1 12 1
5546 1 13 1
4327 1 14 1
1374 1 15 1
875 1 16 1
3471 2 15 1
5920 2 16 1
958 3 15 1
4535 3 16 1
286 3 17 1
3440 4 19 1
3395 4 18 1
4982 4 15 1
2678 4 16 1
1877 4 17 1
5691 5 19 1
1911 5 18 1
1379 5 15 1
3888 5 16 1
2251 5 17 1
4859 6 19 1
1544 6 18 1
3864 6 15 1
1092 6 16 1
4069 6 17 1
5782 7 16 1
5616 7 17 1
4418 7 18 1
2136 8 19 1
4045 8 16 1
1758 8 17 1
4886 8 18 1
2873 9 19 1
1446 9 18 1
800 9 17 1
427 9 16 1
1569 9 15 1
3147 9 14 1
2945 9 13 1
3117 9 12 1
5646 10 19 1
5788 10 18 1
1130 10 17 1
2749 10 16 1
5513 10 15 1
486 10 14 1
117 10 13 1
2521 10 12 1
3747 10 11 1
5681 6 11 1
2561 6 10 1
5316 0 10 1
883 0 9 1
3477 0 4 1
3048 0 5 1
3874 0 6 1
763 0 7 1
5172 0 8 1
5273 1 10 1
1897 1 9 1
3221 3 0 1
4441 3 1 1
2500 3 2 1
128 3 3 1
1633 3 4 1
1231 3 5 1
5125 3 6 1
3583 0 2 1
227 0 3 1
2812 1 2 1
1869 1 3 1
4314 0 0 1
2867 0 1 1
5118 1 0 1
989 1 1 1
5299 2 0 1
2138 2 1 1
2998 2 2 1
4978 2 3 1
1310 2 4 1
3694 2 5 1
5207 2 6 1
3114 1 4 1
674 1 5 1
1568 1 6 1
3334 1 7 1
2139 1 8 1
3803 2 10 1
2515 2 9 1
1970 2 7 1
2406 2 8 1
3190 3 10 1
4698 3 9 1
4795 3 7 1
3871 3 8 1
560 4 10 1
1665 4 9 1
1701 4 6 1
2654 4 7 1
2822 4 8 1
972 5 10 1
4301 5 9 1
2372 5 6 1
2568 5 7 1
5883 5 8 1
5039 8 0 1
211 8 1 1
1953 8 2 1
1250 8 3 1
1081 8 4 1
5503 8 5 1
1236 8 6 1
118 4 0 1
2293 4 1 1
3337 4 2 1
2102 4 3 1
5483 5 0 1
2992 5 1 1
645 5 2 1
3890 5 3 1
1148 6 0 1
5840 6 1 1
3629 6 2 1
5759 6 3 1
4213 7 0 1
3279 7 1 1
648 7 2 1
1460 7 3 1
567 7 4 1
351 7 5 1
5344 7 6 1
3328 4 4 1
4696 4 5 1
1803 5 4 1
3822 5 5 1
3326 6 4 1
4790 6 5 1
3066 6 6 1
5961 6 7 1
5559 6 8 1
3404 6 9 1
4137 7 11 1
1121 7 10 1
832 7 7 1
4200 7 8 1
3209 7 9 1
4686 8 11 1
1347 8 10 1
132 8 7 1
2236 8 8 1
15 8 9 1
5185 9 11 1
5321 9 10 1
3481 9 5 1
282 9 6 1
2057 9 7 1
5428 9 8 1
20 9 9 1
813 10 5 1
369 10 6 1
4479 10 7 1
1089 10 8 1
5512 10 9 1
1826 10 10 1
750 11 15 1
5024 11 14 1
4057 11 13 1
614 11 12 1
3898 11 11 1
3502 11 9 1
3000 11 10 1
1993 13 15 1
2308 12 15 1
1583 13 14 1
1713 12 14 1
3232 13 13 1
2169 12 13 1
3564 13 12 1
3366 12 12 1
1942 13 11 1
2587 12 11 1
1152 14 13 1
1390 14 12 1
5488 14 11 1
5257 14 15 1
5541 14 14 1
5763 15 15 1
4097 15 14 1
5929 14 19 1
3316 11 19 1
4756 11 18 1
681 11 16 1
993 11 17 1
4628 12 19 1
4891 12 18 1
471 12 16 1
5289 12 17 1
2217 13 19 1
5329 13 18 1
991 13 16 1
3444 13 17 1
1333 14 16 1
3985 14 17 1
2437 14 18 1
3223 15 19 1
2890 15 16 1
5586 15 17 1
5684 15 18 1
5570 19 19 1
1779 18 19 1
35 17 19 1
257 16 19 1
1883 19 18 1
4812 18 18 1
5999 17 18 1
306 16 18 1
3865 17 17 1
2916 16 17 1
1118 19 17 1
2921 18 17 1
4330 19 16 1
385 18 16 1
577 17 16 1
3872 16 16 1
2157 19 15 1
4400 18 15 1
5423 17 15 1
2079 16 15 1
1860 19 14 1
2990 18 14 1
3972 17 14 1
3880 16 14 1
5109 19 13 1
5752 18 13 1
1673 17 13 1
4571 16 13 1
3713 15 13 1
5231 19 10 1
960 19 11 1
4340 19 12 1
4845 18 10 1
1872 18 11 1
2438 18 12 1
2276 17 10 1
971 17 11 1
4695 17 12 1
3286 16 12 1
5741 15 12 1
908 16 11 1
1745 15 11 1
3567 16 10 1
2694 15 10 1
3153 14 10 1
5210 13 10 1
3412 12 10 1
425 15 9 1
3413 14 9 1
3980 13 9 1
1049 12 9 1
5815 15 8 1
4681 14 8 1
1907 13 8 1
3370 12 8 1
5473 12 7 1
5006 12 5 1
695 12 6 1
2419 13 7 1
2477 13 5 1
4588 13 6 1
5583 14 7 1
253 14 5 1
4490 14 6 1
564 15 7 1
4965 15 6 1
3789 16 9 1
1967 16 8 1
1682 16 7 1
3797 16 6 1
434 16 5 1
12 16 4 1
1959 19 9 1
5426 18 9 1
1240 17 9 1
1324 19 8 1
843 18 8 1
1927 17 8 1
4480 19 7 1
3552 18 7 1
2323 17 7 1
4745 17 6 1
2621 17 5 1
1208 19 6 1
4871 18 6 1
4572 19 5 1
1487 18 5 1
697 19 4 1
768 18 4 1
767 17 4 1
2871 19 3 1
256 18 3 1
287 17 3 1
4534 16 3 1
5479 15 3 1
476 19 0 1
5658 19 1 1
552 19 2 1
2915 18 0 1
5988 18 1 1
2469 18 2 1
5365 17 0 1
3051 17 1 1
3543 17 2 1
3942 16 2 1
4787 15 2 1
3525 16 1 1
2538 15 1 1
3875 14 1 1
4241 13 1 1
267 12 1 1
1938 16 0 1
104 15 0 1
61 14 0 1
2902 13 0 1
1502 12 0 1
2037 16 0 28
3866 15 0 28
4051 14 0 28
1572 13 0 28
2031 16 1 30
3044 17 0 31
189 17 1 31
3333 19 0 32
5201 19 1 32
292 19 2 32
1912 18 0 32
5117 18 1 32
2446 18 2 32
214 17 2 32
3454 16 2 32
5591 19 3 33
2291 18 3 33
4129 19 6 34
1472 18 6 34
632 19 5 34
3834 18 5 34
5657 19 4 34
581 18 4 34
508 19 7 35
5050 18 7 35
1807 19 9 36
1637 18 9 36
776 17 9 36
4101 19 8 36
1797 18 8 36
1857 17 8 36
4012 17 7 36
825 17 6 36
2616 17 5 36
453 16 9 37
2289 16 8 37
4555 16 7 37
3476 14 7 38
3088 14 5 38
1342 15 7 38
4986 12 5 39
1457 13 7 39
2053 13 5 39
2327 15 9 40
5448 14 9 40
912 13 9 40
4242 15 8 40
164 14 8 40
3380 13 8 40
4133 16 11 41
3655 16 10 41
1238 17 10 43
1554 17 11 43
1466 18 10 44
820 18 11 44
1157 19 10 45
1695 19 11 45
572 19 12 45
3994 18 12 45
2582 17 12 45
4800 16 12 45
913 19 13 46
4086 18 13 46
2842 17 13 46
3175 19 15 47
690 18 15 47
5111 17 15 47
1303 19 14 47
3627 18 14 47
2592 17 14 47
2730 19 16 48
334 17 17 49
4508 19 17 49
4151 18 17 49
5561 18 16 49
5200 17 16 49
3656 19 18 51
735 18 18 51
2951 17 18 51
1006 15 19 52
1380 15 16 52
3203 15 17 52
1348 19 19 52
452 18 19 52
3753 17 19 52
2981 16 19 52
4098 13 16 53
200 14 16 53
4613 11 16 54
1836 12 19 54
1493 12 18 54
5870 12 16 54
1684 13 19 54
451 13 18 54
5229 15 15 55
5103 14 19 55
5015 11 19 55
5781 11 18 55
3667 11 17 55
1210 12 17 55
4438 13 17 55
366 14 17 55
3403 14 18 55
3202 15 18 55
901 16 18 55
5699 16 17 55
33 16 16 55
831 16 15 55
5841 13 12 56
4472 13 11 56
4497 14 13 56
3063 14 12 56
2299 14 11 56
87 14 15 56
2337 14 14 56
613 15 14 56
1442 16 14 56
3998 16 13 56
397 15 13 56
2170 15 12 56
3840 15 11 56
415 15 10 56
2528 14 10 56
2345 13 10 56
5056 13 15 57
4309 12 15 57
4537 13 14 57
2670 12 14 57
3263 13 13 57
5612 12 13 57
1708 12 12 57
2030 12 11 57
4483 11 9 58
1670 11 15 59
4408 11 14 59
2722 11 13 59
3231 11 12 59
1973 11 11 59
3091 9 5 60
3695 9 6 60
3348 9 7 60
2970 9 8 60
5980 10 5 60
3254 10 6 60
3261 10 7 60
229 10 8 60
5671 8 7 61
294 8 8 61
4882 9 11 61
4731 9 10 61
2696 7 11 62
5918 7 10 62
1201 7 7 62
4369 7 8 62
5206 8 11 62
2646 8 10 62
1279 4 4 63
1983 4 5 63
5686 5 4 63
649 5 5 63
1705 6 4 63
4634 6 5 63
2934 7 0 64
2868 7 1 64
2802 7 2 64
4740 6 0 65
5557 6 1 65
2424 6 2 65
5134 5 0 66
3595 5 1 66
562 5 2 66
3072 4 0 67
4138 4 1 67
4177 4 2 67
3080 4 3 67
1631 5 3 67
1603 6 3 67
2329 5 10 69
2644 5 9 69
846 5 6 69
5948 5 7 69
2193 8 0 69
2563 8 1 69
2599 8 2 69
660 8 3 69
4243 8 4 69
3170 8 5 69
5621 8 6 69
3839 7 3 69
3637 7 4 69
2094 7 5 69
119 7 6 69
4575 6 6 69
3674 6 7 69
2947 4 10 70
934 4 9 70
2761 4 6 70
4932 4 7 70
5946 2 10 71
387 2 9 71
2900 2 7 71
3015 3 10 71
3600 3 9 71
1505 3 7 71
2994 1 4 72
4621 1 5 72
1057 0 0 74
1024 0 1 74
3110 1 0 74
5179 1 1 74
1357 2 0 74
3040 2 1 74
1029 2 2 74
3563 0 2 75
3196 0 3 75
396 1 2 75
792 1 3 75
3220 2 3 75
4041 2 4 75
5126 2 5 75
3531 1 10 76
1848 1 9 76
600 3 0 76
5355 3 1 76
1788 3 2 76
4810 3 3 76
263 3 4 76
2016 3 5 76
1773 3 6 76
3177 2 6 76
5397 1 6 76
3773 1 7 76
3812 19 4 76
1609 0 10 77
490 0 9 77
5342 0 4 77
624 0 5 77
3669 0 6 77
483 0 7 77
3906 0 8 77
2955 1 8 77
2486 2 8 77
5119 3 8 77
1353 4 8 77
868 6 11 78
4739 6 10 78
922 18 0 80
5226 18 1 80
4783 10 19 81
1167 10 18 81
3021 10 17 81
192 10 16 81
1005 10 15 81
3074 10 14 81
439 10 13 81
1435 8 16 82
4951 8 17 82
1622 9 19 82
4683 8 19 83
4599 15 7 83
727 6 15 84
2223 6 16 84
752 7 16 84
5848 13 5 84
2055 5 19 85
2536 5 18 85
2363 5 15 85
5409 5 16 85
4277 6 19 85
5058 6 18 85
154 4 19 86
2780 4 18 86
2045 4 15 86
5804 4 16 86
5757 2 15 87
533 3 15 87
38 14 19 87
3922 11 19 87
5776 11 18 87
5385 19 0 87
2554 19 1 87
5705 19 2 87
3163 18 2 87
359 17 2 87
2968 16 2 87
5502 13 13 88
5501 19 19 88
1416 18 19 88
4506 17 19 88
4188 16 19 88
3680 2 11 89
2743 2 12 89
2044 2 13 89
2453 1 11 89
2364 1 12 89
5029 1 13 89
5661 14 15 89
3149 14 14 89
4066 15 16 89
4946 15 17 89
4263 19 8 89
3284 18 8 89
5472 19 5 89
520 3 11 90
3689 3 12 90
5372 3 13 90
4663 15 15 90
4746 15 8 90
2261 14 8 90
4011 13 8 90
63 4 11 91
3385 4 12 91
5743 4 13 91
5563 13 14 91
2161 15 14 91
1680 13 7 91
4255 2 17 92
3259 5 11 92
2081 5 12 92
408 5 13 92
5726 5 14 92
3507 4 14 92
4968 3 14 92
4708 2 14 92
4963 1 14 92
3795 1 15 92
5136 7 0 92
2227 7 1 92
604 7 2 92
1226 19 14 92
3786 18 14 92
5996 17 14 92
3379 14 9 92
1929 13 9 92
5046 19 6 92
3515 18 6 92
641 18 5 92
10 2 19 93
466 1 19 93
887 2 18 93
1439 1 18 93
157 1 17 93
2456 6 4 93
3256 14 13 93
1013 14 12 93
4666 14 11 93
5219 0 11 94
449 0 12 94
1235 0 13 94
4784 0 14 94
12557 milli sec 
point:446800
