724
2088 7 4 1
2858 7 3 1
1094 7 2 1
3383 7 1 1
3829 7 0 1
3724 8 4 1
3388 8 3 1
1383 8 2 1
1418 8 1 1
473 8 0 1
2017 0 12 1
718 0 11 1
3211 0 10 1
901 0 9 1
3525 1 12 1
132 1 11 1
1821 1 10 1
1704 1 9 1
3865 2 12 1
357 2 11 1
3337 2 10 1
4147 2 9 1
1306 3 12 1
4472 3 11 1
996 3 10 1
450 3 9 1
1900 4 12 1
2820 4 11 1
2036 4 10 1
2327 4 9 1
1138 5 13 1
4600 5 12 1
3451 5 11 1
2928 5 10 1
3662 5 9 1
2213 0 8 1
2714 0 7 1
1637 0 6 1
2955 0 5 1
1847 1 8 1
136 1 7 1
1135 1 6 1
3047 1 5 1
1381 2 8 1
1640 2 7 1
1309 2 6 1
2886 2 5 1
1276 3 8 1
735 3 7 1
3806 3 6 1
4734 0 0 1
3688 0 1 1
1655 0 2 1
1215 0 3 1
488 0 4 1
4664 1 0 1
1709 1 1 1
2927 1 2 1
4243 1 3 1
1823 1 4 1
2351 2 0 1
27 2 1 1
4496 2 2 1
1767 2 3 1
1001 2 4 1
3184 6 0 1
142 6 1 1
51 6 2 1
2911 5 0 1
3732 5 1 1
3721 5 2 1
868 4 0 1
1164 4 1 1
1401 4 2 1
1500 3 0 1
662 3 1 1
3619 3 2 1
646 3 3 1
3240 3 4 1
4018 3 5 1
4416 4 8 1
752 4 7 1
1200 4 6 1
87 4 3 1
1494 4 4 1
1770 4 5 1
4299 5 3 1
140 5 4 1
987 5 5 1
2576 5 6 1
709 5 7 1
1819 5 8 1
2903 0 13 1
1956 0 14 1
249 0 15 1
2982 0 16 1
4134 1 13 1
3321 1 14 1
2140 1 15 1
1557 1 16 1
1735 2 13 1
175 2 14 1
2355 2 15 1
785 2 16 1
3322 0 19 1
4660 0 18 1
1578 0 17 1
738 1 19 1
3036 1 18 1
4690 1 17 1
1908 2 19 1
3959 2 18 1
4063 2 17 1
3875 3 19 1
3025 3 18 1
1067 3 17 1
1594 3 13 1
2365 3 14 1
4117 3 15 1
3501 3 16 1
3195 4 19 1
592 4 18 1
365 4 17 1
780 4 13 1
4692 4 14 1
196 4 15 1
1526 4 16 1
409 5 19 1
1813 5 18 1
3975 5 17 1
1325 5 14 1
2064 5 15 1
1954 5 16 1
2131 8 19 1
81 7 19 1
4726 6 19 1
305 8 18 1
1416 7 18 1
1660 6 18 1
1040 8 17 1
3241 7 17 1
871 6 17 1
4677 8 16 1
4344 7 16 1
2115 6 16 1
2314 8 15 1
295 7 15 1
2764 6 15 1
2753 8 14 1
2194 7 14 1
1286 6 14 1
4219 9 13 1
2950 8 13 1
921 7 13 1
4714 6 13 1
634 9 12 1
176 8 12 1
3699 7 12 1
263 6 12 1
4145 9 11 1
2300 8 11 1
717 7 11 1
3622 6 11 1
3125 6 10 1
4179 6 9 1
3521 6 3 1
4769 6 4 1
4502 6 5 1
233 6 6 1
1530 6 7 1
2485 6 8 1
3267 7 10 1
2683 7 9 1
822 7 5 1
1013 7 6 1
1856 7 7 1
4327 7 8 1
3063 8 10 1
4331 8 9 1
2900 8 8 1
3309 8 7 1
2494 8 6 1
491 8 5 1
4773 9 10 1
3298 9 15 1
2178 9 14 1
4613 10 15 1
55 10 14 1
1411 10 13 1
3487 10 12 1
336 10 11 1
2476 10 10 1
2388 11 15 1
3751 11 14 1
1117 11 13 1
3804 11 12 1
410 11 11 1
525 11 10 1
4688 9 19 1
1063 9 18 1
1539 9 17 1
2183 9 16 1
2360 10 19 1
1673 10 18 1
1852 10 17 1
880 10 16 1
1004 11 19 1
1947 11 18 1
4826 11 17 1
4368 11 16 1
1018 12 19 1
1119 12 18 1
1467 12 17 1
2035 12 16 1
655 12 15 1
3005 12 14 1
378 12 13 1
458 12 12 1
4824 12 11 1
264 12 10 1
4408 19 19 1
95 18 19 1
2819 17 19 1
4839 16 19 1
1828 15 19 1
637 14 19 1
3020 13 19 1
3841 19 18 1
1227 18 18 1
1659 17 18 1
2369 16 18 1
1913 15 18 1
1294 14 18 1
2172 13 18 1
3711 19 17 1
581 18 17 1
1596 17 17 1
960 16 17 1
2648 15 17 1
3641 14 17 1
1797 13 17 1
2969 19 13 1
3328 19 14 1
819 19 15 1
3933 19 16 1
2377 18 13 1
2867 18 14 1
796 18 15 1
4777 18 16 1
1141 17 13 1
4319 17 14 1
1426 17 15 1
4257 17 16 1
2617 16 13 1
2872 16 14 1
773 16 15 1
765 16 16 1
2979 15 13 1
3698 15 14 1
289 15 15 1
137 15 16 1
3421 14 16 1
3799 13 16 1
972 14 15 1
4067 13 15 1
3660 14 14 1
4711 13 14 1
3346 14 13 1
3207 13 13 1
3935 13 12 1
3593 13 11 1
879 13 10 1
4753 14 12 1
4565 14 11 1
1531 14 10 1
2391 19 12 1
4377 18 12 1
4226 17 12 1
1229 16 12 1
3072 15 12 1
482 19 11 1
3065 18 11 1
18 17 11 1
104 16 11 1
3422 15 11 1
614 19 10 1
1480 18 10 1
3970 17 10 1
3474 16 10 1
1030 15 10 1
3781 19 9 1
1951 18 9 1
1077 17 9 1
2624 16 9 1
1375 15 9 1
2977 14 9 1
4631 13 9 1
1784 12 9 1
1706 11 9 1
1778 10 9 1
4817 9 9 1
1037 19 0 1
2997 19 1 1
2502 19 2 1
219 19 3 1
3108 19 4 1
740 19 5 1
1862 19 6 1
1178 19 7 1
4144 19 8 1
3236 18 0 1
2895 18 1 1
110 18 2 1
3231 18 3 1
3051 18 4 1
2265 18 5 1
1998 18 6 1
4020 18 7 1
3288 18 8 1
3976 17 0 1
2758 17 1 1
4590 17 2 1
1412 17 3 1
344 17 4 1
3827 17 5 1
1253 17 6 1
1449 17 7 1
4775 17 8 1
172 15 0 1
3152 15 1 1
3310 15 2 1
4621 15 3 1
2932 15 4 1
2066 15 5 1
3522 16 0 1
2349 16 1 1
798 16 2 1
1564 16 3 1
2371 16 4 1
1553 16 5 1
3504 16 6 1
4658 16 7 1
2436 16 8 1
3263 15 8 1
3716 14 8 1
3157 13 8 1
1836 12 8 1
1398 11 8 1
4111 10 8 1
3810 9 8 1
4700 15 6 1
3630 15 7 1
240 14 5 1
1740 14 6 1
2416 14 7 1
834 13 5 1
2119 13 6 1
2166 13 7 1
3417 12 5 1
1205 12 6 1
3689 12 7 1
3004 11 7 1
3071 10 7 1
3578 9 7 1
4270 11 6 1
1788 10 6 1
1857 9 6 1
4761 11 5 1
1853 10 5 1
4588 9 5 1
2637 14 4 1
3433 13 4 1
1522 12 4 1
836 11 4 1
1497 10 4 1
4551 9 4 1
2957 14 0 1
2029 14 1 1
188 14 2 1
2289 14 3 1
3530 13 0 1
4491 13 1 1
4071 13 2 1
3901 13 3 1
2474 12 0 1
2144 12 1 1
2579 12 2 1
4498 12 3 1
2991 11 0 1
4757 11 1 1
2643 11 2 1
4558 11 3 1
2616 10 3 1
3640 9 3 1
4300 10 2 1
2585 9 2 1
3687 10 1 1
2269 9 1 1
566 10 0 1
3234 9 0 1
1162 10 0 23
2248 10 1 24
1160 10 2 26
221 11 0 28
4166 11 1 28
2883 11 2 28
1950 13 0 30
2412 13 1 30
818 13 2 30
1700 12 0 30
3958 12 1 30
4081 12 2 30
1116 14 0 31
3179 14 1 31
1097 14 2 31
2665 14 3 31
2539 13 3 31
4026 12 3 31
1377 11 3 31
838 10 3 31
1299 14 4 33
4515 13 4 33
2417 12 4 33
4647 11 4 33
2451 10 4 33
4780 11 6 34
4238 10 6 34
3638 11 5 34
1415 10 5 34
2034 12 5 35
2987 12 6 35
4701 13 5 36
2122 13 6 36
4669 15 6 37
1613 15 7 37
687 14 5 37
559 14 6 37
1644 14 7 37
1602 13 7 37
4175 12 7 37
225 11 7 37
4504 10 7 37
541 16 0 42
2529 16 1 42
1192 16 2 42
3331 16 3 42
3287 16 4 42
2238 15 0 43
678 15 1 43
404 15 2 43
4607 15 3 43
2135 15 4 43
2218 15 5 43
4242 16 5 43
3232 16 6 43
4336 16 7 43
4833 17 0 44
1814 17 1 44
968 17 2 44
3978 17 3 44
2049 17 4 44
3087 17 5 44
2173 17 6 44
4250 17 7 44
3754 18 0 47
558 18 1 47
447 18 2 47
931 18 3 47
35 18 4 47
4223 18 5 47
3611 18 6 47
1933 18 7 47
2283 19 0 49
3396 19 1 49
4076 19 2 49
2812 19 3 49
2730 19 4 49
4124 19 5 49
4348 19 6 49
166 19 7 49
3380 19 8 49
157 18 8 49
2992 17 8 49
4263 16 8 49
300 15 8 49
3180 14 8 49
4396 13 8 49
2559 12 8 49
1062 11 8 49
427 10 8 49
1832 19 9 50
3787 18 9 50
1975 17 9 50
754 16 9 50
38 19 10 51
1870 18 10 51
789 17 10 51
1649 16 10 51
2443 19 11 52
2517 18 11 52
894 17 11 52
2469 16 11 52
1514 19 12 54
762 18 12 54
4308 17 12 54
3173 16 12 54
3196 15 12 54
1927 15 11 54
268 14 12 55
442 14 11 55
4042 14 15 56
4204 14 14 56
4109 14 13 56
163 15 13 57
1071 15 14 57
3798 15 15 57
985 17 13 58
2740 17 14 58
3033 17 15 58
572 16 13 58
413 16 14 58
2288 16 15 58
3600 19 13 59
4549 19 14 59
143 19 15 59
3471 19 16 59
4246 18 13 59
1105 18 14 59
1343 18 15 59
1171 18 16 59
3069 17 16 59
2735 16 16 59
3805 15 16 59
745 14 16 59
776 19 17 60
1505 18 17 60
83 17 17 60
2692 16 17 60
75 15 17 60
72 14 17 60
4694 10 0 60
2038 19 18 61
1452 18 18 61
813 17 18 61
4784 16 18 61
3056 15 18 61
527 14 18 61
1409 19 19 62
1143 18 19 62
4685 17 19 62
956 16 19 62
3842 15 19 62
337 14 19 62
3554 13 19 62
4603 11 19 64
148 11 18 64
1218 11 17 64
4330 12 19 64
775 12 18 64
3446 12 17 64
927 10 19 65
795 10 18 65
3368 10 17 65
3755 9 19 66
1524 9 18 66
4490 9 17 66
1551 9 16 66
430 10 16 66
1910 11 16 66
2691 11 15 67
3148 11 14 67
89 11 13 67
3052 11 12 67
3800 11 11 67
2257 12 16 67
1179 12 15 67
432 12 14 67
3845 12 13 67
1935 12 12 67
2313 12 11 67
4480 9 10 68
2123 9 15 68
4822 9 14 68
4005 10 15 68
2169 10 14 68
2160 10 13 68
1982 10 12 68
3926 10 11 68
2843 10 10 68
2197 11 10 68
2851 7 5 70
3386 7 6 70
849 7 7 70
4115 8 10 70
3203 8 9 70
4847 7 10 71
2741 7 9 71
1840 6 3 72
1703 6 4 72
265 6 5 72
1458 6 6 72
2420 6 7 72
3899 9 12 73
3401 8 12 73
3832 7 12 73
3917 9 11 73
4510 8 11 73
1915 7 11 73
4789 10 1 73
2913 8 14 74
3334 7 14 74
1434 9 13 74
563 8 13 74
1278 7 13 74
668 8 15 75
1296 7 15 75
2004 8 16 76
548 7 16 76
3995 8 18 77
2188 7 18 77
2345 8 17 77
2019 7 17 77
2181 5 14 78
4382 5 15 78
1238 8 19 78
1510 7 19 78
4459 6 19 78
4003 6 18 78
243 6 17 78
3910 4 13 79
2846 4 14 79
3803 4 15 79
3680 5 19 79
376 5 18 79
4572 5 17 79
3533 3 13 80
1598 3 14 80
1970 3 15 80
3676 4 19 80
917 4 18 80
3111 4 17 80
1265 1 19 81
2251 1 18 81
700 2 19 81
2356 2 18 81
2215 3 19 81
2113 3 18 81
640 12 0 81
3168 12 1 81
1481 12 2 81
1802 0 19 82
2642 0 18 82
445 0 17 82
328 1 17 82
1884 2 17 82
310 3 17 82
1380 2 13 83
1987 2 14 83
2342 2 15 83
2413 10 2 83
3378 1 13 84
4630 1 14 84
724 1 15 84
3550 0 13 85
2910 0 14 85
1002 0 15 85
703 0 16 85
562 1 16 85
2126 2 16 85
4516 3 16 85
861 5 3 86
509 5 4 86
955 4 8 87
313 4 7 87
2808 4 6 87
3581 4 3 87
1663 4 4 87
2941 11 5 87
3923 10 5 87
3088 5 0 89
3936 5 1 89
3394 4 0 89
273 4 1 89
2175 3 0 89
2933 3 1 89
4772 10 0 89
3133 6 0 90
4357 6 1 90
2795 6 2 90
68 5 2 90
2725 4 2 90
3279 3 2 90
1290 3 3 90
4209 19 12 90
2698 18 12 90
4322 17 12 90
4282 16 12 90
4056 15 12 90
1940 13 5 90
767 13 6 90
2654 2 0 91
1543 2 1 91
1074 2 2 91
4526 2 3 91
2815 16 10 91
964 1 0 92
3110 1 1 92
512 1 2 92
2212 1 3 92
3896 16 13 92
4364 16 14 92
980 16 15 92
2011 14 5 92
3791 14 6 92
1795 3 8 93
1098 3 7 93
1420 3 6 93
3424 0 0 93
4721 0 1 93
3733 0 2 93
4722 0 3 93
2800 0 4 93
2007 1 4 93
4187 2 4 93
10881 milli sec 
point:412550
