741
623 0 7 1
2790 0 6 1
2747 0 5 1
3997 0 4 1
1897 0 3 1
5348 0 2 1
723 0 1 1
397 0 0 1
4240 1 7 1
1456 1 6 1
3312 1 5 1
1218 1 4 1
4804 1 3 1
3615 1 2 1
5782 1 1 1
2260 1 0 1
2338 2 7 1
1903 2 6 1
3194 2 5 1
5699 2 4 1
5042 2 3 1
3068 2 2 1
1779 2 1 1
3979 2 0 1
977 3 7 1
4660 3 6 1
1084 3 5 1
5278 3 4 1
4433 3 3 1
4816 3 2 1
3201 3 1 1
3808 3 0 1
5113 4 4 1
778 4 3 1
5614 4 2 1
4943 4 1 1
155 4 0 1
4298 0 19 1
745 0 18 1
2439 0 17 1
4046 0 16 1
3008 0 15 1
2600 0 14 1
261 0 13 1
3505 0 12 1
4788 0 11 1
2230 0 10 1
5037 0 9 1
1169 0 8 1
3091 1 19 1
1050 1 18 1
2736 1 17 1
5232 1 16 1
418 1 15 1
1078 1 14 1
4073 1 13 1
5375 1 12 1
4178 1 11 1
4153 1 10 1
2282 1 9 1
554 1 8 1
4645 2 19 1
4246 2 18 1
4302 2 17 1
584 2 16 1
1128 2 15 1
5156 2 14 1
4631 2 13 1
2832 2 12 1
4067 2 11 1
3017 2 10 1
2437 2 9 1
5 2 8 1
1963 5 19 1
2702 4 19 1
818 3 19 1
4907 5 18 1
567 4 18 1
2469 3 18 1
301 5 17 1
2372 4 17 1
902 3 17 1
2654 5 16 1
3800 4 16 1
5268 3 16 1
1272 5 15 1
5518 4 15 1
948 3 15 1
3811 3 14 1
588 3 13 1
2181 3 12 1
1790 3 11 1
2580 3 10 1
4834 3 9 1
2116 3 8 1
1839 4 14 1
3790 4 13 1
5071 4 12 1
3257 4 11 1
551 4 10 1
548 4 9 1
2607 4 8 1
5718 4 7 1
347 4 6 1
5079 4 5 1
1919 5 14 1
5076 5 13 1
4786 5 12 1
1757 5 11 1
3891 5 10 1
5621 5 9 1
3855 5 8 1
3087 5 7 1
732 5 6 1
1188 5 5 1
1387 5 4 1
5688 5 3 1
2074 5 2 1
3123 5 1 1
5089 5 0 1
2521 6 19 1
5758 6 18 1
3869 6 17 1
3414 6 16 1
3388 6 15 1
5391 6 14 1
1593 6 13 1
5106 6 12 1
3258 6 11 1
701 6 10 1
1692 6 9 1
243 6 8 1
299 6 7 1
1812 6 6 1
4662 6 5 1
4522 6 4 1
4831 6 3 1
2826 6 2 1
747 6 1 1
5182 6 0 1
2126 7 19 1
496 7 18 1
1726 7 17 1
3311 7 16 1
1620 7 15 1
2984 7 14 1
650 7 13 1
5551 7 12 1
407 7 11 1
3568 7 10 1
4394 7 9 1
2679 7 8 1
1588 7 7 1
2787 7 6 1
663 7 5 1
2814 7 4 1
5252 7 3 1
2366 7 2 1
5054 7 1 1
4542 7 0 1
3473 13 19 1
1160 12 19 1
5007 11 19 1
2190 10 19 1
3876 9 19 1
3841 8 19 1
2444 13 18 1
2385 12 18 1
2505 11 18 1
4983 10 18 1
2428 9 18 1
1894 8 18 1
377 13 17 1
5098 12 17 1
957 11 17 1
4634 10 17 1
1922 9 17 1
1482 8 17 1
498 13 16 1
4324 12 16 1
1799 11 16 1
576 10 16 1
2041 9 16 1
5313 8 16 1
4837 13 15 1
628 12 15 1
3243 11 15 1
1944 10 15 1
5687 9 15 1
1546 8 15 1
3324 19 19 1
1352 18 19 1
2197 17 19 1
2121 16 19 1
5048 15 19 1
4890 14 19 1
1804 19 18 1
2327 18 18 1
2895 17 18 1
1990 16 18 1
1361 15 18 1
2023 14 18 1
1190 19 17 1
5330 18 17 1
1743 17 17 1
2113 16 17 1
5577 15 17 1
2471 14 17 1
790 19 16 1
5732 18 16 1
1109 17 16 1
4268 16 16 1
2268 15 16 1
2994 14 16 1
1712 19 15 1
1523 18 15 1
2627 17 15 1
526 16 15 1
1198 15 15 1
1146 14 15 1
506 19 14 1
392 18 14 1
3112 17 14 1
3573 16 14 1
3147 15 14 1
1008 14 14 1
1265 13 14 1
2559 19 13 1
1948 18 13 1
3281 17 13 1
3693 16 13 1
3489 15 13 1
4984 14 13 1
5009 13 13 1
1156 19 12 1
2395 18 12 1
1446 17 12 1
5280 16 12 1
399 15 12 1
1261 14 12 1
2577 13 12 1
4872 19 0 1
5751 19 1 1
47 19 2 1
2923 19 3 1
2237 19 4 1
5669 19 5 1
2300 19 6 1
2160 19 7 1
5056 19 8 1
3651 19 9 1
4952 19 10 1
829 19 11 1
3229 18 0 1
688 18 1 1
1598 18 2 1
4528 18 3 1
3996 18 4 1
3338 18 5 1
3882 18 6 1
5133 18 7 1
755 18 8 1
471 18 9 1
2724 18 10 1
1745 18 11 1
1993 17 0 1
5639 17 1 1
607 17 2 1
3355 17 3 1
1365 17 4 1
1635 17 5 1
3537 17 6 1
3633 17 7 1
3594 17 8 1
3056 17 9 1
4889 17 10 1
133 17 11 1
2069 16 0 1
1516 16 1 1
3636 16 2 1
5701 16 3 1
2927 16 4 1
5188 16 5 1
1651 16 6 1
3010 16 7 1
2743 16 8 1
1184 16 9 1
3094 16 10 1
5496 16 11 1
1214 9 0 1
464 9 1 1
3402 9 2 1
1724 9 3 1
4807 9 4 1
1359 9 5 1
2254 10 0 1
4913 10 1 1
1947 10 2 1
5024 10 3 1
923 10 4 1
707 10 5 1
3167 11 0 1
4088 11 1 1
4919 11 2 1
1819 11 3 1
3524 11 4 1
5356 11 5 1
67 12 0 1
5238 12 1 1
1183 12 2 1
4998 12 3 1
1173 12 4 1
2575 12 5 1
3423 13 0 1
4577 13 1 1
2899 13 2 1
1857 13 3 1
2402 13 4 1
3752 13 5 1
5292 14 0 1
5504 14 1 1
967 14 2 1
2434 14 3 1
1904 14 4 1
5047 14 5 1
1811 15 0 1
692 15 1 1
2652 15 2 1
2892 15 3 1
3543 15 4 1
5733 15 5 1
4950 15 6 1
4963 15 7 1
4599 15 8 1
3053 15 9 1
2449 15 10 1
5793 15 11 1
1794 14 6 1
4977 14 7 1
4222 14 8 1
2234 14 9 1
1753 14 10 1
5493 14 11 1
5429 13 6 1
3189 13 7 1
5176 13 8 1
267 13 9 1
3204 13 10 1
1099 13 11 1
4132 12 6 1
4648 12 7 1
1610 12 8 1
4383 12 9 1
3516 12 10 1
1262 12 11 1
325 12 12 1
1908 12 13 1
1996 12 14 1
3016 9 6 1
3347 9 7 1
5287 9 8 1
1838 9 9 1
3346 10 6 1
3202 10 7 1
768 10 8 1
109 10 9 1
2533 11 6 1
4747 11 7 1
481 11 8 1
4654 11 9 1
3548 11 10 1
3582 11 11 1
4887 11 12 1
1656 11 13 1
3345 11 14 1
1194 10 10 1
4391 10 11 1
2039 10 12 1
3143 10 13 1
2259 10 14 1
322 9 10 1
2584 9 11 1
1382 9 12 1
4936 9 13 1
2740 9 14 1
2418 8 14 1
4372 8 13 1
2468 8 12 1
2210 8 11 1
5267 8 10 1
1354 8 9 1
131 8 8 1
1547 8 7 1
3538 8 6 1
3770 8 5 1
61 8 4 1
4676 8 3 1
4013 8 2 1
3730 8 1 1
3655 8 0 1
4470 9 10 32
1436 9 11 32
458 9 12 32
757 9 13 32
4472 10 10 34
1671 10 11 34
796 10 12 34
2650 10 13 34
5505 10 6 36
3125 10 7 36
5562 10 8 36
1900 11 6 36
3169 11 7 36
1808 11 8 36
2061 9 6 38
1063 9 7 38
4011 9 8 38
520 9 9 38
752 10 9 38
4296 11 9 38
842 11 10 38
1926 11 11 38
4764 11 12 38
3234 11 13 38
3611 12 6 39
388 12 7 39
795 12 8 39
3 12 9 39
1216 12 10 39
1137 13 6 40
2603 13 7 40
3791 13 8 40
2914 13 9 40
5414 13 10 40
5102 14 6 41
2812 14 7 41
1526 14 8 41
2803 14 9 41
4491 14 10 41
3622 15 0 44
5655 15 1 44
2894 15 2 44
5265 15 3 44
4129 15 4 44
804 14 0 46
5360 14 1 46
2532 14 2 46
2573 14 3 46
390 14 4 46
1513 13 0 47
4496 13 1 47
530 13 2 47
4691 13 3 47
3920 13 4 47
4447 12 0 48
2602 12 1 48
5017 12 2 48
385 12 3 48
1088 12 4 48
3943 11 0 49
2442 11 1 49
3775 11 2 49
444 11 3 49
5281 11 4 49
3574 10 0 50
4589 10 1 50
4294 10 2 50
3602 10 3 50
720 10 4 50
4812 9 0 51
3511 9 1 51
1077 9 2 51
3308 9 3 51
4985 9 4 51
3872 9 5 51
1297 10 5 51
4403 16 0 53
3553 16 1 53
574 16 2 53
5235 16 3 53
4329 16 4 53
2370 16 5 53
5431 16 6 53
391 16 7 53
2114 16 8 53
3432 16 9 53
4749 16 10 53
3978 17 0 54
4193 17 1 54
3737 17 2 54
2699 17 3 54
4253 17 4 54
336 17 5 54
2195 17 6 54
2520 17 7 54
4052 17 8 54
5284 17 9 54
5237 17 10 54
5289 11 5 54
3638 12 5 54
5660 13 5 54
365 14 5 54
4500 15 5 54
929 15 6 54
3401 15 7 54
767 15 8 54
1302 15 9 54
2723 15 10 54
2022 18 0 56
5644 18 1 56
2609 18 2 56
1831 18 3 56
2745 18 4 56
1072 18 5 56
1797 18 6 56
132 18 7 56
135 18 8 56
3721 18 9 56
1699 18 10 56
4194 19 0 58
867 19 1 58
10 19 2 58
4859 19 3 58
4508 19 4 58
470 19 5 58
4274 19 6 58
3539 19 7 58
5746 19 8 58
2258 19 9 58
666 19 10 58
1096 19 11 58
2482 18 11 58
1764 17 11 58
3585 16 11 58
1981 15 11 58
5034 19 12 59
2175 18 12 59
2510 17 12 59
559 16 12 59
4798 15 12 59
2427 14 12 59
188 19 13 60
3399 18 13 60
3026 17 13 60
5321 16 13 60
4307 15 13 60
2221 14 13 60
1059 19 14 61
4009 18 14 61
2389 17 14 61
1226 16 14 61
156 15 14 61
4777 19 15 62
2847 18 15 62
4557 17 15 62
2404 16 15 62
1340 15 15 62
2731 19 16 63
1994 18 16 63
3145 17 16 63
420 16 16 63
4390 15 16 63
1040 19 17 64
2676 18 17 64
3685 17 17 64
2628 16 17 64
4765 15 17 64
3063 19 18 65
2704 18 18 65
4386 17 18 65
2021 16 18 65
5726 15 18 65
5128 19 19 66
1504 18 19 66
4734 17 19 66
1094 16 19 66
1475 15 19 66
2883 14 19 66
403 14 18 66
4367 14 17 66
853 14 16 66
969 14 15 66
2840 13 15 67
2438 12 15 67
3246 11 15 67
2670 10 15 67
734 9 15 67
4583 13 16 68
3623 12 16 68
5482 11 16 68
4215 10 16 68
1419 9 16 68
120 13 17 70
1074 12 17 70
4322 11 17 70
13 10 17 70
1418 9 17 70
1385 13 18 71
5399 12 18 71
1164 11 18 71
4183 10 18 71
3586 9 18 71
2013 13 19 72
1962 12 19 72
2106 11 19 72
5549 10 19 72
3540 9 19 72
4457 8 19 72
5543 8 18 72
1255 8 17 72
2459 8 16 72
2460 8 15 72
808 7 19 76
4021 7 18 76
2176 7 17 76
918 7 16 76
1097 7 15 76
469 7 14 76
2658 7 13 76
3406 7 12 76
1859 7 11 76
3494 7 10 76
1411 7 9 76
4842 7 8 76
3298 7 7 76
2695 7 6 76
2947 7 5 76
2446 7 4 76
4862 7 3 76
3936 7 2 76
4944 7 1 76
5594 6 19 79
930 6 18 79
4643 6 17 79
5257 6 16 79
725 6 15 79
1003 6 14 79
935 6 13 79
2771 6 12 79
1490 6 11 79
862 6 10 79
4361 6 9 79
2805 6 8 79
1498 6 7 79
2526 6 6 79
4720 6 5 79
1827 6 4 79
3002 6 3 79
594 6 2 79
4265 6 1 79
224 14 6 81
2896 14 7 81
1689 14 8 81
5379 14 9 81
625 14 10 81
2092 5 14 83
5615 5 13 83
4464 5 12 83
1112 5 11 83
3689 5 10 83
3831 5 9 83
313 5 8 83
5692 5 7 83
3108 5 6 83
5481 4 14 85
1935 4 13 85
947 4 12 85
921 4 11 85
2543 4 10 85
4468 4 9 85
3984 5 15 86
2380 4 15 86
2951 5 17 87
4839 4 17 87
651 5 16 87
2784 4 16 87
4962 5 18 88
2753 4 18 88
3283 5 19 89
3753 4 19 89
4628 3 19 89
4663 3 18 89
172 3 17 89
63 3 16 89
1646 3 15 89
2668 3 14 89
2917 3 13 89
1303 3 12 89
2649 3 11 89
5652 3 10 89
2246 3 9 89
3239 11 6 89
1453 11 7 89
5601 11 8 89
702 2 19 91
563 2 18 91
700 2 17 91
3637 2 16 91
5490 2 15 91
695 2 14 91
1410 2 13 91
5195 2 12 91
741 2 11 91
4404 2 10 91
4770 2 9 91
1916 12 1 91
2855 12 2 91
4136 12 3 91
1830 12 4 91
1051 14 1 92
678 14 2 92
4014 14 3 92
4629 14 4 92
675 13 6 92
820 13 7 92
1042 13 8 92
1208 13 9 92
1273 13 10 92
1510 12 7 92
1549 12 8 92
264 12 9 92
5029 12 10 92
5559 1 19 93
580 1 18 93
1477 1 17 93
1579 1 16 93
2910 1 15 93
4592 1 14 93
4429 1 13 93
3487 1 12 93
5460 1 11 93
5351 1 10 93
2479 1 9 93
2382 10 0 94
5461 10 1 94
2924 10 2 94
3771 10 3 94
5789 10 4 94
1923 10 11 94
2371 10 12 94
5682 10 13 94
12105 milli sec 
point:437725
