743
5221 11 12 1
4935 11 11 1
2123 11 10 1
812 11 9 1
3503 11 8 1
3207 11 7 1
1986 11 6 1
2428 11 5 1
1033 11 4 1
3527 11 3 1
6428 11 2 1
7 11 1 1
6530 11 0 1
235 12 12 1
2316 12 11 1
2804 12 10 1
4324 12 9 1
4025 12 8 1
1831 12 7 1
5850 12 6 1
2066 12 5 1
3431 12 4 1
1328 12 3 1
479 12 2 1
1151 12 1 1
2852 12 0 1
4822 0 19 1
4789 0 18 1
3886 0 17 1
771 0 16 1
3947 0 15 1
3927 0 14 1
5098 0 10 1
4960 0 11 1
5835 0 12 1
298 0 13 1
1266 1 19 1
518 1 18 1
5130 1 17 1
2967 1 16 1
4128 1 15 1
3917 1 14 1
4931 1 10 1
4803 1 11 1
6642 1 12 1
5301 1 13 1
1439 2 19 1
5356 2 18 1
5773 2 17 1
5431 2 16 1
3346 2 15 1
2603 2 14 1
5453 2 10 1
370 2 11 1
2624 2 12 1
2712 2 13 1
3690 3 19 1
5591 3 18 1
4353 3 17 1
2857 3 16 1
6572 3 15 1
1096 3 14 1
1931 3 10 1
6611 3 11 1
4160 3 12 1
2338 3 13 1
2433 4 19 1
5531 4 18 1
5570 4 17 1
5202 4 16 1
1948 4 15 1
2158 4 14 1
5631 4 10 1
4274 4 11 1
3744 4 12 1
6628 4 13 1
3642 5 19 1
170 5 18 1
2904 5 17 1
2747 5 16 1
3334 5 15 1
6050 5 14 1
5557 5 10 1
301 5 11 1
5895 5 12 1
2119 5 13 1
476 6 19 1
4188 6 18 1
6102 6 17 1
6402 6 16 1
1212 6 15 1
2963 6 14 1
318 0 9 1
5284 0 8 1
5260 0 7 1
270 0 6 1
3003 0 0 1
6473 0 1 1
5947 0 2 1
5335 0 3 1
4941 0 4 1
4321 0 5 1
5230 1 9 1
4875 1 8 1
4074 1 7 1
5112 1 6 1
3555 1 0 1
5017 1 1 1
2073 1 2 1
1652 1 3 1
2294 1 4 1
857 1 5 1
631 2 9 1
728 2 8 1
784 2 7 1
1231 2 6 1
2541 2 0 1
3382 2 1 1
3290 2 2 1
2068 2 3 1
2061 2 4 1
1558 2 5 1
3236 3 9 1
6390 3 8 1
6218 3 7 1
4466 3 6 1
1740 3 0 1
4181 3 1 1
4475 3 2 1
2390 3 3 1
5853 3 4 1
1839 3 5 1
6119 4 9 1
3935 4 8 1
5080 4 7 1
3175 4 6 1
2838 4 0 1
6727 4 1 1
3072 4 2 1
1336 4 3 1
2443 4 4 1
4662 4 5 1
3210 5 9 1
3599 5 8 1
720 5 7 1
799 5 6 1
368 5 0 1
3911 5 1 1
2129 5 2 1
1095 5 3 1
6797 5 4 1
1122 5 5 1
441 6 0 1
4656 6 1 1
6562 6 2 1
2154 6 3 1
5680 6 4 1
448 6 5 1
5162 6 6 1
2264 6 7 1
3675 6 8 1
3052 6 9 1
2419 6 10 1
2483 6 11 1
1134 6 12 1
530 6 13 1
6556 7 19 1
4804 7 18 1
6781 7 17 1
338 7 16 1
5732 7 15 1
1717 7 14 1
2982 7 0 1
6097 7 1 1
4550 7 2 1
4452 7 3 1
4485 7 4 1
108 7 5 1
1956 7 6 1
927 7 7 1
4096 7 8 1
3641 7 9 1
5929 7 10 1
6359 7 11 1
2357 7 12 1
633 7 13 1
770 8 19 1
6309 8 18 1
406 8 17 1
6103 8 16 1
6551 8 15 1
4879 8 14 1
1412 8 0 1
536 8 1 1
2604 8 2 1
3408 8 3 1
5359 8 4 1
1630 8 5 1
3341 8 6 1
6134 8 7 1
4984 8 8 1
576 8 9 1
808 8 10 1
166 8 11 1
1154 8 12 1
2510 8 13 1
1536 9 19 1
2865 9 18 1
1642 9 17 1
1845 9 16 1
5171 9 15 1
4558 9 14 1
2336 9 0 1
2210 9 1 1
1798 9 2 1
2323 9 3 1
344 9 4 1
3743 9 5 1
4464 9 6 1
4709 9 7 1
5063 9 8 1
3049 9 9 1
2795 9 10 1
3471 9 11 1
3163 9 12 1
5984 9 13 1
2353 10 19 1
5038 10 18 1
702 10 17 1
5651 10 16 1
3602 10 15 1
2591 10 14 1
5375 10 0 1
3693 10 1 1
2146 10 2 1
6370 10 3 1
4718 10 4 1
2176 10 5 1
3882 10 6 1
3495 10 7 1
3178 10 8 1
626 10 9 1
6543 10 10 1
3613 10 11 1
634 10 12 1
6201 10 13 1
1064 11 19 1
6404 11 18 1
5721 11 17 1
2458 11 16 1
3125 11 15 1
1314 11 14 1
4955 11 13 1
424 12 19 1
1891 12 18 1
550 12 17 1
1472 12 16 1
5312 12 15 1
2189 12 14 1
4606 12 13 1
4165 13 19 1
2067 13 18 1
3966 13 17 1
6690 13 16 1
6113 13 15 1
6647 13 14 1
5412 13 13 1
4969 19 19 1
492 18 19 1
1110 17 19 1
3837 16 19 1
3098 15 19 1
3209 14 19 1
6424 19 18 1
3232 18 18 1
4104 17 18 1
3296 16 18 1
4914 15 18 1
6152 14 18 1
1484 19 17 1
5752 18 17 1
2715 17 17 1
6618 16 17 1
268 15 17 1
342 14 17 1
2395 19 16 1
3231 18 16 1
3838 17 16 1
5982 16 16 1
3112 15 16 1
1296 14 16 1
5609 19 15 1
3497 18 15 1
2708 17 15 1
4939 16 15 1
3084 15 15 1
1512 14 15 1
2412 19 14 1
5602 18 14 1
4747 17 14 1
3204 16 14 1
3329 15 14 1
5583 14 14 1
6233 19 13 1
6745 18 13 1
6183 17 13 1
445 16 13 1
5690 15 13 1
312 14 13 1
5727 19 12 1
4400 18 12 1
5440 17 12 1
3548 16 12 1
3219 15 12 1
6766 14 12 1
2201 13 12 1
2583 19 11 1
3556 18 11 1
5973 17 11 1
4629 16 11 1
1577 15 11 1
3946 14 11 1
5587 13 11 1
224 19 10 1
6342 18 10 1
5988 17 10 1
887 16 10 1
4261 15 10 1
3906 14 10 1
1672 13 10 1
6072 19 9 1
6453 18 9 1
299 17 9 1
852 16 9 1
1219 15 9 1
3365 14 9 1
5868 13 9 1
6668 19 8 1
5530 18 8 1
2007 17 8 1
3952 16 8 1
5998 15 8 1
1978 14 8 1
2848 13 8 1
5505 19 7 1
6279 18 7 1
5275 17 7 1
1907 16 7 1
6791 15 7 1
111 14 7 1
471 13 7 1
1719 13 6 1
6141 13 5 1
334 13 4 1
3308 13 3 1
6561 13 2 1
2140 13 1 1
3355 13 0 1
958 14 6 1
793 14 5 1
5178 14 4 1
373 14 3 1
6508 14 2 1
4010 14 1 1
6548 14 0 1
2304 19 6 1
1498 18 6 1
554 17 6 1
1008 16 6 1
1903 15 6 1
1031 19 5 1
535 18 5 1
245 17 5 1
5434 16 5 1
1368 15 5 1
6238 19 4 1
603 18 4 1
3368 17 4 1
5524 16 4 1
5559 15 4 1
3781 19 3 1
1446 18 3 1
2685 17 3 1
6254 16 3 1
5620 15 3 1
4845 19 2 1
5429 18 2 1
2361 17 2 1
4987 16 2 1
658 15 2 1
1303 19 1 1
1282 18 1 1
5829 17 1 1
2028 16 1 1
5619 15 1 1
4959 19 0 1
1607 18 0 1
1302 17 0 1
163 16 0 1
6023 15 0 1
5343 19 0 29
4788 18 0 29
3477 17 0 29
4912 16 0 29
2585 19 1 31
6093 18 1 31
5978 17 1 31
5876 16 1 31
5545 19 2 32
4119 18 2 32
817 17 2 32
1791 16 2 32
3996 19 3 33
1128 18 3 33
4502 17 3 33
2186 16 3 33
1815 19 4 34
413 18 4 34
5980 17 4 34
4451 16 4 34
3448 19 5 36
5327 18 5 36
4468 17 5 36
1659 16 5 36
3116 19 6 37
5722 18 6 37
2580 17 6 37
778 16 6 37
1063 15 6 37
4543 14 6 39
1256 14 5 39
4694 14 4 39
1417 14 3 39
4989 14 2 39
3773 14 1 39
5204 19 7 41
1171 18 7 41
5945 17 7 41
146 16 7 41
4087 15 7 41
4280 14 7 41
2502 19 8 42
2099 18 8 42
4559 17 8 42
2539 16 8 42
4679 15 8 42
683 14 8 42
4248 19 9 44
434 18 9 44
281 17 9 44
6246 16 9 44
4382 15 9 44
3228 14 9 44
6565 19 10 46
44 18 10 46
3866 17 10 46
2513 16 10 46
3100 15 10 46
3541 14 10 46
5273 15 5 46
227 19 11 47
1121 18 11 47
430 17 11 47
4447 16 11 47
4463 15 11 47
3681 14 11 47
4189 19 12 48
5791 18 12 48
5249 17 12 48
2732 16 12 48
2185 15 12 48
5311 19 13 50
1612 18 13 50
1646 17 13 50
4609 16 13 50
3997 15 13 50
4082 19 14 51
1736 18 14 51
622 17 14 51
4598 16 14 51
6020 15 14 51
2462 19 15 52
4450 18 15 52
6184 17 15 52
6297 16 15 52
6219 15 15 52
2442 19 16 53
5703 18 16 53
1801 17 16 53
72 16 16 53
3234 15 16 53
6721 19 17 54
6344 18 17 54
4653 17 17 54
5046 16 17 54
3128 15 17 54
6774 19 18 55
4124 18 18 55
1235 17 18 55
1280 16 18 55
2625 15 18 55
417 19 19 56
5123 18 19 56
5763 17 19 56
557 16 19 56
4646 15 19 56
5756 14 19 56
5385 14 18 56
4740 14 17 56
419 14 16 56
262 14 15 56
4356 14 14 56
1882 13 19 58
5614 13 18 58
1762 13 17 58
1662 13 16 58
2440 13 15 58
384 13 14 58
1254 12 19 60
1361 12 18 60
3102 12 17 60
3243 12 16 60
3121 12 15 60
3184 12 14 60
4886 11 19 61
6376 11 18 61
5206 11 17 61
4906 11 16 61
1427 11 15 61
2324 11 14 61
5985 10 0 63
1655 10 1 63
4471 10 2 63
4070 10 3 63
5245 10 4 63
1502 10 5 63
4706 10 6 63
3179 10 7 63
6557 10 8 63
22 10 9 63
6009 10 10 63
1341 10 11 63
1201 10 12 63
5958 10 19 64
4267 10 18 64
2199 10 17 64
1521 10 16 64
3358 10 15 64
2234 10 14 64
1388 9 0 67
3122 9 1 67
2850 9 2 67
327 9 3 67
798 9 4 67
1440 9 5 67
6759 9 6 67
6193 9 7 67
2521 9 8 67
2381 9 9 67
4818 9 10 67
4862 9 11 67
4112 9 12 67
6199 9 19 68
3211 9 18 68
5724 9 17 68
1242 9 16 68
19 9 15 68
4203 9 14 68
122 18 1 68
2128 17 1 68
5955 16 1 68
1234 8 0 69
6380 8 1 69
4040 8 2 69
5070 8 3 69
5528 8 4 69
4733 8 5 69
2392 8 6 69
6025 8 7 69
2360 8 8 69
4007 8 9 69
598 8 10 69
2410 8 11 69
2763 8 12 69
6332 8 19 71
3446 8 18 71
4050 8 17 71
4791 8 16 71
1593 8 15 71
52 8 14 71
746 7 0 73
1060 7 1 73
1109 7 2 73
6502 7 3 73
3057 7 4 73
3904 7 5 73
3118 7 6 73
6575 7 7 73
6775 7 8 73
5565 7 9 73
3489 7 10 73
3560 7 11 73
2762 7 12 73
6448 7 19 74
4746 7 18 74
2468 7 17 74
4819 7 16 74
1691 7 15 74
6101 7 14 74
4420 6 0 76
6007 6 1 76
5067 6 2 76
2325 6 3 76
4511 6 4 76
2997 5 9 78
6540 5 8 78
6329 5 7 78
3512 5 6 78
1742 5 0 78
5287 5 1 78
2409 5 2 78
1994 5 3 78
1790 5 4 78
672 4 9 79
5618 4 8 79
2083 4 7 79
4964 4 6 79
3547 4 0 79
597 4 1 79
470 4 2 79
618 4 3 79
3 4 4 79
366 3 9 80
4674 3 8 80
1918 3 7 80
4701 3 6 80
3017 3 0 80
1688 3 1 80
5252 3 2 80
4488 3 3 80
5989 3 4 80
3260 2 0 81
3314 2 1 81
4838 2 2 81
527 2 3 81
3374 2 4 81
416 2 9 82
57 2 8 82
2955 2 7 82
6132 2 6 82
92 1 0 83
5155 1 1 83
2813 1 2 83
2287 1 3 83
4698 1 4 83
3418 1 9 84
3369 1 8 84
4486 1 7 84
6656 1 6 84
2498 0 0 85
5924 0 1 85
2943 0 2 85
2315 0 3 85
2984 0 4 85
6619 0 9 86
2391 0 8 86
2167 0 7 86
1397 0 6 86
4575 0 5 86
4056 1 5 86
6139 19 4 86
141 18 4 86
3019 17 4 86
3657 16 4 86
5679 19 0 86
5203 18 0 86
1403 17 0 86
219 16 0 86
1701 6 19 88
3177 6 18 88
5164 6 17 88
6115 6 16 88
5913 6 15 88
6787 6 14 88
2050 19 5 88
2765 18 5 88
6471 17 5 88
323 16 5 88
6688 5 10 89
2104 5 11 89
1868 5 12 89
829 4 10 90
6416 4 11 90
676 4 12 90
1581 5 19 90
6637 5 18 90
3804 5 17 90
1373 5 16 90
1848 5 15 90
6222 5 14 90
2466 3 10 91
6235 3 11 91
6682 3 12 91
722 4 19 91
3650 4 18 91
6046 4 17 91
5728 4 16 91
5277 4 15 91
4045 4 14 91
4642 18 14 91
552 17 14 91
3160 16 14 91
4178 15 14 91
4406 18 2 91
381 17 2 91
4478 16 2 91
2999 2 10 93
2486 2 11 93
158 2 12 93
6440 3 19 93
315 3 18 93
5574 3 17 93
4340 3 16 93
5927 3 15 93
4052 3 14 93
6796 2 19 94
6367 2 18 94
5626 2 17 94
241 2 16 94
3658 2 15 94
4302 2 14 94
243 2 5 94
6147 18 9 94
2920 17 9 94
6666 16 9 94
4469 15 9 94
6630 14 9 94
5451 17 8 94
5302 16 8 94
1366 15 8 94
5161 14 8 94
6335 14 2 94
6585 14 1 94
14133 milli sec 
point:443550
