766
2387 8 3 1
1683 8 0 1
3947 8 1 1
386 8 2 1
1140 9 3 1
4003 9 0 1
1768 9 1 1
2349 9 2 1
3482 8 6 1
2714 8 5 1
556 8 4 1
5145 9 6 1
3340 9 5 1
927 9 4 1
5211 10 6 1
300 8 8 1
1853 8 7 1
5042 9 8 1
4435 9 7 1
789 0 11 1
3271 0 10 1
380 0 9 1
5531 1 11 1
1146 1 10 1
1845 1 9 1
125 0 14 1
5454 0 13 1
160 0 12 1
2118 1 14 1
4487 1 13 1
3006 1 12 1
3222 2 14 1
5270 2 13 1
5797 2 12 1
2815 2 11 1
529 2 10 1
2587 2 9 1
912 2 8 1
2994 0 16 1
3166 0 15 1
972 1 16 1
2305 1 15 1
634 0 19 1
3602 0 18 1
1064 0 17 1
5176 1 19 1
4440 1 18 1
4176 1 17 1
390 2 19 1
2258 2 18 1
784 2 17 1
2209 2 16 1
6152 2 15 1
2717 5 19 1
2674 4 19 1
2647 3 19 1
2771 5 18 1
2813 4 18 1
5568 3 18 1
311 5 17 1
2900 4 17 1
325 3 17 1
5214 5 16 1
738 4 16 1
2868 3 16 1
750 5 15 1
4628 4 15 1
5828 3 15 1
5117 5 14 1
1167 4 14 1
4722 3 14 1
2069 5 13 1
3825 4 13 1
5884 3 13 1
3931 5 12 1
3128 4 12 1
2042 3 12 1
908 5 10 1
1864 5 11 1
2002 4 10 1
2793 4 11 1
1717 3 11 1
5719 3 10 1
388 3 9 1
3631 0 8 1
3467 0 7 1
1500 1 8 1
3377 1 7 1
2064 0 4 1
5478 0 5 1
3532 0 6 1
3507 1 4 1
3225 1 5 1
4058 1 6 1
3095 7 0 1
1262 7 1 1
3038 7 2 1
1139 6 0 1
5738 6 1 1
4445 6 2 1
361 5 0 1
5100 5 1 1
3073 5 2 1
2185 4 0 1
3912 4 1 1
1180 4 2 1
5614 4 3 1
3998 4 4 1
5391 3 0 1
5647 3 1 1
77 3 2 1
5066 3 3 1
3380 3 4 1
5418 0 0 1
1843 0 1 1
3663 0 2 1
5706 0 3 1
5805 1 0 1
3383 1 1 1
961 1 2 1
1187 1 3 1
1689 2 0 1
4355 2 1 1
843 2 2 1
4398 2 3 1
3212 2 4 1
3733 2 5 1
5927 2 6 1
5310 2 7 1
3300 7 3 1
6148 7 4 1
4853 7 5 1
2722 7 6 1
6263 6 3 1
278 6 4 1
1630 6 5 1
1811 6 6 1
4552 5 3 1
6258 5 4 1
1574 5 5 1
1529 5 6 1
1118 4 5 1
1662 4 6 1
5823 3 5 1
5431 3 6 1
1932 3 7 1
2834 3 8 1
2226 4 9 1
2455 4 7 1
461 4 8 1
1345 5 7 1
3129 5 8 1
5436 5 9 1
2680 6 11 1
39 6 10 1
3653 6 7 1
2214 6 8 1
5371 6 9 1
4747 7 11 1
3475 7 10 1
4199 7 7 1
4957 7 8 1
747 7 9 1
5059 6 14 1
1893 6 13 1
5988 6 12 1
2104 7 14 1
4530 7 13 1
3432 7 12 1
5615 9 14 1
6201 8 14 1
3456 11 12 1
4702 11 13 1
2736 10 12 1
365 10 13 1
5616 10 11 1
1092 9 11 1
4866 9 12 1
4759 9 13 1
733 8 13 1
3094 8 12 1
2531 8 11 1
2528 8 10 1
76 8 9 1
3188 9 10 1
861 9 9 1
5118 10 10 1
662 10 9 1
1456 10 8 1
1625 10 7 1
6115 9 15 1
921 10 14 1
5851 10 15 1
3888 6 15 1
3352 6 16 1
4496 6 17 1
4433 7 15 1
3869 7 16 1
6004 7 17 1
3804 8 15 1
4439 8 16 1
5036 8 17 1
155 9 17 1
6140 9 16 1
1367 6 19 1
785 6 18 1
4413 7 19 1
4060 7 18 1
1771 8 19 1
5811 8 18 1
2008 9 19 1
2544 9 18 1
2838 10 19 1
5803 10 18 1
2212 10 17 1
2808 10 16 1
3423 11 19 1
2508 11 18 1
4322 11 17 1
2517 11 16 1
1484 11 14 1
494 11 15 1
5333 13 19 1
3027 12 19 1
2115 13 18 1
3587 12 18 1
13 13 17 1
3087 12 17 1
1138 12 16 1
4131 12 14 1
1884 12 15 1
2272 13 16 1
5033 13 14 1
6168 13 15 1
3310 14 19 1
3431 14 18 1
2060 14 17 1
2460 14 16 1
3121 14 15 1
5829 15 19 1
5295 15 18 1
2292 19 19 1
3625 18 19 1
675 17 19 1
4273 16 19 1
2537 19 16 1
5305 19 17 1
4054 19 18 1
5506 18 16 1
5290 18 17 1
1076 18 18 1
5999 17 18 1
1596 16 18 1
5676 17 17 1
3583 16 17 1
2099 15 17 1
6297 17 16 1
161 16 16 1
3397 15 16 1
4099 16 15 1
894 15 15 1
860 16 14 1
3345 15 14 1
1656 14 14 1
2854 19 15 1
5742 18 15 1
4270 17 15 1
3863 19 14 1
1026 18 14 1
1283 17 14 1
3013 19 11 1
5717 19 12 1
831 19 13 1
5991 18 11 1
426 18 12 1
165 18 13 1
5790 17 11 1
5 17 12 1
5864 17 13 1
6143 16 11 1
4208 16 12 1
5639 16 13 1
1312 15 11 1
1097 15 12 1
1747 15 13 1
86 14 13 1
4014 13 13 1
910 12 13 1
1532 14 12 1
4015 13 12 1
3679 12 12 1
1137 14 11 1
1896 13 11 1
2651 12 11 1
1457 11 11 1
3774 12 10 1
1990 11 10 1
3075 12 9 1
1801 11 9 1
2553 11 8 1
5362 11 7 1
2546 11 6 1
5474 12 8 1
2023 13 7 1
1178 12 7 1
1471 13 6 1
2969 12 6 1
379 13 10 1
1775 13 9 1
1047 13 8 1
740 14 10 1
5621 14 9 1
437 19 10 1
3029 18 10 1
3951 17 10 1
4597 16 10 1
3830 15 10 1
3595 19 9 1
4769 18 9 1
1792 17 9 1
2169 16 9 1
3053 15 9 1
1616 19 6 1
964 19 7 1
5904 19 8 1
636 18 6 1
3970 18 7 1
1887 18 8 1
5553 17 6 1
720 17 7 1
920 17 8 1
5892 16 8 1
2084 15 8 1
276 14 8 1
5090 16 6 1
3927 16 7 1
3110 15 7 1
5989 14 7 1
30 15 6 1
3686 14 6 1
3204 19 5 1
1680 18 5 1
2550 17 5 1
5105 16 5 1
1214 15 5 1
1983 14 5 1
4471 13 5 1
3580 12 5 1
1441 11 5 1
4049 10 5 1
2497 19 4 1
623 18 4 1
5012 19 3 1
4828 18 3 1
521 19 2 1
5820 18 2 1
756 19 0 1
1268 19 1 1
3375 18 0 1
6145 18 1 1
4111 17 0 1
3254 17 1 1
5674 17 2 1
4164 17 3 1
51 17 4 1
5998 13 3 1
3386 13 2 1
857 13 0 1
1725 13 1 1
4589 15 3 1
5027 14 3 1
6073 14 2 1
2218 14 0 1
2088 14 1 1
806 15 0 1
2579 15 1 1
417 15 2 1
1370 16 0 1
1751 16 1 1
3682 16 2 1
2741 16 3 1
4845 16 4 1
2142 15 4 1
3015 14 4 1
4607 13 4 1
944 12 4 1
3963 11 4 1
3782 10 4 1
5699 12 3 1
3916 11 3 1
3598 10 3 1
3573 10 2 1
6118 10 1 1
4504 10 0 1
3485 11 2 1
5838 11 1 1
1807 11 0 1
5808 12 2 1
954 12 1 1
3496 12 0 1
2563 12 2 29
4657 12 1 29
4757 11 2 30
2856 11 1 30
2005 12 3 31
5485 11 3 31
1989 15 0 33
1497 16 0 33
1553 16 1 33
3805 14 0 34
2210 13 0 35
2608 15 3 35
3396 14 3 35
5642 14 2 35
5010 13 3 36
261 13 2 36
2819 13 1 36
5703 14 1 36
781 15 1 36
5584 15 2 36
5402 16 2 36
4240 16 3 36
3694 17 0 38
5566 18 0 39
3739 19 2 40
5237 19 0 40
2740 19 1 40
923 19 4 41
2454 18 4 41
6200 19 3 41
1805 18 3 41
4370 18 2 41
4543 18 1 41
2141 17 1 41
3732 17 2 41
4831 17 3 41
5272 17 4 41
5720 16 4 41
4171 15 4 41
4105 14 4 41
4156 13 4 41
4216 12 4 41
1251 11 4 41
888 19 5 43
4006 18 5 43
178 17 5 43
3333 16 5 43
6057 15 5 43
147 15 6 44
870 16 6 45
1666 16 7 45
4689 15 7 45
3086 18 6 46
5091 18 7 46
5724 17 6 46
1590 17 7 46
3619 19 6 47
1506 19 7 47
23 19 8 47
4797 18 8 47
1293 17 8 47
3361 16 8 47
4748 19 9 48
3683 18 9 48
4568 17 9 48
1174 16 9 48
1779 13 10 49
2368 13 9 49
4988 13 8 49
2369 14 10 49
1063 14 9 49
3972 19 10 49
1562 18 10 49
3644 17 10 49
5833 16 10 49
6090 15 10 49
1902 15 9 49
4378 15 8 49
2964 14 8 49
3256 14 7 49
5773 14 6 49
229 14 5 49
208 13 5 49
5254 12 8 50
272 13 7 50
5236 12 7 50
2297 13 6 50
5881 12 9 53
2915 14 11 54
2581 13 11 54
476 12 10 54
3702 14 12 55
2436 13 12 55
5499 17 11 56
5628 17 12 56
6062 16 11 56
2107 16 12 56
6089 15 11 56
5023 15 12 56
1246 19 14 57
5463 18 14 57
2161 19 11 57
3292 19 12 57
3471 19 13 57
988 18 11 57
5613 18 12 57
2803 18 13 57
3707 16 15 58
14 16 14 58
1945 19 15 58
2465 18 15 58
4257 17 15 58
5809 17 14 58
557 17 13 58
2216 16 13 58
1576 15 13 58
3083 17 17 59
1325 17 16 59
4776 16 16 59
761 18 16 60
456 18 17 60
3070 19 19 61
2119 18 19 61
5966 17 19 61
5154 16 19 61
3793 19 16 61
340 19 17 61
3214 19 18 61
1045 18 18 61
3317 17 18 61
2697 16 18 61
3064 16 17 61
682 15 19 62
5883 15 18 62
903 14 19 63
4964 14 18 63
1612 14 17 63
6037 14 16 63
2110 15 17 63
3479 15 16 63
1430 12 14 64
3824 13 16 64
1239 13 14 64
4742 13 17 65
2413 11 14 66
3934 13 19 66
2585 12 19 66
5263 13 18 66
1832 12 18 66
247 12 17 66
820 12 16 66
4450 11 19 67
2050 11 18 67
3362 11 17 67
4978 8 19 68
596 9 19 68
6186 10 19 68
5389 6 19 69
4881 6 18 69
4762 7 19 69
3781 7 18 69
4766 8 18 69
3740 9 18 69
2724 10 18 69
1416 10 17 69
2342 7 15 70
4185 7 16 70
1027 8 15 70
5114 8 16 70
824 9 15 71
4588 10 14 71
3394 10 15 71
6082 6 15 71
53 6 16 71
3572 6 17 71
1971 7 17 71
804 8 17 71
2279 9 17 71
3051 9 16 71
4857 9 10 72
997 10 10 72
4631 10 11 73
3784 9 11 73
4947 9 12 73
4551 9 14 74
385 8 14 74
648 11 12 74
1996 11 13 74
4602 10 12 74
1888 10 13 74
1173 9 13 74
2244 8 13 74
1286 7 11 75
3592 7 10 75
926 7 7 75
2798 7 8 75
2482 6 14 75
4167 6 13 75
3126 6 12 75
1859 7 14 75
3403 7 13 75
3848 7 12 75
6077 8 12 75
2389 8 11 75
5417 8 10 75
5650 5 7 76
280 6 11 76
367 6 10 76
5470 6 7 76
5914 6 8 76
5728 3 5 77
4059 4 9 77
2175 4 7 77
1780 4 5 78
3429 5 3 79
1633 5 4 79
692 5 5 79
1870 6 3 80
2177 6 4 80
5802 6 5 80
963 7 3 81
6305 7 4 81
4832 7 5 81
945 7 6 81
823 6 6 81
2077 5 6 81
1033 4 6 81
959 3 6 81
2346 2 0 82
5526 2 1 82
6117 2 2 82
5578 3 0 83
1540 3 1 83
3363 3 2 83
5759 3 3 83
3786 0 0 83
4526 0 1 83
3445 0 2 83
6254 0 3 83
4802 1 0 83
4952 1 1 83
5355 1 2 83
2866 1 3 83
1472 2 3 83
4211 5 0 84
4241 5 1 84
1611 4 0 84
1515 4 1 84
4333 19 10 84
5906 18 10 84
1965 17 10 84
4723 16 10 84
4499 15 10 84
1336 15 6 84
1074 1 4 85
1743 1 5 85
869 7 0 85
736 7 1 85
4809 7 2 85
2435 6 0 85
808 6 1 85
176 6 2 85
5469 5 2 85
2706 4 2 85
1598 4 3 85
5108 4 4 85
65 3 4 85
1720 2 4 85
5940 2 5 85
2295 0 8 86
2384 0 7 86
5937 1 8 86
3897 1 7 86
4298 0 4 86
3037 0 5 86
2191 0 6 86
1954 1 6 86
4148 4 10 87
4283 14 10 87
101 14 9 87
26 5 13 88
2518 4 13 88
241 5 12 88
5416 4 12 88
4572 5 10 88
3586 5 11 88
1579 4 11 88
2291 13 6 88
3250 17 0 88
3293 5 16 89
319 4 16 89
3866 5 15 89
138 4 15 89
4454 5 14 89
5866 4 14 89
6232 19 0 89
6211 19 1 89
2634 18 0 89
4545 5 19 90
3404 4 19 90
5661 3 19 90
1016 5 18 90
2593 4 18 90
3192 3 18 90
2762 5 17 90
5029 4 17 90
5026 3 17 90
3597 3 16 90
4181 19 9 90
2618 18 9 90
3335 17 9 90
2459 16 9 90
4395 18 7 90
5739 17 6 90
6259 17 7 90
3891 19 3 90
2917 18 3 90
717 15 3 90
398 14 3 90
933 14 2 90
1914 12 2 90
3523 12 1 90
2658 18 11 91
4554 18 12 91
669 13 0 91
2723 13 1 91
2764 11 2 91
6190 11 1 91
89 1 19 92
3203 1 18 92
3763 2 19 92
3769 2 18 92
206 2 6 92
307 2 7 92
403 3 7 92
1636 10 19 92
1958 15 9 92
3266 0 19 93
4483 0 18 93
4305 0 17 93
2293 1 17 93
2895 2 17 93
2541 2 16 93
2360 7 18 93
5930 8 19 93
3995 8 18 93
4280 9 19 93
1986 9 18 93
3890 10 18 93
3928 10 17 93
5251 19 15 93
1988 18 15 93
1431 17 15 93
6074 13 8 93
302 18 5 93
6193 17 5 93
6268 16 5 93
5415 15 5 93
3513 14 0 93
5893 14 1 93
3364 15 1 93
5065 15 2 93
847 0 16 94
2082 0 15 94
4361 1 16 94
4522 1 15 94
13056 milli sec 
point:454450
