780
5989 0 3 1
3114 0 2 1
5399 0 1 1
4242 0 0 1
1520 1 3 1
1118 1 2 1
3823 1 1 1
6158 1 0 1
995 2 3 1
5884 2 2 1
6542 2 1 1
1558 2 0 1
507 3 3 1
1834 3 2 1
3859 3 1 1
5003 3 0 1
5744 4 3 1
1330 4 2 1
2428 4 1 1
1214 4 0 1
6435 0 7 1
54 0 6 1
4540 0 5 1
2606 0 4 1
2262 1 7 1
3050 1 6 1
4194 1 5 1
5743 1 4 1
4229 2 7 1
5519 2 6 1
2055 2 5 1
5885 2 4 1
5953 3 8 1
2228 3 7 1
228 3 6 1
2936 3 5 1
1006 3 4 1
2410 4 8 1
2355 4 7 1
4552 4 6 1
5430 4 5 1
5765 4 4 1
3097 5 8 1
5613 5 7 1
610 5 6 1
3749 5 5 1
463 5 4 1
4980 5 3 1
5201 5 2 1
655 5 1 1
3496 5 0 1
2112 6 4 1
5544 6 3 1
3482 6 2 1
877 6 1 1
618 6 0 1
787 7 4 1
5000 7 3 1
3463 7 2 1
5541 7 1 1
6485 7 0 1
2451 8 4 1
2923 8 3 1
6413 8 2 1
6147 8 1 1
2500 8 0 1
6503 6 8 1
6160 6 7 1
6131 6 6 1
5326 6 5 1
5347 7 11 1
5456 7 10 1
5317 7 9 1
3874 7 8 1
1908 7 7 1
5448 7 6 1
90 7 5 1
1507 8 13 1
2846 8 12 1
2774 8 11 1
5727 8 10 1
5839 8 9 1
5746 8 8 1
1857 8 7 1
1639 8 6 1
3263 8 5 1
4021 0 19 1
466 0 18 1
3889 0 17 1
2267 0 16 1
418 0 15 1
1988 1 19 1
565 1 18 1
2885 1 17 1
2366 1 16 1
2487 1 15 1
4094 2 19 1
349 2 18 1
6376 2 17 1
2250 2 16 1
3806 2 15 1
2816 3 19 1
264 3 18 1
1287 3 17 1
5306 3 16 1
4325 0 8 1
4534 0 9 1
6109 0 10 1
5438 0 11 1
1689 0 12 1
1130 0 13 1
5539 0 14 1
3271 1 8 1
5616 1 9 1
4792 1 10 1
2403 1 11 1
2137 1 12 1
5530 1 13 1
6543 1 14 1
1357 2 8 1
3023 2 9 1
2518 2 10 1
1608 2 11 1
4016 2 12 1
2844 2 13 1
3197 2 14 1
6590 6 9 1
4581 6 10 1
2143 6 11 1
3464 5 9 1
2184 5 10 1
2818 5 11 1
206 4 9 1
3964 4 10 1
5848 4 11 1
3180 3 9 1
5023 3 10 1
3797 3 11 1
6476 3 12 1
2587 3 13 1
5269 3 14 1
1234 3 15 1
279 4 19 1
5534 4 18 1
1020 4 17 1
5088 4 16 1
4579 4 12 1
318 4 13 1
2402 4 14 1
4196 4 15 1
4428 5 19 1
5071 5 18 1
3420 5 17 1
3812 5 16 1
2104 5 12 1
4323 5 13 1
1713 5 14 1
5532 5 15 1
6463 6 19 1
4759 6 18 1
3555 6 17 1
3346 6 16 1
1271 6 12 1
2269 6 13 1
6146 6 14 1
4239 6 15 1
5680 7 19 1
5215 7 18 1
2362 7 17 1
3399 7 16 1
4268 7 12 1
1715 7 13 1
1092 7 14 1
437 7 15 1
2591 8 19 1
308 8 18 1
5323 8 17 1
1510 8 16 1
2376 8 14 1
1813 8 15 1
5244 9 19 1
4946 9 18 1
3967 9 17 1
2549 9 16 1
4640 9 14 1
4116 9 15 1
611 11 19 1
5825 10 19 1
3243 11 18 1
906 10 18 1
2124 11 17 1
3942 10 17 1
4171 14 19 1
4111 13 19 1
3800 12 19 1
3519 14 18 1
4632 13 18 1
1632 12 18 1
3986 14 17 1
1401 13 17 1
2837 12 17 1
6498 19 19 1
460 18 19 1
4197 17 19 1
1018 16 19 1
4093 15 19 1
478 19 18 1
1245 18 18 1
3831 17 18 1
1577 16 18 1
3769 15 18 1
3692 19 17 1
6294 18 17 1
3655 17 17 1
936 16 17 1
492 15 17 1
2421 19 16 1
3165 18 16 1
3991 17 16 1
2747 16 16 1
3869 15 16 1
2385 14 16 1
398 13 16 1
5130 12 16 1
2268 11 16 1
5261 10 16 1
4762 19 12 1
1748 19 13 1
1825 19 14 1
1759 19 15 1
5838 18 12 1
5987 18 13 1
4223 18 14 1
2729 18 15 1
6281 17 12 1
6224 17 13 1
6555 17 14 1
5774 17 15 1
5385 16 12 1
1458 16 13 1
6323 16 14 1
5238 16 15 1
4934 15 12 1
5551 15 13 1
4061 15 14 1
1653 15 15 1
3502 14 12 1
1354 14 13 1
467 14 14 1
4687 14 15 1
623 13 12 1
6470 13 13 1
4029 13 14 1
671 13 15 1
3278 12 15 1
3701 11 15 1
5324 10 15 1
5679 12 14 1
464 11 14 1
4864 10 14 1
5209 12 13 1
4416 11 13 1
3417 10 13 1
3714 9 13 1
5219 12 12 1
599 11 12 1
1132 10 12 1
3318 9 12 1
5685 12 11 1
123 11 11 1
628 10 11 1
3789 9 11 1
1756 12 10 1
6430 11 10 1
2309 10 10 1
5279 9 10 1
3615 12 9 1
1595 11 9 1
4872 10 9 1
2930 9 9 1
6255 9 8 1
5160 9 7 1
3043 9 6 1
4124 9 5 1
6344 9 4 1
6267 9 3 1
5242 9 2 1
5024 9 1 1
2723 9 0 1
4694 12 8 1
1810 11 8 1
3461 10 8 1
1241 12 7 1
6297 11 7 1
2062 10 7 1
5440 12 6 1
3031 11 6 1
4774 10 6 1
1450 13 11 1
5701 13 10 1
5065 13 9 1
5418 14 11 1
3722 14 10 1
4761 14 9 1
2877 15 11 1
749 15 10 1
3283 15 9 1
2170 19 11 1
3705 18 11 1
1363 17 11 1
1194 16 11 1
6250 19 10 1
2907 18 10 1
1134 17 10 1
6599 16 10 1
2641 19 9 1
5933 18 9 1
6568 17 9 1
2711 16 9 1
3495 19 8 1
3712 18 8 1
775 17 8 1
2528 16 8 1
4831 15 8 1
6386 14 8 1
1855 13 8 1
4231 19 7 1
3619 18 7 1
3715 17 7 1
895 16 7 1
4172 15 7 1
2456 14 7 1
2115 13 7 1
1804 19 6 1
3053 18 6 1
5314 17 6 1
6126 16 6 1
1672 15 6 1
3145 14 6 1
3386 13 6 1
476 19 5 1
5729 18 5 1
4787 17 5 1
2544 16 5 1
5898 15 5 1
5387 14 5 1
584 13 5 1
4210 12 5 1
821 11 5 1
5589 10 5 1
5833 19 4 1
2090 18 4 1
5737 17 4 1
1048 16 4 1
1418 15 4 1
1360 14 4 1
2677 13 4 1
3601 12 4 1
416 11 4 1
737 10 4 1
6523 19 0 1
6046 19 1 1
2330 19 2 1
4606 19 3 1
1609 18 0 1
6121 18 1 1
1690 18 2 1
6460 18 3 1
4562 17 0 1
1591 17 1 1
4711 17 2 1
456 17 3 1
311 16 0 1
270 16 1 1
2329 16 2 1
4392 16 3 1
1226 15 0 1
5894 15 1 1
101 15 2 1
4840 15 3 1
5473 14 0 1
2650 14 1 1
2787 14 2 1
1979 14 3 1
3141 13 0 1
2562 13 1 1
1164 13 2 1
562 13 3 1
6306 12 0 1
1771 12 1 1
1351 12 2 1
1944 12 3 1
5603 11 0 1
2445 11 1 1
3324 11 2 1
5507 11 3 1
6125 10 3 1
590 10 2 1
683 10 1 1
1237 10 0 1
3977 11 0 30
828 11 1 30
1741 11 2 30
2160 12 0 32
2415 12 1 32
5999 12 2 32
384 14 0 33
1088 14 1 33
6600 14 2 33
3739 13 0 33
6202 13 1 33
371 13 2 33
3220 15 0 34
5123 15 1 34
2686 15 2 34
3335 16 0 35
1716 16 1 35
5723 16 2 35
1306 17 0 37
3387 17 1 37
4156 17 2 37
2569 18 0 38
5796 18 1 38
4319 18 2 38
662 19 0 39
638 19 1 39
6037 19 2 39
3857 19 3 39
3500 18 3 39
2612 17 3 39
2554 16 3 39
6478 15 3 39
5393 14 3 39
5482 13 3 39
5486 12 3 39
1872 11 3 39
6591 19 4 41
3264 18 4 41
2731 17 4 41
2151 16 4 41
3946 15 4 41
3290 14 4 41
6155 13 4 41
6289 12 4 41
4807 11 4 41
338 19 5 43
3931 18 5 43
342 17 5 43
916 16 5 43
4645 15 5 43
380 14 5 43
1815 19 6 44
310 18 6 44
3801 17 6 44
1171 16 6 44
1167 15 6 44
1403 14 6 44
4349 19 8 46
45 18 8 46
4301 17 8 46
836 19 7 46
2798 18 7 46
1727 17 7 46
1605 16 7 46
4363 15 7 46
4284 14 7 46
533 19 11 47
2600 18 11 47
531 17 11 47
2173 16 11 47
1973 19 10 47
5404 18 10 47
3287 17 10 47
2245 16 10 47
3067 19 9 47
4386 18 9 47
3630 17 9 47
1948 15 11 49
5523 15 10 49
1661 13 11 50
4043 13 10 50
5382 13 9 50
3658 14 11 50
3918 14 10 50
3533 14 9 50
3888 15 9 50
6390 16 9 50
5355 16 8 50
2831 15 8 50
5264 14 8 50
1624 13 8 50
1083 13 7 50
2463 13 6 50
5249 13 5 50
6425 12 5 50
3241 11 5 50
6505 12 7 51
439 11 7 51
2147 12 6 51
5815 11 6 51
4526 12 8 52
5563 11 8 52
6284 10 8 52
1335 10 7 52
3855 10 6 52
5439 12 9 54
3123 11 9 54
4664 10 9 54
299 12 11 55
5516 11 11 55
5572 10 11 55
4364 12 10 55
3839 11 10 55
1374 10 10 55
5561 12 13 56
158 11 13 56
603 12 12 56
1292 11 12 56
2044 10 12 56
5136 12 14 57
6501 11 14 57
5924 13 12 58
4972 13 13 58
5304 13 14 58
1623 15 12 59
4643 15 13 59
4784 15 14 59
822 14 12 59
988 14 13 59
847 14 14 59
3339 16 12 60
5709 16 13 60
6418 16 14 60
3085 17 12 61
29 17 13 61
6204 17 14 61
4924 18 12 62
3664 18 13 62
2629 18 14 62
5610 19 12 63
2617 19 13 63
5295 19 14 63
4723 19 15 63
3474 19 16 64
3307 18 16 64
820 17 16 64
3638 16 16 64
6569 19 17 65
6511 18 17 65
6019 17 17 65
4634 16 17 65
2967 18 15 65
6034 17 15 65
35 16 15 65
1708 15 15 65
6159 14 15 65
3521 13 15 65
3360 12 15 65
300 11 15 65
4728 19 19 67
3327 18 19 67
1487 17 19 67
3836 16 19 67
569 15 19 67
288 19 18 67
4703 18 18 67
3471 17 18 67
4083 16 18 67
445 15 18 67
2525 15 17 67
3668 15 16 67
3297 14 16 67
3924 13 16 67
4019 14 17 68
1155 13 17 68
4203 14 19 69
4998 13 19 69
2186 12 19 69
3457 14 18 69
2761 13 18 69
2676 12 18 69
1372 12 17 69
4084 11 18 70
5752 11 17 70
4035 9 19 71
3068 9 18 71
3922 9 17 71
4888 9 16 71
183 9 14 71
5126 11 19 71
5715 10 19 71
6070 10 18 71
720 10 17 71
2922 8 19 72
4763 8 18 72
5655 8 17 72
4461 8 16 72
3094 8 14 72
1876 7 12 73
1566 7 13 73
5153 7 14 73
1593 5 12 74
5768 5 13 74
4757 5 14 74
106 6 19 74
3941 6 18 74
1276 6 17 74
351 6 16 74
103 6 12 74
2154 6 13 74
5653 6 14 74
5648 7 19 74
947 7 18 74
5197 7 17 74
586 7 16 74
6174 5 19 75
2903 5 18 75
4115 5 17 75
1406 5 16 75
5296 4 19 76
2674 4 18 76
4147 4 17 76
4697 4 16 76
785 4 12 76
4334 4 13 76
3252 4 14 76
3750 3 9 78
1252 3 10 78
5171 5 9 79
3856 5 10 79
3730 4 9 79
3835 4 10 79
450 2 8 80
2439 2 9 80
4952 2 10 80
99 2 11 80
1899 2 12 80
4648 2 13 80
2012 6 9 80
6144 6 10 80
6129 6 11 80
4190 5 11 80
5491 4 11 80
271 3 11 80
2368 3 12 80
6055 3 13 80
2306 15 0 80
915 15 1 80
3617 15 2 80
4618 1 8 82
6507 1 9 82
3653 1 10 82
2326 1 11 82
5040 1 12 82
5367 1 13 82
5889 0 8 84
2767 0 9 84
2396 0 10 84
6594 0 11 84
3373 0 12 84
5525 0 13 84
1501 0 14 84
4376 1 14 84
2383 19 9 84
670 18 9 84
5556 17 9 84
4945 2 19 85
2272 2 18 85
5243 2 17 85
3186 2 16 85
496 3 19 85
589 3 18 85
1974 3 17 85
3276 3 16 85
4483 2 14 85
2237 0 19 86
3183 0 18 86
3824 0 17 86
3450 0 16 86
4200 0 15 86
3003 1 19 86
5928 1 18 86
435 1 17 86
5909 1 16 86
2782 1 15 86
6354 2 15 86
798 13 0 86
5495 13 1 86
4297 13 2 86
1601 14 11 87
4450 14 10 87
1461 8 13 88
6108 8 12 88
6375 8 11 88
4746 8 10 88
2532 8 9 88
6516 8 8 88
1760 8 7 88
336 8 6 88
2808 19 0 88
4950 19 1 88
5064 19 2 88
4948 19 3 88
1409 7 11 89
3727 7 10 89
4096 7 9 89
2795 7 8 89
5490 7 7 89
1013 7 6 89
3222 19 5 89
4514 18 5 89
4623 17 5 89
4291 16 5 89
6330 15 5 89
6343 14 5 89
169 18 4 89
4143 17 4 89
3899 16 4 89
6415 15 4 89
890 14 4 89
1772 13 4 89
2059 12 4 89
673 11 4 89
3878 6 8 90
516 6 7 90
1280 6 6 90
5412 6 5 90
1859 19 10 90
5190 18 10 90
4320 17 10 90
2597 7 4 91
6275 7 3 91
1827 7 2 91
6128 7 1 91
1369 8 4 91
5114 8 3 91
6176 8 2 91
6398 8 1 91
2254 7 5 91
3559 8 5 91
3282 12 12 91
3429 11 12 91
3433 10 12 91
3880 12 6 91
6332 11 6 91
323 6 4 92
175 6 3 92
5351 6 2 92
2308 6 1 92
2103 11 0 92
5455 11 1 92
2718 11 2 92
5106 5 8 93
2978 5 7 93
3274 5 6 93
3985 5 5 93
1119 3 14 93
1098 3 15 93
4886 11 13 93
6122 10 8 93
4960 10 7 93
3409 10 6 93
5536 13 10 93
1365 13 9 93
6031 14 9 93
3334 15 11 93
1935 15 10 93
1940 15 9 93
182 16 10 93
3007 16 9 93
6357 16 8 93
5135 15 8 93
825 14 8 93
6326 13 8 93
4714 18 6 93
3671 17 6 93
4313 16 6 93
3990 15 6 93
2658 14 6 93
231 18 2 93
14006 milli sec 
point:460425
