740
112 4 6 1
4191 4 7 1
2545 4 8 1
3761 5 9 1
2595 5 6 1
2300 5 7 1
2969 5 8 1
1690 6 9 1
229 6 6 1
1257 6 7 1
3623 6 8 1
4091 7 9 1
841 7 6 1
748 7 7 1
3779 7 8 1
2905 8 9 1
1562 8 4 1
2108 8 5 1
1840 8 6 1
3489 8 7 1
3724 8 8 1
1587 9 9 1
667 9 4 1
1342 9 5 1
3552 9 6 1
3812 9 7 1
2012 9 8 1
3 10 9 1
661 0 8 1
61 0 7 1
3832 0 6 1
2248 0 5 1
4262 0 4 1
1983 0 0 1
4153 0 1 1
1387 0 2 1
1724 0 3 1
224 1 8 1
3907 1 7 1
889 1 6 1
778 1 5 1
403 1 4 1
2796 1 0 1
1272 1 1 1
2234 1 2 1
175 1 3 1
1482 2 8 1
4159 2 7 1
3060 2 6 1
1547 2 5 1
3239 2 4 1
3315 2 0 1
375 2 1 1
258 2 2 1
2344 2 3 1
3216 3 8 1
31 3 7 1
816 3 6 1
1955 3 5 1
3370 3 4 1
3838 3 0 1
2321 3 1 1
3446 3 2 1
1773 3 3 1
576 4 5 1
2028 4 4 1
3903 4 0 1
3999 4 1 1
1163 4 2 1
772 4 3 1
4000 5 5 1
1658 5 4 1
194 5 0 1
2480 5 1 1
3915 5 2 1
2279 5 3 1
1280 6 5 1
2532 6 4 1
4310 6 0 1
2438 6 1 1
2181 6 2 1
1567 6 3 1
2539 7 5 1
1997 7 4 1
1303 7 0 1
3273 7 1 1
3242 7 2 1
1135 7 3 1
1683 8 0 1
3617 8 1 1
2036 8 2 1
490 8 3 1
4189 9 0 1
1034 9 1 1
104 9 2 1
3857 9 3 1
13 10 0 1
1908 10 1 1
2932 10 2 1
2063 10 3 1
1619 10 4 1
3414 10 5 1
1443 10 6 1
1869 10 7 1
1844 10 8 1
2398 11 9 1
3135 11 0 1
3283 11 1 1
993 11 2 1
4287 11 3 1
811 11 4 1
3811 11 5 1
1318 11 6 1
3388 11 7 1
1942 11 8 1
2830 12 11 1
1603 12 10 1
4223 12 9 1
352 12 0 1
333 12 1 1
1967 12 2 1
1496 12 3 1
351 12 4 1
1636 12 5 1
1545 12 6 1
3898 12 7 1
2511 12 8 1
3150 13 11 1
2817 13 10 1
1551 13 9 1
3947 13 0 1
3381 13 1 1
3980 13 2 1
384 13 3 1
3080 13 4 1
3465 13 5 1
3544 13 6 1
362 13 7 1
578 13 8 1
1589 14 11 1
22 14 10 1
1365 14 9 1
3513 14 5 1
2572 14 6 1
3921 14 7 1
1755 14 8 1
1787 0 19 1
679 0 18 1
3359 0 17 1
452 0 16 1
17 0 15 1
1563 0 14 1
3298 0 9 1
2668 0 10 1
2207 0 11 1
1047 0 12 1
1033 0 13 1
3974 1 19 1
1938 1 18 1
3072 1 17 1
4028 1 16 1
2392 1 15 1
4017 1 14 1
3454 1 9 1
1155 1 10 1
3914 1 11 1
3305 1 12 1
1291 1 13 1
1854 2 19 1
497 2 18 1
2789 2 17 1
3355 2 16 1
2745 2 15 1
3992 2 14 1
373 2 9 1
4186 2 10 1
1907 2 11 1
205 2 12 1
914 2 13 1
2724 3 19 1
3586 3 18 1
1943 3 17 1
1292 3 16 1
3823 3 15 1
1435 3 14 1
179 3 9 1
1931 3 10 1
1190 3 11 1
4112 3 12 1
3958 3 13 1
3582 4 19 1
3550 4 18 1
402 4 17 1
404 4 16 1
1434 4 15 1
1092 4 14 1
4390 4 9 1
159 4 10 1
76 4 11 1
2795 4 12 1
3013 4 13 1
3155 5 19 1
1104 5 18 1
2104 5 17 1
3205 5 16 1
1392 5 15 1
439 5 14 1
3210 5 10 1
1110 5 11 1
3134 5 12 1
1656 5 13 1
1713 6 15 1
3972 6 14 1
2763 6 10 1
1637 6 11 1
3444 6 12 1
2267 6 13 1
3872 7 15 1
1842 7 14 1
1916 7 10 1
3578 7 11 1
833 7 12 1
3456 7 13 1
2659 8 15 1
2000 8 14 1
3371 8 10 1
3666 8 11 1
1960 8 12 1
4174 8 13 1
3750 9 15 1
2001 9 14 1
1989 9 10 1
526 9 11 1
4326 9 12 1
3934 9 13 1
4115 6 19 1
2145 6 18 1
1286 6 17 1
3530 6 16 1
3614 7 19 1
277 7 18 1
2153 7 17 1
2056 7 16 1
3461 8 19 1
3579 8 18 1
2306 8 17 1
4118 8 16 1
941 9 19 1
4299 9 18 1
575 9 17 1
1691 9 16 1
4316 10 19 1
2376 10 18 1
2505 10 17 1
3948 10 16 1
2494 10 15 1
3795 10 14 1
1319 10 10 1
3286 10 11 1
393 10 12 1
2751 10 13 1
3328 11 19 1
584 11 18 1
259 11 17 1
371 11 16 1
2577 11 15 1
4194 11 14 1
617 11 10 1
724 11 11 1
2716 11 12 1
1075 11 13 1
1251 12 19 1
1677 12 18 1
418 12 17 1
2422 12 16 1
1774 12 15 1
3508 12 14 1
2758 12 13 1
1358 12 12 1
1575 13 19 1
3405 13 18 1
4234 13 17 1
887 13 16 1
1754 13 15 1
1345 13 14 1
1640 13 13 1
2962 13 12 1
1174 14 19 1
3888 14 18 1
3543 14 17 1
2742 14 16 1
789 14 15 1
3197 14 14 1
1402 14 13 1
3428 14 12 1
3821 15 19 1
3609 15 18 1
2814 15 17 1
3632 15 16 1
903 15 15 1
3338 15 14 1
3939 15 13 1
3153 15 12 1
2752 19 19 1
3156 18 19 1
3581 17 19 1
2495 16 19 1
2657 19 18 1
487 18 18 1
827 17 18 1
3833 16 18 1
3311 19 17 1
2320 18 17 1
4150 17 17 1
2688 16 17 1
2278 19 16 1
3287 18 16 1
3551 17 16 1
3895 16 16 1
2504 19 15 1
1300 18 15 1
2578 17 15 1
1598 16 15 1
283 19 14 1
1308 18 14 1
612 17 14 1
372 16 14 1
1928 19 13 1
46 18 13 1
2070 17 13 1
316 16 13 1
1703 19 12 1
3175 18 12 1
3326 17 12 1
1910 16 12 1
3026 19 11 1
2780 18 11 1
2458 17 11 1
2397 16 11 1
845 15 11 1
2568 19 10 1
3285 18 10 1
1368 17 10 1
2196 16 10 1
544 15 10 1
2492 19 9 1
2323 18 9 1
3237 17 9 1
1557 16 9 1
2798 15 9 1
3310 19 8 1
2017 18 8 1
1364 17 8 1
1631 16 8 1
1073 15 8 1
3753 19 7 1
2720 18 7 1
4135 17 7 1
1386 16 7 1
1537 15 7 1
88 19 6 1
690 18 6 1
3621 17 6 1
1101 16 6 1
2863 15 6 1
4138 19 5 1
2405 18 5 1
2884 17 5 1
1817 16 5 1
3956 15 5 1
2085 19 4 1
3022 18 4 1
4301 17 4 1
749 16 4 1
269 15 4 1
4273 14 4 1
2421 19 3 1
1505 18 3 1
3049 17 3 1
2019 16 3 1
3424 15 3 1
3663 14 3 1
2338 19 2 1
2307 18 2 1
2371 17 2 1
741 16 2 1
1680 15 2 1
1384 14 2 1
1570 19 1 1
3622 18 1 1
242 17 1 1
1359 16 1 1
2460 15 1 1
4365 14 1 1
249 19 0 1
1535 18 0 1
4306 17 0 1
3596 16 0 1
1006 15 0 1
861 14 0 1
2420 19 0 27
1086 18 0 27
2624 17 0 27
1863 16 0 27
2166 15 0 27
1103 19 1 29
3733 18 1 29
2953 17 1 29
3502 16 1 29
3251 15 1 29
4361 19 2 32
3168 18 2 32
692 17 2 32
686 16 2 32
4082 15 2 32
4251 19 3 33
771 18 3 33
1381 17 3 33
1445 16 3 33
2471 15 3 33
2658 19 4 34
3475 18 4 34
3776 17 4 34
1290 16 4 34
4188 19 5 36
126 18 5 36
4209 17 5 36
4382 16 5 36
3093 19 6 38
4410 18 6 38
3626 17 6 38
1803 16 6 38
837 19 8 40
282 18 8 40
3929 17 8 40
192 16 8 40
1530 19 7 40
513 18 7 40
210 17 7 40
2211 16 7 40
658 19 10 41
3645 18 10 41
1532 17 10 41
3157 16 10 41
1156 19 9 41
3594 18 9 41
1197 17 9 41
2005 16 9 41
1061 19 11 42
3538 18 11 42
3374 17 11 42
3778 19 13 44
3016 18 13 44
3334 17 13 44
4399 19 12 44
4139 18 12 44
1311 17 12 44
2228 19 14 45
423 18 14 45
2757 17 14 45
2474 19 15 46
1665 18 15 46
2907 17 15 46
2031 19 17 47
4043 18 17 47
1214 17 17 47
2282 19 16 47
2396 18 16 47
3828 17 16 47
1488 19 18 48
3409 18 18 48
3862 17 18 48
1044 19 19 49
3280 18 19 49
2631 17 19 49
3866 16 19 49
2448 16 18 49
294 16 17 49
3377 16 16 49
1579 16 15 49
3346 16 14 49
1918 16 13 49
1305 15 19 50
1552 15 18 50
1742 15 17 50
1064 15 16 50
1860 15 15 50
1601 15 14 50
782 15 13 50
3485 14 19 51
4121 14 18 51
2322 14 17 51
3590 14 16 51
2119 14 15 51
3565 14 14 51
137 14 13 51
1780 13 19 52
4143 13 18 52
2497 13 17 52
3169 13 16 52
1476 13 15 52
3276 13 14 52
660 13 13 52
3006 12 19 54
3887 12 18 54
2299 12 17 54
3601 12 16 54
3987 12 15 54
1438 12 14 54
2915 11 10 56
3054 11 11 56
1679 11 12 56
883 10 10 57
3281 10 11 57
2628 10 12 57
2992 11 19 57
3936 11 18 57
3952 11 17 57
4063 11 16 57
2609 11 15 57
2636 11 14 57
2372 10 19 58
2356 10 18 58
3598 10 17 58
3653 7 19 59
3945 7 18 59
1336 7 17 59
3269 8 19 59
2684 8 18 59
1710 8 17 59
4267 9 19 59
459 9 18 59
1859 9 17 59
1081 9 10 60
3631 9 11 60
1693 9 12 60
918 6 19 60
1080 6 18 60
1233 6 17 60
3037 6 16 60
358 7 16 60
3015 8 16 60
1612 9 16 60
3925 10 16 60
3890 10 15 60
3738 10 14 60
1170 9 15 61
433 9 14 61
1571 7 15 62
1480 7 14 62
3957 7 10 62
657 7 11 62
2003 7 12 62
3214 8 15 62
2261 8 14 62
135 8 10 62
3408 8 11 62
2756 8 12 62
293 6 10 63
3096 6 11 63
3950 6 12 63
3187 6 15 64
420 6 14 64
3606 5 19 65
2559 5 18 65
1728 5 17 65
1623 5 16 65
3161 5 15 65
2185 5 14 65
2489 5 10 65
1442 5 11 65
3229 5 12 65
1795 4 9 66
468 4 10 66
2403 4 11 66
528 4 12 66
2914 4 19 68
1107 4 18 68
1490 4 17 68
2889 4 16 68
1606 4 15 68
4300 4 14 68
963 3 9 69
3121 3 10 69
3735 3 11 69
1607 3 12 69
1671 3 19 70
1032 3 18 70
2851 3 17 70
764 3 16 70
4120 3 15 70
4140 3 14 70
1771 2 9 71
4308 2 10 71
1106 2 11 71
3570 2 12 71
2072 2 19 72
1924 2 18 72
3535 2 17 72
2973 2 16 72
367 2 15 72
3050 2 14 72
3453 1 9 73
797 1 10 73
3290 1 11 73
3605 1 12 73
4386 0 9 75
3207 0 10 75
2432 0 11 75
714 0 12 75
2272 1 19 75
1382 1 18 75
2395 1 17 75
227 1 16 75
332 1 15 75
1704 1 14 75
3679 0 19 76
1137 0 18 76
535 0 17 76
3825 0 16 76
4220 0 15 76
1786 0 14 76
899 0 13 76
954 1 13 76
3723 2 13 76
4249 3 13 76
3880 4 13 76
1310 14 11 77
1546 14 10 77
653 14 9 77
3423 14 5 77
1165 14 6 77
2351 14 7 77
4201 13 11 78
2885 13 10 78
753 13 9 78
3003 13 0 78
4221 13 1 78
4327 13 2 78
1407 13 3 78
2832 13 4 78
3190 13 5 78
1515 13 6 78
2865 13 7 78
1890 12 11 80
2690 12 10 80
1208 12 9 80
2765 12 0 80
4066 12 1 80
1503 12 2 80
3252 12 3 80
967 12 4 80
1902 12 5 80
3429 12 6 80
3078 12 7 80
2998 19 7 82
1378 18 7 82
2238 17 7 82
123 16 7 82
3785 11 9 83
1947 11 0 83
1957 11 1 83
1114 11 2 83
2903 11 3 83
3259 11 4 83
289 11 5 83
507 11 6 83
2831 11 7 83
3040 10 0 84
3976 10 1 84
27 10 2 84
177 9 0 85
4240 9 1 85
467 9 2 85
247 8 0 86
555 8 1 86
2481 8 2 86
4059 6 0 87
2800 6 1 87
3369 6 2 87
3018 7 5 87
3014 7 4 87
1043 7 0 87
3810 7 1 87
1088 7 2 87
1315 6 5 88
2513 6 4 88
611 19 9 88
872 18 9 88
4348 17 9 88
446 16 9 88
3319 5 5 89
2193 5 4 89
291 5 0 89
3574 5 1 89
3076 5 2 89
2646 19 1 89
376 18 1 89
3470 17 1 89
1049 16 1 89
1757 15 1 89
3117 4 5 90
4058 4 4 90
786 4 0 90
2055 4 1 90
1857 4 2 90
2149 3 8 91
3542 3 7 91
4122 3 6 91
3368 3 5 91
149 3 4 91
3116 3 0 91
2192 3 1 91
2891 3 2 91
4320 6 12 91
1192 18 18 91
830 17 18 91
2054 17 8 91
2623 16 8 91
4208 19 6 91
3768 18 6 91
2827 17 6 91
2791 16 6 91
649 2 0 92
622 2 1 92
726 2 2 92
1253 15 19 92
2484 15 18 92
280 15 17 92
2431 15 16 92
2641 15 15 92
1041 15 14 92
2423 15 13 92
2850 18 4 92
4205 17 4 92
1963 16 4 92
161 17 3 92
2286 16 3 92
1346 15 3 92
1614 2 8 93
9825 milli sec 
point:408450
