715
1998 0 6 1
2843 0 5 1
1164 0 4 1
737 0 3 1
1001 0 2 1
1225 0 1 1
1990 0 0 1
897 1 6 1
95 1 5 1
3405 1 4 1
3215 1 3 1
1554 1 2 1
3427 1 1 1
2229 1 0 1
1801 2 6 1
164 2 5 1
59 2 4 1
702 2 3 1
534 2 2 1
2073 2 1 1
1127 2 0 1
2112 3 6 1
576 3 5 1
2550 3 4 1
967 3 3 1
1541 3 2 1
349 3 1 1
1827 3 0 1
2638 4 6 1
1415 4 5 1
2973 4 4 1
966 4 3 1
3139 4 2 1
2276 4 1 1
1588 4 0 1
1631 5 6 1
3730 5 5 1
2059 5 4 1
634 5 3 1
670 5 2 1
1439 5 1 1
2790 5 0 1
598 6 6 1
1869 6 5 1
133 6 4 1
1815 6 3 1
3647 6 2 1
1390 6 1 1
647 6 0 1
1195 7 6 1
1455 7 5 1
1910 7 4 1
3220 7 3 1
919 7 2 1
2861 7 1 1
1807 7 0 1
1846 8 6 1
1557 8 5 1
2602 8 4 1
747 8 3 1
2996 8 2 1
3298 8 1 1
2911 8 0 1
1718 0 12 1
3525 0 11 1
1096 0 10 1
87 0 9 1
2916 0 7 1
1615 0 8 1
2384 1 12 1
1573 1 11 1
942 1 10 1
100 1 9 1
2757 1 7 1
894 1 8 1
3076 2 12 1
2230 2 11 1
974 2 10 1
2096 2 9 1
2468 2 7 1
862 2 8 1
2579 3 12 1
578 3 11 1
2460 3 10 1
1791 3 9 1
422 3 7 1
581 3 8 1
527 4 12 1
1066 4 11 1
2858 4 10 1
3181 4 9 1
1975 4 7 1
1510 4 8 1
2462 5 12 1
838 5 11 1
2879 5 10 1
704 5 9 1
842 5 7 1
481 5 8 1
3054 6 12 1
3644 6 11 1
2594 6 10 1
714 6 9 1
907 6 7 1
2998 6 8 1
366 7 12 1
2142 7 11 1
3701 7 10 1
3180 7 9 1
488 7 7 1
205 7 8 1
28 8 12 1
140 8 11 1
2478 8 10 1
3248 8 9 1
1422 8 7 1
2905 8 8 1
2436 9 12 1
1699 9 11 1
2754 9 10 1
1448 9 9 1
3261 9 7 1
1100 9 8 1
2233 0 19 1
830 0 18 1
1401 0 17 1
819 0 16 1
988 0 15 1
2654 0 13 1
2582 0 14 1
1360 1 19 1
2416 1 18 1
3066 1 17 1
3381 1 16 1
3431 1 15 1
33 1 13 1
2845 1 14 1
1435 2 19 1
1802 2 18 1
1795 2 17 1
918 2 16 1
3083 2 15 1
2223 2 13 1
1058 2 14 1
1871 3 19 1
368 3 18 1
3452 3 17 1
341 3 16 1
2800 3 15 1
3415 3 13 1
1514 3 14 1
2636 4 19 1
865 4 18 1
2924 4 17 1
3725 4 16 1
978 4 15 1
3383 4 13 1
1012 4 14 1
2528 5 19 1
554 5 18 1
563 5 17 1
928 5 16 1
2167 5 15 1
1895 5 13 1
1102 5 14 1
16 6 19 1
3285 6 18 1
2158 6 17 1
2788 6 16 1
2536 6 15 1
3131 6 13 1
3091 6 14 1
1470 7 19 1
2225 7 18 1
1619 7 17 1
3016 7 16 1
354 7 15 1
1799 7 13 1
2101 7 14 1
384 8 19 1
2960 8 18 1
2870 8 17 1
3407 8 16 1
3339 8 15 1
1694 8 13 1
2248 8 14 1
3498 9 19 1
1589 9 18 1
1994 9 17 1
4 9 16 1
3600 9 15 1
1859 9 13 1
663 9 14 1
2856 10 19 1
620 10 18 1
3137 10 17 1
3059 10 16 1
2048 10 15 1
903 10 14 1
1512 10 13 1
125 10 12 1
3683 10 11 1
1488 10 10 1
1757 10 9 1
973 10 7 1
196 10 8 1
1075 19 19 1
2089 18 19 1
2281 17 19 1
1762 16 19 1
3036 15 19 1
2562 14 19 1
2556 13 19 1
3031 12 19 1
2917 11 19 1
508 19 18 1
2902 18 18 1
3477 17 18 1
3387 16 18 1
834 15 18 1
588 14 18 1
217 13 18 1
2649 12 18 1
311 11 18 1
612 19 17 1
3252 18 17 1
762 17 17 1
1476 16 17 1
2783 15 17 1
3463 14 17 1
3105 13 17 1
1077 12 17 1
763 11 17 1
123 19 16 1
1638 18 16 1
1024 17 16 1
64 16 16 1
2413 15 16 1
3418 14 16 1
2337 13 16 1
1671 12 16 1
2909 11 16 1
1070 19 15 1
2831 18 15 1
1035 17 15 1
2454 16 15 1
3015 15 15 1
3469 14 15 1
507 13 15 1
1056 12 15 1
3104 11 15 1
318 19 14 1
550 18 14 1
3372 17 14 1
610 16 14 1
1777 15 14 1
2325 14 14 1
2216 13 14 1
3461 12 14 1
142 11 14 1
815 19 13 1
2519 18 13 1
1947 17 13 1
1046 16 13 1
2408 15 13 1
2323 14 13 1
3708 13 13 1
711 12 13 1
3467 11 13 1
2114 19 12 1
794 18 12 1
2995 17 12 1
3715 16 12 1
1753 15 12 1
332 14 12 1
108 13 12 1
374 12 12 1
1352 11 12 1
604 19 11 1
53 18 11 1
1579 17 11 1
1862 16 11 1
3295 15 11 1
1540 14 11 1
640 13 11 1
1715 12 11 1
539 11 11 1
3224 19 10 1
1452 18 10 1
877 17 10 1
1786 16 10 1
1927 15 10 1
3347 14 10 1
421 13 10 1
3483 12 10 1
2420 11 10 1
2729 19 9 1
2919 18 9 1
590 17 9 1
3046 16 9 1
1398 15 9 1
2516 14 9 1
2515 13 9 1
1620 12 9 1
749 11 9 1
2871 19 8 1
1604 18 8 1
601 17 8 1
802 16 8 1
1389 15 8 1
1931 14 8 1
3228 13 8 1
1109 12 8 1
1928 11 8 1
335 19 7 1
2288 18 7 1
1660 17 7 1
3344 16 7 1
1069 15 7 1
1466 14 7 1
3560 13 7 1
1000 12 7 1
591 11 7 1
2164 19 6 1
2162 18 6 1
44 17 6 1
805 16 6 1
1889 15 6 1
1650 14 6 1
1524 13 6 1
3249 12 6 1
2385 11 6 1
2980 10 6 1
733 9 6 1
1283 19 0 1
1813 19 1 1
188 19 2 1
529 19 3 1
3211 19 4 1
2227 19 5 1
856 18 0 1
1479 18 1 1
1566 18 2 1
1011 18 3 1
1808 18 4 1
2056 18 5 1
3312 17 0 1
3214 17 1 1
1684 17 2 1
2361 17 3 1
1129 17 4 1
1957 17 5 1
2774 16 0 1
1434 16 1 1
468 16 2 1
2133 16 3 1
314 16 4 1
94 16 5 1
3646 15 0 1
964 15 1 1
3430 15 2 1
2953 15 3 1
912 15 4 1
2585 15 5 1
681 14 0 1
2193 14 1 1
1765 14 2 1
3626 14 3 1
2506 14 4 1
345 14 5 1
1880 13 5 1
3685 12 5 1
3241 11 5 1
2553 10 5 1
2709 9 5 1
3518 13 4 1
2322 12 4 1
490 11 4 1
3307 10 4 1
456 9 4 1
1513 13 3 1
3337 12 3 1
1522 11 3 1
1048 10 3 1
2185 9 3 1
2115 13 2 1
1038 12 2 1
1692 11 2 1
732 10 2 1
891 9 2 1
1578 13 1 1
499 12 1 1
1172 11 1 1
2712 10 1 1
2713 9 1 1
778 13 0 1
1215 12 0 1
77 11 0 1
3554 10 0 1
40 9 0 1
369 13 0 25
2844 12 0 25
2400 11 0 25
1299 10 0 25
925 13 1 28
2382 12 1 28
926 11 1 28
3490 10 1 28
2929 13 2 29
2900 12 2 29
2320 11 2 29
2355 10 2 29
1983 13 3 31
3074 12 3 31
2035 11 3 31
538 10 3 31
1970 13 4 33
1804 12 4 33
2779 11 4 33
50 10 4 33
370 14 0 35
2670 14 1 35
1538 14 2 35
1354 14 3 35
2827 14 4 35
2622 15 0 36
3210 15 1 36
633 15 2 36
1789 15 3 36
1836 15 4 36
3409 16 0 38
372 16 1 38
3657 16 2 38
89 16 3 38
3623 16 4 38
949 17 0 39
958 17 1 39
11 17 2 39
667 17 3 39
2350 17 4 39
1356 18 0 42
2135 18 1 42
2852 18 2 42
2014 18 3 42
2822 18 4 42
2791 19 0 43
2155 19 1 43
1703 19 2 43
2482 19 3 43
3533 19 4 43
316 19 5 43
2547 18 5 43
3391 19 6 46
1755 18 6 46
1856 17 6 46
3101 16 6 46
1864 15 6 46
1163 14 6 46
1467 13 6 46
1851 12 6 46
2935 19 7 48
2302 18 7 48
208 17 7 48
3531 16 7 48
1413 15 7 48
269 14 7 48
2117 13 7 48
1498 12 7 48
2210 19 8 50
110 18 8 50
2179 17 8 50
2240 16 8 50
1358 15 8 50
1758 14 8 50
96 13 8 50
491 12 8 50
3548 19 9 52
2336 18 9 52
1820 17 9 52
1854 16 9 52
2268 15 9 52
2886 14 9 52
1462 13 9 52
2405 12 9 52
1232 19 10 53
2990 18 10 53
1284 17 10 53
717 16 10 53
879 15 10 53
3112 14 10 53
3648 13 10 53
2598 12 10 53
3564 19 11 55
2538 18 11 55
174 17 11 55
2542 16 11 55
1825 15 11 55
1806 14 11 55
1218 13 11 55
701 12 11 55
2970 19 12 58
276 18 12 58
2126 17 12 58
934 16 12 58
3500 15 12 58
2807 14 12 58
2693 13 12 58
3478 12 12 58
1149 19 13 59
131 18 13 59
636 17 13 59
2846 16 13 59
324 15 13 59
2023 14 13 59
906 13 13 59
483 12 13 59
3206 19 14 61
999 18 14 61
3279 17 14 61
1061 16 14 61
230 15 14 61
1016 14 14 61
2648 13 14 61
2443 12 14 61
2358 19 15 63
2273 18 15 63
2075 17 15 63
3419 16 15 63
2184 15 15 63
1477 14 15 63
504 13 15 63
1614 12 15 63
2473 19 16 65
1752 18 16 65
2456 17 16 65
1130 16 16 65
380 15 16 65
264 14 16 65
1657 13 16 65
3018 12 16 65
3625 19 17 66
116 18 17 66
2955 17 17 66
2944 16 17 66
3547 15 17 66
2272 14 17 66
1643 13 17 66
2574 12 17 66
3023 19 18 68
1059 18 18 68
513 17 18 68
2172 16 18 68
858 15 18 68
1621 14 18 68
3309 13 18 68
1992 12 18 68
3444 19 19 69
3367 18 19 69
3221 17 19 69
80 16 19 69
286 15 19 69
3619 14 19 69
317 13 19 69
1307 12 19 69
3695 11 19 69
2061 11 18 69
2250 11 17 69
2809 11 16 69
3226 11 15 69
1429 11 14 69
206 11 13 69
1748 11 12 69
2847 11 11 69
3513 10 7 70
3576 10 19 71
2597 10 18 71
873 10 17 71
1258 10 16 71
2706 10 15 71
938 8 13 72
267 9 19 72
2920 9 18 72
2373 9 17 72
265 9 16 72
1146 9 15 72
35 9 13 72
1374 8 19 73
2933 8 18 73
1256 8 17 73
2676 8 16 73
2663 8 15 73
2314 7 13 74
1495 6 13 75
1592 7 19 75
1131 7 18 75
556 7 17 75
2213 7 16 75
3375 7 15 75
1312 5 19 76
1985 5 18 76
2698 5 17 76
3659 5 16 76
2792 5 15 76
1339 5 13 76
1948 6 19 76
2397 6 18 76
984 6 17 76
2985 6 16 76
2147 6 15 76
3395 4 13 77
568 3 13 78
1810 4 19 78
2120 4 18 78
2351 4 17 78
2425 4 16 78
1073 4 15 78
1830 2 13 80
1320 3 19 80
1036 3 18 80
1311 3 17 80
23 3 16 80
1809 3 15 80
3510 1 13 81
2008 2 19 81
3095 2 18 81
2419 2 17 81
213 2 16 81
1365 2 15 81
700 0 13 82
1708 1 19 82
1768 1 18 82
2485 1 17 82
1972 1 16 82
1110 1 15 82
1782 9 7 83
359 0 19 83
2530 0 18 83
2204 0 17 83
818 0 16 83
2028 0 15 83
2898 0 14 83
1586 1 14 83
2993 2 14 83
3064 3 14 83
1770 8 12 84
3093 8 11 84
758 8 10 84
742 8 9 84
2559 8 7 84
229 9 12 84
686 9 11 84
514 9 10 84
3523 9 9 84
3370 7 7 85
2646 6 12 86
730 6 11 86
2568 6 10 86
3480 6 9 86
43 6 7 86
2975 7 12 86
356 7 11 86
3289 7 10 86
2888 7 9 86
2799 16 0 86
3521 16 1 86
2366 16 2 86
543 16 3 86
395 16 4 86
653 13 4 86
2716 12 4 86
313 11 4 86
2584 10 4 86
338 5 7 87
256 4 7 88
866 5 12 88
1234 5 11 88
531 5 10 88
2946 5 9 88
3718 3 7 89
1773 4 12 89
1298 4 11 89
2247 4 10 89
2313 4 9 89
1419 17 1 89
1047 17 2 89
2997 17 3 89
167 17 4 89
3320 1 7 90
1666 2 12 90
2093 2 11 90
3148 2 10 90
1595 2 9 90
864 2 7 90
3582 3 12 90
2499 3 11 90
3382 3 10 90
1135 3 9 90
3022 17 10 90
379 16 10 90
2011 15 10 90
956 14 10 90
2424 13 10 90
1861 12 10 90
411 12 3 90
765 11 3 90
896 10 3 90
3587 13 2 90
1529 12 2 90
685 11 2 90
3129 10 2 90
3305 12 1 90
1029 11 1 90
809 10 1 90
3353 0 7 91
3374 1 12 91
8645 milli sec 
point:374150
