743
4571 0 6 1
5511 0 5 1
4419 0 4 1
2247 0 3 1
2743 1 6 1
5701 1 5 1
925 1 4 1
1363 1 3 1
2110 0 9 1
300 0 8 1
4332 0 7 1
52 1 9 1
3977 1 8 1
2078 1 7 1
285 2 9 1
4495 2 8 1
1257 2 7 1
1531 2 6 1
5334 5 9 1
1475 4 9 1
2104 3 9 1
809 5 8 1
768 4 8 1
595 3 8 1
2713 5 7 1
1833 4 7 1
3830 3 7 1
2661 5 6 1
4965 4 6 1
5967 3 6 1
4566 5 5 1
627 4 5 1
6065 3 5 1
4139 2 5 1
5437 3 4 1
5283 2 4 1
2445 7 9 1
4503 6 9 1
88 7 8 1
4537 6 8 1
5894 8 7 1
3489 7 7 1
685 6 7 1
195 8 9 1
4361 8 8 1
2131 10 9 1
3663 9 9 1
1968 10 8 1
5940 9 8 1
4572 8 13 1
1184 8 12 1
3854 8 10 1
3314 8 11 1
4623 9 13 1
2441 9 12 1
2552 9 10 1
4058 9 11 1
364 8 16 1
4940 8 14 1
291 8 15 1
4405 9 16 1
2515 9 14 1
2799 9 15 1
5273 10 16 1
2644 10 14 1
3796 10 15 1
695 11 17 1
2329 7 19 1
4550 4 17 1
2591 0 16 1
4461 0 14 1
1598 0 15 1
4529 1 16 1
558 1 14 1
1230 1 15 1
5836 0 19 1
1540 0 18 1
649 0 17 1
2905 1 19 1
968 1 18 1
621 1 17 1
3133 4 19 1
2315 3 19 1
4262 2 19 1
4565 4 18 1
5827 3 18 1
2241 2 18 1
2101 2 17 1
1033 2 16 1
2772 2 15 1
3300 3 17 1
4328 3 16 1
2732 0 10 1
2412 0 11 1
4542 0 12 1
3167 0 13 1
27 1 10 1
4266 1 11 1
3589 1 12 1
856 1 13 1
2577 2 10 1
6013 2 11 1
5847 2 12 1
707 2 13 1
575 2 14 1
1539 3 13 1
2160 3 14 1
3407 3 15 1
4805 7 12 1
4340 7 13 1
6058 6 12 1
865 6 13 1
1557 7 10 1
31 7 11 1
599 6 10 1
284 6 11 1
521 5 10 1
43 5 11 1
2896 5 12 1
3132 5 13 1
4255 3 10 1
909 3 11 1
5896 3 12 1
135 4 10 1
5417 4 11 1
1926 4 12 1
2124 4 13 1
2319 4 14 1
5565 4 15 1
3584 4 16 1
1589 6 19 1
534 5 19 1
4364 6 18 1
4652 5 18 1
452 6 17 1
1032 5 17 1
373 5 14 1
2157 5 15 1
1315 5 16 1
3779 6 14 1
3832 6 15 1
2562 6 16 1
1186 7 14 1
3952 7 15 1
4282 7 16 1
1136 7 17 1
5983 7 18 1
5608 8 19 1
3899 8 17 1
5328 8 18 1
5168 9 19 1
5381 9 17 1
2882 9 18 1
994 10 19 1
1585 10 17 1
163 10 18 1
1366 11 19 1
3813 11 18 1
5489 12 19 1
5819 12 18 1
1876 12 17 1
3967 14 19 1
1827 13 19 1
1618 14 18 1
3094 13 18 1
5350 19 19 1
3495 18 19 1
694 17 19 1
2317 16 19 1
3852 15 19 1
6038 19 18 1
2316 18 18 1
4270 17 18 1
3421 16 18 1
923 15 18 1
572 19 15 1
851 19 16 1
5100 19 17 1
3313 18 15 1
4149 18 16 1
792 18 17 1
3349 17 15 1
3411 17 16 1
3058 17 17 1
3939 16 17 1
2265 15 17 1
2608 14 17 1
4863 13 17 1
1520 16 16 1
3429 15 16 1
836 14 16 1
816 13 16 1
2869 12 16 1
2144 11 16 1
3256 16 15 1
5303 15 15 1
3821 14 15 1
4237 13 15 1
3518 12 15 1
812 11 15 1
238 13 14 1
2451 12 14 1
5920 11 14 1
1844 13 13 1
868 12 13 1
1700 11 13 1
3186 10 13 1
2474 10 12 1
6016 10 10 1
5382 10 11 1
2586 11 12 1
4973 11 10 1
3867 11 11 1
66 12 12 1
4862 12 10 1
418 12 11 1
2646 13 12 1
251 14 14 1
3802 14 13 1
2898 15 14 1
5 15 13 1
3786 19 14 1
2862 18 14 1
2089 17 14 1
3810 16 14 1
5435 19 13 1
1200 18 13 1
4313 17 13 1
4985 16 13 1
584 19 10 1
2137 19 11 1
2817 19 12 1
476 18 10 1
1406 18 11 1
2035 18 12 1
4165 16 9 1
5006 16 10 1
3840 17 10 1
2123 17 11 1
3509 17 12 1
4774 16 12 1
3224 15 12 1
2980 14 12 1
3462 16 11 1
2061 15 11 1
4801 14 11 1
1111 13 11 1
1630 15 9 1
2438 15 10 1
4166 15 8 1
1795 14 8 1
2243 14 9 1
5241 14 10 1
3896 13 10 1
4868 13 9 1
4888 12 9 1
1790 11 9 1
551 13 8 1
1011 12 8 1
5750 11 8 1
3921 15 7 1
32 19 9 1
5738 18 9 1
4415 17 9 1
4137 19 8 1
4323 18 8 1
5035 17 8 1
4291 16 8 1
41 19 7 1
2989 18 7 1
1328 17 7 1
2509 16 7 1
3323 19 6 1
3090 18 6 1
1399 17 6 1
2856 16 6 1
5299 15 6 1
3945 17 5 1
2495 19 5 1
913 18 5 1
4578 19 3 1
1073 19 4 1
494 18 3 1
1809 18 4 1
2426 19 0 1
5363 19 1 1
4785 19 2 1
4453 18 0 1
2274 18 1 1
2954 18 2 1
2213 17 0 1
1632 17 1 1
786 17 2 1
4568 17 3 1
3984 17 4 1
119 13 3 1
4675 13 2 1
3085 13 0 1
545 13 1 1
2210 14 3 1
5771 14 2 1
5872 14 0 1
3253 14 1 1
384 15 0 1
4948 15 1 1
5248 15 2 1
1934 15 3 1
2997 16 0 1
2195 16 1 1
3817 16 2 1
2999 16 3 1
3881 16 4 1
86 16 5 1
110 15 4 1
2003 15 5 1
5245 14 4 1
3910 14 5 1
1284 14 6 1
54 14 7 1
520 13 4 1
5557 13 5 1
3135 13 6 1
201 13 7 1
4095 12 5 1
2304 12 6 1
3970 12 7 1
3289 11 7 1
4687 10 7 1
3565 9 7 1
1820 11 5 1
2667 11 6 1
4287 10 5 1
2662 10 6 1
2022 9 6 1
369 8 6 1
1 7 6 1
5288 6 6 1
4737 12 3 1
1098 12 4 1
1593 11 3 1
4412 11 4 1
3120 12 0 1
3456 12 1 1
2706 12 2 1
5542 11 0 1
2085 11 1 1
1504 11 2 1
1163 7 2 1
2090 7 0 1
266 7 1 1
4393 8 2 1
1547 8 0 1
5324 8 1 1
2658 9 2 1
1672 9 0 1
3757 9 1 1
5191 10 0 1
5547 10 1 1
5343 10 2 1
1084 10 3 1
5566 10 4 1
1889 9 3 1
1002 9 4 1
700 9 5 1
4478 8 3 1
6023 8 4 1
3667 8 5 1
4090 7 5 1
2047 6 5 1
1353 7 4 1
2142 6 4 1
2432 5 4 1
169 4 4 1
5201 7 3 1
2636 6 3 1
152 5 3 1
3166 4 3 1
6031 3 3 1
1276 2 3 1
5141 6 0 1
5539 6 1 1
2095 6 2 1
4381 5 0 1
1479 5 1 1
4493 5 2 1
1880 4 0 1
4889 4 1 1
3099 4 2 1
3017 3 0 1
447 3 1 1
3212 3 2 1
5749 2 2 1
4729 1 2 1
5947 0 2 1
1597 2 1 1
2537 1 1 1
2114 0 1 1
6053 2 0 1
5795 1 0 1
3679 0 0 1
4703 2 1 29
619 1 1 29
5251 2 0 29
4721 1 0 29
1419 3 0 33
4014 3 1 33
393 6 0 35
122 6 1 35
223 6 2 35
4068 5 0 35
1525 5 1 35
5890 5 2 35
771 4 0 35
2640 4 1 35
1456 4 2 35
5131 3 2 35
1969 7 3 37
2887 6 3 37
1145 5 3 37
307 7 4 38
3248 8 3 39
1946 8 4 39
4616 10 0 40
2383 9 3 40
587 9 2 41
5323 9 0 41
3408 7 2 42
3222 7 0 42
55 7 1 42
3558 8 2 42
4604 8 0 42
4294 8 1 42
1737 9 1 42
2821 10 1 42
3851 12 0 43
4458 12 1 43
1999 12 2 43
769 11 0 43
5679 11 1 43
3783 11 2 43
4197 10 2 43
337 10 3 43
5259 11 3 44
2245 12 3 45
2300 12 4 45
1434 11 4 45
1831 10 4 45
2229 9 4 45
3049 9 5 45
2405 8 5 45
2631 7 5 45
1439 11 5 46
128 11 6 46
3987 10 5 46
1341 10 6 46
5683 13 4 47
5506 13 5 47
3699 13 6 47
194 12 5 47
2107 12 6 47
1139 15 4 48
3409 14 4 48
4561 16 0 49
640 16 1 49
705 16 2 49
915 14 3 50
5081 14 2 50
5033 14 0 50
350 15 0 50
2117 13 3 51
1030 13 2 51
974 13 0 51
826 13 1 51
3474 14 1 51
1765 15 1 51
5233 15 2 51
4352 15 3 51
1076 16 3 51
4586 17 0 52
954 17 1 52
4520 19 0 53
2842 19 1 53
3215 19 2 53
1429 18 0 53
4115 18 1 53
5448 18 2 53
3811 17 2 53
471 17 3 53
1067 17 5 54
3404 19 5 54
3251 18 5 54
3507 19 3 54
1004 19 4 54
2148 18 3 54
651 18 4 54
2449 17 4 54
710 16 4 54
3749 16 5 54
885 19 6 55
3908 18 6 55
4690 17 6 55
2958 15 7 56
4822 19 9 56
5076 18 9 56
1199 17 9 56
1068 19 8 56
4983 18 8 56
3438 17 8 56
3281 16 8 56
1273 19 7 56
3812 18 7 56
3264 17 7 56
967 16 7 56
3401 16 6 56
3741 15 6 56
2746 15 5 56
2741 14 5 56
4902 14 6 56
5061 14 7 56
4876 13 7 56
2252 12 7 56
5185 13 8 57
2268 12 8 57
1408 15 9 59
2461 15 10 59
4062 15 8 59
4418 14 8 59
4997 14 9 59
5439 14 10 59
5126 16 11 60
3620 15 11 60
4032 19 10 61
4462 19 11 61
5332 19 12 61
5480 18 10 61
1534 18 11 61
2833 18 12 61
878 16 9 61
3076 16 10 61
5018 17 10 61
4764 17 11 61
5735 17 12 61
92 19 13 63
1390 18 13 63
4035 17 13 63
5196 15 14 64
3342 19 14 64
1559 18 14 64
3447 17 14 64
4848 16 14 64
656 12 12 65
2285 12 10 65
1497 13 12 65
4556 14 14 65
216 14 13 65
2883 15 13 65
3598 16 13 65
3892 16 12 65
5767 15 12 65
662 14 12 65
4052 14 11 65
2257 10 10 66
4803 11 12 66
71 11 10 66
2044 13 14 67
4595 12 14 67
2399 13 13 67
3894 12 13 67
1950 16 15 68
5718 15 15 68
3592 14 15 68
5933 13 15 68
6045 12 15 68
2366 16 16 69
2645 15 16 69
5227 14 16 69
5011 17 15 71
5553 17 16 71
2226 19 18 72
3381 18 18 72
1207 17 18 72
573 16 18 72
1047 19 15 72
1982 19 16 72
3250 19 17 72
3870 18 15 72
1653 18 16 72
5093 18 17 72
4691 17 17 72
5318 16 17 72
2750 19 19 73
3173 18 19 73
1804 17 19 73
3997 16 19 73
2792 15 19 73
2456 15 18 73
6040 15 17 73
2805 14 17 73
3570 12 19 74
4249 14 19 74
4576 13 19 74
3471 14 18 74
4018 13 18 74
5310 9 19 75
4229 9 17 75
3763 10 19 75
6037 10 17 75
2052 11 19 75
3118 8 19 76
5993 8 17 76
1188 7 14 77
2829 7 15 77
4107 6 19 78
4622 5 19 78
3334 6 18 78
82 5 18 78
1059 6 17 78
4650 5 17 78
5264 5 14 78
5276 5 15 78
1629 6 14 78
529 6 15 78
5478 4 10 80
4341 4 11 80
4444 5 10 81
4183 3 10 81
4758 3 11 81
4922 3 12 81
3233 4 12 81
1388 7 10 82
1502 7 11 82
5504 6 10 82
697 6 11 82
2533 5 11 82
5594 5 12 82
2029 2 0 82
1713 1 0 82
4467 3 13 83
5989 7 12 83
1358 7 13 83
2736 6 12 83
3283 6 13 83
2928 5 13 83
3985 4 13 83
353 4 14 83
44 4 0 83
4641 4 1 83
5725 2 10 84
2270 2 11 84
2532 2 12 84
3146 18 3 84
717 11 3 84
4808 0 10 85
3223 0 11 85
3348 0 12 85
1667 0 13 85
262 1 10 85
2219 1 11 85
4856 1 12 85
4581 1 13 85
2813 2 13 85
3904 2 14 85
2177 3 14 85
46 19 7 85
5599 18 7 85
507 17 7 85
5677 3 17 86
3504 3 16 86
3780 10 5 86
3801 11 0 86
3962 11 1 86
1138 5 0 86
3371 5 1 86
4686 1 19 87
2478 1 18 87
1586 4 19 87
4977 3 19 87
1165 2 19 87
2979 4 18 87
1560 3 18 87
1024 2 18 87
1755 19 3 87
956 19 4 87
170 12 3 87
1777 12 4 87
4466 11 4 87
5867 1 16 89
5274 1 14 89
4635 0 19 89
3018 0 18 89
258 0 17 89
3831 1 17 89
1088 19 6 89
4098 18 6 89
2720 17 6 89
4891 7 19 90
462 4 17 90
5509 0 16 90
2464 0 14 90
5930 0 15 90
995 1 15 90
1327 2 17 90
4698 2 16 90
4147 2 15 90
2151 7 0 90
317 8 2 90
2088 8 0 90
4477 10 16 91
5804 10 14 91
5844 11 17 91
5067 12 5 91
947 12 6 91
5013 11 5 91
1882 11 6 91
1916 10 6 91
2972 9 16 92
2377 9 14 92
1278 3 15 92
3785 4 15 92
4625 4 16 92
715 15 0 92
5151 7 2 92
4904 7 1 92
180 8 1 92
2460 8 16 93
2535 8 14 93
3103 8 15 93
3209 9 15 93
5986 10 15 93
4023 5 16 93
3363 13 13 93
2485 12 13 93
2705 9 1 93
4101 10 1 93
2959 8 4 93
61 7 4 93
3129 6 1 93
4138 6 2 93
5839 5 2 93
5991 4 2 93
129 3 1 93
5884 3 2 93
4792 9 13 94
12518 milli sec 
point:438650
