734
3561 10 4 1
3242 10 0 1
4376 10 1 1
2455 10 2 1
4345 10 3 1
2714 11 4 1
3843 11 0 1
874 11 1 1
3314 11 2 1
2827 11 3 1
3704 12 4 1
2129 12 0 1
2916 12 1 1
4564 12 2 1
2104 12 3 1
1516 13 8 1
4578 13 7 1
236 13 6 1
1363 13 5 1
1544 13 4 1
4230 13 0 1
3326 13 1 1
3627 13 2 1
2884 13 3 1
1733 7 11 1
1734 7 10 1
3311 3 7 1
4170 0 0 1
1564 0 1 1
3725 0 2 1
747 0 3 1
739 0 4 1
2343 0 5 1
909 1 0 1
3730 1 1 1
2851 1 2 1
3171 1 3 1
3549 1 4 1
4177 1 5 1
4277 2 0 1
344 2 1 1
3822 2 2 1
3457 2 3 1
1199 2 4 1
525 2 5 1
938 3 0 1
2536 3 1 1
3260 3 2 1
3065 3 3 1
2016 3 4 1
4272 3 5 1
717 3 6 1
728 0 11 1
3016 0 10 1
1500 0 9 1
2785 0 6 1
3155 0 7 1
589 0 8 1
3932 1 11 1
3115 1 10 1
424 1 9 1
2054 1 6 1
1830 1 7 1
253 1 8 1
2948 2 11 1
3473 2 10 1
4351 2 9 1
3219 2 6 1
221 2 7 1
3395 2 8 1
3304 3 11 1
4525 3 10 1
4531 3 9 1
758 3 8 1
302 4 11 1
3108 4 10 1
71 4 9 1
464 4 8 1
2249 4 7 1
2519 4 0 1
1424 4 1 1
3743 4 2 1
598 4 3 1
2910 4 4 1
4175 4 5 1
649 4 6 1
1548 6 11 1
2096 5 11 1
3699 6 10 1
1375 5 10 1
865 6 9 1
2733 5 9 1
2975 6 8 1
2610 5 8 1
1121 6 7 1
2405 5 7 1
4118 5 0 1
130 5 1 1
621 5 2 1
3539 5 3 1
2250 5 4 1
1850 5 5 1
1676 5 6 1
607 6 0 1
1576 6 1 1
285 6 2 1
2989 6 3 1
2464 6 4 1
4395 6 5 1
2352 6 6 1
3794 9 0 1
1824 9 1 1
3069 9 2 1
1788 9 3 1
4410 9 4 1
3369 8 0 1
1082 8 1 1
4179 8 2 1
2543 8 3 1
1119 8 4 1
1325 7 0 1
1968 7 1 1
1577 7 2 1
1933 7 3 1
2081 7 4 1
2669 7 5 1
1804 7 6 1
3920 7 7 1
4120 7 8 1
116 7 9 1
1138 8 11 1
1682 8 10 1
3308 8 5 1
46 8 6 1
594 8 7 1
2641 8 8 1
2971 8 9 1
242 9 11 1
2102 9 10 1
3977 12 5 1
2715 12 6 1
2956 12 7 1
860 11 5 1
2805 11 6 1
3185 11 7 1
3790 10 5 1
3603 10 6 1
3037 10 7 1
4427 9 5 1
3277 9 6 1
1473 9 7 1
3857 9 8 1
582 9 9 1
2269 10 11 1
570 10 10 1
3385 10 8 1
3053 10 9 1
159 11 11 1
532 11 10 1
2469 11 8 1
571 11 9 1
3926 0 19 1
3911 0 18 1
389 0 17 1
790 0 16 1
2679 0 15 1
156 0 14 1
800 0 13 1
1266 0 12 1
4017 1 19 1
4324 1 18 1
433 1 17 1
699 1 16 1
1446 1 15 1
2082 1 14 1
2775 1 13 1
3706 1 12 1
1000 2 19 1
4117 2 18 1
3599 2 17 1
1185 2 16 1
1206 2 15 1
2395 2 14 1
639 2 13 1
1572 2 12 1
4357 3 19 1
3874 3 18 1
4152 3 17 1
1157 3 16 1
1050 3 15 1
2755 3 14 1
3285 3 13 1
237 3 12 1
4113 4 15 1
3405 4 14 1
3608 4 13 1
2310 4 12 1
3080 5 15 1
655 5 14 1
2305 5 13 1
3338 5 12 1
1454 4 19 1
2290 4 18 1
1203 4 17 1
3728 4 16 1
2825 5 19 1
3390 5 18 1
145 5 17 1
2724 5 16 1
3042 9 19 1
4262 8 19 1
2813 7 19 1
1627 6 19 1
3503 9 18 1
4555 8 18 1
4454 7 18 1
536 6 18 1
3348 9 17 1
2913 8 17 1
3051 7 17 1
3817 6 17 1
401 6 16 1
2205 6 15 1
580 6 14 1
2578 6 13 1
1416 6 12 1
3898 7 16 1
202 7 15 1
3567 7 14 1
2680 7 13 1
219 7 12 1
2183 8 16 1
477 8 15 1
2190 8 14 1
282 8 13 1
2251 8 12 1
2834 9 16 1
1860 9 15 1
1233 9 14 1
1707 9 13 1
4072 9 12 1
2700 10 19 1
4313 10 18 1
2541 10 17 1
404 10 16 1
3788 10 15 1
4464 10 14 1
4456 10 13 1
1791 10 12 1
3690 11 19 1
925 11 18 1
266 11 17 1
2831 11 16 1
2571 11 15 1
4482 11 14 1
353 11 13 1
3194 11 12 1
225 12 19 1
1754 12 18 1
3055 12 17 1
2900 12 16 1
3499 12 15 1
4303 12 14 1
1408 12 13 1
457 12 12 1
2090 12 11 1
1501 12 10 1
2188 12 8 1
343 12 9 1
3628 14 19 1
3851 13 19 1
1601 14 18 1
2729 13 18 1
3009 14 17 1
520 13 17 1
420 14 16 1
1430 13 16 1
3469 14 15 1
127 13 15 1
3029 13 14 1
2516 13 13 1
498 13 12 1
3986 13 11 1
3179 13 10 1
1318 13 9 1
4215 14 14 1
4381 14 13 1
1710 14 12 1
132 14 11 1
4250 14 10 1
1497 14 9 1
4020 19 19 1
3188 18 19 1
1072 17 19 1
3245 16 19 1
3555 15 19 1
3991 19 18 1
3006 18 18 1
409 17 18 1
644 16 18 1
3306 15 18 1
1172 19 17 1
2926 18 17 1
1542 17 17 1
303 16 17 1
4514 15 17 1
1083 19 16 1
2999 18 16 1
1337 17 16 1
4415 16 16 1
1384 15 16 1
490 19 15 1
201 18 15 1
3975 17 15 1
1255 16 15 1
3838 15 15 1
1970 19 14 1
3436 18 14 1
1787 17 14 1
1208 16 14 1
3415 15 14 1
1579 19 13 1
462 18 13 1
509 17 13 1
3197 16 13 1
4025 15 13 1
2426 19 12 1
842 18 12 1
1752 17 12 1
1441 16 12 1
1842 15 12 1
1366 15 11 1
1090 15 10 1
1297 15 9 1
4450 19 11 1
4254 18 11 1
4318 17 11 1
240 16 11 1
2356 19 10 1
3321 18 10 1
3488 17 10 1
3165 16 10 1
321 19 9 1
2471 18 9 1
2002 17 9 1
391 16 9 1
3330 19 8 1
703 18 8 1
1143 17 8 1
3987 16 8 1
3127 15 8 1
4073 14 8 1
60 19 7 1
904 18 7 1
4568 17 7 1
4265 16 7 1
1865 15 7 1
238 14 7 1
3948 19 6 1
1308 18 6 1
3252 17 6 1
1935 16 6 1
2750 15 6 1
3414 14 6 1
2732 19 5 1
3068 18 5 1
3041 17 5 1
1807 16 5 1
1020 15 5 1
2223 14 5 1
4597 19 4 1
1635 18 4 1
3198 17 4 1
235 16 4 1
3800 15 4 1
2992 14 4 1
2530 19 3 1
2645 18 3 1
4400 17 3 1
4159 16 3 1
261 15 3 1
1150 14 3 1
3963 19 2 1
662 18 2 1
3365 17 2 1
1567 16 2 1
1105 15 2 1
4326 14 2 1
4601 19 1 1
640 18 1 1
3099 17 1 1
3779 16 1 1
2465 15 1 1
2887 14 1 1
322 19 0 1
2496 18 0 1
1831 17 0 1
1742 16 0 1
4091 15 0 1
1192 14 0 1
850 19 0 27
328 18 0 27
3462 17 0 27
327 16 0 27
2213 15 0 27
3180 19 1 30
982 18 1 30
338 17 1 30
2666 16 1 30
3341 15 1 30
489 19 2 31
455 18 2 31
2622 17 2 31
2869 16 2 31
3351 15 2 31
1391 19 3 33
2009 18 3 33
2802 17 3 33
203 16 3 33
3459 15 3 33
1641 19 4 34
3495 18 4 34
1722 17 4 34
1588 16 4 34
919 15 4 34
385 19 5 35
215 18 5 35
701 17 5 35
3526 16 5 35
2003 15 5 35
2871 19 6 37
2810 18 6 37
836 17 6 37
718 16 6 37
1767 15 6 37
1434 19 8 38
1628 18 8 38
2739 17 8 38
4243 19 7 38
3664 18 7 38
12 17 7 38
3453 16 7 38
387 15 7 38
3441 19 9 39
2221 18 9 39
3463 17 9 39
3677 19 10 40
3675 18 10 40
1402 17 10 40
504 19 11 41
4570 18 11 41
781 17 11 41
1618 16 11 41
4575 19 12 42
4287 18 12 42
2614 17 12 42
557 16 12 42
3223 16 10 42
779 19 14 45
1213 18 14 45
3359 17 14 45
3967 16 14 45
3982 19 13 45
4156 18 13 45
3470 17 13 45
1265 16 13 45
3515 19 16 47
3717 18 16 47
4234 17 16 47
3322 16 16 47
1248 19 15 47
2558 18 15 47
3679 17 15 47
115 16 15 47
2443 19 17 48
1825 18 17 48
135 17 17 48
160 16 17 48
2500 19 19 49
1896 18 19 49
3490 17 19 49
3208 16 19 49
458 15 19 49
1002 19 18 49
1228 18 18 49
916 17 18 49
2351 16 18 49
1737 15 18 49
1994 15 17 49
1077 15 16 49
2710 14 14 51
1463 14 13 51
581 14 12 51
1401 14 11 51
560 14 10 51
2538 14 16 52
3688 14 15 52
4398 14 18 53
1946 14 17 53
4322 12 8 54
2970 14 19 54
4598 13 19 54
2140 13 18 54
1921 13 17 54
1856 13 16 54
1136 13 15 54
1135 13 14 54
2076 13 13 54
817 13 12 54
1685 13 11 54
1761 13 10 54
2217 12 19 56
2255 12 18 56
826 12 17 56
2214 12 16 56
204 12 15 56
4546 12 14 56
3518 12 13 56
4076 11 19 58
444 11 18 58
4115 11 17 58
1218 11 16 58
4257 11 15 58
2696 11 14 58
3877 11 13 58
1570 10 19 59
3507 10 18 59
2885 10 17 59
4444 10 16 59
890 10 15 59
2131 10 14 59
4232 10 13 59
538 9 16 60
1739 9 15 60
2146 9 14 60
2657 9 13 60
1512 7 16 62
625 7 15 62
3184 7 14 62
3011 7 13 62
2972 8 16 62
3100 8 15 62
3192 8 14 62
3389 8 13 62
1790 9 18 65
4523 8 18 65
1428 7 18 65
2744 9 17 65
3855 8 17 65
3634 7 17 65
3393 9 19 66
2442 8 19 66
1284 7 19 66
1025 6 19 66
3062 6 18 66
278 6 17 66
1966 4 19 67
478 4 18 67
1087 4 17 67
2067 4 16 67
4199 5 19 67
2904 5 18 67
1094 5 17 67
583 5 16 67
2124 6 16 67
2865 6 15 67
1989 6 14 67
2153 6 13 67
1539 5 15 68
184 5 14 68
746 5 13 68
4584 4 15 69
3775 4 14 69
720 4 13 69
697 3 19 70
2647 3 18 70
3663 3 17 70
3672 3 16 70
2652 3 15 70
1930 3 14 70
1052 3 13 70
857 2 19 72
883 2 18 72
2461 2 17 72
4089 2 16 72
1262 2 15 72
198 2 14 72
254 2 13 72
792 1 19 73
447 1 18 73
2265 1 17 73
3049 1 16 73
2011 1 15 73
4406 1 14 73
4086 1 13 73
3636 0 19 74
618 0 18 74
980 0 17 74
307 0 16 74
128 0 15 74
2498 0 14 74
3751 0 13 74
3974 0 12 74
3705 1 12 74
3848 2 12 74
1643 10 8 75
730 11 11 75
3015 11 10 75
3172 11 8 75
796 9 5 76
3142 9 6 76
2959 10 11 76
1314 10 10 76
1877 12 5 77
1336 12 6 77
2186 12 7 77
1872 11 5 77
731 11 6 77
3901 11 7 77
1371 10 5 77
1757 10 6 77
1194 10 7 77
3946 9 7 77
4409 9 8 77
4057 19 7 77
1864 18 7 77
3104 17 7 77
3435 16 7 77
4320 15 7 77
3413 9 11 79
630 9 10 79
99 8 11 80
1354 8 10 80
4217 8 5 80
1221 8 6 80
3132 8 7 80
3972 8 8 80
2138 18 6 81
1514 17 6 81
945 16 6 81
1727 15 6 81
3315 19 0 81
558 18 0 81
286 17 0 81
9 16 0 81
6 15 0 81
4414 7 0 82
4166 7 1 82
2965 7 2 82
1016 7 3 82
309 8 0 83
2961 8 1 83
178 8 2 83
3769 8 3 83
1771 9 0 84
579 9 1 84
954 9 2 84
4494 9 3 84
3437 9 4 84
2199 8 4 84
3147 7 4 84
4060 7 5 84
3492 6 0 85
1580 6 1 85
2098 6 2 85
3263 6 3 85
4162 6 4 85
1953 6 5 85
416 6 7 86
1189 5 0 86
206 5 1 86
2798 5 2 86
2043 5 3 86
1472 5 4 86
61 5 5 86
1566 6 11 87
340 5 11 87
3829 6 10 87
4579 5 10 87
501 6 9 87
1519 5 9 87
363 6 8 87
4108 5 8 87
3152 5 7 87
3950 19 13 87
2304 18 13 87
974 17 13 87
2470 16 13 87
4573 19 18 88
733 18 18 88
1798 17 18 88
2921 16 18 88
2155 19 4 88
3530 18 4 88
392 17 4 88
2525 16 4 88
2013 15 4 88
3344 4 11 89
2045 4 10 89
2895 4 9 89
1558 4 0 89
1174 4 1 89
2581 4 2 89
177 4 3 89
1288 4 4 89
4224 4 5 89
4264 14 17 90
3685 2 11 91
1700 2 10 91
4321 2 9 91
111 2 6 91
1387 2 7 91
1132 3 11 91
2935 3 10 91
2807 3 9 91
1398 10 18 91
2587 10 17 91
651 10 16 91
1307 10 15 91
3207 10 14 91
3498 10 13 91
3606 19 5 91
1339 18 5 91
2697 17 5 91
2191 16 5 91
2841 15 5 91
827 1 6 92
3670 1 7 92
384 13 19 92
542 19 8 92
1 18 8 92
413 17 8 92
1355 0 6 93
3026 0 7 93
10298 milli sec 
point:422550
