764
3304 11 7 1
3687 11 6 1
2763 11 5 1
3562 7 7 1
910 7 6 1
5376 7 5 1
1868 7 4 1
5300 7 0 1
5639 7 1 1
1655 7 2 1
2937 7 3 1
5328 8 7 1
1287 8 6 1
3049 8 5 1
1024 8 4 1
1007 8 0 1
1031 8 1 1
3937 8 2 1
205 8 3 1
5117 9 7 1
5413 9 6 1
851 9 5 1
5251 9 4 1
3503 9 0 1
3439 9 1 1
4153 9 2 1
3741 9 3 1
1589 10 7 1
917 10 6 1
5354 10 5 1
3898 10 4 1
3579 10 0 1
1217 10 1 1
1657 10 2 1
3499 10 3 1
2654 11 0 1
5159 11 1 1
3356 11 2 1
5551 11 3 1
4675 11 4 1
4573 12 7 1
4119 12 6 1
3963 12 5 1
1353 12 0 1
2445 12 1 1
2283 12 2 1
1562 12 3 1
4259 12 4 1
1069 0 9 1
3634 0 10 1
4980 0 11 1
2432 0 12 1
3234 1 9 1
385 1 10 1
5045 1 11 1
1532 1 12 1
3846 2 9 1
1250 2 10 1
333 2 11 1
3117 2 12 1
916 3 9 1
2216 3 10 1
234 3 11 1
2933 3 12 1
2306 0 0 1
4758 0 1 1
5135 0 2 1
5043 0 3 1
3011 0 4 1
4556 0 5 1
4932 0 6 1
1047 0 7 1
4071 0 8 1
4281 1 0 1
3317 1 1 1
896 1 2 1
1816 1 3 1
2968 1 4 1
1574 1 5 1
4988 1 6 1
4983 1 7 1
5775 1 8 1
3728 2 0 1
4741 2 1 1
2520 2 2 1
695 2 3 1
4886 2 4 1
939 2 5 1
3046 2 6 1
3399 2 7 1
3882 2 8 1
4915 3 0 1
1629 3 1 1
459 3 2 1
1471 3 3 1
5281 3 4 1
1053 3 5 1
860 3 6 1
4356 3 7 1
5661 3 8 1
785 4 0 1
4191 4 1 1
2979 4 2 1
2681 4 3 1
1930 4 4 1
1759 4 5 1
5157 4 6 1
5796 4 7 1
449 4 8 1
2981 4 9 1
3778 4 10 1
2897 4 11 1
4538 4 12 1
694 0 19 1
5600 0 18 1
5187 0 17 1
68 0 16 1
4441 0 15 1
217 0 14 1
5353 0 13 1
3766 1 19 1
2118 1 18 1
1389 1 17 1
1346 1 16 1
5735 1 15 1
3635 1 14 1
3118 1 13 1
4725 2 19 1
1309 2 18 1
180 2 17 1
927 2 16 1
1998 2 15 1
620 2 14 1
5632 2 13 1
4231 3 19 1
485 3 18 1
2988 3 17 1
747 3 16 1
2234 3 15 1
5115 3 14 1
2129 3 13 1
5129 4 19 1
2025 4 18 1
5118 4 17 1
1424 4 16 1
2883 4 15 1
1215 4 14 1
5702 4 13 1
635 5 19 1
1980 5 18 1
314 5 17 1
4084 5 16 1
5104 5 15 1
2742 5 14 1
1826 5 13 1
2761 5 0 1
2835 5 1 1
4228 5 2 1
3398 5 3 1
2011 5 4 1
5266 5 5 1
428 5 6 1
2080 5 7 1
1882 5 8 1
4 5 9 1
1150 5 10 1
3484 5 11 1
4348 5 12 1
5039 6 19 1
2381 6 18 1
530 6 17 1
5638 6 16 1
2452 6 15 1
4021 6 14 1
4776 6 13 1
3333 6 0 1
1383 6 1 1
2328 6 2 1
966 6 3 1
1576 6 4 1
1421 6 5 1
1096 6 6 1
1451 6 7 1
3715 6 8 1
5088 6 9 1
4128 6 10 1
2382 6 11 1
1949 6 12 1
2566 7 19 1
4406 7 18 1
2110 7 17 1
3355 7 16 1
442 7 15 1
1538 7 14 1
2525 7 13 1
464 7 8 1
5919 7 9 1
2595 7 10 1
2958 7 11 1
2596 7 12 1
1837 8 19 1
2476 8 18 1
766 8 17 1
5374 8 16 1
3339 8 15 1
2224 8 14 1
2435 8 13 1
5046 8 8 1
659 8 9 1
3482 8 10 1
4264 8 11 1
1036 8 12 1
4684 9 19 1
3964 9 18 1
2964 9 17 1
1290 9 16 1
582 9 15 1
1388 9 14 1
3658 9 13 1
336 9 12 1
3908 9 11 1
144 9 10 1
3228 9 9 1
2461 9 8 1
5469 10 19 1
5554 10 18 1
1972 10 17 1
329 10 16 1
3362 10 15 1
1379 10 14 1
3896 10 13 1
1756 10 12 1
5125 10 11 1
4434 10 10 1
2944 10 9 1
4889 10 8 1
5004 19 19 1
3169 18 19 1
2726 17 19 1
3428 16 19 1
3738 15 19 1
5247 14 19 1
5630 13 19 1
2723 12 19 1
3793 11 19 1
3419 19 18 1
159 18 18 1
2002 17 18 1
5515 16 18 1
3652 15 18 1
2246 14 18 1
1784 13 18 1
3520 12 18 1
2676 11 18 1
3750 19 17 1
5574 18 17 1
3561 17 17 1
5752 16 17 1
864 15 17 1
4451 14 17 1
4704 13 17 1
1590 12 17 1
3570 11 17 1
5722 19 16 1
132 18 16 1
2894 17 16 1
2935 16 16 1
3392 15 16 1
5350 14 16 1
312 13 16 1
4687 12 16 1
1909 11 16 1
4494 19 13 1
2875 19 14 1
2077 19 15 1
3711 18 13 1
1701 18 14 1
5402 18 15 1
528 17 13 1
514 17 14 1
1229 17 15 1
1582 16 13 1
3265 16 14 1
2071 16 15 1
4288 15 13 1
3986 15 14 1
2896 15 15 1
775 14 13 1
1037 14 14 1
937 14 15 1
35 13 13 1
856 13 14 1
685 13 15 1
3527 12 13 1
4729 12 14 1
4016 12 15 1
3810 11 15 1
2532 11 14 1
3378 11 13 1
866 11 12 1
3590 11 11 1
569 11 10 1
290 11 9 1
5349 11 8 1
3266 12 12 1
2837 12 11 1
1828 12 10 1
936 12 9 1
1084 12 8 1
2543 13 12 1
4442 13 11 1
3434 13 10 1
876 13 9 1
1013 13 8 1
3656 13 7 1
2707 13 6 1
5569 13 5 1
1369 13 0 1
1123 13 1 1
4972 13 2 1
4761 13 3 1
3094 13 4 1
702 14 12 1
3379 14 11 1
2825 14 10 1
347 14 9 1
4426 14 8 1
3146 14 7 1
4716 14 6 1
3488 14 5 1
5184 14 0 1
3432 14 1 1
1303 14 2 1
2310 14 3 1
1301 14 4 1
3020 15 12 1
1945 15 11 1
4270 15 10 1
1905 15 9 1
1358 15 8 1
1577 15 7 1
3575 15 6 1
753 15 5 1
3139 15 0 1
4501 15 1 1
4076 15 2 1
5723 15 3 1
756 15 4 1
69 16 12 1
1143 16 11 1
3159 16 10 1
1530 16 9 1
3240 16 8 1
1782 16 7 1
4387 16 6 1
3121 16 5 1
1850 16 4 1
4990 16 3 1
2975 16 2 1
2439 16 1 1
3973 16 0 1
3888 19 12 1
1698 18 12 1
4969 17 12 1
2711 19 11 1
5903 18 11 1
2960 17 11 1
1496 19 10 1
5087 18 10 1
5740 17 10 1
5521 19 9 1
2752 18 9 1
3926 17 9 1
960 19 8 1
5397 18 8 1
1819 17 8 1
5801 19 7 1
149 18 7 1
1746 17 7 1
3839 19 6 1
2309 18 6 1
150 17 6 1
2613 19 5 1
3313 18 5 1
3692 17 5 1
3158 19 4 1
5594 18 4 1
4167 17 4 1
1330 19 3 1
3637 18 3 1
2652 17 3 1
3978 19 2 1
4193 18 2 1
5454 17 2 1
1691 19 1 1
4262 18 1 1
4545 17 1 1
880 19 0 1
4600 18 0 1
794 17 0 1
1956 19 0 27
719 18 0 27
3097 19 1 28
4290 18 1 28
4233 19 2 30
3296 18 2 30
2867 19 3 31
1354 18 3 31
4609 19 5 34
3016 18 5 34
1948 19 4 34
4251 18 4 34
4755 19 8 35
5215 18 8 35
5273 19 7 35
5808 18 7 35
3693 19 6 35
5599 18 6 35
4719 19 9 36
3070 18 9 36
2748 19 11 37
4417 18 11 37
4405 19 10 37
1854 18 10 37
136 19 12 38
2562 18 12 38
1705 17 12 38
4340 17 11 38
5114 17 10 38
1875 17 9 38
553 17 8 38
1808 17 7 38
3870 17 6 38
4275 17 5 38
1329 17 4 38
2544 17 3 38
1266 17 2 38
1835 17 1 38
3043 15 0 41
2821 15 1 41
2163 15 2 41
841 15 3 41
4093 16 12 41
4931 16 11 41
5603 16 10 41
3875 16 9 41
3556 16 8 41
3966 16 7 41
5172 16 6 41
5587 16 5 41
4214 14 0 43
950 14 1 43
3565 14 2 43
1043 14 3 43
4536 15 12 43
5856 15 11 43
3850 15 10 43
3749 15 9 43
4868 15 8 43
2355 15 7 43
4520 15 6 43
1514 15 5 43
3064 14 12 44
1601 14 11 44
227 14 10 44
1448 14 9 44
447 14 8 44
374 14 7 44
4097 14 6 44
1599 14 5 44
5208 13 0 45
772 13 1 45
578 13 2 45
5241 13 3 45
3836 12 12 47
1939 12 11 47
5914 12 10 47
3463 12 9 47
3721 13 12 47
1694 13 11 47
3416 13 10 47
1144 13 9 47
5786 12 13 50
4326 12 14 50
4796 13 13 52
495 13 14 52
1093 14 13 53
5091 14 14 53
2422 16 13 54
5532 16 14 54
125 15 13 54
432 15 14 54
249 19 13 55
5842 19 14 55
1634 19 15 55
2806 18 13 55
268 18 14 55
5684 18 15 55
258 17 13 55
5146 17 14 55
3303 17 15 55
3911 16 15 55
801 15 15 55
5282 14 15 55
3755 13 15 55
3876 12 15 55
1295 19 16 57
5279 18 16 57
5852 17 16 57
3587 16 16 57
2666 15 16 57
2455 14 16 57
58 13 16 57
2656 12 16 57
3519 19 17 58
1805 18 17 58
4022 17 17 58
2380 16 17 58
5498 15 17 58
4015 14 17 58
1865 13 17 58
3653 12 17 58
2956 19 18 60
1506 18 18 60
3059 17 18 60
2433 16 18 60
4129 15 18 60
4854 14 18 60
3387 13 18 60
2238 12 18 60
705 19 19 61
488 18 19 61
4400 17 19 61
2067 16 19 61
3475 15 19 61
172 14 19 61
4882 13 19 61
4009 12 19 61
4140 11 19 61
1974 11 18 61
5672 11 17 61
1803 11 16 61
718 10 19 62
4510 10 18 62
291 10 17 62
5383 10 16 62
1982 10 15 62
215 10 14 62
5379 10 13 62
4711 10 12 62
2400 10 11 62
1401 10 10 62
4630 10 9 62
5450 11 15 62
2242 11 14 62
4431 11 13 62
4121 11 12 62
5011 11 11 62
4874 11 10 62
2337 11 9 62
3050 9 19 66
5648 9 18 66
4502 9 17 66
2890 9 16 66
1695 9 15 66
2863 9 14 66
111 9 13 66
354 8 8 67
4679 8 9 67
4821 8 10 67
2634 8 11 67
2399 8 19 68
4924 8 18 68
1552 8 17 68
3797 8 16 68
2850 8 15 68
4829 8 14 68
777 8 13 68
1012 7 19 70
655 7 18 70
3518 7 17 70
5149 7 16 70
3473 7 15 70
5264 7 14 70
483 7 13 70
3215 7 8 70
4490 7 9 70
387 7 10 70
852 7 11 70
3946 6 0 73
2403 6 1 73
4033 6 2 73
4455 6 3 73
5446 6 4 73
2385 6 5 73
2767 6 6 73
4470 6 7 73
435 6 8 73
698 6 9 73
1017 6 10 73
1343 6 11 73
5556 6 19 75
119 6 18 75
1294 6 17 75
450 6 16 75
581 6 15 75
8 6 14 75
1475 6 13 75
98 5 0 77
3724 5 1 77
4156 5 2 77
2781 5 3 77
1466 5 4 77
164 5 5 77
197 5 6 77
5872 5 7 77
643 5 8 77
5268 5 9 77
303 5 10 77
3322 5 11 77
3406 5 19 78
27 5 18 78
1362 5 17 78
1747 5 16 78
638 5 15 78
1863 5 14 78
606 19 10 79
5367 18 10 79
4563 3 19 80
3426 3 18 80
4032 3 17 80
4782 3 16 80
2810 3 15 80
2579 3 14 80
4011 4 19 80
627 4 18 80
2203 4 17 80
370 4 16 80
2972 4 15 80
3907 4 14 80
1906 1 19 82
3429 1 18 82
2887 1 17 82
4840 1 16 82
5541 1 15 82
2622 1 14 82
2611 2 19 82
4827 2 18 82
1720 2 17 82
4843 2 16 82
2259 2 15 82
5111 2 14 82
4923 0 19 83
3965 0 18 83
156 0 17 83
5209 0 16 83
36 0 15 83
1271 0 14 83
3528 0 13 83
763 1 13 83
4447 2 13 83
134 3 13 83
5908 4 13 83
1824 5 13 83
3081 19 9 83
1578 18 9 83
5588 4 0 85
570 4 1 85
667 4 2 85
4893 4 3 85
5406 4 4 85
1753 4 5 85
4587 4 6 85
5651 4 7 85
4876 3 0 86
352 3 1 86
2885 3 2 86
3675 3 3 86
4050 3 4 86
4978 3 5 86
2970 3 6 86
2304 3 7 86
2779 19 6 86
928 18 6 86
324 19 7 87
402 18 7 87
2277 2 0 88
48 2 1 88
3773 2 2 88
4372 2 3 88
4415 2 4 88
3487 2 5 88
1778 2 6 88
5244 2 7 88
3208 19 12 88
4319 18 12 88
3478 17 12 88
4847 1 0 89
2320 1 1 89
738 1 2 89
31 1 3 89
3105 1 4 89
1154 1 5 89
4727 1 6 89
4669 1 7 89
4162 0 0 90
5915 0 1 90
3600 0 2 90
2187 0 3 90
5557 0 4 90
1107 0 5 90
5881 0 6 90
5613 0 7 90
2169 0 8 90
4964 1 8 90
5536 2 8 90
1253 3 8 90
1268 4 8 90
4061 4 9 90
1775 4 10 90
4853 4 11 90
560 19 11 90
712 18 11 90
3930 17 11 90
770 17 10 90
3144 3 9 91
3708 3 10 91
4816 3 11 91
1455 13 12 91
5134 13 11 91
417 13 10 91
784 13 9 91
1076 15 12 91
1947 15 11 91
2093 15 10 91
4278 15 9 91
4694 15 8 91
3203 15 7 91
3459 15 6 91
3267 15 5 91
5239 19 2 91
4018 18 2 91
2324 1 9 92
1903 1 10 92
1715 1 11 92
4089 2 9 92
4409 2 10 92
2971 2 11 92
5586 14 17 92
421 13 17 92
4056 12 17 92
4959 17 9 92
5022 18 8 92
4769 17 8 92
2111 17 7 92
3194 17 6 92
4229 18 3 92
1316 17 13 93
836 17 14 93
2669 15 13 93
1146 15 14 93
241 12 9 93
5099 14 10 93
2632 14 9 93
12467 milli sec 
point:445350
