741
1302 0 8 1
2787 0 7 1
852 0 6 1
1635 0 5 1
3552 0 4 1
739 0 3 1
2367 0 2 1
2561 0 1 1
1031 0 0 1
2824 1 8 1
2619 1 7 1
1727 1 6 1
309 1 5 1
2792 1 4 1
146 1 3 1
3460 1 2 1
1044 1 1 1
3086 1 0 1
3417 2 8 1
1846 2 7 1
1182 2 6 1
3171 2 5 1
1526 2 4 1
3272 2 3 1
2873 2 2 1
1290 2 1 1
3441 2 0 1
2191 3 8 1
1026 3 7 1
2978 3 6 1
1482 3 5 1
3446 3 4 1
1996 3 3 1
3687 3 2 1
1929 3 1 1
2173 3 0 1
1910 4 8 1
2668 4 7 1
2730 4 6 1
108 4 5 1
1111 4 4 1
2375 4 3 1
2754 4 2 1
3521 4 1 1
1840 4 0 1
2617 5 8 1
2855 5 7 1
1713 5 6 1
1584 5 5 1
3492 5 4 1
471 5 3 1
1911 5 2 1
1134 5 1 1
122 5 0 1
2963 6 8 1
1099 6 7 1
493 6 6 1
212 6 5 1
3152 6 4 1
3144 6 3 1
386 6 2 1
2948 6 1 1
1158 6 0 1
2411 7 8 1
169 7 7 1
3165 7 6 1
1844 7 5 1
1124 7 4 1
2276 7 3 1
2210 7 2 1
2594 7 1 1
2052 7 0 1
3352 8 8 1
864 8 7 1
716 8 6 1
473 8 5 1
1648 8 4 1
3688 8 3 1
3138 8 2 1
1339 8 1 1
602 8 0 1
2934 9 7 1
2607 9 6 1
3125 9 5 1
2455 9 4 1
3136 9 3 1
3590 9 2 1
3778 9 1 1
2153 9 0 1
319 10 7 1
1592 10 6 1
239 10 5 1
2456 10 4 1
3486 10 3 1
641 10 2 1
1495 10 1 1
3098 10 0 1
3453 11 7 1
2013 11 6 1
2657 11 5 1
2828 11 4 1
2496 11 3 1
1936 11 2 1
2606 11 1 1
2402 11 0 1
1155 12 7 1
8 12 6 1
3409 12 5 1
611 12 4 1
910 12 3 1
1193 12 2 1
1504 12 1 1
2876 12 0 1
3633 13 7 1
55 13 6 1
2981 13 5 1
3034 13 4 1
1156 13 3 1
1161 13 2 1
3593 13 1 1
2815 13 0 1
2556 0 14 1
1626 0 13 1
1318 0 12 1
3710 0 11 1
1742 0 10 1
949 0 9 1
3315 1 14 1
3242 1 13 1
2921 1 12 1
1075 1 11 1
3305 1 10 1
1877 1 9 1
2514 2 14 1
3661 2 13 1
124 2 12 1
777 2 11 1
2690 2 10 1
3083 2 9 1
1864 3 14 1
270 3 13 1
2972 3 12 1
2157 3 11 1
1450 3 10 1
2357 3 9 1
2125 4 14 1
332 4 13 1
1960 4 12 1
2405 4 11 1
2533 4 10 1
3081 4 9 1
245 0 19 1
3510 0 18 1
2871 0 17 1
1763 0 16 1
1943 0 15 1
1364 1 19 1
2014 1 18 1
48 1 17 1
2260 1 16 1
790 1 15 1
1761 2 19 1
3405 2 18 1
3288 2 17 1
1907 2 16 1
1915 2 15 1
3679 3 19 1
3771 3 18 1
1749 3 17 1
1496 3 16 1
3742 3 15 1
42 4 19 1
286 4 18 1
870 4 17 1
1566 4 16 1
1072 4 15 1
3351 5 19 1
574 5 18 1
2274 5 17 1
3737 5 16 1
1802 5 15 1
3610 5 14 1
1130 5 13 1
2939 5 12 1
3784 5 11 1
963 5 10 1
1884 5 9 1
2373 6 19 1
3467 6 18 1
580 6 17 1
2269 6 16 1
1046 6 15 1
998 6 14 1
3592 6 13 1
1656 6 12 1
3458 6 11 1
1157 6 10 1
1285 6 9 1
65 7 19 1
2187 7 18 1
1133 7 17 1
820 7 16 1
2534 7 15 1
1055 7 14 1
1736 7 13 1
3244 7 12 1
2218 7 11 1
2266 7 10 1
3757 7 9 1
1177 8 19 1
1561 8 18 1
1273 8 17 1
3298 8 16 1
3201 8 15 1
2186 8 14 1
1205 8 13 1
1293 8 12 1
1798 8 11 1
310 8 10 1
2720 8 9 1
3208 9 19 1
3763 9 18 1
3407 9 17 1
1087 9 16 1
492 9 15 1
2551 9 14 1
466 9 13 1
2205 9 12 1
1459 9 11 1
2581 9 10 1
3549 9 9 1
247 9 8 1
1424 10 19 1
164 10 18 1
1007 10 17 1
1855 10 16 1
882 10 15 1
2303 10 14 1
30 10 13 1
947 10 12 1
3008 10 11 1
709 10 10 1
3168 10 9 1
2739 10 8 1
614 11 19 1
1643 11 18 1
1634 11 17 1
451 11 16 1
2462 11 15 1
1353 11 14 1
3075 11 13 1
3764 11 12 1
708 11 11 1
3353 11 10 1
1795 11 9 1
2080 11 8 1
357 12 19 1
2933 12 18 1
3626 12 17 1
2680 12 16 1
1213 12 15 1
2189 12 14 1
1618 12 13 1
2854 12 12 1
3480 12 11 1
1919 12 10 1
502 12 9 1
2197 12 8 1
2382 13 19 1
2318 13 18 1
133 13 17 1
1597 13 16 1
3386 13 15 1
1748 13 14 1
2545 13 13 1
2894 13 12 1
3514 13 11 1
3109 13 10 1
1034 13 9 1
851 13 8 1
1020 19 19 1
2214 18 19 1
88 17 19 1
2051 16 19 1
1696 15 19 1
887 14 19 1
872 19 18 1
701 18 18 1
3214 17 18 1
1266 16 18 1
2476 15 18 1
1483 14 18 1
3003 19 17 1
1883 18 17 1
3745 17 17 1
2078 16 17 1
2009 15 17 1
2591 14 17 1
76 19 16 1
1092 18 16 1
1199 17 16 1
2057 16 16 1
3338 15 16 1
3226 14 16 1
2681 19 15 1
598 18 15 1
115 17 15 1
1437 16 15 1
1725 15 15 1
2287 14 15 1
582 19 14 1
1510 18 14 1
2149 17 14 1
923 16 14 1
3576 15 14 1
2101 14 14 1
3411 19 13 1
2959 18 13 1
1088 17 13 1
3142 16 13 1
1694 15 13 1
1769 14 13 1
3481 14 12 1
1347 14 11 1
961 14 10 1
3669 14 9 1
45 14 8 1
1682 14 7 1
1580 14 6 1
1778 14 5 1
3712 14 4 1
431 14 3 1
2768 14 2 1
2509 14 1 1
3751 14 0 1
2621 15 12 1
295 15 11 1
723 15 10 1
3376 15 9 1
1222 15 8 1
89 15 7 1
657 15 6 1
3755 15 5 1
1515 15 4 1
2902 15 3 1
660 15 2 1
406 15 1 1
3360 15 0 1
1602 16 12 1
1968 16 11 1
2481 16 10 1
1791 16 9 1
3731 16 8 1
886 16 7 1
2012 16 6 1
563 16 5 1
3567 16 4 1
1500 16 3 1
2810 16 2 1
2941 16 1 1
2131 16 0 1
868 17 12 1
290 17 11 1
1620 17 10 1
2362 17 9 1
3326 17 8 1
1036 17 7 1
2094 17 6 1
1247 17 5 1
982 17 4 1
2952 17 3 1
896 17 2 1
940 17 1 1
1639 17 0 1
2167 18 12 1
1711 18 11 1
2244 18 10 1
3032 18 9 1
1601 18 8 1
1098 18 7 1
3583 18 6 1
1896 18 5 1
3059 18 4 1
3436 18 3 1
2783 18 2 1
2207 18 1 1
1837 18 0 1
3220 19 12 1
1545 19 11 1
2869 19 10 1
3044 19 9 1
994 19 8 1
2277 19 7 1
1814 19 6 1
107 19 5 1
1499 19 4 1
2548 19 3 1
687 19 2 1
220 19 1 1
1708 19 0 1
1359 19 12 28
2683 19 11 28
3015 19 10 28
2021 19 9 28
3692 19 8 28
2427 19 7 28
3646 19 6 28
3531 19 5 28
678 19 4 28
1414 19 3 28
246 19 2 28
2583 19 1 28
2058 18 12 32
710 18 11 32
1889 18 10 32
1521 18 9 32
191 18 8 32
3766 18 7 32
3316 18 6 32
278 18 5 32
3736 18 4 32
537 18 3 32
1456 18 2 32
175 18 1 32
783 17 12 35
1633 17 11 35
1311 17 10 35
3285 17 9 35
2539 17 8 35
2504 17 7 35
2567 17 6 35
2171 17 5 35
3273 17 4 35
1988 17 3 35
2891 17 2 35
2492 17 1 35
954 16 12 38
1481 16 11 38
1897 16 10 38
671 16 9 38
3752 16 8 38
374 16 7 38
526 16 6 38
2927 16 5 38
3007 16 4 38
2672 16 3 38
2441 16 2 38
3339 16 1 38
1887 15 12 40
3300 15 11 40
3623 15 10 40
3188 15 9 40
1505 15 8 40
1351 15 7 40
2631 15 6 40
1284 15 5 40
1030 15 4 40
975 15 3 40
2070 15 2 40
2960 15 1 40
2929 19 14 43
3179 18 14 43
1056 17 14 43
2095 16 14 43
201 15 14 43
1384 19 13 43
1779 18 13 43
2798 17 13 43
2506 16 13 43
144 15 13 43
1600 19 15 44
3381 18 15 44
3760 17 15 44
2938 16 15 44
2924 15 15 44
4 19 16 45
2407 18 16 45
109 17 16 45
3658 16 16 45
2647 15 16 45
2602 19 17 46
3148 18 17 46
802 17 17 46
1079 16 17 46
2381 15 17 46
926 19 18 47
2925 18 18 47
2316 17 18 47
2168 16 18 47
767 15 18 47
3474 19 19 48
3221 18 19 48
415 17 19 48
898 16 19 48
1477 15 19 48
363 14 19 48
1047 13 19 50
2571 13 18 50
2818 13 17 50
200 13 16 50
625 13 15 50
1940 13 14 50
2746 13 13 50
2740 13 12 50
730 13 11 50
1859 13 10 50
1368 13 9 50
1655 14 18 50
1107 14 17 50
735 14 16 50
1804 14 15 50
2324 14 14 50
519 14 13 50
2491 14 12 50
120 14 11 50
1954 14 10 50
2020 14 9 50
18 12 19 51
1178 12 18 51
1148 12 17 51
1236 12 16 51
2852 12 15 51
1796 12 14 51
931 12 13 51
3261 12 12 51
600 12 11 51
2564 12 10 51
1502 12 9 51
229 11 19 53
1614 11 18 53
1977 11 17 53
421 11 16 53
1894 11 15 53
1904 11 14 53
3730 11 13 53
1109 11 12 53
1267 11 11 53
1180 11 10 53
2954 11 9 53
2271 10 19 55
1788 10 18 55
206 10 17 55
2846 10 16 55
1831 10 15 55
241 10 14 55
3620 10 13 55
3566 10 12 55
1337 10 11 55
2250 10 10 55
605 10 9 55
3716 9 19 58
3432 9 18 58
3392 9 17 58
1508 9 16 58
3269 9 15 58
16 9 14 58
1365 9 13 58
1512 9 12 58
1053 9 11 58
1537 9 10 58
2508 8 19 62
3096 8 18 62
2584 8 17 62
3372 8 16 62
2252 8 15 62
465 8 14 62
2023 8 13 62
668 8 12 62
398 8 11 62
2163 8 10 62
664 7 19 63
2146 7 18 63
2062 7 17 63
839 7 16 63
2421 7 15 63
2045 7 14 63
570 7 13 63
528 7 12 63
443 7 11 63
1082 7 10 63
486 6 19 65
485 6 18 65
2861 6 17 65
2856 6 16 65
1390 6 15 65
2582 6 14 65
1963 6 13 65
3087 6 12 65
2284 6 11 65
2419 6 10 65
3070 5 19 68
1117 5 18 68
1715 5 17 68
453 5 16 68
506 4 19 70
3617 4 18 70
3527 4 17 70
842 4 16 70
3645 3 19 71
1125 3 18 71
2003 3 17 71
454 3 16 71
1789 1 19 72
925 1 18 72
1175 1 17 72
2374 1 16 72
3287 2 19 72
1093 2 18 72
1697 2 17 72
80 2 16 72
2329 0 19 74
1671 0 18 74
613 0 17 74
3733 0 16 74
2757 0 15 74
2275 1 15 74
1741 2 15 74
2616 3 15 74
2301 4 15 74
2820 5 15 74
214 5 14 74
3250 5 13 74
867 5 12 74
2106 5 11 74
1752 5 10 74
536 4 14 75
491 4 13 75
2160 4 12 75
1997 4 11 75
495 4 10 75
2470 3 14 76
3454 3 13 76
2066 3 12 76
2196 3 11 76
2701 3 10 76
3724 2 14 78
3440 2 13 78
2424 2 12 78
1404 2 11 78
1001 2 10 78
3359 1 14 79
1226 1 13 79
1464 1 12 79
3256 1 11 79
3647 1 10 79
3616 0 14 80
3223 0 13 80
2122 0 12 80
6 0 11 80
746 0 10 80
2255 0 9 80
3355 1 9 80
918 2 9 80
2123 3 9 80
1363 4 9 80
3746 13 7 81
3652 13 6 81
1721 13 5 81
1282 13 4 81
3776 13 3 81
2932 13 2 81
1571 13 1 81
2901 12 7 83
52 12 6 83
1654 12 5 83
1738 12 4 83
2257 12 3 83
145 12 2 83
2642 12 1 83
2179 11 7 84
3729 11 6 84
3123 11 5 84
812 11 4 84
545 11 3 84
1780 11 2 84
3491 11 1 84
854 10 7 85
1745 10 6 85
1028 10 5 85
3684 10 4 85
116 10 3 85
2001 10 2 85
507 10 1 85
3584 9 7 87
3017 9 6 87
2099 9 5 87
255 9 4 87
3648 9 3 87
1152 9 2 87
3006 9 1 87
382 8 8 88
217 8 7 88
1903 8 6 88
1961 8 5 88
892 8 4 88
1272 8 3 88
1458 8 2 88
2974 8 1 88
1261 7 8 89
1017 7 7 89
1045 7 6 89
257 7 5 89
3430 7 4 89
1319 7 3 89
1707 7 2 89
1380 7 1 89
3678 12 19 89
442 12 18 89
2830 12 17 89
2208 12 16 89
2903 12 15 89
974 12 14 89
1823 12 13 89
3462 12 12 89
1942 12 11 89
378 12 10 89
166 12 9 89
1119 18 15 90
3216 17 15 90
1593 16 15 90
1636 15 15 90
3264 17 19 91
3095 16 19 91
1000 15 19 91
1528 14 19 91
3447 18 17 91
522 17 17 91
2712 16 17 91
3115 15 17 91
2674 16 10 91
1824 16 9 91
1295 16 8 91
3403 16 7 91
845 16 6 91
1638 16 5 91
2297 16 4 91
2661 16 3 91
2773 16 2 91
3266 16 1 91
718 6 8 92
2600 6 7 92
8921 milli sec 
point:392850
