740
2247 0 7 1
3137 0 6 1
2838 1 7 1
179 1 6 1
3712 2 7 1
3570 0 0 1
1047 0 1 1
3099 0 2 1
2535 0 3 1
1183 0 4 1
1058 0 5 1
1986 4 3 1
3029 3 3 1
227 2 3 1
2114 4 0 1
3784 4 1 1
989 4 2 1
3101 3 0 1
1968 3 1 1
3217 3 2 1
368 2 0 1
3440 2 1 1
54 2 2 1
181 1 0 1
1904 1 1 1
1911 1 2 1
2219 1 3 1
305 1 4 1
1272 1 5 1
2943 2 4 1
3235 2 5 1
3248 2 6 1
1837 3 7 1
457 3 4 1
2548 3 5 1
281 3 6 1
269 4 7 1
468 4 6 1
2896 4 5 1
3281 4 4 1
1403 5 7 1
23 5 6 1
1588 5 5 1
584 5 4 1
1814 5 3 1
2261 5 2 1
1088 5 1 1
164 5 0 1
1440 7 7 1
3480 6 7 1
1004 7 6 1
973 6 6 1
467 7 5 1
1028 6 5 1
2807 8 4 1
460 7 4 1
1481 6 4 1
2352 6 3 1
2476 6 2 1
1090 6 1 1
1764 6 0 1
3377 8 3 1
1428 7 3 1
2713 10 4 1
1959 9 4 1
3050 10 3 1
252 9 3 1
3069 10 2 1
1722 9 2 1
1890 8 2 1
2646 7 2 1
2108 11 4 1
262 11 3 1
276 6 10 1
2116 6 9 1
529 6 8 1
661 7 10 1
1632 7 9 1
936 7 8 1
2231 6 12 1
557 6 11 1
2105 7 12 1
3941 7 11 1
3962 0 8 1
1562 0 9 1
1536 0 10 1
2430 0 11 1
245 0 12 1
2099 0 13 1
1250 0 14 1
1492 0 15 1
1585 0 16 1
1 0 17 1
2798 5 12 1
2366 4 12 1
1630 3 12 1
537 5 11 1
452 4 11 1
3191 5 8 1
309 5 9 1
280 5 10 1
1921 4 8 1
1258 4 9 1
3260 4 10 1
1164 3 8 1
2734 3 9 1
1589 3 10 1
1224 3 11 1
624 2 8 1
886 2 9 1
3583 2 10 1
1944 2 11 1
2521 1 8 1
1782 1 9 1
3737 1 10 1
1159 1 11 1
3000 1 12 1
3402 1 13 1
388 1 14 1
1853 1 15 1
2926 1 16 1
3593 1 17 1
863 3 13 1
2046 3 14 1
2986 2 12 1
748 2 13 1
3200 2 14 1
3976 2 15 1
2587 2 16 1
3890 2 17 1
2774 3 15 1
137 3 16 1
2501 3 17 1
2325 0 19 1
411 0 18 1
237 1 19 1
2547 1 18 1
569 2 19 1
3865 2 18 1
2944 3 19 1
1326 3 18 1
3874 4 19 1
2876 4 18 1
1469 4 13 1
3979 4 14 1
609 4 15 1
321 4 16 1
2869 4 17 1
2901 5 19 1
2305 5 18 1
1614 5 13 1
346 5 14 1
3450 5 15 1
1486 5 16 1
198 5 17 1
3705 6 19 1
2506 6 18 1
3839 6 17 1
1185 6 16 1
2736 6 13 1
2073 6 14 1
2833 6 15 1
3954 7 19 1
634 7 18 1
1597 7 17 1
3072 7 16 1
3864 7 13 1
2590 7 14 1
151 7 15 1
2340 8 19 1
607 8 18 1
580 8 17 1
2171 8 16 1
1620 8 13 1
2002 8 14 1
775 8 15 1
2582 12 19 1
3066 11 19 1
821 10 19 1
769 9 19 1
2767 12 16 1
1261 12 17 1
3727 12 18 1
3858 11 16 1
3153 11 17 1
1033 11 18 1
55 10 18 1
3905 9 18 1
3383 10 17 1
1419 9 17 1
550 10 16 1
3405 9 16 1
3866 10 15 1
761 9 15 1
740 10 14 1
2674 9 14 1
3201 12 15 1
3794 11 15 1
2549 12 14 1
1930 11 14 1
724 12 13 1
1015 11 13 1
1489 10 13 1
3799 9 13 1
2301 12 12 1
2449 11 12 1
2629 10 12 1
2932 9 12 1
2887 8 12 1
3147 12 11 1
103 11 11 1
2111 10 11 1
3271 9 11 1
13 8 11 1
3272 12 10 1
2056 11 10 1
1070 10 10 1
3957 9 10 1
2298 8 10 1
2618 9 9 1
129 8 9 1
3149 8 5 1
2682 8 6 1
3658 8 7 1
3363 8 8 1
1136 9 5 1
2731 9 6 1
3076 9 7 1
3161 9 8 1
1175 10 9 1
3778 10 5 1
2493 10 6 1
1541 10 7 1
909 10 8 1
1949 11 9 1
2602 11 8 1
3348 11 7 1
1629 11 6 1
1516 11 5 1
1167 12 9 1
2097 12 8 1
2882 12 7 1
1619 12 6 1
306 12 5 1
487 13 12 1
568 13 11 1
3756 13 10 1
2982 13 9 1
667 13 8 1
1085 13 14 1
1188 13 13 1
1743 14 14 1
2588 14 13 1
232 15 14 1
186 17 14 1
2545 16 14 1
1832 17 13 1
461 16 13 1
2124 15 13 1
3132 13 19 1
1908 13 18 1
2473 13 17 1
974 13 16 1
680 13 15 1
3156 14 19 1
497 14 18 1
2557 14 17 1
553 14 16 1
1812 14 15 1
3075 15 19 1
1411 15 18 1
128 15 17 1
2419 15 16 1
3264 15 15 1
1881 16 19 1
2032 16 18 1
2364 16 17 1
2747 16 16 1
1702 16 15 1
3539 17 19 1
3848 17 18 1
623 17 17 1
2513 17 16 1
3323 17 15 1
2339 19 19 1
1689 18 19 1
3618 19 18 1
3487 18 18 1
2324 19 17 1
1096 18 17 1
482 19 16 1
2782 18 16 1
256 19 15 1
2690 18 15 1
1503 19 14 1
2162 18 14 1
477 19 13 1
2609 18 13 1
2214 19 12 1
311 18 12 1
3148 17 12 1
556 16 12 1
3387 15 12 1
2117 14 12 1
1933 19 11 1
3391 18 11 1
3411 17 11 1
947 16 11 1
1848 15 11 1
9 14 11 1
1214 15 10 1
583 14 10 1
3368 15 9 1
2939 14 9 1
3244 19 10 1
1065 18 10 1
2230 17 10 1
3661 16 10 1
3790 19 9 1
3024 18 9 1
2443 17 9 1
3806 16 9 1
599 19 8 1
2134 18 8 1
3479 17 8 1
2385 16 8 1
3259 15 8 1
2673 14 8 1
789 17 6 1
2328 17 7 1
2285 16 6 1
1656 16 7 1
3262 15 7 1
3474 14 7 1
488 13 7 1
2436 15 6 1
2495 14 6 1
509 13 6 1
36 19 7 1
840 18 7 1
1046 19 6 1
1342 18 6 1
301 19 5 1
2562 18 5 1
2464 17 5 1
2132 16 5 1
60 15 5 1
3320 14 5 1
339 13 5 1
3120 19 3 1
1780 19 4 1
3337 18 3 1
598 18 4 1
190 19 0 1
1391 19 1 1
2012 19 2 1
203 18 0 1
1187 18 1 1
3243 18 2 1
1130 17 0 1
591 17 1 1
2711 17 2 1
3554 17 3 1
2510 17 4 1
428 15 0 1
604 15 1 1
2431 15 2 1
2875 15 3 1
1467 16 0 1
3299 16 1 1
1942 16 2 1
1934 16 3 1
333 16 4 1
3034 15 4 1
31 14 4 1
2334 13 4 1
2243 12 4 1
3025 14 3 1
1470 13 3 1
3547 12 3 1
2995 14 0 1
44 14 1 1
1142 14 2 1
3226 13 0 1
76 13 1 1
171 13 2 1
708 12 2 1
2489 11 2 1
133 12 1 1
665 11 1 1
1957 10 1 1
84 9 1 1
3862 8 1 1
2952 7 1 1
2648 12 0 1
2856 11 0 1
2745 10 0 1
3445 9 0 1
3498 8 0 1
430 7 0 1
1105 12 0 25
70 11 0 25
3581 10 0 25
975 9 0 25
1544 8 0 25
1870 12 1 26
1243 13 0 28
2004 13 1 28
1607 14 0 29
1742 14 1 29
299 14 2 29
334 13 2 29
2412 14 3 30
1008 13 3 30
3205 16 0 32
3173 16 1 32
2936 16 2 32
2169 15 0 33
824 15 1 33
3002 15 2 33
2480 15 3 33
3203 16 3 33
1013 18 0 34
1841 18 1 34
3682 17 0 34
964 17 1 34
3410 19 3 35
2267 19 4 35
2008 18 3 35
560 18 4 35
885 19 0 35
3174 19 1 35
1991 19 2 35
561 18 2 35
3177 17 2 35
700 17 3 35
1793 17 4 35
3428 16 4 35
2656 15 4 35
3279 14 4 35
689 19 5 37
864 19 6 38
734 19 7 39
2149 18 7 39
3551 18 6 39
3691 18 5 39
950 17 5 39
2141 16 5 39
3017 15 5 39
1692 14 5 39
1494 16 6 40
2733 15 6 40
2069 14 6 40
1006 17 6 41
874 17 7 41
285 16 7 41
2290 15 7 41
2170 19 9 42
3113 18 9 42
1761 17 9 42
1340 19 8 42
3860 18 8 42
825 17 8 42
3158 15 10 43
1926 15 9 43
2846 19 10 43
2825 18 10 43
1690 17 10 43
2881 16 10 43
3511 16 9 43
2192 19 11 45
2729 18 11 45
656 17 11 45
3318 16 11 45
581 15 11 45
1798 19 12 46
141 19 15 47
1133 19 14 47
1139 19 13 47
2749 19 17 48
2802 19 16 48
3477 17 19 49
2962 17 18 49
3942 17 17 49
146 17 16 49
2437 19 19 49
3932 18 19 49
1203 19 18 49
1257 18 18 49
3394 18 17 49
1064 18 16 49
2760 16 19 51
1865 16 18 51
3297 16 17 51
2062 16 16 51
2459 14 19 52
3039 14 18 52
3486 14 17 52
2889 14 16 52
2753 15 19 52
1587 15 18 52
515 15 17 52
1660 15 16 52
693 17 13 54
1661 13 19 54
22 13 18 54
901 13 17 54
3686 13 16 54
870 13 15 54
2837 14 15 54
3222 15 15 54
125 16 15 54
3231 17 15 54
2317 18 15 54
1843 18 14 54
525 18 13 54
1339 18 12 54
2941 17 12 54
3302 16 12 54
1443 15 14 55
2599 17 14 55
142 16 14 55
620 16 13 55
3659 13 14 56
3754 13 13 56
1653 14 14 56
1856 14 13 56
3233 13 12 57
563 13 11 57
3805 13 10 57
239 13 9 57
1165 13 8 57
3767 11 9 58
992 12 9 58
1522 12 8 58
3578 12 7 58
1266 12 6 58
3301 15 13 58
530 9 5 59
2425 9 6 59
2438 9 7 59
480 10 9 59
2383 10 5 59
2096 10 6 59
2455 10 7 59
1970 8 5 60
2058 8 6 60
1294 8 7 60
1432 9 9 61
1051 12 11 62
2570 11 11 62
815 10 11 62
1397 9 11 62
1034 12 10 62
3139 11 10 62
860 10 10 62
3575 9 10 62
3316 12 12 63
57 11 12 63
1744 10 12 63
1912 10 14 64
3460 12 15 64
3852 11 15 64
3414 12 14 64
2184 11 14 64
2777 12 13 64
3012 11 13 64
2628 10 13 64
3500 10 16 65
3833 10 15 65
911 11 16 66
3338 11 17 66
2249 10 17 66
1206 12 16 68
2374 12 17 68
1810 12 18 68
3274 11 18 68
3362 10 18 68
3854 8 13 69
3917 8 14 69
908 12 19 69
2165 11 19 69
2154 10 19 69
16 9 19 69
58 9 18 69
2442 9 17 69
1947 9 16 69
3615 8 19 71
931 8 18 71
2303 8 17 71
1464 8 16 71
49 7 19 73
206 7 18 73
2787 7 17 73
2666 7 16 73
46 7 13 73
3782 7 14 73
1985 6 13 74
1572 6 14 74
1158 5 13 75
869 5 14 75
1997 5 15 75
3108 5 16 75
2985 6 19 75
2560 6 18 75
3974 5 19 76
440 5 18 76
1362 13 3 76
2621 3 19 77
730 4 19 77
1590 4 13 77
2714 4 14 77
3630 4 15 77
2664 4 16 77
3298 0 19 78
1501 0 18 78
500 1 19 78
3427 1 18 78
3895 2 19 78
3629 2 18 78
2852 3 18 78
176 4 18 78
172 19 8 78
3820 18 8 78
472 17 8 78
3269 12 1 78
3330 3 15 79
2509 3 16 79
630 2 12 80
801 2 13 80
2659 3 13 81
1535 3 14 81
1094 2 14 81
2781 2 15 81
30 2 16 81
1972 2 8 82
3520 2 9 82
1336 2 10 82
2446 1 8 82
3649 1 9 82
113 1 10 82
2775 4 8 83
1564 4 9 83
3764 3 8 83
3758 3 9 83
2929 5 12 84
2357 4 12 84
2199 3 12 84
1173 5 11 84
1676 4 11 84
796 5 8 84
3742 5 9 84
251 5 10 84
158 4 10 84
3204 3 10 84
3774 3 11 84
184 2 11 84
830 1 11 84
2391 1 12 84
3465 1 13 84
2313 1 14 84
238 1 15 84
2074 1 16 84
1977 14 0 84
3911 14 1 84
3666 14 2 84
3096 0 8 85
524 0 9 85
1092 0 10 85
71 0 11 85
2271 0 12 85
783 0 13 85
1281 0 14 85
829 0 15 85
995 0 16 85
3984 0 17 85
3042 1 17 85
2743 2 17 85
481 3 17 85
1769 7 10 86
1012 7 9 86
1263 6 12 86
1102 6 11 86
2903 7 12 86
1358 7 11 86
2829 19 0 86
67 19 1 86
1509 19 2 86
1357 18 2 86
3183 11 4 87
2396 11 3 87
1816 6 10 87
822 6 9 87
3290 6 8 87
2665 7 8 87
2974 10 2 88
704 19 18 88
1360 8 3 89
2832 7 3 89
1956 10 4 89
3246 9 4 89
872 10 3 89
1316 9 3 89
1700 9 2 89
2232 8 2 89
412 7 2 89
2388 19 19 90
1636 18 19 90
3488 18 18 90
3159 17 0 90
2687 17 1 90
3534 17 2 90
2797 17 3 90
3021 7 6 91
2607 7 5 91
528 8 4 91
1072 7 4 91
518 12 13 91
2494 17 7 91
3713 13 2 91
3822 7 7 92
736 6 7 92
791 6 6 92
2011 6 5 92
3172 6 4 92
3553 6 3 92
3321 6 2 92
2423 6 1 92
914 12 14 92
867 10 9 92
3695 10 5 92
3846 10 6 92
643 10 7 92
813 11 9 92
1437 12 9 92
2239 12 8 92
3645 12 7 92
3031 12 6 92
61 17 17 92
627 17 16 92
9659 milli sec 
point:383525
