730
2287 0 10 1
440 0 9 1
2206 0 8 1
1061 0 7 1
1775 0 6 1
3255 0 5 1
2616 0 4 1
570 0 3 1
2294 0 2 1
1217 0 1 1
435 0 0 1
412 1 10 1
452 1 9 1
1836 1 8 1
2988 1 7 1
1043 1 6 1
3331 1 5 1
1230 1 4 1
1658 1 3 1
1573 1 2 1
1339 1 1 1
2657 1 0 1
1944 2 10 1
2267 2 9 1
2211 2 8 1
3140 2 7 1
3070 2 6 1
1096 2 5 1
1517 2 4 1
3446 2 3 1
3034 2 2 1
2035 2 1 1
2633 2 0 1
2810 4 14 1
151 4 11 1
136 4 12 1
2795 4 13 1
3466 5 14 1
3523 5 11 1
1042 5 12 1
3045 5 13 1
787 0 11 1
1925 0 12 1
2582 0 13 1
2458 0 14 1
2125 0 15 1
3208 1 11 1
3216 1 12 1
2685 1 13 1
1649 1 14 1
2488 1 15 1
3082 2 11 1
3486 2 12 1
800 2 13 1
3585 2 14 1
1163 2 15 1
2965 0 19 1
2046 0 18 1
1967 0 17 1
3328 0 16 1
3178 1 19 1
2059 1 18 1
1917 1 17 1
638 1 16 1
2449 2 19 1
597 2 18 1
2791 2 17 1
1733 2 16 1
822 3 19 1
3400 3 18 1
786 3 17 1
486 3 16 1
2767 3 11 1
140 3 12 1
675 3 13 1
1921 3 14 1
2661 3 15 1
1867 4 19 1
2519 4 18 1
1580 4 17 1
2027 4 16 1
719 4 15 1
1128 5 19 1
3364 5 18 1
2959 5 17 1
2254 5 16 1
810 5 15 1
1108 6 19 1
1493 6 18 1
1870 6 17 1
236 6 16 1
1423 6 15 1
875 6 14 1
451 6 11 1
951 6 12 1
2975 6 13 1
139 7 19 1
1498 7 18 1
539 7 17 1
192 7 16 1
3426 7 15 1
1632 7 14 1
1273 7 13 1
438 14 19 1
1469 13 19 1
128 12 19 1
252 11 19 1
2764 10 19 1
2014 9 19 1
3283 8 19 1
3127 14 18 1
1922 13 18 1
3157 12 18 1
2680 11 18 1
656 10 18 1
3540 9 18 1
232 8 18 1
2036 14 17 1
3376 13 17 1
1 12 17 1
918 11 17 1
2720 10 17 1
913 9 17 1
2597 8 17 1
1897 14 15 1
954 14 16 1
3147 19 19 1
668 18 19 1
290 17 19 1
2489 16 19 1
1783 15 19 1
2549 19 18 1
883 18 18 1
2115 17 18 1
2877 16 18 1
3399 15 18 1
1723 19 17 1
1135 18 17 1
2931 17 17 1
2910 16 17 1
482 15 17 1
7 19 16 1
291 18 16 1
490 17 16 1
3236 16 16 1
2251 15 16 1
3020 19 15 1
2005 18 15 1
1316 17 15 1
1407 16 15 1
1521 15 15 1
617 19 11 1
257 19 12 1
715 19 13 1
2370 19 14 1
2587 18 11 1
2704 18 12 1
247 18 13 1
1310 18 14 1
84 17 11 1
3007 17 12 1
3059 17 13 1
280 17 14 1
352 16 13 1
2634 16 14 1
950 15 12 1
3563 15 13 1
3266 15 14 1
1888 14 12 1
933 14 13 1
1806 14 14 1
2132 16 12 1
3324 19 0 1
1477 19 1 1
967 19 2 1
2212 19 3 1
2953 19 4 1
418 19 5 1
2079 19 6 1
2935 19 7 1
389 19 8 1
1226 19 9 1
2599 19 10 1
3373 18 0 1
1972 18 1 1
1718 18 2 1
456 18 3 1
3282 18 4 1
21 18 5 1
2650 18 6 1
3589 18 7 1
754 18 8 1
569 18 9 1
1881 18 10 1
1934 11 4 1
1777 11 3 1
1683 11 0 1
1835 11 1 1
2016 11 2 1
3095 12 4 1
2255 12 3 1
700 12 0 1
2862 12 1 1
1652 12 2 1
2692 13 4 1
2535 13 3 1
3536 13 0 1
2745 13 1 1
2401 13 2 1
1707 14 4 1
1821 14 3 1
2083 14 0 1
2184 14 1 1
2663 14 2 1
1647 15 4 1
1101 15 3 1
1442 15 0 1
115 15 1 1
3132 15 2 1
200 16 0 1
3347 16 1 1
298 16 2 1
2879 17 0 1
1912 17 1 1
1183 17 2 1
2444 17 3 1
1988 17 4 1
2829 17 5 1
1757 17 6 1
3596 17 7 1
2858 17 8 1
2750 17 9 1
3023 17 10 1
2547 16 3 1
3204 16 4 1
2787 16 5 1
3537 16 6 1
728 16 7 1
988 16 8 1
1657 16 9 1
1416 16 10 1
1252 16 11 1
2847 11 5 1
979 11 6 1
2503 11 7 1
2688 11 8 1
1961 12 5 1
2274 12 6 1
3432 12 7 1
1923 12 8 1
2992 13 5 1
2517 13 6 1
2092 13 7 1
1745 13 8 1
373 14 5 1
2700 14 6 1
914 14 7 1
1507 14 8 1
2108 15 5 1
2093 15 6 1
2039 15 7 1
890 15 8 1
3353 15 9 1
1512 15 10 1
2733 15 11 1
3544 14 9 1
1341 14 10 1
891 14 11 1
1948 13 9 1
3438 13 10 1
3582 13 11 1
1807 13 12 1
2894 13 13 1
554 13 14 1
3366 13 15 1
2898 13 16 1
489 12 9 1
3152 12 10 1
114 12 11 1
2222 12 12 1
1323 12 13 1
3083 12 14 1
3333 12 15 1
3318 12 16 1
3067 11 9 1
790 11 10 1
1803 11 11 1
3069 11 12 1
2678 11 13 1
1976 11 14 1
2714 11 15 1
2737 11 16 1
442 10 16 1
334 9 16 1
2413 8 16 1
1117 10 15 1
1269 9 15 1
3002 8 15 1
2170 10 14 1
2064 9 14 1
2809 8 14 1
95 10 13 1
654 9 13 1
320 8 13 1
2135 10 12 1
1844 9 12 1
3474 8 12 1
1345 7 12 1
3016 10 11 1
1756 9 11 1
16 8 11 1
1289 7 11 1
746 10 10 1
2844 9 10 1
887 8 10 1
3143 7 10 1
2226 6 10 1
3161 5 10 1
1421 4 10 1
2540 3 10 1
1629 10 9 1
528 9 9 1
1009 8 9 1
110 7 9 1
467 6 9 1
2886 5 9 1
3253 4 9 1
2882 3 9 1
155 10 8 1
2701 9 8 1
2459 8 8 1
457 7 8 1
3072 6 8 1
120 5 8 1
265 4 8 1
736 3 8 1
1356 10 5 1
1060 10 6 1
798 10 7 1
1586 9 5 1
1569 9 6 1
2596 9 7 1
3043 8 5 1
1686 8 6 1
86 8 7 1
2154 7 5 1
25 7 6 1
1708 7 7 1
1842 6 5 1
1954 6 6 1
1297 6 7 1
303 5 4 1
998 5 5 1
1703 5 6 1
1761 5 7 1
1510 4 7 1
2322 3 7 1
1104 4 6 1
1764 3 6 1
1191 4 5 1
2240 3 5 1
2629 4 4 1
1387 3 4 1
3115 3 3 1
1938 3 2 1
1308 3 1 1
892 3 0 1
567 4 3 1
2244 4 2 1
100 4 1 1
1916 4 0 1
2918 5 3 1
852 5 2 1
58 5 1 1
1090 5 0 1
2228 6 4 1
1997 6 3 1
2705 6 2 1
3022 6 1 1
1118 6 0 1
1236 7 4 1
294 7 3 1
3028 7 2 1
2395 7 1 1
1363 7 0 1
1656 10 4 1
3361 9 4 1
424 8 4 1
637 10 3 1
858 9 3 1
1315 8 3 1
1327 10 2 1
1533 9 2 1
3160 8 2 1
701 10 1 1
3302 9 1 1
1052 8 1 1
3404 10 0 1
2611 9 0 1
850 8 0 1
2455 10 0 23
2570 9 0 23
3534 10 1 26
3273 9 1 26
48 10 2 27
3346 9 2 27
2584 10 3 29
3293 9 3 29
904 10 4 30
138 9 4 30
2652 8 4 30
3551 8 3 30
3581 8 2 30
3434 8 1 30
1711 7 4 31
928 7 3 31
2832 7 2 31
1102 7 1 31
1240 5 3 32
321 5 2 32
561 5 1 32
968 6 4 32
1342 6 3 32
3200 6 2 32
3555 6 1 32
935 4 3 33
1552 4 2 33
536 4 1 33
741 4 5 34
843 4 4 34
481 4 6 35
1940 6 5 36
1796 6 6 36
277 5 4 36
2675 5 5 36
2834 5 6 36
2007 8 5 37
694 8 6 37
3182 7 5 37
387 7 6 37
618 10 5 39
793 10 6 39
744 10 7 39
683 9 5 39
1716 9 6 39
3427 9 7 39
2817 8 7 39
593 7 7 39
2137 6 7 39
658 5 7 39
2171 4 7 39
3322 10 8 41
429 9 8 41
1858 8 8 41
1397 7 8 41
3279 6 8 41
2094 5 8 41
470 4 8 41
3329 10 9 43
3106 9 9 43
3202 8 9 43
1982 7 9 43
1845 6 9 43
986 5 9 43
3425 4 9 43
2419 10 10 45
2106 9 10 45
3052 8 10 45
874 10 11 46
1232 9 11 46
395 8 11 46
2196 10 13 47
1021 9 13 47
1811 10 12 47
1391 9 12 47
846 10 15 48
908 9 15 48
1506 10 14 48
2289 9 14 48
3502 11 9 51
3006 11 10 51
1740 11 11 51
1797 11 12 51
2424 11 13 51
615 11 14 51
411 11 15 51
3295 12 9 52
1395 12 10 52
401 12 11 52
524 12 12 52
1188 12 13 52
3263 12 14 52
976 12 15 52
475 14 9 54
1568 14 10 54
706 13 9 54
1275 13 10 54
65 15 5 55
545 15 6 55
620 15 7 55
385 14 5 56
878 14 6 56
2177 14 7 56
2308 11 5 57
2524 11 6 57
1502 11 7 57
3078 11 8 57
1528 12 5 57
2494 12 6 57
2376 12 7 57
2887 12 8 57
2537 13 5 57
190 13 6 57
922 13 7 57
2270 13 8 57
215 14 8 57
2417 15 8 57
1924 15 9 57
3471 15 10 57
3281 16 3 59
3377 16 4 59
357 16 5 59
2779 16 6 59
3401 16 7 59
2857 16 8 59
127 16 9 59
527 17 0 60
961 17 1 60
260 16 0 62
2659 16 1 62
1878 14 0 63
2113 14 1 63
40 15 4 63
2383 15 3 63
1173 15 0 63
1875 15 1 63
53 13 4 64
2165 13 3 64
124 13 0 64
664 13 1 64
1302 14 4 64
2402 14 3 64
1440 11 4 65
2769 11 3 65
417 11 0 65
2880 11 1 65
2867 11 2 65
1675 12 4 65
263 12 3 65
251 12 0 65
2334 12 1 65
670 12 2 65
3413 13 2 65
1767 14 2 65
1768 15 2 65
2689 16 2 65
498 17 2 65
2801 17 3 65
3368 17 4 65
1152 17 5 65
1141 17 6 65
1350 17 7 65
1087 17 8 65
720 17 9 65
2987 18 0 69
1864 18 1 69
1732 18 2 69
557 18 3 69
2290 18 4 69
2190 18 5 69
1272 18 6 69
494 18 7 69
488 18 8 69
1993 18 9 69
3117 6 4 70
1175 6 3 70
3030 6 2 70
3573 6 1 70
2786 16 12 71
2139 19 0 71
1962 19 1 71
1909 19 2 71
2707 19 3 71
1549 19 4 71
3492 19 5 71
210 19 6 71
3081 19 7 71
1439 19 8 71
1977 19 9 71
885 19 10 71
22 18 10 71
3001 16 13 72
2615 15 12 72
1702 15 13 72
657 14 12 72
1852 14 13 72
2610 18 11 73
1140 18 12 73
2788 18 13 73
2476 17 11 73
1808 17 12 73
3210 17 13 73
3245 19 11 75
997 19 12 75
3357 19 13 75
1987 19 14 75
3303 19 15 76
3004 18 15 76
866 17 15 76
788 16 15 76
2131 10 0 76
2066 9 0 76
2320 19 18 77
844 18 18 77
2352 17 18 77
3450 16 18 77
1646 19 17 77
1660 18 17 77
32 17 17 77
1850 16 17 77
1605 19 16 77
2521 18 16 77
1547 17 16 77
2142 16 16 77
133 18 14 77
1144 17 14 77
1244 16 14 77
2087 14 15 79
2328 14 16 79
2063 19 19 79
2866 18 19 79
119 17 19 79
2792 16 19 79
2998 15 19 79
2824 15 18 79
972 15 17 79
1522 15 16 79
2890 15 15 79
3084 15 14 79
1300 14 14 79
1513 5 2 79
1434 5 1 79
1701 14 17 80
533 13 17 80
1642 12 17 80
1041 11 17 80
346 10 17 80
1906 9 17 80
2073 14 18 81
2018 13 18 81
1765 12 18 81
2726 11 18 81
1496 10 18 81
1947 9 18 81
2739 14 19 82
3572 13 19 82
2364 12 19 82
2355 11 19 82
1598 10 19 82
2296 9 19 82
2418 8 19 82
11 10 10 83
1645 9 10 83
1277 8 10 83
563 7 19 84
2920 7 18 84
734 7 17 84
2423 7 16 84
2031 7 15 84
1801 7 14 84
1753 5 4 84
921 5 5 84
371 5 6 84
1520 6 19 85
855 6 18 85
1958 6 17 85
516 6 16 85
274 6 11 85
2408 6 12 85
2258 4 19 87
3577 4 18 87
3075 4 17 87
332 4 16 87
2405 5 19 87
2828 5 18 87
1126 5 17 87
573 5 16 87
220 4 4 87
2065 3 19 89
131 3 18 89
2976 3 17 89
2187 3 11 89
583 3 12 89
911 3 13 89
1431 3 14 89
2441 10 14 89
306 9 14 89
97 7 5 89
35 7 6 89
1551 2 19 90
871 2 18 90
3167 2 17 90
2141 13 5 90
2607 13 6 90
1594 13 7 90
775 9 11 90
3231 8 11 90
760 10 4 90
2963 9 4 90
1849 8 4 90
2973 1 19 91
2742 1 18 91
840 1 17 91
474 4 6 91
792 0 19 92
2193 0 18 92
2836 0 17 92
3248 0 16 92
2531 1 16 92
693 2 16 92
983 3 16 92
1268 8 18 92
2317 8 17 92
2513 12 0 92
3042 12 1 92
834 16 6 92
3409 16 7 92
1319 16 8 92
160 16 9 92
141 12 12 92
8430 milli sec 
point:367050
