735
3055 0 12 1
52 0 11 1
2307 0 8 1
1495 0 9 1
478 0 10 1
1386 1 12 1
2539 1 11 1
1933 1 8 1
1216 1 9 1
3205 1 10 1
2806 2 12 1
731 2 11 1
2877 2 8 1
2909 2 9 1
2111 2 10 1
649 3 12 1
2668 3 11 1
1804 3 8 1
3103 3 9 1
514 3 10 1
3488 0 19 1
3442 0 18 1
2611 0 17 1
1403 0 16 1
1200 0 15 1
1321 0 14 1
2592 0 13 1
1465 1 19 1
2180 1 18 1
3034 1 17 1
1895 1 16 1
237 1 15 1
2070 1 14 1
1741 1 13 1
1322 2 19 1
1348 2 18 1
27 2 17 1
3516 2 16 1
178 2 15 1
1097 2 14 1
1504 2 13 1
2584 3 19 1
2186 3 18 1
2031 3 17 1
1547 3 16 1
887 3 15 1
490 3 14 1
1352 3 13 1
890 4 19 1
2947 4 18 1
2573 4 17 1
745 4 16 1
765 4 15 1
1694 4 14 1
1940 4 13 1
2520 4 12 1
3473 4 11 1
3072 4 8 1
29 4 9 1
2893 4 10 1
387 5 19 1
2525 5 18 1
532 5 17 1
2374 5 16 1
2955 5 15 1
6 5 14 1
169 5 13 1
2945 5 12 1
3398 5 11 1
1890 5 10 1
2745 6 19 1
1214 6 18 1
864 6 17 1
2051 6 16 1
2944 6 15 1
3513 6 14 1
62 6 13 1
792 6 12 1
2492 6 11 1
1061 6 10 1
1987 7 19 1
646 7 18 1
3539 7 17 1
2574 7 16 1
226 7 15 1
3503 19 19 1
2288 18 19 1
3537 17 19 1
361 16 19 1
389 15 19 1
1865 14 19 1
1753 13 19 1
1362 12 19 1
3360 11 19 1
3470 10 19 1
3092 9 19 1
1531 8 19 1
543 19 18 1
208 18 18 1
3112 17 18 1
634 16 18 1
1877 15 18 1
2159 14 18 1
1450 13 18 1
2748 12 18 1
1036 11 18 1
717 10 18 1
2458 9 18 1
3441 8 18 1
766 19 17 1
1254 18 17 1
2215 17 17 1
2072 16 17 1
1907 15 17 1
1976 14 17 1
3116 13 17 1
846 12 17 1
3365 11 17 1
1697 10 17 1
832 9 17 1
2896 8 17 1
1586 19 15 1
422 19 16 1
2068 18 15 1
2824 18 16 1
1854 17 15 1
2455 17 16 1
3021 16 15 1
1421 16 16 1
2919 15 15 1
2837 15 16 1
1811 14 15 1
2145 14 16 1
1396 13 15 1
909 13 16 1
982 12 15 1
2616 12 16 1
1842 11 16 1
94 10 16 1
770 9 16 1
1160 8 16 1
2324 11 15 1
2099 10 15 1
3624 9 15 1
2244 8 15 1
861 9 14 1
1523 8 14 1
337 7 14 1
265 9 13 1
2232 8 13 1
3254 7 13 1
329 19 14 1
1646 18 14 1
3428 17 14 1
3339 16 14 1
1253 15 14 1
674 14 14 1
1546 13 14 1
2568 12 14 1
118 11 14 1
439 10 14 1
95 19 13 1
839 18 13 1
403 17 13 1
238 16 13 1
461 15 13 1
2130 14 13 1
2043 13 13 1
2135 12 13 1
3199 11 13 1
113 10 13 1
2964 19 12 1
704 18 12 1
368 17 12 1
2721 16 12 1
1072 15 12 1
254 14 12 1
255 13 12 1
3256 12 12 1
2316 11 12 1
2832 10 12 1
978 9 12 1
2301 8 12 1
442 7 12 1
44 19 11 1
835 18 11 1
1039 17 11 1
1747 16 11 1
2663 15 11 1
1225 14 11 1
2918 13 11 1
1210 12 11 1
73 11 11 1
3313 10 11 1
2323 9 11 1
1670 8 11 1
2812 7 11 1
475 19 10 1
3084 18 10 1
234 17 10 1
1545 16 10 1
2037 15 10 1
2344 14 10 1
3241 13 10 1
1736 12 10 1
1377 11 10 1
1526 10 10 1
2014 9 10 1
2015 8 10 1
1784 7 10 1
3447 14 9 1
2125 13 9 1
1056 12 9 1
1503 11 9 1
3005 10 9 1
1818 9 9 1
3526 8 9 1
1259 7 9 1
675 6 9 1
3001 5 9 1
1231 10 8 1
286 9 8 1
2378 8 8 1
699 7 8 1
595 6 8 1
1645 5 8 1
1005 10 7 1
2013 9 7 1
1232 8 7 1
2764 7 7 1
2281 6 7 1
955 5 7 1
519 4 7 1
3176 3 7 1
1052 2 7 1
435 1 7 1
2734 0 7 1
3597 14 8 1
2437 13 8 1
322 12 8 1
1893 11 8 1
2167 14 7 1
394 13 7 1
2878 12 7 1
1272 11 7 1
3070 13 6 1
608 12 6 1
2398 11 6 1
2912 10 6 1
3014 9 6 1
2113 8 6 1
2680 7 6 1
3170 6 6 1
83 5 6 1
1615 4 6 1
2002 3 6 1
3446 2 6 1
2688 1 6 1
462 0 6 1
1480 13 5 1
1125 12 5 1
3000 11 5 1
3596 10 5 1
739 9 5 1
3582 8 5 1
2325 7 5 1
1433 6 5 1
81 5 5 1
610 4 5 1
264 3 5 1
3039 2 5 1
2913 1 5 1
1944 0 5 1
2621 19 9 1
2110 18 9 1
2854 17 9 1
1274 16 9 1
2907 15 9 1
56 19 8 1
3545 18 8 1
2969 17 8 1
350 16 8 1
1974 15 8 1
2413 19 7 1
3314 18 7 1
3020 17 7 1
3180 16 7 1
2857 15 7 1
1541 19 6 1
1055 18 6 1
2898 17 6 1
2948 16 6 1
2033 15 6 1
2871 14 6 1
376 19 5 1
2766 18 5 1
268 17 5 1
2683 16 5 1
3158 15 5 1
2114 14 5 1
59 19 0 1
1863 19 1 1
215 19 2 1
280 19 3 1
3584 19 4 1
691 18 0 1
851 18 1 1
894 18 2 1
1221 18 3 1
596 18 4 1
2562 17 0 1
2815 17 1 1
2342 17 2 1
2385 17 3 1
1062 17 4 1
1704 16 0 1
3345 16 1 1
1314 16 2 1
161 16 3 1
217 16 4 1
3264 15 0 1
1328 15 1 1
560 15 2 1
511 15 3 1
179 15 4 1
3616 14 0 1
2039 14 1 1
354 14 2 1
1935 14 3 1
3610 14 4 1
1795 13 0 1
496 13 1 1
1332 13 2 1
2686 13 3 1
1928 13 4 1
2802 12 0 1
297 12 1 1
1992 12 2 1
2787 12 3 1
1594 12 4 1
1205 11 0 1
734 11 1 1
3214 11 2 1
2746 11 3 1
718 11 4 1
397 10 0 1
1110 10 1 1
2665 10 2 1
2958 10 3 1
3613 10 4 1
1719 9 0 1
1282 9 1 1
1868 9 2 1
2129 9 3 1
3326 9 4 1
571 8 0 1
1172 8 1 1
544 8 2 1
2512 8 3 1
3577 8 4 1
2181 7 0 1
706 7 1 1
2267 7 2 1
3089 7 3 1
654 7 4 1
1792 6 0 1
640 6 1 1
1971 6 2 1
927 6 3 1
2523 6 4 1
479 5 4 1
2699 4 4 1
3620 3 4 1
2528 2 4 1
321 1 4 1
2471 0 4 1
2332 5 3 1
1605 4 3 1
1820 3 3 1
2468 2 3 1
2508 1 3 1
958 0 3 1
2872 5 2 1
3209 4 2 1
1357 3 2 1
375 2 2 1
1484 1 2 1
1642 0 2 1
1128 5 1 1
3469 4 1 1
1606 3 1 1
2155 2 1 1
3053 1 1 1
1964 0 1 1
2842 5 0 1
1686 4 0 1
1156 3 0 1
338 2 0 1
68 1 0 1
2389 0 0 1
458 5 0 23
65 4 0 23
1544 3 0 23
1837 2 0 23
1287 1 0 23
2219 5 1 26
365 4 1 26
855 3 1 26
2903 2 1 26
2224 1 1 26
2254 5 2 28
2282 4 2 28
2561 3 2 28
76 2 2 28
1470 1 2 28
402 5 3 29
32 4 3 29
2453 3 3 29
1069 2 3 29
988 1 3 29
2507 6 0 34
2392 6 1 34
416 6 2 34
592 6 3 34
1712 7 0 35
333 7 1 35
1075 7 2 35
690 7 3 35
2436 8 0 36
111 8 1 36
495 8 2 36
1724 8 3 36
1685 9 0 37
2513 9 1 37
2781 9 2 37
1810 9 3 37
1175 10 0 39
3383 10 1 39
3401 10 2 39
1299 10 3 39
263 11 0 40
1529 11 1 40
2674 11 2 40
132 11 3 40
2821 12 0 42
1705 12 1 42
3265 12 2 42
2959 12 3 42
253 13 0 43
942 13 1 43
990 13 2 43
3316 13 3 43
2822 14 0 44
1843 14 1 44
465 14 2 44
696 14 3 44
2299 15 0 45
2942 15 1 45
2097 15 2 45
1688 15 3 45
1983 17 0 46
3299 17 1 46
1963 17 2 46
2090 17 3 46
1991 16 0 46
2865 16 1 46
3280 16 2 46
242 16 3 46
1402 19 0 48
2537 19 1 48
3495 19 2 48
3412 19 3 48
2475 19 4 48
652 18 0 48
3481 18 1 48
3247 18 2 48
144 18 3 48
1306 18 4 48
1466 17 4 48
3580 16 4 48
3575 15 4 48
1173 19 5 49
2168 18 5 49
3517 17 5 49
1136 16 5 49
2786 15 5 49
3174 19 6 51
2085 18 6 51
2352 17 6 51
1790 16 6 51
1483 19 8 52
1454 18 8 52
1152 17 8 52
1513 16 8 52
1640 19 7 52
2173 18 7 52
1429 17 7 52
308 16 7 52
1667 19 9 54
989 18 9 54
1969 17 9 54
692 16 9 54
2217 15 9 54
1044 15 8 54
1004 15 7 54
1839 15 6 54
1364 14 6 54
241 14 5 54
2853 13 5 56
3348 12 5 56
3051 11 5 56
787 10 5 56
428 9 5 56
1556 8 5 56
2833 7 5 56
1312 6 5 56
501 5 5 56
1806 4 5 56
1562 3 5 56
124 2 5 56
1648 1 5 56
2949 13 6 59
2169 12 6 59
1959 14 8 60
2804 13 8 60
103 12 8 60
3497 11 8 60
2117 14 7 60
1999 13 7 60
3099 12 7 60
16 11 7 60
353 11 6 60
1202 10 6 60
3468 9 6 60
77 8 6 60
831 7 6 60
3377 6 6 60
1078 5 6 60
564 4 6 60
2747 3 6 60
248 2 6 60
2118 1 6 60
1422 10 7 62
2701 9 7 62
3294 8 7 62
3234 7 7 62
61 6 7 62
3011 10 8 64
1942 9 8 64
464 8 8 64
1096 7 8 64
1838 6 8 64
3518 14 9 66
3438 13 9 66
1760 12 9 66
3141 11 9 66
1034 10 9 66
521 9 9 66
1824 8 9 66
2331 19 10 67
2650 18 10 67
3586 17 10 67
425 16 10 67
2535 15 10 67
104 14 10 67
2199 13 10 67
1372 12 10 67
923 11 10 67
2326 10 10 67
1769 9 10 67
288 8 10 67
1054 19 11 70
3181 18 11 70
3601 17 11 70
1994 16 11 70
2606 15 11 70
871 14 11 70
1341 13 11 70
3375 12 11 70
2704 11 11 70
3311 10 11 70
220 9 11 70
2397 8 11 70
2655 19 12 71
709 18 12 71
326 17 12 71
970 16 12 71
3357 15 12 71
669 14 12 71
3068 13 12 71
788 12 12 71
1950 11 12 71
1373 19 13 72
1349 18 13 72
3013 17 13 72
492 16 13 72
1356 15 13 72
1491 14 13 72
2462 13 13 72
1984 12 13 72
538 11 13 72
1277 19 14 75
1181 18 14 75
540 17 14 75
93 16 14 75
1693 15 14 75
1256 14 14 75
603 13 14 75
2213 12 14 75
1378 11 14 75
679 10 14 75
3418 9 14 76
665 9 13 76
2846 8 13 76
66 11 15 77
2047 10 15 77
400 9 15 77
3179 16 15 78
1342 15 15 78
3603 14 15 78
548 13 15 78
1067 12 15 78
3476 19 15 79
1692 19 16 79
1684 18 15 79
784 18 16 79
2300 17 15 79
3461 17 16 79
324 16 16 79
346 15 16 79
2863 14 16 79
2794 13 16 79
2582 12 16 79
2081 11 16 79
3238 10 16 79
533 9 16 79
2187 19 17 81
919 18 17 81
2702 17 17 81
1939 16 17 81
2402 15 17 81
2791 14 17 81
430 13 17 81
572 12 17 81
3069 11 17 81
2194 10 17 81
2916 9 17 81
837 19 18 83
2855 18 18 83
3161 17 18 83
810 16 18 83
785 15 18 83
3397 14 18 83
2785 13 18 83
1511 12 18 83
2617 11 18 83
1951 10 18 83
2950 9 18 83
746 8 0 84
1241 8 1 84
983 8 2 84
283 8 3 84
3230 19 19 85
1647 18 19 85
1310 17 19 85
976 16 19 85
1009 15 19 85
1979 14 19 85
1559 13 19 85
1700 12 19 85
2496 11 19 85
2134 10 19 85
1234 9 19 85
3472 8 19 85
1248 8 18 85
1269 18 0 85
63 18 1 85
3027 18 2 85
1400 18 3 85
3035 11 0 85
1167 11 1 85
1949 11 2 85
1145 11 3 85
1000 7 19 86
1211 7 18 86
1266 7 17 86
1653 7 16 86
2088 7 15 86
1943 8 17 86
757 12 0 86
3590 12 1 86
1570 12 2 86
1967 12 3 86
3349 6 19 88
619 6 18 88
3102 6 17 88
1774 6 16 88
779 6 15 88
2346 6 14 88
3462 6 13 88
152 6 12 88
3439 6 11 88
1286 5 0 89
3076 4 0 89
3093 3 0 89
1846 2 0 89
815 1 0 89
125 5 19 90
2203 5 18 90
2612 5 17 90
1487 5 16 90
3213 5 15 90
1046 5 14 90
3229 5 13 90
3312 5 12 90
312 5 11 90
3067 8 16 90
935 8 15 90
1316 8 14 90
1706 7 14 90
2707 7 13 90
1488 16 5 90
2830 15 5 90
2016 16 1 90
1995 16 2 90
778 16 3 90
2343 15 2 90
2754 15 3 90
2082 14 2 90
3062 14 3 90
2229 10 2 90
2273 10 3 90
1336 7 1 90
2361 7 2 90
3389 7 3 90
8742 milli sec 
point:387750
