722
3125 0 4 1
169 0 3 1
2145 0 2 1
1423 0 1 1
1103 0 0 1
3352 1 4 1
1989 1 3 1
2969 1 2 1
542 1 1 1
2791 1 0 1
159 2 4 1
1696 2 3 1
2765 2 2 1
3037 2 1 1
1966 2 0 1
1954 3 4 1
3405 3 3 1
1381 3 2 1
285 3 1 1
3624 3 0 1
3368 4 4 1
1511 4 3 1
3048 4 2 1
3189 4 1 1
1408 4 0 1
2650 0 19 1
1712 0 18 1
144 0 17 1
1134 0 16 1
549 0 15 1
3705 0 14 1
268 0 13 1
2850 0 12 1
275 0 11 1
1183 0 10 1
2898 0 9 1
307 0 8 1
1816 0 7 1
2227 0 6 1
1579 0 5 1
986 1 19 1
134 1 18 1
1356 1 17 1
1847 1 16 1
3935 1 15 1
1524 1 14 1
3238 1 13 1
2851 1 12 1
1638 1 11 1
2140 1 10 1
3366 1 9 1
1137 1 8 1
3833 1 7 1
2130 1 6 1
3818 1 5 1
483 2 19 1
2847 2 18 1
1984 2 17 1
2469 2 16 1
3968 2 15 1
3688 2 14 1
879 2 13 1
2579 2 12 1
24 2 11 1
2715 2 10 1
3421 2 9 1
2176 2 8 1
3786 2 7 1
1174 2 6 1
1668 2 5 1
659 3 19 1
2821 3 18 1
2409 3 17 1
827 3 16 1
2095 3 15 1
932 3 14 1
3004 3 13 1
740 3 12 1
1929 3 11 1
225 3 10 1
829 3 9 1
2346 3 8 1
3815 3 7 1
365 3 6 1
591 3 5 1
564 5 19 1
3437 4 19 1
2440 5 18 1
2635 4 18 1
3144 5 17 1
2805 4 17 1
1429 5 16 1
3147 4 16 1
2383 5 15 1
2072 4 15 1
361 4 14 1
2291 4 13 1
3847 4 12 1
2074 4 11 1
3059 4 10 1
3384 4 9 1
456 4 8 1
2542 4 7 1
359 4 6 1
2046 4 5 1
240 5 14 1
969 5 13 1
964 5 12 1
2420 5 11 1
641 5 10 1
255 5 9 1
3725 5 8 1
1892 5 7 1
3058 5 6 1
854 5 5 1
1007 5 4 1
1604 5 3 1
1760 5 2 1
2368 5 1 1
3091 5 0 1
2134 6 19 1
3528 6 18 1
1475 6 17 1
3329 6 16 1
488 6 15 1
3100 6 14 1
427 6 13 1
716 6 12 1
298 6 11 1
3131 6 10 1
991 6 9 1
203 6 8 1
130 6 7 1
2638 6 6 1
2481 6 5 1
2701 6 4 1
1936 6 3 1
2464 6 2 1
618 6 1 1
3903 6 0 1
2289 7 19 1
1813 7 18 1
732 7 17 1
2111 7 16 1
195 7 15 1
2047 7 14 1
2710 7 13 1
2537 7 12 1
1037 7 11 1
234 7 10 1
2897 7 9 1
3908 7 8 1
1649 7 7 1
2263 7 6 1
3822 7 5 1
2661 7 4 1
3408 7 3 1
901 7 2 1
1486 7 1 1
1087 7 0 1
250 19 19 1
1502 18 19 1
1390 17 19 1
3713 16 19 1
656 15 19 1
65 14 19 1
3396 13 19 1
3393 12 19 1
938 11 19 1
2200 10 19 1
3071 9 19 1
199 8 19 1
2388 19 18 1
1909 18 18 1
1823 17 18 1
2688 16 18 1
2794 15 18 1
482 14 18 1
3197 13 18 1
3826 12 18 1
1358 11 18 1
2391 10 18 1
3 9 18 1
2538 8 18 1
445 19 17 1
2042 18 17 1
1267 17 17 1
2360 16 17 1
2523 15 17 1
570 14 17 1
1490 13 17 1
1732 12 17 1
1315 11 17 1
56 10 17 1
1042 9 17 1
3689 8 17 1
2387 19 16 1
1049 18 16 1
1158 17 16 1
2980 16 16 1
765 15 16 1
2536 14 16 1
97 13 16 1
1404 12 16 1
3171 11 16 1
3375 10 16 1
1373 9 16 1
1796 8 16 1
276 19 15 1
3682 18 15 1
251 17 15 1
2275 16 15 1
3416 15 15 1
63 14 15 1
1801 13 15 1
2025 12 15 1
2248 11 15 1
1584 10 15 1
3590 9 15 1
3825 8 15 1
2678 19 0 1
1394 19 1 1
692 19 2 1
1397 19 3 1
2763 19 4 1
1741 19 5 1
630 19 6 1
3683 19 7 1
678 19 8 1
1835 19 9 1
673 19 10 1
500 19 11 1
299 19 12 1
1334 19 13 1
3586 19 14 1
2474 18 0 1
1477 18 1 1
724 18 2 1
1061 18 3 1
2505 18 4 1
3504 18 5 1
504 18 6 1
566 18 7 1
3012 18 8 1
2781 18 9 1
341 18 10 1
3304 18 11 1
1739 18 12 1
1514 18 13 1
2448 18 14 1
1888 17 0 1
719 17 1 1
2293 17 2 1
684 17 3 1
350 17 4 1
2225 17 5 1
2460 17 6 1
2011 17 7 1
1844 17 8 1
431 17 9 1
3039 17 10 1
3130 17 11 1
3371 17 12 1
7 17 13 1
1262 17 14 1
3241 16 0 1
3568 16 1 1
1978 16 2 1
3489 16 3 1
1102 16 4 1
1554 16 5 1
1988 16 6 1
1152 16 7 1
537 16 8 1
3953 16 9 1
837 16 10 1
3674 16 11 1
3667 16 12 1
1850 16 13 1
1863 16 14 1
764 15 0 1
1083 15 1 1
3933 15 2 1
3549 15 3 1
338 15 4 1
2654 15 5 1
1377 15 6 1
2795 15 7 1
1904 15 8 1
1857 15 9 1
984 15 10 1
2995 15 11 1
2298 15 12 1
1958 15 13 1
2806 15 14 1
3610 14 0 1
3952 14 1 1
3733 14 2 1
2172 14 3 1
4 14 4 1
3967 14 5 1
2471 14 6 1
3365 14 7 1
2814 14 8 1
1571 14 9 1
1437 14 10 1
2910 14 11 1
2241 14 12 1
1259 14 13 1
2712 14 14 1
1806 13 8 1
340 13 9 1
951 13 10 1
3824 13 11 1
2108 13 12 1
317 13 13 1
875 13 14 1
2358 12 14 1
1495 11 14 1
3412 10 14 1
3250 9 14 1
120 8 14 1
133 12 13 1
785 11 13 1
3374 10 13 1
2796 9 13 1
2690 8 13 1
2930 12 12 1
1403 11 12 1
2488 10 12 1
1290 9 12 1
968 8 12 1
3148 12 11 1
713 11 11 1
1376 10 11 1
2907 9 11 1
552 8 11 1
2949 12 10 1
3306 11 10 1
2158 10 10 1
2610 9 10 1
520 8 10 1
1811 12 9 1
3611 11 9 1
3902 10 9 1
3399 9 9 1
1349 8 9 1
726 12 8 1
787 11 8 1
1790 10 8 1
1749 9 8 1
1385 8 8 1
513 8 7 1
28 8 6 1
1547 8 5 1
1805 8 4 1
372 8 3 1
2231 8 2 1
303 8 1 1
944 8 0 1
3290 9 7 1
1148 9 6 1
229 9 5 1
3441 9 4 1
1478 9 3 1
2318 9 2 1
3236 9 1 1
2425 9 0 1
2545 10 7 1
872 10 6 1
2878 10 5 1
1041 10 4 1
2473 10 3 1
3950 10 2 1
929 10 1 1
485 10 0 1
3229 11 7 1
2798 11 6 1
2824 11 5 1
3351 11 4 1
1707 11 3 1
2592 11 2 1
657 11 1 1
2103 11 0 1
1886 13 7 1
737 12 7 1
1750 13 6 1
2274 12 6 1
913 13 5 1
2918 12 5 1
3831 13 4 1
2724 12 4 1
2278 13 3 1
694 12 3 1
2229 13 2 1
3116 12 2 1
110 13 1 1
3443 12 1 1
3434 13 0 1
2186 12 0 1
1870 13 0 23
2477 13 1 24
1474 13 2 25
388 13 4 26
1541 13 3 26
2146 13 6 27
137 13 5 27
2410 13 7 28
238 12 7 28
2974 12 6 28
2901 12 5 28
264 12 4 28
1523 12 3 28
2871 12 2 28
2826 12 1 28
2475 11 7 30
1840 11 6 30
3083 11 5 30
760 11 4 30
3764 11 3 30
718 11 2 30
2984 11 1 30
547 10 7 33
3015 10 6 33
550 10 5 33
3732 10 4 33
1991 10 3 33
3118 10 2 33
1762 10 1 33
371 9 7 36
1903 9 6 36
2751 9 5 36
1601 9 4 36
2138 9 3 36
1070 9 2 36
1992 9 1 36
796 12 8 38
652 11 8 38
3881 10 8 38
602 9 8 38
3459 12 9 39
2554 11 9 39
29 10 9 39
3580 9 9 39
2941 12 11 41
1821 11 11 41
3394 10 11 41
2283 9 11 41
3724 12 10 41
2290 11 10 41
74 10 10 41
2239 9 10 41
3326 12 12 42
3320 11 12 42
3323 10 12 42
3681 9 12 42
3196 12 13 43
2634 11 13 43
2363 10 13 43
119 9 13 43
408 13 8 45
3817 13 9 45
1173 13 10 45
2465 13 11 45
2330 13 12 45
2946 13 13 45
3040 14 0 48
2566 14 1 48
887 14 2 48
2541 14 3 48
244 14 4 48
3046 14 5 48
3218 14 6 48
188 14 7 48
2555 14 8 48
353 14 9 48
800 14 10 48
1106 14 11 48
748 14 12 48
3490 14 13 48
3864 15 0 51
2155 15 1 51
2198 15 2 51
1107 15 3 51
2010 15 4 51
3785 15 5 51
577 15 6 51
3846 15 7 51
1616 15 8 51
1814 15 9 51
3816 15 10 51
1744 15 11 51
39 15 12 51
3956 15 13 51
3372 16 0 57
3969 16 1 57
2014 16 2 57
2355 16 3 57
2756 16 4 57
34 16 5 57
1659 16 6 57
3146 16 7 57
1583 16 8 57
3273 16 9 57
446 16 10 57
53 16 11 57
3362 16 12 57
1666 16 13 57
2725 17 0 60
530 17 1 60
1438 17 2 60
2960 17 3 60
235 17 4 60
3867 17 5 60
142 17 6 60
3755 17 7 60
237 17 8 60
3022 17 9 60
3626 17 10 60
3227 17 11 60
3411 17 12 60
1298 17 13 60
2070 18 0 62
32 18 1 62
3451 18 2 62
48 18 3 62
3692 18 4 62
270 18 5 62
47 18 6 62
401 18 7 62
2325 18 8 62
2695 18 9 62
3756 18 10 62
3837 18 11 62
1700 18 12 62
1017 18 13 62
1051 19 0 64
2605 19 1 64
523 19 2 64
3899 19 3 64
3152 19 4 64
1734 19 5 64
2662 19 6 64
261 19 7 64
375 19 8 64
3237 19 9 64
157 19 10 64
1128 19 11 64
2022 19 12 64
1818 19 13 64
1149 19 14 64
998 18 14 64
3038 17 14 64
2301 16 14 64
1431 19 15 66
1515 18 15 66
1509 17 15 66
115 16 15 66
1462 15 15 66
1841 14 15 66
1856 13 15 66
2934 12 15 66
847 11 15 66
867 10 15 66
1367 9 15 66
1634 19 16 68
3065 18 16 68
3018 17 16 68
1121 16 16 68
1331 15 16 68
3262 14 16 68
3840 13 16 68
3770 12 16 68
1542 11 16 68
1433 10 16 68
2947 9 16 68
3482 19 17 70
3486 18 17 70
997 17 17 70
663 16 17 70
1867 15 17 70
820 14 17 70
2457 13 17 70
2707 12 17 70
1104 11 17 70
895 10 17 70
868 9 17 70
815 19 18 74
413 18 18 74
1686 17 18 74
2784 16 18 74
1192 15 18 74
61 14 18 74
62 13 18 74
3114 12 18 74
457 11 18 74
1926 10 18 74
2876 9 18 74
2078 19 19 75
1352 18 19 75
2815 17 19 75
1883 16 19 75
2955 15 19 75
468 14 19 75
1575 13 19 75
2891 12 19 75
3708 11 19 75
1735 10 19 75
3614 9 19 75
476 8 19 75
2718 8 18 75
3620 8 17 75
2324 11 7 78
832 11 6 78
3325 11 5 78
3963 11 4 78
2175 11 3 78
49 11 2 78
2361 11 1 78
2671 7 19 79
2663 7 18 79
551 7 17 79
471 7 16 79
287 7 15 79
1960 7 14 79
610 7 13 79
816 7 12 79
3473 7 11 79
269 7 10 79
3768 7 9 79
1647 7 8 79
2644 7 7 79
708 7 6 79
2642 7 5 79
1861 7 4 79
2580 7 3 79
381 7 2 79
3032 7 1 79
722 6 19 82
481 6 18 82
2825 6 17 82
2937 6 16 82
2685 6 15 82
2613 6 14 82
3738 6 13 82
561 6 12 82
3507 6 11 82
1195 6 10 82
117 6 9 82
1815 6 8 82
3782 6 7 82
1113 6 6 82
2091 6 5 82
644 6 4 82
3937 6 3 82
3656 6 2 82
776 6 1 82
1742 13 0 82
3887 13 2 83
1755 5 14 85
1708 5 13 85
2673 5 12 85
2848 5 11 85
690 5 10 85
3034 5 9 85
524 5 8 85
3407 5 7 85
1304 5 6 85
1416 12 10 85
876 11 10 85
975 10 10 85
714 9 10 85
3914 5 17 87
1934 5 16 87
1351 5 15 87
3627 5 19 88
242 4 19 88
803 5 18 88
3506 4 18 88
2552 4 17 88
172 4 16 88
3269 4 15 88
2979 4 14 88
1615 4 13 88
3485 4 12 88
662 4 11 88
750 4 10 88
3774 4 9 88
3585 4 8 88
3185 4 7 88
1673 4 6 88
2622 3 19 90
1284 3 18 90
3842 3 17 90
1535 3 16 90
1719 3 15 90
1417 3 14 90
2714 3 13 90
1306 3 12 90
1036 3 11 90
389 3 10 90
3939 3 9 90
1311 3 8 90
2468 3 7 90
1900 3 6 90
3809 2 19 93
1265 2 18 93
1602 2 17 93
1451 2 16 93
685 2 15 93
139 2 14 93
2664 2 13 93
2068 2 12 93
2197 2 11 93
2426 2 10 93
2646 2 9 93
1185 2 8 93
1277 2 7 93
3593 2 6 93
2977 11 15 93
3327 10 15 93
1568 9 15 93
9552 milli sec 
point:397275
