746
2167 3 1 1
3578 3 0 1
5694 4 1 1
333 4 0 1
4664 5 1 1
2176 5 0 1
1804 6 1 1
4328 6 0 1
779 5 5 1
1746 5 4 1
2177 5 3 1
113 5 2 1
2412 5 7 1
1289 5 6 1
4557 6 7 1
5346 6 6 1
5312 2 19 1
4679 2 18 1
760 3 19 1
5255 3 18 1
2350 3 17 1
2306 3 16 1
1537 0 19 1
5457 0 18 1
4039 0 17 1
165 0 16 1
2909 0 15 1
2540 0 14 1
5290 1 19 1
2791 1 18 1
48 1 17 1
1033 1 16 1
2380 1 15 1
2117 1 14 1
2066 2 17 1
2700 2 16 1
6037 2 15 1
4656 0 12 1
1629 0 13 1
565 1 12 1
5025 1 13 1
652 2 12 1
5240 2 13 1
5649 2 14 1
4577 3 12 1
5518 3 13 1
1675 3 14 1
1290 3 15 1
867 4 19 1
454 4 18 1
3648 4 17 1
1757 4 16 1
742 4 12 1
2398 4 13 1
5388 4 14 1
4410 4 15 1
6 5 16 1
2595 5 15 1
2408 5 14 1
1027 5 13 1
3385 4 10 1
2555 4 11 1
4644 5 10 1
1627 5 11 1
6033 5 12 1
4684 5 19 1
1865 5 18 1
2100 5 17 1
5407 10 19 1
766 9 19 1
1261 8 19 1
2948 7 19 1
2641 6 19 1
5582 10 18 1
4836 9 18 1
2320 8 18 1
5586 7 18 1
2758 6 18 1
4409 10 17 1
4645 9 17 1
221 8 17 1
4248 7 17 1
3782 6 17 1
1213 10 14 1
4728 10 15 1
1834 10 16 1
598 9 14 1
343 9 15 1
5601 9 16 1
224 8 14 1
2592 8 15 1
2769 8 16 1
803 7 16 1
5921 6 16 1
5625 7 15 1
2027 6 15 1
3411 7 14 1
4245 6 14 1
5888 6 13 1
2030 6 10 1
1390 6 11 1
230 6 12 1
2968 7 13 1
3557 7 12 1
5415 7 11 1
5545 0 11 1
3997 0 10 1
2435 0 8 1
1936 0 9 1
1775 3 11 1
4583 2 11 1
5361 1 11 1
4965 3 10 1
4402 2 10 1
2187 1 10 1
4727 1 8 1
3251 1 9 1
4025 0 6 1
2882 0 7 1
5487 1 6 1
4446 1 7 1
3677 0 0 1
1612 0 1 1
145 0 2 1
3584 0 3 1
4150 0 4 1
3345 0 5 1
1387 4 4 1
1679 3 4 1
2751 4 2 1
5960 4 3 1
2144 3 2 1
5765 3 3 1
3019 2 0 1
5272 2 1 1
2102 2 2 1
411 2 3 1
1013 1 0 1
1476 1 1 1
1172 1 2 1
3261 1 3 1
2231 1 4 1
4040 1 5 1
4378 2 4 1
5463 2 5 1
3738 2 6 1
2986 2 7 1
239 2 8 1
2772 2 9 1
788 3 5 1
6039 3 6 1
106 3 7 1
3599 3 8 1
5897 3 9 1
819 4 5 1
4434 4 6 1
1204 4 7 1
1770 4 8 1
5828 4 9 1
3975 5 8 1
451 5 9 1
2457 6 8 1
1219 6 9 1
612 7 8 1
5612 7 9 1
4983 7 10 1
1601 8 13 1
5849 8 12 1
5693 8 11 1
2940 8 9 1
2417 8 10 1
295 11 13 1
2786 10 13 1
3630 9 13 1
2321 11 12 1
4837 10 12 1
746 9 12 1
3316 11 11 1
1895 10 11 1
1086 9 11 1
1725 13 13 1
496 12 13 1
3711 11 15 1
4269 11 14 1
4070 12 15 1
4542 12 14 1
233 11 19 1
4241 11 18 1
984 11 17 1
1423 11 16 1
5850 14 19 1
5606 13 19 1
2365 12 19 1
3642 14 18 1
3744 13 18 1
3166 12 18 1
807 12 17 1
2924 12 16 1
580 13 17 1
1111 13 16 1
3548 13 15 1
3294 13 14 1
1217 14 17 1
3645 14 16 1
2752 14 15 1
3130 17 15 1
3287 16 15 1
3592 15 15 1
1498 15 19 1
3780 15 18 1
2072 15 17 1
1706 15 16 1
2099 16 19 1
2206 16 18 1
3790 16 17 1
3307 16 16 1
6073 17 19 1
5712 17 18 1
4933 17 17 1
249 17 16 1
1583 19 19 1
4782 18 19 1
3457 19 18 1
5254 18 18 1
2346 19 17 1
4259 18 17 1
1697 19 16 1
5211 18 16 1
1905 19 15 1
4581 18 15 1
3605 19 11 1
1986 19 12 1
4807 19 13 1
1403 19 14 1
2164 18 11 1
2135 18 12 1
5177 18 13 1
3145 18 14 1
4713 17 14 1
4386 16 14 1
2647 15 14 1
5703 14 14 1
5717 17 11 1
5683 17 12 1
2096 17 13 1
753 16 11 1
6014 16 12 1
5498 16 13 1
2159 15 13 1
795 14 13 1
4969 15 12 1
3020 14 12 1
1726 13 12 1
2681 12 12 1
633 15 11 1
5442 14 11 1
2697 13 11 1
1462 12 11 1
1078 14 10 1
639 13 10 1
330 12 10 1
120 11 10 1
1069 10 10 1
701 9 10 1
4043 14 6 1
5769 14 7 1
572 14 8 1
6011 14 9 1
4954 10 8 1
3972 10 7 1
1385 10 6 1
4141 10 0 1
3137 10 1 1
4715 10 2 1
3400 10 3 1
1005 10 4 1
4990 10 5 1
2724 12 8 1
2931 11 8 1
388 12 7 1
5188 11 7 1
1188 12 6 1
140 11 6 1
2696 11 0 1
1939 11 1 1
3880 11 2 1
4499 11 3 1
2507 11 4 1
4614 11 5 1
3698 12 3 1
1883 12 4 1
4528 12 5 1
1659 15 10 1
4649 15 9 1
1670 15 8 1
773 15 7 1
4641 16 10 1
4443 16 9 1
5692 16 8 1
3791 16 7 1
5519 17 10 1
4451 17 9 1
2163 17 8 1
25 19 10 1
3850 18 10 1
72 19 9 1
421 18 9 1
1363 19 8 1
975 18 8 1
3403 19 7 1
2715 18 7 1
3040 17 7 1
2253 19 6 1
5628 18 6 1
2037 17 6 1
2079 16 6 1
2133 15 6 1
754 19 3 1
3154 19 4 1
207 19 5 1
2919 18 3 1
2165 18 4 1
5874 18 5 1
1305 17 5 1
1945 16 5 1
1948 15 5 1
4996 14 5 1
5051 17 4 1
2936 16 4 1
5061 15 4 1
5984 14 4 1
1999 19 0 1
4758 19 1 1
1025 19 2 1
2381 18 0 1
5871 18 1 1
2630 18 2 1
1941 17 0 1
5643 17 1 1
2325 17 2 1
370 17 3 1
857 16 0 1
2608 16 1 1
3354 16 2 1
3575 16 3 1
2213 15 3 1
2413 14 2 1
4803 14 3 1
3581 12 0 1
19 12 1 1
3996 12 2 1
3900 15 2 1
4903 15 0 1
5087 15 1 1
442 14 0 1
1318 14 1 1
93 13 0 1
5509 13 1 1
382 13 2 1
5881 13 3 1
4635 13 4 1
547 13 5 1
5648 13 6 1
6057 13 7 1
5731 13 8 1
636 13 9 1
4449 12 9 1
718 11 9 1
1241 10 9 1
5114 9 9 1
1166 9 8 1
5423 8 8 1
5815 9 7 1
5277 8 7 1
1920 7 7 1
1463 9 6 1
2148 8 6 1
3772 7 6 1
3856 9 5 1
5339 8 5 1
2401 7 5 1
5108 6 5 1
3082 6 4 1
1203 6 3 1
5257 6 2 1
1327 9 4 1
485 8 4 1
2731 7 4 1
5443 9 3 1
5119 8 3 1
4407 7 3 1
1911 7 2 1
1681 7 1 1
1200 7 0 1
3083 8 2 1
288 8 1 1
1365 8 0 1
5267 9 2 1
1654 9 1 1
614 9 0 1
3346 9 2 27
5100 9 1 27
5001 8 2 29
3327 8 1 29
1826 9 3 30
2503 8 3 30
2410 9 4 31
884 8 4 31
5007 7 4 31
988 7 3 31
4265 9 6 33
4475 8 6 33
665 9 5 33
253 8 5 33
126 9 7 34
1698 15 0 37
5569 14 0 37
5371 13 0 37
3230 15 2 38
3235 15 1 38
5634 14 1 38
1361 13 1 38
3263 14 2 39
142 12 0 39
396 12 1 39
5914 12 2 39
5802 13 2 39
1683 16 0 40
1144 16 1 40
3012 16 2 40
3322 18 0 41
3435 18 1 41
552 17 0 41
3028 17 1 41
433 17 4 42
5365 16 4 42
2481 15 4 42
4771 19 0 42
1475 19 1 42
5181 19 2 42
2821 18 2 42
3084 17 2 42
1397 17 3 42
392 16 3 42
1215 15 3 42
220 18 3 43
5579 18 4 43
5766 19 3 44
3268 19 4 44
506 19 5 44
2683 18 5 44
260 17 5 44
3404 16 5 44
1093 19 7 45
3956 19 6 45
181 18 6 45
2687 19 9 46
4943 19 8 46
160 19 10 47
2261 18 10 47
4534 18 9 47
1838 17 10 48
4233 17 9 48
2041 17 8 48
5930 18 8 48
5927 18 7 48
2208 16 10 49
1131 16 9 49
542 16 8 49
4413 12 3 50
2534 12 4 50
5970 15 10 50
4606 15 9 50
1556 15 8 50
2252 15 7 50
3706 16 7 50
853 17 7 50
5635 17 6 50
1066 16 6 50
587 15 6 50
4525 15 5 50
1085 14 5 50
187 14 4 50
3140 11 0 52
4162 11 1 52
3392 11 2 52
3388 11 3 52
2588 11 4 52
4651 12 6 53
5696 10 0 54
4048 10 1 54
2042 10 2 54
1230 10 3 54
4253 10 4 54
772 12 8 54
2573 11 8 54
45 12 7 54
3026 11 7 54
3233 11 6 54
5123 14 6 55
1384 14 7 55
1114 14 8 55
927 14 9 55
2734 10 8 55
505 10 7 55
2186 10 6 55
634 10 5 55
1952 11 5 55
2019 12 5 55
2852 14 10 56
1846 13 10 56
1034 15 11 57
1065 14 11 57
1274 13 11 57
5624 16 11 58
5134 16 12 58
3890 15 12 58
3787 18 11 60
2668 18 12 60
1494 18 13 60
5363 17 11 60
364 17 12 60
5913 17 13 60
1301 16 13 60
3075 15 13 60
3089 19 17 61
2162 19 16 61
4077 19 15 61
4845 19 11 61
311 19 12 61
958 19 13 61
2392 19 14 61
5083 19 19 62
5356 18 19 62
341 19 18 62
5093 18 18 62
1925 18 17 62
3122 14 17 63
3846 14 16 63
6004 14 15 63
59 17 15 63
5353 16 15 63
2584 15 15 63
2710 15 19 63
5260 15 18 63
4015 15 17 63
1220 15 16 63
2394 16 19 63
2440 16 18 63
3421 16 17 63
4478 16 16 63
5725 17 19 63
1552 17 18 63
839 17 17 63
998 17 16 63
4231 18 16 63
4668 18 15 63
1035 18 14 63
412 17 14 63
1073 16 14 63
1836 15 14 63
4120 13 17 64
1014 14 19 65
3397 13 19 65
2495 12 19 65
2877 14 18 65
463 13 18 65
5126 12 18 65
892 12 17 65
4105 12 15 66
4574 11 19 66
4539 11 18 66
4287 11 17 66
2300 11 16 66
23 12 16 66
3434 13 16 66
3479 13 15 66
5939 11 15 67
4152 11 14 67
4316 11 11 68
2286 10 11 68
3016 13 13 68
2961 12 13 68
5980 12 14 68
1404 11 12 69
626 10 12 69
3939 8 9 70
662 11 13 70
354 10 13 70
5017 9 13 70
816 9 12 70
5804 9 11 70
4072 7 8 71
528 8 13 71
4376 8 12 71
2688 8 11 71
3862 5 8 72
1467 6 8 72
2315 4 5 74
4519 4 6 74
6028 4 7 74
3027 4 8 74
3839 3 5 76
1817 3 6 76
934 3 7 76
2395 3 8 76
2404 2 4 77
51 1 0 78
3870 1 1 78
1036 1 2 78
3633 4 4 79
4440 3 4 79
4779 4 2 79
1763 4 3 79
679 3 2 79
1782 3 3 79
1977 2 0 79
2275 2 1 79
2112 2 2 79
2614 2 3 79
4627 1 3 79
1079 1 4 79
3725 0 0 80
4821 0 1 80
3687 0 2 80
5866 0 3 80
3860 0 4 80
3903 0 5 80
2617 0 6 81
2679 0 7 81
2103 1 6 81
2633 1 7 81
4858 9 2 81
4745 9 1 81
1767 1 8 82
5858 0 11 83
1141 0 10 83
3892 0 8 83
3679 0 9 83
277 3 11 83
1146 2 11 83
4293 1 11 83
5216 3 10 83
1115 2 10 83
729 1 10 83
2598 1 9 83
374 6 10 84
1786 6 11 84
299 7 13 84
4477 7 15 85
1468 7 14 85
4555 8 4 85
405 7 4 85
2115 9 14 86
3696 9 15 86
1974 8 14 86
4436 8 15 86
2487 17 0 86
2958 17 1 86
3693 10 14 87
948 10 15 87
3954 10 16 87
5350 9 16 87
1651 8 16 87
2622 7 16 87
1407 10 17 88
248 9 17 88
7 8 17 88
2396 7 17 88
2475 19 0 88
369 19 1 88
1616 19 2 88
3692 18 1 88
3697 18 2 88
2332 17 2 88
87 17 3 88
5867 9 3 88
6064 8 3 88
724 7 3 88
1882 10 18 89
697 9 18 89
5557 8 18 89
329 7 18 89
1801 10 19 90
5175 9 19 90
4295 8 19 90
5745 7 19 90
3008 6 19 90
2139 6 18 90
4659 16 19 90
5699 16 18 90
5673 16 17 90
967 17 19 90
4725 17 18 90
4642 17 17 90
3061 10 8 90
593 10 7 90
2767 10 6 90
2129 4 10 91
3174 4 11 91
2051 5 10 91
2705 5 11 91
1563 5 19 91
304 5 18 91
3112 5 17 91
4380 6 17 91
897 6 16 91
2236 6 15 91
2781 6 14 91
4155 6 13 91
3783 15 10 91
417 15 9 91
780 15 8 91
735 15 7 91
3617 5 16 92
131 15 19 92
3481 15 18 92
2916 15 17 92
1609 15 16 92
1785 16 16 92
1896 17 16 92
3904 4 19 93
2750 4 18 93
2753 4 17 93
5969 4 16 93
725 4 12 93
1354 4 13 93
4563 4 14 93
4588 14 6 93
3728 14 7 93
2277 14 8 93
2969 14 9 93
3567 10 5 93
4696 12 4 93
5179 17 9 93
5924 17 8 93
1028 19 5 93
3116 18 5 93
4117 17 5 93
4182 16 5 93
1565 16 2 93
5375 16 3 93
2967 15 3 93
1522 9 5 93
1306 8 5 93
1170 1 12 94
13244 milli sec 
point:443950
