753
1873 0 14 1
1322 0 13 1
3660 0 7 1
1594 0 8 1
3127 0 9 1
4407 0 10 1
2602 0 11 1
795 0 12 1
935 1 14 1
145 1 13 1
4187 1 7 1
3840 1 8 1
3811 1 9 1
4455 1 10 1
973 1 11 1
1334 1 12 1
90 2 14 1
4973 2 13 1
4814 3 7 1
2818 3 8 1
3986 3 9 1
2985 2 7 1
4158 2 8 1
2803 2 9 1
952 2 10 1
5022 2 11 1
3856 2 12 1
3112 3 14 1
1067 3 13 1
3593 3 12 1
1758 3 11 1
1480 3 10 1
4053 4 14 1
4076 4 13 1
2049 4 12 1
1553 4 11 1
1919 4 10 1
886 0 19 1
883 0 18 1
1400 0 17 1
2138 0 16 1
4268 0 15 1
668 1 19 1
2608 1 18 1
2723 1 17 1
1904 1 16 1
5102 1 15 1
3226 2 19 1
3543 2 18 1
703 2 17 1
3166 2 16 1
5071 2 15 1
2615 3 19 1
4797 3 18 1
4898 3 17 1
466 3 16 1
2059 3 15 1
5177 4 19 1
544 4 18 1
3230 4 17 1
4142 4 16 1
3870 4 15 1
977 8 19 1
1464 7 19 1
2079 6 19 1
277 5 19 1
2363 8 18 1
2869 7 18 1
2258 6 18 1
2592 5 18 1
2587 8 17 1
3548 7 17 1
2335 6 17 1
43 5 17 1
2190 8 16 1
3217 7 16 1
847 6 16 1
3935 5 16 1
4298 5 15 1
898 5 14 1
951 5 13 1
789 5 12 1
1254 5 11 1
1551 5 10 1
1174 6 15 1
244 6 14 1
2214 6 13 1
2396 6 12 1
751 6 11 1
1819 6 10 1
1795 8 15 1
5063 7 15 1
3495 8 14 1
720 7 14 1
2156 8 13 1
3013 7 13 1
566 8 12 1
2535 7 12 1
1805 9 19 1
2697 9 18 1
2500 9 17 1
5078 9 16 1
107 9 15 1
1216 9 14 1
2086 9 13 1
2377 9 12 1
1129 10 19 1
3063 10 18 1
3934 10 17 1
4165 10 16 1
4990 10 15 1
979 10 14 1
5060 10 13 1
4494 10 12 1
3968 14 19 1
1895 13 19 1
4597 12 19 1
1069 11 19 1
131 14 18 1
1277 13 18 1
3345 12 18 1
870 11 18 1
2796 14 17 1
3788 13 17 1
2653 12 17 1
2175 11 17 1
1181 14 15 1
3893 14 16 1
4443 13 16 1
1940 12 16 1
1234 11 16 1
1534 13 15 1
4234 12 15 1
255 11 15 1
1211 13 14 1
608 12 14 1
882 11 14 1
73 13 13 1
2108 12 13 1
2444 11 13 1
2964 13 12 1
4381 12 12 1
3398 11 12 1
181 13 11 1
2960 12 11 1
4133 11 11 1
2642 10 11 1
3393 9 11 1
5155 8 11 1
1426 7 11 1
460 13 10 1
3668 12 10 1
2115 11 10 1
12 10 10 1
727 9 10 1
3695 8 10 1
17 7 10 1
2879 11 9 1
4764 10 9 1
3483 9 9 1
3759 8 9 1
5141 7 9 1
2507 6 9 1
3172 5 9 1
1643 4 9 1
2221 16 11 1
4189 15 11 1
3177 14 11 1
3742 16 10 1
3882 15 10 1
1513 14 10 1
4681 16 9 1
3890 15 9 1
3561 14 9 1
4412 13 9 1
19 12 9 1
754 14 14 1
4025 14 13 1
2465 14 12 1
3250 15 19 1
234 15 18 1
3021 15 17 1
4971 15 16 1
4040 15 15 1
1032 15 14 1
2998 15 13 1
917 15 12 1
4162 16 19 1
3884 16 18 1
1371 16 17 1
1548 16 16 1
4534 16 15 1
2085 16 14 1
4349 16 13 1
4273 16 12 1
2413 19 19 1
3370 18 19 1
3436 17 19 1
3851 19 18 1
447 18 18 1
226 17 18 1
3861 19 17 1
774 18 17 1
5229 17 17 1
33 19 16 1
1941 18 16 1
3772 17 16 1
321 19 15 1
4323 18 15 1
4263 17 15 1
167 19 14 1
775 18 14 1
4401 17 14 1
1565 19 13 1
2034 18 13 1
4386 17 13 1
3122 19 12 1
1611 18 12 1
4546 17 12 1
1965 19 11 1
2368 18 11 1
4606 17 11 1
4211 19 10 1
4347 18 10 1
3153 17 10 1
1482 19 9 1
692 18 9 1
2395 17 9 1
4872 19 8 1
3278 18 8 1
2575 17 8 1
2442 16 8 1
2376 15 8 1
3474 14 8 1
4238 13 8 1
4017 12 8 1
3236 11 8 1
4294 10 8 1
16 9 8 1
1150 8 8 1
1933 7 8 1
5128 6 8 1
3715 5 8 1
3963 4 8 1
1761 19 7 1
1638 18 7 1
1871 17 7 1
4586 16 7 1
3655 15 7 1
1848 14 7 1
3353 13 7 1
2571 12 7 1
4579 11 7 1
4372 10 7 1
5064 9 7 1
4231 8 7 1
3733 7 7 1
3627 6 7 1
3747 5 7 1
4572 4 7 1
4949 19 4 1
596 19 5 1
3219 19 6 1
3672 18 4 1
2510 18 5 1
3773 18 6 1
3220 17 4 1
1246 17 5 1
1352 17 6 1
3140 13 0 1
21 13 1 1
4887 13 2 1
5117 13 3 1
1766 13 4 1
1024 13 5 1
2743 14 0 1
726 14 1 1
5016 14 2 1
3497 14 3 1
1233 14 4 1
4083 14 5 1
1647 15 0 1
5120 15 1 1
1445 15 2 1
4687 15 3 1
2538 15 4 1
3814 15 5 1
1831 19 0 1
681 19 1 1
2379 19 2 1
3307 19 3 1
4345 18 0 1
2436 18 1 1
4404 18 2 1
1982 18 3 1
3792 17 0 1
4126 17 1 1
3038 17 2 1
4734 17 3 1
4903 16 0 1
2676 16 1 1
1190 16 2 1
2549 16 3 1
1141 16 4 1
4970 16 5 1
3669 16 6 1
3815 15 6 1
1850 14 6 1
2068 13 6 1
4745 12 0 1
3608 12 1 1
5099 12 2 1
1333 12 3 1
4421 12 4 1
3119 12 5 1
1592 12 6 1
5225 11 0 1
2280 11 1 1
3632 11 2 1
3748 11 3 1
617 11 4 1
2753 11 5 1
1564 11 6 1
1275 10 0 1
39 10 1 1
4414 10 2 1
3789 10 3 1
1963 10 4 1
758 10 5 1
4654 10 6 1
5086 8 0 1
5174 8 1 1
2984 8 2 1
2025 8 3 1
3069 8 4 1
1164 8 5 1
4116 9 0 1
1767 9 1 1
762 9 2 1
4954 9 3 1
4946 9 4 1
425 9 5 1
393 9 6 1
1207 8 6 1
507 7 6 1
3517 6 6 1
4030 5 6 1
612 4 6 1
2855 3 6 1
42 2 6 1
4225 1 6 1
975 0 6 1
3285 7 5 1
989 6 5 1
1570 5 5 1
1985 4 5 1
4697 3 5 1
4084 2 5 1
3502 1 5 1
2590 0 5 1
3468 7 0 1
4020 7 1 1
820 7 2 1
1889 7 3 1
519 7 4 1
1987 6 0 1
3540 6 1 1
2340 6 2 1
4219 6 3 1
510 6 4 1
3743 3 0 1
1701 3 1 1
3951 3 2 1
1540 3 3 1
407 4 0 1
1443 4 1 1
1116 4 2 1
1681 4 3 1
1452 5 0 1
1167 5 1 1
398 5 2 1
3151 5 3 1
719 5 4 1
2997 4 4 1
1314 3 4 1
1042 2 4 1
49 1 4 1
2191 0 4 1
924 2 3 1
3486 1 3 1
3329 0 3 1
5123 2 2 1
3699 1 2 1
2239 0 2 1
4216 2 1 1
4567 1 1 1
512 0 1 1
4437 2 0 1
3873 1 0 1
4781 0 0 1
4200 2 0 27
5150 1 0 27
1771 2 1 29
2627 1 1 29
2185 2 3 30
534 1 3 30
88 2 2 30
4339 1 2 30
4313 5 0 33
4312 5 1 33
1475 5 2 33
4695 4 0 34
5110 4 1 34
3467 4 2 34
3988 3 0 35
560 3 1 35
2854 3 2 35
2337 3 3 35
198 4 3 35
2599 5 3 35
3519 7 0 37
4245 7 1 37
4601 7 2 37
3273 7 3 37
1037 7 4 37
1623 6 0 37
78 6 1 37
81 6 2 37
2778 6 3 37
1093 6 4 37
574 5 4 37
2443 4 4 37
2652 3 4 37
4385 2 4 37
1591 1 4 37
3399 7 5 38
3094 6 5 38
1361 5 5 38
3415 4 5 38
4703 3 5 38
5026 2 5 38
3482 1 5 38
1779 8 0 41
349 8 1 41
4244 8 2 41
3129 8 3 41
2498 8 4 41
4940 8 5 41
788 9 0 41
468 9 1 41
202 9 2 41
707 9 3 41
189 9 4 41
3011 9 5 41
3234 10 0 42
2858 10 1 42
4132 10 2 42
450 10 3 42
2823 10 4 42
3723 10 5 42
4016 11 0 43
2126 11 1 43
3959 11 2 43
24 11 3 43
4320 11 4 43
3752 11 5 43
2208 12 0 44
3936 12 1 44
4463 12 2 44
4756 12 3 44
4767 12 4 44
135 12 5 44
2658 16 0 45
1307 16 1 45
3231 16 2 45
4996 17 0 47
1980 17 1 47
667 17 2 47
5075 19 0 48
4411 19 1 48
2260 19 2 48
2986 19 3 48
954 18 0 48
1286 18 1 48
4432 18 2 48
516 18 3 48
4777 17 3 48
2305 16 3 48
1142 16 4 48
907 15 0 49
2661 15 1 49
2423 15 2 49
2292 15 3 49
4704 15 4 49
4457 14 0 50
3685 14 1 50
2656 14 2 50
2874 14 3 50
4467 14 4 50
1132 19 4 51
5236 19 5 51
3944 19 6 51
15 18 4 51
2033 18 5 51
873 18 6 51
761 17 4 51
1781 17 5 51
1365 17 6 51
37 13 0 51
2497 13 1 51
2241 13 2 51
1189 13 3 51
3779 13 4 51
1793 13 5 51
2851 14 5 51
3606 15 5 51
97 16 5 51
3640 16 6 51
1536 15 6 51
4278 14 6 51
2387 13 6 51
499 12 6 51
2567 11 6 51
293 10 6 51
2657 19 7 55
5039 18 7 55
296 17 7 55
4912 16 7 55
3180 15 7 55
203 14 7 55
5000 13 7 55
4391 12 7 55
1392 11 7 55
2216 10 7 55
4590 9 7 55
4000 8 7 55
4478 7 7 55
469 6 7 55
1327 5 7 55
1219 19 8 58
769 18 8 58
2150 19 10 59
4588 18 10 59
845 19 9 59
3400 18 9 59
5144 19 11 60
3872 18 11 60
2491 19 12 61
2409 18 12 61
923 19 13 62
2983 18 13 62
2295 19 15 63
635 18 15 63
902 19 14 63
3846 18 14 63
3505 19 17 64
3684 18 17 64
2160 19 16 64
4672 18 16 64
1010 19 19 65
1014 18 19 65
3128 17 19 65
3965 19 18 65
1261 18 18 65
1613 17 18 65
542 17 17 65
102 17 16 65
2968 17 15 65
4327 17 14 65
3320 17 13 65
555 16 19 67
1585 16 18 67
539 16 17 67
1582 16 16 67
3714 16 15 67
646 16 14 67
2294 16 13 67
1557 14 14 68
4243 14 13 68
1984 14 12 68
2048 15 19 68
2356 15 18 68
724 15 17 68
396 15 16 68
563 15 15 68
1284 15 14 68
1312 15 13 68
5044 15 12 68
3181 16 12 68
2509 17 12 68
4325 17 11 68
3040 17 10 68
1459 17 9 68
381 17 8 68
1780 16 8 68
2350 15 8 68
864 14 8 68
3598 13 8 68
1902 16 11 69
1745 15 11 69
2552 14 11 69
3430 16 10 69
5018 15 10 69
3979 14 10 69
1798 16 9 69
1948 15 9 69
4580 14 9 69
5190 13 9 69
3649 12 9 69
964 11 9 71
798 10 9 71
3750 9 9 71
3800 8 9 71
1530 13 10 72
2404 12 10 72
2648 11 10 72
2663 10 10 72
2574 9 10 72
470 8 10 72
801 13 12 74
3228 12 12 74
5176 13 11 74
180 12 11 74
1070 13 14 75
2023 12 14 75
745 13 13 75
4896 12 13 75
2603 14 17 76
275 13 17 76
4975 12 17 76
223 14 15 76
1881 14 16 76
4974 13 16 76
1579 12 16 76
4003 13 15 76
1617 12 15 76
2734 6 0 76
687 6 1 76
3613 6 2 76
986 6 3 76
1079 14 18 77
4733 13 18 77
2982 12 18 77
345 14 19 78
846 13 19 78
1212 12 19 78
364 11 19 78
3744 11 18 78
741 10 19 79
1830 10 18 79
4054 10 17 79
2095 10 16 79
597 10 15 79
3065 10 14 79
1030 10 13 79
2646 2 1 80
292 1 1 80
794 8 15 82
2315 7 15 82
3300 8 14 82
1622 7 14 82
3383 8 13 82
3825 7 13 82
5010 8 12 82
1853 7 12 82
5237 9 19 82
2744 9 18 82
4600 9 17 82
639 9 16 82
1393 9 15 82
3807 9 14 82
4725 9 13 82
2789 9 12 82
2698 10 12 82
3169 13 0 82
4222 13 1 82
4574 13 2 82
4715 13 3 82
3510 13 4 82
4751 13 5 82
4792 6 15 83
2195 6 14 83
995 6 13 83
2811 6 12 83
1815 6 11 83
780 17 4 83
2084 17 5 83
4613 4 0 83
2010 4 1 83
3444 4 2 83
5037 2 2 83
5227 1 2 83
2099 9 0 85
1757 9 1 85
1625 9 2 85
404 9 3 85
4620 9 4 85
146 8 16 86
5160 7 16 86
2682 6 16 86
3757 8 18 87
4717 7 18 87
4675 6 18 87
911 8 17 87
4113 7 17 87
323 6 17 87
5089 11 0 87
446 11 1 87
4532 11 2 87
2532 11 3 87
4429 11 4 87
2273 11 5 87
2213 2 0 87
4957 1 0 87
2951 8 19 88
3489 7 19 88
3141 6 19 88
2380 5 19 88
2252 5 18 88
3559 5 17 88
3781 5 16 88
256 5 1 88
4979 5 2 88
695 4 19 89
4248 4 18 89
1947 4 17 89
4755 4 16 89
375 3 19 91
1673 3 18 91
200 3 17 91
4482 3 16 91
797 18 4 91
4290 18 5 91
2445 2 19 92
1991 2 18 92
1299 2 17 92
1245 2 16 92
731 15 1 92
3612 15 2 92
2573 15 3 92
2476 15 4 92
4262 18 0 92
4565 18 1 92
352 18 2 92
607 16 2 93
4829 0 19 94
700 0 18 94
834 0 17 94
1177 0 16 94
4367 0 15 94
3937 1 19 94
4405 1 18 94
2013 1 17 94
12910 milli sec 
point:441475
