749
1916 0 0 1
1854 0 1 1
3123 0 2 1
1937 0 3 1
2258 0 4 1
2563 0 5 1
2575 1 0 1
2433 1 1 1
102 1 2 1
2554 1 3 1
1530 1 4 1
3195 1 5 1
2896 2 0 1
2962 2 1 1
2561 2 2 1
1179 2 3 1
109 2 4 1
1925 2 5 1
3165 3 0 1
874 3 1 1
3230 3 2 1
313 3 3 1
1566 3 4 1
3450 3 5 1
38 4 0 1
2736 4 1 1
3097 4 2 1
3338 4 3 1
2152 4 4 1
2021 4 5 1
3517 5 0 1
761 5 1 1
2223 5 2 1
3280 5 3 1
1915 5 4 1
1006 5 5 1
365 6 0 1
2863 6 1 1
1230 6 2 1
343 6 3 1
3510 6 4 1
887 6 5 1
1517 0 10 1
2444 0 9 1
3585 0 8 1
806 0 6 1
2473 0 7 1
3304 1 10 1
3011 1 9 1
2305 1 8 1
2265 1 6 1
3042 1 7 1
620 2 10 1
3452 2 9 1
269 2 8 1
417 2 6 1
2070 2 7 1
3337 3 10 1
2349 3 9 1
3540 3 8 1
598 3 6 1
9 3 7 1
1053 4 10 1
2679 4 9 1
3439 4 8 1
2922 4 6 1
487 4 7 1
1951 5 10 1
307 5 9 1
1003 5 8 1
2002 5 6 1
195 5 7 1
154 6 10 1
2389 6 9 1
415 6 8 1
2212 6 6 1
3603 6 7 1
2083 7 10 1
2965 7 9 1
2846 7 8 1
2874 7 7 1
900 7 6 1
1445 7 0 1
3414 7 1 1
2295 7 2 1
2808 7 3 1
3324 7 4 1
1727 7 5 1
19 8 10 1
1833 8 9 1
993 8 8 1
1358 8 7 1
817 8 6 1
809 8 0 1
758 8 1 1
2496 8 2 1
2865 8 3 1
1953 8 4 1
1590 8 5 1
1018 9 10 1
661 9 9 1
2924 9 8 1
2658 9 7 1
977 9 6 1
2100 9 5 1
2137 9 4 1
384 9 3 1
1465 9 2 1
3004 9 1 1
23 9 0 1
563 10 10 1
2841 10 9 1
3391 10 8 1
1778 10 7 1
1693 10 6 1
548 10 5 1
2734 10 4 1
1884 10 3 1
2219 10 2 1
1395 10 1 1
3368 10 0 1
65 0 14 1
2643 0 13 1
1313 0 12 1
623 0 11 1
3000 1 14 1
1633 1 13 1
41 1 12 1
2008 1 11 1
2061 2 14 1
868 2 13 1
2248 2 12 1
3277 2 11 1
322 3 14 1
3601 3 13 1
3297 3 12 1
3524 3 11 1
3063 0 19 1
1869 0 18 1
637 0 17 1
248 0 16 1
3593 0 15 1
72 1 19 1
2504 1 18 1
374 1 17 1
64 1 16 1
2330 1 15 1
1932 2 19 1
756 2 18 1
515 2 17 1
2006 2 16 1
2423 2 15 1
1193 3 19 1
2796 3 18 1
1117 3 17 1
3404 3 16 1
3377 3 15 1
1236 4 19 1
3229 4 18 1
689 4 17 1
3590 4 16 1
2193 4 15 1
2970 4 14 1
2551 4 13 1
1220 4 12 1
1310 4 11 1
1413 5 19 1
1779 5 18 1
1426 5 17 1
608 5 16 1
66 5 15 1
2442 5 14 1
3360 5 13 1
2744 5 12 1
2829 5 11 1
2723 6 19 1
2573 6 18 1
475 6 17 1
17 6 16 1
1399 6 15 1
3145 6 14 1
205 6 13 1
1818 6 12 1
1801 6 11 1
3221 7 19 1
2233 7 18 1
1525 7 17 1
2320 7 16 1
2138 7 15 1
3372 7 14 1
3091 7 13 1
2546 7 12 1
1023 7 11 1
2725 8 19 1
2553 8 18 1
1831 8 17 1
1690 8 16 1
2742 8 15 1
579 8 14 1
1776 8 13 1
2927 8 12 1
1491 8 11 1
2853 9 19 1
1736 9 18 1
468 9 17 1
2804 9 16 1
128 9 15 1
3442 9 14 1
2050 9 13 1
2388 9 12 1
547 9 11 1
889 10 19 1
1661 10 18 1
3094 10 17 1
2079 10 16 1
259 10 15 1
143 10 14 1
2594 10 13 1
1101 10 12 1
3130 10 11 1
3172 15 19 1
1619 14 19 1
2581 13 19 1
3093 12 19 1
2307 11 19 1
2482 15 18 1
1524 14 18 1
1878 13 18 1
153 12 18 1
1397 11 18 1
2989 15 17 1
2855 14 17 1
79 13 17 1
611 12 17 1
1123 11 17 1
337 15 16 1
471 14 16 1
187 13 16 1
1156 12 16 1
223 11 16 1
1623 15 15 1
1955 14 15 1
2418 13 15 1
2630 12 15 1
2544 11 15 1
2783 19 19 1
893 18 19 1
2559 17 19 1
279 16 19 1
601 19 18 1
3563 18 18 1
3430 17 18 1
1056 16 18 1
2424 19 17 1
194 18 17 1
1610 17 17 1
2249 16 17 1
3294 19 16 1
1755 18 16 1
1143 17 16 1
3533 16 16 1
618 19 15 1
574 18 15 1
3275 17 15 1
3203 16 15 1
2597 19 14 1
1268 18 14 1
2131 17 14 1
856 16 14 1
2691 15 14 1
453 14 14 1
918 13 14 1
2794 12 14 1
2819 11 14 1
3057 19 13 1
1416 18 13 1
1871 17 13 1
1944 16 13 1
3286 15 13 1
362 14 13 1
1798 13 13 1
549 12 13 1
996 11 13 1
366 19 12 1
2081 18 12 1
3383 17 12 1
1682 16 12 1
165 15 12 1
2183 14 12 1
3175 13 12 1
2457 12 12 1
2500 11 12 1
1669 19 11 1
1743 18 11 1
539 17 11 1
1175 16 11 1
1926 15 11 1
736 14 11 1
430 13 11 1
1167 12 11 1
1113 11 11 1
610 13 10 1
1405 12 10 1
1645 11 10 1
3392 13 9 1
2505 12 9 1
1540 11 9 1
3259 11 8 1
543 11 7 1
483 19 10 1
178 18 10 1
2047 17 10 1
1648 16 10 1
771 15 10 1
3270 14 10 1
2570 19 9 1
314 18 9 1
3146 17 9 1
3596 16 9 1
3576 15 9 1
433 14 9 1
1625 19 8 1
2317 18 8 1
3137 17 8 1
2417 16 8 1
1212 15 8 1
91 14 8 1
1213 13 8 1
2439 12 8 1
2987 19 7 1
3241 18 7 1
1197 17 7 1
3441 16 7 1
2718 15 7 1
227 14 7 1
2801 13 7 1
2701 12 7 1
2042 19 6 1
1626 18 6 1
3316 17 6 1
1160 16 6 1
739 15 6 1
92 14 6 1
3455 13 6 1
616 12 6 1
1328 11 6 1
835 13 5 1
940 12 5 1
245 11 5 1
572 13 4 1
126 12 4 1
2024 11 4 1
198 19 5 1
2636 18 5 1
3495 17 5 1
435 16 5 1
260 15 5 1
3083 14 5 1
1773 19 4 1
3009 18 4 1
1109 17 4 1
1208 16 4 1
1070 15 4 1
2010 14 4 1
2555 19 3 1
1804 18 3 1
1287 17 3 1
2872 16 3 1
2556 15 3 1
2919 14 3 1
1505 13 3 1
274 12 3 1
2362 11 3 1
671 19 2 1
3301 18 2 1
2271 17 2 1
2603 16 2 1
1335 15 2 1
275 14 2 1
1376 13 2 1
2695 12 2 1
529 11 2 1
2065 19 1 1
1521 18 1 1
83 17 1 1
1885 16 1 1
1572 15 1 1
886 14 1 1
2311 13 1 1
1010 12 1 1
1317 11 1 1
2686 19 0 1
1808 18 0 1
1656 17 0 1
1928 16 0 1
751 15 0 1
1244 14 0 1
3210 13 0 1
45 12 0 1
3394 11 0 1
2870 19 0 28
1876 18 0 28
1784 17 0 28
1052 16 0 28
1846 15 0 28
49 14 0 28
1783 13 0 28
54 12 0 28
2790 19 1 30
3090 18 1 30
3030 17 1 30
3072 16 1 30
1456 15 1 30
3511 14 1 30
614 13 1 30
2951 12 1 30
1273 19 2 33
811 18 2 33
2665 17 2 33
2142 16 2 33
2022 15 2 33
1357 14 2 33
3248 13 2 33
2174 12 2 33
2371 19 4 35
2455 18 4 35
3082 17 4 35
2737 16 4 35
2118 15 4 35
2792 19 3 35
2858 18 3 35
2759 17 3 35
2869 16 3 35
2235 15 3 35
1190 13 5 37
3321 12 5 37
1479 13 4 37
3353 12 4 37
508 19 5 37
1265 18 5 37
419 17 5 37
3592 16 5 37
10 15 5 37
69 14 5 37
3481 14 4 37
1930 19 6 39
2049 18 6 39
3147 17 6 39
3411 16 6 39
863 15 6 39
1547 14 6 39
3496 13 6 39
2366 14 3 39
3278 13 3 39
254 12 3 39
2968 19 8 42
2200 18 8 42
3292 17 8 42
3119 16 8 42
2284 15 8 42
3144 19 7 42
342 18 7 42
698 17 7 42
147 16 7 42
301 15 7 42
3109 14 7 42
2944 13 7 42
1360 19 9 43
1024 18 9 43
1237 17 9 43
2019 16 9 43
2494 15 9 43
2707 19 10 44
2666 18 10 44
2192 17 10 44
823 16 10 44
340 15 10 44
967 14 10 44
1247 14 9 44
964 14 8 44
2028 13 8 44
349 12 8 44
1817 12 7 44
1552 12 6 44
2957 13 10 47
1708 12 10 47
2941 13 9 47
1481 12 9 47
500 19 11 50
2395 18 11 50
2211 17 11 50
546 16 11 50
2393 15 11 50
258 14 11 50
2088 13 11 50
2224 12 11 50
2128 19 12 52
619 18 12 52
2074 17 12 52
1722 16 12 52
506 15 12 52
1122 14 12 52
2512 13 12 52
2051 12 12 52
3636 19 13 53
484 18 13 53
2260 17 13 53
2172 16 13 53
3126 15 13 53
2641 14 13 53
2947 13 13 53
395 12 13 53
3453 19 14 55
2684 18 14 55
320 17 14 55
531 19 16 56
3062 18 16 56
2939 17 16 56
1054 19 15 56
3476 18 15 56
324 17 15 56
533 19 18 57
2462 18 18 57
2333 17 18 57
1839 19 17 57
1917 18 17 57
2306 17 17 57
2806 19 19 58
2364 18 19 58
2629 17 19 58
2535 16 19 58
3541 16 18 58
240 15 16 59
682 14 16 59
2754 13 16 59
76 12 16 59
1816 15 15 59
694 14 15 59
1382 13 15 59
40 12 15 59
575 16 17 59
1733 16 16 59
2368 16 15 59
2969 16 14 59
163 15 14 59
2048 14 14 59
3433 13 14 59
1849 12 14 59
250 15 18 61
2266 14 18 61
1252 13 18 61
1034 12 18 61
1957 15 17 61
2098 14 17 61
2080 13 17 61
2445 12 17 61
1895 15 19 62
2194 14 19 62
2149 13 19 62
958 12 19 62
1533 11 19 62
3526 11 18 62
2020 11 17 62
2849 10 19 63
70 10 18 63
520 10 17 63
1296 10 16 63
489 10 15 63
2216 10 14 63
3554 10 13 63
2244 10 12 63
2471 11 16 63
558 11 15 63
3638 9 19 65
648 9 18 65
2777 9 17 65
2469 9 16 65
716 9 15 65
926 9 14 65
3151 9 13 65
600 9 12 65
2310 8 19 66
2251 8 18 66
3200 8 17 66
1002 8 16 66
216 8 15 66
1601 8 14 66
1240 8 13 66
995 8 12 66
742 7 19 67
2639 7 18 67
1103 7 17 67
1542 7 16 67
3513 7 15 67
3627 7 14 67
1671 7 13 67
1702 7 12 67
633 6 19 69
431 6 18 69
2099 6 17 69
2507 6 16 69
478 6 15 69
2763 6 14 69
691 6 13 69
3138 6 12 69
413 5 19 70
1125 5 18 70
1488 5 17 70
2986 5 16 70
20 5 15 70
1732 5 14 70
2917 5 13 70
192 5 12 70
1942 4 19 72
299 4 18 72
708 4 17 72
3578 4 16 72
461 3 19 73
3607 3 18 73
843 3 17 73
2519 3 16 73
1102 2 19 74
3544 2 18 74
973 2 17 74
3159 2 16 74
1898 1 19 75
1217 1 18 75
1482 1 17 75
2480 1 16 75
1210 3 14 76
224 3 13 76
2412 3 12 76
3388 0 19 76
3632 0 18 76
1417 0 17 76
105 0 16 76
262 0 15 76
1314 1 15 76
821 2 15 76
123 3 15 76
3007 4 15 76
3013 4 14 76
2126 4 13 76
2705 4 12 76
2857 2 14 77
654 2 13 77
2946 2 12 77
3401 0 14 78
498 0 13 78
2243 0 12 78
536 0 11 78
1229 1 14 78
556 1 13 78
1555 1 12 78
1326 1 11 78
922 2 11 78
1437 3 11 78
1480 4 11 78
303 10 10 80
2560 10 9 80
3018 10 8 80
854 10 7 80
1847 10 6 80
403 10 5 80
2525 10 4 80
2360 10 3 80
2486 10 2 80
2651 10 1 80
580 9 10 82
1308 9 9 82
486 9 8 82
3284 9 7 82
1239 9 6 82
3610 8 0 85
1097 8 1 85
1994 8 2 85
2447 8 3 85
2335 8 4 85
861 18 2 85
157 17 2 85
27 16 2 85
2685 15 2 85
767 14 2 85
1640 13 2 85
1309 12 2 85
1266 8 10 86
1545 8 9 86
912 8 8 86
1181 8 7 86
2132 8 6 86
1862 7 0 87
697 7 1 87
703 7 2 87
3323 7 3 87
283 7 4 87
3530 6 10 88
1451 6 9 88
1260 6 8 88
1436 6 6 88
278 7 10 88
2936 7 9 88
2779 7 8 88
1337 15 15 88
1 14 15 88
191 13 15 88
3098 12 15 88
850 19 15 88
2892 18 15 88
2238 17 15 88
1999 18 10 88
1401 17 10 88
2197 16 10 88
1039 15 10 88
3523 14 10 88
1330 4 10 90
1737 4 9 90
1359 4 8 90
870 4 6 90
370 5 10 90
3432 5 9 90
1366 5 8 90
1394 5 6 90
2241 17 12 90
2046 16 12 90
1667 15 12 90
3328 14 12 90
1203 13 12 90
2765 12 12 90
1894 12 9 90
825 18 9 90
437 17 9 90
1214 16 9 90
2253 15 9 90
3265 14 9 90
2585 14 8 90
1501 13 8 90
1302 12 8 90
2807 17 6 90
530 16 6 90
2571 15 6 90
1728 14 6 90
640 13 6 90
945 2 6 91
1150 3 10 91
351 3 9 91
627 3 8 91
2816 3 6 91
3263 5 11 91
812 7 15 91
8923 milli sec 
point:394650
