735
2822 0 9 1
1261 0 8 1
3774 0 7 1
390 0 6 1
4826 0 0 1
1611 0 1 1
3719 0 2 1
3495 0 3 1
2616 0 4 1
1871 0 5 1
2522 1 9 1
3687 1 8 1
2916 1 7 1
303 1 6 1
865 1 0 1
4481 1 1 1
3357 1 2 1
566 1 3 1
2756 1 4 1
1623 1 5 1
4285 2 9 1
2672 2 8 1
3039 2 7 1
1220 2 6 1
473 2 0 1
3490 2 1 1
2742 2 2 1
1600 2 3 1
3260 2 4 1
4347 2 5 1
3899 3 9 1
3165 3 8 1
1136 3 7 1
4969 3 6 1
631 3 0 1
3779 3 1 1
3000 3 2 1
343 3 3 1
477 3 4 1
1869 3 5 1
4156 4 9 1
1184 4 8 1
1843 4 7 1
4498 4 6 1
606 4 0 1
3441 4 1 1
1557 4 2 1
4786 4 3 1
2774 4 4 1
1091 4 5 1
1456 5 9 1
4078 5 8 1
645 5 7 1
1377 5 6 1
2045 5 0 1
3348 5 1 1
2877 5 2 1
2637 5 3 1
426 5 4 1
3695 5 5 1
4490 6 9 1
2462 6 8 1
4745 6 7 1
2906 6 6 1
3040 6 0 1
4928 6 1 1
4881 6 2 1
3282 6 3 1
4586 6 4 1
1699 6 5 1
1263 7 9 1
4514 7 8 1
2109 7 7 1
4291 7 6 1
3679 7 5 1
2808 7 4 1
1004 7 3 1
2595 7 2 1
3244 7 1 1
901 7 0 1
3457 8 9 1
4487 8 8 1
4251 8 7 1
3590 8 6 1
2190 8 5 1
4072 8 4 1
1595 8 3 1
1464 8 2 1
3980 8 1 1
1017 8 0 1
4707 0 19 1
2288 0 18 1
4632 0 17 1
921 0 16 1
2405 0 15 1
2120 0 14 1
4169 0 13 1
1458 0 12 1
1187 0 10 1
3451 0 11 1
1469 1 19 1
2892 1 18 1
793 1 17 1
4777 1 16 1
4726 1 15 1
3730 1 14 1
4625 1 13 1
56 1 12 1
1176 1 10 1
3781 1 11 1
4887 2 19 1
333 2 18 1
1701 2 17 1
2274 2 16 1
4634 2 15 1
2132 2 14 1
515 2 13 1
1984 2 12 1
2512 2 10 1
4771 2 11 1
922 3 19 1
2454 3 18 1
919 3 17 1
3291 3 16 1
4630 3 15 1
456 3 14 1
4053 3 13 1
4319 3 12 1
1121 3 10 1
1164 3 11 1
2343 4 19 1
3749 4 18 1
4571 4 17 1
3555 4 16 1
4848 4 15 1
4670 4 14 1
2453 4 13 1
3459 4 12 1
3880 4 10 1
4686 4 11 1
4108 5 19 1
1354 5 18 1
4151 5 17 1
4641 5 16 1
3746 5 15 1
4057 5 14 1
3957 5 13 1
4425 5 12 1
1363 5 10 1
134 5 11 1
3598 6 19 1
2805 6 18 1
1757 6 17 1
2363 6 16 1
1998 6 15 1
2829 6 14 1
4367 6 13 1
516 6 12 1
3846 6 10 1
2872 6 11 1
123 7 19 1
4394 7 18 1
2947 7 17 1
2253 7 16 1
1709 7 15 1
4484 7 14 1
2703 7 13 1
4792 7 12 1
3971 7 10 1
822 7 11 1
2063 8 19 1
1730 8 18 1
468 8 17 1
1899 8 16 1
4616 8 15 1
1341 8 14 1
4732 8 13 1
1645 8 12 1
4089 8 10 1
499 8 11 1
1657 9 19 1
553 9 18 1
235 9 17 1
4741 9 16 1
1142 9 15 1
3008 9 14 1
2757 9 13 1
3204 9 12 1
4602 9 11 1
1026 9 10 1
2218 9 9 1
1970 9 8 1
2260 9 7 1
2915 9 6 1
3803 9 5 1
2626 9 4 1
2578 9 3 1
4326 9 2 1
3686 9 1 1
1599 9 0 1
556 10 19 1
592 10 18 1
3163 10 17 1
2951 10 16 1
2871 10 15 1
1411 10 14 1
1648 10 13 1
3255 10 12 1
1009 10 11 1
2327 10 10 1
3503 10 9 1
1265 10 8 1
657 10 7 1
4062 10 6 1
4813 10 5 1
2927 10 4 1
4250 10 3 1
301 10 2 1
3684 10 1 1
2143 10 0 1
4249 12 19 1
2058 11 19 1
4178 12 18 1
2669 11 18 1
3898 12 17 1
3208 11 17 1
4338 12 16 1
3881 11 16 1
4011 12 15 1
707 11 15 1
762 12 14 1
1223 11 14 1
4193 12 13 1
4838 11 13 1
489 12 12 1
4814 11 12 1
2733 13 19 1
3564 13 18 1
377 13 17 1
122 13 16 1
992 13 15 1
1416 13 14 1
215 13 13 1
1119 13 12 1
786 14 19 1
2977 14 18 1
4872 14 17 1
3058 14 16 1
3254 14 15 1
1774 14 14 1
2937 14 13 1
1351 14 12 1
960 19 19 1
2082 18 19 1
4658 17 19 1
2310 16 19 1
1852 15 19 1
2528 19 18 1
1479 18 18 1
2735 17 18 1
897 16 18 1
1372 15 18 1
1258 19 17 1
434 18 17 1
679 17 17 1
3486 16 17 1
3063 15 17 1
2370 19 16 1
2527 18 16 1
4833 17 16 1
1262 16 16 1
703 15 16 1
961 19 15 1
3964 18 15 1
4016 17 15 1
3429 16 15 1
999 15 15 1
4482 19 14 1
1150 18 14 1
1995 17 14 1
3797 16 14 1
2831 15 14 1
4183 19 13 1
1388 18 13 1
2807 17 13 1
2022 16 13 1
2074 15 13 1
227 19 12 1
1194 18 12 1
1034 17 12 1
2070 16 12 1
4700 15 12 1
1256 19 11 1
4023 18 11 1
1005 17 11 1
1454 16 11 1
1217 15 11 1
4317 14 11 1
4102 13 11 1
2827 12 11 1
398 11 11 1
4219 19 10 1
2531 18 10 1
4679 17 10 1
2743 16 10 1
4776 15 10 1
4307 14 10 1
1651 13 10 1
2261 12 10 1
3652 11 10 1
4333 19 9 1
815 18 9 1
1002 17 9 1
341 16 9 1
184 15 9 1
4603 14 9 1
1308 13 9 1
1193 12 9 1
2200 11 9 1
2481 19 8 1
628 18 8 1
3080 17 8 1
3134 16 8 1
3210 15 8 1
2813 14 8 1
454 13 8 1
2100 12 8 1
270 11 8 1
4180 19 7 1
3857 18 7 1
1029 17 7 1
3514 16 7 1
80 15 7 1
2903 14 7 1
825 13 7 1
3319 12 7 1
3117 11 7 1
4056 19 6 1
3549 18 6 1
1278 17 6 1
3962 16 6 1
1340 15 6 1
663 14 6 1
4918 13 6 1
1665 12 6 1
3698 11 6 1
4112 19 5 1
1546 18 5 1
2526 17 5 1
643 16 5 1
4315 15 5 1
132 14 5 1
4237 13 5 1
4039 12 5 1
3819 11 5 1
1994 19 4 1
354 18 4 1
22 17 4 1
2382 16 4 1
2886 15 4 1
2821 14 4 1
364 13 4 1
3152 12 4 1
2380 11 4 1
277 19 3 1
4567 18 3 1
2549 17 3 1
3634 16 3 1
1424 15 3 1
3463 14 3 1
4554 13 3 1
1618 12 3 1
2210 11 3 1
2053 19 2 1
2530 18 2 1
2279 17 2 1
4059 16 2 1
3977 15 2 1
3903 14 2 1
4907 13 2 1
3799 12 2 1
997 11 2 1
698 19 1 1
245 18 1 1
4660 17 1 1
2620 16 1 1
3520 15 1 1
3571 14 1 1
2847 13 1 1
1437 12 1 1
610 11 1 1
2264 19 0 1
3930 18 0 1
325 17 0 1
980 16 0 1
2665 15 0 1
4645 14 0 1
4297 13 0 1
2948 12 0 1
2783 11 0 1
4134 19 0 28
4209 18 0 28
3068 17 0 28
1889 16 0 28
4760 15 0 28
4507 14 0 28
1596 13 0 28
3274 12 0 28
966 19 1 30
71 18 1 30
1068 17 1 30
4321 16 1 30
1673 15 1 30
3304 14 1 30
4478 13 1 30
225 12 1 30
3984 19 2 32
3966 18 2 32
1526 17 2 32
2982 16 2 32
1080 15 2 32
4330 14 2 32
3153 13 2 32
1509 12 2 32
2653 19 3 34
2056 18 3 34
4957 17 3 34
2205 16 3 34
4339 15 3 34
2709 14 3 34
292 13 3 34
376 12 3 34
1022 19 4 37
1384 18 4 37
1056 17 4 37
2482 16 4 37
1530 15 4 37
2088 14 4 37
3193 13 4 37
3678 12 4 37
286 19 5 38
272 18 5 38
4621 17 5 38
3064 16 5 38
268 15 5 38
2399 14 5 38
3010 13 5 38
4766 12 5 38
2401 19 6 41
4562 18 6 41
508 17 6 41
304 16 6 41
3320 15 6 41
1678 14 6 41
4416 13 6 41
512 12 6 41
4889 19 7 42
1960 18 7 42
3591 17 7 42
3575 16 7 42
2991 15 7 42
4004 14 7 42
4316 13 7 42
1688 12 7 42
3325 19 8 44
988 18 8 44
2461 17 8 44
4803 16 8 44
3754 15 8 44
2223 14 8 44
2547 13 8 44
1111 12 8 44
2057 19 9 46
4576 18 9 46
1280 17 9 46
2375 16 9 46
2317 15 9 46
4566 14 9 46
914 13 9 46
3970 12 9 46
1566 19 10 47
2084 18 10 47
4559 17 10 47
2211 16 10 47
4952 15 10 47
3778 14 10 47
3404 13 10 47
777 12 10 47
1302 19 11 50
3999 18 11 50
4365 17 11 50
1285 16 11 50
2710 19 13 51
1042 18 13 51
4460 17 13 51
3498 16 13 51
1037 19 12 51
1892 18 12 51
4773 17 12 51
3905 16 12 51
1505 19 14 52
1554 18 14 52
1675 17 14 52
1563 16 14 52
29 19 16 54
3904 18 16 54
714 17 16 54
2183 16 16 54
4203 19 15 54
2398 18 15 54
1616 17 15 54
4325 16 15 54
3485 19 17 55
3359 18 17 55
1214 17 17 55
4407 16 17 55
3848 19 18 56
2090 18 18 56
760 17 18 56
1011 16 18 56
4631 19 19 58
4528 18 19 58
4543 17 19 58
3026 16 19 58
4126 15 19 58
15 14 19 59
321 14 18 59
2300 14 17 59
271 14 16 59
2186 14 15 59
4671 14 14 59
2257 14 13 59
1718 13 19 61
1756 13 18 61
1409 13 17 61
4269 13 16 61
1520 13 15 61
1807 13 14 61
3760 13 13 61
4723 13 12 61
1083 12 15 62
2232 12 14 62
2435 12 13 62
2444 12 12 62
2156 12 19 63
4523 11 19 63
1841 12 18 63
2259 11 18 63
1521 12 17 63
4924 11 17 63
3373 12 16 63
4864 11 16 63
330 11 15 63
273 11 14 63
1568 11 13 63
3317 11 12 63
251 14 12 63
2514 10 19 67
3185 10 18 67
1033 10 17 67
2480 10 16 67
4914 10 15 67
2040 10 14 67
4572 10 13 67
1498 10 12 67
1134 10 11 67
2043 10 10 67
810 10 9 67
1316 10 8 67
860 10 7 67
1824 10 6 67
3674 10 5 67
521 10 4 67
4018 10 3 67
1362 10 2 67
2355 10 1 67
3467 8 10 70
4521 9 19 70
510 9 18 70
2326 9 17 70
1609 9 16 70
1975 9 15 70
2534 9 14 70
4231 9 13 70
3124 9 12 70
3432 8 19 71
888 8 18 71
1696 8 17 71
3456 8 16 71
1746 8 15 71
935 8 14 71
1488 8 13 71
2766 8 12 71
731 7 10 72
3849 6 10 74
1323 7 19 74
2909 7 18 74
4802 7 17 74
4890 7 16 74
708 7 15 74
223 7 14 74
2450 7 13 74
2431 7 12 74
3276 6 19 76
4582 6 18 76
4406 6 17 76
2958 6 16 76
3028 6 15 76
4382 6 14 76
1030 6 13 76
2931 6 12 76
3021 5 10 77
3814 5 19 78
3248 5 18 78
3662 5 17 78
1604 5 16 78
1677 5 15 78
1487 5 14 78
2006 5 13 78
2124 5 12 78
483 4 10 79
4949 3 10 81
3994 4 19 81
4410 4 18 81
4851 4 17 81
10 4 16 81
1789 4 15 81
3022 4 14 81
1438 4 13 81
3219 4 12 81
501 3 19 82
2246 3 18 82
109 3 17 82
2655 3 16 82
3235 3 15 82
1987 3 14 82
2141 3 13 82
3171 3 12 82
1920 2 19 83
4261 2 18 83
1413 2 17 83
2359 2 16 83
4532 2 15 83
39 2 14 83
785 2 13 83
1988 2 12 83
1981 2 10 83
3334 1 19 84
802 1 18 84
4899 1 17 84
3120 1 16 84
3435 1 15 84
2491 1 14 84
2473 1 13 84
4574 1 12 84
163 1 10 84
4293 0 10 85
491 0 19 86
536 0 18 86
1421 0 17 86
2662 0 16 86
2157 0 15 86
3147 0 14 86
911 0 13 86
3169 0 12 86
4740 0 11 86
1781 1 11 86
976 2 11 86
1969 19 10 87
561 18 10 87
4044 17 10 87
3499 16 10 87
1815 15 10 87
4965 14 10 87
2381 13 10 87
202 12 10 87
2394 8 9 88
1453 8 8 88
774 8 7 88
4344 8 6 88
3704 8 5 88
289 8 4 88
2358 8 3 88
4575 8 2 88
1641 8 1 88
1639 19 15 89
904 18 15 89
4688 17 15 89
1647 16 15 89
3367 7 9 90
2611 7 8 90
1058 7 7 90
3014 7 6 90
2350 17 14 90
4021 16 14 90
2296 18 7 90
3395 17 7 90
3049 16 7 90
768 15 7 90
1837 14 7 90
4960 13 7 90
1313 12 7 90
748 6 9 91
4912 6 8 91
4304 6 7 91
113 6 6 91
1405 6 0 91
2720 6 1 91
4386 6 2 91
1100 6 3 91
4009 6 4 91
1155 3 11 91
2857 4 11 91
2216 5 11 91
1303 6 11 91
634 19 12 91
3108 18 12 91
4789 17 12 91
2980 16 12 91
3643 5 0 92
3906 5 1 92
3449 5 2 92
176 5 3 92
507 5 4 92
3103 7 11 92
4944 8 11 92
1225 9 11 92
1556 9 10 92
3699 9 9 92
4465 9 8 92
3711 9 7 92
4091 9 6 92
2203 9 5 92
1064 9 4 92
2902 9 3 92
11276 milli sec 
point:416950
