718
4293 6 0 1
243 6 1 1
1245 7 0 1
58 7 1 1
3963 7 2 1
4235 8 0 1
1853 8 1 1
1963 8 2 1
565 3 3 1
4083 4 5 1
3425 4 4 1
956 4 3 1
1998 7 9 1
2203 6 9 1
295 5 9 1
253 7 8 1
4104 6 8 1
2540 5 8 1
2346 6 7 1
4238 5 7 1
2274 8 9 1
684 8 10 1
2720 8 13 1
2407 8 12 1
2240 8 11 1
454 9 13 1
2566 9 12 1
3080 9 11 1
1683 11 13 1
949 10 13 1
4339 11 12 1
3589 10 12 1
1320 6 19 1
3086 6 18 1
3740 7 19 1
2133 7 18 1
4521 8 19 1
4378 8 18 1
348 8 16 1
2755 8 17 1
2372 9 19 1
2189 9 18 1
4450 9 16 1
4314 9 17 1
2678 10 19 1
3995 10 18 1
4483 0 16 1
1900 0 13 1
1509 0 14 1
2665 0 15 1
1554 1 16 1
914 1 13 1
2629 1 14 1
3008 1 15 1
4538 0 19 1
3552 0 18 1
3688 0 17 1
3729 1 19 1
186 1 18 1
2410 1 17 1
2930 2 19 1
3381 2 18 1
4062 2 17 1
3317 2 16 1
2245 0 10 1
4101 0 11 1
2963 0 12 1
4420 1 10 1
1189 1 11 1
1234 1 12 1
4057 2 10 1
2615 2 11 1
505 2 12 1
2129 2 13 1
649 2 14 1
796 2 15 1
2273 5 19 1
748 4 19 1
3447 3 19 1
3549 5 18 1
2976 4 18 1
3612 3 18 1
1555 3 17 1
538 3 16 1
2457 3 12 1
1355 3 13 1
2295 3 14 1
3698 3 15 1
4376 4 17 1
355 4 16 1
3117 7 12 1
2737 7 13 1
1492 6 12 1
3480 6 13 1
3855 7 10 1
3520 7 11 1
1115 6 10 1
2233 6 11 1
1230 5 10 1
2931 5 11 1
3920 5 12 1
740 5 13 1
3860 3 10 1
2804 3 11 1
823 4 10 1
356 4 11 1
2588 4 12 1
664 4 13 1
3749 4 14 1
3253 4 15 1
2905 5 17 1
694 5 16 1
3220 5 14 1
4006 5 15 1
4359 6 17 1
3669 6 16 1
1337 6 14 1
2760 6 15 1
3517 7 17 1
2053 7 16 1
1156 7 14 1
1534 7 15 1
480 8 14 1
1242 8 15 1
2300 9 14 1
4426 9 15 1
1670 10 14 1
1412 10 15 1
1163 10 16 1
876 10 17 1
719 11 19 1
1685 11 18 1
3998 11 14 1
1354 11 15 1
3102 11 16 1
579 11 17 1
3022 12 19 1
3662 12 18 1
3372 12 17 1
3105 12 16 1
477 13 19 1
768 13 18 1
3693 13 17 1
2079 13 16 1
3789 14 17 1
4330 14 19 1
1678 14 18 1
4298 19 19 1
185 18 19 1
116 17 19 1
1711 16 19 1
1858 15 19 1
675 19 15 1
1027 19 16 1
2108 19 17 1
3687 19 18 1
496 18 15 1
499 18 16 1
2369 18 17 1
179 18 18 1
7 17 15 1
3140 17 16 1
3853 17 17 1
2193 17 18 1
3128 16 18 1
325 15 18 1
3515 16 17 1
4513 15 17 1
4058 16 16 1
3674 15 16 1
3686 14 16 1
191 17 13 1
3350 17 14 1
882 19 14 1
2362 18 14 1
3429 19 13 1
843 18 13 1
3248 19 12 1
791 18 12 1
3071 17 12 1
1233 19 10 1
2478 19 11 1
2172 18 10 1
2163 18 11 1
957 17 10 1
1002 17 11 1
887 16 10 1
118 16 11 1
2614 16 12 1
3331 16 13 1
2411 16 14 1
4315 16 15 1
1867 15 10 1
8 15 11 1
2652 15 12 1
1240 15 13 1
3492 15 14 1
3916 15 15 1
1751 14 15 1
476 13 15 1
4311 12 15 1
2087 14 14 1
1228 13 14 1
1386 12 14 1
3574 14 13 1
3893 13 13 1
3324 12 13 1
3333 14 12 1
1615 13 12 1
1314 12 12 1
2685 14 11 1
261 13 11 1
181 12 11 1
3316 11 11 1
2927 10 11 1
3708 14 9 1
1666 14 10 1
2593 13 9 1
1116 13 10 1
2455 12 10 1
3340 11 10 1
1394 10 10 1
148 9 10 1
2312 12 9 1
3621 11 9 1
618 10 9 1
2006 9 9 1
805 14 7 1
2964 14 8 1
1035 15 9 1
3786 15 8 1
3979 17 9 1
2345 16 9 1
237 17 8 1
2010 16 8 1
271 17 7 1
2282 16 7 1
678 15 7 1
1128 17 6 1
500 16 6 1
3301 15 6 1
2555 16 5 1
21 19 9 1
1598 18 9 1
1994 19 8 1
4541 18 8 1
2469 19 7 1
3934 18 7 1
4046 19 6 1
3765 18 6 1
2143 19 5 1
3890 18 5 1
510 17 5 1
1291 19 3 1
1038 19 4 1
96 18 3 1
1884 18 4 1
555 17 3 1
1211 17 4 1
2722 16 3 1
1716 16 4 1
3599 13 0 1
3179 13 1 1
4037 13 2 1
1943 13 3 1
724 19 2 1
1158 18 2 1
4160 17 2 1
752 16 2 1
2306 15 2 1
2876 19 0 1
1866 19 1 1
3231 18 0 1
3705 18 1 1
1227 17 0 1
973 17 1 1
3613 16 0 1
1190 16 1 1
1281 15 0 1
3858 15 1 1
2684 14 0 1
818 14 1 1
3553 14 2 1
2961 14 3 1
1890 15 3 1
378 15 4 1
2011 15 5 1
3906 14 4 1
4497 14 5 1
2509 14 6 1
2440 13 4 1
656 13 5 1
3027 13 6 1
1477 13 7 1
854 13 8 1
3785 12 5 1
2177 12 6 1
3859 12 7 1
2694 12 8 1
1194 11 5 1
2459 11 6 1
312 11 7 1
2016 11 8 1
3919 10 8 1
3227 9 8 1
1559 8 8 1
3338 10 7 1
3568 9 7 1
1103 8 7 1
1003 7 7 1
4018 10 5 1
1222 10 6 1
2292 9 5 1
4476 9 6 1
3526 8 5 1
1445 8 6 1
3556 7 6 1
1136 6 6 1
151 5 6 1
1664 7 5 1
676 6 5 1
860 5 5 1
1857 5 4 1
1525 0 9 1
4172 0 8 1
1247 0 7 1
3539 0 6 1
2401 0 5 1
3376 0 4 1
2472 0 3 1
429 0 2 1
3202 0 0 1
1201 0 1 1
3544 2 9 1
1205 1 9 1
845 2 8 1
3258 1 8 1
1134 4 9 1
1969 3 9 1
2878 4 8 1
4335 3 8 1
2058 4 6 1
2441 4 7 1
4005 3 6 1
3611 3 7 1
294 2 7 1
4073 1 7 1
2704 1 6 1
1215 1 5 1
969 2 6 1
2135 3 5 1
2269 2 5 1
2805 3 4 1
3791 2 4 1
4505 1 4 1
3524 2 3 1
1731 1 3 1
2138 2 2 1
276 1 2 1
444 1 0 1
3988 1 1 1
212 2 0 1
2816 2 1 1
3464 3 0 1
4453 3 1 1
2115 3 2 1
1636 4 0 1
3602 4 1 1
1645 4 2 1
3144 5 0 1
2425 5 1 1
3211 5 2 1
1482 5 3 1
3610 6 4 1
2486 6 2 1
4282 6 3 1
2757 7 4 1
2710 7 3 1
2326 8 4 1
3648 8 3 1
135 9 4 1
1753 9 3 1
4247 9 0 1
1837 9 1 1
3494 9 2 1
1522 10 4 1
2762 10 3 1
3523 10 0 1
1148 10 1 1
3255 10 2 1
2768 11 4 1
187 11 3 1
4092 11 2 1
288 11 1 1
1815 11 0 1
2949 12 4 1
2739 12 3 1
3533 12 2 1
3452 12 1 1
1571 12 0 1
245 12 4 27
3084 12 3 27
1616 12 2 27
1208 12 1 27
3189 10 4 29
802 10 3 29
238 10 0 29
4452 10 1 29
844 11 4 29
1316 11 3 29
3397 9 0 30
1433 9 1 30
2309 9 4 31
4530 7 4 32
4372 8 4 32
354 6 4 33
3770 6 2 33
3600 5 0 35
3841 5 1 35
2968 3 0 36
2991 4 0 36
136 4 1 36
4150 1 0 37
1063 2 0 37
1457 2 2 38
2075 2 3 39
1409 3 5 40
1756 3 4 40
344 2 6 41
2270 2 5 41
506 2 4 41
4364 4 6 42
3966 4 7 42
4053 3 6 42
2106 4 9 43
1467 3 9 43
320 4 8 43
2539 3 8 43
4436 3 7 43
1396 2 7 43
2015 2 9 44
3832 1 9 44
3801 2 8 44
607 1 8 44
749 1 7 44
2973 1 6 44
2791 1 5 44
24 1 4 44
2377 1 3 44
2824 1 2 44
1538 0 0 45
1379 0 9 46
3754 0 8 46
533 0 7 46
1916 0 6 46
107 0 5 46
2420 0 4 46
1604 0 3 46
522 0 2 46
2259 0 1 46
815 1 1 46
3463 2 1 46
2004 3 1 46
4209 3 2 46
2482 7 5 47
4338 6 5 47
4535 9 5 48
3947 8 5 48
4132 10 5 49
834 10 6 49
3530 9 6 49
1470 8 6 49
3531 10 7 50
3952 9 7 50
1179 11 5 51
2084 11 6 51
4213 11 7 51
3908 13 4 52
2187 13 5 52
99 12 5 52
604 12 6 52
1626 12 7 52
1502 14 4 53
389 19 0 54
3020 19 1 54
2912 18 0 54
3730 18 1 54
1461 17 0 54
3089 17 1 54
3112 16 0 54
1494 16 1 54
1326 15 0 54
1905 14 0 54
3650 17 3 56
229 16 3 56
622 13 0 56
4179 13 1 56
1597 13 2 56
1810 13 3 56
974 19 2 56
4080 18 2 56
4189 17 2 56
4493 16 2 56
2776 15 2 56
3303 15 1 56
1606 14 1 56
742 14 2 56
4166 14 3 56
3315 15 3 56
3863 19 3 57
760 19 4 57
3864 18 3 57
1679 18 4 57
1174 19 6 58
3691 19 5 58
3417 19 8 59
769 19 7 59
4317 16 5 60
2007 19 9 60
316 18 9 60
3739 18 8 60
3738 18 7 60
1052 18 6 60
3657 17 8 61
448 17 7 61
4201 17 6 61
4256 16 6 61
3286 15 9 62
2374 17 9 62
3122 16 9 62
836 14 7 63
1069 14 8 63
1960 15 8 63
3413 16 8 63
666 16 7 63
2691 15 7 63
899 15 6 63
2584 12 9 64
2803 11 9 64
4331 10 9 64
3820 14 9 65
3435 14 10 65
4133 13 9 65
3819 13 10 65
3083 12 10 65
3925 11 10 65
1982 14 11 66
52 13 11 66
486 14 13 67
4519 13 13 67
1864 14 12 67
1783 13 12 67
2281 14 14 68
224 13 14 68
2871 15 10 69
628 15 11 69
4401 15 12 69
49 15 13 69
3087 15 14 69
862 18 10 71
1090 17 10 71
3699 16 10 71
3880 19 13 72
2387 19 12 72
4051 19 10 72
673 19 11 72
1476 18 11 72
2183 9 1 72
161 16 17 73
1521 16 16 73
1764 17 13 73
1219 17 14 73
1971 19 14 73
1786 18 14 73
73 18 13 73
2314 18 12 73
1996 17 12 73
2859 17 11 73
4309 16 11 73
3428 16 12 73
3690 16 13 73
1811 16 14 73
1361 16 15 73
3297 15 15 73
657 11 4 73
3194 11 3 73
4096 17 15 75
636 17 16 75
943 17 17 75
1979 18 15 76
1699 18 16 76
3588 18 17 76
4244 19 15 77
2582 19 16 77
4349 19 17 77
2637 19 18 77
2003 18 18 77
3471 17 18 77
4003 16 18 77
1442 14 17 78
585 14 19 78
2546 14 18 78
3137 19 19 78
777 18 19 78
552 17 19 78
4438 16 19 78
380 15 19 78
2510 15 18 78
3018 15 17 78
4232 15 16 78
2175 12 19 79
1888 12 18 79
1805 13 19 79
3939 13 18 79
2042 13 17 79
455 11 19 80
3421 11 18 80
2928 11 14 80
3329 11 15 80
3742 11 16 80
1419 9 14 81
3810 10 14 81
1225 5 0 81
2623 5 1 81
1804 7 14 82
3601 8 14 82
1846 6 14 83
377 7 17 83
266 7 16 83
2427 4 0 83
3466 4 1 83
3047 5 17 84
234 5 16 84
1928 5 14 84
303 6 17 84
111 6 16 84
4424 3 0 84
4169 3 10 85
2467 3 11 85
1895 4 10 85
4550 4 11 85
2227 4 12 85
1825 19 5 85
842 7 10 86
821 7 11 86
2534 6 10 86
1252 6 11 86
2294 5 10 86
311 5 11 86
3257 5 12 86
3291 1 9 86
2900 2 8 86
2077 1 8 86
3314 3 12 87
1304 3 13 87
1422 3 14 87
1518 4 17 87
2674 4 16 87
2430 7 12 87
2997 7 13 87
2392 6 12 87
3042 6 13 87
1536 5 13 87
2493 4 13 87
1511 4 14 87
1724 5 19 88
1046 4 19 88
2419 3 19 88
4554 5 18 88
1388 4 18 88
3391 3 18 88
977 3 17 88
3821 3 16 88
1506 14 0 88
319 2 10 89
4158 2 11 89
2742 4 8 89
1599 10 0 89
2952 10 1 89
929 0 10 90
1742 0 11 90
4322 0 12 90
3078 1 10 90
1493 1 11 90
2795 1 12 90
2126 2 12 90
543 2 13 90
880 2 14 90
1503 15 0 90
3782 4 7 90
251 3 6 90
489 1 19 91
2462 1 18 91
1533 2 19 91
465 2 18 91
31 14 8 91
850 10 6 91
2923 9 6 91
2368 10 3 91
1622 12 4 91
4187 12 3 91
3639 12 2 91
3234 12 1 91
3495 0 13 92
2994 0 14 92
3994 1 16 92
4237 1 13 92
1634 1 14 92
3175 0 19 92
4367 0 18 92
648 0 17 92
1721 1 17 92
2867 2 17 92
1718 2 16 92
1707 14 7 92
248 15 8 92
2284 18 3 92
4106 18 4 92
10121 milli sec 
point:404925
