736
4070 0 9 1
1246 0 8 1
5216 0 7 1
4042 0 6 1
3847 0 5 1
5271 0 4 1
3605 0 0 1
1444 0 1 1
5989 0 2 1
3593 0 3 1
3213 1 9 1
5252 1 8 1
1685 1 7 1
5127 1 6 1
5886 1 5 1
2259 1 4 1
4231 1 0 1
1588 1 1 1
4119 1 2 1
5329 1 3 1
4701 3 9 1
460 2 9 1
5012 3 8 1
4598 2 8 1
3623 3 7 1
5429 2 7 1
4530 6 12 1
1179 5 12 1
4679 6 11 1
3230 5 11 1
4239 4 11 1
1276 6 10 1
1723 5 10 1
4952 4 10 1
1262 0 16 1
1217 0 15 1
3251 0 10 1
3160 0 11 1
3226 0 12 1
2335 0 13 1
1473 0 14 1
483 1 16 1
5657 1 15 1
4618 1 10 1
1887 1 11 1
5671 1 12 1
3017 1 13 1
2704 1 14 1
2077 2 16 1
883 2 15 1
3571 4 12 1
4576 3 10 1
330 3 11 1
2173 3 12 1
5269 2 10 1
1255 2 11 1
1505 2 12 1
5685 2 13 1
4513 2 14 1
2109 0 19 1
5863 0 18 1
4510 0 17 1
5141 1 19 1
1193 1 18 1
1811 1 17 1
713 2 19 1
542 2 18 1
4459 2 17 1
5110 3 19 1
4253 3 18 1
829 3 17 1
4723 3 16 1
726 3 15 1
1363 3 14 1
680 3 13 1
3748 4 19 1
4192 4 18 1
2906 4 17 1
251 4 16 1
1520 4 15 1
5138 4 14 1
1100 4 13 1
4168 5 19 1
1511 5 18 1
5522 5 17 1
3100 5 16 1
2811 5 15 1
2683 5 14 1
4416 5 13 1
3596 6 19 1
317 6 18 1
5719 6 17 1
526 6 16 1
5699 6 15 1
3669 6 14 1
2878 6 13 1
1487 7 19 1
2209 7 18 1
1064 7 17 1
4129 7 16 1
3302 7 15 1
2497 7 14 1
2765 7 13 1
6103 13 19 1
2011 12 19 1
1789 11 19 1
1662 10 19 1
5573 9 19 1
4917 8 19 1
4609 13 18 1
3368 12 18 1
3310 11 18 1
2954 10 18 1
3994 9 18 1
3470 8 18 1
345 19 19 1
2105 18 19 1
415 17 19 1
4527 16 19 1
2459 15 19 1
1103 14 19 1
1173 19 18 1
5312 18 18 1
4792 17 18 1
2861 16 18 1
664 15 18 1
1725 14 18 1
1878 19 17 1
2616 18 17 1
3044 17 17 1
370 16 17 1
2328 15 17 1
256 14 17 1
1980 19 16 1
2354 18 16 1
1247 17 16 1
4048 19 12 1
4331 19 13 1
5529 19 14 1
2304 19 15 1
3910 18 12 1
6087 18 13 1
5764 18 14 1
5761 18 15 1
7 17 12 1
68 17 13 1
2195 17 14 1
1910 17 15 1
3097 19 7 1
5505 19 8 1
2123 19 9 1
383 19 10 1
5494 19 11 1
5239 18 7 1
2244 18 8 1
4064 18 9 1
6009 18 10 1
1180 18 11 1
2282 17 7 1
1370 17 8 1
2598 17 9 1
5047 17 10 1
4449 17 11 1
5341 16 7 1
1452 16 8 1
5460 16 9 1
487 16 10 1
3487 16 11 1
2056 16 12 1
4204 16 13 1
3518 16 14 1
5183 16 15 1
861 16 16 1
1718 11 11 1
3815 11 12 1
5179 11 13 1
4612 12 11 1
5011 12 12 1
1862 12 13 1
4783 12 14 1
3838 13 11 1
2851 13 12 1
3993 13 13 1
6074 13 14 1
3032 14 7 1
1418 14 8 1
173 14 9 1
1506 14 10 1
3041 14 11 1
4318 14 12 1
16 14 13 1
3582 14 14 1
3659 15 7 1
5038 15 8 1
1006 15 9 1
4454 15 10 1
5134 15 11 1
2670 15 12 1
1342 15 13 1
2327 15 14 1
136 15 15 1
258 15 16 1
5580 14 15 1
3662 14 16 1
481 13 15 1
3992 13 16 1
3936 13 17 1
966 12 15 1
431 12 16 1
5803 12 17 1
4733 11 14 1
313 11 15 1
3852 11 16 1
3175 11 17 1
3638 9 14 1
3187 9 15 1
669 9 16 1
3264 10 14 1
4859 10 15 1
4825 10 16 1
2512 10 17 1
2611 9 17 1
3419 8 17 1
121 8 16 1
4460 8 15 1
430 8 14 1
4312 10 13 1
3743 9 13 1
3676 8 13 1
5704 10 12 1
3224 9 12 1
4056 8 12 1
5896 7 12 1
6024 10 11 1
4616 9 11 1
742 8 11 1
1111 7 11 1
892 13 10 1
2564 12 10 1
1697 11 10 1
842 10 10 1
4635 9 10 1
687 8 10 1
3814 7 10 1
1573 13 9 1
3215 12 9 1
241 11 9 1
5480 10 9 1
3791 9 9 1
3557 8 9 1
4474 7 9 1
4687 6 9 1
2066 5 9 1
434 4 9 1
4692 13 8 1
5763 12 8 1
1609 11 8 1
3303 10 8 1
2651 9 8 1
4663 8 8 1
5210 7 8 1
4776 6 8 1
286 5 8 1
4805 4 8 1
2504 8 7 1
1369 7 7 1
3113 6 7 1
5599 5 7 1
380 4 7 1
2485 8 6 1
6106 7 6 1
5862 6 6 1
2752 5 6 1
60 4 6 1
2609 3 6 1
949 2 6 1
2481 8 5 1
605 7 5 1
908 6 4 1
3709 6 5 1
5619 5 4 1
5025 5 5 1
113 4 4 1
6029 4 5 1
5407 3 4 1
1596 3 5 1
1613 2 5 1
2661 2 4 1
4914 2 0 1
4865 2 1 1
1967 2 2 1
4030 2 3 1
4878 3 0 1
606 3 1 1
5033 3 2 1
1158 3 3 1
4189 4 0 1
4528 4 1 1
2594 4 2 1
1183 4 3 1
94 5 0 1
6056 5 1 1
4721 5 2 1
5286 5 3 1
2826 6 0 1
1287 6 1 1
3569 6 2 1
657 6 3 1
4017 7 4 1
5955 7 0 1
4353 7 1 1
4790 7 2 1
4279 7 3 1
1419 8 4 1
1844 8 0 1
2351 8 1 1
396 8 2 1
4867 8 3 1
935 9 7 1
421 9 6 1
723 9 5 1
3799 9 4 1
477 9 0 1
5508 9 1 1
5762 9 2 1
5459 9 3 1
1900 10 7 1
2372 10 6 1
5557 10 5 1
932 10 4 1
489 10 0 1
3844 10 1 1
1856 10 2 1
2517 10 3 1
2097 11 7 1
1069 11 6 1
4049 11 5 1
2682 11 4 1
2988 11 0 1
5447 11 1 1
2799 11 2 1
447 11 3 1
2885 13 7 1
3602 12 7 1
2753 12 6 1
805 12 5 1
5220 12 4 1
2977 12 0 1
4392 12 1 1
4893 12 2 1
2089 12 3 1
4419 13 6 1
2111 13 5 1
3392 13 4 1
1993 13 0 1
3849 13 1 1
4370 13 2 1
5634 13 3 1
3277 14 6 1
1273 14 5 1
5290 14 4 1
1647 14 0 1
2005 14 1 1
1009 14 2 1
1274 14 3 1
5412 15 6 1
4832 15 5 1
2982 15 4 1
4176 15 0 1
1874 15 1 1
5086 15 2 1
1123 15 3 1
6039 16 6 1
5998 16 5 1
2380 16 4 1
133 16 3 1
5606 16 2 1
5119 16 1 1
4728 16 0 1
4588 17 6 1
2593 17 5 1
2754 17 4 1
297 17 3 1
4468 17 2 1
4271 17 1 1
1591 17 0 1
6112 19 6 1
4484 18 6 1
6021 19 5 1
1674 18 5 1
3421 19 4 1
2261 18 4 1
5553 19 3 1
1385 18 3 1
587 19 2 1
2892 18 2 1
362 19 1 1
4158 18 1 1
2136 19 0 1
5582 18 0 1
5967 19 0 26
3295 19 1 28
4996 19 2 30
5311 19 4 31
2246 19 3 31
4047 19 6 32
1807 18 6 32
3687 19 5 32
2903 18 5 32
6042 18 4 32
1834 18 3 32
5316 18 2 32
1497 18 1 32
4847 17 6 34
4828 17 5 34
2255 17 4 34
5838 17 3 34
3551 17 2 34
1252 17 1 34
5755 16 6 36
5674 16 5 36
5797 16 4 36
4886 15 6 37
610 15 5 37
1638 15 4 37
4303 15 0 37
5088 15 1 37
2990 15 2 37
777 14 0 38
3919 14 1 38
5851 14 2 38
3064 14 6 39
543 14 5 39
4415 14 4 39
1414 13 0 40
5705 13 1 40
3260 13 2 40
1068 12 0 41
2013 12 1 41
3851 12 2 41
4238 13 6 41
649 13 5 41
2466 13 4 41
3373 11 0 42
3901 11 1 42
5057 11 2 42
5533 13 7 42
1156 12 7 42
5923 12 6 42
196 12 5 42
1386 12 4 42
4985 10 0 43
1941 10 1 43
5820 10 2 43
3149 11 7 43
1001 11 6 43
4395 11 5 43
1979 11 4 43
6113 10 7 45
4422 10 6 45
1899 10 5 45
2028 10 4 45
3257 9 0 46
1755 9 1 46
5947 9 2 46
1331 9 7 47
1244 9 6 47
2782 9 5 47
5024 9 4 47
813 7 4 48
2842 7 0 48
452 7 1 48
3463 7 2 48
1267 8 4 48
424 8 0 48
1745 8 1 48
4089 8 2 48
152 5 0 50
3978 5 1 50
6076 5 2 50
5244 6 0 50
2352 6 1 50
4181 6 2 50
2036 4 0 51
2009 4 1 51
5554 4 2 51
4690 3 0 52
2202 3 1 52
2427 3 2 52
385 2 0 53
4630 2 1 53
465 2 2 53
2719 4 4 54
1742 3 4 54
3292 6 4 55
4539 5 4 55
5742 8 5 56
5251 7 5 56
2741 6 5 56
5775 5 5 56
1175 4 5 56
2693 3 5 56
1578 8 6 57
3841 7 6 57
4796 6 6 57
1937 5 6 57
2448 8 7 58
1949 7 7 58
2654 6 7 58
3915 5 7 58
1827 13 8 60
174 12 8 60
1435 11 8 60
3793 10 8 60
6114 9 8 60
5426 8 8 60
1411 7 8 60
1724 6 8 60
5694 5 8 60
4659 13 9 62
5070 12 9 62
4711 11 9 62
58 10 9 62
209 9 9 62
3016 8 9 62
2562 13 10 64
2329 12 10 64
3649 11 10 64
4051 10 10 64
1877 9 10 64
1984 8 10 64
4699 10 12 65
3396 9 12 65
1436 10 11 65
1989 9 11 65
5248 8 11 65
3185 10 13 66
1881 9 13 66
327 9 14 67
2523 9 15 67
75 9 16 67
98 10 14 67
596 10 15 67
3203 10 16 67
213 12 15 68
183 12 16 68
1875 11 14 68
4895 11 15 68
503 11 16 68
3019 14 15 69
6020 13 15 69
996 15 7 70
1776 15 8 70
5401 15 9 70
3549 15 10 70
4625 15 11 70
1616 15 12 70
4544 15 13 70
630 13 11 71
787 13 12 71
443 13 13 71
4627 14 7 71
4737 14 8 71
4352 14 9 71
5247 14 10 71
5375 14 11 71
4274 14 12 71
4171 14 13 71
2349 11 11 72
2373 11 12 72
2585 11 13 72
1152 12 11 72
4808 12 12 72
6044 12 13 72
2197 12 14 72
3864 13 14 72
218 16 7 73
6054 16 8 73
2899 16 9 73
3668 16 10 73
3301 19 5 73
4305 17 7 74
3587 17 8 74
4534 17 9 74
5004 17 10 74
109 19 7 75
2154 19 8 75
119 19 9 75
3318 19 10 75
948 19 11 75
3071 18 7 75
3606 18 8 75
5848 18 9 75
5793 18 10 75
1213 18 11 75
2367 17 11 75
407 16 11 75
5549 16 12 75
3313 16 13 75
438 16 14 75
2739 18 12 76
5050 18 13 76
6053 18 14 76
2529 17 12 76
1066 17 13 76
4067 17 14 76
5469 19 12 77
469 19 13 77
736 19 14 77
702 19 15 77
340 18 15 77
5031 19 16 78
5523 18 16 78
5298 17 16 78
6062 19 18 79
529 18 18 79
4837 17 18 79
3352 16 18 79
3686 15 18 79
4683 19 17 79
1425 18 17 79
138 17 17 79
4863 16 17 79
35 15 17 79
5053 19 2 79
5583 19 19 80
5391 18 19 80
76 17 19 80
1808 16 19 80
1334 15 19 80
5715 14 19 80
1708 14 18 80
5934 14 17 80
1777 13 19 81
4220 12 19 81
4671 11 19 81
4560 10 19 81
299 9 19 81
3507 8 19 81
4254 13 18 81
4826 12 18 81
3483 11 18 81
2341 10 18 81
1640 9 18 81
3721 8 18 81
3406 7 19 82
2414 7 18 82
4286 7 17 82
2192 7 16 82
3475 7 15 82
3012 7 14 82
5235 8 0 83
2300 8 1 83
5816 8 2 83
2215 13 6 83
698 13 5 83
2228 13 4 83
4016 17 6 83
622 17 5 83
5488 17 4 83
3089 17 3 83
3214 17 2 83
3612 17 1 83
4950 6 19 84
699 6 18 84
2003 6 17 84
161 6 16 84
5250 6 15 84
3822 6 14 84
3306 8 4 84
3928 5 19 85
2694 5 18 85
2634 5 17 85
390 5 16 85
2828 5 15 85
2124 5 14 85
440 4 19 86
5524 4 18 86
954 4 17 86
5333 4 16 86
1464 4 15 86
2065 4 14 86
4491 19 0 86
5581 3 19 87
140 3 18 87
1063 9 1 87
4255 9 2 87
921 2 19 88
3990 2 18 88
3823 7 4 88
5175 7 0 88
2185 7 1 88
4332 7 2 88
4771 15 0 88
5151 15 1 88
4911 15 2 88
1954 1 19 89
1633 1 18 89
2967 19 6 89
5860 18 6 89
295 19 1 89
4695 0 19 90
5614 0 18 90
453 0 17 90
5196 1 17 90
5373 2 17 90
3644 3 17 90
3740 3 16 90
2822 3 15 90
4280 2 16 91
5405 2 15 91
4 4 12 91
3334 3 10 91
1643 3 11 91
4223 3 12 91
5709 2 10 91
5794 2 11 91
2692 2 12 91
285 2 13 91
1566 1 16 93
1799 1 15 93
462 1 10 93
4439 1 11 93
3950 1 12 93
394 1 13 93
2510 11 7 93
2270 11 6 93
1322 11 5 93
844 11 4 93
3079 12 0 93
5094 12 1 93
2549 12 2 93
1289 14 1 93
4843 14 2 93
2735 15 5 93
725 15 4 93
13967 milli sec 
point:442425
