783
3754 11 3 1
2486 11 2 1
4654 11 1 1
3887 11 0 1
5776 12 3 1
5226 12 2 1
1344 12 1 1
2383 12 0 1
4854 0 19 1
53 0 18 1
2063 0 17 1
5209 0 16 1
3222 0 15 1
2716 0 14 1
3312 0 13 1
3807 0 12 1
4029 0 11 1
4411 0 10 1
3084 0 9 1
4751 0 8 1
1078 1 19 1
244 1 18 1
2355 1 17 1
703 1 16 1
5299 1 15 1
4161 1 14 1
2460 1 13 1
3507 1 12 1
59 1 11 1
1899 1 10 1
4362 1 9 1
4815 1 8 1
1761 2 19 1
1377 2 18 1
3681 2 17 1
1405 2 16 1
5053 2 15 1
5233 2 14 1
2576 2 13 1
1026 2 12 1
3659 2 11 1
4223 2 10 1
5826 2 9 1
1767 2 8 1
3275 3 19 1
1571 3 18 1
460 3 17 1
382 3 16 1
4093 3 15 1
3085 3 14 1
4989 3 13 1
2559 3 12 1
1666 3 11 1
3329 3 10 1
3772 3 9 1
3480 3 8 1
5504 6 19 1
4121 5 19 1
1549 4 19 1
873 6 18 1
899 5 18 1
1721 4 18 1
1982 6 17 1
4474 5 17 1
3975 4 17 1
5034 6 16 1
284 5 16 1
4194 4 16 1
1945 6 15 1
3244 5 15 1
4442 4 15 1
5963 6 14 1
5127 5 14 1
3214 4 14 1
4532 6 13 1
2635 5 13 1
2866 4 13 1
5182 6 12 1
4694 5 12 1
2459 4 12 1
1109 4 11 1
2739 4 10 1
3272 4 9 1
2201 0 0 1
604 0 1 1
3676 0 2 1
2041 0 3 1
2912 0 4 1
5494 0 5 1
428 0 6 1
3627 0 7 1
3437 1 0 1
3619 1 1 1
4584 1 2 1
2106 1 3 1
3280 1 4 1
3517 1 5 1
5652 1 6 1
744 1 7 1
1738 2 0 1
340 2 1 1
1757 2 2 1
4151 2 3 1
4524 2 4 1
454 2 5 1
5050 2 6 1
5358 2 7 1
4073 3 0 1
2346 3 1 1
2817 3 2 1
775 3 3 1
2397 3 4 1
3547 3 5 1
1215 3 6 1
5589 3 7 1
693 4 0 1
2389 4 1 1
3825 4 2 1
2537 4 3 1
3982 4 4 1
2314 4 5 1
2677 4 6 1
3688 4 7 1
1479 4 8 1
179 5 11 1
1987 5 10 1
3068 5 9 1
2796 5 0 1
3467 5 1 1
4962 5 2 1
2414 5 3 1
5282 5 4 1
5489 5 5 1
3732 5 6 1
5569 5 7 1
198 5 8 1
627 6 11 1
3777 6 10 1
4829 6 9 1
2719 6 0 1
4823 6 1 1
5281 6 2 1
3139 6 3 1
2549 6 4 1
1177 6 5 1
1878 6 6 1
1500 6 7 1
2261 6 8 1
909 7 0 1
3380 7 1 1
5584 7 2 1
4790 7 3 1
699 7 4 1
3023 7 5 1
5236 7 6 1
4490 7 7 1
2058 7 8 1
216 8 0 1
4084 8 1 1
5436 8 2 1
4153 8 3 1
3020 8 4 1
5601 8 5 1
2606 8 6 1
23 8 7 1
137 8 8 1
5452 7 19 1
4714 7 18 1
2671 7 17 1
2437 7 16 1
4397 7 15 1
2804 7 14 1
4180 7 13 1
1221 7 12 1
4232 7 11 1
1995 7 10 1
3926 7 9 1
5701 8 19 1
3434 8 18 1
1047 8 17 1
6040 8 16 1
1624 8 15 1
5225 8 14 1
4310 8 13 1
3377 8 12 1
3151 8 11 1
5815 8 10 1
2423 8 9 1
4682 9 19 1
1683 9 18 1
1080 9 17 1
2054 9 16 1
1126 9 15 1
328 9 14 1
5260 9 13 1
1780 9 12 1
5132 9 11 1
2584 9 10 1
1588 9 9 1
2334 9 0 1
2884 9 1 1
437 9 2 1
774 9 3 1
4994 9 4 1
119 9 5 1
4549 9 6 1
3423 9 7 1
3197 9 8 1
3321 13 19 1
4725 12 19 1
4332 11 19 1
3833 10 19 1
981 13 18 1
1188 12 18 1
5674 11 18 1
4263 10 18 1
1507 13 17 1
3454 12 17 1
3260 11 17 1
3318 10 17 1
4808 13 16 1
4881 12 16 1
240 11 16 1
4247 10 16 1
2131 13 15 1
5297 12 15 1
3749 11 15 1
5418 10 15 1
1855 13 14 1
1170 12 14 1
1202 11 14 1
3696 10 14 1
2888 13 13 1
5333 12 13 1
4647 11 13 1
4383 10 13 1
3115 13 12 1
1068 12 12 1
1615 11 12 1
2979 10 12 1
1798 10 11 1
1889 10 10 1
5446 10 9 1
3093 10 0 1
2167 10 1 1
2783 10 2 1
5340 10 3 1
1593 10 4 1
2892 10 5 1
585 10 6 1
4477 10 7 1
4420 10 8 1
4013 11 11 1
1796 11 10 1
508 11 9 1
5759 11 4 1
2928 11 5 1
5099 11 6 1
742 11 7 1
3866 11 8 1
2348 12 11 1
1954 12 10 1
3362 12 9 1
4318 12 4 1
3714 12 5 1
1107 12 6 1
905 12 7 1
5389 12 8 1
1213 13 11 1
5392 13 10 1
4778 13 9 1
136 13 8 1
5087 13 7 1
228 13 6 1
5158 13 5 1
1538 13 4 1
1755 14 19 1
2146 14 18 1
1178 14 17 1
259 14 16 1
1718 14 15 1
5480 14 14 1
5249 14 13 1
4836 14 12 1
2378 14 11 1
1 14 10 1
3856 14 9 1
5067 14 8 1
5760 14 7 1
2199 14 6 1
2476 14 5 1
5803 14 4 1
2763 19 19 1
2388 18 19 1
609 17 19 1
4305 16 19 1
3648 15 19 1
916 19 18 1
2640 18 18 1
4203 17 18 1
5583 16 18 1
4438 15 18 1
3274 19 17 1
5157 18 17 1
680 17 17 1
5842 16 17 1
2284 15 17 1
3864 19 16 1
1193 18 16 1
3997 17 16 1
2269 16 16 1
5017 15 16 1
3955 19 15 1
591 18 15 1
4675 17 15 1
5355 16 15 1
4610 15 15 1
2461 19 14 1
4620 18 14 1
5919 17 14 1
5656 16 14 1
5272 15 14 1
5012 19 13 1
1335 18 13 1
2654 17 13 1
806 16 13 1
768 15 13 1
1725 19 12 1
5195 18 12 1
2140 17 12 1
1300 16 12 1
2370 15 12 1
2960 19 11 1
3956 18 11 1
1690 17 11 1
1584 16 11 1
4677 15 11 1
3232 19 10 1
5396 18 10 1
2456 17 10 1
1707 16 10 1
4231 15 10 1
970 19 9 1
3784 18 9 1
2264 17 9 1
3976 16 9 1
1138 15 9 1
4044 19 8 1
2200 18 8 1
933 17 8 1
771 16 8 1
2649 15 8 1
5004 19 7 1
1076 18 7 1
3086 17 7 1
3163 16 7 1
3458 15 7 1
1817 19 6 1
3675 18 6 1
4463 17 6 1
1472 16 6 1
2068 15 6 1
1616 19 5 1
3759 18 5 1
1429 17 5 1
2255 16 5 1
985 15 5 1
617 19 4 1
892 18 4 1
1195 17 4 1
3604 16 4 1
783 15 4 1
5213 19 3 1
2324 18 3 1
4088 17 3 1
3745 16 3 1
2123 15 3 1
1875 14 3 1
5723 13 3 1
900 19 2 1
2826 18 2 1
4919 17 2 1
4604 16 2 1
5265 15 2 1
3398 14 2 1
618 13 2 1
3839 19 1 1
1027 18 1 1
4344 17 1 1
2613 16 1 1
2744 15 1 1
2215 14 1 1
5689 13 1 1
1836 19 0 1
2967 18 0 1
1905 17 0 1
5523 16 0 1
5472 15 0 1
4536 14 0 1
145 13 0 1
1518 19 0 30
5877 18 0 30
5077 17 0 30
3593 16 0 30
911 15 0 30
5197 14 0 30
2144 19 1 33
165 18 1 33
3002 17 1 33
2033 16 1 33
1912 15 1 33
6034 14 1 33
2608 19 2 36
4117 18 2 36
3930 17 2 36
2963 16 2 36
611 15 2 36
5770 14 2 36
2 19 4 37
1783 18 4 37
3965 17 4 37
4126 16 4 37
5316 19 3 37
1039 18 3 37
393 17 3 37
1040 16 3 37
2957 19 5 38
5578 18 5 38
3929 17 5 38
265 16 5 38
2254 19 7 40
4760 18 7 40
2051 17 7 40
1222 16 7 40
188 19 6 40
3847 18 6 40
1251 17 6 40
4723 16 6 40
4546 19 9 41
4427 18 9 41
3951 17 9 41
1967 16 9 41
3186 19 8 41
4766 18 8 41
5206 17 8 41
402 16 8 41
2935 19 10 42
5541 18 10 42
4924 17 10 42
799 16 10 42
2873 19 11 44
5117 18 11 44
5018 17 11 44
5958 16 11 44
338 19 12 45
2159 18 12 45
400 17 12 45
4627 16 12 45
128 19 13 47
4824 18 13 47
5922 17 13 47
5906 16 13 47
4291 19 15 48
4562 18 15 48
2745 17 15 48
1457 16 15 48
4059 19 14 48
542 18 14 48
1870 17 14 48
5634 16 14 48
2918 19 16 50
3540 18 16 50
2178 17 16 50
5415 16 16 50
1133 19 17 51
453 18 17 51
2022 17 17 51
109 16 17 51
2790 19 18 53
3809 18 18 53
728 17 18 53
1709 16 18 53
3265 19 19 54
3591 18 19 54
1342 17 19 54
2983 16 19 54
63 15 19 54
1941 15 18 54
1337 15 17 54
2988 15 16 54
3694 15 15 54
1154 14 19 55
1159 14 18 55
2030 14 17 55
3391 14 16 55
3871 14 15 55
752 14 14 55
3013 14 13 55
1881 14 12 55
177 14 11 55
226 14 10 55
151 14 9 55
1283 14 8 55
247 14 7 55
5312 14 6 55
4599 14 5 55
5149 15 14 55
2914 15 13 55
3967 15 12 55
5397 15 11 55
4500 15 10 55
3098 13 11 56
3082 13 10 56
1374 13 9 56
621 12 4 57
5791 12 5 57
2359 12 6 57
4865 12 7 57
4552 11 4 58
1497 11 5 58
509 11 6 58
4235 11 7 58
1150 12 11 58
4776 12 10 58
4106 12 9 58
5672 10 0 59
2399 10 1 59
5517 10 2 59
4303 10 3 59
4638 10 4 59
1087 10 5 59
5286 10 6 59
3780 10 7 59
5536 11 11 59
2316 11 10 59
4554 11 9 59
5119 13 13 61
411 12 13 61
3382 11 13 61
5487 13 12 61
3592 12 12 61
638 11 12 61
3704 13 14 62
841 12 14 62
3050 11 14 62
2664 13 17 63
5538 12 17 63
5320 11 17 63
5806 13 16 63
5662 12 16 63
56 11 16 63
5198 13 15 63
2880 12 15 63
885 11 15 63
4691 13 18 64
5823 12 18 64
4571 11 18 64
4254 13 19 65
1924 12 19 65
2838 11 19 65
1834 10 19 65
4220 10 18 65
1736 10 17 65
2016 10 16 65
5015 10 15 65
1577 10 14 65
4338 10 13 65
5482 10 12 65
3264 10 11 65
3769 10 10 65
867 10 9 65
387 9 0 66
1543 9 1 66
5718 9 2 66
1163 9 3 66
3374 9 4 66
5712 9 5 66
5809 9 6 66
3282 9 7 66
2711 9 19 67
2514 9 18 67
5032 9 17 67
5570 9 16 67
4770 9 15 67
5240 9 14 67
803 9 13 67
4884 9 12 67
2042 9 11 67
1990 9 10 67
4255 8 19 69
3488 8 18 69
2951 8 17 69
2228 8 16 69
3413 8 15 69
4890 8 14 69
988 8 13 69
2662 8 12 69
3584 8 11 69
556 8 10 69
2163 7 19 72
5061 7 18 72
3498 7 17 72
1316 7 16 72
1669 7 15 72
3323 7 14 72
1320 7 13 72
1328 7 12 72
201 7 11 72
87 7 10 72
5351 7 9 72
2347 8 0 74
5885 8 1 74
1207 8 2 74
4949 8 3 74
772 8 4 74
1060 8 5 74
2011 8 6 74
1036 8 7 74
3076 19 8 75
2561 18 8 75
3491 17 8 75
5072 16 8 75
3647 7 0 76
421 7 1 76
1435 7 2 76
864 7 3 76
4061 7 4 76
36 7 5 76
2706 7 6 76
3678 7 7 76
1492 8 9 76
2857 6 11 78
1317 6 10 78
2803 6 9 78
3933 6 0 78
5940 6 1 78
4527 6 2 78
1578 6 3 78
1416 6 4 78
2793 6 5 78
2268 6 6 78
1561 6 7 78
3973 5 0 80
381 5 1 80
4454 5 2 80
2724 5 3 80
3737 5 4 80
65 5 5 80
1536 5 6 80
2117 5 7 80
1333 5 11 81
1157 5 10 81
4806 5 9 81
2812 4 0 82
2765 4 1 82
2968 4 2 82
491 4 3 82
134 4 4 82
1582 4 5 82
291 4 6 82
3421 3 0 83
5108 3 1 83
1270 3 2 83
3778 3 3 83
4421 3 4 83
1381 3 5 83
3582 3 6 83
2489 18 9 83
4761 17 9 83
2895 16 9 83
561 2 0 84
824 2 1 84
4 2 2 84
5374 2 3 84
419 2 4 84
2277 2 5 84
5106 2 6 84
5548 19 3 84
5258 18 3 84
948 17 3 84
6010 16 3 84
4144 1 0 85
3752 1 1 85
1558 1 2 85
2941 1 3 85
965 1 4 85
4191 1 5 85
178 1 6 85
2205 0 0 86
3553 0 1 86
3890 0 2 86
3349 0 3 86
2943 0 4 86
2177 0 5 86
3903 0 6 86
4350 0 7 86
1675 6 13 88
6025 5 13 88
5181 6 12 88
3868 5 12 88
5237 19 14 88
4110 18 14 88
882 17 14 88
204 16 14 88
2365 19 12 88
5550 18 12 88
552 17 12 88
3061 16 12 88
2743 6 15 89
6011 5 15 89
2915 6 14 89
6042 5 14 89
4764 19 0 89
1225 18 0 89
4623 17 0 89
5122 16 0 89
682 15 0 89
1191 14 0 89
833 6 17 90
270 5 17 90
4217 6 16 90
3985 5 16 90
1331 19 6 90
3299 18 6 90
5866 17 6 90
5969 16 6 90
4376 19 5 90
1384 18 5 90
3170 17 5 90
1388 16 5 90
3237 6 19 91
5423 5 19 91
4782 4 19 91
3152 6 18 91
5456 5 18 91
3436 4 18 91
674 4 17 91
546 4 16 91
5025 4 15 91
1450 4 14 91
3690 4 13 91
4264 4 12 91
2079 4 11 91
4320 4 10 91
518 4 9 91
2007 1 7 91
4540 2 7 91
1966 3 7 91
1890 4 7 91
1136 12 11 91
3915 12 10 91
5857 12 9 91
5647 19 4 91
1461 18 4 91
358 17 4 91
4822 16 4 91
5757 3 19 92
2781 3 18 92
2641 3 17 92
337 3 16 92
4108 3 15 92
2098 3 14 92
1523 3 13 92
1537 3 12 92
1919 3 11 92
1997 3 10 92
3806 3 9 92
5131 13 15 92
2352 12 15 92
2508 11 15 92
5658 11 11 92
4210 11 10 92
3169 11 9 92
1206 11 5 92
5617 11 6 92
576 11 7 92
4091 15 19 92
921 19 17 92
4586 18 17 92
5579 17 17 92
4713 16 17 92
1291 11 19 93
1824 10 19 93
13542 milli sec 
point:459775
