739
3388 0 13 1
1341 0 12 1
4508 0 11 1
495 0 10 1
485 0 9 1
1773 0 8 1
2860 0 7 1
1107 0 6 1
2660 0 5 1
1130 0 4 1
4348 0 3 1
3305 0 2 1
1343 0 1 1
2110 0 0 1
1420 1 13 1
5823 1 12 1
4525 1 11 1
471 1 10 1
2127 1 9 1
5052 1 8 1
3503 1 7 1
2946 1 6 1
4436 1 5 1
4470 1 4 1
1205 1 3 1
1183 1 2 1
2296 1 1 1
655 1 0 1
2159 2 13 1
2630 2 12 1
3687 2 11 1
3216 2 10 1
3667 2 9 1
264 2 8 1
4574 2 7 1
5273 2 6 1
2079 2 5 1
946 2 4 1
2395 2 3 1
4850 2 2 1
1938 2 1 1
4634 2 0 1
5822 3 13 1
4040 3 12 1
1428 3 11 1
2854 3 10 1
3045 3 9 1
5193 3 8 1
5068 3 7 1
4546 3 6 1
1994 3 5 1
4442 3 4 1
327 3 3 1
126 3 2 1
2138 3 1 1
5473 3 0 1
2139 4 13 1
2515 4 12 1
1859 4 11 1
1959 4 10 1
763 4 9 1
4173 4 8 1
4047 4 7 1
2586 4 6 1
2196 4 5 1
4523 4 4 1
4241 4 3 1
532 4 2 1
674 4 1 1
4328 4 0 1
2788 0 19 1
2863 0 18 1
3440 0 17 1
253 0 16 1
2909 0 15 1
3725 0 14 1
576 1 19 1
1833 1 18 1
4593 1 17 1
4830 1 16 1
4341 1 15 1
4753 1 14 1
1034 2 19 1
663 2 18 1
3011 2 17 1
476 2 16 1
4418 2 15 1
4872 2 14 1
2050 3 19 1
2828 3 18 1
3265 3 17 1
5344 3 16 1
1404 3 15 1
2007 3 14 1
3975 4 19 1
268 4 18 1
3314 4 17 1
3423 4 16 1
3280 4 15 1
1852 4 14 1
3564 5 19 1
5189 5 18 1
3031 5 17 1
1306 5 16 1
3060 5 15 1
1693 5 14 1
1562 5 13 1
4706 5 12 1
470 5 11 1
1360 5 10 1
1997 5 9 1
3380 5 8 1
3369 5 7 1
5640 5 6 1
1141 5 5 1
3482 5 4 1
2526 5 3 1
3542 5 2 1
1380 5 1 1
3425 5 0 1
5204 8 19 1
5452 7 19 1
4857 6 19 1
214 8 18 1
2263 7 18 1
3850 6 18 1
2810 8 17 1
549 7 17 1
4131 6 17 1
5631 8 16 1
4213 7 16 1
4456 6 16 1
949 8 15 1
1592 7 15 1
4249 6 15 1
1608 19 19 1
370 18 19 1
5346 17 19 1
2700 16 19 1
5456 15 19 1
2439 14 19 1
4316 13 19 1
2950 12 19 1
1443 11 19 1
1419 10 19 1
1623 9 19 1
5211 19 18 1
1326 18 18 1
4950 17 18 1
2010 16 18 1
1501 15 18 1
3796 14 18 1
4598 13 18 1
4414 12 18 1
3151 11 18 1
2640 10 18 1
1871 9 18 1
5728 19 17 1
5336 18 17 1
4786 17 17 1
487 16 17 1
5116 15 17 1
2853 14 17 1
2492 13 17 1
1643 12 17 1
5599 11 17 1
4701 10 17 1
4090 9 17 1
3871 19 16 1
4012 18 16 1
4045 17 16 1
2646 16 16 1
3021 15 16 1
682 14 16 1
4495 13 16 1
2840 12 16 1
2362 11 16 1
1689 10 16 1
766 9 16 1
437 19 15 1
5665 18 15 1
4145 17 15 1
1756 16 15 1
564 15 15 1
5209 14 15 1
1215 13 15 1
4400 12 15 1
1498 11 15 1
1851 10 15 1
2203 9 15 1
4733 19 14 1
312 18 14 1
4892 17 14 1
3018 16 14 1
2336 15 14 1
1260 14 14 1
125 13 14 1
2780 12 14 1
5810 11 14 1
1269 10 14 1
4372 9 14 1
5369 8 14 1
5413 7 14 1
736 6 14 1
1882 19 13 1
5444 18 13 1
1355 17 13 1
139 16 13 1
4685 15 13 1
3509 14 13 1
136 13 13 1
4034 12 13 1
1349 11 13 1
333 10 13 1
5286 9 13 1
2774 8 13 1
3299 7 13 1
1024 6 13 1
4796 19 12 1
662 18 12 1
4413 17 12 1
1531 16 12 1
1328 15 12 1
4427 14 12 1
3397 13 12 1
561 12 12 1
1823 11 12 1
4947 10 12 1
168 9 12 1
5446 8 12 1
2951 7 12 1
1077 6 12 1
3345 19 11 1
4865 18 11 1
2890 17 11 1
2440 16 11 1
3846 15 11 1
2386 14 11 1
4744 13 11 1
3359 12 11 1
5061 11 11 1
2394 10 11 1
227 9 11 1
4792 8 11 1
2115 7 11 1
2845 6 11 1
5757 10 10 1
2604 9 10 1
3459 8 10 1
693 7 10 1
1911 6 10 1
2491 19 10 1
3235 18 10 1
5521 17 10 1
449 16 10 1
298 15 10 1
1677 14 10 1
5774 13 10 1
2028 12 10 1
5126 11 10 1
953 19 9 1
188 18 9 1
4095 17 9 1
5646 16 9 1
5476 15 9 1
4439 14 9 1
3185 13 9 1
386 12 9 1
2454 11 9 1
4818 10 9 1
1579 9 9 1
3554 8 9 1
5605 7 9 1
1904 6 9 1
3304 19 8 1
1666 18 8 1
2663 17 8 1
1931 16 8 1
4788 15 8 1
1262 14 8 1
5280 13 8 1
786 12 8 1
4514 11 8 1
1607 10 8 1
5537 9 8 1
869 8 8 1
2465 7 8 1
378 6 8 1
2168 19 7 1
4088 18 7 1
812 17 7 1
2311 16 7 1
4995 15 7 1
2404 14 7 1
2432 13 7 1
5650 12 7 1
4919 11 7 1
3561 10 7 1
1002 9 7 1
5215 8 7 1
3559 7 7 1
2190 6 7 1
4938 19 6 1
5563 18 6 1
795 17 6 1
5491 16 6 1
107 15 6 1
1346 14 6 1
5572 13 6 1
2231 12 6 1
5109 11 6 1
1338 10 6 1
5765 9 6 1
3730 8 6 1
3431 7 6 1
3960 6 6 1
749 19 0 1
536 19 1 1
5133 19 2 1
579 19 3 1
2382 19 4 1
2232 19 5 1
945 18 0 1
490 18 1 1
5776 18 2 1
1507 18 3 1
4527 18 4 1
531 18 5 1
501 17 0 1
2665 17 1 1
5549 17 2 1
5283 17 3 1
442 17 4 1
2857 17 5 1
1118 16 0 1
2746 16 1 1
5357 16 2 1
4117 16 3 1
3623 16 4 1
3501 16 5 1
1599 15 0 1
4345 15 1 1
2728 15 2 1
529 15 3 1
546 15 4 1
5186 15 5 1
5178 14 0 1
2069 14 1 1
4801 14 2 1
1654 14 3 1
1845 14 4 1
1886 14 5 1
4978 13 0 1
363 13 1 1
2041 13 2 1
835 13 3 1
3393 13 4 1
1126 13 5 1
504 12 0 1
1193 12 1 1
1319 12 2 1
1929 12 3 1
1399 12 4 1
2649 12 5 1
5226 11 0 1
5711 11 1 1
3903 11 2 1
585 11 3 1
4633 11 4 1
616 11 5 1
3001 10 0 1
5664 10 1 1
4381 10 2 1
1981 10 3 1
1626 10 4 1
3958 10 5 1
1675 9 0 1
11 9 1 1
4319 9 2 1
32 9 3 1
2148 9 4 1
688 9 5 1
1613 8 0 1
5154 8 1 1
3985 8 2 1
1701 8 3 1
5794 8 4 1
3352 8 5 1
3237 7 0 1
5224 7 1 1
1926 7 2 1
974 7 3 1
651 7 4 1
3 7 5 1
5651 6 5 1
5723 6 4 1
5694 6 3 1
825 6 2 1
2943 6 1 1
1150 6 0 1
727 7 0 31
1793 7 1 31
4250 7 2 31
2141 7 3 31
4458 7 4 31
2988 8 0 33
3896 8 1 33
2952 8 2 33
3511 8 3 33
724 8 4 33
5550 9 0 34
2415 9 1 34
5673 9 2 34
919 9 3 34
1506 9 4 34
4845 10 0 36
4166 10 1 36
3947 10 2 36
1000 10 3 36
1814 10 4 36
3273 11 0 37
1138 11 1 37
2157 11 2 37
1605 11 3 37
5238 11 4 37
3136 12 0 38
1998 12 1 38
3436 12 2 38
5032 12 3 38
2533 12 4 38
3665 14 0 40
2396 14 1 40
5555 14 2 40
4887 14 3 40
2556 14 4 40
3833 13 0 40
3747 13 1 40
5687 13 2 40
2029 13 3 40
1632 13 4 40
269 15 0 41
5292 15 1 41
2030 15 2 41
1860 15 3 41
427 15 4 41
2562 16 0 42
992 16 1 42
3677 16 2 42
2287 16 3 42
2431 16 4 42
2089 17 0 44
4312 17 1 44
4193 17 2 44
1703 17 3 44
4072 17 4 44
1986 18 0 45
4555 18 1 45
5026 18 2 45
1853 18 3 45
4629 18 4 45
5498 19 0 46
3163 19 1 46
2625 19 2 46
1771 19 3 46
2321 19 4 46
3910 19 5 46
2315 18 5 46
2487 17 5 46
3602 16 5 46
3813 19 6 48
2436 18 6 48
4199 17 6 48
5788 16 6 48
2567 15 6 48
1553 14 6 48
983 13 6 48
4402 12 6 48
2384 11 6 48
2055 10 6 48
4287 9 6 48
2582 8 6 48
965 7 6 48
3182 19 7 50
2006 18 7 50
222 17 7 50
3181 16 7 50
605 15 7 50
4618 14 7 50
4581 13 7 50
4672 12 7 50
5030 11 7 50
3528 10 7 50
1218 9 7 50
2042 8 7 50
2932 7 7 50
2940 19 8 54
5423 18 8 54
3608 17 8 54
640 16 8 54
395 15 8 54
4646 14 8 54
505 13 8 54
3719 12 8 54
92 11 8 54
5648 10 8 54
2981 9 8 54
4688 8 8 54
2516 7 8 54
4362 19 9 56
885 18 9 56
1967 17 9 56
873 16 9 56
1123 15 9 56
3516 14 9 56
5467 13 9 56
3700 12 9 56
288 19 10 58
4645 18 10 58
3646 17 10 58
2087 16 10 58
1757 15 10 58
1874 14 10 58
1725 13 10 58
1187 12 10 58
5188 11 10 58
2831 11 9 58
1512 10 9 58
5207 9 9 58
5003 8 9 58
1627 7 9 58
5257 10 10 59
5242 9 10 59
1114 8 10 59
1837 7 10 59
1993 19 11 61
4965 18 11 61
2035 17 11 61
1584 16 11 61
2161 15 11 61
197 14 11 61
852 13 11 61
3007 12 11 61
1792 11 11 61
4404 10 11 61
981 9 11 61
2681 8 11 61
88 7 11 61
5522 19 12 65
2343 18 12 65
1247 17 12 65
3375 16 12 65
868 15 12 65
2793 14 12 65
1178 13 12 65
2342 12 12 65
237 11 12 65
3943 10 12 65
1223 9 12 65
4044 8 12 65
296 7 12 65
3377 19 13 67
435 18 13 67
5442 17 13 67
5025 16 13 67
636 15 13 67
3736 14 13 67
3310 13 13 67
642 12 13 67
4244 11 13 67
3734 10 13 67
1492 9 13 67
581 8 13 67
3633 7 13 67
2295 19 14 70
4221 18 14 70
5828 17 14 70
3381 16 14 70
1231 15 14 70
179 14 14 70
199 13 14 70
4894 12 14 70
1723 11 14 70
2578 10 14 70
681 19 15 72
5420 18 15 72
4823 17 15 72
817 16 15 72
3823 15 15 72
1061 14 15 72
3710 13 15 72
4644 12 15 72
4338 11 15 72
1637 10 15 72
4407 19 16 74
2973 18 16 74
3769 17 16 74
2701 16 16 74
4190 15 16 74
69 14 16 74
1161 13 16 74
4183 12 16 74
3691 11 16 74
4543 10 16 74
2998 19 17 75
4125 18 17 75
1471 17 17 75
341 16 17 75
2316 15 17 75
3551 14 17 75
926 13 17 75
4561 12 17 75
3385 11 17 75
3336 10 17 75
4234 19 18 76
4361 18 18 76
928 17 18 76
1251 16 18 76
2015 15 18 76
3885 14 18 76
3293 13 18 76
5524 12 18 76
5124 11 18 76
1835 10 18 76
729 19 19 78
1660 18 19 78
3939 17 19 78
4835 16 19 78
2590 15 19 78
1806 14 19 78
141 13 19 78
1680 12 19 78
807 11 19 78
446 10 19 78
1620 9 19 78
2736 8 17 79
1235 7 17 79
2340 8 16 79
4977 7 16 79
1063 8 15 79
1737 7 15 79
4025 8 19 80
4211 7 19 80
4769 6 19 80
314 8 18 80
3037 7 18 80
2475 6 18 80
3038 6 17 80
3514 6 16 80
4169 6 15 80
833 13 0 80
5595 13 1 80
3114 13 2 80
3865 13 3 80
4846 13 4 80
4735 5 19 83
5764 5 18 83
810 5 17 83
1571 5 16 83
5366 5 15 83
3750 4 19 84
5515 4 18 84
4967 4 17 84
5404 4 16 84
4864 4 15 84
123 3 19 85
2247 3 18 85
5809 3 17 85
1937 3 16 85
1029 3 15 85
2761 2 19 86
4611 2 18 86
796 2 17 86
1309 2 16 86
3040 2 15 86
659 1 19 88
2670 1 18 88
5621 1 17 88
2447 1 16 88
1718 1 15 88
4415 0 19 89
3614 0 18 89
935 0 17 89
4642 0 16 89
3055 0 15 89
3887 0 14 89
5817 1 14 89
4421 2 14 89
521 3 14 89
2207 4 14 89
1071 5 14 89
3199 5 13 89
5 5 12 89
4218 5 11 89
2421 5 10 89
1884 5 9 89
3568 5 8 89
5037 5 7 89
3196 5 6 89
2887 5 5 89
1206 5 4 89
1902 5 3 89
1320 5 2 89
2652 5 1 89
5833 9 0 90
677 9 1 90
93 9 2 90
3918 9 3 90
3905 9 4 90
1777 4 13 91
1831 4 12 91
5499 4 11 91
4933 4 10 91
5525 4 9 91
5421 4 8 91
2991 4 7 91
911 4 6 91
1301 4 5 91
5243 4 4 91
267 4 3 91
3532 4 2 91
3525 4 1 91
3974 12 0 92
1946 12 1 92
5516 12 2 92
5507 12 3 92
4930 12 4 92
4773 10 1 92
1186 10 2 92
2466 10 3 92
1312 10 4 92
290 17 6 93
3869 16 6 93
5811 15 6 93
2369 14 6 93
3470 13 6 93
2312 12 6 93
4710 11 6 93
2408 10 6 93
4556 9 6 93
12958 milli sec 
point:439800
