755
1601 10 2 1
2093 10 1 1
4313 10 0 1
1518 10 4 1
4780 10 3 1
1350 11 4 1
5619 11 3 1
753 12 4 1
3994 12 3 1
4377 6 7 1
1547 6 5 1
524 6 6 1
5480 7 7 1
1246 7 5 1
3958 7 6 1
1102 0 7 1
1614 0 8 1
35 1 7 1
2503 1 8 1
4548 0 4 1
5260 0 5 1
1514 0 6 1
3549 1 4 1
4540 1 5 1
144 1 6 1
3209 3 2 1
4884 3 3 1
5217 3 4 1
1374 0 0 1
5591 0 1 1
356 0 2 1
1675 0 3 1
4228 1 0 1
5468 1 1 1
2509 1 2 1
3971 1 3 1
3824 2 0 1
3680 2 1 1
2171 2 2 1
2329 2 3 1
1364 2 4 1
2879 2 5 1
5202 2 6 1
3620 2 7 1
4097 2 8 1
4587 3 5 1
210 3 6 1
2645 3 7 1
2035 3 8 1
2585 7 0 1
4633 7 1 1
4338 7 2 1
4164 7 3 1
1302 7 4 1
5132 3 0 1
1903 3 1 1
2908 4 0 1
4930 4 1 1
3225 4 2 1
5745 5 0 1
1676 5 1 1
52 5 2 1
399 6 0 1
5777 6 1 1
2075 6 2 1
554 6 3 1
1849 6 4 1
659 5 3 1
251 5 4 1
4687 5 5 1
5230 4 3 1
3825 4 4 1
2650 4 5 1
5021 4 6 1
2679 4 7 1
4009 4 8 1
4850 5 9 1
5459 5 6 1
4770 5 7 1
3243 5 8 1
3427 6 9 1
1187 6 8 1
1729 7 9 1
5296 7 8 1
2727 8 9 1
4279 8 8 1
2516 8 7 1
2794 8 6 1
873 8 0 1
4005 8 1 1
4396 8 2 1
3725 8 3 1
1504 8 4 1
1896 8 5 1
619 9 9 1
178 9 8 1
4891 9 7 1
3417 9 6 1
3267 9 0 1
3997 9 1 1
5462 9 2 1
3663 9 3 1
2566 9 4 1
3211 9 5 1
1448 10 9 1
1017 10 8 1
2139 10 7 1
4110 10 6 1
984 10 5 1
1323 9 14 1
2057 8 10 1
3401 8 11 1
5145 9 10 1
2968 9 11 1
3771 9 12 1
2744 9 13 1
1716 10 14 1
4 10 10 1
1673 10 11 1
3380 10 12 1
1457 10 13 1
1480 0 19 1
1500 0 18 1
1492 0 17 1
1014 1 19 1
4288 1 18 1
2212 1 17 1
5062 2 19 1
2498 2 18 1
5284 2 17 1
2948 3 19 1
2163 3 18 1
1816 2 14 1
2937 2 15 1
2733 2 16 1
1304 5 13 1
135 5 14 1
697 5 15 1
1555 4 13 1
5249 4 14 1
715 4 15 1
5656 0 16 1
5520 0 15 1
2148 0 14 1
2176 0 9 1
4420 0 10 1
3219 0 11 1
2214 0 12 1
2934 0 13 1
1060 1 16 1
4696 1 15 1
95 1 14 1
444 2 9 1
1034 2 10 1
5210 2 11 1
1827 1 9 1
4634 1 10 1
4184 1 11 1
1711 1 12 1
2337 1 13 1
2022 2 12 1
2459 2 13 1
4990 7 10 1
3626 7 11 1
5020 6 10 1
5286 6 11 1
1305 5 10 1
2048 5 11 1
4230 5 12 1
634 4 9 1
5134 4 10 1
129 4 11 1
5301 4 12 1
4072 3 9 1
1702 3 10 1
3283 3 11 1
1042 3 12 1
5264 3 13 1
5607 3 14 1
744 3 15 1
4000 3 16 1
4742 3 17 1
2664 4 19 1
3127 4 18 1
4075 4 16 1
2723 4 17 1
5662 5 19 1
4631 5 18 1
4782 5 16 1
5153 5 17 1
4651 6 19 1
3393 6 18 1
824 6 17 1
518 6 16 1
1505 6 12 1
3323 6 13 1
5032 6 14 1
1324 6 15 1
696 9 19 1
2063 8 19 1
4658 7 19 1
2357 9 18 1
3228 8 18 1
5675 7 18 1
4470 7 17 1
5205 7 16 1
3566 8 12 1
2633 8 13 1
1 8 14 1
4436 7 12 1
1224 7 13 1
2783 7 14 1
4527 7 15 1
746 9 17 1
5190 8 17 1
2917 8 16 1
3623 8 15 1
3822 9 16 1
3743 9 15 1
67 10 19 1
802 10 18 1
361 10 17 1
5602 10 16 1
5474 10 15 1
1850 14 19 1
3085 13 19 1
5475 12 19 1
206 11 19 1
2587 16 19 1
64 15 19 1
1158 16 18 1
364 15 18 1
4670 17 19 1
772 17 18 1
5009 17 17 1
72 19 19 1
5531 18 19 1
3335 19 18 1
2982 18 18 1
3939 19 17 1
5263 18 17 1
4929 19 15 1
3238 19 16 1
5126 18 15 1
4080 18 16 1
2605 17 15 1
719 17 16 1
3326 16 15 1
2999 16 16 1
5542 16 17 1
4719 15 15 1
2758 15 16 1
1509 15 17 1
2577 14 15 1
3505 14 16 1
3241 14 17 1
2051 14 18 1
5213 13 16 1
1498 13 17 1
234 13 18 1
2697 12 18 1
5130 11 18 1
5298 12 17 1
1763 11 17 1
1513 12 16 1
5283 11 16 1
4846 13 15 1
5426 12 15 1
4928 11 15 1
1510 13 14 1
476 12 14 1
1044 11 14 1
4533 12 13 1
2682 11 13 1
5194 12 12 1
3916 11 12 1
2709 15 14 1
3486 14 14 1
1491 15 13 1
4401 14 13 1
4994 13 13 1
5642 15 12 1
2279 14 12 1
91 13 12 1
4963 15 11 1
4694 14 11 1
2445 13 11 1
3918 12 11 1
3721 11 11 1
3736 13 10 1
2784 12 10 1
5285 11 10 1
2891 16 14 1
3145 16 13 1
4641 16 12 1
909 16 11 1
4572 19 14 1
3500 18 14 1
5099 17 14 1
1686 19 13 1
1693 18 13 1
2726 17 13 1
445 17 12 1
833 17 11 1
2900 19 12 1
2929 18 12 1
2638 19 11 1
456 18 11 1
2371 19 10 1
3350 18 10 1
2546 17 10 1
199 16 10 1
142 15 10 1
4295 14 10 1
5559 19 9 1
3866 18 9 1
2402 19 6 1
3808 19 7 1
4155 19 8 1
1807 18 6 1
3407 18 7 1
791 18 8 1
5355 16 6 1
4067 16 7 1
1450 17 6 1
1141 17 7 1
5714 17 8 1
2202 17 9 1
4246 16 8 1
943 16 9 1
1134 14 7 1
4903 14 8 1
2248 15 7 1
2410 15 8 1
902 15 9 1
5191 14 9 1
5513 13 8 1
3846 13 9 1
3248 12 8 1
2422 12 9 1
3952 11 9 1
4061 11 8 1
220 11 7 1
1001 11 6 1
2104 11 5 1
847 12 7 1
3180 12 6 1
4997 12 5 1
1440 13 7 1
5331 13 6 1
1219 13 5 1
365 13 4 1
2614 13 3 1
4675 15 6 1
4440 14 6 1
5161 17 5 1
4987 16 5 1
4344 15 5 1
5552 14 5 1
4479 19 5 1
5409 18 5 1
2771 19 4 1
340 18 4 1
2965 19 2 1
956 19 3 1
1720 18 2 1
4454 18 3 1
1684 19 0 1
4781 19 1 1
2992 18 0 1
2823 18 1 1
180 17 0 1
5201 17 1 1
2713 17 2 1
2390 17 3 1
1265 17 4 1
421 16 0 1
1296 16 1 1
4589 16 2 1
4996 16 3 1
4625 16 4 1
628 15 4 1
3357 14 4 1
1282 15 3 1
25 14 3 1
4442 15 0 1
5449 15 1 1
3454 15 2 1
2972 14 0 1
1290 14 1 1
1105 14 2 1
4169 13 0 1
5207 13 1 1
1036 13 2 1
4443 12 2 1
1463 11 2 1
4260 12 1 1
3122 11 1 1
79 12 0 1
3435 11 0 1
578 12 0 25
4652 12 1 27
4693 13 0 28
2496 13 1 28
4274 14 0 29
2477 14 1 29
5313 15 3 30
5461 15 0 30
3313 15 1 30
4974 15 2 30
3615 16 0 32
1117 16 1 32
84 16 2 32
1149 16 3 32
1028 19 0 34
2031 19 1 34
4473 18 0 34
939 18 1 34
2481 17 0 34
1384 17 1 34
337 17 2 34
451 18 2 35
1220 19 2 36
4472 19 3 36
3831 19 5 37
3801 18 5 37
5141 19 4 37
4125 18 4 37
1212 18 3 37
383 15 6 38
1540 14 6 38
1458 17 5 38
3595 16 5 38
3723 15 5 38
5753 14 5 38
1289 12 7 39
3055 12 6 39
3730 13 7 39
3531 13 6 39
5751 13 8 40
1979 12 8 40
3322 16 8 42
3905 14 7 42
2864 14 8 42
5385 15 7 42
3347 15 8 42
531 17 6 43
3547 16 6 44
4876 16 7 44
2701 17 7 44
591 19 9 45
5251 18 9 45
5516 19 6 45
728 19 7 45
1882 19 8 45
4727 18 6 45
681 18 7 45
4424 18 8 45
5329 17 8 45
4969 17 9 45
5533 16 9 45
1766 15 9 45
151 19 11 46
4879 19 10 46
2499 19 13 47
2398 18 13 47
2559 19 12 47
5108 18 12 47
1140 16 14 48
422 16 13 48
4373 16 12 48
3076 16 11 48
5272 19 14 48
5659 18 14 48
5638 17 14 48
2631 17 13 48
3631 17 12 48
789 17 11 48
1204 18 11 48
4340 18 10 48
2256 17 10 48
1602 16 10 48
5501 15 10 48
1481 14 10 48
3056 14 9 48
3154 13 9 48
4657 12 9 48
310 15 12 50
2978 14 12 50
1595 15 11 50
2949 14 11 50
941 13 10 50
5154 12 10 50
2449 13 14 51
242 12 14 51
2572 12 13 51
839 12 12 51
5157 15 14 51
849 14 14 51
2284 15 13 51
2071 14 13 51
4429 13 13 51
4880 13 12 51
2257 13 11 51
4814 12 11 51
223 13 15 52
1802 12 15 52
1064 12 17 53
187 12 16 53
1527 13 16 54
1312 13 17 54
2593 15 15 55
3647 15 16 55
1217 14 15 55
2967 14 16 55
2201 17 15 56
4060 16 15 56
2331 19 15 57
1560 19 16 57
5616 18 15 57
1810 19 18 58
5206 19 17 58
3897 16 18 59
795 17 19 59
574 17 18 59
102 17 17 59
1033 19 19 59
5532 18 19 59
3995 18 18 59
350 18 17 59
3855 18 16 59
2165 17 16 59
109 16 16 59
1387 16 17 59
5483 14 19 60
2815 13 19 60
1818 12 19 60
3636 11 19 60
5146 16 19 60
5233 15 19 60
3879 15 18 60
1129 15 17 60
4188 14 17 60
5509 14 18 60
4109 13 18 60
1409 12 18 60
3571 11 18 60
3859 11 17 60
3765 11 16 60
2505 9 17 62
3098 8 17 62
3906 8 16 62
3207 9 16 62
4001 10 19 62
3070 10 18 62
2866 10 17 62
1495 10 16 62
1674 8 12 63
4286 8 13 63
1669 8 14 63
29 7 12 63
2135 7 13 63
2391 7 14 63
3833 9 19 64
452 8 19 64
1528 7 19 64
4878 9 18 64
3544 8 18 64
1897 7 18 64
2276 7 17 64
1902 7 16 64
545 6 12 65
3482 6 13 65
3429 6 14 65
901 6 19 66
2597 6 18 66
1659 4 16 67
1278 5 19 67
743 5 18 67
1627 5 16 67
3667 4 19 68
505 4 18 68
4745 3 9 70
4605 3 10 70
5689 3 11 70
898 4 9 71
1556 4 10 71
5508 4 11 71
1679 7 10 72
4906 7 11 72
4822 6 10 72
230 6 11 72
1489 5 10 72
1695 5 11 72
5732 5 12 72
5095 4 12 72
1206 3 12 72
3710 2 12 73
4747 2 9 74
1731 2 10 74
3876 2 11 74
883 1 9 74
1879 1 10 74
2255 1 11 74
2308 1 12 74
169 0 9 76
5719 0 10 76
2122 0 11 76
745 0 12 76
3104 1 16 76
3965 1 15 76
690 1 14 76
4991 4 13 77
2717 4 14 77
2482 0 16 77
2660 0 15 77
170 0 14 77
3245 0 13 77
5305 1 13 77
4873 2 13 77
5094 3 13 77
2389 3 14 77
2786 16 3 77
3839 2 14 78
1096 2 15 78
2159 2 16 78
2014 5 13 78
3306 5 14 78
2059 5 15 78
27 4 15 78
981 1 19 79
1789 1 18 79
1612 2 19 79
3022 2 18 79
4933 3 19 79
1399 3 18 79
453 12 1 79
355 0 19 80
2901 0 18 80
1079 0 17 80
1629 1 17 80
831 10 14 81
2351 10 10 81
43 10 11 81
2844 10 12 81
1502 9 14 82
3343 8 10 82
2856 8 11 82
880 9 10 82
3081 9 11 82
1988 9 12 82
4567 9 13 82
3645 10 13 82
4310 2 17 82
3590 12 8 82
1070 10 9 83
4556 10 8 83
3090 10 7 83
2072 10 6 83
5098 13 7 83
495 13 6 83
5369 19 4 83
1454 9 0 84
966 9 1 84
1061 9 2 84
3836 9 3 84
377 9 4 84
5478 9 9 85
4156 9 8 85
2388 9 7 85
5497 9 6 85
5636 15 13 85
4954 7 9 86
3928 8 9 86
4147 8 0 86
4673 8 1 86
5472 8 2 86
2242 8 3 86
1752 8 4 86
1420 13 10 86
1946 12 10 86
1837 5 9 87
2797 5 6 87
2453 5 7 87
1788 6 9 87
3097 15 7 87
4975 4 3 88
474 4 4 88
284 12 7 88
4940 12 6 88
4901 17 0 88
5373 5 3 89
699 18 6 89
672 18 7 89
264 15 0 89
1370 15 1 89
1238 15 2 89
1761 6 0 90
2667 6 1 90
716 3 0 91
675 3 1 91
2501 4 0 91
1353 4 1 91
1862 4 2 91
427 5 0 91
4370 5 1 91
4920 5 2 91
3807 6 2 91
3451 6 3 91
3611 9 18 91
1191 8 18 91
2026 16 19 91
2926 15 19 91
2871 15 18 91
3769 18 15 91
2988 15 11 91
1924 14 11 91
685 14 8 91
5663 15 8 91
4444 17 5 91
5414 16 5 91
655 15 5 91
3108 15 3 91
1167 7 12 92
2751 7 13 92
5769 19 19 92
3705 18 19 92
4223 18 18 92
309 16 15 92
3516 14 6 92
1913 14 5 92
4953 3 5 93
3779 3 6 93
2618 3 7 93
3007 7 0 93
1269 7 1 93
5324 7 2 93
884 7 3 93
2705 7 4 93
4571 6 4 93
2851 5 4 93
2740 5 5 93
3282 4 5 93
219 4 6 93
913 4 7 93
2876 7 14 93
3308 17 17 93
3103 18 17 93
1921 19 16 93
3740 18 16 93
5702 14 15 93
1045 14 16 93
4237 15 14 93
5328 14 14 93
282 14 13 93
13461 milli sec 
point:435125
