751
284 13 8 1
4506 13 7 1
3341 13 6 1
545 13 5 1
1696 13 4 1
2240 13 0 1
5055 13 1 1
4575 13 2 1
927 13 3 1
1343 14 8 1
4543 14 7 1
1550 14 6 1
3526 14 5 1
4407 14 4 1
288 14 0 1
1380 14 1 1
597 14 2 1
3034 14 3 1
1499 5 12 1
653 5 11 1
1479 5 10 1
2807 0 19 1
569 0 18 1
3752 0 17 1
3184 0 16 1
1184 0 15 1
3284 0 14 1
4500 1 19 1
183 1 18 1
3774 1 17 1
3739 1 16 1
2688 1 15 1
3180 1 14 1
1991 2 19 1
1496 2 18 1
1875 2 17 1
3393 2 16 1
1566 2 15 1
3216 2 14 1
1597 3 19 1
118 3 18 1
4701 3 17 1
3048 3 16 1
5205 3 15 1
2043 3 14 1
1766 3 13 1
3323 4 19 1
3188 4 18 1
187 4 17 1
1220 4 16 1
88 4 15 1
2129 4 14 1
2739 4 13 1
4069 5 19 1
2555 5 18 1
1585 5 17 1
4093 5 16 1
3721 5 15 1
3563 5 14 1
3204 5 13 1
3940 6 19 1
460 6 18 1
1689 6 17 1
3072 6 16 1
1664 6 15 1
2829 6 14 1
3690 6 13 1
3960 6 12 1
3317 6 11 1
833 6 10 1
427 8 19 1
4077 7 19 1
2292 8 18 1
1606 7 18 1
2786 8 17 1
3389 7 17 1
113 19 19 1
633 18 19 1
346 17 19 1
404 16 19 1
1417 15 19 1
2310 14 19 1
2356 13 19 1
54 12 19 1
4505 11 19 1
1136 10 19 1
2370 9 19 1
5193 19 18 1
4113 18 18 1
4181 17 18 1
4153 16 18 1
3218 15 18 1
2694 14 18 1
267 13 18 1
4822 12 18 1
916 11 18 1
2301 10 18 1
3198 9 18 1
2112 19 17 1
422 18 17 1
2409 17 17 1
1743 16 17 1
3371 15 17 1
1114 14 17 1
1540 13 17 1
978 12 17 1
3401 11 17 1
564 10 17 1
588 9 17 1
3454 19 16 1
969 18 16 1
3489 17 16 1
3020 16 16 1
1712 15 16 1
59 14 16 1
1903 13 16 1
1710 12 16 1
4526 11 16 1
5068 10 16 1
5101 9 16 1
4886 8 16 1
2514 7 16 1
161 19 15 1
1586 18 15 1
2248 17 15 1
14 16 15 1
4072 15 15 1
4319 14 15 1
3647 13 15 1
2978 12 15 1
4880 11 13 1
3923 11 14 1
1375 11 15 1
4918 10 13 1
2537 10 14 1
4426 10 15 1
3653 9 13 1
413 9 14 1
2287 9 15 1
4043 8 15 1
2570 7 15 1
1053 7 14 1
1634 7 13 1
954 7 12 1
5141 7 11 1
3539 7 10 1
2144 8 14 1
178 8 13 1
4364 8 12 1
2517 8 11 1
4312 8 10 1
3186 9 12 1
3322 9 11 1
1569 9 10 1
3481 10 12 1
2502 10 11 1
4795 10 10 1
4993 6 9 1
935 6 8 1
2808 0 13 1
377 0 12 1
2327 0 11 1
2991 0 10 1
3510 0 9 1
2052 0 8 1
5127 0 7 1
3311 0 0 1
1374 0 1 1
1799 0 2 1
1692 0 3 1
2730 0 4 1
3247 0 5 1
2265 0 6 1
2963 1 13 1
1296 1 12 1
3852 1 11 1
3775 1 10 1
1336 1 9 1
4516 1 8 1
642 1 7 1
216 1 0 1
2441 1 1 1
251 1 2 1
3498 1 3 1
923 1 4 1
1723 1 5 1
1673 1 6 1
4726 2 13 1
1078 4 12 1
2516 3 12 1
3755 2 12 1
78 4 11 1
3777 3 11 1
782 2 11 1
1538 4 10 1
221 3 10 1
5179 2 10 1
4958 4 9 1
1788 3 9 1
4442 2 9 1
5158 4 8 1
5160 3 8 1
1482 2 8 1
4380 2 7 1
2969 2 0 1
3414 2 1 1
1209 2 2 1
2742 2 3 1
2474 2 4 1
4277 2 5 1
2250 2 6 1
4042 3 7 1
2706 3 4 1
4357 3 5 1
4711 3 6 1
351 4 7 1
805 4 4 1
593 4 5 1
1338 4 6 1
243 5 9 1
2365 5 8 1
3252 5 7 1
2902 3 0 1
4080 3 1 1
4629 3 2 1
1680 3 3 1
3173 4 0 1
4666 4 1 1
4733 4 2 1
1939 4 3 1
1050 5 0 1
2962 5 1 1
4116 5 2 1
2921 5 3 1
2202 5 4 1
12 5 5 1
2333 5 6 1
2657 6 0 1
3807 6 1 1
2958 6 2 1
1216 6 3 1
5073 6 4 1
3092 6 5 1
1918 6 6 1
4646 6 7 1
3120 7 9 1
3744 7 8 1
2817 7 0 1
3364 7 1 1
384 7 2 1
1319 7 3 1
474 7 4 1
3220 7 5 1
260 7 6 1
3560 7 7 1
4820 8 9 1
3977 8 8 1
2214 8 0 1
2606 8 1 1
715 8 2 1
596 8 3 1
4569 8 4 1
4288 8 5 1
5113 8 6 1
497 8 7 1
1574 9 9 1
1110 9 8 1
1595 9 0 1
4281 9 1 1
90 9 2 1
3642 9 3 1
1638 9 4 1
2897 9 5 1
2989 9 6 1
2277 9 7 1
1748 10 0 1
1213 10 1 1
1387 10 2 1
3890 10 3 1
128 10 4 1
1130 10 5 1
815 10 6 1
2559 10 7 1
2831 10 8 1
1066 10 9 1
3063 11 12 1
1611 11 11 1
568 11 10 1
584 11 0 1
3161 11 1 1
636 11 2 1
2305 11 3 1
426 11 4 1
3715 11 5 1
2899 11 6 1
2309 11 7 1
3917 11 8 1
1470 11 9 1
4342 12 14 1
473 12 13 1
4137 12 12 1
4691 12 11 1
2546 12 10 1
2118 12 0 1
3918 12 1 1
947 12 2 1
75 12 3 1
1018 12 4 1
4510 12 5 1
4161 12 6 1
3842 12 7 1
949 12 8 1
4607 12 9 1
1125 13 14 1
4429 13 13 1
1314 13 12 1
2227 13 11 1
4631 13 10 1
3937 13 9 1
4287 14 14 1
1351 14 13 1
482 14 12 1
1715 14 11 1
3159 14 10 1
3108 14 9 1
2994 15 14 1
4949 15 13 1
4714 15 12 1
3242 15 11 1
2883 15 10 1
1571 15 9 1
3283 15 8 1
4245 15 7 1
3100 15 6 1
3761 15 5 1
4005 15 4 1
2548 15 0 1
5087 15 1 1
4818 15 2 1
5122 15 3 1
994 19 14 1
3292 18 14 1
3512 17 14 1
2123 16 14 1
5025 19 13 1
4683 18 13 1
3154 17 13 1
1821 16 13 1
2122 19 12 1
2011 18 12 1
4370 17 12 1
1447 16 12 1
1405 19 11 1
1637 18 11 1
2729 17 11 1
3070 16 11 1
3799 19 10 1
4315 18 10 1
4645 17 10 1
1920 16 10 1
1462 19 9 1
1905 18 9 1
28 17 9 1
2753 16 9 1
4801 19 8 1
4271 18 8 1
1045 17 8 1
2016 16 8 1
728 19 7 1
4680 18 7 1
3899 17 7 1
2542 16 7 1
5109 19 6 1
3679 18 6 1
4601 17 6 1
639 16 6 1
2426 19 5 1
347 18 5 1
1576 17 5 1
206 16 5 1
1649 19 4 1
2460 18 4 1
1201 17 4 1
1015 16 4 1
894 19 3 1
4068 18 3 1
4160 17 3 1
3995 16 3 1
2489 19 2 1
2382 18 2 1
1980 17 2 1
4132 16 2 1
673 19 1 1
4110 18 1 1
3999 17 1 1
2350 16 1 1
4567 19 0 1
137 18 0 1
224 17 0 1
4976 16 0 1
1373 19 0 27
2070 18 0 27
51 17 0 27
3172 19 1 28
362 18 1 28
2699 17 1 28
5093 19 2 29
1508 18 2 29
3455 17 2 29
3954 19 4 30
614 18 4 30
1086 17 4 30
5120 19 3 30
2986 18 3 30
3171 17 3 30
3606 19 5 31
3423 18 5 31
1163 17 5 31
3961 19 6 33
1813 18 6 33
2113 17 6 33
4862 19 7 34
3911 18 7 34
4572 17 7 34
2161 19 8 35
881 18 8 35
4106 17 8 35
4432 19 11 36
1112 18 11 36
3826 17 11 36
4351 19 10 36
2663 18 10 36
1287 17 10 36
1774 19 9 36
2328 18 9 36
4865 17 9 36
3968 19 12 37
3955 18 12 37
4250 17 12 37
4471 19 14 38
2658 18 14 38
2479 17 14 38
1843 16 14 38
2850 19 13 38
1031 18 13 38
4542 17 13 38
2486 16 13 38
3892 16 12 38
4835 16 11 38
1896 16 10 38
1117 16 9 38
5054 16 8 38
504 16 7 38
1815 16 6 38
1895 16 5 38
2997 16 4 38
2193 15 0 39
272 15 1 39
5230 15 2 39
1725 14 14 41
3182 14 13 41
1420 14 12 41
3847 14 11 41
2148 14 10 41
1617 15 14 41
1599 15 13 41
803 15 12 41
3562 15 11 41
242 15 10 41
153 13 14 42
2882 13 13 42
2267 13 12 42
2133 13 11 42
778 13 10 42
4433 12 0 44
1297 12 1 44
259 12 2 44
81 12 3 44
4638 12 4 44
4453 12 5 44
2708 12 6 44
191 12 7 44
2713 12 8 44
3271 12 14 46
2029 12 13 46
2018 12 12 46
1642 12 11 46
950 12 10 46
4350 11 12 47
5002 11 11 47
681 11 10 47
2764 11 0 47
5103 11 1 47
5138 11 2 47
3011 11 3 47
503 11 4 47
674 11 5 47
842 11 6 47
1230 11 7 47
4762 11 8 47
4448 10 0 49
3134 10 1 49
4504 10 2 49
1575 10 3 49
1475 10 4 49
4237 10 5 49
111 10 6 49
4427 9 9 51
1608 9 8 51
1472 9 0 51
3887 9 1 51
2851 9 2 51
1359 9 3 51
184 9 4 51
4619 9 5 51
4600 9 6 51
795 8 9 52
4018 8 8 52
3875 8 0 52
4044 8 1 52
3907 8 2 52
2766 8 3 52
1445 8 4 52
4062 8 5 52
3843 8 6 52
1701 7 9 54
2173 7 8 54
1937 7 0 54
528 7 1 54
2055 7 2 54
1236 7 3 54
437 7 4 54
2128 7 5 54
4451 7 6 54
5200 6 0 56
3147 6 1 56
1389 6 2 56
1377 6 3 56
55 6 4 56
2698 6 5 56
4338 5 0 58
789 5 1 58
255 5 2 58
194 4 0 59
4784 4 1 59
3104 4 2 59
1948 5 9 61
3812 5 8 61
3900 5 7 61
4211 3 0 61
3555 3 1 61
1451 3 2 61
1768 3 3 61
619 4 3 61
3302 5 3 61
2008 5 4 61
4825 5 5 61
2749 3 7 63
4945 3 4 63
1536 3 5 63
3817 4 7 63
1206 4 4 63
396 4 5 63
2041 4 8 64
330 3 8 64
3981 2 0 64
2083 2 1 64
918 2 2 64
3931 2 3 64
4501 2 4 64
2906 2 5 64
1592 4 9 65
1626 3 9 65
1767 4 11 66
4846 3 11 66
4188 4 10 66
3299 3 10 66
4724 1 0 67
1976 1 1 67
517 1 2 67
3386 1 3 67
313 1 4 67
3558 1 5 67
523 2 13 67
560 4 12 67
3692 3 12 67
2233 2 12 67
1770 2 11 67
2234 2 10 67
827 2 9 67
559 2 8 67
2530 2 7 67
337 1 13 70
4832 1 12 70
1011 1 11 70
4710 1 10 70
1191 1 9 70
1672 1 8 70
1223 1 7 70
4425 0 0 71
4187 0 1 71
44 0 2 71
3345 0 3 71
2589 0 4 71
2761 0 5 71
694 6 9 72
2510 6 8 72
5084 0 13 72
4371 0 12 72
2538 0 11 72
2870 0 10 72
5095 0 9 72
3448 0 8 72
3254 0 7 72
2676 0 6 72
1317 1 6 72
3013 9 12 73
1331 9 11 73
1453 10 12 73
4294 10 11 73
4023 8 14 74
2168 8 13 74
1678 8 12 74
3603 8 11 74
2632 19 9 74
4788 18 9 74
770 17 9 74
2677 11 13 76
418 11 14 76
3406 10 13 76
3169 10 14 76
1148 9 13 76
3922 9 14 76
558 19 15 79
4648 18 15 79
1032 17 15 79
3844 16 15 79
5171 15 15 79
1361 14 15 79
5195 13 15 79
1618 12 15 79
2119 11 15 79
4602 10 15 79
3733 9 15 79
951 8 15 79
4024 19 16 81
1172 18 16 81
4118 17 16 81
2564 16 16 81
3395 15 16 81
4270 14 16 81
279 13 16 81
3772 12 16 81
4027 11 16 81
4048 10 16 81
217 11 0 82
4671 11 1 82
4608 11 2 82
4055 11 3 82
4745 11 4 82
3619 11 5 82
4019 11 6 82
1726 11 7 82
753 11 8 82
2690 19 8 82
4748 18 8 82
2324 17 8 82
3532 19 17 83
2512 18 17 83
1871 17 17 83
4163 16 17 83
1197 15 17 83
3824 14 17 83
4715 13 17 83
4289 12 17 83
311 11 17 83
4887 10 17 83
3409 19 5 84
2025 18 5 84
4438 17 5 84
4140 19 18 86
701 18 18 86
1109 17 18 86
226 16 18 86
5163 15 18 86
1101 14 18 86
2856 13 18 86
1292 12 18 86
1256 11 18 86
1952 10 18 86
1840 8 19 88
1636 7 19 88
3443 8 18 88
373 7 18 88
4478 8 17 88
3038 7 17 88
957 19 19 88
858 18 19 88
4968 17 19 88
3315 16 19 88
298 15 19 88
4905 14 19 88
1426 13 19 88
486 12 19 88
620 11 19 88
903 10 19 88
3545 9 19 88
3202 9 18 88
2138 12 13 88
3867 12 12 88
4238 12 11 88
3415 12 10 88
1141 19 10 88
4656 18 10 88
1341 17 10 88
2445 15 14 89
2164 15 13 89
4191 15 12 89
567 15 11 89
79 15 10 89
2687 18 2 89
4979 17 2 89
1810 6 19 91
5192 6 18 91
27 6 17 91
2002 6 16 91
855 6 15 91
1957 6 14 91
3938 19 3 91
307 18 3 91
4378 17 3 91
1302 5 19 92
774 5 18 92
1154 5 17 92
2886 5 16 92
2226 5 15 92
31 5 14 92
4058 9 17 92
1235 9 16 92
1671 8 16 92
2845 7 16 92
4461 7 15 92
4819 7 14 92
5023 7 13 92
2410 7 12 92
2909 7 11 92
2163 17 12 92
3091 17 7 92
836 18 1 92
4704 17 1 92
2854 5 2 93
11512 milli sec 
point:420275
