745
1369 0 8 1
4701 0 7 1
3979 0 6 1
1095 0 5 1
2576 0 4 1
3907 1 8 1
1424 1 7 1
23 1 6 1
2194 1 5 1
2675 1 4 1
142 2 8 1
5421 2 7 1
2505 2 6 1
877 2 5 1
2483 2 4 1
439 3 8 1
2122 3 7 1
2180 3 6 1
2922 3 5 1
26 3 4 1
4227 0 14 1
237 0 9 1
5452 0 10 1
4960 0 11 1
1182 0 12 1
4197 0 13 1
3959 1 14 1
5292 1 9 1
1652 1 10 1
3101 1 11 1
4255 1 12 1
2963 1 13 1
4647 2 14 1
827 2 9 1
464 2 10 1
431 2 11 1
1564 2 12 1
4371 2 13 1
854 3 14 1
84 3 9 1
4460 3 10 1
5241 3 11 1
4312 3 12 1
4267 3 13 1
2906 4 14 1
3028 4 9 1
3874 4 10 1
3798 4 11 1
3720 4 12 1
1452 4 13 1
1314 0 19 1
2649 0 18 1
54 0 17 1
2336 0 16 1
4958 0 15 1
2870 1 19 1
5229 1 18 1
3189 1 17 1
3679 1 16 1
454 1 15 1
129 2 19 1
4420 2 18 1
3952 2 17 1
4610 2 16 1
4858 2 15 1
1244 3 19 1
1486 3 18 1
3385 3 17 1
4462 3 16 1
2290 3 15 1
3438 4 19 1
1757 4 18 1
2588 4 17 1
3853 4 16 1
1351 4 15 1
163 5 19 1
463 5 18 1
3464 5 17 1
4727 5 16 1
1163 5 15 1
4166 5 14 1
761 5 9 1
4496 5 10 1
5256 5 11 1
1570 5 12 1
2103 5 13 1
2752 6 19 1
2407 6 18 1
4889 6 17 1
5431 6 16 1
2710 6 15 1
2218 6 14 1
1418 6 9 1
3458 6 10 1
116 6 11 1
3846 6 12 1
76 6 13 1
4090 7 19 1
4946 7 18 1
1417 7 17 1
869 7 16 1
3089 7 15 1
3576 7 14 1
4894 7 13 1
254 7 12 1
2640 7 11 1
4764 7 10 1
3188 7 9 1
958 8 19 1
4030 8 18 1
3386 8 17 1
3891 8 16 1
3738 8 15 1
1083 8 14 1
281 8 13 1
495 8 12 1
5446 8 11 1
4104 8 10 1
2294 8 9 1
3131 9 15 1
4078 9 14 1
3327 9 13 1
865 9 12 1
1657 9 11 1
2096 9 10 1
2928 9 9 1
5218 10 15 1
3875 10 14 1
8 10 13 1
2643 10 12 1
5023 10 11 1
325 10 10 1
2959 10 9 1
5080 11 12 1
2609 11 11 1
4132 11 10 1
3445 11 9 1
4399 9 19 1
961 9 18 1
3353 9 17 1
362 9 16 1
1736 10 19 1
301 10 18 1
5209 10 17 1
3320 10 16 1
1064 11 19 1
3767 11 18 1
697 11 17 1
2840 11 13 1
3303 11 14 1
4936 11 15 1
2376 11 16 1
3731 12 19 1
3633 12 18 1
661 12 17 1
1824 12 13 1
4451 12 14 1
5310 12 15 1
3006 12 16 1
3873 13 19 1
3886 13 18 1
5171 13 17 1
31 13 13 1
3618 13 14 1
1966 13 15 1
1135 13 16 1
4814 14 19 1
1867 14 18 1
584 14 17 1
4474 14 13 1
559 14 14 1
5214 14 15 1
146 14 16 1
988 15 19 1
2837 15 18 1
2693 15 17 1
2393 15 13 1
3958 15 14 1
742 15 15 1
955 15 16 1
4324 19 19 1
2236 18 19 1
2022 17 19 1
5048 16 19 1
2851 19 18 1
2181 18 18 1
4630 17 18 1
1852 16 18 1
4429 19 17 1
212 18 17 1
2187 17 17 1
1976 16 17 1
5343 19 16 1
4920 18 16 1
5084 17 16 1
2844 16 16 1
3176 19 15 1
5309 18 15 1
3913 17 15 1
4684 16 15 1
4593 19 14 1
2721 18 14 1
5176 17 14 1
1493 16 14 1
2801 19 13 1
2581 18 13 1
1402 17 13 1
2848 16 13 1
3971 19 12 1
4772 18 12 1
5058 17 12 1
1708 16 12 1
310 15 12 1
5091 14 12 1
1435 13 12 1
161 12 12 1
3029 19 11 1
3703 18 11 1
3764 17 11 1
315 16 11 1
859 15 11 1
1563 14 11 1
3344 13 11 1
4606 12 11 1
4220 19 10 1
5186 18 10 1
4706 17 10 1
3182 16 10 1
3286 15 10 1
1668 14 10 1
2825 13 10 1
4601 12 10 1
2961 19 9 1
3062 18 9 1
1099 17 9 1
4470 16 9 1
4123 15 9 1
3233 14 9 1
1472 13 9 1
2364 12 9 1
2539 19 8 1
378 18 8 1
3433 17 8 1
5065 16 8 1
999 15 8 1
1864 14 8 1
4245 13 8 1
946 12 8 1
3510 11 8 1
4578 10 8 1
1185 9 8 1
3443 8 8 1
3477 7 8 1
2043 6 8 1
3554 5 8 1
1032 4 8 1
4705 19 7 1
108 18 7 1
2911 17 7 1
2579 16 7 1
5462 15 7 1
1078 14 7 1
2690 13 7 1
1298 12 7 1
4323 11 7 1
1081 10 7 1
933 9 7 1
3121 8 7 1
4447 7 7 1
3195 6 7 1
1945 5 7 1
140 4 7 1
2280 19 6 1
2388 18 6 1
1155 17 6 1
2327 16 6 1
5383 15 6 1
5159 14 6 1
1858 13 6 1
3806 12 6 1
4865 11 6 1
2639 10 6 1
5109 9 6 1
1751 8 6 1
1176 7 6 1
58 6 6 1
2707 5 6 1
2428 4 6 1
1024 19 0 1
623 19 1 1
4871 19 2 1
5032 19 3 1
1522 19 4 1
3795 19 5 1
4012 18 0 1
5369 18 1 1
3815 18 2 1
3207 18 3 1
2460 18 4 1
1134 18 5 1
1539 17 0 1
4008 17 1 1
3139 17 2 1
4944 17 3 1
4910 17 4 1
4844 17 5 1
1580 16 0 1
1159 16 1 1
3555 16 2 1
830 16 3 1
1053 16 4 1
1075 16 5 1
1681 15 0 1
1451 15 1 1
3863 15 2 1
4064 15 3 1
3260 15 4 1
4763 15 5 1
3190 14 0 1
2035 14 1 1
1716 14 2 1
4585 14 3 1
4712 14 4 1
1700 14 5 1
2832 13 0 1
207 13 1 1
172 13 2 1
3573 13 3 1
3094 13 4 1
2369 13 5 1
4897 12 0 1
2111 12 1 1
5195 12 2 1
285 12 3 1
529 12 4 1
1468 12 5 1
2017 11 0 1
2899 11 1 1
3832 11 2 1
5429 11 3 1
4504 11 4 1
3435 11 5 1
2648 10 4 1
3377 10 5 1
673 9 4 1
105 9 5 1
1740 8 4 1
1720 8 5 1
3216 7 5 1
4959 6 5 1
3271 5 5 1
1754 4 5 1
499 7 4 1
1502 6 4 1
3523 5 4 1
1779 4 4 1
3927 10 3 1
2136 9 3 1
885 8 3 1
2598 7 3 1
2619 6 3 1
4287 5 3 1
2951 4 3 1
1490 3 3 1
5515 2 3 1
560 1 3 1
525 0 3 1
5495 10 2 1
1278 9 2 1
1338 8 2 1
794 7 2 1
694 6 2 1
746 5 2 1
3778 4 2 1
4965 3 2 1
4039 2 2 1
978 1 2 1
2950 0 2 1
4761 10 1 1
4427 9 1 1
942 8 1 1
120 7 1 1
1446 6 1 1
60 5 1 1
5001 4 1 1
5193 3 1 1
1590 2 1 1
145 1 1 1
4290 0 1 1
817 10 0 1
4440 9 0 1
3987 8 0 1
650 7 0 1
137 6 0 1
1492 5 0 1
5436 4 0 1
1506 3 0 1
569 2 0 1
4156 1 0 1
2164 0 0 1
810 10 0 29
730 9 0 29
3986 8 0 29
3570 7 0 29
1377 6 0 29
651 5 0 29
4512 4 0 29
1421 3 0 29
3515 2 0 29
2494 1 0 29
4677 10 1 31
3051 9 1 31
3409 8 1 31
62 7 1 31
3514 6 1 31
2522 5 1 31
3410 4 1 31
2217 3 1 31
750 2 1 31
756 1 1 31
4867 10 2 34
5088 9 2 34
4127 8 2 34
2051 7 2 34
4791 6 2 34
771 5 2 34
4354 4 2 34
2324 3 2 34
3161 2 2 34
2013 1 2 34
1205 10 3 37
2580 9 3 37
4400 8 3 37
5486 7 3 37
670 6 3 37
4829 5 3 37
755 7 4 38
4038 6 4 38
4089 5 4 38
4568 8 4 39
1144 10 4 40
3981 9 4 40
1921 11 0 41
595 11 1 41
1051 11 2 41
4069 11 3 41
1015 11 4 41
3706 12 0 42
2790 12 1 42
2987 12 2 42
3119 12 3 42
1750 12 4 42
1583 13 0 43
4979 13 1 43
4904 13 2 43
1842 13 3 43
3663 13 4 43
4401 14 0 44
715 14 1 44
2033 14 2 44
1865 14 3 44
389 14 4 44
2626 15 0 45
4182 15 1 45
510 15 2 45
4882 15 3 45
3230 15 4 45
2441 16 0 47
926 16 1 47
2006 16 2 47
1813 16 3 47
1776 16 4 47
1208 17 0 49
735 17 1 49
3682 17 2 49
3506 17 3 49
3437 17 4 49
1271 18 0 50
1885 18 1 50
4785 18 2 50
996 18 3 50
2874 18 4 50
5315 19 0 51
883 19 1 51
3478 19 2 51
4553 19 3 51
5164 19 4 51
1342 19 5 51
5416 18 5 51
5521 17 5 51
4300 16 5 51
3242 15 5 51
4331 14 5 51
626 13 5 51
2186 12 5 51
3013 11 5 51
5516 10 5 51
655 9 5 51
2243 8 5 51
4461 7 5 51
5426 6 5 51
2453 5 5 51
5479 19 6 54
2367 18 6 54
5160 17 6 54
1367 16 6 54
2854 15 6 54
2489 14 6 54
2894 13 6 54
606 12 6 54
2741 11 6 54
653 10 6 54
3811 9 6 54
4042 8 6 54
2773 7 6 54
1012 6 6 54
2154 5 6 54
1465 19 7 56
4928 18 7 56
982 17 7 56
4322 16 7 56
5077 15 7 56
291 14 7 56
3537 13 7 56
3666 12 7 56
1648 11 7 56
2600 10 7 56
2562 9 7 56
2244 8 7 56
3707 7 7 56
1562 6 7 56
3483 5 7 56
2653 19 9 59
2210 18 9 59
795 17 9 59
2734 16 9 59
604 15 9 59
3454 14 9 59
2934 13 9 59
2809 19 8 59
5407 18 8 59
4258 17 8 59
4828 16 8 59
4709 15 8 59
4045 14 8 59
1122 13 8 59
3308 19 11 61
1594 18 11 61
2742 17 11 61
426 16 11 61
1549 15 11 61
262 14 11 61
1919 13 11 61
2739 19 10 61
1592 18 10 61
2403 17 10 61
724 16 10 61
4096 15 10 61
1433 14 10 61
2303 13 10 61
2123 19 13 63
3145 18 13 63
2259 17 13 63
1056 19 12 63
2156 18 12 63
5007 17 12 63
566 19 15 64
3670 18 15 64
4033 17 15 64
4190 19 14 64
2237 18 14 64
4793 17 14 64
1040 19 16 65
3876 18 16 65
2524 17 16 65
899 19 18 66
954 18 18 66
3376 17 18 66
2261 19 17 66
3210 18 17 66
1123 17 17 66
391 19 19 67
1031 18 19 67
21 17 19 67
36 16 19 67
5271 16 18 67
5467 16 17 67
4349 15 13 68
725 15 14 68
2147 15 15 68
2362 14 13 69
3589 14 14 69
681 14 15 69
131 15 19 69
345 15 18 69
1219 15 17 69
469 14 19 70
2873 14 18 70
1462 14 17 70
1727 13 13 71
57 13 14 71
4592 13 15 71
2560 13 19 72
2074 13 18 72
2299 13 17 72
760 12 19 73
4438 12 18 73
3932 12 17 73
150 12 13 73
4367 12 14 73
2331 12 15 73
4513 11 19 75
1715 11 18 75
5056 11 17 75
3035 11 13 75
1353 11 14 75
3737 11 15 75
1911 10 19 76
4989 10 18 76
4932 10 17 76
2747 9 19 77
3065 9 18 77
4599 9 17 77
3060 9 16 77
4480 10 16 77
4158 11 12 78
3424 11 11 78
1801 11 10 78
5498 10 15 79
901 10 14 79
5301 10 13 79
1841 10 12 79
5397 10 11 79
5231 10 10 79
1344 9 15 80
4638 9 14 80
811 9 13 80
3966 9 12 80
2889 9 11 80
1614 9 10 80
2592 8 19 82
1349 8 18 82
190 8 17 82
2852 8 16 82
5297 8 15 82
4441 8 14 82
2008 8 13 82
3597 8 12 82
2478 8 11 82
479 8 10 82
2869 7 19 83
1973 7 18 83
3505 7 17 83
3300 7 16 83
3527 7 15 83
4293 7 14 83
4494 6 9 84
4682 6 10 84
14 6 11 84
1317 6 12 84
4152 5 9 85
478 5 10 85
2703 5 11 85
2499 5 12 85
1392 6 19 85
3225 6 18 85
2216 6 17 85
4710 6 16 85
949 6 15 85
3897 6 14 85
4296 5 19 86
4176 5 18 86
5261 5 17 86
4931 5 16 86
4652 4 19 87
5097 4 18 87
5338 4 17 87
1936 4 16 87
1862 3 19 88
432 3 18 88
4717 3 17 88
5106 3 16 88
1061 1 19 89
18 1 18 89
4252 1 17 89
991 1 16 89
2263 2 19 89
4433 2 18 89
2695 2 17 89
2948 2 16 89
2718 0 19 90
436 0 18 90
3481 0 17 90
2594 0 16 90
5251 0 15 90
3383 1 15 90
4929 2 15 90
3208 3 15 90
5211 4 15 90
184 5 15 90
109 5 14 90
3128 10 1 90
1445 9 1 90
40 8 1 90
2658 7 1 90
1491 6 1 90
2901 5 1 90
642 4 1 90
352 3 1 90
5016 2 1 90
3544 1 1 90
3725 4 14 91
1876 4 9 91
4805 4 10 91
3063 4 11 91
1139 4 12 91
3539 13 0 91
4551 13 1 91
4430 13 2 91
1303 13 3 91
2377 13 4 91
4094 9 2 91
2702 8 2 91
4816 7 2 91
3365 6 2 91
4698 5 2 91
4240 4 2 91
4424 3 2 91
4499 2 2 91
3150 1 2 91
4879 3 9 92
3556 3 10 92
738 3 11 92
3126 3 12 92
2423 19 2 92
1225 19 3 92
748 19 4 92
3181 19 5 92
3357 3 14 93
167 18 0 93
2903 18 1 93
1987 18 2 93
3735 18 3 93
1336 18 4 93
4086 18 5 93
12316 milli sec 
point:426350
