725
1673 0 8 1
4799 0 7 1
397 0 6 1
3496 0 0 1
1675 0 1 1
471 0 2 1
1978 0 3 1
420 0 4 1
1351 0 5 1
4452 1 8 1
4898 1 7 1
302 1 6 1
4229 1 0 1
1321 1 1 1
1558 1 2 1
3230 1 3 1
1798 1 4 1
4465 1 5 1
3931 2 8 1
4089 2 7 1
2673 2 6 1
1860 2 0 1
1290 2 1 1
370 2 2 1
2643 2 3 1
3003 2 4 1
2618 2 5 1
48 3 8 1
2714 3 7 1
98 3 6 1
2523 3 0 1
4633 3 1 1
5109 3 2 1
4594 3 3 1
3315 3 4 1
900 3 5 1
4110 4 8 1
2917 4 7 1
2882 4 6 1
2008 4 0 1
975 4 1 1
3377 4 2 1
1979 4 3 1
4869 4 4 1
1970 4 5 1
3737 0 13 1
1836 0 12 1
885 0 11 1
1048 0 10 1
5102 0 9 1
3680 1 13 1
3826 1 12 1
642 1 11 1
2111 1 10 1
3962 1 9 1
616 2 13 1
1918 2 12 1
5061 2 11 1
3205 2 10 1
1647 2 9 1
3959 3 13 1
4407 3 12 1
1184 3 11 1
2090 3 10 1
3257 3 9 1
2755 4 13 1
3857 4 12 1
4264 4 11 1
3185 4 10 1
133 4 9 1
39 0 19 1
881 0 18 1
5167 0 17 1
4164 0 16 1
3455 0 15 1
2373 0 14 1
2062 1 19 1
5272 1 18 1
1356 1 17 1
2031 1 16 1
1766 1 15 1
4308 1 14 1
3608 2 19 1
4670 2 18 1
3543 2 17 1
4653 2 16 1
4503 2 15 1
990 2 14 1
5099 3 19 1
2093 3 18 1
2273 3 17 1
4243 3 16 1
550 3 15 1
880 3 14 1
3612 4 19 1
4437 4 18 1
588 4 17 1
5046 4 16 1
2264 4 15 1
689 4 14 1
828 5 19 1
1314 5 18 1
1406 5 17 1
3466 5 16 1
780 5 15 1
3490 5 14 1
2109 5 13 1
731 5 12 1
5243 5 11 1
901 5 10 1
4030 5 9 1
3616 5 8 1
3256 5 7 1
3749 5 6 1
4943 5 0 1
4989 5 1 1
2984 5 2 1
1179 5 3 1
3532 5 4 1
4834 5 5 1
556 6 19 1
3922 6 18 1
2169 6 17 1
3991 6 16 1
3905 6 15 1
2954 6 14 1
88 6 13 1
3970 6 12 1
401 6 11 1
3080 6 10 1
3638 6 9 1
403 6 8 1
3854 6 7 1
4438 6 6 1
4054 6 5 1
2033 6 4 1
3652 6 3 1
3725 6 2 1
1827 6 1 1
170 6 0 1
4975 9 19 1
3401 8 19 1
4273 7 19 1
3452 9 18 1
1928 8 18 1
3440 7 18 1
3270 9 17 1
4565 8 17 1
4598 7 17 1
4946 9 16 1
5199 8 16 1
4652 7 16 1
4757 9 15 1
1696 8 15 1
4622 7 15 1
5204 19 19 1
5221 18 19 1
4510 17 19 1
5088 16 19 1
788 15 19 1
3506 14 19 1
4742 13 19 1
2492 12 19 1
4281 11 19 1
3129 10 19 1
5013 19 18 1
2275 18 18 1
2729 17 18 1
1763 16 18 1
2821 15 18 1
2865 14 18 1
734 13 18 1
912 12 18 1
1081 11 18 1
3823 10 18 1
2352 19 17 1
2675 18 17 1
1695 17 17 1
271 16 17 1
2931 15 17 1
691 14 17 1
4627 13 17 1
1948 12 17 1
794 11 17 1
4521 10 17 1
447 19 16 1
4950 18 16 1
316 17 16 1
4163 16 16 1
2318 15 16 1
199 14 16 1
1433 13 16 1
2290 12 16 1
3119 11 16 1
4142 10 16 1
5103 19 15 1
200 18 15 1
1768 17 15 1
171 16 15 1
2080 15 15 1
5029 14 15 1
4549 13 15 1
3953 12 15 1
2680 11 15 1
3030 10 15 1
3901 19 14 1
3393 18 14 1
5258 17 14 1
3476 16 14 1
5133 15 14 1
5106 14 14 1
3589 13 14 1
4235 12 14 1
728 11 14 1
193 10 14 1
3768 9 14 1
2767 8 14 1
3882 7 14 1
4841 19 13 1
3874 18 13 1
1020 17 13 1
4548 16 13 1
4081 15 13 1
3758 14 13 1
4084 13 13 1
3877 12 13 1
5207 11 13 1
4199 10 13 1
2939 9 13 1
1496 8 13 1
3283 7 13 1
2032 19 12 1
3805 18 12 1
2701 17 12 1
827 16 12 1
3222 15 12 1
2066 14 12 1
5294 13 12 1
5043 12 12 1
1963 11 12 1
5225 10 12 1
552 9 12 1
4691 8 12 1
4347 7 12 1
2192 19 11 1
4692 18 11 1
3240 17 11 1
349 16 11 1
2703 15 11 1
2328 14 11 1
575 13 11 1
3464 12 11 1
4600 11 11 1
785 10 11 1
4508 9 11 1
2573 8 11 1
3187 7 11 1
1434 9 10 1
67 8 10 1
698 7 10 1
4436 9 9 1
3811 8 9 1
5 7 9 1
1057 9 8 1
55 8 8 1
373 7 8 1
4018 19 10 1
782 18 10 1
4119 17 10 1
4205 16 10 1
2212 15 10 1
2815 14 10 1
4186 13 10 1
2099 12 10 1
4737 11 10 1
2630 10 10 1
5000 19 9 1
92 18 9 1
1047 17 9 1
1733 16 9 1
1151 15 9 1
2234 14 9 1
377 13 9 1
4827 12 9 1
1620 11 9 1
2161 10 9 1
5048 19 8 1
2052 18 8 1
2887 17 8 1
5288 16 8 1
2395 15 8 1
2625 14 8 1
1236 13 8 1
1352 12 8 1
830 11 8 1
2622 10 8 1
761 19 7 1
86 18 7 1
2203 17 7 1
3906 16 7 1
1911 15 7 1
4941 14 7 1
2404 13 7 1
2970 12 7 1
2202 11 7 1
3429 10 7 1
1578 9 7 1
2399 8 7 1
5062 7 7 1
1271 19 6 1
3063 18 6 1
394 17 6 1
4387 16 6 1
889 15 6 1
142 14 6 1
1879 13 6 1
3327 12 6 1
3701 11 6 1
2966 10 6 1
4835 9 6 1
2211 8 6 1
2894 7 6 1
4141 19 0 1
2252 19 1 1
1479 19 2 1
2417 19 3 1
3921 19 4 1
2136 19 5 1
1427 18 0 1
5009 18 1 1
2296 18 2 1
1487 18 3 1
3501 18 4 1
1345 18 5 1
2061 17 0 1
476 17 1 1
3374 17 2 1
1785 17 3 1
1142 17 4 1
2054 17 5 1
1726 16 0 1
3334 16 1 1
1856 16 2 1
931 16 3 1
3061 16 4 1
1391 16 5 1
4100 15 0 1
11 15 1 1
784 15 2 1
3066 15 3 1
4524 15 4 1
1383 15 5 1
5084 14 0 1
1572 14 1 1
4239 14 2 1
4361 14 3 1
94 14 4 1
4317 14 5 1
3898 13 5 1
1440 12 5 1
685 11 5 1
2998 10 5 1
2408 9 5 1
4215 8 5 1
4809 7 5 1
4736 13 4 1
177 12 4 1
3293 11 4 1
2793 10 4 1
2711 9 4 1
1863 8 4 1
4218 7 4 1
572 13 3 1
544 12 3 1
35 11 3 1
5164 10 3 1
4259 9 3 1
1363 8 3 1
90 7 3 1
2645 13 2 1
1366 12 2 1
517 11 2 1
2067 10 2 1
5147 9 2 1
5073 8 2 1
1167 7 2 1
3596 13 1 1
71 12 1 1
2832 11 1 1
671 10 1 1
4845 9 1 1
3963 8 1 1
4861 7 1 1
1092 13 0 1
2263 12 0 1
4916 11 0 1
789 10 0 1
531 9 0 1
3950 8 0 1
4889 7 0 1
107 13 0 28
2056 12 0 28
4133 11 0 28
4771 10 0 28
1134 9 0 28
1455 8 0 28
4753 13 1 33
727 12 1 33
954 11 1 33
2801 10 1 33
2647 9 1 33
1765 8 1 33
2979 13 2 35
389 12 2 35
1727 11 2 35
5188 10 2 35
5174 9 2 35
4321 8 2 35
2411 13 3 38
1587 12 3 38
878 11 3 38
306 10 3 38
2503 9 3 38
270 8 3 38
412 13 4 40
2760 12 4 40
3654 11 4 40
5035 10 4 40
2280 9 4 40
4075 8 4 40
3199 14 0 43
4787 14 1 43
2586 14 2 43
4410 14 3 43
1627 14 4 43
2725 15 0 44
4571 15 1 44
4114 15 2 44
3040 15 3 44
4234 15 4 44
636 16 0 45
3738 16 1 45
3671 16 2 45
3145 16 3 45
3086 16 4 45
4360 17 0 47
1820 17 1 47
744 17 2 47
4874 17 3 47
1907 17 4 47
593 18 0 48
4108 18 1 48
2225 18 2 48
4311 18 3 48
481 18 4 48
915 19 0 49
1148 19 1 49
2584 19 2 49
3821 19 3 49
2798 19 4 49
134 19 5 49
4940 18 5 49
2763 17 5 49
838 16 5 49
1305 15 5 49
3842 14 5 49
3254 13 5 49
4055 12 5 49
4873 11 5 49
4487 10 5 49
442 9 5 49
1219 8 5 49
219 19 6 51
3534 18 6 51
2876 17 6 51
3057 16 6 51
49 15 6 51
4637 14 6 51
2154 13 6 51
4127 12 6 51
2585 11 6 51
4660 10 6 51
4044 9 6 51
2144 8 6 51
2788 19 7 53
2624 18 7 53
5200 17 7 53
2198 16 7 53
5192 15 7 53
3194 14 7 53
5261 13 7 53
3391 12 7 53
860 11 7 53
2277 19 8 54
118 18 8 54
654 17 8 54
52 16 8 54
361 15 8 54
2782 14 8 54
4278 13 8 54
4122 12 8 54
4714 11 8 54
5083 19 9 56
146 18 9 56
4445 17 9 56
2909 16 9 56
2901 15 9 56
585 14 9 56
2025 13 9 56
5115 12 9 56
1339 11 9 56
1546 9 8 59
3439 8 8 59
109 19 10 59
1585 18 10 59
594 17 10 59
2942 16 10 59
5110 15 10 59
4504 14 10 59
3660 13 10 59
1320 12 10 59
3357 11 10 59
1588 10 10 59
945 9 10 60
2578 8 10 60
369 9 9 60
1457 8 9 60
262 19 11 61
1284 18 11 61
2853 17 11 61
4939 16 11 61
4919 15 11 61
1033 14 11 61
2393 13 11 61
4628 12 11 61
4768 11 11 61
853 10 11 61
1211 9 11 61
380 8 11 61
4671 19 12 64
3787 18 12 64
787 17 12 64
4168 16 12 64
3847 15 12 64
598 14 12 64
928 13 12 64
4365 12 12 64
2967 11 12 64
3637 10 12 64
3366 9 12 64
4078 8 12 64
2020 19 13 67
1281 18 13 67
516 17 13 67
4881 16 13 67
5214 15 13 67
2118 14 13 67
1199 13 13 67
4866 12 13 67
1746 11 13 67
2879 10 13 67
2068 9 13 67
2160 8 13 67
4623 19 14 69
1172 18 14 69
3934 17 14 69
1375 16 14 69
242 15 14 69
2958 14 14 69
154 13 14 69
4924 12 14 69
4346 11 14 69
3096 19 15 72
690 18 15 72
2751 17 15 72
1334 16 15 72
5178 15 15 72
4216 14 15 72
599 13 15 72
352 12 15 72
723 11 15 72
458 19 16 74
2982 18 16 74
1068 17 16 74
1821 16 16 74
2965 15 16 74
4296 14 16 74
1176 13 16 74
1394 12 16 74
1291 11 16 74
1883 19 17 75
5148 18 17 75
4890 17 17 75
4654 16 17 75
2772 15 17 75
1752 14 17 75
1958 13 17 75
801 12 17 75
3386 11 17 75
4522 19 18 77
2268 18 18 77
68 17 18 77
3320 16 18 77
1303 15 18 77
737 14 18 77
164 13 18 77
4031 12 18 77
3363 11 18 77
2891 19 19 78
1365 18 19 78
3939 17 19 78
692 16 19 78
586 15 19 78
1913 14 19 78
2867 13 19 78
821 12 19 78
2881 11 19 78
1712 10 19 78
2065 10 18 78
2135 9 15 79
461 8 15 79
4921 9 17 80
3028 8 17 80
490 9 16 80
4980 8 16 80
3799 9 19 81
1124 8 19 81
554 7 19 81
2646 9 18 81
2720 8 18 81
1108 7 18 81
542 7 17 81
667 7 16 81
4741 7 15 81
3013 13 0 83
2422 12 0 83
2797 11 0 83
288 10 0 83
3412 9 0 83
917 8 0 83
922 6 19 84
1998 6 18 84
3498 6 17 84
315 6 16 84
832 6 15 84
5279 6 14 84
4179 6 13 84
1852 6 12 84
1757 6 11 84
959 6 10 84
1643 6 9 84
950 6 8 84
3709 6 7 84
2908 6 6 84
2462 5 0 85
5217 5 1 85
840 5 2 85
1690 5 3 85
4029 5 4 85
2284 4 19 87
327 4 18 87
3341 4 17 87
2601 4 16 87
2236 4 15 87
1414 5 19 87
2120 5 18 87
5104 5 17 87
2083 5 16 87
3513 5 15 87
4656 3 19 88
1747 3 18 88
4751 3 17 88
877 3 16 88
3790 3 15 88
769 2 19 90
4071 2 18 90
4099 2 17 90
3822 2 16 90
3364 2 15 90
4538 1 19 91
4085 1 18 91
40 1 17 91
5036 1 16 91
3328 1 15 91
3300 15 0 91
286 15 1 91
2249 15 2 91
1109 15 3 91
1408 15 4 91
824 4 13 92
2608 4 12 92
1329 4 11 92
3494 4 10 92
2017 0 19 92
2299 0 18 92
2369 0 17 92
2694 0 16 92
2971 0 15 92
2972 0 14 92
4146 1 14 92
5027 2 14 92
3474 3 14 92
2598 4 14 92
1486 5 14 92
4792 5 13 92
225 5 12 92
831 5 11 92
4046 5 10 92
3351 17 0 92
3434 17 1 92
4323 17 2 92
223 17 3 92
650 17 4 92
1318 2 13 93
1669 2 12 93
3253 2 11 93
4704 2 10 93
3323 3 13 93
2219 3 12 93
2378 3 11 93
42 3 10 93
406 16 7 93
3690 15 7 93
559 14 7 93
4167 13 7 93
11303 milli sec 
point:429600
