708
4453 1 3 1
4281 0 3 1
5221 1 2 1
3442 0 2 1
1182 0 5 1
4216 0 4 1
2007 1 5 1
2295 1 4 1
3618 2 5 1
2529 0 7 1
1027 0 6 1
5392 1 7 1
2195 1 6 1
943 0 10 1
3399 0 9 1
4068 0 8 1
4146 1 10 1
3040 1 9 1
2814 1 8 1
4624 4 10 1
1226 3 10 1
2678 2 10 1
4783 4 9 1
3445 3 9 1
2317 2 9 1
4968 2 8 1
1124 2 7 1
894 2 6 1
314 3 8 1
161 3 7 1
5006 3 6 1
3965 3 5 1
5290 4 8 1
2472 4 7 1
4018 4 6 1
1719 4 5 1
3570 5 10 1
4223 9 9 1
3750 8 9 1
1381 7 9 1
1001 6 9 1
1304 5 9 1
256 9 8 1
471 8 8 1
4580 7 8 1
3835 6 8 1
649 5 8 1
1793 9 7 1
975 8 7 1
5036 9 5 1
664 9 6 1
1826 8 5 1
982 8 6 1
679 7 5 1
426 7 6 1
3096 7 7 1
2971 6 7 1
1701 5 7 1
4762 6 6 1
3335 5 6 1
1557 6 5 1
1406 5 5 1
1178 7 4 1
5271 6 4 1
3512 5 4 1
454 4 4 1
1618 3 4 1
5288 2 4 1
4557 9 4 1
4635 8 4 1
4415 9 3 1
4183 8 3 1
4193 10 8 1
2793 10 7 1
947 10 6 1
1376 10 5 1
3683 10 4 1
3069 10 3 1
4726 13 8 1
5312 12 8 1
1614 11 8 1
171 13 7 1
3162 12 7 1
96 11 7 1
3588 11 6 1
551 11 5 1
116 11 4 1
4597 11 3 1
2954 13 6 1
230 12 6 1
4262 12 5 1
187 0 15 1
265 0 14 1
1156 0 13 1
2074 0 11 1
262 0 12 1
3436 1 15 1
1857 1 14 1
4564 1 13 1
1888 1 11 1
1356 1 12 1
1225 3 15 1
3765 2 15 1
3903 3 14 1
843 2 14 1
2876 2 13 1
5242 2 11 1
776 2 12 1
53 3 11 1
1289 3 12 1
2069 3 13 1
3151 0 19 1
1725 0 16 1
2964 0 17 1
2731 0 18 1
2629 1 19 1
3097 1 16 1
1922 1 17 1
3954 1 18 1
1167 2 19 1
4959 2 16 1
3480 2 17 1
4023 2 18 1
298 4 19 1
2818 3 19 1
4961 4 18 1
3524 3 18 1
3562 4 17 1
5329 3 17 1
4070 3 16 1
2753 4 16 1
1164 4 15 1
289 4 14 1
2209 5 11 1
2103 4 11 1
5197 4 12 1
115 4 13 1
335 5 19 1
257 5 18 1
1978 5 17 1
3491 5 16 1
380 6 19 1
3389 6 18 1
2880 6 17 1
5150 8 19 1
1609 7 19 1
1054 8 18 1
3526 7 18 1
1053 11 19 1
292 10 19 1
4929 9 19 1
4448 11 18 1
4168 10 18 1
5113 9 18 1
2361 11 17 1
1517 10 17 1
1443 9 17 1
79 8 17 1
4798 7 17 1
2715 9 16 1
126 8 16 1
3944 7 16 1
4026 6 16 1
2724 6 15 1
418 5 15 1
3469 6 14 1
4037 5 14 1
1238 5 13 1
1662 5 12 1
4519 6 13 1
5222 6 12 1
3503 7 15 1
3210 7 14 1
3634 7 13 1
1655 6 10 1
104 6 11 1
4384 7 10 1
4397 7 11 1
2328 7 12 1
3412 9 15 1
4142 8 15 1
4679 8 14 1
1969 8 13 1
4027 8 10 1
2577 8 11 1
771 8 12 1
717 9 14 1
2371 9 13 1
381 9 10 1
511 9 11 1
4466 9 12 1
3403 10 14 1
597 10 13 1
1055 10 12 1
4202 10 11 1
2366 10 16 1
1418 10 15 1
3855 11 16 1
2068 11 15 1
2386 11 14 1
2426 11 13 1
1414 11 12 1
4213 11 11 1
435 13 16 1
645 12 16 1
1396 13 15 1
3039 12 15 1
2113 12 14 1
372 12 13 1
3908 12 12 1
1580 10 9 1
3552 10 10 1
4536 11 9 1
2695 11 10 1
1728 12 9 1
2840 12 10 1
5358 12 11 1
2490 13 12 1
68 13 9 1
3031 13 10 1
2559 13 11 1
1075 14 12 1
2701 14 11 1
2126 14 10 1
2634 14 9 1
942 14 8 1
682 13 14 1
2919 13 13 1
1787 14 14 1
4303 14 13 1
1437 12 19 1
407 12 18 1
4710 12 17 1
1732 13 19 1
3695 13 18 1
2310 13 17 1
4406 19 19 1
1950 18 19 1
3622 17 19 1
4902 16 19 1
5194 15 19 1
1752 14 19 1
1743 19 17 1
247 19 18 1
1543 18 17 1
1092 18 18 1
2890 17 17 1
2889 17 18 1
203 16 17 1
4137 16 18 1
2613 15 18 1
1814 14 18 1
2142 14 17 1
634 14 16 1
796 14 15 1
4784 15 17 1
2835 15 16 1
4839 15 15 1
2451 19 16 1
5330 18 16 1
2438 17 16 1
482 16 16 1
1935 19 15 1
238 18 15 1
3956 17 15 1
3199 16 15 1
371 19 14 1
1677 18 14 1
2280 17 14 1
2947 16 14 1
4843 15 14 1
701 19 13 1
3346 18 13 1
4883 17 13 1
5121 16 13 1
1837 15 13 1
1154 19 11 1
4737 19 12 1
373 18 11 1
1026 18 12 1
4796 17 11 1
5360 17 12 1
2019 16 12 1
2329 15 12 1
2213 16 11 1
3297 15 11 1
902 15 10 1
4272 15 9 1
4059 15 8 1
856 16 10 1
3461 16 9 1
2692 16 8 1
1328 17 10 1
4705 17 9 1
4302 17 8 1
5181 19 10 1
421 18 10 1
2733 19 9 1
2700 18 9 1
2650 19 8 1
1561 18 8 1
1522 19 7 1
3825 18 7 1
1400 17 7 1
2633 16 7 1
4234 15 7 1
4997 14 7 1
290 19 5 1
4276 19 6 1
2637 18 5 1
2247 18 6 1
1757 17 6 1
1309 16 6 1
1058 15 6 1
583 14 6 1
349 15 5 1
1597 14 5 1
3922 13 5 1
2362 17 5 1
4497 16 5 1
1358 19 0 1
2152 19 1 1
3276 19 2 1
4575 19 3 1
2750 19 4 1
5266 17 0 1
4991 17 1 1
4868 18 0 1
83 18 1 1
5398 18 2 1
1189 18 3 1
2736 18 4 1
2066 15 0 1
761 15 1 1
2887 15 2 1
688 15 3 1
2117 16 0 1
3377 16 1 1
5141 16 2 1
2639 16 3 1
3011 17 2 1
1630 17 3 1
5196 17 4 1
1128 16 4 1
4982 15 4 1
4645 14 4 1
429 13 4 1
849 12 4 1
1337 14 3 1
2500 13 3 1
4659 12 3 1
205 14 0 1
4541 14 1 1
2523 14 2 1
1287 13 0 1
3701 13 1 1
390 13 2 1
1315 12 0 1
2256 12 1 1
3397 12 2 1
296 11 0 1
5387 11 1 1
84 11 2 1
110 10 0 1
5028 10 1 1
2663 10 2 1
2150 9 0 1
4222 9 1 1
3978 9 2 1
50 8 0 1
1990 8 1 1
1916 8 2 1
4187 7 0 1
2194 7 1 1
5261 7 2 1
3868 7 3 1
757 6 2 1
1277 6 3 1
1213 6 0 1
4628 6 1 1
1733 5 0 1
336 5 1 1
4275 5 2 1
1150 5 3 1
2471 4 0 1
4521 4 1 1
1199 4 2 1
2204 4 3 1
1464 3 3 1
4566 2 3 1
2921 3 2 1
393 2 2 1
5316 3 1 1
1469 2 1 1
2230 1 1 1
5167 0 1 1
2000 3 0 1
4293 2 0 1
3810 1 0 1
4198 0 0 1
3158 3 0 30
741 2 0 30
4937 1 0 30
4428 3 1 31
4083 3 2 32
5102 4 0 33
3938 4 1 33
3470 4 2 33
1445 5 0 35
1009 6 2 36
2096 6 0 36
317 6 1 36
2307 5 1 36
552 5 2 36
278 7 0 37
2063 7 1 37
632 9 0 38
4627 9 1 38
3406 8 0 38
5168 8 1 38
4668 11 0 40
4856 11 1 40
3433 10 0 40
1547 10 1 40
4563 12 0 41
3739 12 1 41
941 14 0 42
4524 14 1 42
1394 14 2 42
2263 13 0 42
2834 13 1 42
3359 13 2 42
533 14 3 43
108 13 3 43
3910 17 2 44
2758 16 0 45
2892 16 1 45
2285 16 2 45
1428 17 0 46
1959 17 1 46
1983 18 0 46
1271 18 1 46
2462 18 2 46
4735 18 3 46
4353 15 0 46
1201 15 1 46
1784 15 2 46
3287 15 3 46
866 16 3 46
1919 17 3 46
4911 19 0 47
4745 19 1 47
1145 19 2 47
4646 19 3 47
2689 19 4 47
2552 18 4 47
1720 17 4 47
2236 17 5 48
229 16 5 48
3858 15 5 49
1068 18 5 50
3171 19 5 51
5369 19 6 51
3556 18 6 51
3744 17 6 51
4007 16 6 51
911 15 6 51
2251 19 7 52
4809 19 10 53
300 18 10 53
1151 19 9 53
4984 18 9 53
5092 19 8 53
4873 16 10 54
4317 16 9 54
4946 17 10 54
4457 17 9 54
2965 16 11 55
4919 19 11 56
1903 19 12 56
2293 18 11 56
3141 18 12 56
3775 17 11 56
1702 17 12 56
1171 16 12 56
609 19 13 57
5158 18 13 57
1761 17 13 57
4539 16 13 57
792 19 14 58
5013 18 14 58
600 17 14 58
3439 19 16 59
4717 18 16 59
3550 17 16 59
2303 16 16 59
228 19 15 59
5182 18 15 59
3548 17 15 59
2661 15 17 60
76 15 16 60
2517 19 17 62
555 19 18 62
1658 18 17 62
463 18 18 62
4908 17 17 62
694 17 18 62
1881 16 17 62
2714 16 18 62
2942 15 18 62
2694 19 19 63
4342 18 19 63
1532 17 19 63
4334 16 19 63
4538 15 19 63
3474 14 19 63
1091 12 19 64
4581 12 18 64
3645 12 17 64
196 13 19 64
4671 13 18 64
3291 13 17 64
4615 14 12 65
77 13 14 65
1174 13 13 65
3107 14 14 65
3252 14 13 65
868 10 9 66
3361 10 10 66
306 11 9 66
246 11 10 66
1645 12 9 66
5207 12 10 66
347 13 12 66
3058 13 9 66
767 13 10 66
3110 13 15 68
2334 11 16 69
940 13 16 69
4529 12 16 69
4922 12 15 69
2784 12 14 69
980 12 13 69
2365 12 12 69
1265 10 16 70
4328 10 15 70
1278 11 15 70
4522 11 14 70
173 11 13 70
3371 11 12 70
613 9 14 71
635 9 13 71
91 9 10 71
3748 9 11 71
1551 10 14 71
4424 10 13 71
1570 9 15 72
4616 8 15 72
2865 8 14 72
1555 8 13 72
3708 8 10 72
3576 8 11 72
4544 6 10 73
2764 6 11 73
599 7 10 73
991 7 11 73
4795 6 14 74
2255 6 13 74
752 7 15 74
1379 7 14 74
3182 7 13 74
907 9 16 75
1436 8 16 75
1070 11 18 76
1204 10 18 76
4774 11 17 76
724 10 17 76
1279 13 0 76
4373 13 1 76
4537 8 19 77
3083 7 19 77
3409 8 18 77
2858 7 18 77
3060 11 19 77
4578 10 19 77
661 9 19 77
884 9 18 77
2589 9 17 77
3818 8 17 77
3021 7 17 77
3167 7 16 77
3596 5 11 78
3699 4 11 78
4715 4 12 78
4036 5 19 78
3279 5 18 78
1221 5 17 78
1383 5 16 78
3595 6 19 78
3958 6 18 78
437 6 17 78
1028 4 17 79
3905 14 0 79
3132 14 1 79
5027 14 2 79
375 4 18 80
1188 1 16 81
3212 1 17 81
4074 2 19 81
54 2 16 81
3219 2 17 81
2548 4 19 81
630 3 19 81
3976 10 0 81
4134 10 1 81
3448 0 19 82
4942 0 16 82
2679 0 17 82
3575 0 18 82
2541 1 19 82
3233 1 18 82
2723 2 18 82
2189 3 18 82
5176 3 17 82
3840 3 16 82
3799 4 16 82
1102 4 15 82
2769 4 14 82
3732 3 14 83
22 2 11 83
893 3 11 83
3126 3 15 84
334 2 15 84
3565 2 14 84
3223 2 13 84
4979 7 1 84
4292 0 11 85
5057 1 15 85
4560 1 14 85
858 1 13 85
2306 1 11 85
3181 13 6 86
1976 12 6 86
1807 12 5 86
222 0 15 86
3525 0 14 86
3909 0 13 86
3008 0 12 86
4322 1 12 86
5103 2 12 86
1577 3 12 86
4244 3 13 86
3292 15 0 86
1247 15 1 86
4151 15 2 86
3228 15 3 86
4343 8 0 86
3604 8 1 86
4949 13 7 87
5169 12 7 87
2454 13 8 88
4822 12 8 88
3301 11 8 88
1671 11 7 88
936 11 6 88
625 11 5 88
3093 11 4 88
2229 10 8 89
4104 10 7 89
2411 10 6 89
1921 10 5 89
1957 10 4 89
409 10 3 89
2464 11 3 89
690 17 11 89
4551 9 4 90
925 8 4 90
2207 9 3 90
2855 8 3 90
4808 18 11 90
4283 12 0 90
753 12 1 90
3554 5 0 90
748 6 6 91
1962 6 5 91
3450 7 4 91
182 6 4 91
1331 17 10 91
3194 17 9 91
4723 18 0 91
3160 9 5 92
467 9 6 92
556 8 5 92
945 8 6 92
4462 7 5 92
2077 7 6 92
587 13 12 92
2569 13 9 92
683 13 10 92
2201 16 11 92
1038 9 7 93
642 8 7 93
2614 7 7 93
5264 6 7 93
4396 4 13 93
443 6 16 93
713 6 15 93
1853 5 15 93
11585 milli sec 
point:417400
