742
3206 0 16 1
2465 0 15 1
2936 0 14 1
438 0 13 1
3631 0 12 1
2550 0 11 1
909 0 10 1
4479 0 9 1
4188 0 7 1
4133 0 8 1
824 1 16 1
813 1 15 1
224 1 14 1
4448 1 13 1
2968 1 12 1
3166 1 11 1
3844 1 10 1
889 1 9 1
814 1 7 1
4258 1 8 1
3724 2 16 1
3494 2 15 1
3406 2 14 1
3323 2 13 1
4115 2 12 1
2076 2 11 1
2853 2 10 1
3268 2 9 1
4864 2 7 1
3655 2 8 1
1812 0 19 1
5296 0 18 1
2048 0 17 1
5202 1 19 1
5820 1 18 1
656 1 17 1
1299 2 19 1
756 2 18 1
1407 2 17 1
557 5 19 1
4778 4 19 1
2031 3 19 1
1806 5 18 1
1828 4 18 1
1151 3 18 1
2139 5 17 1
5026 4 17 1
5506 3 17 1
4305 5 16 1
2610 4 16 1
3750 3 16 1
5189 5 15 1
5302 4 15 1
1181 3 15 1
5730 3 14 1
3504 4 14 1
872 4 13 1
1089 3 13 1
3744 4 12 1
3670 3 12 1
5066 3 11 1
5043 3 10 1
1294 3 9 1
5384 0 0 1
2577 0 1 1
5075 0 2 1
70 0 3 1
1197 0 4 1
4272 0 5 1
5819 0 6 1
941 1 0 1
3577 1 1 1
4137 1 2 1
4538 1 3 1
3440 1 4 1
1400 1 5 1
2157 1 6 1
3297 2 0 1
5242 2 1 1
4800 2 2 1
1988 2 3 1
1296 2 4 1
5462 2 5 1
4352 2 6 1
5016 3 0 1
5685 3 1 1
41 3 2 1
2246 3 3 1
2631 3 4 1
2034 3 5 1
2844 3 6 1
3604 3 7 1
5081 3 8 1
4775 4 11 1
2687 4 10 1
5418 4 9 1
845 5 0 1
21 5 1 1
736 5 2 1
1188 4 0 1
2515 4 1 1
3966 4 2 1
333 4 3 1
2672 4 4 1
1036 4 5 1
3801 4 6 1
3612 4 7 1
1990 4 8 1
3976 5 14 1
1347 5 13 1
1919 5 12 1
1654 5 11 1
2613 5 10 1
2547 5 9 1
5013 6 5 1
3250 5 5 1
4035 5 6 1
995 5 7 1
5629 5 8 1
4016 6 19 1
1107 6 18 1
680 6 17 1
1732 6 16 1
773 6 15 1
2890 6 14 1
3812 6 13 1
3644 6 12 1
4001 6 11 1
2135 6 10 1
1656 6 9 1
2277 6 8 1
2059 6 7 1
1759 6 6 1
3945 9 19 1
3124 8 19 1
5047 7 19 1
1446 9 18 1
5115 8 18 1
1976 7 18 1
4199 9 17 1
4320 8 17 1
4514 7 17 1
1543 19 19 1
1049 18 19 1
117 17 19 1
3458 16 19 1
5552 15 19 1
5792 14 19 1
2595 13 19 1
1023 12 19 1
833 11 19 1
2197 10 19 1
3383 19 18 1
3884 18 18 1
1457 17 18 1
5515 16 18 1
2714 15 18 1
3758 14 18 1
4469 13 18 1
2095 12 18 1
5291 11 18 1
2138 10 18 1
2756 19 17 1
5748 18 17 1
160 17 17 1
2476 16 17 1
3379 15 17 1
3505 14 17 1
2608 13 17 1
5289 12 17 1
3847 11 17 1
3156 10 17 1
2045 16 16 1
3910 15 16 1
424 14 16 1
5166 13 16 1
1624 12 16 1
4080 11 16 1
4682 10 16 1
3417 9 16 1
5564 8 16 1
3971 7 16 1
4576 19 16 1
2275 18 16 1
2127 17 16 1
3725 19 15 1
4039 18 15 1
3853 17 15 1
3739 16 15 1
1889 15 15 1
4456 14 15 1
2773 13 15 1
4890 12 15 1
4627 11 15 1
1703 10 15 1
781 9 15 1
5003 8 15 1
948 7 15 1
860 19 13 1
1958 19 14 1
3064 18 13 1
5728 18 14 1
2033 17 13 1
5344 17 14 1
5817 19 9 1
2952 19 10 1
4110 19 11 1
1892 19 12 1
3456 18 9 1
1827 18 10 1
4053 18 11 1
2115 18 12 1
1767 17 9 1
284 17 10 1
4608 17 11 1
4616 17 12 1
4428 16 9 1
1319 16 10 1
1947 16 11 1
2782 16 12 1
480 16 13 1
2011 16 14 1
2056 15 9 1
724 15 10 1
5382 15 11 1
3517 15 12 1
1453 15 13 1
1756 15 14 1
3354 14 9 1
45 14 10 1
119 14 11 1
51 14 12 1
1131 14 13 1
2758 14 14 1
4878 13 11 1
835 13 12 1
2691 13 13 1
377 13 14 1
1176 12 11 1
4613 12 12 1
4649 12 13 1
4659 12 14 1
2808 11 14 1
5596 10 14 1
4980 9 14 1
3104 8 14 1
525 7 14 1
646 11 13 1
90 10 13 1
3742 9 13 1
4512 8 13 1
108 7 13 1
4474 11 12 1
1764 10 12 1
5251 9 12 1
3134 8 12 1
3046 7 12 1
595 11 11 1
481 10 11 1
1405 9 11 1
5581 8 11 1
4945 7 11 1
5723 7 10 1
4310 7 9 1
4044 7 8 1
5230 7 7 1
2389 5 3 1
2324 5 4 1
5420 6 0 1
3108 6 1 1
5167 6 2 1
1709 6 3 1
2377 6 4 1
5211 7 0 1
1305 7 1 1
4748 7 2 1
2068 7 3 1
42 7 4 1
4982 7 5 1
417 7 6 1
2373 8 10 1
5702 8 9 1
896 8 8 1
4510 8 7 1
1713 8 0 1
1021 8 1 1
1573 8 2 1
3425 8 3 1
1217 8 4 1
1496 8 5 1
1475 8 6 1
4374 9 10 1
1712 9 9 1
3549 9 8 1
5220 9 7 1
4933 9 0 1
5680 9 1 1
1592 9 2 1
1779 9 3 1
5133 9 4 1
4009 9 5 1
3422 9 6 1
594 10 10 1
5620 10 9 1
4084 10 8 1
4049 10 7 1
2370 10 0 1
868 10 1 1
3003 10 2 1
698 10 3 1
625 10 4 1
819 10 5 1
4167 10 6 1
5392 11 10 1
3718 11 9 1
415 11 8 1
3818 11 7 1
2016 11 6 1
4443 11 5 1
5560 11 4 1
4077 11 3 1
4096 11 2 1
2670 11 1 1
23 11 0 1
2788 13 10 1
4569 12 10 1
1012 13 9 1
523 12 9 1
1737 19 8 1
985 18 8 1
3328 17 8 1
5126 16 8 1
5642 15 8 1
2939 14 8 1
2503 13 8 1
2915 12 8 1
1569 19 5 1
4140 19 6 1
2823 19 7 1
800 18 5 1
2964 18 6 1
3189 18 7 1
3541 17 5 1
5336 17 6 1
2381 17 7 1
589 16 5 1
4348 16 6 1
5033 16 7 1
5579 15 5 1
3310 15 6 1
2858 15 7 1
4063 14 5 1
3778 14 6 1
5399 14 7 1
640 13 5 1
5084 13 6 1
1796 13 7 1
4832 12 7 1
4959 12 6 1
5785 12 5 1
2238 12 4 1
245 12 3 1
2310 12 2 1
3254 12 1 1
873 12 0 1
4522 13 4 1
2685 13 3 1
1829 13 2 1
2398 13 1 1
5017 13 0 1
2422 14 4 1
2264 14 3 1
2394 14 2 1
827 14 1 1
5527 14 0 1
3973 19 4 1
2251 18 4 1
5112 17 4 1
1757 16 4 1
5582 15 4 1
3311 19 3 1
5062 18 3 1
1260 17 3 1
5611 16 3 1
2104 15 3 1
1952 19 2 1
5110 18 2 1
3401 17 2 1
5514 16 2 1
2618 15 2 1
5068 19 1 1
4985 18 1 1
2918 17 1 1
4719 16 1 1
3768 15 1 1
2175 19 0 1
62 18 0 1
1793 17 0 1
562 16 0 1
1051 15 0 1
5440 19 0 29
1058 18 0 29
853 17 0 29
2528 16 0 29
384 19 1 30
1482 18 1 30
3599 17 1 30
4175 16 1 30
1106 19 2 32
1055 18 2 32
5604 17 2 32
4585 16 2 32
4377 19 3 33
2817 18 3 33
1253 17 3 33
2447 16 3 33
4701 14 4 36
2971 14 3 36
2619 14 2 36
1766 14 1 36
3481 19 4 36
4882 18 4 36
5087 17 4 36
2556 16 4 36
19 15 4 36
3669 15 3 36
3492 15 2 36
4922 15 1 36
5647 13 4 38
1936 13 3 38
4648 13 2 38
3436 13 1 38
838 13 5 41
1003 13 6 41
2156 14 5 42
215 14 6 42
1799 15 5 43
3699 15 6 43
3203 17 5 44
574 17 6 44
1524 16 5 44
3827 16 6 44
5710 18 5 45
2270 18 6 45
2665 19 5 46
4371 19 6 46
1443 19 7 46
4066 18 7 46
85 17 7 46
82 16 7 46
28 15 7 46
1002 14 7 46
150 13 7 46
4687 13 10 47
1937 12 10 47
4339 13 9 47
672 12 9 47
2985 19 8 47
4235 18 8 47
398 17 8 47
293 16 8 47
4460 15 8 47
5326 14 8 47
4098 13 8 47
4869 12 8 47
2849 12 7 47
1315 12 6 47
2419 12 5 47
4594 12 4 47
3863 12 3 47
4543 12 2 47
4259 12 1 47
5004 11 10 49
1681 11 9 49
5689 11 8 49
1694 11 7 49
3017 10 0 50
1869 10 1 50
2311 10 2 50
2463 10 3 50
2317 10 4 50
3752 10 5 50
2494 10 10 51
4536 10 9 51
4099 10 8 51
2276 10 7 51
2071 9 0 52
2569 9 1 52
3963 9 2 52
49 9 3 52
4686 9 4 52
804 9 5 52
3356 9 10 54
3856 9 9 54
1788 9 8 54
1991 9 7 54
3103 8 0 55
3885 8 1 55
649 8 2 55
2882 8 3 55
2897 8 4 55
990 8 5 55
2382 8 10 56
3786 8 9 56
4847 8 8 56
4984 8 7 56
1510 7 0 57
798 7 1 57
1763 7 2 57
1951 7 3 57
4873 5 3 58
3330 5 4 58
4889 6 0 58
1017 6 1 58
232 6 2 58
2204 6 3 58
1016 6 4 58
1233 7 4 58
4145 7 5 58
132 11 11 59
4278 10 11 59
1831 9 11 59
5207 8 11 59
730 11 12 61
4187 10 12 61
3446 9 12 61
4242 8 12 61
3282 11 13 62
2057 10 13 62
3320 9 13 62
2861 8 13 62
3858 12 11 64
4532 12 12 64
4492 12 13 64
691 13 11 65
3112 13 12 65
4185 13 13 65
3701 14 9 66
394 14 10 66
4971 14 11 66
4676 14 12 66
3071 14 13 66
3272 15 9 67
3172 15 10 67
2637 15 11 67
4221 15 12 67
2790 15 13 67
4444 17 9 68
1332 17 10 68
3617 17 11 68
329 16 9 68
3951 16 10 68
501 16 11 68
5674 19 9 70
3382 19 10 70
1465 19 11 70
2640 19 12 70
2253 18 9 70
1916 18 10 70
720 18 11 70
2796 18 12 70
2993 17 12 70
4755 16 12 70
1707 16 13 70
389 19 13 71
4565 19 14 71
3779 18 13 71
2966 18 14 71
2529 17 13 71
5100 17 14 71
2054 16 14 71
4356 15 14 71
3474 14 14 71
3260 13 14 71
3072 12 14 71
1368 11 14 71
3540 10 14 71
751 9 14 71
2682 8 14 71
769 19 15 73
156 18 15 73
4200 19 16 74
4299 18 16 74
1834 17 16 74
3534 17 15 74
2065 16 15 74
632 15 15 74
4024 14 15 74
239 13 15 74
2509 12 15 74
4931 11 15 74
4051 10 15 74
5397 9 15 74
2209 8 15 74
506 16 16 75
1460 15 16 75
4644 14 16 75
4708 13 16 75
3938 12 16 75
4663 11 16 75
169 19 17 76
4560 18 17 76
2243 17 17 76
2232 16 17 76
2097 15 17 76
4978 14 17 76
4363 13 17 76
2354 12 17 76
1689 11 17 76
5041 19 18 78
5790 18 18 78
3837 17 18 78
3810 16 18 78
2428 15 18 78
1343 14 18 78
5373 13 18 78
5782 12 18 78
3090 11 18 78
2743 19 19 79
4 18 19 79
2950 17 19 79
2365 16 19 79
5524 15 19 79
768 14 19 79
2403 13 19 79
5180 12 19 79
4806 11 19 79
2415 10 19 79
410 9 18 80
3366 8 18 80
4970 9 17 80
2986 8 17 80
1734 9 19 81
3181 8 19 81
4433 7 19 81
2116 7 18 81
3309 7 17 81
3070 6 19 83
3528 6 18 83
4183 6 17 83
5321 6 16 83
4446 6 15 83
3270 6 14 83
3024 6 13 83
4230 6 12 83
5196 6 11 83
5203 6 10 83
1836 6 9 83
5720 6 5 84
2213 5 5 84
1534 5 6 84
2477 5 7 84
636 17 2 84
918 16 2 84
3008 19 1 84
2764 18 1 84
2273 17 1 84
587 16 1 84
5804 5 14 85
4805 5 13 85
794 5 12 85
276 5 11 85
1962 5 10 85
1014 5 9 85
5376 19 4 85
3102 18 4 85
2165 17 4 85
5245 16 4 85
4791 15 4 85
2930 5 0 86
5701 5 1 86
2170 5 2 86
2189 4 0 86
2653 4 1 86
690 4 2 86
291 4 3 86
3197 4 4 86
2456 4 5 86
3262 4 6 86
3213 4 7 86
1152 4 11 87
4011 4 10 87
5367 4 9 87
3097 3 0 88
2012 3 1 88
1811 3 2 88
411 3 3 88
521 3 4 88
946 3 5 88
583 2 0 89
3658 2 1 89
2401 2 2 89
4679 2 3 89
3811 2 4 89
2710 2 5 89
1215 19 8 89
1650 18 8 89
2352 17 8 89
77 16 8 89
3462 15 8 89
1339 14 8 89
2741 13 8 89
5117 16 5 89
2295 16 6 89
366 1 0 90
76 1 1 90
2738 1 2 90
3460 1 3 90
4638 1 4 90
1801 1 5 90
921 0 0 92
4703 0 1 92
3807 0 2 92
73 0 3 92
113 0 4 92
5460 0 5 92
4865 0 6 92
850 1 6 92
3692 2 6 92
3561 3 6 92
188 3 7 92
2875 18 13 92
5650 17 13 92
910 4 14 93
4977 4 13 93
2805 4 12 93
2420 13 9 93
473 19 0 93
780 18 0 93
5307 17 0 93
1064 16 0 93
319 5 15 94
3160 4 15 94
4570 18 9 94
4606 18 10 94
4961 18 11 94
4345 9 9 94
5395 9 8 94
408 9 7 94
1041 9 1 94
744 9 2 94
1676 9 3 94
12200 milli sec 
point:438200
