727
3973 0 11 1
3437 0 0 1
3847 0 1 1
4125 0 2 1
2682 0 3 1
4926 0 4 1
1695 0 5 1
1660 0 6 1
1334 0 7 1
3617 0 8 1
5199 0 9 1
576 0 10 1
3597 1 11 1
3245 1 0 1
4687 1 1 1
705 1 2 1
4662 1 3 1
4110 1 4 1
1762 1 5 1
4083 1 6 1
3670 1 7 1
1641 1 8 1
2577 1 9 1
2515 1 10 1
3289 2 11 1
2852 2 0 1
2493 2 1 1
1578 2 2 1
3629 2 3 1
3294 2 4 1
2621 2 5 1
3465 2 6 1
437 2 7 1
2120 2 8 1
4573 2 9 1
2372 2 10 1
4605 3 11 1
666 3 0 1
3808 3 1 1
1594 3 2 1
2912 3 3 1
4074 3 4 1
5146 3 5 1
4128 3 6 1
4584 3 7 1
565 3 8 1
4481 3 9 1
2424 3 10 1
4302 0 19 1
2895 0 18 1
4138 0 17 1
5250 0 16 1
2240 0 15 1
614 0 14 1
5321 0 13 1
1851 0 12 1
3955 1 19 1
1773 1 18 1
2259 1 17 1
2042 1 16 1
4984 1 15 1
2772 1 14 1
5418 1 13 1
4814 1 12 1
2266 2 19 1
3570 2 18 1
4334 2 17 1
4289 2 16 1
2478 2 15 1
724 2 14 1
3204 2 13 1
2298 2 12 1
1361 3 19 1
4658 3 18 1
1407 3 17 1
421 3 16 1
2513 3 15 1
3213 3 14 1
1677 3 13 1
5079 3 12 1
3672 4 19 1
2037 4 18 1
3563 4 17 1
5193 4 16 1
2538 4 15 1
1451 4 14 1
2006 4 13 1
5362 4 12 1
2948 4 11 1
488 4 0 1
418 4 1 1
2678 4 2 1
2626 4 3 1
36 4 4 1
1944 4 5 1
837 4 6 1
2990 4 7 1
305 4 8 1
2781 4 9 1
1025 4 10 1
469 5 14 1
5205 5 13 1
3006 5 12 1
1794 5 11 1
991 5 0 1
770 5 1 1
1300 5 2 1
3097 5 3 1
3954 5 4 1
684 5 5 1
3288 5 6 1
5 5 7 1
5402 5 8 1
1991 5 9 1
588 5 10 1
5265 6 14 1
1749 6 13 1
4161 6 12 1
5313 6 11 1
1075 6 0 1
546 6 1 1
2294 6 2 1
3301 6 3 1
3731 6 4 1
1861 6 5 1
923 6 6 1
3770 6 7 1
722 6 8 1
3077 6 9 1
63 6 10 1
3552 7 14 1
611 7 13 1
4360 7 12 1
3894 7 11 1
4764 7 10 1
3616 7 9 1
269 7 8 1
2459 7 0 1
4072 7 1 1
4517 7 2 1
1260 7 3 1
4519 7 4 1
1257 7 5 1
4207 7 6 1
3952 7 7 1
2106 8 14 1
944 8 13 1
362 8 12 1
5423 8 11 1
3326 8 10 1
197 8 9 1
3766 8 8 1
75 8 0 1
4996 8 1 1
2816 8 2 1
2568 8 3 1
2377 8 4 1
3905 8 5 1
3848 8 6 1
1423 8 7 1
1783 9 15 1
2165 9 14 1
5274 9 13 1
2727 9 12 1
2627 9 11 1
3148 9 10 1
503 9 9 1
3868 9 8 1
126 9 0 1
1715 9 1 1
4848 9 2 1
187 9 3 1
2991 9 4 1
3117 9 5 1
2131 9 6 1
720 9 7 1
5038 10 15 1
1253 10 14 1
3457 10 13 1
1804 10 12 1
2407 10 11 1
5243 10 10 1
2351 10 9 1
776 10 8 1
1921 10 0 1
1616 10 1 1
3360 10 2 1
3792 10 3 1
5107 10 4 1
409 10 5 1
4556 10 6 1
4310 10 7 1
799 11 15 1
4064 11 14 1
4617 11 13 1
2564 11 12 1
2437 11 11 1
5069 11 10 1
454 11 9 1
1582 11 8 1
2195 11 0 1
4062 11 1 1
342 11 2 1
1802 11 3 1
3125 11 4 1
3933 11 5 1
2442 11 6 1
789 11 7 1
3529 5 19 1
3442 5 18 1
5357 5 17 1
1362 5 15 1
3499 5 16 1
1710 6 19 1
4844 6 18 1
2902 6 17 1
4426 6 15 1
2018 6 16 1
2681 7 19 1
3403 7 18 1
2406 7 17 1
3611 7 15 1
4328 7 16 1
4822 8 19 1
2338 8 18 1
1751 8 17 1
249 8 15 1
3081 8 16 1
664 9 19 1
2166 9 18 1
3542 9 17 1
1608 9 16 1
2374 10 19 1
3627 10 18 1
374 10 17 1
366 10 16 1
2119 11 19 1
2986 11 18 1
1917 11 17 1
3588 11 16 1
587 19 19 1
4474 18 19 1
3526 17 19 1
4446 16 19 1
1416 15 19 1
2941 14 19 1
4748 13 19 1
1875 12 19 1
2029 19 18 1
3951 18 18 1
2386 17 18 1
4091 16 18 1
1109 15 18 1
1597 14 18 1
2308 13 18 1
3870 12 18 1
900 19 17 1
3357 18 17 1
1515 17 17 1
4102 16 17 1
3278 15 17 1
3361 14 17 1
2476 13 17 1
5166 12 17 1
5230 19 16 1
3121 18 16 1
508 17 16 1
4010 16 16 1
970 15 16 1
974 14 16 1
442 13 16 1
3926 12 16 1
3718 19 10 1
3124 19 11 1
2871 19 12 1
2288 19 13 1
3636 19 14 1
4221 19 15 1
3781 18 10 1
2555 18 11 1
2968 18 12 1
2263 18 13 1
4333 18 14 1
5211 18 15 1
1094 17 10 1
1922 17 11 1
3851 17 12 1
4008 17 13 1
2859 17 14 1
1931 17 15 1
4082 16 10 1
3096 16 11 1
103 16 12 1
3092 16 13 1
2562 16 14 1
5382 16 15 1
3768 13 10 1
2185 13 11 1
4169 13 12 1
2732 14 10 1
4602 14 11 1
2146 14 12 1
4290 15 10 1
2137 15 11 1
1989 15 12 1
2079 15 13 1
4596 15 14 1
1962 15 15 1
3266 14 15 1
5393 13 15 1
4499 12 15 1
2484 14 14 1
31 13 14 1
1559 12 14 1
1149 14 13 1
1363 13 13 1
166 12 13 1
2923 12 12 1
5203 12 11 1
4292 12 10 1
5236 12 9 1
4939 12 8 1
3567 12 7 1
2897 12 6 1
654 13 9 1
1752 13 8 1
778 13 7 1
3661 13 6 1
4852 14 9 1
1827 14 8 1
2058 14 7 1
2324 14 6 1
4823 15 9 1
2610 15 8 1
3992 15 7 1
4441 15 6 1
2022 19 9 1
4874 18 9 1
1047 17 9 1
5083 16 9 1
958 19 8 1
3624 18 8 1
1668 17 8 1
3524 16 8 1
4871 19 7 1
420 18 7 1
1514 17 7 1
3086 16 7 1
808 19 6 1
1631 18 6 1
1937 17 6 1
5030 16 6 1
3255 19 5 1
1706 18 5 1
2633 17 5 1
1466 16 5 1
5210 15 5 1
98 14 5 1
3073 13 5 1
866 12 5 1
456 19 4 1
4317 18 4 1
4693 17 4 1
2704 16 4 1
2005 15 4 1
3210 14 4 1
160 13 4 1
3845 12 4 1
749 19 3 1
1770 18 3 1
5037 17 3 1
2312 16 3 1
3184 15 3 1
3887 14 3 1
430 13 3 1
3738 12 3 1
1318 19 2 1
494 18 2 1
1932 17 2 1
1190 16 2 1
3187 15 2 1
152 14 2 1
896 13 2 1
4319 12 2 1
4812 19 1 1
4784 18 1 1
1065 17 1 1
1883 16 1 1
4828 15 1 1
1455 14 1 1
1111 13 1 1
282 12 1 1
3212 19 0 1
1611 18 0 1
622 17 0 1
3665 16 0 1
3417 15 0 1
1270 14 0 1
206 13 0 1
3858 12 0 1
3446 19 0 27
2098 18 0 27
1217 17 0 27
560 16 0 27
855 15 0 27
4291 14 0 27
869 13 0 27
4803 19 1 29
4270 18 1 29
3671 17 1 29
2639 16 1 29
2758 15 1 29
3965 14 1 29
5349 13 1 29
4560 19 2 31
113 18 2 31
5192 17 2 31
97 16 2 31
3471 15 2 31
669 14 2 31
3523 13 2 31
4612 19 3 33
4725 18 3 33
2558 17 3 33
2807 16 3 33
3949 15 3 33
1714 14 3 33
4487 13 3 33
1661 19 4 35
1494 18 4 35
1722 17 4 35
1970 16 4 35
3946 15 4 35
1806 14 4 35
4329 13 4 35
1157 19 5 37
3095 18 5 37
2600 17 5 37
3663 19 6 39
3654 18 6 39
5153 17 6 39
264 19 7 40
1303 18 7 40
266 17 7 40
105 19 8 41
4391 18 8 41
5304 17 8 41
2426 19 9 42
1563 18 9 42
2733 17 9 42
4643 16 9 42
2045 16 8 42
4158 16 7 42
5294 15 9 43
4497 15 8 43
4631 15 7 43
2647 13 9 44
2143 13 8 44
2154 13 7 44
762 14 9 44
4482 14 8 44
3143 14 7 44
1900 14 14 45
1510 13 14 45
1443 14 13 45
1326 13 13 45
4339 15 10 48
3633 15 11 48
4256 14 10 49
641 14 11 49
2984 13 10 50
1558 13 11 50
4791 13 12 50
3996 14 12 50
2731 15 12 50
3094 15 13 50
2004 15 14 50
1763 16 10 51
4741 16 11 51
369 16 12 51
4911 16 13 51
3807 16 14 51
4232 17 10 52
4702 17 11 52
3837 17 12 52
803 17 13 52
4925 17 14 52
4915 18 10 54
4618 18 11 54
4744 18 12 54
1501 18 13 54
2880 18 14 54
1302 19 10 55
3422 19 11 55
4673 19 12 55
3398 19 13 55
1231 19 14 55
4717 19 15 55
3940 18 15 55
4561 19 16 56
2791 18 16 56
4559 17 16 56
871 16 16 56
1163 15 16 56
3735 14 16 56
1338 13 16 56
2649 19 17 58
4881 18 17 58
1392 17 17 58
1471 16 17 58
4263 15 17 58
953 14 17 58
1712 13 17 58
4659 19 18 59
1180 18 18 59
3485 17 18 59
4657 16 18 59
3028 15 18 59
4959 14 18 59
3678 13 18 59
2560 19 19 62
1122 18 19 62
3401 17 19 62
577 16 19 62
698 15 19 62
4677 14 19 62
2132 13 19 62
4737 12 19 62
2349 12 18 62
5061 12 17 62
3419 8 15 63
4592 9 19 63
2021 9 18 63
1807 9 17 63
2629 10 19 63
3076 10 18 63
2014 10 17 63
2963 11 19 63
2945 11 18 63
4478 11 17 63
4377 8 19 64
4365 8 18 64
5023 8 17 64
3048 6 15 65
4951 7 19 65
527 7 18 65
4551 7 17 65
2520 7 15 65
5057 5 15 66
5006 6 19 66
3511 6 18 66
912 6 17 66
5178 5 19 67
1160 5 18 67
2883 5 17 67
740 5 16 67
823 6 16 67
3180 11 0 68
96 11 1 68
2764 11 2 68
3486 11 3 68
3451 11 4 68
2713 11 5 68
224 11 6 68
1115 7 16 68
2624 11 15 69
509 11 14 69
3825 11 13 69
4579 11 12 69
571 11 11 69
4477 11 10 69
4013 11 9 69
35 11 8 69
2302 10 0 70
4494 10 1 70
2466 10 2 70
4532 10 3 70
3741 10 4 70
2479 10 5 70
3291 10 6 70
4619 10 15 71
3512 10 14 71
1043 10 13 71
4404 10 12 71
4762 10 11 71
81 10 10 71
2821 10 9 71
4244 10 8 71
3623 9 0 73
2771 9 1 73
3238 9 2 73
1948 9 3 73
1619 9 4 73
3226 9 5 73
2951 9 6 73
4355 9 15 74
5184 9 14 74
4988 9 13 74
2356 9 12 74
853 9 11 74
2087 9 10 74
4314 9 9 74
3953 9 8 74
1600 8 0 75
2317 8 1 75
3127 8 2 75
4411 8 3 75
3655 8 4 75
5147 8 5 75
2661 8 6 75
4757 8 14 76
2277 8 13 76
5060 8 12 76
439 8 11 76
2309 8 10 76
2278 8 9 76
4167 8 8 76
2243 7 0 77
3555 7 1 77
1379 7 2 77
4273 7 3 77
1949 7 4 77
265 7 5 77
1178 7 6 77
2449 7 14 79
601 7 13 79
3928 7 12 79
2715 7 11 79
89 6 14 81
3864 6 13 81
271 6 12 81
496 6 11 81
3273 6 0 81
5299 6 1 81
2747 6 2 81
1420 6 3 81
1046 6 4 81
1411 6 5 81
4431 6 6 81
1016 6 7 81
4022 6 8 81
2734 6 9 81
1694 5 0 83
2452 5 1 83
4379 5 2 83
5277 5 3 83
3733 5 4 83
3009 5 5 83
1274 5 6 83
4043 5 7 83
665 5 8 83
4224 5 9 83
1511 5 14 84
1012 5 13 84
4904 5 12 84
4792 5 11 84
4133 4 0 86
2616 4 1 86
547 4 2 86
2663 4 3 86
4954 4 4 86
457 4 5 86
4853 4 6 86
2261 4 7 86
5008 4 8 86
2404 4 9 86
5259 14 9 86
3287 14 8 86
4084 14 7 86
3015 19 9 87
3133 18 9 87
1397 17 9 87
2870 16 9 87
899 4 19 88
3969 4 18 88
1335 4 17 88
4686 4 16 88
4382 4 15 88
2888 4 14 88
652 4 13 88
3715 18 5 88
4294 17 5 88
2081 3 19 90
1127 3 18 90
1013 3 17 90
2697 3 16 90
2909 3 15 90
431 3 14 90
1772 3 13 90
227 2 19 91
5018 2 18 91
3274 2 17 91
914 2 16 91
490 2 15 91
5386 2 14 91
2304 2 13 91
2631 11 19 91
4206 11 18 91
338 11 17 91
3001 1 19 92
3251 1 18 92
3590 1 17 92
1052 1 16 92
3123 1 15 92
1112 1 14 92
951 1 13 92
1187 19 10 92
1866 19 11 92
2602 19 12 92
4051 19 13 92
556 19 14 92
2028 19 15 92
765 15 8 92
4537 15 7 92
4509 17 6 92
2569 0 19 93
3374 0 18 93
4148 0 17 93
1079 0 16 93
2607 0 15 93
3970 0 14 93
2236 0 13 93
3387 0 12 93
4297 1 12 93
3175 2 12 93
2305 3 12 93
5084 4 12 93
12064 milli sec 
point:421300
