738
4385 0 19 1
286 0 18 1
5730 0 17 1
156 0 16 1
1097 0 15 1
3714 0 14 1
5745 0 13 1
6455 0 12 1
3090 0 11 1
5811 0 10 1
839 0 9 1
639 0 8 1
6074 0 7 1
5605 0 6 1
754 0 5 1
3499 0 4 1
5451 0 3 1
3293 0 2 1
6228 0 1 1
5060 0 0 1
379 1 19 1
1500 1 18 1
4860 1 17 1
3312 1 16 1
4408 1 15 1
3719 1 14 1
602 1 13 1
1621 1 12 1
3876 1 11 1
4728 1 10 1
1718 1 9 1
118 1 8 1
5496 1 7 1
4243 1 6 1
3860 1 5 1
5556 1 4 1
268 1 3 1
5748 1 2 1
3930 1 1 1
4812 1 0 1
3492 2 19 1
3493 2 18 1
6335 2 17 1
2040 2 16 1
2187 2 15 1
2823 2 14 1
3155 2 13 1
5783 2 12 1
692 2 11 1
4360 2 10 1
4611 2 9 1
4682 2 8 1
5537 2 7 1
1657 2 6 1
3031 2 5 1
3970 2 4 1
1115 2 3 1
4425 2 2 1
4350 2 1 1
235 2 0 1
2921 6 19 1
4046 5 19 1
84 4 19 1
367 3 19 1
1685 6 18 1
134 5 18 1
1416 4 18 1
506 3 18 1
5003 6 17 1
5445 5 17 1
338 4 17 1
842 3 17 1
1388 6 16 1
6161 5 16 1
2189 4 16 1
3445 3 16 1
1802 6 15 1
5769 5 15 1
898 4 15 1
641 3 15 1
1855 6 14 1
4481 5 14 1
875 4 14 1
5754 3 14 1
2236 6 13 1
4063 5 13 1
6174 4 13 1
166 3 13 1
1374 6 12 1
1182 5 12 1
204 4 12 1
516 3 12 1
160 6 11 1
3377 5 11 1
193 4 11 1
4134 3 11 1
3752 7 19 1
3119 7 18 1
4469 7 17 1
4170 7 16 1
5569 7 15 1
6153 7 14 1
1538 7 13 1
5540 7 11 1
6313 7 12 1
2792 8 19 1
2483 8 18 1
1139 8 17 1
5370 8 16 1
4368 8 15 1
6309 8 14 1
1647 8 13 1
1920 8 11 1
2267 8 12 1
2403 9 19 1
6102 9 18 1
2886 9 17 1
3064 9 16 1
5691 9 15 1
1599 9 14 1
4397 9 13 1
5471 9 11 1
3811 9 12 1
2736 10 19 1
619 10 18 1
5585 10 17 1
1823 10 16 1
2564 10 15 1
5888 10 14 1
1780 10 13 1
2475 10 11 1
2534 10 12 1
2134 11 19 1
3466 11 18 1
5039 11 17 1
3385 11 16 1
4388 11 15 1
5851 11 14 1
4746 11 13 1
693 11 11 1
5832 11 12 1
2779 12 19 1
5761 12 18 1
5807 12 17 1
5567 12 16 1
6063 12 15 1
3306 12 14 1
2399 12 13 1
4950 12 11 1
1942 12 12 1
1417 13 19 1
2633 13 18 1
5671 13 17 1
6075 13 16 1
462 13 15 1
6055 13 14 1
3972 13 13 1
222 13 11 1
3665 13 12 1
2832 19 19 1
3024 18 19 1
6189 17 19 1
378 16 19 1
3870 15 19 1
5805 14 19 1
126 19 18 1
3891 18 18 1
3513 17 18 1
40 16 18 1
3814 15 18 1
1784 14 18 1
2336 19 17 1
3153 18 17 1
4851 17 17 1
2160 16 17 1
3667 15 17 1
2435 14 17 1
2711 19 16 1
1873 18 16 1
252 17 16 1
2498 16 16 1
6040 15 16 1
4761 14 16 1
3620 19 15 1
2454 18 15 1
2427 17 15 1
2203 16 15 1
848 15 15 1
1384 14 15 1
2707 19 14 1
3749 18 14 1
6141 17 14 1
2488 16 14 1
933 15 14 1
1511 14 14 1
2932 19 13 1
5795 18 13 1
2639 17 13 1
17 16 13 1
2087 15 13 1
3390 14 13 1
2757 19 12 1
4340 18 12 1
930 17 12 1
4347 16 12 1
2648 15 12 1
607 14 12 1
3215 19 11 1
3038 18 11 1
4252 17 11 1
2626 16 11 1
4798 15 11 1
6232 14 11 1
3855 19 10 1
3531 18 10 1
3137 17 10 1
4264 16 10 1
6383 15 10 1
771 14 10 1
2920 13 10 1
2122 12 10 1
1183 11 10 1
5477 10 10 1
3693 9 10 1
5604 8 10 1
2846 7 10 1
721 6 10 1
1038 5 10 1
1635 4 10 1
89 3 10 1
5863 19 9 1
5292 18 9 1
4907 17 9 1
5590 16 9 1
171 15 9 1
1827 14 9 1
4164 13 9 1
4353 12 9 1
3071 11 9 1
2390 10 9 1
4372 9 9 1
3143 8 9 1
4275 7 9 1
6314 6 9 1
1082 5 9 1
1890 4 9 1
1385 3 9 1
1706 19 8 1
1915 18 8 1
5892 17 8 1
4276 16 8 1
2184 15 8 1
5155 14 8 1
3874 13 8 1
1767 12 8 1
3495 11 8 1
3296 10 8 1
4462 9 8 1
4974 8 8 1
3116 7 8 1
3951 6 8 1
1390 5 8 1
4305 4 8 1
5962 3 8 1
1426 19 7 1
2039 18 7 1
2061 17 7 1
395 16 7 1
2494 15 7 1
4545 14 7 1
2647 13 7 1
2282 12 7 1
3826 11 7 1
4200 10 7 1
5408 9 7 1
3574 8 7 1
1348 7 7 1
4515 6 7 1
2204 5 7 1
3070 4 7 1
1690 3 7 1
3722 19 0 1
2207 19 1 1
553 19 2 1
1365 19 3 1
4216 19 4 1
5735 19 5 1
923 19 6 1
5127 18 0 1
1258 18 1 1
2979 18 2 1
510 18 3 1
6291 18 4 1
3171 18 5 1
1432 18 6 1
4203 17 0 1
3769 17 1 1
2504 17 2 1
1405 17 3 1
5773 17 4 1
4032 17 5 1
778 17 6 1
1918 16 0 1
264 16 1 1
1153 16 2 1
3632 16 3 1
3861 16 4 1
1905 16 5 1
1119 16 6 1
5849 15 0 1
6069 15 1 1
1741 15 2 1
4083 15 3 1
2743 15 4 1
5709 15 5 1
902 15 6 1
1868 14 0 1
6352 14 1 1
375 14 2 1
344 14 3 1
4364 14 4 1
2421 14 5 1
3915 14 6 1
5368 13 0 1
1695 13 1 1
1644 13 2 1
353 13 3 1
5104 13 4 1
5342 13 5 1
982 13 6 1
121 12 0 1
6039 12 1 1
889 12 2 1
1726 12 3 1
1282 12 4 1
2456 12 5 1
1904 12 6 1
6263 11 0 1
5341 11 1 1
5037 11 2 1
2313 11 3 1
5750 11 4 1
6061 11 5 1
4550 11 6 1
4786 10 0 1
5702 10 1 1
2049 10 2 1
957 10 3 1
5140 10 4 1
55 10 5 1
5513 10 6 1
4338 9 0 1
3745 9 1 1
4782 9 2 1
2205 9 3 1
663 9 4 1
2608 9 5 1
4296 9 6 1
2254 8 0 1
5482 8 1 1
3581 8 2 1
2733 8 3 1
4767 8 4 1
4656 8 5 1
5657 8 6 1
6318 7 0 1
3723 7 1 1
1923 7 2 1
833 7 3 1
1895 7 4 1
803 7 5 1
5829 7 6 1
4770 6 0 1
3156 6 1 1
3596 6 2 1
6098 6 3 1
5696 6 4 1
1191 6 5 1
2621 6 6 1
265 5 6 1
1675 4 6 1
4158 3 6 1
2780 5 5 1
1539 4 5 1
2168 3 5 1
5383 5 4 1
2387 4 4 1
32 3 4 1
1951 5 3 1
2864 4 3 1
5334 3 3 1
881 5 2 1
362 4 2 1
2022 3 2 1
6343 5 1 1
1620 4 1 1
6201 3 1 1
6366 5 0 1
1740 4 0 1
4035 3 0 1
6251 5 0 28
1367 4 0 28
947 5 1 30
282 4 1 30
5353 5 2 31
5677 4 2 31
592 5 3 32
649 4 3 32
6451 5 5 33
720 4 5 33
2046 5 4 33
4310 4 4 33
401 6 0 37
6496 6 1 37
2741 6 2 37
1879 6 3 37
4726 6 4 37
4344 6 5 37
4910 7 0 38
4687 7 1 38
5019 7 2 38
1188 7 3 38
4612 7 4 38
2341 7 5 38
4765 8 0 40
6206 8 1 40
2038 8 2 40
164 8 3 40
3017 8 4 40
1531 8 5 40
1106 9 0 41
5990 9 1 41
3721 9 2 41
2482 9 3 41
2481 9 4 41
1167 9 5 41
2802 10 0 43
742 10 1 43
2024 10 2 43
38 10 3 43
4622 10 4 43
1422 10 5 43
2935 11 0 44
3944 11 1 44
4004 11 2 44
2177 11 3 44
707 11 4 44
3945 11 5 44
2928 12 0 46
1140 12 1 46
2200 12 2 46
5954 12 3 46
3690 12 4 46
5961 12 5 46
5883 13 0 47
4231 13 1 47
1541 13 2 47
3302 13 3 47
4665 13 4 47
501 13 5 47
2867 14 0 48
814 14 1 48
3100 14 2 48
1626 14 3 48
5252 14 4 48
621 14 5 48
2539 15 0 50
3078 15 1 50
5683 15 2 50
3487 15 3 50
4979 15 4 50
5884 15 5 50
5412 16 0 51
6419 16 1 51
2474 16 2 51
4042 16 3 51
1523 16 4 51
132 16 5 51
2658 17 0 52
5393 17 1 52
1427 17 2 52
4091 17 3 52
690 17 4 52
3643 17 5 52
1596 18 0 54
556 18 1 54
2781 18 2 54
5979 18 3 54
3941 18 4 54
1230 18 5 54
4806 19 0 55
2297 19 1 55
1761 19 2 55
4391 19 3 55
4932 19 4 55
3551 19 5 55
1276 19 6 55
5333 18 6 55
1795 17 6 55
5073 16 6 55
416 15 6 55
840 14 6 55
3873 13 6 55
2875 19 7 58
698 18 7 58
5752 17 7 58
2650 16 7 58
1198 15 7 58
5092 14 7 58
5041 13 7 58
2309 12 7 58
6266 11 7 58
5693 10 7 58
5027 9 7 58
2820 8 7 58
376 7 7 58
4580 6 7 58
1141 5 7 58
4834 4 7 58
485 19 8 61
1279 18 8 61
3556 17 8 61
2308 16 8 61
741 15 8 61
5586 14 8 61
2662 13 8 61
6358 12 8 61
632 11 8 61
6010 10 8 61
5275 9 8 61
5150 8 8 61
2543 7 8 61
383 6 8 61
1758 5 8 61
2986 4 8 61
950 19 9 64
3954 18 9 64
993 17 9 64
5142 16 9 64
6030 15 9 64
6021 14 9 64
411 13 9 64
2220 12 9 64
970 11 9 64
6292 10 9 64
4584 9 9 64
5562 8 9 64
6356 7 9 64
550 6 9 64
3888 5 9 64
477 4 9 64
1353 19 10 68
3555 18 10 68
1799 17 10 68
3190 16 10 68
3511 15 10 68
119 19 12 70
1738 18 12 70
3936 17 12 70
2304 16 12 70
5668 15 12 70
614 19 11 70
6014 18 11 70
305 17 11 70
1448 16 11 70
5895 15 11 70
3410 19 13 72
5237 18 13 72
3367 17 13 72
917 16 13 72
2629 15 13 72
4172 19 14 73
3414 18 14 73
4921 17 14 73
2749 16 14 73
3588 15 14 73
5101 19 16 74
1866 18 16 74
2342 17 16 74
3181 16 16 74
3415 15 16 74
4670 19 15 74
1826 18 15 74
4448 17 15 74
789 16 15 74
5910 15 15 74
2392 19 18 76
3529 18 18 76
5328 17 18 76
2930 16 18 76
4491 15 18 76
5434 19 17 76
4499 18 17 76
471 17 17 76
5742 16 17 76
4581 15 17 76
22 13 11 77
5734 19 19 77
2708 18 19 77
4378 17 19 77
1937 16 19 77
4713 15 19 77
1321 14 19 77
977 14 18 77
3289 14 17 77
2389 14 16 77
340 12 11 78
5340 13 19 78
6087 13 18 78
960 13 17 78
1760 13 16 78
3005 13 15 78
1412 13 14 78
4400 13 13 78
2862 11 11 80
6220 12 19 80
29 12 18 80
5607 12 17 80
2938 12 16 80
4313 12 15 80
4211 12 14 80
3816 12 13 80
5755 10 11 82
1581 11 19 82
4055 11 18 82
6308 11 17 82
6273 11 16 82
6138 11 15 82
3754 11 14 82
245 11 13 82
2754 9 11 84
4069 10 19 84
6045 10 18 84
5478 10 17 84
220 10 16 84
5798 10 15 84
6175 10 14 84
4057 10 13 84
1585 12 0 84
2480 12 1 84
4145 12 2 84
2109 12 3 84
1848 12 4 84
403 12 5 84
545 5 4 84
6049 4 4 84
2021 9 19 85
3706 9 18 85
1328 9 17 85
5648 9 16 85
4537 9 15 85
3391 9 14 85
637 9 13 85
5597 8 11 86
2140 4 1 86
5598 7 11 87
1040 8 19 87
4489 8 18 87
5838 8 17 87
4813 8 16 87
509 8 15 87
2652 8 14 87
4560 8 13 87
3593 7 19 88
123 7 18 88
2167 7 17 88
4773 7 16 88
6194 7 15 88
3520 7 14 88
70 7 13 88
956 7 12 88
3035 8 12 88
3835 9 12 88
3896 10 12 88
4960 11 12 88
6020 12 12 88
4926 6 12 89
4632 5 12 89
2348 4 12 89
3288 6 11 89
2923 5 11 89
77 4 11 89
866 11 0 89
2610 11 1 89
79 11 2 89
6140 11 3 89
5262 11 4 89
1984 11 5 89
715 5 0 89
1527 4 0 89
3019 6 15 90
5914 5 15 90
1572 4 15 90
5601 6 14 90
5582 5 14 90
3514 4 14 90
4603 6 13 90
2842 5 13 90
6300 4 13 90
827 5 2 90
882 4 2 90
359 6 16 91
2081 5 16 91
935 4 16 91
5908 5 3 91
301 4 3 91
6351 6 18 92
697 5 18 92
526 4 18 92
3408 6 17 92
5510 5 17 92
3789 4 17 92
749 6 19 93
765 5 19 93
566 4 19 93
747 3 19 93
1458 3 18 93
5162 3 17 93
2659 3 16 93
877 3 15 93
1235 3 14 93
370 3 13 93
4722 3 12 93
2995 3 11 93
5756 17 2 93
1822 17 3 93
2693 17 4 93
2713 17 5 93
3336 15 3 93
896 15 4 93
1237 15 5 93
5111 9 0 93
3882 9 1 93
5369 9 2 93
6437 9 3 93
5165 9 4 93
3549 9 5 93
3375 4 5 93
13455 milli sec 
point:444050
