720
4509 14 0 1
1096 14 1 1
3611 14 2 1
4315 11 6 1
2647 11 5 1
2046 11 0 1
1908 11 1 1
2477 11 2 1
3661 11 3 1
3450 11 4 1
4312 12 6 1
1743 12 5 1
3691 13 0 1
1357 13 1 1
2730 13 2 1
134 13 3 1
3762 12 0 1
4512 12 1 1
2649 12 2 1
2165 12 3 1
1179 12 4 1
4014 13 6 1
3024 13 5 1
1849 13 4 1
3169 0 10 1
3505 0 9 1
1851 1 10 1
3507 1 9 1
691 0 19 1
3011 0 18 1
297 0 17 1
811 0 16 1
3972 0 15 1
794 0 14 1
490 0 13 1
2060 0 12 1
3474 0 11 1
4319 6 19 1
4227 5 19 1
1725 4 19 1
1168 3 19 1
253 2 19 1
1820 1 19 1
2011 10 19 1
3256 9 19 1
361 8 19 1
1004 7 19 1
2750 10 18 1
4496 9 18 1
2163 8 18 1
4072 7 18 1
4269 10 17 1
3886 9 17 1
1408 8 17 1
1927 7 16 1
149 7 17 1
129 6 16 1
1105 6 17 1
1723 6 18 1
4063 5 16 1
2386 5 17 1
2758 5 18 1
1973 4 16 1
3616 4 17 1
730 4 18 1
1016 3 18 1
3967 2 18 1
3261 1 18 1
3516 1 17 1
3550 1 16 1
2230 1 15 1
3968 1 14 1
1187 1 13 1
4230 1 12 1
2271 1 11 1
1944 3 17 1
257 2 17 1
3084 3 16 1
3406 2 16 1
3780 3 15 1
4128 2 15 1
4264 2 14 1
1141 2 13 1
709 2 12 1
2474 2 11 1
4418 2 10 1
2201 2 9 1
2871 5 15 1
2524 4 15 1
3200 5 14 1
105 4 14 1
2816 3 14 1
1917 5 13 1
2487 4 13 1
1115 3 13 1
1988 5 12 1
523 4 12 1
1021 3 12 1
212 5 11 1
4335 4 11 1
1873 3 11 1
762 3 10 1
3434 3 9 1
3861 2 8 1
826 0 8 1
4320 0 7 1
2593 0 5 1
3433 0 6 1
4052 1 8 1
3704 1 7 1
3623 1 5 1
4497 1 6 1
4440 2 5 1
4523 2 6 1
4003 2 7 1
3884 3 5 1
429 3 6 1
872 3 7 1
4349 3 8 1
2950 5 10 1
3339 4 10 1
3218 4 9 1
4441 0 0 1
894 0 1 1
3730 0 2 1
1872 0 3 1
2133 0 4 1
3015 1 0 1
138 1 1 1
513 1 2 1
1405 1 3 1
3624 1 4 1
258 2 0 1
1444 2 1 1
3268 2 2 1
2847 2 3 1
1442 2 4 1
2301 5 3 1
4126 4 3 1
3029 6 3 1
1816 10 2 1
1426 9 2 1
2044 8 2 1
477 7 2 1
1429 6 2 1
122 10 0 1
4079 10 1 1
1348 9 0 1
1893 9 1 1
332 8 0 1
497 8 1 1
2541 7 0 1
2655 7 1 1
3855 6 0 1
336 6 1 1
2034 5 0 1
2018 5 1 1
4070 5 2 1
1078 4 0 1
3223 4 1 1
2263 4 2 1
3962 3 0 1
1161 3 1 1
2328 3 2 1
40 3 3 1
4359 3 4 1
1950 4 4 1
2846 4 5 1
72 4 6 1
1392 4 7 1
3127 4 8 1
824 6 4 1
717 6 5 1
243 5 4 1
400 5 5 1
7 5 6 1
2030 5 7 1
530 5 8 1
3314 5 9 1
2573 6 8 1
733 6 9 1
2518 7 8 1
1979 7 9 1
2508 8 8 1
3913 8 9 1
2223 8 10 1
250 6 13 1
3340 6 12 1
967 6 10 1
4049 6 11 1
1887 7 13 1
3646 7 12 1
963 7 10 1
1410 7 11 1
2258 6 15 1
151 6 14 1
919 7 15 1
4197 7 14 1
4208 8 15 1
4308 8 16 1
1848 10 16 1
4019 9 16 1
3753 10 15 1
543 9 15 1
171 10 14 1
2407 9 14 1
4352 8 14 1
2218 10 13 1
2751 9 13 1
4115 8 13 1
3369 8 12 1
1493 8 11 1
1582 9 12 1
4519 9 11 1
1759 9 8 1
1120 9 9 1
820 9 10 1
2701 10 12 1
2925 10 11 1
2724 11 7 1
576 11 8 1
2525 6 6 1
921 6 7 1
2865 7 3 1
3535 7 4 1
3795 7 5 1
2364 7 6 1
1204 7 7 1
1462 8 3 1
145 8 4 1
1890 8 5 1
2032 8 6 1
1926 8 7 1
2620 9 3 1
2521 9 4 1
1042 9 5 1
1101 9 6 1
3073 9 7 1
3752 10 3 1
1304 10 4 1
372 10 5 1
1445 10 6 1
2818 10 7 1
3416 10 8 1
1482 10 9 1
4376 10 10 1
3494 11 12 1
4392 11 11 1
3794 11 10 1
2954 11 9 1
732 12 10 1
355 12 9 1
3942 12 8 1
3343 12 7 1
2389 12 11 1
1655 12 13 1
684 12 12 1
2594 13 13 1
2363 13 12 1
3686 14 13 1
4466 11 15 1
2466 11 13 1
432 11 14 1
895 12 15 1
641 12 14 1
549 13 15 1
2341 13 14 1
3052 11 19 1
3586 11 16 1
3342 11 17 1
700 11 18 1
1254 12 19 1
4233 12 16 1
2825 12 17 1
1233 12 18 1
2186 13 19 1
3362 13 18 1
718 13 17 1
1787 13 16 1
2680 15 19 1
2235 14 19 1
3363 15 18 1
29 14 18 1
1727 15 17 1
4536 14 17 1
1636 14 16 1
3648 14 15 1
1533 14 14 1
1766 15 16 1
2658 15 15 1
1272 15 14 1
2694 15 13 1
1035 16 19 1
2024 16 18 1
3749 17 19 1
2283 17 18 1
3382 19 19 1
2904 18 19 1
4042 19 18 1
78 18 18 1
3462 19 17 1
1221 18 17 1
1781 17 17 1
2013 16 17 1
1441 19 16 1
526 18 16 1
241 17 16 1
2756 16 16 1
1020 16 15 1
3879 19 15 1
3388 18 15 1
625 17 15 1
675 19 14 1
4403 18 14 1
1952 17 14 1
4426 16 14 1
3065 19 13 1
1286 18 13 1
3019 17 13 1
1883 16 13 1
1275 17 12 1
4533 16 12 1
4435 15 12 1
4323 14 12 1
2493 19 12 1
1868 18 12 1
878 19 5 1
3335 19 6 1
3875 19 7 1
186 19 8 1
3914 19 9 1
4520 19 10 1
3240 19 11 1
2326 16 8 1
4393 16 7 1
3859 16 5 1
1996 16 6 1
3125 17 8 1
574 17 7 1
3469 17 5 1
4183 17 6 1
4307 18 5 1
1075 18 6 1
2009 18 7 1
404 18 8 1
1321 18 9 1
1375 18 10 1
1620 18 11 1
602 17 9 1
1280 17 10 1
2757 17 11 1
389 16 9 1
541 16 10 1
3153 16 11 1
3996 15 11 1
492 14 11 1
2155 13 11 1
3013 15 10 1
3098 14 10 1
812 13 10 1
1792 13 9 1
893 13 8 1
388 13 7 1
3054 14 9 1
4195 14 8 1
573 14 7 1
2663 14 6 1
2178 14 5 1
3951 14 4 1
3093 14 3 1
2086 15 9 1
1376 15 8 1
4267 15 7 1
3937 15 6 1
334 15 5 1
2158 15 4 1
3458 15 3 1
3634 15 0 1
2542 15 1 1
3387 15 2 1
2575 16 4 1
2693 16 3 1
4367 16 2 1
3932 16 1 1
689 16 0 1
2050 19 4 1
2707 18 4 1
3317 17 4 1
1715 19 3 1
4490 18 3 1
3591 17 3 1
4023 17 2 1
2203 17 1 1
2126 17 0 1
1081 19 2 1
2839 18 2 1
1459 19 1 1
766 18 1 1
1514 19 0 1
1061 18 0 1
133 19 0 25
4390 19 2 26
4092 18 2 26
2065 19 1 26
3191 18 1 26
3286 19 3 30
545 18 3 30
364 19 4 31
2642 18 4 31
2636 17 4 31
3774 17 3 31
335 17 2 31
1436 17 1 31
2334 16 4 33
4248 16 3 33
2556 15 0 34
3242 15 1 34
1315 15 9 36
1862 15 8 36
4334 15 7 36
3189 15 6 36
4432 15 5 36
2053 15 4 36
3007 14 9 38
3166 14 8 38
2085 15 10 39
601 14 10 39
2576 17 9 41
2461 17 10 41
2499 16 9 41
3000 16 10 41
3676 18 5 42
2746 16 5 43
3637 17 8 43
1218 17 7 43
121 17 5 43
3729 19 12 44
156 18 12 44
1473 19 5 44
1206 19 6 44
2604 19 7 44
3037 19 8 44
1962 19 9 44
3009 19 10 44
2000 19 11 44
1345 16 8 44
2897 16 7 44
1502 16 6 44
3923 17 6 44
3001 18 6 44
4071 18 7 44
3211 18 8 44
1853 18 9 44
2550 18 10 44
2484 18 11 44
1841 17 11 44
3797 16 11 44
132 15 11 44
2867 19 13 45
595 18 13 45
4325 17 13 45
2843 17 12 45
4398 19 14 46
3600 18 14 46
3441 19 16 47
2210 18 16 47
3613 17 16 47
954 19 15 47
3536 18 15 47
4380 17 15 47
116 17 14 47
4502 19 17 48
1667 17 19 49
1506 19 19 49
4450 18 19 49
635 19 18 49
2965 16 19 50
2072 16 18 50
851 17 18 50
3775 15 16 51
2062 15 15 51
24 15 18 52
3728 15 17 52
915 13 19 53
666 15 19 53
2599 14 19 53
1195 14 18 53
822 14 17 53
3297 12 19 54
4053 12 16 54
562 12 17 54
4387 13 15 55
2169 11 19 55
2538 11 16 55
1089 11 17 55
4163 11 18 55
1285 12 18 55
2387 13 18 55
1613 13 17 55
1812 13 16 55
939 14 16 55
203 14 15 55
1888 14 13 56
3444 11 15 56
459 11 13 56
3384 11 14 56
3569 12 15 56
648 12 14 56
1365 13 14 56
4306 14 14 56
4413 15 14 56
1746 15 13 56
1339 12 13 57
267 12 12 57
3145 13 13 57
2241 13 12 57
2348 11 12 58
769 11 11 58
759 12 10 58
2455 12 11 58
774 10 3 59
3003 10 4 59
1794 10 5 59
940 10 6 59
1031 8 3 60
1058 8 4 60
3071 8 5 60
1048 8 6 60
3027 9 3 60
3818 9 4 60
499 9 5 60
2817 9 6 60
1666 10 12 62
2279 10 11 62
3334 11 7 62
2287 11 8 62
434 6 6 62
652 6 7 62
1056 7 3 62
3239 7 4 62
3312 7 5 62
230 7 6 62
1615 7 7 62
4160 8 7 62
3941 9 7 62
4396 10 7 62
3605 10 8 62
202 10 9 62
4459 9 8 63
1913 9 9 63
4022 9 12 64
13 10 13 65
4506 9 13 65
3963 8 15 66
4215 8 16 66
246 10 16 66
1009 9 16 66
1403 10 15 66
3990 9 15 66
1713 10 14 66
3959 9 14 66
1047 6 15 67
1878 6 14 67
1933 7 15 67
317 7 14 67
277 8 14 67
2640 8 13 67
4368 8 12 67
3763 6 10 68
1391 7 13 68
3293 7 12 68
2719 7 10 68
2832 8 8 69
1744 6 13 69
2710 6 12 69
2254 6 11 69
484 7 11 69
1366 8 11 69
987 9 11 69
1681 19 1 69
2717 6 8 70
2704 7 8 70
503 5 4 71
2312 6 4 72
144 6 5 72
4188 5 5 72
1085 5 6 72
178 5 7 72
3411 5 0 74
1255 4 0 74
3117 4 1 74
4463 3 0 74
4532 3 1 74
1936 10 0 76
1446 10 1 76
1569 9 0 76
261 9 1 76
2696 8 0 76
643 8 1 76
1044 7 0 76
3961 7 1 76
1424 6 0 76
1541 6 3 78
3237 10 2 78
2795 9 2 78
4058 8 2 78
1546 7 2 78
3230 6 2 78
3847 6 1 78
900 5 1 78
3344 5 2 78
2383 5 3 79
2390 4 3 79
3495 2 0 80
415 2 1 80
3530 2 2 80
1889 2 3 80
2824 16 8 80
1905 16 7 80
1719 5 10 81
3202 4 10 81
4133 4 9 81
2774 0 0 81
1439 0 1 81
3737 0 2 81
2213 0 3 81
3526 0 4 81
1773 1 0 81
3473 1 1 81
3442 1 2 81
1882 1 3 81
3917 1 4 81
2652 2 4 81
557 4 2 81
91 3 2 81
3812 3 3 81
169 3 4 81
506 4 4 81
780 4 5 81
1795 4 6 81
1710 4 7 81
4201 17 4 81
1411 3 5 82
1989 3 6 82
3696 19 18 82
1511 1 5 83
3531 2 5 83
4370 0 5 84
1649 1 8 84
1898 1 7 84
3714 5 12 85
2934 4 12 85
4489 5 11 85
3113 4 11 85
2683 2 8 85
3453 0 8 85
3641 0 7 85
2976 0 6 85
3086 1 6 85
1968 2 6 85
2784 2 7 85
2909 3 7 85
2561 19 19 85
3057 18 19 85
159 17 12 85
4430 5 15 86
4381 4 15 86
1784 5 14 86
4176 4 14 86
997 3 14 86
454 5 13 86
1454 4 13 86
1601 3 13 86
796 3 12 86
319 3 11 86
4025 3 10 86
2981 19 15 86
2177 18 15 86
346 17 15 86
525 15 0 86
4240 15 1 86
1978 13 13 87
67 17 5 87
1912 3 16 88
746 3 15 88
4374 19 5 88
1093 19 6 88
3557 19 7 88
3138 19 8 88
4266 19 9 88
2681 19 10 88
3391 19 11 88
958 18 2 88
3971 3 17 89
4262 2 17 89
1367 2 16 89
1884 2 15 89
2673 2 14 89
3528 2 13 89
3848 2 12 89
2697 17 8 89
1813 17 7 89
4237 19 0 90
1861 6 16 91
676 5 16 91
857 5 17 91
2807 4 16 91
2122 4 17 91
2555 16 9 91
464 16 10 91
2900 10 17 92
1928 9 17 92
3466 8 17 92
4222 7 16 92
2778 19 16 92
4290 18 16 92
2403 17 16 92
3931 18 14 92
582 17 14 92
4428 18 13 92
9868 milli sec 
point:397725
