757
669 6 7 1
168 6 6 1
5581 6 0 1
6435 6 1 1
2997 6 2 1
5968 6 3 1
1531 6 4 1
989 6 5 1
2967 7 7 1
738 7 6 1
1323 7 0 1
5982 7 1 1
5801 7 2 1
312 7 3 1
2067 7 4 1
488 7 5 1
5285 8 7 1
243 8 6 1
2156 8 0 1
174 8 1 1
5867 8 2 1
1965 8 3 1
561 8 4 1
2649 8 5 1
5964 9 7 1
932 9 6 1
3451 9 0 1
5287 9 1 1
3862 9 2 1
2626 9 3 1
5969 9 4 1
4908 9 5 1
6127 10 7 1
570 10 6 1
2817 10 0 1
2401 10 1 1
678 10 2 1
6201 10 3 1
3640 10 4 1
1692 10 5 1
5833 8 10 1
2933 8 9 1
2013 8 8 1
6082 9 10 1
3558 9 9 1
3762 9 8 1
3668 10 10 1
6367 10 9 1
6172 10 8 1
5000 8 11 1
4435 0 9 1
892 0 10 1
6430 0 11 1
3339 0 12 1
1915 1 9 1
1289 1 10 1
5096 1 11 1
5596 1 12 1
4392 2 9 1
1011 2 10 1
6310 2 11 1
3767 2 12 1
4815 3 9 1
4238 3 10 1
6433 3 11 1
341 3 12 1
779 4 9 1
5307 4 10 1
2244 4 11 1
2367 4 12 1
3732 0 0 1
3337 0 1 1
44 0 2 1
1005 0 3 1
5295 0 4 1
4105 0 5 1
1396 0 6 1
3859 0 7 1
3266 0 8 1
4044 1 0 1
2614 1 1 1
1551 1 2 1
918 1 3 1
62 1 4 1
2560 1 5 1
3233 1 6 1
4032 1 7 1
2700 1 8 1
5889 5 0 1
3027 5 1 1
891 5 2 1
5258 5 3 1
6465 4 0 1
3237 4 1 1
1984 4 2 1
3654 4 3 1
3966 3 0 1
5636 3 1 1
92 3 2 1
6033 3 3 1
4085 2 0 1
3808 2 1 1
3602 2 2 1
1075 2 3 1
2191 2 4 1
2096 2 5 1
54 2 6 1
4785 2 7 1
1891 2 8 1
539 3 4 1
6330 3 5 1
268 3 6 1
2064 3 7 1
466 3 8 1
4803 4 4 1
178 4 5 1
4402 4 6 1
6084 4 7 1
960 4 8 1
1717 5 4 1
2859 5 5 1
2679 5 6 1
3409 5 7 1
2463 5 8 1
3306 5 9 1
4339 5 10 1
573 5 11 1
5018 5 12 1
2447 6 14 1
3526 6 13 1
31 6 8 1
3702 6 9 1
3248 6 10 1
4033 6 11 1
2363 6 12 1
1132 0 19 1
1972 0 18 1
5680 0 17 1
2337 0 16 1
354 0 13 1
2136 0 14 1
1252 0 15 1
4057 1 19 1
2980 1 18 1
2640 1 17 1
410 1 16 1
4053 1 13 1
6362 1 14 1
4528 1 15 1
4488 2 19 1
3211 2 18 1
920 2 17 1
2720 2 16 1
5385 2 13 1
6039 2 14 1
417 2 15 1
2073 3 19 1
4064 3 18 1
5944 3 17 1
2342 3 16 1
4021 3 15 1
4658 4 19 1
1588 4 18 1
4248 4 17 1
5870 4 16 1
4165 3 13 1
5292 3 14 1
3436 4 13 1
2177 4 14 1
1773 4 15 1
1053 5 19 1
2316 5 18 1
3891 5 17 1
238 5 16 1
2795 5 13 1
3012 5 14 1
2441 5 15 1
550 6 16 1
5288 6 15 1
1087 7 16 1
1655 7 15 1
3044 7 14 1
283 7 13 1
5103 7 8 1
3935 7 9 1
303 7 10 1
2855 7 11 1
3703 7 12 1
4332 8 16 1
770 8 15 1
3524 8 14 1
755 8 13 1
1654 8 12 1
6535 6 19 1
4822 6 18 1
80 6 17 1
2510 7 19 1
6348 7 18 1
5743 7 17 1
1400 8 19 1
3128 8 18 1
1199 8 17 1
6188 12 19 1
3652 11 19 1
470 10 19 1
2101 9 19 1
1865 12 18 1
1589 11 18 1
2665 10 18 1
2730 9 18 1
5098 12 17 1
786 11 17 1
624 10 17 1
4210 9 17 1
3161 12 16 1
1138 11 16 1
1632 10 16 1
1992 9 16 1
2261 12 15 1
1623 11 15 1
1555 10 15 1
2930 9 15 1
6478 9 14 1
3605 9 13 1
5187 9 12 1
3109 9 11 1
4571 10 14 1
3931 10 13 1
2748 10 12 1
724 10 11 1
5004 11 14 1
2010 11 13 1
3116 11 12 1
2711 11 11 1
4948 11 10 1
633 11 9 1
758 11 8 1
794 11 7 1
6493 11 6 1
1761 11 5 1
4564 11 4 1
5786 11 0 1
6582 11 1 1
5131 11 2 1
1874 11 3 1
2822 12 14 1
5699 12 13 1
2084 12 12 1
1516 12 11 1
5544 12 10 1
2173 12 9 1
4965 12 8 1
4489 12 7 1
4439 12 6 1
2919 12 5 1
1380 12 4 1
2153 12 0 1
1094 12 1 1
3635 12 2 1
4395 12 3 1
1460 13 13 1
1504 13 12 1
5948 13 11 1
1319 13 10 1
1246 13 9 1
161 13 8 1
1033 13 7 1
3059 13 6 1
931 13 5 1
5267 13 4 1
419 13 0 1
4354 13 1 1
2029 13 2 1
1377 13 3 1
6125 13 19 1
5955 13 18 1
6242 13 17 1
2833 13 16 1
4454 13 15 1
616 13 14 1
3411 14 19 1
2383 14 18 1
6490 14 17 1
4860 14 16 1
940 14 15 1
215 14 14 1
2311 14 13 1
773 15 19 1
3696 15 18 1
1989 15 17 1
5629 15 16 1
1666 15 15 1
3338 15 14 1
996 15 13 1
2068 16 19 1
6238 16 18 1
4086 16 17 1
4580 16 16 1
3453 16 15 1
3444 16 14 1
1024 16 13 1
1680 19 19 1
1107 18 19 1
642 17 19 1
5888 19 18 1
5778 18 18 1
1775 17 18 1
1597 19 17 1
5797 18 17 1
535 17 17 1
4139 19 16 1
1162 18 16 1
2109 17 16 1
3261 19 15 1
3946 18 15 1
4599 17 15 1
3380 19 14 1
5926 18 14 1
3392 17 14 1
1421 19 13 1
1410 18 13 1
1881 17 13 1
5450 19 12 1
3502 18 12 1
1983 17 12 1
1631 16 12 1
1183 15 12 1
6147 14 12 1
6340 19 11 1
3544 18 11 1
6181 17 11 1
2557 16 11 1
3782 15 11 1
6243 14 11 1
5594 19 10 1
5159 18 10 1
3201 17 10 1
6220 16 10 1
6361 15 10 1
3960 14 10 1
2341 19 9 1
2183 18 9 1
5099 17 9 1
3693 16 9 1
2807 15 9 1
3836 14 9 1
3493 19 8 1
1288 18 8 1
3064 17 8 1
2944 16 8 1
272 15 8 1
3566 14 8 1
955 19 7 1
563 18 7 1
714 17 7 1
6004 16 7 1
3597 15 7 1
154 14 7 1
1105 19 6 1
5296 18 6 1
4329 17 6 1
6505 16 6 1
4933 15 6 1
1798 14 6 1
5909 19 5 1
953 18 5 1
4913 17 5 1
5522 16 5 1
4934 15 5 1
4179 14 5 1
967 19 4 1
5300 18 4 1
3969 17 4 1
4994 16 4 1
4444 15 4 1
787 14 4 1
6283 19 3 1
89 18 3 1
2392 17 3 1
5226 16 3 1
701 15 3 1
3244 14 3 1
3512 19 2 1
3919 18 2 1
6003 17 2 1
3228 16 2 1
1569 15 2 1
4166 14 2 1
6241 19 1 1
5443 18 1 1
2925 17 1 1
1454 16 1 1
1312 15 1 1
4886 14 1 1
1936 19 0 1
4835 18 0 1
1739 17 0 1
5884 16 0 1
5173 15 0 1
5345 14 0 1
1267 19 0 29
4495 18 0 29
2537 17 0 29
6036 16 0 29
5808 15 0 29
1913 19 1 33
6419 18 1 33
3119 17 1 33
347 16 1 33
306 15 1 33
4531 19 2 36
4545 18 2 36
2355 17 2 36
2197 16 2 36
4718 15 2 36
1870 19 3 37
2017 18 3 37
845 17 3 37
5624 16 3 37
733 15 3 37
1335 19 4 38
3251 18 4 38
4770 17 4 38
4123 16 4 38
6304 15 4 38
5572 19 5 39
2990 18 5 39
352 17 5 39
6061 16 5 39
5278 15 5 39
1260 19 6 41
2961 18 6 41
1186 17 6 41
3178 16 6 41
2929 15 6 41
5721 19 7 42
1213 18 7 42
2578 17 7 42
2389 16 7 42
2357 15 7 42
3503 19 9 44
1161 18 9 44
5566 17 9 44
1119 16 9 44
1139 15 9 44
407 19 8 44
3198 18 8 44
4551 17 8 44
86 16 8 44
1283 15 8 44
430 19 10 46
5976 18 10 46
5356 17 10 46
2646 16 10 46
4811 15 10 46
3076 19 11 47
2868 18 11 47
5233 17 11 47
1636 16 11 47
451 15 11 47
1210 19 14 48
3131 18 14 48
1672 19 13 48
2445 18 13 48
4969 19 12 48
476 18 12 48
2555 19 16 49
5337 18 16 49
2370 19 15 49
950 18 15 49
3619 19 17 50
5823 18 17 50
1309 19 19 51
357 18 19 51
6212 17 19 51
4856 19 18 51
1472 18 18 51
1527 17 18 51
913 17 17 51
4719 17 16 51
4280 17 15 51
3095 17 14 51
5878 16 19 53
3781 16 18 53
5951 16 17 53
153 16 16 53
2652 16 15 53
1753 16 14 53
2335 15 19 54
4747 15 18 54
5440 15 17 54
3983 15 16 54
2541 15 15 54
5452 15 14 54
1230 13 19 56
1670 13 18 56
1779 13 17 56
5293 13 16 56
657 13 15 56
4131 13 14 56
3701 14 19 56
802 14 18 56
6438 14 17 56
958 14 16 56
1687 14 15 56
4514 14 14 56
3320 14 13 56
5359 15 13 56
872 16 13 56
1991 17 13 56
1767 17 12 56
5915 16 12 56
1611 15 12 56
2697 14 12 56
1594 14 11 56
5342 14 10 56
298 14 9 56
6341 13 0 57
167 13 1 57
411 13 2 57
5937 13 13 59
4094 13 12 59
5973 13 11 59
2844 13 10 59
185 13 9 59
5643 13 8 59
5481 13 7 59
5686 13 6 59
5962 13 5 59
1869 13 4 59
4167 12 0 60
792 12 1 60
1022 12 2 60
3367 11 0 62
4646 11 1 62
4635 11 2 62
3140 12 14 62
2548 12 13 62
5451 12 12 62
3765 12 11 62
477 12 10 62
2883 12 9 62
3350 12 8 62
1131 12 7 62
5146 12 6 62
6532 12 5 62
2048 12 4 62
1719 11 14 65
2908 11 13 65
1797 11 12 65
2745 12 15 66
490 11 15 66
4517 10 15 66
4143 10 14 66
4061 10 13 66
216 10 12 66
6001 12 16 67
4138 11 16 67
4205 10 16 67
6115 12 18 68
4092 11 18 68
314 10 18 68
1613 12 17 68
3400 11 17 68
2839 10 17 68
1158 12 19 69
3523 11 19 69
3545 10 19 69
3297 9 19 69
1855 9 18 69
2624 7 19 70
3922 7 18 70
5038 8 19 70
4293 8 18 70
2099 8 16 71
1604 8 15 71
6252 8 14 71
5051 8 13 71
668 6 19 71
479 6 18 71
200 6 17 71
1497 7 17 71
2519 8 17 71
3917 9 17 71
1391 9 16 71
387 9 15 71
3387 9 14 71
3209 9 13 71
564 7 8 72
6151 7 9 72
2233 7 10 72
4309 7 11 72
3583 17 1 72
1170 16 1 72
4484 15 1 72
2865 6 16 73
4839 7 16 73
6057 5 19 74
898 5 18 74
835 5 17 74
4022 5 16 74
4955 5 13 74
4000 5 14 74
1324 3 13 75
2879 3 14 75
3975 4 13 75
6406 4 14 75
745 4 19 76
1496 4 18 76
6576 4 17 76
3530 4 16 76
797 2 13 77
5194 2 14 77
5012 3 19 77
4014 3 18 77
5659 3 17 77
4584 3 16 77
5517 2 19 79
6072 2 18 79
6459 2 17 79
2634 2 16 79
175 0 13 80
2940 0 14 80
2863 1 19 80
4312 1 18 80
4249 1 17 80
1974 1 16 80
4418 1 13 80
1151 1 14 80
1502 19 8 80
2758 18 8 80
2823 17 8 80
2166 16 8 80
4829 15 8 80
1567 19 7 80
3649 18 7 80
183 17 7 80
5864 16 7 80
63 15 7 80
899 0 19 81
3697 0 18 81
1616 0 17 81
2971 0 16 81
5447 0 15 81
6288 1 15 81
5939 2 15 81
6263 3 15 81
3207 19 3 81
1071 18 3 81
6360 17 3 81
2956 16 3 81
235 15 3 81
6037 6 14 82
1155 6 13 82
3403 6 8 82
6206 6 9 82
6323 6 10 82
4919 6 11 82
1827 5 4 84
5460 5 5 84
3316 5 6 84
5539 5 7 84
1512 4 4 85
3848 4 5 85
6498 4 6 85
4841 4 7 85
1862 3 4 86
3477 3 5 86
4194 3 6 86
677 3 7 86
4413 19 5 86
2483 18 5 86
4963 17 5 86
4097 16 5 86
6372 15 5 86
164 2 0 87
3698 2 1 87
2072 2 2 87
5787 19 15 87
5812 18 15 87
425 3 0 88
754 3 1 88
4470 3 2 88
5980 18 16 88
152 5 0 89
6374 5 1 89
5179 5 2 89
4881 5 3 89
1209 4 0 89
2292 4 1 89
5516 4 2 89
5069 4 3 89
511 3 3 89
4047 2 3 89
768 2 4 89
631 2 5 89
6565 2 6 89
1766 2 7 89
5095 14 19 89
5921 14 18 89
1926 14 17 89
2087 14 16 89
3802 14 15 89
5381 19 12 89
5760 18 12 89
1444 1 0 91
4595 1 1 91
1868 1 2 91
5597 1 3 91
4103 1 4 91
859 1 5 91
2164 1 6 91
3115 1 7 91
861 4 9 92
2942 4 10 92
5139 4 11 92
1713 0 0 92
310 0 1 92
240 0 2 92
640 0 3 92
5475 0 4 92
2211 0 5 92
6379 0 6 92
6054 0 7 92
3151 0 8 92
4525 1 8 92
4952 2 8 92
818 3 8 92
28 4 8 92
2625 5 8 92
1401 5 9 92
6405 5 10 92
3656 5 11 92
1916 1 9 93
2607 1 10 93
6145 1 11 93
1529 2 9 93
3744 2 10 93
2571 2 11 93
3384 3 9 93
2766 3 10 93
4462 3 11 93
3379 19 13 93
5663 18 13 93
6313 18 2 93
1789 17 2 93
4456 16 2 93
3683 15 2 93
2266 9 10 94
5685 9 9 94
3271 10 10 94
5532 10 9 94
5815 8 11 94
5933 0 9 94
2196 0 10 94
4996 0 11 94
5197 0 12 94
13904 milli sec 
point:461000
