743
434 0 19 1
1338 0 18 1
4654 0 17 1
4619 0 16 1
3512 0 15 1
4565 0 14 1
1849 0 13 1
331 0 12 1
2071 0 11 1
3350 0 10 1
1740 0 9 1
2505 0 8 1
4190 0 7 1
848 0 6 1
3700 0 5 1
2074 0 4 1
195 1 19 1
3423 1 18 1
500 1 17 1
4475 1 16 1
3027 1 15 1
1848 1 14 1
306 1 13 1
4682 1 12 1
4085 1 11 1
1979 1 10 1
3746 1 9 1
1083 1 8 1
2140 1 7 1
323 1 6 1
1890 1 5 1
4602 1 4 1
3943 2 19 1
2367 2 18 1
2852 2 17 1
634 2 16 1
4793 2 15 1
3728 2 14 1
3828 2 13 1
1330 2 12 1
2172 2 11 1
2379 2 10 1
3459 2 9 1
638 2 8 1
3573 2 7 1
1171 2 6 1
3351 2 5 1
3992 2 4 1
4035 3 19 1
1012 3 18 1
1021 3 17 1
3508 3 16 1
1445 3 15 1
3024 3 14 1
1795 3 13 1
4345 3 12 1
1253 3 11 1
1227 3 10 1
1461 3 9 1
3786 3 8 1
2660 3 7 1
4740 3 6 1
3482 3 5 1
3435 3 4 1
113 10 19 1
1578 9 19 1
2245 8 19 1
4324 7 19 1
3731 6 19 1
4579 5 19 1
4031 4 19 1
2324 10 18 1
3383 9 18 1
1493 8 18 1
4016 7 18 1
3309 6 18 1
3873 5 18 1
878 4 18 1
129 10 17 1
3211 9 17 1
4538 8 17 1
133 7 17 1
4197 6 17 1
4699 5 17 1
370 4 17 1
3379 10 16 1
3909 9 16 1
4398 8 16 1
3708 7 16 1
476 6 16 1
3318 5 16 1
2710 4 16 1
2568 11 19 1
2910 11 18 1
489 11 17 1
3472 11 16 1
2009 11 15 1
198 11 14 1
1603 12 19 1
3180 12 18 1
2412 12 17 1
4409 12 16 1
2801 12 15 1
2037 12 14 1
2707 13 19 1
1028 13 18 1
4260 13 17 1
1619 13 16 1
4209 13 15 1
1520 13 14 1
2581 19 19 1
4342 18 19 1
1938 17 19 1
2959 16 19 1
1633 15 19 1
4441 14 19 1
2207 19 18 1
4043 18 18 1
3301 17 18 1
640 16 18 1
695 15 18 1
786 14 18 1
2468 19 17 1
630 18 17 1
352 17 17 1
1409 16 17 1
1685 15 17 1
1381 14 17 1
3582 19 16 1
978 18 16 1
614 17 16 1
1287 16 16 1
2171 15 16 1
4218 14 16 1
1778 19 15 1
367 18 15 1
550 17 15 1
3556 16 15 1
4660 15 15 1
697 14 15 1
2975 19 14 1
3229 18 14 1
1901 17 14 1
2816 16 14 1
2193 15 14 1
3146 14 14 1
134 19 10 1
1606 19 11 1
1996 19 12 1
3958 19 13 1
2111 18 10 1
4333 18 11 1
2631 18 12 1
1820 18 13 1
3824 17 10 1
819 17 11 1
1199 17 12 1
295 17 13 1
1647 16 10 1
3216 16 11 1
3552 16 12 1
565 16 13 1
654 15 10 1
778 15 11 1
749 15 12 1
3450 15 13 1
396 14 10 1
2970 14 11 1
1770 14 12 1
342 14 13 1
4257 13 10 1
594 13 11 1
2729 13 12 1
4196 13 13 1
3518 12 10 1
4519 12 11 1
4437 12 12 1
3184 12 13 1
4714 11 10 1
741 11 11 1
1729 11 12 1
2866 11 13 1
3477 10 10 1
3112 10 11 1
2457 10 12 1
275 10 13 1
3813 10 14 1
639 10 15 1
299 9 10 1
1924 9 11 1
2294 9 12 1
224 9 13 1
2136 9 14 1
2447 9 15 1
1649 8 10 1
817 8 11 1
103 8 12 1
182 8 13 1
230 8 14 1
1254 8 15 1
3516 7 10 1
1624 7 11 1
2649 7 12 1
893 7 13 1
758 7 14 1
3767 7 15 1
4213 6 10 1
2327 6 11 1
1009 6 12 1
1695 6 13 1
1789 6 14 1
874 6 15 1
3925 5 10 1
447 5 11 1
363 5 12 1
2047 5 13 1
861 5 14 1
1014 5 15 1
2756 4 15 1
105 4 14 1
4784 4 13 1
779 4 12 1
1110 4 11 1
4505 4 10 1
162 6 9 1
1234 5 9 1
3476 4 9 1
1704 6 8 1
3756 5 8 1
3628 4 8 1
1029 6 7 1
2440 5 7 1
3095 4 7 1
3900 6 6 1
1281 5 6 1
662 4 6 1
2530 13 9 1
3172 12 9 1
2383 11 9 1
3974 10 9 1
3193 9 9 1
2755 8 9 1
235 7 9 1
344 13 8 1
3836 12 8 1
717 11 8 1
2993 10 8 1
1256 9 8 1
1549 8 8 1
1642 7 8 1
1241 13 7 1
4804 12 7 1
3725 11 7 1
2655 10 7 1
4279 9 7 1
656 8 7 1
1628 7 7 1
1572 13 6 1
3522 12 6 1
1641 11 6 1
4211 10 6 1
2763 9 6 1
4774 8 6 1
2796 7 6 1
4465 19 9 1
1889 18 9 1
4280 17 9 1
4046 16 9 1
2589 15 9 1
3213 14 9 1
2602 19 8 1
4369 18 8 1
449 17 8 1
3032 16 8 1
232 15 8 1
1111 14 8 1
936 19 7 1
3745 18 7 1
2772 17 7 1
3843 16 7 1
4059 15 7 1
2961 14 7 1
943 19 6 1
1709 18 6 1
2081 17 6 1
4158 16 6 1
894 15 6 1
2923 14 6 1
2503 19 5 1
2596 18 5 1
1080 17 5 1
1274 16 5 1
1166 15 5 1
1389 14 5 1
1479 13 5 1
427 12 5 1
2693 11 5 1
2421 10 5 1
951 9 5 1
2656 8 5 1
4111 7 5 1
4545 6 5 1
4658 5 5 1
3200 4 5 1
267 19 4 1
4567 18 4 1
1841 17 4 1
372 16 4 1
4187 19 0 1
4461 19 1 1
3712 19 2 1
4021 19 3 1
4287 18 0 1
2992 18 1 1
3953 18 2 1
4352 18 3 1
616 17 0 1
4038 17 1 1
3344 17 2 1
341 17 3 1
374 16 0 1
3645 16 1 1
4672 16 2 1
1840 16 3 1
3127 15 0 1
3785 15 1 1
3638 15 2 1
837 15 3 1
1708 15 4 1
3528 14 0 1
1985 14 1 1
3101 14 2 1
1531 14 3 1
4524 14 4 1
726 13 0 1
721 13 1 1
2418 13 2 1
2434 13 3 1
4727 13 4 1
906 12 0 1
4659 12 1 1
1896 12 2 1
2002 12 3 1
4068 12 4 1
52 11 4 1
1059 10 4 1
4322 9 4 1
163 8 4 1
1243 7 4 1
1544 6 4 1
1423 5 4 1
2583 4 4 1
1085 11 3 1
1157 10 3 1
329 9 3 1
2415 8 3 1
802 7 3 1
3108 6 3 1
2791 5 3 1
3021 4 3 1
3936 3 3 1
181 2 3 1
471 1 3 1
20 0 3 1
2559 11 2 1
4432 10 2 1
417 9 2 1
3761 8 2 1
2184 7 2 1
75 6 2 1
4152 5 2 1
4329 4 2 1
2537 3 2 1
2117 2 2 1
4348 1 2 1
1925 0 2 1
3775 11 1 1
2122 10 1 1
4713 9 1 1
3059 8 1 1
1195 7 1 1
3014 6 1 1
2320 5 1 1
2522 4 1 1
3231 3 1 1
2341 2 1 1
1613 1 1 1
3854 0 1 1
3157 11 0 1
3246 10 0 1
2692 9 0 1
3754 8 0 1
2386 7 0 1
852 6 0 1
2339 5 0 1
1298 4 0 1
3987 3 0 1
4653 2 0 1
496 1 0 1
1823 0 0 1
3768 11 0 27
4721 10 0 27
2671 9 0 27
3565 8 0 27
790 7 0 27
1474 6 0 27
274 5 0 27
2663 4 0 27
4493 3 0 27
1007 2 0 27
4290 1 0 27
2958 11 1 30
888 10 1 30
2902 9 1 30
4443 8 1 30
3053 7 1 30
4278 6 1 30
2916 5 1 30
606 4 1 30
4107 3 1 30
4028 2 1 30
1584 1 1 30
2392 11 2 34
1173 10 2 34
965 9 2 34
4621 8 2 34
293 7 2 34
2014 6 2 34
3711 5 2 34
1011 4 2 34
95 3 2 34
3201 2 2 34
3047 1 2 34
641 11 3 37
1325 10 3 37
1215 9 3 37
1131 8 3 37
650 7 3 37
3281 6 3 37
2840 5 3 37
4123 12 0 40
3343 12 1 40
338 12 2 40
4750 12 3 40
3966 13 0 41
1788 13 1 41
826 13 2 41
2388 13 3 41
4476 15 0 43
4485 15 1 43
3025 15 2 43
2507 14 0 43
193 14 1 43
613 14 2 43
1551 14 3 43
4335 16 0 44
4791 16 1 44
4364 16 2 44
747 17 0 45
775 17 1 45
4635 17 2 45
3631 19 0 46
2297 19 1 46
416 19 2 46
296 19 3 46
1101 18 0 46
1268 18 1 46
2872 18 2 46
597 18 3 46
1438 17 3 46
3624 16 3 46
410 15 3 46
3549 19 4 47
1498 18 4 47
834 17 4 47
415 16 4 47
1050 19 5 51
4047 18 5 51
2295 17 5 51
4362 16 5 51
4759 15 5 51
1615 19 6 52
2724 18 6 52
3523 17 6 52
2096 16 6 52
231 15 6 52
1953 19 8 53
882 18 8 53
1894 17 8 53
2398 16 8 53
2989 15 8 53
2151 19 7 53
3892 18 7 53
913 17 7 53
1347 16 7 53
4551 15 7 53
3361 19 9 54
4374 18 9 54
4511 17 9 54
3744 16 9 54
1614 15 9 54
1025 14 9 54
1951 14 8 54
992 14 7 54
4181 14 6 54
3895 14 5 54
1450 13 5 54
13 12 5 54
4394 11 5 54
2448 10 5 54
66 9 5 54
4691 8 5 54
3757 15 4 54
32 14 4 54
4104 13 4 54
1675 12 4 54
245 11 4 54
347 10 4 54
2056 9 4 54
3814 8 4 54
1013 7 4 54
4508 6 4 54
4354 5 4 54
800 13 7 56
4267 12 7 56
1416 11 7 56
3214 10 7 56
2653 9 7 56
3485 8 7 56
2593 13 6 56
4533 12 6 56
3770 11 6 56
2664 10 6 56
1408 9 6 56
3378 8 6 56
4667 13 8 58
3126 12 8 58
1804 11 8 58
680 10 8 58
1075 9 8 58
4778 8 8 58
2570 13 9 59
1472 12 9 59
4212 11 9 59
167 10 9 59
4445 9 9 59
442 8 9 59
165 7 9 59
632 7 8 59
1671 7 7 59
4359 7 6 59
4743 6 7 60
4120 5 7 60
3902 6 6 60
236 5 6 60
1494 6 8 61
2665 5 8 61
1583 6 9 63
3280 5 9 63
2027 5 10 65
4718 5 11 65
3022 5 12 65
3554 5 13 65
2595 5 14 65
558 6 10 66
4379 6 11 66
4417 6 12 66
2861 6 13 66
2849 6 14 66
2335 7 10 67
2126 7 11 67
4239 7 12 67
3314 7 13 67
1220 7 14 67
4481 8 10 68
1532 8 11 68
3429 8 12 68
2564 8 13 68
3772 8 14 68
2098 9 10 69
368 9 11 69
1850 9 12 69
98 9 13 69
4742 9 14 69
276 10 10 70
2068 10 11 70
1047 10 12 70
3436 11 10 71
3230 11 11 71
1161 11 12 71
4370 13 10 72
4604 13 11 72
2185 13 12 72
4050 12 10 72
3542 12 11 72
2969 12 12 72
1825 14 10 73
1742 14 11 73
2802 14 12 73
1947 16 10 74
667 16 11 74
880 16 12 74
2069 15 10 74
2012 15 11 74
1791 15 12 74
2887 17 10 75
3268 17 11 75
3439 17 12 75
986 18 10 76
4401 18 11 76
4271 18 12 76
593 19 10 77
379 19 11 77
1297 19 12 77
1312 19 13 77
3295 18 13 77
671 17 13 77
1151 16 13 77
97 19 15 78
2264 18 15 78
2347 17 15 78
2239 16 15 78
1299 15 15 78
4459 19 14 78
1801 18 14 78
2194 17 14 78
2965 16 14 78
504 15 14 78
937 19 16 79
3164 18 16 79
1753 17 16 79
3254 16 16 79
252 15 16 79
720 15 13 79
2520 19 17 80
1307 18 17 80
2905 17 17 80
3496 16 17 80
3921 15 17 80
514 19 18 81
3066 18 18 81
3449 17 18 81
1224 16 18 81
2023 15 18 81
1799 19 19 82
1812 18 19 82
1876 17 19 82
1328 16 19 82
1192 15 19 82
4574 14 19 82
579 14 18 82
2402 14 17 82
8 14 16 82
939 14 15 82
2511 12 19 84
4801 12 18 84
3891 12 17 84
3883 12 16 84
470 12 15 84
495 13 19 84
799 13 18 84
266 13 17 84
3748 13 16 84
1375 13 15 84
3253 10 16 86
875 9 16 86
1017 8 16 86
1155 7 16 86
1203 6 16 86
2016 5 16 86
2073 11 19 86
4049 11 18 86
1335 11 17 86
1350 11 16 86
3345 11 15 86
2719 11 14 86
4178 12 14 86
3310 13 14 86
571 14 14 86
748 18 0 87
1744 18 1 87
1135 18 2 87
2942 10 18 88
645 9 18 88
1137 8 18 88
3181 7 18 88
2351 6 18 88
4078 5 18 88
2603 10 17 88
2748 9 17 88
776 8 17 88
3574 7 17 88
4407 6 17 88
4217 5 17 88
3773 10 19 90
4066 9 19 90
3930 8 19 90
1513 7 19 90
437 6 19 90
4757 5 19 90
175 4 19 90
4717 4 18 90
314 4 17 90
1431 4 16 90
3404 19 7 90
2563 18 7 90
3042 17 7 90
1517 16 7 90
1652 15 7 90
929 14 0 90
3896 14 1 90
179 14 2 90
1057 14 3 90
2662 3 19 92
1945 3 18 92
142 3 17 92
2435 3 16 92
3557 3 15 92
2460 3 14 92
3881 3 13 92
1156 3 12 92
3585 3 11 92
3872 3 10 92
3789 3 9 92
1197 3 8 92
2587 3 7 92
2810 3 6 92
452 3 5 92
2932 13 6 92
1150 12 6 92
3818 11 6 92
302 10 6 92
3918 9 6 92
804 8 6 92
1170 17 0 92
1875 17 1 92
2022 17 2 92
2833 15 1 92
3780 15 2 92
1257 11 3 92
985 10 3 92
755 9 3 92
4670 8 3 92
10891 milli sec 
point:413525
