758
3185 0 8 1
4961 0 7 1
5148 0 6 1
6143 0 5 1
4737 0 4 1
3411 0 3 1
4473 0 2 1
1910 0 1 1
1576 0 0 1
2109 1 8 1
1408 1 7 1
4154 1 6 1
5431 1 5 1
2622 1 4 1
6002 1 3 1
4314 1 2 1
1054 1 1 1
5847 1 0 1
5813 2 8 1
492 2 7 1
5231 2 6 1
4561 2 5 1
528 2 4 1
3860 2 3 1
1916 2 2 1
312 2 1 1
253 2 0 1
2017 3 8 1
4071 3 7 1
3692 3 6 1
1546 3 5 1
5084 3 4 1
4511 3 3 1
5731 3 2 1
802 3 1 1
4591 3 0 1
39 4 8 1
3103 4 7 1
348 4 6 1
2038 4 5 1
4840 4 4 1
1136 4 3 1
5874 4 2 1
2058 4 1 1
5328 4 0 1
5549 0 19 1
2775 0 18 1
2939 0 17 1
2708 0 16 1
1749 0 15 1
5012 0 14 1
779 0 13 1
1504 0 12 1
887 0 11 1
477 0 10 1
3666 0 9 1
653 1 19 1
6033 1 18 1
5735 1 17 1
189 1 16 1
32 1 15 1
2993 1 14 1
5976 1 13 1
4887 1 12 1
2881 1 11 1
3264 1 10 1
2863 1 9 1
1801 2 19 1
499 2 18 1
4101 2 17 1
3037 2 16 1
2892 2 15 1
5713 2 14 1
5359 2 13 1
957 2 12 1
3402 2 11 1
3970 2 10 1
5490 2 9 1
3300 3 19 1
4994 3 18 1
5370 3 17 1
3099 3 16 1
4358 3 15 1
4998 3 14 1
5488 3 13 1
2630 3 12 1
3342 3 11 1
3068 3 10 1
3412 3 9 1
3950 4 19 1
88 4 18 1
5141 4 17 1
3240 4 16 1
2890 4 15 1
6259 4 14 1
3597 4 13 1
1844 4 12 1
5378 4 11 1
6117 4 10 1
3157 4 9 1
4412 5 19 1
857 5 18 1
6172 5 17 1
5787 5 16 1
3308 5 15 1
872 5 14 1
3519 5 13 1
3931 5 12 1
3269 5 11 1
1240 5 10 1
5794 5 9 1
2633 5 8 1
995 5 7 1
2435 5 6 1
326 5 5 1
4438 5 4 1
1520 5 3 1
3401 5 2 1
5667 5 1 1
3702 5 0 1
4663 19 19 1
4763 18 19 1
462 17 19 1
2496 16 19 1
1992 15 19 1
1382 14 19 1
4271 13 19 1
3722 12 19 1
6075 11 19 1
3742 10 19 1
3242 9 19 1
4476 8 19 1
5905 7 19 1
5993 6 19 1
3673 19 18 1
1723 18 18 1
471 17 18 1
3625 16 18 1
921 15 18 1
4982 14 18 1
760 13 18 1
386 12 18 1
4539 11 18 1
4778 10 18 1
2926 9 18 1
3644 8 18 1
38 7 18 1
4450 6 18 1
5393 19 17 1
5279 18 17 1
4707 17 17 1
5374 16 17 1
403 15 17 1
5046 14 17 1
5487 13 17 1
5582 12 17 1
2079 11 17 1
3767 10 17 1
3064 9 17 1
6094 8 17 1
2755 7 17 1
3531 6 17 1
3649 19 16 1
3849 18 16 1
1591 17 16 1
1325 16 16 1
5965 15 16 1
2245 14 16 1
3572 13 16 1
3973 12 16 1
4170 11 16 1
1130 10 16 1
5056 9 16 1
4837 8 16 1
3313 7 16 1
89 6 16 1
2237 19 15 1
1898 18 15 1
2223 17 15 1
826 16 15 1
1069 15 15 1
5725 14 15 1
2578 13 15 1
1701 12 15 1
2982 11 15 1
5268 10 15 1
5361 9 15 1
5646 8 15 1
2320 7 15 1
1419 6 15 1
1383 19 14 1
5882 18 14 1
1995 17 14 1
266 16 14 1
3831 15 14 1
2612 19 8 1
5872 19 9 1
2299 19 10 1
5998 19 11 1
5632 19 12 1
2951 19 13 1
6174 18 8 1
2113 18 9 1
4395 18 10 1
1524 18 11 1
468 18 12 1
1321 18 13 1
4731 17 8 1
8 17 9 1
5613 17 10 1
3074 17 11 1
2536 17 12 1
3854 17 13 1
1313 16 8 1
5892 16 9 1
3252 16 10 1
5579 16 11 1
2377 16 12 1
2986 16 13 1
1689 15 8 1
2897 15 9 1
4749 15 10 1
2978 15 11 1
2891 15 12 1
1847 15 13 1
3384 14 8 1
4553 14 9 1
4466 14 10 1
3072 14 11 1
3057 14 12 1
1425 14 13 1
5042 14 14 1
1618 13 8 1
706 13 9 1
3681 13 10 1
5720 13 11 1
1538 13 12 1
1127 13 13 1
1941 13 14 1
4514 12 8 1
2300 12 9 1
889 12 10 1
2557 12 11 1
3129 12 12 1
2448 12 13 1
361 12 14 1
2001 11 6 1
3396 11 7 1
4091 11 8 1
3390 11 9 1
5244 11 10 1
4228 11 11 1
4513 11 12 1
822 11 13 1
1032 11 14 1
2574 10 6 1
3744 10 7 1
165 10 8 1
2197 10 9 1
2380 10 10 1
2293 10 11 1
5919 10 12 1
3983 10 13 1
1437 10 14 1
6210 9 14 1
4371 8 14 1
1150 7 14 1
4212 6 14 1
4494 6 13 1
3069 6 12 1
5574 6 11 1
435 6 10 1
5802 6 9 1
5167 6 8 1
3708 6 7 1
2517 6 6 1
1593 6 5 1
2105 6 4 1
3770 6 3 1
6203 6 2 1
1708 6 1 1
4823 6 0 1
1071 9 13 1
815 8 13 1
2406 7 13 1
3743 9 12 1
2548 8 12 1
1852 7 12 1
1476 9 11 1
2640 8 11 1
5438 7 11 1
5233 9 10 1
2610 8 10 1
2222 7 10 1
4010 9 9 1
2756 8 9 1
1209 7 9 1
5440 9 8 1
5852 8 8 1
2030 7 8 1
1850 9 7 1
5916 8 7 1
4397 7 7 1
5451 9 6 1
3620 8 6 1
5442 7 6 1
3775 19 7 1
49 18 7 1
1572 17 7 1
4192 16 7 1
3574 15 7 1
5707 14 7 1
1158 13 7 1
2564 12 7 1
598 19 6 1
4775 18 6 1
5465 17 6 1
4116 16 6 1
2252 15 6 1
899 14 6 1
5305 13 6 1
5865 12 6 1
4499 19 5 1
3416 18 5 1
5347 17 5 1
3061 16 5 1
2287 15 5 1
5421 14 5 1
2524 13 5 1
1225 12 5 1
97 11 5 1
241 10 5 1
3118 9 5 1
124 8 5 1
3941 7 5 1
4777 19 4 1
5350 18 4 1
1670 17 4 1
4023 16 4 1
5638 15 4 1
80 14 4 1
4333 13 4 1
2554 12 4 1
2717 11 4 1
4844 10 4 1
1735 9 4 1
5091 8 4 1
1483 7 4 1
2356 19 3 1
1547 18 3 1
436 17 3 1
2754 16 3 1
2428 15 3 1
4026 14 3 1
2822 13 3 1
1658 12 3 1
535 11 3 1
2835 10 3 1
1149 9 3 1
737 8 3 1
2609 7 3 1
2637 19 2 1
2179 18 2 1
302 17 2 1
1398 16 2 1
4356 15 2 1
607 14 2 1
2937 13 2 1
2932 12 2 1
5100 11 2 1
3909 10 2 1
2843 9 2 1
6200 8 2 1
2811 7 2 1
3525 19 1 1
3669 18 1 1
2894 17 1 1
3905 16 1 1
591 15 1 1
6280 14 1 1
1206 13 1 1
5257 12 1 1
770 11 1 1
5005 10 1 1
4223 9 1 1
3295 8 1 1
1672 7 1 1
3321 19 0 1
222 18 0 1
4014 17 0 1
4920 16 0 1
596 15 0 1
5913 14 0 1
784 13 0 1
4035 12 0 1
5357 11 0 1
5095 10 0 1
4600 9 0 1
5471 8 0 1
2597 7 0 1
3577 19 0 32
3900 18 0 32
5149 17 0 32
5732 16 0 32
3594 15 0 32
2692 14 0 32
2989 13 0 32
3224 12 0 32
3873 11 0 32
2925 10 0 32
6023 9 0 32
2759 8 0 32
3975 19 1 36
3922 18 1 36
1129 17 1 36
3 16 1 36
1806 15 1 36
1470 14 1 36
2758 13 1 36
4244 12 1 36
1926 11 1 36
5636 10 1 36
775 9 1 36
4821 8 1 36
4160 19 2 38
1940 18 2 38
951 17 2 38
304 16 2 38
2575 15 2 38
2520 14 2 38
2000 13 2 38
3515 12 2 38
4703 11 2 38
104 10 2 38
4931 9 2 38
5448 8 2 38
456 19 3 40
52 18 3 40
3534 17 3 40
3590 16 3 40
3785 15 3 40
464 14 3 40
384 13 3 40
2966 12 3 40
3694 11 3 40
3011 10 3 40
1246 9 3 40
3237 8 3 40
604 19 4 43
2726 18 4 43
3609 17 4 43
3034 16 4 43
5157 15 4 43
26 14 4 43
5181 13 4 43
2736 12 4 43
1783 11 4 43
3348 10 4 43
4954 9 4 43
3246 8 4 43
2122 19 5 45
3111 18 5 45
1153 17 5 45
1171 16 5 45
4253 15 5 45
2154 14 5 45
1191 13 5 45
5389 19 6 47
310 18 6 47
4232 17 6 47
5545 16 6 47
3980 15 6 47
5657 14 6 47
2434 13 6 47
4381 19 7 49
3966 18 7 49
4638 17 7 49
3375 16 7 49
3797 15 7 49
1222 14 7 49
2483 13 7 49
1767 12 7 49
3598 12 6 49
6292 12 5 49
847 11 5 49
4471 10 5 49
2313 9 5 49
2148 8 5 49
439 9 7 50
1008 8 7 50
881 9 6 50
5830 8 6 50
5754 9 8 51
3535 8 8 51
1986 9 10 52
5282 8 10 52
480 9 9 52
48 8 9 52
655 9 13 53
1239 8 13 53
6150 7 13 53
4202 9 12 53
4238 8 12 53
5615 7 12 53
3820 9 11 53
4272 8 11 53
5776 7 11 53
5541 7 10 53
3414 7 9 53
6247 7 8 53
5430 7 7 53
1256 7 6 53
1808 10 6 57
2529 10 7 57
369 10 8 57
6243 10 9 57
6277 10 10 57
6004 10 11 57
1294 10 12 57
5070 10 13 57
2856 11 6 59
262 11 7 59
4780 11 8 59
5544 11 9 59
1805 11 10 59
446 11 11 59
5341 11 12 59
469 11 13 59
3008 12 8 60
2701 12 9 60
5786 12 10 60
832 12 11 60
4180 12 12 60
4331 12 13 60
628 13 8 62
4843 13 9 62
4415 13 10 62
4641 13 11 62
4108 13 12 62
3219 13 13 62
3833 14 8 63
5594 14 9 63
2936 14 10 63
1059 14 11 63
3149 14 12 63
705 16 8 65
1582 16 9 65
1697 16 10 65
3529 16 11 65
3195 16 12 65
5017 15 8 65
3231 15 9 65
3691 15 10 65
2226 15 11 65
1561 15 12 65
147 17 8 66
5881 17 9 66
5380 17 10 66
1117 17 11 66
345 17 12 66
2604 19 8 67
3923 19 9 67
2621 19 10 67
2055 19 11 67
4359 19 12 67
1489 19 13 67
5194 18 8 67
6228 18 9 67
630 18 10 67
3550 18 11 67
5925 18 12 67
2279 18 13 67
1751 17 13 67
3312 16 13 67
2930 15 13 67
5936 14 13 67
3737 19 14 69
2091 18 14 69
1866 17 14 69
5825 16 14 69
3059 15 14 69
767 19 15 71
3251 18 15 71
2160 17 15 71
2901 16 15 71
321 15 15 71
5085 14 15 71
2627 13 15 71
2168 12 15 71
1822 11 15 71
5628 10 15 71
1596 9 15 71
509 8 15 71
953 7 15 71
5020 19 16 74
1776 18 16 74
5675 17 16 74
1849 16 16 74
939 15 16 74
638 14 16 74
5507 13 16 74
5405 12 16 74
2735 11 16 74
5915 10 16 74
569 9 16 74
3969 8 16 74
1548 7 16 74
193 19 17 77
702 18 17 77
3595 17 17 77
3373 16 17 77
1564 15 17 77
1875 14 17 77
5695 13 17 77
4654 12 17 77
5289 11 17 77
4190 10 17 77
128 9 17 77
476 8 17 77
1344 7 17 77
3962 19 18 79
5652 18 18 79
5263 17 18 79
5552 16 18 79
3443 15 18 79
4860 14 18 79
3822 13 18 79
2309 12 18 79
3320 11 18 79
4997 10 18 79
771 9 18 79
148 8 18 79
3286 7 18 79
4060 19 19 80
3371 18 19 80
3506 17 19 80
2566 16 19 80
6170 15 19 80
6176 14 19 80
3341 13 19 80
6164 12 19 80
3351 11 19 80
4888 10 19 80
1300 9 19 80
875 8 19 80
3984 7 19 80
1245 6 19 80
6207 6 18 80
4929 5 19 84
2266 5 18 84
3035 5 17 84
2423 5 16 84
4549 5 15 84
682 5 14 84
1424 5 13 84
4401 5 12 84
1746 5 11 84
2715 5 10 84
3196 4 19 86
6215 4 18 86
3002 4 17 86
3745 4 16 86
5067 4 15 86
1798 4 14 86
5003 4 13 86
1973 4 12 86
4893 4 11 86
5955 4 10 86
1417 3 19 87
1042 3 18 87
3398 3 17 87
4106 3 16 87
4995 3 15 87
5075 3 14 87
6284 3 13 87
1195 3 12 87
3344 3 11 87
1810 3 10 87
1100 2 19 89
3895 2 18 89
3816 2 17 89
5929 2 16 89
5711 2 15 89
1247 2 14 89
3589 2 13 89
5909 2 12 89
1462 2 11 89
4953 2 10 89
3999 9 11 91
5887 8 11 91
1885 1 19 92
4293 1 18 92
4744 1 17 92
350 1 16 92
6248 1 15 92
739 1 14 92
794 1 13 92
5789 1 12 92
2940 1 11 92
330 1 10 92
5578 0 19 93
792 0 18 93
4865 0 17 93
3921 0 16 93
4988 0 15 93
908 0 14 93
5875 0 13 93
1675 0 12 93
1757 0 11 93
4100 0 10 93
3449 0 9 93
1217 1 9 93
1784 2 9 93
2639 3 9 93
4506 4 9 93
4921 5 9 93
5505 5 8 93
1328 5 7 93
2254 5 6 93
4792 5 5 93
167 5 4 93
4385 5 3 93
605 5 2 93
2267 5 1 93
1988 15 8 93
434 15 9 93
817 15 10 93
3834 15 11 93
3216 15 12 93
5339 9 9 93
564 8 9 93
5365 17 3 93
1092 16 3 93
871 15 3 93
5172 14 3 93
1961 13 3 93
5771 12 3 93
3262 11 3 93
102 10 3 93
6193 9 3 93
3172 8 3 93
608 14 2 93
1817 13 2 93
2413 12 2 93
2902 11 2 93
4948 10 2 93
555 9 2 93
1060 8 2 93
2161 17 1 93
5152 16 1 93
536 15 1 93
4128 14 1 93
6190 13 1 93
5031 12 1 93
5943 11 1 93
3544 10 1 93
1993 9 1 93
1140 8 1 93
13675 milli sec 
point:451400
