764
2211 8 5 1
2096 9 4 1
722 9 5 1
2518 8 6 1
4958 5 10 1
1366 0 15 1
1854 0 14 1
483 0 13 1
2519 0 12 1
2827 2 16 1
506 2 15 1
94 1 15 1
3328 2 14 1
3000 1 14 1
4178 1 13 1
3829 1 12 1
1536 2 13 1
4431 2 12 1
4683 2 11 1
1728 2 10 1
2374 2 9 1
2944 0 11 1
3126 0 10 1
491 0 9 1
2825 0 8 1
1792 0 4 1
840 0 5 1
4424 0 6 1
3303 0 7 1
466 1 11 1
4075 1 10 1
3108 1 9 1
3890 1 8 1
4573 1 4 1
3187 1 5 1
2958 1 6 1
2897 1 7 1
1863 2 4 1
1809 2 5 1
2632 2 6 1
1190 2 7 1
278 2 8 1
2964 0 19 1
4559 0 18 1
479 0 16 1
3805 0 17 1
2814 1 19 1
1225 1 18 1
863 1 16 1
1576 1 17 1
2789 2 19 1
2454 2 18 1
3280 2 17 1
4025 3 19 1
4506 3 18 1
2448 3 17 1
2298 3 16 1
1495 3 15 1
1386 3 14 1
1282 3 13 1
1987 3 12 1
4383 3 11 1
1672 3 10 1
308 3 9 1
500 3 6 1
3048 3 7 1
3752 3 8 1
2075 6 19 1
185 5 19 1
1348 4 19 1
1718 6 14 1
4461 6 15 1
2140 6 16 1
2821 6 17 1
2185 6 18 1
4507 5 14 1
394 5 15 1
3999 5 16 1
524 5 17 1
2763 5 18 1
4830 4 18 1
230 4 17 1
781 4 16 1
4355 4 15 1
2742 4 14 1
2431 4 13 1
3704 4 12 1
3952 4 11 1
927 4 10 1
2582 4 9 1
120 4 5 1
145 4 6 1
4580 4 7 1
459 4 8 1
581 7 5 1
2404 7 6 1
3651 6 4 1
3343 6 5 1
2546 6 6 1
4582 3 5 1
4629 3 4 1
4880 0 0 1
3603 0 1 1
4865 0 2 1
2869 0 3 1
1300 1 0 1
535 1 1 1
2300 1 2 1
527 1 3 1
2256 2 0 1
726 2 1 1
2561 2 2 1
1332 2 3 1
3938 3 0 1
3681 3 1 1
1791 3 2 1
3146 3 3 1
34 4 0 1
3591 4 1 1
2531 4 2 1
3705 4 3 1
870 4 4 1
2533 8 4 1
4281 7 4 1
4503 8 3 1
551 7 3 1
2972 9 3 1
3435 9 2 1
4020 8 2 1
1180 7 2 1
1493 11 3 1
2917 10 3 1
1571 11 2 1
5009 10 2 1
4528 11 0 1
4443 11 1 1
2946 10 0 1
1580 10 1 1
4513 9 0 1
3085 9 1 1
3845 8 0 1
514 8 1 1
578 7 0 1
4759 7 1 1
3837 6 0 1
1168 6 1 1
1295 6 2 1
3479 6 3 1
399 5 0 1
319 5 1 1
2861 5 2 1
1157 5 3 1
2482 5 4 1
518 5 5 1
2209 5 6 1
789 5 7 1
2646 5 8 1
2434 5 9 1
1545 6 10 1
3393 6 7 1
780 6 8 1
3714 6 9 1
351 7 10 1
2722 7 7 1
4657 7 8 1
1405 7 9 1
3173 8 10 1
208 8 9 1
728 8 7 1
4272 8 8 1
1795 5 11 1
573 5 12 1
1939 5 13 1
1586 6 11 1
2491 6 12 1
310 6 13 1
2132 7 19 1
1932 7 18 1
2566 7 17 1
299 7 16 1
3563 7 15 1
2376 7 14 1
3409 7 11 1
1415 7 12 1
1455 7 13 1
277 12 19 1
1500 11 19 1
5024 10 19 1
2891 9 19 1
4453 8 19 1
2152 12 18 1
4179 11 18 1
1550 10 18 1
4442 9 18 1
2476 8 18 1
2006 12 17 1
3485 11 17 1
2741 10 17 1
3305 9 17 1
749 8 17 1
4843 8 16 1
1280 8 15 1
3940 8 14 1
865 8 13 1
894 8 12 1
3092 8 11 1
2452 12 16 1
2226 11 16 1
1520 10 16 1
1148 9 16 1
2572 12 15 1
2487 11 15 1
1983 10 15 1
4995 9 15 1
4835 9 14 1
4783 13 14 1
3051 12 14 1
276 11 14 1
5011 10 14 1
4906 13 13 1
3789 12 13 1
1590 11 13 1
3077 10 13 1
11 9 13 1
3352 13 12 1
4102 12 12 1
4143 11 12 1
2477 10 12 1
4910 9 12 1
4156 13 11 1
3468 12 11 1
1390 11 11 1
4840 10 11 1
1742 9 11 1
4361 13 9 1
1712 13 10 1
4324 12 9 1
635 12 10 1
2980 11 9 1
948 11 10 1
4033 10 9 1
3876 10 10 1
2983 9 10 1
2440 9 9 1
3799 9 8 1
1776 9 7 1
2886 9 6 1
4543 10 8 1
4147 10 7 1
2560 10 6 1
96 10 4 1
2341 10 5 1
3224 11 6 1
4579 11 4 1
1311 11 5 1
2368 11 8 1
2813 11 7 1
691 12 8 1
1873 12 7 1
1839 12 6 1
4148 14 2 1
155 14 3 1
1604 14 4 1
4275 13 2 1
3304 13 3 1
4360 13 4 1
3384 12 2 1
3197 12 3 1
3960 12 4 1
3396 12 5 1
4679 13 8 1
4653 13 7 1
769 13 6 1
2427 13 5 1
4079 16 10 1
3265 15 10 1
4492 14 10 1
2371 13 19 1
1600 13 18 1
3823 13 17 1
2863 13 16 1
2002 13 15 1
4583 14 19 1
2751 14 18 1
702 14 17 1
727 14 16 1
1516 14 15 1
2340 14 14 1
4372 14 11 1
4563 14 12 1
1470 14 13 1
1508 19 19 1
587 18 19 1
1638 17 19 1
2999 16 19 1
4504 15 19 1
956 19 18 1
51 18 18 1
1279 17 18 1
4008 16 18 1
2379 15 18 1
2939 15 17 1
116 15 16 1
2232 15 15 1
184 15 14 1
1566 15 11 1
3600 15 12 1
4586 15 13 1
621 16 15 1
4106 16 14 1
4622 16 13 1
175 16 12 1
2551 16 11 1
3641 16 17 1
1880 16 16 1
3942 19 17 1
3931 18 17 1
3228 17 17 1
3528 19 16 1
845 18 16 1
4465 17 16 1
4285 19 13 1
4839 19 14 1
3990 19 15 1
3756 18 13 1
2143 18 14 1
215 18 15 1
2174 17 15 1
1161 17 14 1
4885 17 13 1
3552 17 12 1
455 17 11 1
1803 17 10 1
2687 19 12 1
3334 18 12 1
3614 19 11 1
3335 18 11 1
2176 19 10 1
1737 18 10 1
3703 19 9 1
952 18 9 1
620 17 9 1
4231 16 9 1
1197 15 9 1
4952 14 9 1
3061 19 8 1
919 18 8 1
2467 17 8 1
1517 16 8 1
1205 15 8 1
3176 14 8 1
130 14 7 1
2826 14 6 1
741 14 5 1
3313 15 7 1
207 15 6 1
355 15 5 1
2580 16 7 1
1352 16 6 1
4514 16 5 1
3346 19 7 1
1819 18 7 1
3835 17 7 1
2020 19 6 1
1714 18 6 1
3533 17 6 1
4094 19 5 1
2465 18 5 1
1622 17 5 1
2680 19 4 1
1542 18 4 1
4291 17 4 1
763 16 4 1
4611 15 4 1
1412 19 0 1
3637 19 1 1
3315 19 2 1
4807 19 3 1
3452 17 0 1
4462 17 1 1
4670 17 2 1
3237 18 0 1
1146 18 1 1
2875 18 2 1
4837 18 3 1
903 17 3 1
530 16 3 1
4908 15 3 1
3098 16 2 1
4924 15 2 1
3924 16 1 1
3459 15 1 1
3166 14 1 1
560 13 1 1
3673 12 1 1
3434 16 0 1
4341 15 0 1
3192 14 0 1
537 13 0 1
3043 12 0 1
37 16 0 27
1866 15 0 27
1813 14 0 27
1964 13 0 27
856 16 1 29
4814 16 2 30
602 17 0 32
1534 17 1 32
2000 17 2 32
3338 18 0 32
4235 18 1 32
4338 18 2 32
1322 19 0 33
3811 19 1 33
2499 19 2 33
2125 19 3 33
3751 18 3 33
1123 17 3 33
4855 16 3 33
1782 19 4 35
579 18 4 35
4430 19 5 36
280 18 5 36
44 19 7 37
3438 18 7 37
3917 17 7 37
258 19 6 37
441 18 6 37
1138 17 6 37
3516 15 7 38
1644 15 6 38
3957 16 7 38
804 16 6 38
1359 19 8 40
2764 18 8 40
616 17 8 40
2224 16 8 40
370 15 8 40
298 19 11 41
4319 19 10 41
606 19 9 41
883 19 12 42
2184 18 12 42
3240 18 11 42
1128 18 13 43
2579 18 14 43
627 19 13 44
4197 19 14 44
2899 19 15 44
1812 18 15 44
2685 16 17 45
134 16 16 45
1627 19 17 45
2237 18 17 45
810 17 17 45
2790 19 16 45
1869 18 16 45
4452 17 16 45
3710 17 15 45
4473 17 14 45
473 17 13 45
454 17 12 45
2955 16 15 47
967 16 14 47
1053 15 11 48
4050 15 12 48
570 19 18 49
965 18 18 49
2655 17 18 49
20 16 18 49
423 14 11 50
3640 14 12 50
1159 19 19 50
1414 18 19 50
1996 17 19 50
3558 16 19 50
2398 15 19 50
2017 15 18 50
2552 15 17 50
2280 15 16 50
1054 15 15 50
3649 15 14 50
71 14 19 51
406 14 18 51
1682 14 17 51
3375 14 16 51
584 13 19 52
2496 13 18 52
4157 13 17 52
590 13 16 52
2882 13 15 52
4243 14 15 52
3331 14 14 52
3419 14 13 52
1340 15 13 52
151 16 13 52
4987 16 12 52
2095 16 11 52
4354 17 11 52
4996 17 10 52
2723 18 10 52
4562 18 9 52
4566 17 9 52
2317 16 9 52
1755 15 9 52
3318 16 10 53
1702 15 10 53
4046 14 10 53
2011 14 9 53
2284 14 8 53
4902 14 7 53
2418 14 6 53
2064 12 2 54
2101 12 3 54
4791 13 8 54
996 13 7 54
4290 13 6 54
1443 14 2 55
3739 14 3 55
2356 14 4 55
86 13 2 55
3250 13 3 55
2345 13 4 55
3145 12 4 55
3525 11 4 56
4116 11 8 56
4218 11 7 56
2378 12 8 56
2642 12 7 56
4520 12 6 56
2295 10 4 57
4063 11 6 57
1769 10 8 58
962 10 7 58
3774 11 9 59
4194 10 9 59
1094 13 9 60
4480 13 10 60
4408 12 9 60
3571 12 10 60
721 11 10 60
462 10 10 60
3529 13 12 61
3664 12 12 61
458 11 12 61
3683 10 12 61
4216 13 11 61
2788 12 11 61
511 11 11 61
1628 10 11 61
4805 13 13 62
503 12 13 62
262 11 13 62
4639 13 14 63
4396 12 14 63
371 11 14 63
3348 10 14 63
5010 12 15 64
2773 11 15 64
364 10 15 64
1077 12 16 65
745 11 16 65
2644 10 16 65
2714 9 16 65
3123 9 15 65
4499 9 14 65
389 10 13 65
4696 9 13 65
1823 9 12 65
4690 12 17 66
4599 11 17 66
3256 10 17 66
1733 9 17 66
234 12 18 68
2081 11 18 68
3817 10 18 68
2853 9 18 68
4674 12 19 69
1744 11 19 69
3947 10 19 69
40 9 19 69
3650 8 19 69
4273 8 18 69
1056 8 17 69
1547 8 16 69
201 8 15 69
284 8 14 69
765 7 11 70
1174 7 12 70
1686 7 19 71
414 7 18 71
1804 7 17 71
1947 7 16 71
986 7 15 71
3889 7 14 71
2270 5 11 72
557 5 12 72
231 5 13 72
2553 6 11 72
2350 6 12 72
2992 6 13 72
2117 7 13 72
4532 8 13 72
1170 8 12 72
4415 8 11 72
3378 8 7 73
2464 8 10 74
983 6 10 75
623 6 7 75
2621 6 8 75
4159 7 10 75
4282 7 7 75
1081 7 8 75
543 5 0 76
915 5 1 76
2036 5 2 76
782 6 0 77
4078 10 0 78
4634 9 0 78
2392 8 0 78
3437 7 0 78
1051 11 3 79
4440 10 3 79
1214 11 2 79
5019 10 2 79
2133 11 0 79
1537 11 1 79
4481 10 1 79
4876 9 1 79
1982 8 1 79
2805 9 3 80
1781 9 2 80
4210 8 2 80
3859 16 7 80
402 16 6 80
3686 8 4 81
2765 7 4 81
1265 8 3 81
24 7 3 81
3448 7 2 81
2923 7 1 81
3129 6 1 81
2674 6 2 81
2 6 3 81
3110 5 3 81
2214 3 0 82
663 3 1 82
182 3 2 82
2111 4 0 82
2082 4 1 82
2396 4 2 82
4980 2 0 83
2149 2 1 83
2187 2 2 83
3481 1 0 84
4326 1 1 84
336 1 2 84
3910 3 5 85
3413 3 4 85
4139 0 0 85
1856 0 1 85
3548 0 2 85
2012 0 3 85
1035 1 3 85
849 2 3 85
436 3 3 85
2385 4 5 86
4654 4 6 86
4735 4 7 86
1994 7 5 86
3928 7 6 86
2607 6 4 86
1676 6 5 86
4494 6 6 86
3930 19 9 86
4585 19 0 86
250 19 1 86
2038 19 2 86
110 19 3 86
2692 16 2 86
1489 19 16 87
1235 18 16 87
3541 19 10 87
2071 5 14 88
1825 5 15 88
2586 5 16 88
4138 5 17 88
4647 12 8 88
4463 19 6 88
658 18 6 88
1830 18 0 88
2660 18 1 88
1079 6 14 89
1799 6 15 89
3062 6 16 89
677 6 17 89
4607 6 18 89
814 5 18 89
2635 15 7 89
705 15 6 89
3283 3 6 90
4428 3 7 90
4379 6 19 90
2451 5 19 90
1371 4 19 90
2142 4 18 90
1356 4 17 90
4793 4 16 90
1173 4 15 90
1055 4 14 90
2263 4 13 90
2885 4 12 90
3125 4 11 90
4177 4 10 90
3556 4 9 90
1071 4 3 90
2023 4 4 90
1978 19 17 90
1339 18 17 90
2993 17 17 90
735 19 4 90
3598 18 4 90
1709 17 0 90
4612 17 1 90
2507 17 2 90
4158 18 2 90
2726 18 3 90
984 17 3 90
833 16 3 90
831 16 0 90
538 15 0 90
803 14 0 90
4310 13 0 90
3282 13 11 91
2998 12 11 91
931 11 11 91
253 10 11 91
413 18 19 91
3625 17 19 91
4896 16 19 91
1143 15 19 91
4905 3 19 92
4778 3 18 92
4260 5 4 92
3709 5 5 92
2818 5 6 92
1725 5 7 92
1308 14 2 92
240 14 3 92
1526 14 4 92
2495 13 2 92
417 13 3 92
799 13 4 92
4508 12 4 92
1296 15 10 92
3918 14 10 92
2223 14 17 92
2837 14 16 92
3667 18 18 92
2695 17 18 92
3907 16 18 92
1619 15 18 92
1958 15 17 92
2306 15 16 92
11299 milli sec 
point:416075
