738
5664 0 3 1
2092 0 4 1
4493 0 5 1
1335 0 6 1
1764 0 7 1
2843 0 8 1
3261 1 3 1
515 1 4 1
3120 1 5 1
5005 1 6 1
4898 1 7 1
1718 1 8 1
902 2 3 1
4050 2 4 1
4069 2 5 1
2603 2 6 1
5768 2 7 1
3897 2 8 1
5770 3 3 1
2413 3 4 1
5274 3 5 1
2942 3 6 1
4318 3 7 1
5432 3 8 1
5175 4 6 1
3881 4 7 1
2531 4 8 1
5769 5 6 1
2760 5 7 1
3431 5 8 1
4307 6 6 1
324 6 7 1
2674 6 8 1
864 4 3 1
172 4 4 1
248 4 5 1
2350 0 0 1
407 0 1 1
1155 0 2 1
2752 1 0 1
4206 1 1 1
649 1 2 1
798 2 0 1
3455 2 1 1
625 2 2 1
3857 3 0 1
3781 3 1 1
6293 3 2 1
5684 4 0 1
3823 4 1 1
6176 4 2 1
6238 5 0 1
4333 5 1 1
3527 5 2 1
5144 5 3 1
575 5 4 1
5818 5 5 1
1568 6 0 1
2326 6 1 1
3692 6 2 1
831 6 3 1
4824 6 4 1
998 6 5 1
923 7 0 1
321 7 1 1
5469 7 2 1
3629 7 3 1
4015 7 4 1
2647 7 5 1
58 7 6 1
5728 7 7 1
3653 7 8 1
330 8 0 1
5762 8 1 1
5814 8 2 1
1684 8 3 1
1745 8 4 1
3764 8 5 1
2698 8 6 1
1594 8 7 1
3195 8 8 1
5521 11 0 1
70 11 1 1
4145 11 2 1
3618 11 3 1
4304 11 4 1
4126 10 0 1
5341 10 1 1
6214 10 2 1
3591 10 3 1
2379 10 4 1
4988 9 0 1
1634 9 1 1
1014 9 2 1
5915 9 3 1
4843 9 4 1
1926 9 5 1
2192 9 6 1
5802 9 7 1
4922 9 8 1
5215 0 19 1
1541 0 18 1
1896 0 17 1
4983 0 16 1
3568 0 13 1
4999 0 14 1
3011 0 15 1
6035 1 19 1
3449 1 18 1
4205 1 17 1
3022 1 16 1
357 1 13 1
3981 1 14 1
2634 1 15 1
2367 2 19 1
5606 2 18 1
4139 2 17 1
2897 2 16 1
3836 2 13 1
1817 2 14 1
5955 2 15 1
4332 3 19 1
1244 3 18 1
5046 3 17 1
5434 3 16 1
1927 0 9 1
452 0 10 1
274 0 11 1
2421 0 12 1
3312 1 9 1
4599 1 10 1
1920 1 11 1
3456 1 12 1
1107 2 9 1
942 2 10 1
1144 2 11 1
3850 2 12 1
2685 3 9 1
2264 3 10 1
352 3 11 1
1468 3 12 1
1914 3 13 1
2479 3 14 1
2481 3 15 1
2878 4 19 1
624 4 18 1
1411 4 17 1
4876 4 16 1
361 4 9 1
645 4 10 1
4230 4 11 1
4964 4 12 1
1696 4 13 1
4133 4 14 1
883 4 15 1
979 5 19 1
2112 5 18 1
2810 5 17 1
1254 5 16 1
3437 5 15 1
4024 5 14 1
5269 5 13 1
3225 5 9 1
2358 5 10 1
1646 5 11 1
5988 5 12 1
5496 6 19 1
3827 6 18 1
1704 6 17 1
2344 6 16 1
4224 6 15 1
1241 6 14 1
3567 6 13 1
1628 6 9 1
2391 6 10 1
2280 6 11 1
1758 6 12 1
5625 12 19 1
1403 11 19 1
3487 10 19 1
4277 9 19 1
4075 8 19 1
3566 7 19 1
6132 12 18 1
5398 11 18 1
4471 10 18 1
3279 9 18 1
1236 8 18 1
3350 7 18 1
5473 12 17 1
819 11 17 1
907 10 17 1
5620 9 17 1
1410 8 17 1
3731 7 17 1
3793 13 19 1
2493 13 18 1
873 13 17 1
617 14 19 1
6215 14 18 1
3265 14 17 1
2025 15 19 1
3162 15 18 1
5151 15 17 1
3588 19 19 1
5695 18 19 1
3681 17 19 1
2549 16 19 1
4813 19 18 1
2325 18 18 1
5842 17 18 1
2781 16 18 1
3498 19 17 1
1898 18 17 1
5043 17 17 1
2605 16 17 1
3247 19 16 1
1308 18 16 1
1270 17 16 1
985 16 16 1
2714 15 16 1
168 14 16 1
6146 13 16 1
1802 12 16 1
4508 11 16 1
2120 10 16 1
1893 9 16 1
1312 8 16 1
2669 7 16 1
2587 19 10 1
5351 19 11 1
2957 19 12 1
3866 19 13 1
2667 19 14 1
1469 19 15 1
2189 18 10 1
5391 18 11 1
4000 18 12 1
1830 18 13 1
209 18 14 1
946 18 15 1
3757 17 10 1
433 17 11 1
1232 17 12 1
4191 17 13 1
3230 17 14 1
6255 17 15 1
3965 16 10 1
6204 16 11 1
5166 16 12 1
2574 16 13 1
396 16 14 1
1946 16 15 1
4900 15 14 1
1887 15 15 1
2925 14 14 1
4157 14 15 1
2608 13 14 1
4080 13 15 1
3733 12 14 1
4361 12 15 1
3465 11 15 1
1367 10 15 1
1079 9 15 1
1865 8 15 1
3416 7 15 1
2047 7 14 1
1581 7 13 1
2627 7 9 1
2565 7 10 1
2520 7 11 1
5715 7 12 1
5582 8 14 1
5004 8 13 1
3915 8 9 1
1470 8 10 1
6139 8 11 1
1450 8 12 1
2885 9 14 1
6099 9 13 1
3599 9 12 1
5489 9 11 1
2480 9 9 1
5338 9 10 1
219 10 14 1
2234 10 13 1
6024 10 12 1
59 10 11 1
4903 10 10 1
4326 10 9 1
5831 10 5 1
2640 10 6 1
2106 10 7 1
2762 10 8 1
3675 11 14 1
6056 11 13 1
2960 11 12 1
1361 11 11 1
3138 11 10 1
5234 11 9 1
3967 11 5 1
4392 11 6 1
1448 11 7 1
1065 11 8 1
6223 12 13 1
901 12 12 1
3012 12 11 1
597 12 10 1
4468 12 9 1
4832 12 8 1
4077 12 7 1
5650 12 6 1
5617 12 5 1
1825 12 4 1
1515 12 3 1
731 12 2 1
1499 12 1 1
1253 12 0 1
1915 13 10 1
1020 13 9 1
4313 13 8 1
2754 13 7 1
1857 13 6 1
1208 13 5 1
5197 13 4 1
4735 13 3 1
1994 13 2 1
3063 13 1 1
1449 13 0 1
2692 13 13 1
4734 13 12 1
5280 13 11 1
3038 14 13 1
5429 14 12 1
3803 14 11 1
1835 14 10 1
6108 14 9 1
2675 14 8 1
1989 14 7 1
223 14 6 1
2089 14 5 1
774 14 4 1
5354 14 3 1
1767 14 2 1
4953 14 1 1
4896 14 0 1
1987 15 13 1
2629 15 12 1
3179 15 11 1
3704 15 10 1
304 19 9 1
85 18 9 1
3461 17 9 1
984 16 9 1
2296 15 9 1
6236 19 8 1
2998 18 8 1
3296 17 8 1
1055 16 8 1
2883 15 8 1
3685 19 7 1
3983 18 7 1
4288 17 7 1
4012 16 7 1
630 15 7 1
6098 15 6 1
3745 15 5 1
4350 15 4 1
3743 15 3 1
4979 15 2 1
762 15 1 1
1069 15 0 1
4164 16 6 1
3626 16 5 1
5797 16 4 1
4885 16 3 1
3571 16 2 1
4624 16 1 1
5564 16 0 1
1998 17 6 1
4960 17 5 1
1969 17 4 1
5383 17 3 1
5054 17 2 1
743 17 1 1
5158 17 0 1
4118 19 6 1
194 18 6 1
2735 19 5 1
5225 18 5 1
3150 19 4 1
32 18 4 1
2333 19 3 1
213 18 3 1
3154 19 2 1
790 18 2 1
5304 19 1 1
2866 18 1 1
5922 19 0 1
3687 18 0 1
3795 19 0 26
3763 19 1 28
5557 19 3 29
5170 19 2 29
5397 19 4 30
5869 19 6 31
6090 18 6 31
1566 19 5 31
1373 18 5 31
5131 18 4 31
2307 18 3 31
2235 18 2 31
4902 18 1 31
17 17 6 33
3707 17 5 33
3362 17 4 33
5696 17 3 33
4108 17 2 33
5640 17 1 33
5139 16 6 34
878 16 5 34
796 16 4 34
3058 16 3 34
94 16 2 34
2008 16 1 34
3298 19 7 36
3025 18 7 36
1912 17 7 36
139 16 7 36
3693 19 8 37
5855 18 8 37
1191 17 8 37
5247 16 8 37
4175 15 13 39
1759 15 12 39
282 15 11 39
2816 15 10 39
1473 19 9 39
3410 18 9 39
4522 17 9 39
3496 16 9 39
1919 15 9 39
2334 15 8 39
5603 15 7 39
3590 15 6 39
1074 15 5 39
908 15 4 39
5889 15 3 39
6058 15 2 39
2894 15 1 39
1034 14 13 43
6261 14 12 43
3701 13 13 44
6218 13 12 44
1560 13 11 44
5516 14 11 44
4324 14 10 44
4713 14 9 44
2715 14 8 44
4530 14 7 44
4011 14 6 44
1836 14 5 44
5424 14 4 44
115 14 3 44
1590 14 2 44
836 14 1 44
5789 13 10 45
3097 13 9 45
5096 13 8 45
2281 13 7 45
244 13 6 45
1166 13 5 45
2126 13 4 45
3952 13 3 45
3684 13 2 45
5472 13 1 45
2464 11 5 48
5705 11 6 48
1256 11 7 48
4784 12 13 48
5070 12 12 48
3976 12 11 48
432 12 10 48
2756 12 9 48
4793 10 5 51
1882 10 6 51
2726 10 7 51
6137 11 14 51
435 11 13 51
6102 11 12 51
4826 11 11 51
1045 11 10 51
2187 11 9 51
4179 10 14 52
588 10 13 52
1414 10 12 52
3924 10 11 52
6174 9 14 53
1685 9 13 53
543 9 9 53
4644 8 14 54
603 8 13 54
2203 8 9 54
2825 8 10 54
1655 8 11 54
4048 7 9 55
5685 7 10 55
6240 7 11 55
969 14 14 56
910 13 14 56
2079 12 14 56
78 15 14 57
4696 16 10 58
3910 16 11 58
3867 16 12 58
268 16 13 58
15 16 14 58
591 17 10 60
3348 17 11 60
571 17 12 60
4094 17 13 60
2222 17 14 60
5272 18 10 62
1428 18 11 62
2500 18 12 62
2404 18 13 62
4416 18 14 62
3489 19 10 63
1635 19 11 63
4740 19 12 63
176 19 13 63
5494 19 14 63
5882 19 15 63
4391 18 15 63
538 19 16 66
5240 18 16 66
839 17 16 66
480 19 18 67
3917 18 18 67
2699 17 18 67
3818 19 17 67
519 18 17 67
3893 17 17 67
2671 14 19 68
5552 14 18 68
2970 15 19 68
4238 15 18 68
6180 19 19 68
4370 18 19 68
5941 17 19 68
4247 16 19 68
3148 16 18 68
2487 13 19 69
4768 13 18 69
6189 13 17 69
231 14 17 69
3648 15 17 69
5513 16 17 69
4021 16 16 69
142 15 16 69
3744 14 16 69
2940 13 16 69
5810 12 16 69
4364 11 16 69
5587 10 16 69
3550 9 16 69
461 8 16 69
3946 17 15 69
6044 12 17 70
5756 11 17 70
3201 10 17 70
741 9 17 70
1587 8 17 70
3679 12 19 71
4660 11 19 71
3173 10 19 71
5327 9 19 71
4022 8 19 71
5916 7 19 71
5378 12 18 71
2171 11 18 71
865 10 18 71
1463 9 18 71
5205 8 18 71
2208 7 18 71
3421 7 17 71
4293 7 16 71
3806 6 9 72
3039 6 10 72
112 6 11 72
930 5 9 74
388 5 10 74
320 5 11 74
6093 6 19 74
6049 6 18 74
4325 6 17 74
5402 6 16 74
5071 6 15 74
3830 6 14 74
403 6 13 74
3842 5 19 75
3057 5 18 75
5578 5 17 75
5008 5 16 75
854 4 9 76
4066 4 10 76
708 4 11 76
4503 4 12 76
4038 4 13 76
3611 4 14 76
2002 4 19 77
2009 4 18 77
6167 4 17 77
1314 4 16 77
2442 1 9 78
689 1 10 78
2904 1 11 78
3356 2 9 78
3264 2 10 78
2652 2 11 78
2779 3 9 78
160 3 10 78
4619 3 11 78
6195 0 9 79
1503 0 10 79
1580 0 11 79
1559 0 12 79
2094 1 12 79
5224 2 12 79
4589 3 12 79
174 3 13 79
2342 3 14 79
3376 19 2 79
922 2 13 80
276 2 14 80
5843 3 19 80
2913 3 18 80
3659 3 17 80
2446 3 16 80
1625 19 3 80
1652 1 13 81
2190 1 14 81
3811 2 19 81
4440 2 18 81
306 2 17 81
4323 2 16 81
5282 0 13 82
5439 0 14 82
1962 1 19 82
6082 1 18 82
3716 1 17 82
4270 1 16 82
3047 0 19 83
4798 0 18 83
1728 0 17 83
3440 0 16 83
2383 0 15 83
1993 1 15 83
479 2 15 83
5672 9 0 85
718 9 1 85
2601 9 2 85
6100 9 3 85
5873 19 9 85
967 18 9 85
1340 17 9 85
4727 16 9 85
6008 11 0 86
3813 11 1 86
4699 11 2 86
1873 11 3 86
941 11 4 86
3272 10 0 86
2441 10 1 86
2129 10 2 86
442 10 3 86
612 10 4 86
3576 9 4 86
4424 9 5 86
5438 9 6 86
730 9 7 86
1422 8 0 87
2836 8 1 87
1063 8 2 87
3236 8 3 87
566 8 4 87
2407 8 5 87
3124 8 6 87
473 8 7 87
3780 7 0 88
4536 7 1 88
947 7 2 88
4414 7 3 88
4655 7 4 88
2026 6 0 89
3785 6 1 89
2052 6 2 89
2472 6 3 89
1145 6 4 89
5423 19 5 89
1907 18 6 90
3019 5 0 91
4753 5 1 91
3612 4 0 92
1999 4 1 92
893 19 0 92
2251 12 14 93
2860 9 13 93
3368 9 9 93
3613 19 7 93
1013 18 7 93
2204 17 7 93
1279 16 7 93
1788 16 5 93
4949 16 4 93
1542 16 3 93
1724 16 2 93
3260 16 1 93
564 18 5 93
1211 19 4 93
5132 18 4 93
4373 2 0 94
613 2 1 94
5289 3 0 94
3838 3 1 94
3530 13 14 94
3517 14 10 94
5732 14 9 94
2974 14 8 94
1457 14 7 94
1095 14 6 94
6259 14 5 94
4111 14 4 94
1087 14 3 94
3085 14 2 94
74 14 1 94
5060 17 6 94
2048 17 5 94
13971 milli sec 
point:446650
