749
2899 0 8 1
3336 0 7 1
4143 0 6 1
1061 0 5 1
3913 0 4 1
775 0 3 1
5211 0 2 1
2385 0 1 1
985 0 0 1
4343 1 8 1
2652 1 7 1
3370 1 6 1
5300 1 5 1
4561 1 4 1
4563 1 3 1
5197 1 2 1
4112 1 1 1
2023 1 0 1
1129 2 8 1
2079 2 7 1
1390 2 6 1
1971 2 5 1
2379 2 4 1
2734 2 3 1
2182 2 2 1
2774 2 1 1
1610 2 0 1
2613 3 8 1
1900 3 7 1
2280 3 6 1
1865 3 5 1
5299 3 4 1
4145 3 3 1
481 3 2 1
2570 3 1 1
1240 3 0 1
2772 0 14 1
2331 0 13 1
5020 0 12 1
1041 0 11 1
3765 0 10 1
2204 0 9 1
3649 1 14 1
4851 1 13 1
5191 1 12 1
4596 1 11 1
2738 1 10 1
5051 1 9 1
5236 2 14 1
4771 2 13 1
5087 2 12 1
289 2 11 1
3100 2 10 1
1737 2 9 1
1828 3 14 1
1027 3 13 1
3841 3 12 1
3562 3 11 1
1587 3 10 1
4861 3 9 1
4400 0 19 1
2452 0 18 1
2049 0 17 1
3502 0 16 1
2578 0 15 1
5263 1 19 1
2897 1 18 1
2503 1 17 1
3732 1 16 1
2019 1 15 1
1374 2 19 1
4134 2 18 1
925 2 17 1
5212 2 16 1
3479 2 15 1
500 3 19 1
477 3 18 1
2767 3 17 1
1977 3 16 1
2099 3 15 1
3216 11 19 1
2985 10 19 1
5009 9 19 1
1479 8 19 1
2704 7 19 1
458 6 19 1
4965 5 19 1
3223 4 19 1
4801 11 18 1
1549 10 18 1
3240 9 18 1
5305 8 18 1
239 7 18 1
4120 6 18 1
1265 5 18 1
2735 4 18 1
351 11 17 1
1203 10 17 1
1939 9 17 1
754 8 17 1
4993 7 17 1
3876 6 17 1
4490 5 17 1
585 4 17 1
52 11 16 1
1582 10 16 1
1060 9 16 1
4458 8 16 1
3018 7 16 1
2376 6 16 1
1302 5 16 1
1912 4 16 1
2720 12 19 1
2965 12 18 1
2862 12 17 1
1409 12 16 1
1694 13 19 1
3407 13 18 1
635 13 17 1
3969 13 16 1
2336 14 19 1
1908 14 18 1
3056 14 17 1
4738 14 16 1
1873 15 19 1
5268 15 18 1
3233 15 17 1
471 15 16 1
5471 19 19 1
825 18 19 1
5368 17 19 1
572 16 19 1
2467 19 18 1
3863 18 18 1
1944 17 18 1
2034 16 18 1
5185 19 17 1
1901 18 17 1
4268 17 17 1
795 16 17 1
3415 19 16 1
2342 18 16 1
228 17 16 1
873 16 16 1
523 19 15 1
260 18 15 1
2448 17 15 1
5012 16 15 1
530 15 15 1
1958 14 15 1
1300 13 15 1
1037 12 15 1
2273 11 15 1
1709 10 15 1
3123 9 15 1
5193 8 15 1
4881 7 15 1
4166 6 15 1
3096 5 15 1
4742 4 15 1
2681 19 9 1
2524 19 10 1
784 19 11 1
1519 19 12 1
536 19 13 1
1497 19 14 1
3963 18 9 1
1981 18 10 1
5121 18 11 1
604 18 12 1
5261 18 13 1
4607 18 14 1
2722 17 9 1
1680 17 10 1
4534 17 11 1
3023 17 12 1
4366 17 13 1
781 17 14 1
4796 16 9 1
3944 16 10 1
2131 16 11 1
1801 16 12 1
4936 16 13 1
4129 16 14 1
800 15 9 1
3465 15 10 1
2636 15 11 1
2927 15 12 1
4479 15 13 1
2018 15 14 1
1437 14 9 1
226 14 10 1
4555 14 11 1
4905 14 12 1
4619 14 13 1
2468 14 14 1
1642 13 14 1
5144 12 14 1
1719 11 14 1
1291 10 14 1
1569 9 14 1
989 8 14 1
2220 7 14 1
3857 6 14 1
762 5 14 1
3895 4 14 1
3352 13 9 1
3799 13 10 1
1803 13 11 1
1561 13 12 1
4521 13 13 1
1140 19 8 1
1206 18 8 1
1186 17 8 1
3912 16 8 1
1851 15 8 1
5396 14 8 1
3706 13 8 1
4477 19 7 1
5063 18 7 1
4449 17 7 1
3993 16 7 1
249 15 7 1
4104 14 7 1
2948 13 7 1
1832 19 6 1
3823 18 6 1
1670 17 6 1
401 16 6 1
3780 15 6 1
838 14 6 1
4304 13 6 1
2107 19 5 1
4423 18 5 1
2231 17 5 1
217 16 5 1
1505 19 0 1
2976 19 1 1
1753 19 2 1
4420 19 3 1
4832 19 4 1
5254 18 0 1
1672 18 1 1
4902 18 2 1
1889 18 3 1
2878 18 4 1
2723 17 0 1
3112 17 1 1
3085 17 2 1
468 17 3 1
3798 17 4 1
3471 16 0 1
3378 16 1 1
4425 16 2 1
4673 16 3 1
1813 16 4 1
2172 15 0 1
4470 15 1 1
1575 15 2 1
580 15 3 1
699 15 4 1
3577 15 5 1
87 14 0 1
143 14 1 1
4836 14 2 1
3497 14 3 1
28 14 4 1
5201 14 5 1
1556 13 0 1
5279 13 1 1
453 13 2 1
3414 13 3 1
716 13 4 1
4485 13 5 1
3026 12 0 1
1030 12 1 1
2088 12 2 1
4019 12 3 1
2422 12 4 1
3197 12 5 1
4604 12 6 1
4800 12 7 1
2594 12 8 1
3971 12 9 1
2966 12 10 1
1403 12 11 1
3979 12 12 1
4966 12 13 1
1762 11 0 1
5022 11 1 1
5000 11 2 1
4855 11 3 1
5327 11 4 1
134 11 5 1
1067 11 6 1
633 11 7 1
230 11 8 1
2051 11 9 1
595 11 10 1
1433 11 11 1
4684 11 12 1
5147 11 13 1
409 10 0 1
2013 10 1 1
3128 10 2 1
1661 10 3 1
467 10 4 1
3166 10 5 1
3450 10 6 1
5008 10 7 1
2983 10 8 1
2607 10 9 1
5364 10 10 1
3655 10 11 1
3750 10 12 1
1251 10 13 1
3396 9 0 1
901 9 1 1
1301 9 2 1
2446 9 3 1
2588 9 4 1
405 9 5 1
2244 9 6 1
3605 9 7 1
857 9 8 1
1142 9 9 1
243 9 10 1
2496 9 11 1
4826 9 12 1
1792 9 13 1
1244 8 9 1
1773 8 10 1
742 8 11 1
3931 8 12 1
828 8 13 1
4910 7 13 1
1608 6 13 1
5289 5 13 1
2447 4 13 1
4402 7 12 1
79 6 12 1
4106 5 12 1
783 4 12 1
2403 7 11 1
554 6 11 1
2082 5 11 1
3038 4 11 1
1742 7 10 1
5253 6 10 1
4142 5 10 1
336 4 10 1
5234 7 9 1
63 6 9 1
3275 5 9 1
4444 4 9 1
362 8 8 1
5027 7 8 1
4168 6 8 1
4945 5 8 1
1992 4 8 1
77 8 7 1
678 7 7 1
1075 6 7 1
1880 5 7 1
5057 4 7 1
3505 8 6 1
4050 7 6 1
2351 6 6 1
2551 5 6 1
5311 4 6 1
4445 4 5 1
770 4 4 1
987 4 3 1
5413 4 2 1
2569 4 1 1
3585 4 0 1
4376 8 5 1
5130 7 5 1
116 6 5 1
1540 5 5 1
3690 8 4 1
1309 7 4 1
4218 6 4 1
700 5 4 1
4570 8 3 1
4062 7 3 1
404 6 3 1
66 5 3 1
5455 8 2 1
4837 7 2 1
4872 6 2 1
4538 5 2 1
3305 8 1 1
931 7 1 1
920 6 1 1
4300 5 1 1
1213 8 0 1
3446 7 0 1
3355 6 0 1
1146 5 0 1
1937 8 0 27
3825 7 0 27
5230 6 0 27
3844 8 1 28
906 7 1 28
5387 6 1 28
5270 8 2 29
1155 7 2 29
2427 6 2 29
1744 8 3 30
3959 7 3 30
4999 6 3 30
1154 8 5 33
4126 7 5 33
1033 6 5 33
1288 5 5 33
5349 8 4 33
3403 7 4 33
5062 6 4 33
3195 5 4 33
1079 5 3 33
2345 5 2 33
3117 5 1 33
2080 8 6 36
3711 7 6 36
92 6 6 36
5373 5 6 36
3297 8 7 38
4250 7 7 38
200 6 7 38
4835 5 7 38
71 7 9 39
1570 6 9 39
4572 5 9 39
508 8 8 39
1404 7 8 39
3035 6 8 39
1842 5 8 39
3348 7 10 40
589 6 10 40
4916 5 10 40
1082 7 12 41
3617 6 12 41
5015 5 12 41
1117 7 11 41
4799 6 11 41
462 5 11 41
5365 8 9 42
3542 8 10 42
2742 8 11 42
2714 8 12 42
1591 9 0 44
2368 9 1 44
2261 9 2 44
3569 9 3 44
1671 9 4 44
4371 9 5 44
4303 9 6 44
2317 9 7 44
3877 9 8 44
4058 9 9 44
4700 9 10 44
1911 9 11 44
4488 9 12 44
3870 10 0 47
5381 10 1 47
4998 10 2 47
1482 10 3 47
3140 10 4 47
2711 10 5 47
169 10 6 47
4766 10 7 47
3058 10 8 47
3256 10 9 47
5434 10 10 47
3292 10 11 47
5398 10 12 47
4927 11 0 51
1611 11 1 51
2783 11 2 51
4502 11 3 51
2214 11 4 51
1592 11 5 51
2709 11 6 51
3589 11 7 51
223 11 8 51
913 11 9 51
2800 11 10 51
866 11 11 51
3419 11 12 51
2378 12 0 54
2358 12 1 54
2816 12 2 54
592 12 3 54
4060 12 4 54
19 13 0 55
5019 13 1 55
2006 13 2 55
3847 13 3 55
2824 13 4 55
4760 14 0 56
5155 14 1 56
2181 14 2 56
4989 14 3 56
4923 14 4 56
1919 15 0 57
4687 15 1 57
4211 15 2 57
5297 15 3 57
1401 16 0 58
5107 16 1 58
2435 16 2 58
1870 16 3 58
713 17 0 60
1735 17 1 60
3387 17 2 60
4307 17 3 60
2609 18 0 61
3795 18 1 61
2102 18 2 61
1750 18 3 61
4517 19 0 62
3600 19 1 62
12 19 2 62
3272 19 3 62
2535 19 4 62
967 18 4 62
3839 17 4 62
2611 16 4 62
5342 15 4 62
1125 19 5 63
492 18 5 63
3551 17 5 63
371 16 5 63
3587 15 5 63
3974 14 5 63
5124 19 7 64
4156 18 7 64
473 17 7 64
1855 16 7 64
2727 15 7 64
3481 14 7 64
1898 19 6 64
4978 18 6 64
573 17 6 64
567 16 6 64
4791 15 6 64
969 14 6 64
757 19 8 65
5215 18 8 65
4806 17 8 65
305 16 8 65
2218 15 8 65
3248 14 8 65
3641 13 8 65
3855 13 7 65
2567 13 9 66
2050 13 10 66
1594 13 11 66
2804 13 12 66
3603 13 13 66
303 14 9 69
4889 14 10 69
322 14 11 69
1008 14 12 69
3990 14 13 69
4363 15 9 70
5120 15 10 70
636 15 11 70
1876 15 12 70
277 15 13 70
776 17 9 71
2695 17 10 71
2921 17 11 71
2606 17 12 71
2521 17 13 71
1107 16 9 71
3514 16 10 71
4599 16 11 71
4564 16 12 71
2252 16 13 71
2792 18 9 72
2014 18 10 72
5477 18 11 72
3660 18 12 72
3288 18 13 72
1277 19 9 73
1278 19 10 73
3896 19 11 73
3484 19 12 73
1183 19 13 73
3794 19 14 73
241 18 14 73
702 17 14 73
3758 16 14 73
3148 15 14 73
3077 14 14 73
741 13 14 73
3351 12 14 73
306 11 14 73
1299 10 14 73
3930 9 14 73
156 8 14 73
926 7 14 73
1917 6 14 73
5141 5 14 73
3361 19 15 75
3065 18 15 75
1320 17 15 75
2777 19 17 76
1470 18 17 76
4105 17 17 76
402 19 16 76
2979 18 16 76
4964 17 16 76
5348 19 19 77
3135 18 19 77
3796 17 19 77
5302 16 19 77
3642 19 18 77
683 18 18 77
1859 17 18 77
2604 16 18 77
2464 16 17 77
4750 15 19 78
4897 15 18 78
3774 15 17 78
4072 8 8 78
3640 7 8 78
1287 6 8 78
4733 5 8 78
975 7 2 78
3561 6 2 78
1743 14 19 80
1822 14 18 80
4441 14 17 80
3005 13 19 81
1886 13 18 81
547 13 17 81
2365 12 19 82
278 12 18 82
4263 12 17 82
2371 12 16 82
1477 13 16 82
2860 14 16 82
4462 11 16 83
3543 10 16 83
5245 9 16 83
571 8 16 83
2432 7 16 83
1659 6 16 83
3658 5 16 83
3237 11 17 84
3859 10 17 84
1007 9 17 84
3141 8 17 84
4740 7 17 84
1029 6 17 84
3747 5 17 84
1951 11 19 87
3554 10 19 87
350 9 19 87
4647 8 19 87
2322 7 19 87
4874 6 19 87
1539 5 19 87
5378 4 19 87
3967 11 18 87
2615 10 18 87
2584 9 18 87
2810 8 18 87
186 7 18 87
2164 6 18 87
2634 5 18 87
4140 4 18 87
170 4 17 87
685 4 16 87
4870 8 7 87
4483 7 7 87
3187 6 7 87
605 5 7 87
1016 8 4 87
2699 7 4 87
3125 6 4 87
2266 3 19 88
3595 3 18 88
867 3 17 88
1475 3 16 88
1775 1 19 89
436 1 18 89
111 1 17 89
4324 1 16 89
550 2 19 89
2457 2 18 89
2530 2 17 89
4547 2 16 89
4697 0 19 90
3534 0 18 90
1243 0 17 90
1631 0 16 90
112 0 15 90
4677 1 15 90
3129 8 3 90
1439 7 3 90
2478 6 3 90
389 3 14 91
4110 3 13 91
2470 3 12 91
3490 3 11 91
574 3 10 91
1435 2 15 91
3380 3 15 91
2048 6 1 91
3878 2 14 93
760 2 13 93
714 2 12 93
3175 2 11 93
255 2 10 93
1257 17 1 93
3801 17 2 93
520 17 3 93
3485 11 3 93
1236 11 4 93
1376 11 5 93
3 11 6 93
4591 11 7 93
195 11 8 93
1660 11 9 93
1885 11 10 93
2737 11 11 93
2743 11 12 93
2176 10 1 93
1829 10 2 93
2793 10 3 93
378 10 4 93
2632 10 5 93
812 10 6 93
1327 10 7 93
5266 10 8 93
612 10 9 93
1152 10 10 93
5040 10 11 93
4065 10 12 93
3694 7 5 93
3701 6 5 93
2038 5 5 93
3567 5 4 93
253 5 3 93
4595 5 2 93
12265 milli sec 
point:424475
