761
5065 6 8 1
2249 6 7 1
5288 6 6 1
3171 6 5 1
627 6 4 1
3620 6 3 1
1453 6 2 1
5009 6 1 1
916 6 0 1
4463 7 8 1
176 7 7 1
486 7 6 1
91 7 5 1
2936 7 4 1
384 7 3 1
2464 7 2 1
3602 7 1 1
1876 7 0 1
1978 8 11 1
473 8 10 1
1622 8 9 1
4243 8 8 1
5411 8 7 1
2991 8 6 1
1674 8 5 1
2766 8 4 1
1443 8 3 1
4545 8 2 1
3317 8 1 1
1077 8 0 1
204 9 11 1
3321 9 10 1
3027 9 9 1
1267 9 8 1
1835 9 7 1
3836 9 6 1
1556 9 5 1
263 9 4 1
621 9 3 1
3899 9 2 1
2353 9 1 1
4924 9 0 1
3020 10 13 1
803 10 12 1
3546 10 11 1
2059 10 10 1
1129 10 9 1
3367 10 8 1
900 10 7 1
2231 10 6 1
5463 10 5 1
13 10 4 1
5502 10 3 1
3100 10 2 1
2196 10 1 1
549 10 0 1
1505 6 19 1
5299 6 18 1
3277 6 17 1
4611 6 16 1
4022 6 15 1
909 0 19 1
1473 0 18 1
3993 0 17 1
2132 0 16 1
4560 0 15 1
2871 0 14 1
4130 0 0 1
1221 0 1 1
4546 0 2 1
5524 0 3 1
4926 0 4 1
4516 0 5 1
3743 0 6 1
1156 0 7 1
4122 0 8 1
708 0 9 1
4069 0 10 1
1761 0 11 1
1517 0 12 1
2475 0 13 1
1874 1 19 1
3183 1 18 1
1616 1 17 1
3872 1 16 1
2539 1 15 1
2863 1 14 1
2495 1 0 1
4023 1 1 1
2559 1 2 1
4666 1 3 1
694 1 4 1
3480 1 5 1
3689 1 6 1
512 1 7 1
5465 1 8 1
2008 1 9 1
5466 1 10 1
5215 1 11 1
4443 1 12 1
1749 1 13 1
2460 2 19 1
2264 2 18 1
2646 2 17 1
711 2 16 1
4442 2 15 1
572 2 14 1
4389 2 0 1
5233 2 1 1
3877 2 2 1
1060 2 3 1
891 2 4 1
1487 2 5 1
1915 2 6 1
3617 2 7 1
3756 2 8 1
2069 2 9 1
43 2 10 1
4884 2 11 1
1945 2 12 1
197 2 13 1
4820 3 19 1
4260 3 18 1
1100 3 17 1
5590 3 16 1
188 3 15 1
2680 3 14 1
3303 3 0 1
4793 3 1 1
5304 3 2 1
5507 3 3 1
4379 3 4 1
5607 3 5 1
3129 3 6 1
1854 3 7 1
3750 3 8 1
808 3 9 1
2384 3 10 1
4397 3 11 1
2293 3 12 1
4558 3 13 1
4658 4 19 1
3501 4 18 1
1352 4 17 1
2482 4 16 1
3257 4 15 1
1823 4 14 1
1828 4 0 1
2056 4 1 1
4390 4 2 1
1099 4 3 1
4915 4 4 1
563 4 5 1
5198 4 6 1
911 4 7 1
4085 4 8 1
593 4 9 1
3505 4 10 1
859 4 11 1
958 4 12 1
674 4 13 1
3143 5 19 1
2332 5 18 1
5014 5 17 1
929 5 16 1
1802 5 15 1
3641 5 14 1
5070 5 0 1
4279 5 1 1
4559 5 2 1
2720 5 3 1
3601 5 4 1
559 5 5 1
2902 5 6 1
5024 5 7 1
775 5 8 1
468 5 9 1
3976 5 10 1
1090 5 11 1
1150 5 12 1
5280 5 13 1
1017 6 9 1
637 6 10 1
3108 6 11 1
5354 6 12 1
4264 6 13 1
3734 6 14 1
1202 7 19 1
2077 7 18 1
5269 7 17 1
2031 7 16 1
2628 7 15 1
5332 7 9 1
3527 7 10 1
5460 7 11 1
72 7 12 1
5032 7 13 1
2058 7 14 1
4487 8 19 1
4977 8 18 1
2204 8 17 1
4221 8 16 1
2579 8 15 1
536 8 12 1
1516 8 13 1
1747 8 14 1
2828 9 19 1
1712 9 18 1
4720 9 17 1
4726 9 16 1
4029 9 15 1
670 9 12 1
4271 9 13 1
1495 9 14 1
2411 10 19 1
3355 10 18 1
201 10 17 1
2327 10 16 1
5092 10 15 1
5543 10 14 1
4316 11 19 1
3135 11 18 1
3357 11 17 1
817 11 16 1
434 11 15 1
1178 11 14 1
193 12 19 1
3416 12 18 1
387 12 17 1
2520 12 16 1
5089 12 15 1
328 12 14 1
622 13 19 1
3960 13 18 1
3441 13 17 1
5339 13 16 1
826 13 15 1
4138 13 14 1
1742 19 19 1
638 18 19 1
2829 17 19 1
5127 16 19 1
5055 15 19 1
2966 14 19 1
2110 19 18 1
217 18 18 1
111 17 18 1
5560 16 18 1
4139 15 18 1
5298 14 18 1
1294 19 17 1
3485 18 17 1
404 17 17 1
4285 16 17 1
3147 15 17 1
848 14 17 1
2044 19 16 1
1474 18 16 1
5609 17 16 1
3890 16 16 1
5307 15 16 1
4732 14 16 1
1879 19 15 1
5122 18 15 1
5343 17 15 1
625 16 15 1
1405 15 15 1
4796 14 15 1
3258 19 14 1
857 18 14 1
1847 17 14 1
5133 16 14 1
2568 15 14 1
3694 14 14 1
1339 19 13 1
4352 18 13 1
4849 17 13 1
5141 16 13 1
2710 15 13 1
728 14 13 1
5390 13 13 1
4070 12 13 1
5406 11 13 1
2999 19 12 1
219 18 12 1
3841 17 12 1
609 16 12 1
3806 15 12 1
5005 14 12 1
1158 13 12 1
4738 12 12 1
3494 11 12 1
3642 19 11 1
4758 18 11 1
3091 17 11 1
2838 16 11 1
1567 15 11 1
4320 14 11 1
5539 13 11 1
1004 12 11 1
4568 11 11 1
3085 19 10 1
361 18 10 1
1251 17 10 1
1450 16 10 1
4571 15 10 1
1918 14 10 1
4775 13 10 1
1218 12 10 1
2769 11 10 1
5395 19 0 1
3137 19 1 1
4491 19 2 1
4799 19 3 1
4935 19 4 1
2373 19 5 1
2032 19 6 1
678 19 7 1
1849 19 8 1
2980 19 9 1
1695 18 0 1
2259 18 1 1
1227 18 2 1
3539 18 3 1
230 18 4 1
3780 18 5 1
1939 18 6 1
815 18 7 1
5582 18 8 1
2830 18 9 1
3090 17 0 1
1046 17 1 1
425 17 2 1
335 17 3 1
5564 17 4 1
3800 17 5 1
1396 17 6 1
4703 17 7 1
3628 17 8 1
2299 17 9 1
945 16 0 1
62 16 1 1
5111 16 2 1
2566 16 3 1
2345 16 4 1
1911 16 5 1
5584 16 6 1
3092 16 7 1
5377 16 8 1
1551 16 9 1
3979 13 0 1
408 13 1 1
4292 13 2 1
5480 13 3 1
5128 13 4 1
698 13 5 1
2992 14 0 1
3716 14 1 1
5156 14 2 1
992 14 3 1
1512 14 4 1
3247 14 5 1
3942 15 0 1
4478 15 1 1
2918 15 2 1
290 15 3 1
3735 15 4 1
3233 15 5 1
5434 15 6 1
905 15 7 1
3676 15 8 1
2342 15 9 1
4281 14 9 1
2116 13 9 1
1059 12 9 1
4520 11 9 1
3625 14 8 1
556 13 8 1
4536 12 8 1
112 11 8 1
2754 14 7 1
1347 13 7 1
4753 12 7 1
327 11 7 1
5384 14 6 1
3871 13 6 1
2134 12 6 1
3682 11 6 1
56 12 5 1
3523 11 5 1
3448 12 4 1
5205 11 4 1
5030 12 3 1
5438 11 3 1
4270 12 2 1
4005 11 2 1
4329 12 1 1
2740 11 1 1
3388 12 0 1
3706 11 0 1
3326 12 0 26
662 12 1 27
1112 12 2 28
2837 12 5 29
1878 12 4 29
3469 12 3 29
1445 14 6 30
1157 13 6 30
1941 12 6 30
3390 14 7 32
4803 13 7 32
692 12 7 32
4702 14 8 33
2804 13 8 33
4811 12 8 33
3218 15 0 36
4184 15 1 36
1814 15 2 36
4922 15 3 36
1361 15 4 36
2536 14 0 37
2669 14 1 37
3081 14 2 37
804 14 3 37
2750 14 4 37
4313 13 0 41
2153 13 1 41
3947 13 2 41
3042 13 3 41
766 13 4 41
2019 13 5 41
1057 14 5 41
1214 15 5 41
982 15 6 41
995 15 7 41
5096 15 8 41
2485 16 0 43
1846 16 1 43
4649 16 2 43
3854 16 3 43
2560 16 4 43
3342 16 5 43
3366 16 6 43
5228 16 7 43
3597 16 8 43
3677 17 0 45
1337 17 1 45
2726 17 2 45
3987 17 3 45
2090 17 4 45
2147 17 5 45
4199 17 6 45
2419 17 7 45
4886 17 8 45
2672 18 0 47
315 18 1 47
3099 18 2 47
4984 18 3 47
1504 18 4 47
5397 18 5 47
1985 18 6 47
105 18 7 47
2604 18 8 47
5569 19 0 48
5152 19 1 48
4212 19 2 48
5417 19 3 48
1029 19 4 48
2510 19 5 48
5445 19 6 48
3061 19 7 48
806 19 8 48
2023 19 9 48
4262 18 9 48
491 17 9 48
2448 16 9 48
3619 19 10 49
5159 18 10 49
8 17 10 49
947 16 10 49
5512 15 10 49
816 14 10 49
2213 13 10 49
1718 12 10 49
4693 15 9 49
1198 14 9 49
4788 13 9 49
5455 12 9 49
391 19 11 52
3209 18 11 52
4800 17 11 52
2362 16 11 52
2193 15 11 52
2562 14 11 52
2961 13 11 52
4907 12 11 52
4486 19 12 53
354 18 12 53
3473 17 12 53
2381 16 12 53
1385 15 12 53
349 14 12 53
949 13 12 53
2742 12 12 53
4912 19 14 54
4761 18 14 54
3076 17 14 54
4739 16 14 54
83 15 14 54
4929 19 13 54
2893 18 13 54
4588 17 13 54
1258 16 13 54
3189 15 13 54
2322 19 15 56
251 18 15 56
2105 17 15 56
2402 16 15 56
3599 15 15 56
1833 19 16 57
2931 18 16 57
1739 17 16 57
594 16 16 57
1706 15 16 57
5529 19 17 58
4263 18 17 58
5166 17 17 58
5389 16 17 58
789 15 17 58
95 19 18 59
1353 18 18 59
5333 17 18 59
567 16 18 59
1728 15 18 59
1298 19 19 60
53 18 19 60
451 17 19 60
3038 16 19 60
4237 15 19 60
1303 14 19 60
5458 14 18 60
3022 14 17 60
270 14 16 60
222 14 15 60
5477 13 19 62
31 13 18 62
994 13 17 62
307 13 16 62
3996 13 15 62
2376 12 19 63
4276 12 18 63
1762 12 17 63
4098 12 16 63
2471 12 15 63
882 11 19 64
1499 11 18 64
1535 11 17 64
1131 11 16 64
4517 11 15 64
1440 10 19 65
1248 10 18 65
4529 10 17 65
1492 10 16 65
5084 10 15 65
4356 8 12 66
261 8 13 66
5157 9 19 66
3062 9 18 66
2929 9 17 66
710 9 16 66
5125 9 15 66
5108 9 12 66
2927 9 13 66
3236 8 19 68
2428 8 18 68
3584 8 17 68
2277 8 16 68
1926 8 15 68
3884 7 19 69
3954 7 18 69
919 7 17 69
4853 7 16 69
4197 7 15 69
4003 7 9 69
1042 7 10 69
4345 7 11 69
4046 7 12 69
1470 7 13 69
1355 6 9 70
1797 6 10 70
5344 6 11 70
782 6 12 70
1844 12 2 70
2825 12 3 71
5175 12 4 72
596 5 19 73
1001 5 18 73
3034 5 17 73
3392 5 16 73
2180 5 15 73
1913 5 14 73
2218 5 0 73
3572 5 1 73
50 5 2 73
2113 5 3 73
4590 5 4 73
3708 5 5 73
742 5 6 73
1750 5 7 73
1730 5 8 73
4150 5 9 73
1205 5 10 73
2613 5 11 73
2425 5 12 73
673 4 0 75
5071 4 1 75
4668 4 2 75
1428 4 3 75
2682 4 4 75
2430 4 5 75
1480 4 6 75
4966 4 7 75
5558 4 8 75
3914 4 9 75
4377 4 10 75
1389 4 11 75
1462 4 12 75
2565 4 19 76
1805 4 18 76
2225 4 17 76
634 4 16 76
5437 4 15 76
4505 4 14 76
3088 3 0 79
3635 3 1 79
3012 3 2 79
706 3 3 79
5001 3 4 79
3848 3 5 79
2736 3 6 79
2382 3 7 79
1984 3 8 79
2455 3 9 79
652 3 10 79
4556 3 11 79
5080 3 12 79
1264 3 19 80
4228 3 18 80
780 3 17 80
4786 3 16 80
155 3 15 80
3707 3 14 80
2752 13 6 80
2642 12 6 80
743 2 0 82
4597 2 1 82
2593 2 2 82
4531 2 3 82
2004 2 4 82
4033 2 5 82
1509 2 6 82
2390 2 7 82
4887 2 8 82
3139 2 9 82
161 2 10 82
1815 2 11 82
310 2 12 82
4512 2 19 83
1613 2 18 83
1550 2 17 83
4071 2 16 83
1069 2 15 83
4449 2 14 83
4215 13 1 83
4161 13 2 83
2787 13 3 83
4462 13 4 83
2974 13 5 83
2270 14 0 85
1448 14 1 85
1558 14 2 85
767 14 3 85
24 14 4 85
687 1 0 86
4628 1 1 86
3761 1 2 86
4419 1 3 86
3113 1 4 86
1593 1 5 86
5559 1 6 86
3786 1 7 86
5414 1 8 86
4540 1 9 86
5369 1 10 86
2996 1 11 86
38 1 12 86
558 12 1 86
3661 1 19 87
3916 1 18 87
3140 1 17 87
613 1 16 87
2164 1 15 87
4676 1 14 87
5532 19 13 89
3917 18 13 89
996 17 13 89
4385 16 13 89
1160 15 13 89
3049 0 0 90
3922 0 1 90
4947 0 2 90
1393 0 3 90
3199 0 4 90
1235 0 5 90
5093 0 6 90
145 0 7 90
3252 0 8 90
3261 0 9 90
3198 0 10 90
4155 0 11 90
73 0 12 90
1403 0 19 91
961 0 18 91
484 0 17 91
4643 0 16 91
5398 0 15 91
779 0 14 91
4684 0 13 91
4524 1 13 91
2964 6 19 92
1447 6 18 92
1491 6 17 92
4369 6 16 92
5100 6 15 92
4078 16 1 92
86 16 2 92
1607 16 3 92
3875 16 4 92
1667 16 5 92
3235 16 6 92
5527 16 7 92
4843 16 8 92
3205 9 12 93
3598 9 13 93
3842 17 14 93
4209 16 14 93
3031 15 14 93
2711 6 11 94
1810 6 12 94
4430 13 16 94
4898 13 15 94
4623 17 17 94
5387 16 17 94
5542 15 17 94
527 18 16 94
5494 17 16 94
1688 16 16 94
3946 15 16 94
3384 17 12 94
4328 16 12 94
4539 15 12 94
12590 milli sec 
point:445775
