743
3054 2 2 1
2133 2 1 1
4648 2 0 1
1457 0 0 1
2208 0 1 1
695 0 2 1
1523 0 3 1
4859 1 0 1
3031 1 1 1
3334 1 2 1
816 1 3 1
3091 0 7 1
2940 0 6 1
5063 0 5 1
6097 0 4 1
3808 1 7 1
2173 1 6 1
2109 1 5 1
5462 1 4 1
2165 5 7 1
208 4 7 1
45 3 7 1
2295 2 7 1
103 5 6 1
1476 4 6 1
226 3 6 1
490 2 6 1
350 2 5 1
2199 2 4 1
4451 2 3 1
5832 3 5 1
2934 3 4 1
2150 3 3 1
4700 3 2 1
3939 3 1 1
5812 3 0 1
5449 4 5 1
2136 4 4 1
5529 7 7 1
4118 6 7 1
3797 7 6 1
5793 6 6 1
3778 6 5 1
724 5 5 1
3580 8 7 1
3534 8 6 1
5805 0 9 1
3663 0 8 1
5845 1 9 1
514 1 8 1
1502 0 11 1
731 0 10 1
482 1 11 1
963 1 10 1
864 2 11 1
1887 2 10 1
4533 2 9 1
4044 2 8 1
5414 3 11 1
4362 3 10 1
4890 3 9 1
2102 3 8 1
2867 4 11 1
3932 4 10 1
207 4 9 1
4345 4 8 1
638 0 16 1
4405 0 15 1
5431 0 12 1
437 0 13 1
3323 0 14 1
3350 1 16 1
4989 1 15 1
2361 1 12 1
3874 1 13 1
3617 1 14 1
2026 2 12 1
658 2 13 1
3820 2 14 1
4508 2 15 1
3560 2 16 1
2935 3 12 1
5176 3 13 1
376 3 14 1
5232 3 15 1
1017 3 16 1
136 0 19 1
5300 0 18 1
2733 0 17 1
4382 1 19 1
2745 1 18 1
4864 1 17 1
2900 2 19 1
869 2 18 1
112 2 17 1
282 3 19 1
1631 3 18 1
1843 3 17 1
4419 4 19 1
2391 4 18 1
1870 4 17 1
4863 4 12 1
2770 4 13 1
5835 4 14 1
5479 4 15 1
1048 4 16 1
1422 5 17 1
1517 5 16 1
5764 5 12 1
5240 5 13 1
3328 5 14 1
931 5 15 1
2205 6 17 1
1077 6 16 1
5688 6 12 1
4005 6 13 1
4606 6 14 1
5495 6 15 1
4369 5 19 1
5216 5 18 1
2467 6 19 1
1149 6 18 1
4201 8 19 1
2854 7 19 1
2456 8 18 1
2149 7 18 1
3077 8 17 1
5021 7 17 1
5428 9 15 1
807 9 16 1
3382 8 15 1
5341 8 16 1
2062 7 16 1
3586 7 15 1
5510 9 19 1
800 9 18 1
3351 9 17 1
96 10 19 1
982 10 18 1
2763 10 17 1
4403 11 19 1
2481 11 18 1
5888 11 17 1
19 12 19 1
5620 12 18 1
2521 15 19 1
372 14 19 1
5765 13 19 1
4628 15 18 1
606 14 18 1
1914 13 18 1
2673 19 19 1
3935 18 19 1
1467 17 19 1
5396 16 19 1
2930 19 18 1
4951 18 18 1
2757 17 18 1
5891 16 18 1
3110 19 15 1
1736 19 16 1
4376 19 17 1
5960 18 15 1
1129 18 16 1
582 18 17 1
2444 17 15 1
5551 17 16 1
105 17 17 1
1508 16 15 1
5952 16 16 1
667 16 17 1
4159 15 15 1
4463 15 16 1
2640 15 17 1
1402 14 15 1
5718 14 16 1
4089 14 17 1
5274 13 17 1
4387 12 17 1
4558 13 16 1
673 12 16 1
518 11 16 1
4719 10 16 1
1339 13 15 1
812 12 15 1
4033 11 15 1
4079 10 15 1
1153 11 14 1
3694 10 14 1
1965 9 14 1
256 8 14 1
3770 7 14 1
3644 13 14 1
100 12 14 1
1507 13 12 1
3495 13 13 1
388 12 12 1
2571 12 13 1
2948 11 12 1
608 11 13 1
1808 10 12 1
865 10 13 1
4158 9 12 1
5557 9 13 1
5780 8 13 1
203 7 13 1
1174 8 12 1
945 7 12 1
4458 9 11 1
4791 8 11 1
1253 7 11 1
687 6 11 1
3154 5 11 1
1385 9 10 1
3100 8 10 1
4294 7 10 1
1593 6 10 1
3795 5 10 1
2160 5 9 1
4553 5 8 1
5967 6 9 1
1779 6 8 1
573 7 9 1
5339 7 8 1
1052 8 9 1
2560 8 8 1
3295 9 9 1
3772 9 8 1
3111 9 7 1
5095 9 6 1
3466 19 14 1
3310 18 14 1
4600 17 14 1
3175 16 14 1
2264 15 14 1
4482 14 14 1
5066 19 13 1
5309 18 13 1
3024 17 13 1
4721 16 13 1
3962 15 13 1
3398 14 13 1
3386 19 9 1
1134 19 10 1
4624 19 11 1
426 19 12 1
4789 18 9 1
1705 18 10 1
2912 18 11 1
962 18 12 1
3893 16 9 1
3 16 10 1
4941 17 9 1
4659 17 10 1
2209 17 11 1
5023 17 12 1
6068 16 12 1
2339 15 12 1
2139 14 12 1
3002 16 11 1
507 15 11 1
3876 14 11 1
3621 13 11 1
1878 12 11 1
4510 11 11 1
2170 10 11 1
5139 15 10 1
2494 14 10 1
4738 13 10 1
5323 12 10 1
1121 11 10 1
1727 10 10 1
2263 15 9 1
1178 14 9 1
5753 13 9 1
3360 12 9 1
5515 11 9 1
3403 10 9 1
1057 11 8 1
3187 10 8 1
5883 11 7 1
5466 10 7 1
1658 11 6 1
3041 10 6 1
1308 11 5 1
5266 10 5 1
4066 9 5 1
2720 8 5 1
4609 7 5 1
2072 13 8 1
2795 12 8 1
3964 13 7 1
246 12 7 1
269 15 8 1
2098 14 8 1
3667 15 7 1
4683 14 7 1
4588 15 6 1
3424 14 6 1
556 13 6 1
5874 12 6 1
2473 14 5 1
5673 13 5 1
511 12 5 1
1330 14 4 1
4936 13 4 1
2490 12 4 1
1124 15 5 1
5645 16 8 1
1766 16 7 1
1670 16 6 1
2838 16 5 1
2611 17 8 1
2969 17 7 1
5699 19 8 1
959 18 8 1
3352 19 7 1
5049 18 7 1
4841 19 6 1
3465 18 6 1
6020 17 6 1
219 19 5 1
2608 18 5 1
6081 17 5 1
3737 19 4 1
333 18 4 1
5057 17 4 1
125 16 4 1
3523 15 4 1
3579 19 0 1
1519 19 1 1
920 19 2 1
3916 19 3 1
3997 18 0 1
587 18 1 1
3511 18 2 1
2270 18 3 1
1836 17 3 1
4067 16 3 1
3141 15 3 1
1927 14 3 1
4012 13 3 1
4393 12 3 1
3968 17 0 1
2437 17 1 1
1483 17 2 1
4572 16 0 1
5368 16 1 1
2130 16 2 1
3326 15 0 1
4266 15 1 1
3236 15 2 1
5755 14 0 1
2425 14 1 1
2906 14 2 1
3312 13 0 1
184 13 1 1
2845 13 2 1
5104 12 0 1
4715 12 1 1
2417 12 2 1
5507 11 0 1
1565 11 1 1
3139 11 2 1
5798 11 3 1
4566 11 4 1
5728 10 0 1
2937 10 1 1
4573 10 2 1
3238 10 3 1
2923 10 4 1
5492 9 4 1
2793 8 4 1
4208 7 4 1
4173 6 4 1
3774 5 4 1
798 9 0 1
1602 9 1 1
5548 9 2 1
4343 9 3 1
4293 8 0 1
187 8 1 1
3695 8 2 1
4850 8 3 1
1407 7 0 1
5537 7 1 1
5811 7 2 1
3931 7 3 1
6104 6 3 1
4333 5 3 1
591 4 3 1
1218 4 2 1
5481 4 1 1
2895 4 0 1
502 6 2 1
127 5 2 1
4862 6 1 1
3130 5 1 1
1750 6 0 1
190 5 0 1
4112 6 1 27
1568 6 0 27
3675 6 2 28
5576 5 2 28
2450 5 1 28
4301 7 0 31
770 7 1 31
5697 7 2 31
5028 9 0 32
4593 9 1 32
1776 9 2 32
1974 9 3 32
264 8 0 32
1700 8 1 32
3493 8 2 32
4803 8 3 32
787 7 3 32
5294 6 3 32
2508 10 0 35
2172 10 1 35
2200 10 2 35
4297 10 3 35
2301 11 0 36
4964 11 1 36
5349 12 0 37
3455 12 1 37
740 15 0 38
3991 15 1 38
3267 14 0 38
3073 14 1 38
3425 13 0 38
1030 13 1 38
2617 17 0 39
3069 17 1 39
2586 17 2 39
5376 16 0 39
3196 16 1 39
5191 16 2 39
6021 15 2 39
2843 14 2 39
2587 13 2 39
947 18 0 41
3723 18 1 41
612 18 2 41
1539 19 0 42
2416 19 1 42
1233 19 2 42
4506 19 3 42
5314 18 3 42
1318 17 3 42
5776 16 3 42
4245 19 4 43
918 18 4 43
5924 19 6 44
2747 19 5 44
403 18 5 44
2251 19 8 45
2219 18 8 45
6074 19 7 45
3508 18 7 45
3450 18 6 45
5097 16 8 46
5873 16 7 46
5044 16 6 46
3279 17 8 46
651 17 7 46
4047 17 6 46
252 14 4 47
2272 13 4 47
2509 15 5 47
2094 16 5 47
218 17 5 47
3849 17 4 47
253 16 4 47
3690 15 4 47
4952 15 3 47
1023 14 3 47
2529 13 3 47
999 15 7 48
3683 15 6 48
5867 14 5 48
4495 13 5 48
1300 13 7 49
1557 15 8 49
5155 14 8 49
5652 14 7 49
5239 14 6 49
10 13 6 49
5593 13 8 50
5600 12 8 50
3276 12 7 50
1874 12 6 50
950 12 5 50
4759 12 4 50
4011 11 8 51
4635 11 7 51
5528 11 6 51
6029 11 5 51
5189 15 9 53
4096 14 9 53
1399 13 9 53
630 12 9 53
1695 11 9 53
5689 15 10 55
109 14 10 55
2558 13 10 55
2460 12 10 55
4370 11 10 55
5482 16 11 56
4752 15 11 56
3474 16 9 57
2453 16 10 57
284 17 9 57
2527 17 10 57
5134 17 11 57
1473 18 9 58
1229 18 10 58
3169 18 11 58
4019 19 9 59
2886 19 10 59
1555 19 11 59
4704 19 12 59
5524 18 12 59
1571 17 12 59
3157 16 12 59
2147 15 12 59
900 19 13 60
81 18 13 60
2675 17 13 60
4807 16 13 60
456 15 13 60
821 19 14 61
5183 18 14 61
813 17 14 61
2561 16 14 61
6034 15 14 61
5402 14 14 61
742 14 13 61
3967 14 12 61
4875 14 11 61
522 13 11 61
4103 12 11 61
805 11 11 61
2378 10 11 61
4889 10 10 61
3209 10 9 61
3480 10 8 61
889 10 7 61
1706 9 9 62
1691 6 9 63
2512 7 9 63
2962 8 9 63
4167 9 10 65
4226 8 10 65
2028 7 10 65
4080 6 10 65
1167 6 2 65
2470 5 2 65
2225 9 12 66
5628 8 12 66
2134 9 11 66
1701 8 11 66
3007 13 12 67
2601 13 13 67
3502 12 12 67
1430 11 12 67
5546 10 12 67
1551 13 15 68
1361 12 15 68
3249 11 15 68
3358 11 14 68
5469 13 14 68
1898 12 14 68
5843 12 13 68
4616 11 13 68
2950 10 13 68
5091 9 13 68
4171 8 13 68
1459 14 15 69
5146 14 16 69
1799 13 16 69
3575 15 15 70
5058 15 16 70
3528 6 0 70
2185 17 15 71
4770 17 16 71
405 16 15 71
1932 16 16 71
2461 19 15 72
4868 19 16 72
2432 19 17 72
4869 18 15 72
4585 18 16 72
2000 18 17 72
1323 17 17 72
4561 19 18 74
1904 18 18 74
4534 17 18 74
5450 8 0 74
671 8 1 74
4389 8 2 74
2241 15 18 75
1584 14 18 75
1488 19 19 75
1424 18 19 75
4029 17 19 75
4661 16 19 75
2315 16 18 75
2206 16 17 75
5606 15 17 75
4292 14 17 75
2080 11 19 76
754 11 18 76
2876 12 19 76
4338 12 18 76
643 15 19 76
1366 14 19 76
4685 13 19 76
5324 13 18 76
3922 13 17 76
1672 9 19 77
4707 9 18 77
2799 9 17 77
5853 10 19 77
837 10 18 77
4117 10 17 77
3843 11 17 77
1328 8 15 78
1075 8 18 79
1271 8 17 79
1286 9 15 79
6055 9 16 79
3353 8 16 79
5638 5 19 80
113 5 18 80
74 6 19 80
1140 6 18 80
2005 8 19 80
2582 7 19 80
3546 7 18 80
613 7 17 80
306 7 16 80
1978 11 5 80
4052 6 17 81
4397 6 16 81
450 6 12 81
5587 6 13 81
1954 6 14 81
2420 5 12 82
3520 5 13 82
4795 5 14 82
4592 5 17 83
640 4 12 84
2060 4 13 84
1952 4 14 84
2159 4 15 84
99 15 5 84
5941 3 19 85
3010 3 18 85
2386 4 19 85
6099 4 18 85
3472 11 6 85
1820 16 0 85
4899 16 1 85
653 2 19 86
5297 2 18 86
1846 1 19 87
3208 1 18 87
3815 13 8 87
283 12 8 87
5436 3 12 88
1429 3 13 88
3420 3 14 88
1564 3 15 88
583 0 19 88
4290 0 18 88
885 0 17 88
4980 1 17 88
5120 2 17 88
689 3 17 88
5993 4 17 88
4837 18 1 88
3078 18 2 88
5439 19 5 89
2545 18 5 89
622 1 16 90
4946 1 15 90
2303 1 12 90
5567 1 13 90
1877 2 12 90
5590 2 13 90
2372 11 7 90
3331 19 7 90
2036 17 0 90
4478 17 1 90
1510 17 2 90
2961 16 2 90
1890 13 0 90
1921 13 1 90
2984 9 0 90
2401 9 1 90
5984 9 2 90
4703 9 3 90
1005 0 16 91
5607 0 15 91
1960 0 12 91
4665 0 13 91
965 0 14 91
771 1 14 91
904 2 14 91
4122 2 15 91
1212 2 16 91
766 3 16 91
2802 4 16 91
3513 5 16 91
5769 15 8 91
4276 14 8 91
4202 14 0 91
3864 14 1 91
2367 8 9 92
2031 12 0 92
4020 12 1 92
4737 4 11 93
760 4 10 93
4443 4 9 93
4238 13 7 93
101 12 7 93
202 17 8 93
71 17 7 93
971 11 0 93
1971 11 1 93
3518 10 1 93
3672 10 2 93
5531 10 3 93
3707 6 1 93
1666 1 11 94
1962 2 11 94
2342 3 11 94
4092 3 10 94
58 3 9 94
4259 5 15 94
4608 6 15 94
793 7 15 94
13262 milli sec 
point:448450
