best-score: 770005
count: 1
elapsed-time: 4.982
436
29 25 28 26 27 25 28 24
30 24 30 25 29 25 29 24
24 25 23 24 24 23 25 24
24 24 25 24 25 25 24 25
23 23 23 24 24 24 24 23
22 22 23 23 22 24 21 23
28 23 29 23 29 24 28 24
30 23 29 24 28 23 29 22
31 23 31 24 30 24 30 23
31 25 30 24 31 23 32 24
32 25 31 25 31 24 32 24
31 26 30 25 31 24 32 25
30 26 30 25 31 25 31 26
31 27 30 26 31 25 32 26
30 28 31 28 31 27 30 27
31 29 30 30 29 29 30 28
32 28 32 29 31 29 31 28
24 26 23 27 22 26 23 25
23 26 23 25 24 25 24 26
22 27 21 26 22 25 23 26
21 27 21 26 22 26 22 27
20 26 21 25 22 26 21 27
20 25 21 25 21 26 20 26
32 27 32 26 31 26 31 27
33 28 32 29 31 28 32 27
24 31 25 31 25 30 24 30
23 30 24 29 25 30 24 31
23 29 24 29 24 30 23 30
21 24 21 25 22 25 22 24
22 23 23 24 22 25 21 24
21 22 21 23 22 23 22 22
27 19 27 20 26 20 26 19
30 22 30 23 29 23 29 22
28 22 29 23 30 22 29 21
28 21 29 21 29 22 28 22
29 20 28 21 27 20 28 19
33 27 33 28 32 28 32 27
18 27 19 27 19 28 18 28
23 34 24 34 24 33 23 33
23 35 22 35 22 34 23 34
25 35 24 36 23 35 24 34
35 24 35 25 34 25 34 24
36 23 37 24 36 25 35 24
35 23 36 23 36 24 35 24
37 23 36 24 35 23 36 22
38 22 39 23 38 24 37 23
38 23 37 23 37 22 38 22
39 24 39 23 38 23 38 24
38 25 37 24 38 23 39 24
37 25 37 24 38 24 38 25
36 26 35 25 36 24 37 25
35 26 35 25 36 25 36 26
34 26 35 26 35 27 34 27
34 28 33 27 34 26 35 27
29 34 28 33 29 32 30 33
29 33 30 33 30 34 29 34
30 32 31 33 30 34 29 33
29 31 29 32 30 32 30 31
31 31 30 32 29 31 30 30
32 32 32 31 31 31 31 32
32 34 31 33 32 32 33 33
33 26 34 25 35 26 34 27
33 25 34 25 34 26 33 26
33 23 32 24 33 25 34 24
22 20 22 19 23 19 23 20
23 21 22 20 23 19 24 20
24 21 23 21 23 20 24 20
28 32 29 32 29 33 28 33
31 30 31 31 30 31 30 30
33 30 32 31 31 30 32 29
18 24 17 23 18 22 19 23
19 22 18 21 19 20 20 21
18 23 19 23 19 22 18 22
17 24 18 24 18 23 17 23
16 23 17 22 18 23 17 24
15 22 15 23 16 23 16 22
28 34 29 34 29 35 28 35
27 33 28 32 29 33 28 34
27 34 27 33 28 33 28 34
34 23 33 22 34 21 35 22
33 24 34 23 35 24 34 25
32 23 32 24 33 24 33 23
31 22 32 23 31 24 30 23
32 22 32 23 31 23 31 22
31 21 32 22 31 23 30 22
30 21 31 21 31 22 30 22
32 21 31 22 30 21 31 20
33 21 33 22 32 22 32 21
34 22 33 23 32 22 33 21
35 21 35 22 34 22 34 21
36 20 37 21 36 22 35 21
36 21 35 21 35 20 36 20
22 36 21 35 22 34 23 35
21 36 21 35 22 35 22 36
20 37 21 36 22 37 21 38
21 37 21 38 20 38 20 37
22 18 21 17 22 16 23 17
21 18 21 17 22 17 22 18
20 17 21 16 22 17 21 18
20 16 21 16 21 17 20 17
21 15 20 16 19 15 20 14
20 15 20 14 21 14 21 15
22 15 21 16 20 15 21 14
27 14 28 14 28 15 27 15
16 24 15 23 16 22 17 23
38 26 37 25 38 24 39 25
39 26 38 26 38 25 39 25
37 26 38 27 39 26 38 25
36 27 37 27 37 26 36 26
35 28 36 28 36 27 35 27
34 29 33 28 34 27 35 28
33 29 33 28 34 28 34 29
32 30 33 30 33 29 32 29
33 31 32 32 31 31 32 30
19 21 18 22 17 21 18 20
20 22 20 21 19 21 19 22
20 24 19 23 20 22 21 23
20 23 21 23 21 24 20 24
19 24 18 23 19 22 20 23
19 25 19 24 20 24 20 25
18 26 19 25 20 26 19 27
17 27 18 27 18 26 17 26
17 25 16 26 17 27 18 26
16 25 17 25 17 26 16 26
18 25 17 26 16 25 17 24
19 26 18 25 19 24 20 25
20 27 20 26 19 26 19 27
21 28 20 29 19 28 20 27
20 28 20 27 21 27 21 28
19 29 20 29 20 28 19 28
19 32 20 33 19 34 18 33
23 16 23 17 22 17 22 16
24 38 25 38 25 39 24 39
16 21 17 20 18 21 17 22
16 20 17 20 17 21 16 21
15 21 16 20 17 21 16 22
37 28 36 29 35 28 36 27
38 28 37 28 37 27 38 27
37 29 36 28 37 27 38 28
36 30 37 30 37 29 36 29
19 17 20 16 21 17 20 18
29 15 28 14 29 13 30 14
24 12 23 13 24 14 25 13
25 12 25 13 24 13 24 12
25 14 24 13 25 12 26 13
26 14 25 14 25 13 26 13
27 13 28 14 27 15 26 14
23 14 24 14 24 13 23 13
23 12 22 13 23 14 24 13
22 12 23 12 23 13 22 13
22 14 21 13 22 12 23 13
23 15 22 16 21 15 22 14
24 37 25 38 24 39 23 38
23 37 24 37 24 38 23 38
22 38 21 37 22 36 23 37
23 36 23 37 22 37 22 36
24 35 24 36 23 36 23 35
25 36 24 37 23 36 24 35
25 37 24 37 24 36 25 36
26 38 25 39 24 38 25 37
35 33 35 32 36 32 36 33
37 33 36 34 35 33 36 32
37 34 36 34 36 33 37 33
38 34 38 35 37 35 37 34
39 33 38 34 37 33 38 32
39 34 38 34 38 33 39 33
40 33 39 34 38 33 39 32
39 28 38 29 37 28 38 27
39 29 38 29 38 28 39 28
24 15 23 16 22 15 23 14
26 15 25 16 24 15 25 14
27 16 26 15 27 14 28 15
26 16 26 15 27 15 27 16
26 17 25 17 25 16 26 16
34 19 33 18 34 17 35 18
33 20 34 19 35 20 34 21
34 20 34 21 33 21 33 20
35 19 35 20 34 20 34 19
36 18 37 19 36 20 35 19
36 19 35 19 35 18 36 18
37 20 36 21 35 20 36 19
19 16 19 15 20 15 20 16
18 15 19 14 20 15 19 16
18 14 19 14 19 15 18 15
16 14 17 15 18 14 17 13
17 14 17 15 16 15 16 14
18 13 18 14 17 14 17 13
19 12 20 13 19 14 18 13
34 32 35 33 34 34 33 33
33 14 32 15 31 14 32 13
34 13 34 14 33 14 33 13
35 14 34 15 33 14 34 13
35 15 34 15 34 14 35 14
36 16 35 15 36 14 37 15
36 15 37 15 37 16 36 16
37 14 38 15 37 16 36 15
38 13 38 14 37 14 37 13
21 12 20 13 21 14 22 13
20 12 21 12 21 13 20 13
19 13 20 12 21 13 20 14
18 12 18 13 19 13 19 12
15 33 14 33 14 32 15 32
18 17 19 16 20 17 19 18
18 16 19 16 19 17 18 17
17 16 17 15 18 15 18 16
16 17 15 16 16 15 17 16
15 17 16 17 16 18 15 18
14 16 14 17 15 17 15 16
14 18 13 17 14 16 15 17
13 18 13 17 14 17 14 18
12 19 13 18 14 19 13 20
12 18 13 18 13 19 12 19
36 31 37 32 36 33 35 32
35 30 36 29 37 30 36 31
34 31 33 30 34 29 35 30
35 31 35 32 34 32 34 31
37 31 36 32 35 31 36 30
38 31 38 32 37 32 37 31
39 30 38 31 37 30 38 29
36 35 36 36 35 36 35 35
36 37 35 36 36 35 37 36
37 37 36 37 36 36 37 36
36 38 35 37 36 36 37 37
35 38 35 37 36 37 36 38
35 39 34 39 34 38 35 38
33 39 32 38 33 37 34 38
38 20 37 19 38 18 39 19
38 21 37 21 37 20 38 20
39 22 38 23 37 22 38 21
14 20 13 20 13 19 14 19
14 22 13 21 14 20 15 21
14 21 15 21 15 22 14 22
15 20 16 21 15 22 14 21
16 19 15 20 14 19 15 18
15 19 16 19 16 20 15 20
17 19 16 20 15 19 16 18
18 19 18 20 17 20 17 19
17 18 18 19 17 20 16 19
35 34 36 35 37 34 36 33
34 33 34 34 35 34 35 33
33 32 34 31 35 32 34 33
32 33 33 33 33 32 32 32
31 34 30 33 31 32 32 33
40 32 40 33 39 33 39 32
38 19 38 18 39 18 39 19
37 18 38 17 39 18 38 19
37 17 38 17 38 18 37 18
35 17 36 18 37 17 36 16
34 18 35 18 35 17 34 17
33 19 34 19 34 18 33 18
32 20 33 19 34 20 33 21
32 19 33 19 33 20 32 20
39 36 39 35 38 35 38 36
40 35 39 36 38 35 39 34
13 16 14 15 15 16 14 17
40 36 39 37 38 36 39 35
40 37 39 37 39 36 40 36
40 34 40 35 39 35 39 34
41 33 40 34 39 33 40 32
41 34 40 34 40 33 41 33
38 16 37 15 38 14 39 15
39 17 39 16 38 16 38 17
40 15 39 16 38 15 39 14
40 16 39 16 39 15 40 15
30 20 30 21 29 21 29 20
31 19 32 20 31 21 30 20
30 19 31 19 31 20 30 20
31 18 32 19 31 20 30 19
32 18 32 19 31 19 31 18
33 17 34 18 33 19 32 18
32 17 33 17 33 18 32 18
31 16 32 17 31 18 30 17
31 17 30 17 30 16 31 16
30 18 31 17 32 18 31 19
25 34 24 35 23 34 24 33
34 30 34 31 33 31 33 30
35 29 34 30 33 29 34 28
26 37 26 38 25 38 25 37
25 15 24 15 24 14 25 14
24 16 25 15 26 16 25 17
20 19 19 20 18 19 19 18
19 19 19 18 20 18 20 19
18 18 19 19 18 20 17 19
17 17 17 18 18 18 18 17
16 16 16 17 17 17 17 16
15 15 15 16 16 16 16 15
14 14 15 15 14 16 13 15
15 14 15 15 14 15 14 14
13 14 14 15 15 14 14 13
13 13 14 13 14 14 13 14
21 20 20 19 21 18 22 19
22 21 21 22 20 21 21 20
23 22 23 21 22 21 22 22
25 22 24 23 23 22 24 21
13 23 14 24 15 23 14 22
14 23 14 24 13 24 13 23
15 24 14 23 15 22 16 23
15 25 15 24 16 24 16 25
39 21 38 22 37 21 38 20
39 20 38 21 37 20 38 19
36 17 35 18 36 19 37 18
35 16 35 17 36 17 36 16
33 16 34 17 35 16 34 15
34 16 34 17 33 17 33 16
33 15 34 14 35 15 34 16
32 16 33 16 33 15 32 15
31 15 32 16 31 17 30 16
30 15 30 14 31 14 31 15
29 16 30 16 30 15 29 15
29 14 28 15 29 16 30 15
30 13 30 14 29 14 29 13
16 13 15 14 16 15 17 14
15 13 16 13 16 14 15 14
14 12 15 13 14 14 13 13
15 12 15 13 14 13 14 12
21 21 21 20 22 20 22 21
20 20 21 21 20 22 19 21
21 19 20 20 19 19 20 18
25 27 26 28 24 30 23 29
27 27 25 27 25 25 27 25
28 30 26 28 27 27 29 29
29 30 28 30 28 29 29 29
28 31 29 30 30 31 29 32
27 31 27 30 28 30 28 31
25 33 27 33 27 31 25 31
24 32 25 33 24 34 23 33
23 31 24 30 25 31 24 32
21 33 23 33 23 31 21 31
22 32 23 33 22 34 21 33
22 30 21 31 22 32 23 31
26 26 25 27 24 26 25 25
26 24 28 24 28 26 26 26
24 22 26 20 28 22 26 24
25 21 25 22 24 22 24 21
28 27 28 26 30 26 30 27
27 26 29 24 30 25 28 27
26 22 26 24 25 24 25 22
27 29 28 29 28 27 27 27
25 29 27 29 27 30 25 30
24 27 24 29 25 29 25 27
25 26 24 27 23 26 24 25
22 29 23 29 23 27 22 27
23 28 22 29 21 28 22 27
25 28 24 29 23 28 24 27
26 27 28 29 27 30 25 28
26 25 25 26 26 27 27 26
27 22 25 24 26 25 28 23
27 23 27 22 28 22 28 23
24 18 25 17 27 19 26 20
21 29 22 29 22 30 21 30
22 28 23 29 22 30 21 29
25 18 23 20 24 21 26 19
25 20 24 20 24 18 25 18
26 21 26 20 25 20 25 21
27 21 27 22 26 22 26 21
28 20 28 21 27 21 27 20
29 19 30 20 29 21 28 20
29 18 30 18 30 19 29 19
28 17 29 16 30 17 29 18
27 17 28 17 28 19 27 19
28 18 27 17 29 15 30 16
22 31 21 30 22 29 23 30
20 30 19 29 20 28 21 29
20 32 19 31 20 30 21 31
19 33 20 33 20 32 19 32
20 34 19 33 20 32 21 33
20 36 19 36 19 34 20 34
19 37 20 36 21 37 20 38
24 17 25 18 26 17 25 16
23 18 22 17 23 16 24 17
18 31 19 32 21 30 20 29
18 32 18 31 19 31 19 32
17 35 16 34 18 32 19 33
16 36 17 35 19 37 18 38
27 35 27 34 25 34 25 35
28 36 27 35 28 34 29 35
27 36 27 35 28 35 28 36
26 35 27 36 26 37 25 36
26 33 25 34 26 35 27 34
25 32 27 30 28 31 26 33
23 32 24 33 25 32 24 31
21 34 20 33 22 31 23 32
20 35 21 34 22 35 21 36
18 35 19 36 20 35 19 34
17 33 17 35 18 35 18 33
16 30 15 29 17 27 18 28
17 31 15 33 14 32 16 30
15 31 17 31 17 32 15 32
14 28 13 27 15 25 16 26
20 31 20 30 21 30 21 31
27 18 26 17 27 16 28 17
27 40 25 38 26 37 28 39
18 30 19 31 18 32 17 31
17 30 18 30 18 31 17 31
16 31 17 30 18 31 17 32
14 29 16 31 15 32 13 30
14 31 14 29 15 29 15 31
16 29 18 27 19 28 17 30
17 29 17 30 16 30 16 29
19 35 20 34 21 35 20 36
40 30 38 32 37 31 39 29
32 12 33 13 31 15 30 14
33 12 33 13 32 13 32 12
32 36 34 34 35 35 33 37
31 36 31 34 32 34 32 36
30 37 28 35 29 34 31 36
18 39 17 38 19 36 20 37
17 39 17 38 18 38 18 39
40 29 40 30 39 30 39 29
34 36 34 38 32 38 32 36
37 40 35 38 36 37 38 39
38 37 39 37 39 39 38 39
39 38 38 37 39 36 40 37
31 37 29 35 30 34 32 36
31 39 31 37 33 37 33 39
30 38 31 37 32 38 31 39
27 37 29 39 30 38 28 36
26 36 26 37 27 37 27 36
26 34 25 35 26 36 27 35
26 32 25 33 26 34 27 33
26 30 25 31 26 32 27 31
30 36 31 36 31 37 30 37
15 26 16 26 16 29 15 29
14 25 15 24 16 25 15 26
14 26 14 25 15 25 15 26
27 38 27 37 30 37 30 38
26 40 27 40 27 38 26 38
29 36 29 39 28 39 28 36
30 35 30 36 29 36 29 35
13 36 17 32 18 33 14 37
14 36 14 37 13 37 13 36
16 38 15 39 13 37 14 36
17 36 17 38 16 38 16 36
32 37 31 36 34 33 35 34
13 35 15 33 16 34 14 36
14 34 16 34 16 36 14 36
