best-score: 626906
count: 5
elapsed-time: 4.834
151
31 27 32 26 33 27 32 28
26 39 25 39 25 38 26 38
39 29 38 30 37 29 38 28
38 29 38 28 39 28 39 29
28 12 29 13 28 14 27 13
24 14 24 15 23 15 23 14
23 13 24 14 23 15 22 14
22 13 23 13 23 14 22 14
14 21 15 20 16 21 15 22
15 21 14 21 14 20 15 20
14 22 13 21 14 20 15 21
13 22 13 21 14 21 14 22
34 17 33 18 32 17 33 16
16 22 15 22 15 21 16 21
33 17 33 16 32 16 32 17
34 18 34 17 33 17 33 18
13 34 14 35 15 34 14 33
29 23 27 23 27 22 29 22
31 23 31 24 29 24 29 23
29 25 27 23 29 21 31 23
24 29 25 29 25 31 24 31
33 26 31 24 32 23 34 25
32 27 33 27 33 26 32 26
34 29 32 27 33 26 35 28
29 34 27 32 29 30 31 32
29 32 31 32 31 34 29 34
28 32 28 30 29 30 29 32
17 28 18 29 20 27 19 26
30 21 29 22 27 20 28 19
30 22 29 22 29 21 30 21
31 28 31 27 32 27 32 28
28 29 29 30 31 28 30 27
26 31 24 29 26 27 28 29
32 25 32 23 34 23 34 25
36 27 38 29 37 30 35 28
35 24 34 25 36 27 37 26
37 22 35 24 34 23 36 21
38 22 38 23 37 23 37 22
38 24 37 23 38 22 39 23
39 24 38 24 38 23 39 23
41 26 39 28 37 26 39 24
27 15 26 15 26 13 27 13
18 20 16 22 17 23 19 21
25 12 23 14 24 15 26 13
30 12 30 14 28 14 28 12
31 13 30 14 29 13 30 12
34 19 36 17 38 19 36 21
37 32 37 30 38 30 38 32
35 34 37 32 39 34 37 36
35 32 37 32 37 34 35 34
39 32 37 34 35 32 37 30
38 34 39 34 39 32 38 32
38 36 37 36 37 34 38 34
34 15 36 15 36 17 34 17
13 36 15 38 16 37 14 35
15 36 13 36 13 34 15 34
38 13 38 15 36 15 36 13
36 11 38 13 36 15 34 13
34 11 36 11 36 13 34 13
32 13 34 11 36 13 34 15
32 15 32 13 34 13 34 15
30 16 32 16 32 15 30 15
29 17 27 15 28 14 30 16
17 38 17 39 15 39 15 38
24 25 27 22 29 24 26 27
23 28 24 28 24 25 23 25
20 31 23 28 24 29 21 32
21 31 21 32 20 32 20 31
19 29 21 31 20 32 18 30
18 26 18 29 19 29 19 26
17 27 13 23 14 22 18 26
20 28 20 27 17 27 17 28
21 23 18 26 20 28 23 25
22 18 19 21 21 23 24 20
20 14 20 18 22 18 22 14
21 13 22 14 21 15 20 14
27 25 24 25 24 23 27 23
28 26 25 29 24 28 27 25
25 26 28 26 28 29 25 29
29 26 29 25 32 25 32 26
27 24 29 22 31 24 29 26
22 32 25 29 28 32 25 35
25 32 25 35 22 35 22 32
28 35 25 38 22 35 25 32
27 39 28 39 28 35 27 35
26 40 25 39 26 38 27 39
27 40 26 40 26 39 27 39
27 38 26 39 27 40 28 39
25 36 29 32 31 34 27 38
24 22 24 20 27 20 27 22
21 22 24 22 24 23 21 23
28 27 24 31 20 27 24 23
26 32 25 32 25 31 26 31
22 36 21 35 25 31 26 32
22 38 22 36 25 36 25 38
27 19 24 22 20 18 23 15
28 20 28 19 27 19 27 20
30 18 28 20 27 19 29 17
33 21 33 18 30 18 30 21
30 28 28 26 29 25 31 27
26 35 26 32 27 32 27 35
26 36 25 36 25 35 26 35
23 39 22 38 25 35 26 36
32 32 32 28 35 28 35 32
36 28 37 29 33 33 32 32
35 27 35 28 36 28 36 27
37 25 35 27 31 23 33 21
41 25 41 26 37 26 37 25
31 22 30 21 33 18 34 19
32 22 32 23 31 23 31 22
19 18 19 21 20 21 20 18
18 17 22 13 23 14 19 18
15 17 18 17 18 20 15 20
17 15 20 18 18 20 15 17
17 13 21 13 21 15 17 15
18 14 17 15 16 14 17 13
19 17 19 14 18 14 18 17
34 26 37 26 37 29 34 29
33 29 34 29 34 33 33 33
29 33 28 32 32 28 33 29
31 17 29 17 29 13 31 13
34 20 33 21 30 18 31 17
38 20 34 20 34 19 38 19
17 24 13 24 13 23 17 23
18 25 17 24 20 21 21 22
21 36 22 36 22 35 21 35
31 37 31 34 35 34 35 37
31 15 32 16 31 17 30 16
15 26 13 24 15 22 17 24
15 25 18 25 18 26 15 26
14 25 14 22 15 22 15 25
25 20 30 15 32 17 27 22
33 35 31 37 26 32 28 30
36 32 38 34 35 37 33 35
26 21 26 27 20 27 20 21
26 17 29 17 29 21 26 21
24 17 24 15 26 15 26 17
18 11 24 17 20 21 14 15
16 11 18 11 18 14 16 14
30 13 32 15 28 19 26 17
23 20 23 25 18 25 18 20
23 17 24 17 24 20 23 20
20 16 22 18 23 17 21 15
33 40 28 35 29 34 34 39
22 33 17 38 16 37 21 32
21 17 21 15 23 15 23 17
21 18 24 15 26 17 23 20
13 33 14 33 14 25 13 25
30 39 29 38 34 33 35 34
21 33 21 35 14 35 14 33
14 38 15 39 21 33 20 32
