best-score: 905859
count: 6
elapsed-time: 4.596
176
17 22 17 21 18 21 18 22
19 22 18 23 17 22 18 21
19 23 18 23 18 22 19 22
19 21 18 22 19 23 20 22
20 21 20 22 19 22 19 21
21 20 21 21 20 21 20 20
22 20 21 20 21 19 22 19
23 21 22 22 21 21 22 20
21 18 21 17 22 17 22 18
20 19 21 18 22 19 21 20
20 18 21 18 21 19 20 19
19 19 20 18 21 19 20 20
19 20 19 19 20 19 20 20
18 20 19 20 19 21 18 21
17 19 18 18 19 19 18 20
23 19 22 20 21 19 22 18
23 18 24 18 24 19 23 19
23 20 22 19 23 18 24 19
22 21 23 21 23 20 22 20
21 22 22 22 22 21 21 21
20 23 19 22 20 21 21 22
21 23 20 23 20 22 21 22
23 23 22 24 21 23 22 22
13 18 13 19 12 19 12 18
16 24 15 24 15 23 16 23
24 20 23 19 24 18 25 19
25 20 24 20 24 19 25 19
22 13 23 13 23 14 22 14
13 12 12 13 11 12 12 11
10 19 11 20 10 21 9 20
11 19 11 20 10 20 10 19
10 18 11 19 10 20 9 19
9 18 10 18 10 19 9 19
13 24 14 23 15 24 14 25
14 24 13 24 13 23 14 23
15 25 15 24 14 24 14 25
16 26 15 25 16 24 17 25
24 22 23 21 24 20 25 21
20 25 20 26 19 26 19 25
9 21 10 21 10 20 9 20
14 22 13 23 14 24 15 23
13 22 13 21 14 21 14 22
15 22 14 23 13 22 14 21
16 21 17 22 16 23 15 22
15 7 16 8 15 9 14 8
16 25 16 26 15 26 15 25
17 24 17 25 16 25 16 24
14 9 14 10 13 10 13 9
15 8 15 9 14 9 14 8
14 7 15 8 14 9 13 8
13 7 14 7 14 8 13 8
12 8 13 7 14 8 13 9
12 9 12 8 13 8 13 9
11 10 12 9 13 10 12 11
23 24 23 25 22 25 22 24
23 26 22 25 23 24 24 25
24 26 23 26 23 25 24 25
24 24 23 25 24 26 25 25
25 24 25 25 24 25 24 24
25 23 24 24 23 23 24 22
24 23 24 24 23 24 23 23
25 22 25 23 24 23 24 22
26 23 25 24 24 23 25 22
26 24 25 24 25 23 26 23
16 7 16 8 15 8 15 7
16 9 15 8 16 7 17 8
17 9 16 9 16 8 17 8
17 7 16 8 17 9 18 8
18 7 18 8 17 8 17 7
23 9 22 9 22 8 23 8
24 21 25 22 26 21 25 20
23 22 22 21 23 20 24 21
22 23 23 22 24 23 23 24
21 24 22 24 22 23 21 23
19 24 20 25 21 24 20 23
20 24 19 24 19 23 20 23
18 24 19 25 20 24 19 23
17 23 17 24 18 24 18 23
16 22 17 23 16 24 15 23
15 21 15 22 16 22 16 21
16 20 17 21 16 22 15 21
17 20 17 21 16 21 16 20
18 19 19 20 18 21 17 20
17 18 17 19 18 19 18 18
26 22 25 22 25 21 26 21
27 21 26 22 25 21 26 20
27 23 26 24 25 23 26 22
27 22 27 23 26 23 26 22
19 17 20 16 21 17 20 18
17 17 18 18 19 17 18 16
12 20 11 19 12 18 13 19
14 20 15 21 14 22 13 21
15 20 15 21 14 21 14 20
16 19 17 20 16 21 15 20
15 19 16 19 16 20 15 20
16 18 17 19 16 20 15 19
16 17 17 17 17 18 16 18
15 18 16 17 17 18 16 19
14 19 13 18 14 17 15 18
14 18 15 18 15 19 14 19
13 17 13 18 14 18 14 17
18 25 17 24 18 23 19 24
13 20 14 19 15 20 14 21
12 21 11 20 12 19 13 20
11 21 11 20 12 20 12 21
10 22 9 21 10 20 11 21
11 22 10 22 10 21 11 21
12 23 11 22 12 21 13 22
12 22 13 22 13 23 12 23
21 25 21 24 20 24 20 25
22 26 21 25 22 24 23 25
21 26 21 25 22 25 22 26
20 27 19 26 20 25 21 26
21 27 20 27 20 26 21 26
27 20 27 21 26 21 26 20
28 21 27 22 26 21 27 20
28 22 27 22 27 21 28 21
14 16 16 18 17 17 15 15
16 16 16 17 14 17 14 16
16 15 18 15 18 16 16 16
20 12 22 14 20 16 18 14
17 11 17 9 19 9 19 11
16 12 14 10 15 9 17 11
27 18 25 20 24 19 26 17
9 24 8 23 10 21 11 22
11 26 10 25 12 23 13 24
10 23 8 23 8 22 10 22
12 25 12 23 10 23 10 25
11 11 9 11 9 10 11 10
12 12 11 11 13 9 14 10
11 13 12 13 12 12 11 12
24 12 24 10 26 10 26 12
12 24 10 26 8 24 10 22
13 11 13 12 12 12 12 11
19 12 16 15 13 12 16 9
20 11 20 12 19 12 19 11
21 14 19 12 20 11 22 13
19 14 21 14 21 17 19 17
18 12 18 14 19 14 19 12
18 10 17 11 18 12 19 11
16 10 18 10 18 12 16 12
15 10 15 9 16 9 16 10
24 16 20 16 20 12 24 12
23 15 24 16 22 18 21 17
25 15 23 15 23 14 25 14
25 17 24 16 25 15 26 16
26 19 26 17 25 17 25 19
15 12 16 12 16 15 15 15
14 12 14 10 15 10 15 12
13 16 14 16 14 12 13 12
12 15 13 16 10 19 9 18
10 15 12 15 12 18 10 18
9 16 10 15 13 18 12 19
9 17 9 16 13 16 13 17
10 14 11 13 14 16 13 17
26 15 23 18 22 17 25 14
25 16 26 16 26 15 25 15
24 17 25 17 25 16 24 16
16 11 19 14 18 15 15 12
22 15 18 19 17 18 21 14
23 17 23 15 22 15 22 17
24 14 23 15 22 14 23 13
27 13 25 15 24 14 26 12
27 10 23 14 22 13 26 9
21 10 20 11 17 8 18 7
23 10 22 11 21 10 22 9
24 9 24 10 23 10 23 9
20 9 22 9 22 11 20 11
21 8 21 10 18 10 18 8
22 7 23 8 22 9 21 8
21 7 22 7 22 8 21 8
20 6 21 7 19 9 18 8
19 6 20 6 20 9 19 9
27 9 27 10 26 10 26 9
15 13 10 18 9 17 14 12
17 15 15 13 16 12 18 14
