best-score: 734061
count: 15
elapsed-time: 4.767
79
20 15 21 14 22 15 21 16
21 15 21 16 20 16 20 15
22 14 22 15 21 15 21 14
23 15 22 16 21 15 22 14
23 16 22 16 22 15 23 15
13 17 13 18 12 18 12 17
15 14 14 14 14 13 15 13
16 10 16 9 17 9 17 10
18 10 17 11 16 10 17 9
18 11 17 11 17 10 18 10
9 26 10 26 10 27 9 27
11 26 10 27 9 26 10 25
11 25 11 26 10 26 10 25
10 24 11 23 12 24 11 25
23 20 21 18 23 16 25 18
22 18 22 16 21 16 21 18
10 16 11 15 13 17 12 18
13 16 12 15 14 13 15 14
14 17 13 18 12 17 13 16
11 17 11 15 12 15 12 17
14 16 14 17 13 17 13 16
15 19 13 17 14 16 16 18
28 19 27 20 25 18 26 17
24 17 24 16 26 16 26 17
20 25 21 25 21 27 20 27
13 23 13 25 11 25 11 23
14 24 13 25 12 24 13 23
16 22 13 22 13 18 16 18
17 24 17 22 16 22 16 24
16 25 13 22 14 21 17 24
14 25 14 24 16 24 16 25
10 21 13 18 17 22 14 25
12 21 12 24 10 24 10 21
9 24 12 21 13 22 10 25
9 25 9 24 10 24 10 25
8 26 9 25 10 26 9 27
8 25 9 25 9 26 8 26
20 24 17 21 19 19 22 22
16 16 16 18 20 18 20 16
17 15 16 16 14 14 15 13
16 12 17 11 21 15 20 16
12 10 15 13 16 12 13 9
12 12 12 10 16 10 16 12
13 13 11 15 10 14 12 12
10 13 10 9 13 9 13 13
9 13 10 13 10 14 9 14
25 22 25 18 22 18 22 22
14 20 15 19 17 21 16 22
17 20 17 21 14 21 14 20
25 20 21 24 17 20 21 16
25 19 23 21 20 18 22 16
9 21 12 18 14 20 11 23
25 12 26 13 23 16 22 15
24 7 22 9 25 12 27 10
27 7 27 10 24 10 24 7
19 9 18 10 22 14 23 13
26 15 23 15 23 13 26 13
11 16 9 14 10 13 12 15
13 12 16 9 17 10 14 13
6 13 9 16 13 12 10 9
32 18 24 26 16 18 24 10
14 22 20 16 22 18 16 24
19 14 19 19 15 19 15 14
13 20 19 14 20 15 14 21
8 17 12 21 13 20 9 16
8 23 8 17 11 17 11 23
7 24 8 23 9 24 8 25
7 22 9 22 9 24 7 24
8 21 9 22 8 23 7 22
7 20 11 16 12 17 8 21
21 9 21 14 19 14 19 9
19 29 14 24 16 22 21 27
18 25 23 20 25 22 20 27
18 24 20 24 20 25 18 25
32 12 32 18 25 18 25 12
28 26 27 27 22 22 23 21
28 22 28 26 25 26 25 22
26 20 27 20 27 27 26 27
33 13 26 20 25 19 32 12
