best-score: 899167
count: 8
elapsed-time: 4.835
174
19 19 18 18 19 17 20 18
18 19 18 18 19 18 19 19
19 20 18 19 19 18 20 19
20 20 19 20 19 19 20 19
20 17 20 18 19 18 19 17
21 19 21 18 20 18 20 19
14 15 13 16 12 15 13 14
13 15 14 15 14 16 13 16
13 17 12 16 13 15 14 16
12 17 12 16 13 16 13 17
11 18 10 17 11 16 12 17
10 19 11 18 12 19 11 20
12 14 12 15 13 15 13 14
11 15 11 16 12 16 12 15
23 14 22 15 23 16 24 15
24 13 24 14 23 14 23 13
11 19 12 19 12 20 11 20
10 18 10 19 11 19 11 18
12 21 13 21 13 22 12 22
11 22 10 21 11 20 12 21
11 23 11 22 12 22 12 23
12 24 11 23 12 22 13 23
13 24 12 24 12 23 13 23
14 23 13 24 12 23 13 22
15 22 16 23 15 24 14 23
11 21 12 20 13 21 12 22
10 20 10 21 11 21 11 20
9 19 10 18 11 19 10 20
9 20 9 19 10 19 10 20
14 22 14 23 13 23 13 22
15 23 14 24 13 23 14 22
16 24 16 23 15 23 15 24
17 25 16 26 15 25 16 24
11 14 10 13 11 12 12 13
10 15 11 14 12 15 11 16
10 14 11 14 11 15 10 15
10 16 9 15 10 14 11 15
9 16 9 15 10 15 10 16
9 14 8 15 9 16 10 15
9 13 10 13 10 14 9 14
11 13 12 13 12 14 11 14
10 12 10 13 11 13 11 12
8 12 9 13 10 12 9 11
22 21 23 20 24 21 23 22
21 11 20 10 21 9 22 10
24 12 25 13 24 14 23 13
25 12 25 13 24 13 24 12
25 14 24 13 25 12 26 13
25 15 24 15 24 14 25 14
8 14 8 15 9 15 9 14
7 15 8 14 9 15 8 16
7 16 7 15 8 15 8 16
13 25 14 25 14 24 13 24
14 26 13 25 14 24 15 25
15 26 14 26 14 25 15 25
16 25 15 26 14 25 15 24
17 26 17 25 16 25 16 26
26 14 25 14 25 13 26 13
10 23 11 22 12 23 11 24
10 24 10 23 11 23 11 24
11 25 12 26 13 25 12 24
12 25 11 25 11 24 12 24
13 26 13 25 12 25 12 26
22 11 22 10 23 10 23 11
22 27 21 26 22 25 23 26
10 10 9 11 8 10 9 9
11 17 10 17 10 16 11 16
9 17 10 18 11 17 10 16
9 18 9 17 10 17 10 18
8 19 9 18 10 19 9 20
8 18 9 18 9 19 8 19
7 17 8 16 9 17 8 18
8 17 9 18 10 17 9 16
7 18 8 18 8 17 7 17
6 17 7 16 8 17 7 18
6 16 7 16 7 17 6 17
12 18 11 18 11 17 12 17
13 19 12 20 11 19 12 18
13 18 13 19 12 19 12 18
14 17 13 18 12 17 13 16
14 18 13 18 13 17 14 17
14 20 13 19 14 18 15 19
15 21 14 22 13 21 14 20
14 21 15 21 15 22 14 22
13 20 13 21 14 21 14 20
14 19 13 20 12 19 13 18
15 20 15 19 14 19 14 20
16 19 15 20 14 19 15 18
16 21 15 22 14 21 15 20
16 18 16 19 15 19 15 18
16 20 16 21 15 21 15 20
17 19 16 20 15 19 16 18
17 20 16 20 16 19 17 19
17 18 16 19 17 20 18 19
17 16 15 18 14 17 16 15
18 16 18 18 17 18 17 16
16 14 18 16 16 18 14 16
17 13 16 14 14 12 15 11
15 13 15 11 17 11 17 13
14 14 14 15 16 15 16 14
13 13 14 14 13 15 12 14
14 13 14 14 13 14 13 13
13 12 14 13 13 14 12 13
11 10 11 12 13 12 13 10
10 8 10 10 11 10 11 8
18 15 20 17 19 18 17 16
20 16 20 15 18 15 18 16
19 15 20 16 19 17 18 16
21 13 19 15 17 13 19 11
22 13 21 13 21 11 22 11
23 12 24 13 23 14 22 13
24 11 24 12 23 12 23 11
26 9 26 11 24 11 24 9
17 22 17 20 19 20 19 22
18 21 17 22 16 21 17 20
20 21 19 22 18 21 19 20
22 20 22 21 20 21 20 20
22 18 21 19 22 20 23 19
18 23 18 21 16 21 16 23
17 24 16 23 17 22 18 23
18 25 17 26 16 25 17 24
25 18 23 20 21 18 23 16
18 24 18 25 17 25 17 24
19 25 18 26 17 25 18 24
19 26 18 26 18 25 19 25
19 9 21 9 21 11 19 11
18 10 19 9 20 10 19 11
16 8 18 10 17 11 15 9
15 8 16 8 16 9 15 9
14 11 13 10 15 8 16 9
14 9 15 9 15 11 14 11
22 19 23 19 23 20 22 20
22 23 22 21 24 21 24 23
23 24 22 23 23 22 24 23
21 24 23 24 23 26 21 26
20 23 21 24 19 26 18 25
20 25 20 23 22 23 22 25
9 10 11 8 13 10 11 12
8 11 9 11 9 10 8 10
7 12 8 11 10 13 9 14
7 14 7 12 8 12 8 14
6 15 7 14 8 15 7 16
6 14 7 14 7 15 6 15
5 15 6 14 7 15 6 16
5 16 5 15 6 15 6 16
14 8 14 9 13 9 13 8
14 10 13 9 14 8 15 9
25 10 24 11 25 12 26 11
25 8 24 9 25 10 26 9
23 8 25 8 25 10 23 10
22 9 23 8 24 9 23 10
17 12 14 15 17 18 20 15
17 10 14 13 16 15 19 12
18 11 18 10 17 10 17 11
18 12 18 11 19 11 19 12
23 17 20 17 20 16 23 16
21 15 23 17 22 18 20 16
20 13 20 15 21 15 21 13
21 10 19 12 20 13 22 11
19 23 18 24 15 21 16 20
19 24 18 24 18 23 19 23
19 13 21 11 23 13 21 15
20 12 20 13 19 13 19 12
24 18 22 18 22 15 24 15
26 20 25 21 23 19 24 18
26 22 23 22 23 20 26 20
26 16 24 18 23 17 25 15
20 22 20 23 19 23 19 22
11 9 14 12 13 13 10 10
21 21 22 20 26 24 25 25
19 21 20 22 21 21 20 20
18 20 19 21 16 24 15 23
25 27 25 25 22 25 22 27
24 28 19 23 20 22 25 27
