best-score: 617549
count: 12
elapsed-time: 4.587
94
28 22 29 23 28 24 27 23
24 29 23 28 24 27 25 28
24 28 25 28 25 29 24 29
23 27 23 28 24 28 24 27
24 26 25 27 24 28 23 27
25 26 25 27 24 27 24 26
23 26 24 27 25 26 24 25
23 25 24 25 24 26 23 26
15 14 14 15 13 14 14 13
14 14 14 13 15 13 15 14
13 15 14 15 14 14 13 14
28 23 29 23 29 24 28 24
27 22 27 23 28 23 28 22
29 22 28 23 29 24 30 23
28 21 28 22 29 22 29 21
27 20 28 21 27 22 26 21
30 22 30 23 29 23 29 22
31 21 30 22 29 21 30 20
20 21 18 19 19 18 21 20
22 16 22 18 20 18 20 16
18 18 16 16 18 14 20 16
19 19 19 18 18 18 18 19
17 21 16 20 18 18 19 19
19 22 19 21 17 21 17 22
21 28 21 26 20 26 20 28
23 29 23 28 21 28 21 29
24 30 23 29 24 28 25 29
23 30 23 29 24 29 24 30
14 22 12 24 11 23 13 21
17 26 15 26 15 25 17 25
16 29 15 28 17 26 18 27
22 26 23 27 21 29 20 28
22 27 22 26 23 26 23 27
22 25 21 26 22 27 23 26
21 25 22 25 22 26 21 26
22 24 23 25 22 26 21 25
23 24 23 25 22 25 22 24
15 17 13 19 11 17 13 15
22 29 21 28 22 27 23 28
13 24 15 26 13 28 11 26
11 13 12 12 14 14 13 15
11 12 12 12 12 13 11 13
13 12 12 13 11 12 12 11
13 27 15 27 15 28 13 28
13 11 13 12 12 12 12 11
20 19 20 21 19 21 19 19
26 20 24 22 20 18 22 16
27 21 27 20 26 20 26 21
29 19 27 21 26 20 28 18
31 19 31 21 29 21 29 19
33 17 31 19 27 15 29 13
22 15 19 18 17 16 20 13
26 15 24 17 22 15 24 13
26 16 22 16 22 15 26 15
16 22 17 21 21 25 20 26
14 20 14 22 16 22 16 20
12 20 13 21 14 20 13 19
17 13 17 16 20 16 20 13
17 20 16 20 16 16 17 16
12 21 14 23 17 20 15 18
13 20 13 21 12 21 12 20
14 19 14 20 13 20 13 19
18 17 18 18 15 18 15 17
18 30 15 27 17 25 20 28
10 15 10 19 13 19 13 15
11 16 10 15 12 13 13 14
15 16 15 17 11 17 11 16
16 14 16 16 15 16 15 14
16 12 15 13 16 14 17 13
18 12 18 14 16 14 16 12
19 13 18 14 17 13 18 12
26 22 27 23 24 26 23 25
26 25 24 25 24 22 26 22
25 24 27 22 28 23 26 25
24 23 25 24 24 25 23 24
23 18 21 20 24 23 26 21
11 22 14 22 14 23 11 23
9 20 10 19 12 21 11 22
28 26 28 24 25 24 25 26
12 27 13 27 13 24 12 24
17 11 17 13 15 13 15 11
16 10 17 11 16 12 15 11
28 12 22 18 20 16 26 10
23 12 28 12 28 18 23 18
24 14 24 17 18 17 18 14
29 14 24 14 24 13 29 13
21 11 19 13 22 16 24 14
30 15 30 20 27 20 27 15
25 13 24 14 26 16 27 15
27 10 27 15 26 15 26 10
26 9 27 10 24 13 23 12
31 11 29 13 28 12 30 10
16 9 26 9 26 10 16 10
17 10 14 13 13 12 16 9
