best-score: 712043
count: 14
elapsed-time: 4.761
90
18 15 18 16 17 16 17 15
16 15 17 16 18 15 17 14
16 14 17 14 17 15 16 15
14 10 15 9 16 10 15 11
15 10 14 10 14 9 15 9
16 11 16 10 15 10 15 11
17 26 17 25 18 25 18 26
15 18 17 18 17 16 15 16
20 14 22 16 20 18 18 16
16 21 18 19 19 20 17 22
19 14 17 14 17 12 19 12
20 17 18 15 19 14 21 16
17 21 19 21 19 22 17 22
18 9 16 11 17 12 19 10
21 10 21 12 19 12 19 10
23 22 21 24 19 22 21 20
21 19 23 19 23 20 21 20
18 20 19 21 21 19 20 18
19 19 19 20 18 20 18 19
17 10 16 10 16 8 17 8
16 7 17 8 15 10 14 9
11 21 9 21 9 20 11 20
10 18 9 19 11 21 12 20
12 18 10 18 10 16 12 16
11 10 13 8 14 9 12 11
9 12 8 11 10 9 11 10
11 12 11 13 9 13 9 12
10 11 8 11 8 9 10 9
13 22 11 20 15 16 17 18
12 22 13 22 13 23 12 23
9 25 12 22 13 23 10 26
13 19 12 18 16 14 17 15
17 23 16 24 12 20 13 19
13 25 17 25 17 23 13 23
10 25 13 25 13 26 10 26
9 23 9 25 10 25 10 23
8 21 8 23 9 23 9 21
11 22 10 23 8 21 9 20
12 21 12 22 11 22 11 21
16 20 16 21 12 21 12 20
17 19 18 20 17 21 16 20
18 18 18 19 17 19 17 18
18 17 20 17 20 18 18 18
19 18 18 19 17 18 18 17
22 19 21 20 19 18 20 17
24 19 23 20 22 19 23 18
23 14 23 17 20 17 20 14
24 9 21 12 23 14 26 11
12 13 12 16 15 16 15 13
13 12 12 13 11 12 12 11
14 13 13 12 15 10 16 11
13 14 14 13 16 15 15 16
16 12 16 14 13 14 13 12
14 12 15 13 16 12 15 11
25 16 23 18 21 16 23 14
25 12 25 16 22 16 22 12
26 12 25 12 25 11 26 11
27 13 23 17 22 16 26 12
17 11 17 12 16 12 16 11
19 9 22 12 20 14 17 11
18 10 19 10 19 9 18 9
18 11 17 11 17 10 18 10
7 19 9 21 12 18 10 16
7 20 7 19 9 19 9 20
7 15 10 18 12 16 9 13
7 11 8 11 8 15 7 15
24 18 24 19 23 19 23 18
22 18 23 19 24 18 23 17
21 18 21 16 22 16 22 18
20 19 21 19 21 18 20 18
22 22 18 26 17 25 21 21
16 27 12 23 13 22 17 26
21 22 23 20 26 23 24 25
22 24 22 22 21 22 21 24
20 26 17 23 19 21 22 24
13 7 13 8 16 8 16 7
14 6 16 8 15 9 13 7
10 6 14 6 14 9 10 9
7 9 10 6 14 10 11 13
13 10 13 12 11 12 11 10
9 14 9 19 13 19 13 14
15 22 8 15 9 14 16 21
6 19 7 20 13 14 12 13
6 15 7 15 7 19 6 19
3 18 6 15 11 20 8 23
21 27 21 24 16 24 16 27
25 19 25 25 24 25 24 19
28 22 25 25 22 22 25 19
15 19 15 22 13 22 13 19
28 20 28 22 23 22 23 20
