best-score: 675074
count: 28
elapsed-time: 4.61
50
11 17 12 17 12 18 11 18
10 18 11 17 12 18 11 19
10 19 10 18 11 18 11 19
12 19 11 20 10 19 11 18
12 20 11 20 11 19 12 19
19 25 19 24 20 24 20 25
19 23 18 24 19 25 20 24
18 23 19 23 19 24 18 24
10 9 10 10 9 10 9 9
14 15 12 17 10 15 12 13
9 21 10 22 12 20 11 19
10 21 10 22 9 22 9 21
22 20 19 23 16 20 19 17
25 20 25 22 22 22 22 20
15 19 18 19 18 23 15 23
16 17 13 20 12 19 15 16
20 17 18 19 16 17 18 15
13 17 13 20 16 20 16 17
12 15 12 17 13 17 13 15
10 13 10 15 12 15 12 13
15 15 17 17 15 19 13 17
18 16 18 15 15 15 15 16
21 13 22 14 19 17 18 16
20 13 21 13 21 17 20 17
14 11 15 11 15 15 14 15
16 9 20 13 18 15 14 11
15 18 15 19 12 19 12 18
25 11 25 14 22 14 22 11
13 12 12 13 9 10 10 9
24 15 21 12 22 11 25 14
17 9 17 17 16 17 16 9
21 5 25 9 21 13 17 9
13 5 21 5 21 12 13 12
11 7 13 5 17 9 15 11
10 6 11 7 9 9 8 8
16 6 16 9 10 9 10 6
20 23 20 17 19 17 19 23
21 24 20 25 19 24 20 23
26 24 21 24 21 17 26 17
18 14 21 17 15 23 12 20
22 15 22 14 18 14 18 15
27 20 25 22 20 17 22 15
15 10 22 10 22 11 15 11
10 23 15 23 15 25 10 25
11 22 10 23 9 22 10 21
18 21 20 23 26 17 24 15
27 15 27 20 25 20 25 15
31 19 26 24 22 20 27 15
31 16 31 19 18 19 18 16
6 16 15 25 25 15 16 6
