best-score: 848805
count: 5
elapsed-time: 4.805
200
19 19 18 19 18 18 19 18
20 17 19 18 18 17 19 16
22 17 21 18 20 17 21 16
23 18 22 17 23 16 24 17
23 17 24 17 24 18 23 18
22 16 22 17 23 17 23 16
17 18 17 17 18 17 18 18
25 19 24 20 23 19 24 18
22 15 22 16 21 16 21 15
23 14 24 15 23 16 22 15
23 21 24 20 25 21 24 22
20 15 21 14 22 15 21 16
20 14 21 14 21 15 20 15
15 24 16 24 16 23 15 23
14 23 15 22 16 23 15 24
14 22 15 22 15 23 14 23
13 21 14 22 13 23 12 22
16 22 15 23 14 22 15 21
23 23 24 22 25 23 24 24
23 24 23 23 24 23 24 24
24 25 23 24 24 23 25 24
25 25 24 25 24 24 25 24
24 26 25 25 26 26 25 27
25 26 25 27 24 27 24 26
25 28 24 27 25 26 26 27
25 22 25 23 24 23 24 22
26 21 27 22 26 23 25 22
26 22 25 22 25 21 26 21
27 23 26 24 25 23 26 22
27 24 26 24 26 23 27 23
26 25 25 24 26 23 27 24
27 26 27 25 26 25 26 26
27 28 26 27 27 26 28 27
24 14 25 14 25 15 24 15
26 18 26 17 27 17 27 18
28 18 27 19 26 18 27 17
28 19 27 19 27 18 28 18
29 19 29 20 28 20 28 19
30 18 29 19 28 18 29 17
13 22 13 23 12 23 12 22
12 21 13 22 12 23 11 22
11 21 12 21 12 22 11 22
10 20 11 19 12 20 11 21
10 21 9 21 9 20 10 20
11 23 10 22 11 21 12 22
10 23 10 22 11 22 11 23
9 22 10 21 11 22 10 23
22 11 23 10 24 11 23 12
23 11 22 11 22 10 23 10
24 12 24 11 23 11 23 12
25 13 24 12 25 11 26 12
26 14 25 15 24 14 25 13
26 13 26 14 25 14 25 13
27 13 26 13 26 12 27 12
27 11 26 12 27 13 28 12
28 11 28 12 27 12 27 11
29 12 28 13 27 12 28 11
28 25 28 24 27 24 27 25
12 26 13 27 12 28 11 27
29 25 28 26 27 25 28 24
29 26 28 26 28 25 29 25
27 27 27 28 26 28 26 27
28 28 27 27 28 26 29 27
29 28 28 28 28 27 29 27
30 27 29 28 28 27 29 26
14 10 13 10 13 9 14 9
28 10 27 11 26 10 27 9
27 10 27 9 28 9 28 10
26 11 27 11 27 10 26 10
25 12 26 12 26 11 25 11
24 13 25 13 25 12 24 12
23 13 24 13 24 14 23 14
22 12 23 11 24 12 23 13
22 13 22 12 23 12 23 13
30 26 30 27 29 27 29 26
29 10 28 11 27 10 28 9
29 11 28 11 28 10 29 10
30 12 29 13 28 12 29 11
30 13 29 13 29 12 30 12
10 12 9 12 9 11 10 11
18 15 19 14 20 15 19 16
16 21 16 22 15 22 15 21
14 21 15 22 16 21 15 20
14 20 15 20 15 21 14 21
13 19 14 20 13 21 12 20
13 20 13 21 12 21 12 20
14 19 14 20 13 20 13 19
25 10 26 11 25 12 24 11
24 10 25 10 25 11 24 11
23 9 24 10 23 11 22 10
24 9 24 10 23 10 23 9
25 9 26 10 25 11 24 10
26 9 26 10 25 10 25 9
25 8 26 9 25 10 24 9
24 8 25 8 25 9 24 9
21 17 23 19 21 21 19 19
20 16 20 17 21 17 21 16
19 15 20 14 21 15 20 16
18 14 18 15 19 15 19 14
16 17 17 18 15 20 14 19
16 19 14 19 14 17 16 17
18 21 18 19 16 19 16 21
18 25 16 23 18 21 20 23
19 28 17 26 18 25 20 27
22 18 21 18 21 17 22 17
22 19 22 18 23 18 23 19
21 23 21 21 23 21 23 23
22 22 23 23 22 24 21 23
22 20 24 20 24 22 22 22
19 12 20 12 20 14 19 14
20 11 22 13 21 14 19 12
19 8 18 9 20 11 21 10
18 8 19 8 19 9 18 9
18 10 17 9 18 8 19 9
19 13 17 11 18 10 20 12
17 16 17 17 16 17 16 16
26 20 26 18 24 18 24 20
28 21 28 20 26 20 26 21
27 20 28 19 29 20 28 21
14 14 14 16 16 16 16 14
15 15 14 14 15 13 16 14
15 17 14 16 15 15 16 16
24 16 26 16 26 17 24 17
23 15 23 16 24 16 24 15
22 14 22 15 23 15 23 14
21 13 21 14 22 14 22 13
21 11 20 12 21 13 22 12
21 9 20 10 21 11 22 10
20 9 21 9 21 10 20 10
20 26 22 24 24 26 22 28
21 12 20 12 20 11 21 11
27 21 26 22 25 21 26 20
25 17 24 18 23 17 24 16
18 11 18 10 20 10 20 11
13 26 15 28 17 26 15 24
12 27 13 27 13 26 12 26
11 28 12 28 12 27 11 27
11 29 10 29 10 28 11 28
12 30 11 29 12 28 13 29
14 30 12 30 12 28 14 28
15 29 14 30 13 29 14 28
17 28 17 29 15 29 15 28
19 26 19 28 17 28 17 26
27 16 26 17 24 15 25 14
29 16 29 17 27 17 27 16
30 17 28 19 27 18 29 16
29 18 30 18 30 17 29 17
12 18 12 20 10 20 10 18
10 16 12 14 14 16 12 18
11 16 10 16 10 14 11 14
17 10 17 9 18 9 18 10
27 14 27 16 26 16 26 14
28 14 27 14 27 13 28 13
27 15 26 14 27 13 28 14
28 16 27 17 26 16 27 15
11 12 11 10 13 10 13 12
10 13 9 12 10 11 11 12
11 13 10 13 10 12 11 12
12 13 12 14 11 14 11 13
12 11 11 12 12 13 13 12
12 9 11 10 12 11 13 10
10 9 12 9 12 11 10 11
9 10 10 9 11 10 10 11
30 15 29 16 27 14 28 13
9 13 10 14 11 13 10 12
9 14 9 13 10 13 10 14
10 15 9 14 10 13 11 14
19 20 19 19 22 19 22 20
20 19 19 20 18 19 19 18
21 20 20 19 21 18 22 19
21 26 21 23 20 23 20 26
10 17 13 20 14 19 11 16
14 11 13 12 17 16 18 15
15 10 14 11 13 10 14 9
15 11 15 10 17 10 17 11
16 8 14 10 15 11 17 9
17 14 17 11 18 11 18 14
19 22 19 23 16 23 16 22
13 16 14 17 10 21 9 20
13 17 13 16 14 16 14 17
11 17 13 17 13 19 11 19
23 28 23 24 22 24 22 28
22 25 21 26 23 28 24 27
21 22 20 23 22 25 23 24
17 25 14 28 13 27 16 24
13 25 17 25 17 26 13 26
10 24 12 26 13 25 11 23
14 24 15 24 15 28 14 28
13 24 13 23 14 23 14 24
10 25 13 25 13 24 10 24
11 26 10 25 12 23 13 24
10 27 11 26 12 27 11 28
10 26 11 26 11 27 10 27
9 27 10 26 11 27 10 28
9 28 9 27 10 27 10 28
14 15 13 16 11 14 12 13
14 13 14 11 15 11 15 13
18 28 17 29 13 25 14 24
12 8 9 11 10 12 13 9
13 8 13 9 12 9 12 8
