best-score: 669481
count: 8
elapsed-time: 4.607
114
27 25 28 26 27 27 26 26
22 17 21 17 21 16 22 16
21 18 20 17 21 16 22 17
20 18 20 17 21 17 21 18
20 16 19 17 20 18 21 17
19 16 20 16 20 17 19 17
14 23 14 24 13 24 13 23
15 24 14 25 13 24 14 23
15 25 14 25 14 24 15 24
15 23 14 24 15 25 16 24
16 23 16 24 15 24 15 23
32 22 31 21 32 20 33 21
33 22 33 23 32 23 32 22
32 21 32 20 31 20 31 21
31 22 32 21 33 22 32 23
15 16 14 15 15 14 16 15
15 15 16 15 16 16 15 16
14 14 14 15 15 15 15 14
34 33 35 34 34 35 33 34
34 34 34 33 35 33 35 34
33 35 34 35 34 34 33 34
23 26 21 24 22 23 24 25
20 22 20 20 22 20 22 22
18 20 20 18 22 20 20 22
18 18 20 18 20 20 18 20
17 15 16 16 18 18 19 17
25 27 25 25 27 25 27 27
24 26 25 25 26 26 25 27
26 28 26 26 24 26 24 28
25 29 24 28 25 27 26 28
23 25 23 26 24 26 24 25
23 19 21 17 22 16 24 18
22 19 23 19 23 20 22 20
30 13 31 13 31 15 30 15
33 17 31 15 33 13 35 15
12 16 12 18 11 18 11 16
13 17 12 16 14 14 15 15
14 13 14 14 12 14 12 13
24 20 27 23 25 25 22 22
28 20 24 20 24 18 28 18
24 22 28 18 31 21 27 25
25 22 25 25 24 25 24 22
27 16 23 20 25 22 29 18
15 21 17 23 20 20 18 18
10 20 13 23 15 21 12 18
26 15 30 15 30 19 26 19
29 12 30 13 27 16 26 15
29 13 29 12 30 12 30 13
26 16 29 13 31 15 28 18
17 24 17 27 16 27 16 24
21 23 21 24 17 24 17 23
16 26 17 27 21 23 20 22
29 27 28 26 32 22 33 23
29 28 27 28 27 27 29 27
28 27 29 28 28 29 27 28
14 21 14 23 15 23 15 21
16 25 15 24 16 23 17 24
15 31 19 35 22 32 18 28
10 26 13 23 14 24 11 27
24 17 20 13 22 11 26 15
22 18 24 18 24 17 22 17
21 19 22 19 22 18 21 18
19 34 22 34 22 35 19 35
31 34 31 35 28 35 28 34
9 16 11 18 14 15 12 13
23 22 23 20 24 20 24 22
23 23 22 23 22 22 23 22
31 24 28 27 23 22 26 19
31 27 29 27 29 24 31 24
33 27 33 34 31 34 31 27
35 27 33 27 33 23 35 23
19 31 18 30 23 25 24 26
15 34 19 34 19 31 15 31
21 40 15 34 23 26 29 32
25 26 24 25 30 19 31 20
18 25 17 24 22 19 23 20
25 21 31 21 31 22 25 22
32 25 32 23 27 23 27 25
37 30 34 33 29 28 32 25
17 29 25 29 25 27 17 27
24 30 18 30 18 28 24 28
29 33 28 34 24 30 25 29
37 29 31 35 29 33 35 27
23 31 16 24 17 23 24 30
19 26 19 31 23 31 23 26
17 28 16 27 18 25 19 26
24 15 22 17 29 24 31 22
17 16 17 23 16 23 16 16
19 15 19 16 17 16 17 15
22 14 20 16 19 15 21 13
15 11 15 14 22 14 22 11
16 18 12 14 15 11 19 15
13 21 16 18 18 20 15 23
14 17 14 21 13 21 13 17
25 34 25 29 28 29 28 34
33 24 32 25 31 24 32 23
15 22 14 21 19 16 20 17
22 33 22 32 29 32 29 33
20 31 25 26 27 28 22 33
28 28 29 27 35 33 34 34
27 29 26 28 27 27 28 28
28 40 22 34 27 29 33 35
22 40 22 35 28 35 28 40
28 13 29 13 29 18 28 18
36 13 30 19 29 18 35 12
36 17 33 17 33 13 36 13
35 16 36 17 32 21 31 20
31 16 31 15 35 15 35 16
27 40 22 35 28 29 33 34
19 12 20 13 17 16 16 15
24 12 24 15 19 15 19 12
30 18 28 20 22 14 24 12
16 17 17 16 23 22 22 23
15 18 14 17 15 16 16 17
