best-score: 728069
count: 1
elapsed-time: 4.728
424
25 26 24 26 24 25 25 25
26 27 26 26 25 26 25 27
26 29 26 30 25 30 25 29
27 30 26 29 27 28 28 29
25 19 25 20 26 20 26 19
26 18 25 19 24 18 25 17
26 17 27 17 27 18 26 18
25 18 26 17 27 18 26 19
24 17 24 18 25 18 25 17
23 16 24 15 25 16 24 17
24 16 23 16 23 15 24 15
28 22 29 21 30 22 29 23
19 27 20 27 20 26 19 26
31 25 30 24 31 23 32 24
31 24 32 24 32 25 31 25
30 23 30 24 31 24 31 23
31 22 32 23 31 24 30 23
29 22 29 23 30 23 30 22
28 21 28 22 29 22 29 21
28 23 27 22 28 21 29 22
29 24 28 25 27 24 28 23
28 24 28 23 29 23 29 24
29 25 28 24 29 23 30 24
30 25 29 25 29 24 30 24
31 26 30 25 31 24 32 25
30 26 30 25 31 25 31 26
28 26 29 27 30 26 29 25
29 26 28 26 28 25 29 25
30 27 30 26 29 26 29 27
18 27 17 26 18 25 19 26
17 27 17 26 18 26 18 27
18 28 17 27 18 26 19 27
19 28 18 28 18 27 19 27
18 29 17 28 18 27 19 28
17 29 17 28 18 28 18 29
19 29 18 30 17 29 18 28
19 30 18 30 18 29 19 29
31 21 32 22 31 23 30 22
32 21 32 22 31 22 31 21
30 21 31 22 32 21 31 20
30 20 31 20 31 21 30 21
29 19 30 20 29 21 28 20
18 24 19 25 20 24 19 23
19 24 19 25 18 25 18 24
20 23 20 24 19 24 19 23
33 24 32 24 32 23 33 23
25 34 26 35 25 36 24 35
25 35 24 35 24 34 25 34
26 36 26 35 25 35 25 36
25 37 26 36 27 37 26 38
24 36 24 37 25 37 25 36
24 38 23 37 24 36 25 37
23 38 23 37 24 37 24 38
25 38 24 39 23 38 24 37
25 39 24 39 24 38 25 38
26 40 25 39 26 38 27 39
21 28 20 29 19 28 20 27
20 28 20 29 19 29 19 28
21 27 20 28 19 27 20 26
22 28 22 27 21 27 21 28
21 29 20 30 19 29 20 28
21 30 20 30 20 29 21 29
20 31 19 30 20 29 21 30
19 31 19 30 20 30 20 31
23 35 24 36 25 35 24 34
23 36 23 35 24 35 24 36
29 33 30 32 31 33 30 34
34 22 33 23 32 22 33 21
26 16 26 17 25 17 25 16
25 15 26 16 25 17 24 16
34 28 35 28 35 29 34 29
35 27 34 28 33 27 34 26
36 28 36 27 35 27 35 28
36 26 35 27 36 28 37 27
35 25 36 24 37 25 36 26
36 25 35 25 35 24 36 24
37 26 37 25 36 25 36 26
35 26 36 27 37 26 36 25
34 25 34 26 35 26 35 25
34 23 33 24 34 25 35 24
33 22 33 23 34 23 34 22
22 34 23 34 23 35 22 35
21 20 21 21 20 21 20 20
19 20 20 21 21 20 20 19
19 19 20 19 20 20 19 20
18 19 18 18 19 18 19 19
17 18 18 17 19 18 18 19
17 17 18 17 18 18 17 18
36 29 35 28 36 27 37 28
37 29 36 29 36 28 37 28
38 30 37 29 38 28 39 29
38 31 38 30 39 30 39 31
34 24 34 23 35 23 35 24
33 25 32 24 33 23 34 24
28 36 29 37 28 38 27 37
26 37 26 38 25 38 25 37
27 36 27 37 26 37 26 36
28 35 27 36 26 35 27 34
27 35 28 35 28 36 27 36
28 34 29 35 28 36 27 35
29 34 29 35 28 35 28 34
29 36 28 35 29 34 30 35
28 37 29 37 29 36 28 36
27 38 28 38 28 37 27 37
26 39 27 39 27 38 26 38
25 40 26 40 26 39 25 39
30 33 31 33 31 34 30 34
29 32 29 33 30 33 30 32
30 36 30 35 29 35 29 36
31 37 30 38 29 37 30 36
31 36 32 36 32 37 31 37
32 35 31 36 30 35 31 34
36 30 36 29 35 29 35 30
34 30 35 31 36 30 35 29
34 31 34 30 35 30 35 31
35 32 34 31 35 30 36 31
36 32 35 32 35 31 36 31
37 33 36 34 35 33 36 32
38 34 37 33 38 32 39 33
39 35 38 36 37 35 38 34
38 35 38 34 39 34 39 35
39 36 38 37 37 36 38 35
39 37 38 37 38 36 39 36
38 26 39 27 38 28 37 27
38 27 38 26 39 26 39 27
38 25 37 26 38 27 39 26
21 16 22 15 23 16 22 17
22 16 21 16 21 15 22 15
23 17 23 16 22 16 22 17
21 17 22 18 23 17 22 16
21 18 21 17 22 17 22 18
20 17 21 18 20 19 19 18
20 15 19 16 20 17 21 16
21 14 21 15 20 15 20 14
23 14 22 15 21 14 22 13
25 14 24 15 23 14 24 13
26 15 25 14 26 13 27 14
27 16 26 17 25 16 26 15
23 18 22 19 21 18 22 17
24 19 23 18 24 17 25 18
23 20 24 19 25 20 24 21
22 21 21 20 22 19 23 20
24 14 25 14 25 15 24 15
23 13 23 14 24 14 24 13
24 12 25 13 24 14 23 13
25 12 25 13 24 13 24 12
17 22 16 21 17 20 18 21
32 34 32 35 31 35 31 34
32 32 31 33 32 34 33 33
37 21 36 22 35 21 36 20
37 22 36 22 36 21 37 21
37 20 36 21 37 22 38 21
38 20 38 21 37 21 37 20
28 40 27 39 28 38 29 39
35 20 36 20 36 21 35 21
20 16 20 17 21 17 21 16
19 15 20 14 21 15 20 16
18 15 18 14 19 14 19 15
17 14 18 13 19 14 18 15
17 13 18 13 18 14 17 14
17 15 16 14 17 13 18 14
16 15 16 14 17 14 17 15
26 14 26 13 25 13 25 14
27 15 27 14 26 14 26 15
28 16 27 17 26 16 27 15
28 17 27 17 27 16 28 16
28 15 27 16 28 17 29 16
28 13 27 14 28 15 29 14
28 14 28 13 29 13 29 14
29 15 28 14 29 13 30 14
30 15 29 15 29 14 30 14
34 32 35 32 35 33 34 33
34 34 33 33 34 32 35 33
33 34 33 33 34 33 34 34
34 35 33 36 32 35 33 34
34 36 33 36 33 35 34 35
35 35 34 36 33 35 34 34
35 36 35 35 36 35 36 36
35 34 34 35 35 36 36 35
36 33 35 34 34 33 35 32
37 32 37 33 36 33 36 32
37 31 38 31 38 32 37 32
37 30 37 31 36 31 36 30
38 29 38 30 37 30 37 29
39 28 38 29 37 28 38 27
15 22 14 21 15 20 16 21
15 24 14 23 15 22 16 23
15 23 16 23 16 24 15 24
14 24 15 23 16 24 15 25
14 25 14 24 15 24 15 25
15 21 15 22 14 22 14 21
16 20 16 21 15 21 15 20
14 20 15 21 16 20 15 19
14 19 15 19 15 20 14 20
15 18 16 19 15 20 14 19
16 18 16 19 15 19 15 18
17 19 16 18 17 17 18 18
18 20 18 19 17 19 17 20
19 21 18 20 19 19 20 20
22 12 21 13 22 14 23 13
23 12 23 13 22 13 22 12
24 11 25 12 24 13 23 12
23 11 24 11 24 12 23 12
16 22 15 23 14 22 15 21
17 23 17 22 16 22 16 23
17 25 16 24 17 23 18 24
17 21 16 20 17 19 18 20
18 22 18 21 17 21 17 22
20 22 19 23 18 22 19 21
19 22 19 21 20 21 20 22
18 23 19 23 19 22 18 22
17 24 16 23 17 22 18 23
16 25 17 25 17 24 16 24
15 26 14 25 15 24 16 25
16 26 15 26 15 25 16 25
14 26 15 27 16 26 15 25
12 26 13 27 14 26 13 25
13 21 13 20 14 20 14 21
20 13 19 14 20 15 21 14
19 13 20 13 20 14 19 14
20 12 21 13 20 14 19 13
21 12 21 13 20 13 20 12
22 11 23 12 22 13 21 12
21 11 22 11 22 12 21 12
22 10 23 11 22 12 21 11
23 10 23 11 22 11 22 10
17 16 18 15 19 16 18 17
18 16 17 16 17 15 18 15
16 16 17 17 18 16 17 15
15 16 15 15 16 15 16 16
16 17 15 16 16 15 17 16
19 17 18 17 18 16 19 16
20 18 20 17 19 17 19 18
21 19 21 18 20 18 20 19
22 20 22 19 21 19 21 20
23 19 22 20 21 19 22 18
24 20 24 19 23 19 23 20
25 21 25 20 24 20 24 21
23 21 24 22 25 21 24 20
23 22 23 21 24 21 24 22
38 33 37 34 36 33 37 32
39 32 39 33 38 33 38 32
40 33 39 34 38 33 39 32
40 34 39 34 39 33 40 33
19 37 19 38 18 38 18 37
40 31 39 32 38 31 39 30
40 32 39 32 39 31 40 31
41 33 40 34 39 33 40 32
16 35 16 36 15 36 15 35
15 34 16 35 15 36 14 35
14 34 15 34 15 35 14 35
13 35 14 34 15 35 14 36
13 36 13 35 14 35 14 36
41 32 41 33 40 33 40 32
37 37 37 36 36 36 36 37
38 38 37 37 38 36 39 37
37 39 38 39 38 38 37 38
39 38 38 39 37 38 38 37
27 25 27 24 28 24 28 25
27 27 26 26 27 25 28 26
26 28 27 28 27 27 26 27
27 29 26 30 25 29 26 28
28 30 28 29 27 29 27 30
28 28 27 29 28 30 29 29
29 28 29 29 28 29 28 28
28 27 29 26 30 27 29 28
27 26 28 27 27 28 26 27
26 25 26 26 27 26 27 25
25 24 26 25 25 26 24 25
26 24 26 25 25 25 25 24
27 23 28 24 27 25 26 24
27 21 26 22 27 23 28 22
26 21 27 21 27 22 26 22
27 20 26 21 25 20 26 19
26 23 27 23 27 24 26 24
25 22 26 21 27 22 26 23
24 23 23 22 24 21 25 22
25 23 24 23 24 22 25 22
24 24 25 23 26 24 25 25
32 26 31 27 30 26 31 25
33 26 32 26 32 25 33 25
34 27 33 26 34 25 35 26
33 28 34 28 34 27 33 27
33 30 32 29 33 28 34 29
33 29 34 29 34 30 33 30
32 28 32 29 33 29 33 28
32 27 32 26 31 26 31 27
31 28 30 27 31 26 32 27
30 28 30 27 31 27 31 28
31 29 30 28 31 27 32 28
27 19 28 20 27 21 26 20
28 18 27 19 26 18 27 17
28 19 28 18 29 18 29 19
29 20 28 21 27 20 28 19
30 19 30 20 29 20 29 19
27 33 28 32 29 33 28 34
27 32 28 32 28 33 27 33
26 33 27 32 28 33 27 34
26 34 26 33 27 33 27 34
25 33 26 32 27 33 26 34
22 22 21 21 22 20 23 21
21 22 21 21 22 21 22 22
22 23 21 22 22 21 23 22
23 23 22 23 22 22 23 22
21 23 22 24 23 23 22 22
21 24 21 23 22 23 22 24
20 25 19 24 20 23 21 24
21 25 20 25 20 24 21 24
24 33 25 32 26 33 25 34
23 33 24 33 24 34 23 34
24 32 25 33 24 34 23 33
14 27 15 27 15 26 14 26
27 13 28 14 27 15 26 14
13 26 13 25 14 25 14 26
12 27 13 27 13 26 12 26
13 28 12 27 13 26 14 27
14 28 13 28 13 27 14 27
16 28 15 29 14 28 15 27
16 27 17 27 17 28 16 28
15 28 14 27 15 26 16 27
16 29 16 28 15 28 15 29
15 30 14 29 15 28 16 29
14 30 14 29 15 29 15 30
16 34 15 34 15 33 16 33
17 35 16 36 15 35 16 34
17 34 17 35 16 35 16 34
18 35 17 36 16 35 17 34
18 36 17 36 17 35 18 35
17 37 18 36 19 37 18 38
16 37 16 36 17 36 17 37
17 38 16 37 17 36 18 37
19 35 18 36 17 35 18 34
23 24 23 23 24 23 24 24
22 25 21 24 22 23 23 24
23 25 22 25 22 24 23 24
22 26 21 25 22 24 23 25
21 26 21 25 22 25 22 26
23 26 22 27 21 26 22 25
23 27 22 27 22 26 23 26
24 28 23 27 24 26 25 27
19 34 19 35 18 35 18 34
23 29 25 29 25 27 23 27
24 30 23 29 24 28 25 29
22 30 22 28 24 28 24 30
29 30 29 32 28 32 28 30
30 29 29 30 28 29 29 28
31 30 30 29 31 28 32 29
32 30 31 30 31 29 32 29
33 32 33 30 32 30 32 32
32 31 33 30 34 31 33 32
30 30 30 29 29 29 29 30
31 31 30 30 31 29 32 30
30 31 30 30 31 30 31 31
31 32 30 31 31 30 32 31
32 33 32 32 31 32 31 33
28 31 29 30 30 31 29 32
26 31 27 32 28 31 27 30
24 31 25 32 26 31 25 30
25 31 24 31 24 30 25 30
23 31 24 32 25 31 24 30
23 32 23 31 24 31 24 32
22 29 21 30 23 32 24 31
23 28 22 29 21 28 22 27
24 29 23 28 25 26 26 27
22 33 23 34 24 33 23 32
21 34 19 32 20 31 22 33
21 33 22 33 22 34 21 34
20 32 22 30 23 31 21 33
17 33 18 34 20 32 19 31
16 32 17 33 16 34 15 33
17 32 17 33 16 33 16 32
14 31 16 33 17 32 15 30
22 32 23 32 23 33 22 33
21 32 21 30 22 30 22 32
20 33 21 33 21 32 20 32
33 31 32 30 33 29 34 30
33 19 31 21 30 20 32 18
32 19 33 19 33 21 32 21
31 18 32 19 31 20 30 19
32 17 31 18 29 16 30 15
31 17 32 17 32 18 31 18
30 16 31 17 29 19 28 18
30 18 29 18 29 16 30 16
31 19 31 18 30 18 30 19
38 23 36 25 35 24 37 22
34 19 35 20 33 22 32 21
35 18 34 19 32 17 33 16
20 36 19 35 21 33 22 34
17 31 19 31 19 32 17 32
16 31 16 29 17 29 17 31
14 32 16 32 16 31 14 31
13 33 14 32 15 33 14 34
38 22 38 23 37 23 37 22
39 21 38 22 37 21 38 20
30 40 30 38 28 38 28 40
31 39 30 40 29 39 30 38
34 38 33 39 31 37 32 36
35 38 35 39 34 39 34 38
34 37 35 36 36 37 35 38
35 37 34 37 34 36 35 36
36 38 35 37 36 36 37 37
36 40 35 39 36 38 37 39
18 33 18 34 17 34 17 33
18 31 17 32 18 33 19 32
17 30 18 29 19 30 18 31
33 38 32 37 33 36 34 37
31 38 33 38 33 39 31 39
30 39 28 37 29 36 31 38
30 37 30 38 31 38 31 37
33 37 34 37 34 38 33 38
37 16 37 15 39 15 39 16
39 18 37 20 35 18 37 16
27 31 26 32 25 31 26 30
29 31 28 32 27 31 28 30
22 37 19 37 19 35 22 35
21 38 18 35 19 34 22 37
19 39 21 39 21 38 19 38
33 15 33 16 30 16 30 15
35 13 37 15 35 17 33 15
32 13 35 13 35 17 32 17
31 12 32 13 30 15 29 14
34 16 34 19 33 19 33 16
36 16 37 16 37 20 36 20
39 17 39 18 35 18 35 17
