best-score: 779158
count: 15
elapsed-time: 4.527
95
15 14 14 14 14 13 15 13
15 15 14 14 15 13 16 14
16 15 15 15 15 14 16 14
16 13 15 14 16 15 17 14
15 12 16 11 17 12 16 13
16 12 16 13 15 13 15 12
17 11 17 12 16 12 16 11
17 13 17 14 16 14 16 13
18 12 17 13 16 12 17 11
18 13 17 13 17 12 18 12
13 10 12 11 13 12 14 11
20 12 19 13 20 14 21 13
19 12 20 12 20 13 19 13
19 14 18 13 19 12 20 13
18 14 18 13 19 13 19 14
17 15 16 14 17 13 18 14
18 15 17 15 17 14 18 14
13 11 13 12 12 12 12 11
14 10 14 11 13 11 13 10
10 18 11 18 11 19 10 19
21 14 21 13 20 13 20 14
7 14 7 15 8 15 8 14
22 17 22 16 23 16 23 17
9 20 8 19 9 18 10 19
19 22 19 21 20 21 20 22
20 20 21 19 22 20 21 21
21 20 21 21 20 21 20 20
22 21 21 22 20 21 21 20
23 21 22 21 22 20 23 20
22 11 23 11 23 12 22 12
21 23 20 22 21 21 22 22
22 23 21 23 21 22 22 22
21 24 20 23 21 22 22 23
20 24 20 23 21 23 21 24
12 15 13 16 15 14 14 13
13 15 13 16 12 16 12 15
15 17 14 18 12 16 13 15
19 17 17 19 15 17 17 15
21 15 22 16 20 18 19 17
23 15 21 15 21 14 23 14
24 16 23 17 22 16 23 15
15 11 14 10 16 8 17 9
14 12 15 12 15 11 14 11
13 13 12 12 13 11 14 12
12 14 13 13 14 14 13 15
18 10 19 10 19 12 18 12
19 7 17 9 18 10 20 8
25 14 23 16 21 14 23 12
24 14 23 15 21 13 22 12
25 16 25 14 24 14 24 16
21 17 22 17 22 19 21 19
19 15 19 17 21 17 21 15
24 12 24 14 23 14 23 12
10 21 8 21 8 19 10 19
10 23 10 21 11 21 11 23
21 12 19 10 20 9 22 11
22 13 22 12 21 12 21 13
9 22 8 21 9 20 10 21
16 10 16 11 15 11 15 10
18 8 18 10 16 10 16 8
16 19 16 15 17 15 17 19
14 21 11 18 13 16 16 19
11 20 11 21 14 21 14 20
15 21 15 17 19 17 19 21
12 24 11 23 14 20 15 21
21 18 18 15 19 14 22 17
20 19 21 18 22 19 21 20
17 20 20 20 20 19 17 19
18 19 20 21 19 22 17 20
5 14 9 18 12 15 8 11
8 12 8 14 12 14 12 12
7 13 8 12 9 13 8 14
5 13 7 13 7 14 5 14
16 20 14 20 14 19 16 19
19 25 15 21 16 20 20 24
10 6 14 10 13 11 9 7
20 11 17 11 17 9 20 9
21 11 21 12 20 12 20 11
22 10 23 11 22 12 21 11
21 10 22 10 22 11 21 11
11 12 8 15 7 14 10 11
11 17 10 18 7 15 8 14
9 17 9 13 11 13 11 17
21 7 21 10 19 10 19 7
23 9 22 10 20 8 21 7
26 17 23 20 22 19 25 16
26 20 23 20 23 17 26 17
23 8 23 9 20 9 20 8
14 17 14 18 11 18 11 17
14 15 15 15 15 17 14 17
13 14 13 15 14 15 14 14
7 8 7 13 9 13 9 8
8 6 8 11 10 11 10 6
16 7 16 8 9 8 9 7
9 25 19 25 19 22 9 22
