best-score: 632616
count: 11
elapsed-time: 4.6
83
19 34 20 33 21 34 20 35
24 19 22 21 24 23 26 21
23 16 22 17 24 19 25 18
21 32 21 34 19 34 19 32
20 31 21 32 20 33 19 32
18 33 20 33 20 31 18 31
17 32 18 31 19 32 18 33
17 18 16 17 18 15 19 16
25 21 25 24 26 24 26 21
22 18 22 21 25 21 25 18
20 20 22 18 25 21 23 23
23 20 20 20 20 16 23 16
24 20 24 23 23 23 23 20
22 30 18 26 21 23 25 27
22 34 22 30 26 30 26 34
22 38 21 38 21 34 22 34
20 36 22 34 24 36 22 38
24 39 24 36 20 36 20 39
30 18 30 22 27 22 27 18
22 29 20 31 17 28 19 26
31 30 30 29 34 25 35 26
27 25 26 24 29 21 30 22
23 35 20 35 20 33 23 33
16 31 17 31 17 28 16 28
14 35 13 34 16 31 17 32
33 21 35 19 39 23 37 25
31 25 31 30 27 30 27 25
47 25 39 33 31 25 39 17
17 30 18 31 25 24 24 23
24 29 24 23 30 23 30 29
30 35 27 38 21 32 24 29
33 35 33 39 30 39 30 35
35 33 33 35 25 27 27 25
35 39 35 33 39 33 39 39
26 14 29 14 29 21 26 21
24 12 26 14 22 18 20 16
18 12 24 12 24 15 18 15
34 19 30 23 25 18 29 14
34 22 34 19 35 19 35 22
34 23 30 23 30 22 34 22
37 23 37 25 34 25 34 23
37 17 39 17 39 23 37 23
18 21 18 26 19 26 19 21
37 30 37 36 31 36 31 30
37 29 39 29 39 30 37 30
36 37 30 31 31 30 37 36
17 27 23 33 22 34 16 28
25 28 25 27 17 27 17 28
32 25 27 30 25 28 30 23
39 28 37 30 32 25 34 23
15 23 14 24 17 27 18 26
17 17 17 18 22 18 22 17
16 18 17 17 20 20 19 21
17 22 18 21 25 28 24 29
16 22 16 18 17 18 17 22
12 20 15 23 16 22 13 19
14 36 20 36 20 35 14 35
3 25 14 36 26 24 15 13
17 25 17 22 27 22 27 25
3 27 17 27 17 25 3 25
13 17 18 12 31 25 26 30
13 18 13 17 16 17 16 18
23 32 21 32 21 23 23 23
27 36 25 38 21 34 23 32
31 38 31 36 27 36 27 38
28 35 31 38 30 39 27 36
28 31 30 31 30 35 28 35
20 37 21 38 28 31 27 30
35 32 35 33 23 33 23 32
34 31 35 32 31 36 30 35
32 31 32 25 34 25 34 31
34 15 34 19 24 19 24 15
33 14 34 15 27 22 26 21
33 17 33 14 37 14 37 17
35 15 37 17 35 19 33 17
35 16 35 15 38 15 38 16
36 13 34 15 35 16 37 14
36 18 30 18 30 13 36 13
32 42 23 33 26 30 35 39
20 34 17 31 30 18 33 21
21 13 21 23 15 23 15 13
25 9 33 17 29 21 21 13
27 9 27 18 25 18 25 9
