best-score: 577271
count: 28
elapsed-time: 4.593
55
16 20 15 20 15 19 16 19
17 21 16 22 15 21 16 20
19 19 20 18 21 19 20 20
14 21 15 21 15 22 14 22
16 21 15 22 14 21 15 20
17 22 17 21 16 21 16 22
19 13 19 12 20 12 20 13
19 11 20 10 21 11 20 12
21 20 21 21 20 21 20 20
14 18 13 17 15 15 16 16
16 9 14 11 15 12 17 10
16 10 16 9 17 9 17 10
18 12 16 10 17 9 19 11
18 11 19 11 19 12 18 12
16 13 18 11 19 12 17 14
18 22 20 20 21 21 19 23
14 9 14 11 12 11 12 9
19 16 16 16 16 13 19 13
19 18 19 16 20 16 20 18
20 19 17 22 16 21 19 18
21 18 21 19 20 19 20 18
22 19 21 20 20 19 21 18
22 20 21 20 21 19 22 19
12 12 12 15 15 15 15 12
8 12 8 11 12 11 12 12
7 11 10 8 11 9 8 12
15 18 18 15 19 16 16 19
18 18 15 18 15 15 18 15
17 17 18 18 16 20 15 19
13 14 13 17 17 17 17 14
14 15 13 14 15 12 16 13
21 14 23 16 21 18 19 16
10 17 13 20 15 18 12 15
12 17 10 17 10 15 12 15
12 20 12 17 13 17 13 20
12 24 8 24 8 20 12 20
10 22 12 20 14 22 12 24
6 22 8 24 10 22 8 20
6 21 10 21 10 22 6 22
4 19 8 15 10 17 6 21
23 13 23 16 20 16 20 13
14 19 14 18 15 18 15 19
11 21 14 21 14 19 11 19
18 19 18 18 19 18 19 19
9 10 8 11 12 15 13 14
19 20 19 19 20 19 20 20
20 14 17 17 16 16 19 13
8 13 12 9 14 11 10 15
10 13 10 15 8 15 8 13
10 10 10 13 16 13 16 10
9 8 9 10 10 10 10 8
11 6 14 9 12 11 9 8
12 6 12 9 11 9 11 6
6 14 11 19 13 17 8 12
4 9 4 19 11 19 11 9
