best-score: 961089
count: 10
elapsed-time: 4.696
132
14 14 15 15 14 16 13 15
15 17 14 18 13 17 14 16
12 16 11 15 12 14 13 15
12 18 11 17 12 16 13 17
12 20 11 19 12 18 13 19
16 18 17 18 17 19 16 19
20 11 19 12 20 13 21 12
13 10 12 11 11 10 12 9
12 10 13 10 13 11 12 11
12 12 11 11 12 10 13 11
11 12 11 11 12 11 12 12
13 12 12 13 11 12 12 11
13 13 12 13 12 12 13 12
14 12 15 13 14 14 13 13
15 11 14 12 13 11 14 10
9 11 10 12 11 11 10 10
10 11 10 12 9 12 9 11
10 13 9 12 10 11 11 12
11 13 10 13 10 12 11 12
11 14 11 13 12 13 12 14
10 14 9 13 10 12 11 13
9 14 9 13 10 13 10 14
10 15 9 14 10 13 11 14
20 12 20 13 21 13 21 12
19 11 19 12 20 12 20 11
19 13 18 12 19 11 20 12
18 13 18 12 19 12 19 13
19 14 18 15 17 14 18 13
20 14 19 14 19 13 20 13
18 9 17 8 18 7 19 8
17 9 17 8 18 8 18 9
18 10 17 9 18 8 19 9
19 10 18 10 18 9 19 9
23 18 22 19 21 18 22 17
10 9 10 10 11 10 11 9
9 10 10 9 11 10 10 11
19 7 19 8 18 8 18 7
21 9 21 8 22 8 22 9
20 8 21 9 20 10 19 9
20 9 19 9 19 8 20 8
21 10 20 11 19 10 20 9
21 11 20 11 20 10 21 10
22 12 21 13 20 12 21 11
14 11 14 12 13 12 13 11
15 10 15 11 14 11 14 10
14 9 15 10 14 11 13 10
13 9 14 9 14 10 13 10
12 8 13 9 12 10 11 9
13 8 13 9 12 9 12 8
11 8 12 9 13 8 12 7
11 7 12 7 12 8 11 8
12 6 13 7 12 8 11 7
13 6 13 7 12 7 12 6
16 10 15 10 15 9 16 9
16 8 15 9 16 10 17 9
14 8 15 9 14 10 13 9
15 8 15 9 14 9 14 8
16 7 17 8 16 9 15 8
15 7 16 7 16 8 15 8
14 6 15 7 14 8 13 7
15 6 15 7 14 7 14 6
14 5 15 6 14 7 13 6
13 5 14 5 14 6 13 6
22 11 22 12 21 12 21 11
23 10 22 11 21 10 22 9
20 7 19 8 20 9 21 8
21 7 21 8 20 8 20 7
20 6 21 7 20 8 19 7
19 6 20 6 20 7 19 7
22 6 23 7 22 8 21 7
16 16 16 18 14 18 14 16
17 17 16 18 15 17 16 16
19 18 19 17 17 17 17 18
21 19 21 18 19 18 19 19
19 21 17 19 19 17 21 19
17 21 17 19 19 19 19 21
15 19 13 19 13 17 15 17
14 20 13 19 14 18 15 19
12 21 14 21 14 20 12 20
16 20 15 19 16 18 17 19
15 23 14 22 16 20 17 21
15 21 17 21 17 23 15 23
9 17 8 16 10 14 11 15
9 19 9 17 11 17 11 19
15 20 15 19 16 19 16 20
17 13 15 11 16 10 18 12
18 14 18 13 17 13 17 14
19 15 19 14 18 14 18 15
21 17 19 19 17 17 19 15
22 18 22 17 21 17 21 18
23 19 23 18 22 18 22 19
22 20 21 19 22 18 23 19
21 20 21 19 22 19 22 20
22 23 20 21 21 20 23 22
21 16 19 14 20 13 22 15
19 16 21 16 21 17 19 17
19 20 17 18 19 16 21 18
10 16 8 16 8 15 10 15
10 18 10 16 12 16 12 18
10 20 9 19 10 18 11 19
8 18 8 20 10 20 10 18
7 19 8 18 9 19 8 20
16 12 16 10 18 10 18 12
16 14 14 14 14 12 16 12
17 15 16 16 15 15 16 14
16 15 16 14 17 14 17 15
7 12 7 13 9 13 9 12
5 10 7 8 9 10 7 12
24 13 23 14 21 12 22 11
6 13 7 12 9 14 8 15
17 11 17 13 15 13 15 11
24 16 21 16 21 13 24 13
23 15 24 16 22 18 21 17
23 17 22 17 22 15 23 15
8 21 12 21 12 23 8 23
5 11 5 10 9 10 9 11
7 9 9 11 7 13 5 11
10 8 10 9 7 9 7 8
9 9 10 8 11 9 10 10
20 22 20 21 23 21 23 22
18 24 17 23 19 21 20 22
21 23 20 22 22 20 23 21
11 26 8 23 16 15 19 18
13 26 11 26 11 19 13 19
14 27 13 26 19 20 20 21
20 27 14 27 14 22 20 22
21 26 20 27 14 21 15 20
17 26 17 23 21 23 21 26
6 17 12 23 14 21 8 15
6 14 9 14 9 17 6 17
7 20 18 9 19 10 8 21
7 21 7 20 8 20 8 21
