best-score: 641298
count: 15
elapsed-time: 4.81
96
18 22 17 21 18 20 19 21
19 19 20 18 21 19 20 20
17 19 18 20 19 19 18 18
18 19 18 20 17 20 17 19
19 18 19 19 18 19 18 18
16 20 17 20 17 21 16 21
20 19 21 19 21 20 20 20
19 20 18 19 19 18 20 19
20 21 20 20 19 20 19 21
14 16 13 15 14 14 15 15
17 12 16 11 17 10 18 11
24 22 23 21 24 20 25 21
13 23 14 24 13 25 12 24
13 24 12 24 12 23 13 23
14 25 14 24 13 24 13 25
14 18 16 20 17 19 15 17
13 16 13 18 14 18 14 16
11 18 9 16 11 14 13 16
15 19 17 19 17 17 15 17
23 18 21 20 20 19 22 17
23 20 23 18 24 18 24 20
21 21 23 21 23 20 21 20
20 22 19 21 20 20 21 21
21 22 20 22 20 21 21 21
22 22 22 24 21 24 21 22
22 20 21 21 22 22 23 21
19 23 17 23 17 21 19 21
18 24 17 23 18 22 19 23
20 24 18 24 18 22 20 22
21 23 20 24 19 23 20 22
23 23 22 24 21 23 22 22
25 23 23 23 23 21 25 21
24 24 23 23 24 22 25 23
22 26 24 26 24 24 22 24
22 18 22 17 23 17 23 18
23 19 22 18 23 17 24 18
22 21 21 22 20 21 21 20
21 14 23 14 23 15 21 15
19 12 21 10 23 12 21 14
19 10 19 12 17 12 17 10
17 24 15 26 14 25 16 23
16 24 16 23 17 23 17 24
17 25 17 24 18 24 18 25
24 14 23 14 23 12 24 12
16 9 16 11 15 11 15 9
25 24 27 24 27 26 25 26
29 24 27 26 25 24 27 22
11 8 9 10 10 11 12 9
29 22 29 24 27 24 27 22
20 14 17 17 18 18 21 15
20 10 21 10 21 14 20 14
19 11 20 10 24 14 23 15
14 15 18 19 17 20 13 16
15 14 15 15 14 15 14 14
21 16 19 18 15 14 17 12
24 15 22 17 21 16 23 14
25 15 25 18 24 18 24 15
26 12 24 14 25 15 27 13
26 13 26 12 27 12 27 13
25 16 24 15 26 13 27 14
29 20 27 22 23 18 25 16
19 14 20 14 20 18 19 18
20 25 16 21 17 20 21 24
21 25 20 25 20 24 21 24
23 25 22 26 21 25 22 24
25 25 24 26 23 25 24 24
11 21 13 21 13 18 11 18
10 22 11 22 11 21 10 21
15 20 16 21 13 24 12 23
14 20 17 23 16 24 13 21
15 24 15 20 14 20 14 24
16 26 16 24 15 24 15 26
15 25 16 24 17 25 16 26
19 16 21 14 25 18 23 20
17 14 19 16 15 20 13 18
15 12 15 14 17 14 17 12
13 8 12 9 15 12 16 11
22 29 18 25 21 22 25 26
10 14 10 18 11 18 11 14
7 17 10 14 14 18 11 21
9 15 9 16 13 16 13 15
27 20 27 22 24 22 24 20
25 22 27 20 29 22 27 24
24 23 22 21 23 20 25 22
9 9 9 10 12 10 12 9
16 18 16 11 18 11 18 18
10 12 10 11 15 11 15 12
7 15 10 12 13 15 10 18
7 10 9 10 9 15 7 15
12 5 16 9 11 14 7 10
15 5 15 9 12 9 12 5
16 29 16 26 22 26 22 29
29 14 29 20 27 20 27 14
31 16 27 20 25 18 29 14
13 14 11 14 11 8 13 8
14 13 15 14 14 15 13 14
