best-score: 667185
count: 2
elapsed-time: 4.98
296
26 24 27 23 28 24 27 25
27 24 27 25 28 25 28 24
26 23 26 24 27 24 27 23
28 23 27 24 26 23 27 22
29 24 28 23 29 22 30 23
22 27 23 28 24 27 23 26
29 23 29 24 28 24 28 23
30 22 30 23 29 23 29 22
30 24 29 23 30 22 31 23
31 24 30 24 30 23 31 23
32 23 31 24 30 23 31 22
33 22 34 23 33 24 32 23
31 29 31 28 30 28 30 29
29 29 30 30 31 29 30 28
29 30 29 29 30 29 30 30
28 22 28 23 27 23 27 22
25 32 26 32 26 31 25 31
26 33 25 32 26 31 27 32
27 33 26 33 26 32 27 32
31 30 30 29 31 28 32 29
32 30 31 30 31 29 32 29
24 24 23 25 22 24 23 23
24 23 25 23 25 24 24 24
25 22 26 23 25 24 24 23
26 22 26 23 25 23 25 22
27 21 28 22 27 23 26 22
28 21 27 21 27 20 28 20
26 21 27 22 28 21 27 20
25 20 26 21 25 22 24 21
25 25 24 24 25 23 26 24
24 26 25 25 26 26 25 27
25 26 25 27 24 27 24 26
26 25 26 26 25 26 25 25
24 25 25 26 26 25 25 24
23 24 23 25 24 25 24 24
22 23 22 24 23 24 23 23
23 22 24 23 23 24 22 23
24 22 24 23 23 23 23 22
25 21 26 22 25 23 24 22
26 20 26 21 25 21 25 20
27 19 28 20 27 21 26 20
26 19 27 19 27 20 26 20
27 18 28 19 27 20 26 19
28 18 28 19 27 19 27 18
27 17 28 18 27 19 26 18
26 17 27 17 27 18 26 18
25 16 26 17 25 18 24 17
25 15 26 15 26 16 25 16
27 15 26 16 25 15 26 14
28 16 27 15 28 14 29 15
32 24 33 25 32 26 31 25
32 25 31 25 31 24 32 24
33 26 33 25 32 25 32 26
34 27 33 26 34 25 35 26
33 27 33 26 34 26 34 27
34 28 33 27 34 26 35 27
35 28 34 28 34 27 35 27
34 29 33 28 34 27 35 28
33 29 33 28 34 28 34 29
32 28 33 29 32 30 31 29
31 27 32 26 33 27 32 28
32 27 32 28 31 28 31 27
31 26 32 25 33 26 32 27
29 21 29 22 28 22 28 21
29 19 28 20 29 21 30 20
29 20 28 20 28 19 29 19
30 21 30 20 29 20 29 21
31 21 31 22 30 22 30 21
32 20 31 21 30 20 31 19
22 25 23 24 24 25 23 26
22 26 22 25 23 25 23 26
23 27 22 26 23 25 24 26
22 28 23 28 23 27 22 27
34 24 34 25 33 25 33 24
35 25 34 26 33 25 34 24
36 26 36 25 35 25 35 26
37 27 36 28 35 27 36 26
33 23 33 24 32 24 32 23
34 22 34 23 33 23 33 22
35 23 34 24 33 23 34 22
35 24 34 24 34 23 35 23
32 22 32 23 31 23 31 22
24 19 25 18 26 19 25 20
23 18 24 19 23 20 22 19
23 16 22 17 23 18 24 17
23 17 23 16 24 16 24 17
24 18 23 17 24 16 25 17
25 19 25 18 24 18 24 19
24 20 25 19 26 20 25 21
23 19 23 20 24 20 24 19
22 18 22 19 23 19 23 18
22 21 23 20 24 21 23 22
30 18 31 17 32 18 31 19
30 19 30 18 31 18 31 19
29 18 30 19 29 20 28 19
29 17 30 18 29 19 28 18
30 17 30 18 29 18 29 17
31 16 31 17 30 17 30 16
32 19 31 18 32 17 33 18
31 20 32 20 32 19 31 19
32 21 31 22 30 21 31 20
33 21 33 22 32 22 32 21
27 14 27 15 26 15 26 14
27 13 28 13 28 14 27 14
33 19 32 19 32 18 33 18
34 20 33 21 32 20 33 19
33 20 33 19 34 19 34 20
34 21 33 22 32 21 33 20
35 35 35 34 34 34 34 35
31 15 30 16 29 15 30 14
40 30 39 31 38 30 39 29
36 34 36 33 37 33 37 34
35 33 36 34 35 35 34 34
35 36 34 35 35 34 36 35
36 36 35 36 35 35 36 35
36 20 37 20 37 21 36 21
37 19 38 20 37 21 36 20
38 19 38 20 37 20 37 19
17 19 16 20 17 21 18 20
16 22 15 23 14 22 15 21
37 36 36 35 37 34 38 35
14 20 15 19 16 20 15 21
14 33 13 33 13 32 14 32
12 33 13 34 14 33 13 32
12 34 12 33 13 33 13 34
39 14 38 14 38 13 39 13
27 26 26 25 27 24 28 25
30 27 28 25 29 24 31 26
30 26 31 26 31 27 30 27
29 25 30 24 31 25 30 26
30 25 29 25 29 24 30 24
29 27 30 26 31 27 30 28
28 27 28 25 29 25 29 27
27 28 28 27 30 29 29 30
26 28 26 26 27 26 27 28
29 28 29 27 30 27 30 28
27 29 29 29 29 28 27 28
28 30 26 32 25 31 27 29
30 31 28 33 27 32 29 30
31 31 30 31 30 30 31 30
33 31 33 32 31 32 31 31
32 32 31 31 32 30 33 31
29 31 30 30 31 31 30 32
29 32 29 31 30 31 30 32
28 31 28 30 29 30 29 31
32 31 31 32 30 31 31 30
35 30 33 32 32 31 34 29
33 30 35 30 35 31 33 31
22 20 24 22 23 23 21 21
21 20 22 20 22 21 21 21
28 35 28 36 26 36 26 35
26 37 28 35 29 36 27 38
26 38 28 36 30 38 28 40
27 39 27 38 26 38 26 39
37 29 37 27 39 27 39 29
37 31 36 30 37 29 38 30
39 33 39 31 37 31 37 33
38 32 39 31 40 32 39 33
36 32 36 30 38 30 38 32
35 32 36 32 36 33 35 33
34 33 35 32 36 33 35 34
31 34 32 35 34 33 33 32
30 34 30 32 31 32 31 34
32 36 30 34 32 32 34 34
34 36 32 36 32 35 34 35
35 37 34 36 35 35 36 36
34 37 34 36 35 36 35 37
30 37 32 39 34 37 32 35
37 22 35 24 34 23 36 21
24 37 26 37 26 38 24 38
36 22 34 22 34 21 36 21
34 32 35 31 36 32 35 33
33 33 34 33 34 32 33 32
21 19 22 18 23 19 22 20
22 35 21 36 19 34 20 33
24 33 26 35 24 37 22 35
24 35 24 33 26 33 26 35
22 37 24 37 24 35 22 35
21 38 20 37 21 36 22 37
22 14 24 16 25 15 23 13
24 39 22 37 24 35 26 37
35 18 37 20 36 21 34 19
39 26 39 24 41 24 41 26
33 14 31 16 32 17 34 15
38 36 36 34 37 33 39 35
39 36 38 36 38 35 39 35
41 30 41 32 40 32 40 30
17 23 15 23 15 21 17 21
18 22 17 23 16 22 17 21
13 20 13 22 14 22 14 20
15 18 15 19 17 19 17 18
35 13 35 15 34 15 34 13
37 13 38 14 36 16 35 15
16 14 16 16 18 16 18 14
16 18 14 16 16 14 18 16
36 14 38 14 38 16 36 16
17 41 19 41 19 40 17 40
38 18 38 16 40 16 40 18
35 17 37 19 38 18 36 16
33 17 35 17 35 18 33 18
34 18 33 19 32 18 33 17
41 15 40 16 38 14 39 13
26 29 24 27 25 26 27 28
27 31 27 29 26 29 26 31
28 32 28 31 27 31 27 32
29 35 27 33 28 32 30 34
28 26 26 28 27 29 29 27
29 33 29 32 28 32 28 33
23 30 25 32 24 33 22 31
18 24 17 24 17 23 18 23
33 13 35 15 33 17 31 15
25 30 28 30 28 27 25 27
23 31 25 31 25 30 23 30
23 34 22 34 22 31 23 31
22 30 23 31 26 28 25 27
19 30 19 28 22 28 22 30
18 29 19 30 15 34 14 33
16 25 15 26 18 29 19 28
14 21 13 22 16 25 17 24
16 19 14 21 13 20 15 18
23 29 23 28 26 28 26 29
27 30 26 31 25 30 26 29
21 28 17 24 18 23 22 27
18 25 18 24 22 24 22 25
32 33 32 35 29 35 29 33
18 26 22 30 21 31 17 27
16 26 16 25 18 25 18 26
15 25 17 23 18 24 16 26
13 25 15 25 15 26 13 26
10 28 13 25 17 29 14 32
37 30 35 28 39 24 41 26
18 27 18 26 22 26 22 27
29 40 29 36 28 36 28 40
28 41 26 39 27 38 29 40
15 30 19 30 19 34 15 34
27 37 30 37 30 38 27 38
37 25 36 25 36 22 37 22
38 24 37 25 35 23 36 22
39 20 39 24 38 24 38 20
38 21 37 20 38 19 39 20
40 23 39 24 37 22 38 21
18 31 17 31 17 29 18 29
19 35 22 35 22 34 19 34
22 22 22 23 18 23 18 22
23 21 23 22 22 22 22 21
18 19 18 20 21 20 21 19
17 20 16 19 17 18 18 19
18 21 18 20 17 20 17 21
19 13 18 14 22 18 23 17
19 16 19 13 23 13 23 16
18 17 19 16 22 19 21 20
14 15 17 18 18 17 15 14
13 16 14 16 14 15 13 15
21 39 24 39 24 38 21 38
40 29 41 30 37 34 36 33
39 30 40 30 40 29 39 29
32 14 33 14 33 17 32 17
18 18 22 18 22 17 18 17
34 16 31 16 31 15 34 15
34 17 38 13 39 14 35 18
19 36 20 37 17 40 16 39
19 38 19 36 21 36 21 38
40 17 38 19 34 15 36 13
42 33 39 36 38 35 41 32
42 35 39 35 39 33 42 33
15 11 18 14 16 16 13 13
16 11 16 14 15 14 15 11
43 15 40 18 38 16 41 13
43 13 43 15 41 15 41 13
17 34 23 28 25 30 19 36
20 38 21 39 27 33 26 32
19 39 13 33 14 32 20 38
19 43 17 41 19 39 21 41
21 43 19 43 19 41 21 41
23 41 21 43 19 41 21 39
23 40 28 40 28 41 23 41
21 42 19 40 21 38 23 40
33 42 26 35 28 33 35 40
32 42 32 39 33 39 33 42
19 33 21 31 26 36 24 38
11 37 13 39 19 33 17 31
35 41 35 40 29 40 29 41
37 39 35 41 33 39 35 37
38 39 37 39 37 36 38 36
36 37 37 36 39 38 38 39
35 38 34 37 35 36 36 37
36 38 35 38 35 37 36 37
12 25 13 26 18 21 17 20
12 22 13 22 13 25 12 25
21 40 19 40 19 39 21 39
23 42 21 40 24 37 26 39
15 39 13 39 13 34 15 34
16 38 19 38 19 39 16 39
11 35 15 39 16 38 12 34
11 36 11 35 19 35 19 36
17 42 11 36 13 34 19 40
