best-score: 769083
count: 2
elapsed-time: 5.059
337
24 23 24 22 25 22 25 23
24 21 23 22 24 23 25 22
23 21 24 21 24 22 23 22
22 20 23 21 22 22 21 21
23 23 22 23 22 22 23 22
24 24 23 23 24 22 25 23
23 24 23 23 24 23 24 24
23 29 24 29 24 28 23 28
23 27 22 28 23 29 24 28
27 24 28 23 29 24 28 25
23 18 23 17 24 17 24 18
24 19 23 18 24 17 25 18
25 19 24 19 24 18 25 18
26 18 25 19 24 18 25 17
27 18 27 19 26 19 26 18
28 17 27 18 26 17 27 16
28 18 27 18 27 17 28 17
25 16 25 17 24 17 24 16
23 16 24 17 25 16 24 15
23 15 24 15 24 16 23 16
22 16 23 15 24 16 23 17
22 17 22 16 23 16 23 17
21 18 22 17 23 18 22 19
21 19 20 19 20 18 21 18
21 20 21 19 22 19 22 20
20 20 21 20 21 21 20 21
19 19 20 18 21 19 20 20
18 20 17 19 18 18 19 19
19 20 18 20 18 19 19 19
19 18 18 19 19 20 20 19
30 26 30 25 31 25 31 26
17 27 16 26 17 25 18 26
16 27 16 26 17 26 17 27
18 25 18 26 17 26 17 25
15 22 14 23 15 24 16 23
14 21 15 20 16 21 15 22
13 20 14 21 13 22 12 21
17 23 16 23 16 22 17 22
17 21 16 22 17 23 18 22
18 21 18 22 17 22 17 21
17 20 18 21 17 22 16 21
16 20 17 20 17 21 16 21
16 18 15 19 16 20 17 19
16 19 16 18 17 18 17 19
15 18 16 17 17 18 16 19
15 17 16 17 16 18 15 18
16 16 17 17 16 18 15 17
17 16 17 17 16 17 16 16
19 22 18 21 19 20 20 21
33 23 34 23 34 24 33 24
32 24 33 23 34 24 33 25
32 25 32 24 33 24 33 25
33 26 32 25 33 24 34 25
34 26 33 26 33 25 34 25
32 26 33 27 34 26 33 25
31 27 30 26 31 25 32 26
32 27 31 27 31 26 32 26
28 16 27 17 26 16 27 15
29 17 29 16 28 16 28 17
30 16 29 17 28 16 29 15
30 15 31 15 31 16 30 16
28 15 29 16 30 15 29 14
28 14 29 14 29 15 28 15
30 14 29 15 28 14 29 13
31 13 32 14 31 15 30 14
31 14 31 13 32 13 32 14
32 15 31 16 30 15 31 14
33 15 32 15 32 14 33 14
34 14 33 15 32 14 33 13
35 15 35 14 34 14 34 15
36 14 35 15 34 14 35 13
24 13 25 13 25 14 24 14
23 14 24 13 25 14 24 15
15 23 15 24 14 24 14 23
14 22 15 23 14 24 13 23
13 21 13 22 14 22 14 21
12 20 12 21 13 21 13 20
35 25 35 24 34 24 34 25
15 21 15 22 16 22 16 21
14 20 15 21 14 22 13 21
13 19 13 20 14 20 14 19
11 19 12 20 13 19 12 18
35 23 34 23 34 22 35 22
35 21 34 22 35 23 36 22
36 21 36 22 35 22 35 21
37 22 36 23 35 22 36 21
37 23 36 23 36 22 37 22
27 32 28 31 29 32 28 33
28 32 27 32 27 31 28 31
26 32 27 33 28 32 27 31
26 33 26 32 27 32 27 33
25 32 26 31 27 32 26 33
25 31 26 31 26 32 25 32
24 32 25 31 26 32 25 33
23 32 23 31 24 31 24 32
24 33 23 32 24 31 25 32
24 35 23 34 24 33 25 34
24 34 25 34 25 35 24 35
23 33 23 34 24 34 24 33
22 32 23 31 24 32 23 33
22 33 22 32 23 32 23 33
22 35 21 34 22 33 23 34
21 35 22 35 22 36 21 36
36 24 35 24 35 23 36 23
26 34 25 34 25 33 26 33
27 35 26 36 25 35 26 34
13 24 12 23 13 22 14 23
12 24 12 23 13 23 13 24
27 14 26 15 27 16 28 15
27 13 28 13 28 14 27 14
26 12 27 13 26 14 25 13
18 33 19 34 20 33 19 32
18 32 19 32 19 33 18 33
17 33 18 32 19 33 18 34
17 34 17 33 18 33 18 34
18 17 18 18 17 18 17 17
19 16 18 17 17 16 18 15
17 31 16 31 16 30 17 30
32 29 33 30 32 31 31 30
30 32 30 33 29 33 29 32
29 31 30 32 29 33 28 32
28 34 28 33 29 33 29 34
27 34 28 34 28 35 27 35
26 35 25 34 26 33 27 34
27 36 27 35 26 35 26 36
14 18 13 19 14 20 15 19
14 30 13 29 14 28 15 29
32 18 33 17 34 18 33 19
20 34 20 33 19 33 19 34
20 35 20 34 21 34 21 35
29 12 29 13 28 13 28 12
30 13 29 14 28 13 29 12
30 12 31 12 31 13 30 13
31 11 32 12 31 13 30 12
32 11 32 12 31 12 31 11
33 12 32 13 31 12 32 11
18 13 17 14 18 15 19 14
33 18 33 17 34 17 34 18
32 19 33 19 33 18 32 18
34 29 35 29 35 30 34 30
34 31 33 30 34 29 35 30
33 32 34 31 35 32 34 33
32 33 33 33 33 32 32 32
31 32 32 31 33 32 32 33
30 31 31 32 30 33 29 32
29 30 29 31 30 31 30 30
30 29 31 30 30 31 29 30
31 29 31 30 30 30 30 29
32 28 31 29 30 28 31 27
33 28 32 28 32 27 33 27
34 27 35 28 34 29 33 28
29 11 30 12 29 13 28 12
30 11 30 12 29 12 29 11
31 31 31 32 32 32 32 31
32 30 31 31 30 30 31 29
33 29 33 30 32 30 32 29
34 28 34 29 33 29 33 28
35 27 35 28 34 28 34 27
36 28 35 29 34 28 35 27
36 29 35 29 35 28 36 28
37 28 36 29 35 28 36 27
17 15 16 16 15 15 16 14
18 14 18 15 17 15 17 14
19 13 19 14 18 14 18 13
37 27 37 28 36 28 36 27
14 29 14 30 13 30 13 29
15 28 15 29 14 29 14 28
33 16 34 15 35 16 34 17
34 16 33 16 33 15 34 15
32 16 33 17 34 16 33 15
32 17 32 16 33 16 33 17
31 18 32 17 33 18 32 19
31 17 32 17 32 18 31 18
15 14 15 15 16 15 16 14
16 13 17 14 16 15 15 14
17 13 17 14 16 14 16 13
18 12 19 13 18 14 17 13
17 12 18 12 18 13 17 13
16 11 17 12 16 13 15 12
33 31 33 30 34 30 34 31
34 32 33 33 32 32 33 31
35 31 35 32 34 32 34 31
36 30 35 31 34 30 35 29
36 31 35 31 35 30 36 30
37 30 36 31 35 30 36 29
37 29 37 30 36 30 36 29
38 28 37 29 36 28 37 27
38 29 37 29 37 28 38 28
35 17 35 16 34 16 34 17
36 16 35 17 34 16 35 15
34 34 34 33 33 33 33 34
33 35 34 34 35 35 34 36
34 35 34 36 33 36 33 35
35 34 35 35 34 35 34 34
36 35 35 36 34 35 35 34
36 36 35 36 35 35 36 35
36 15 36 16 35 16 35 15
34 13 33 14 34 15 35 14
32 35 33 34 34 35 33 36
32 34 33 34 33 35 32 35
34 12 34 13 33 13 33 12
33 11 34 12 33 13 32 12
36 13 36 14 35 14 35 13
37 14 36 15 35 14 36 13
37 15 36 15 36 14 37 14
31 24 32 25 31 26 30 25
31 28 32 27 33 28 32 29
30 27 30 28 31 28 31 27
29 28 30 27 31 28 30 29
29 29 29 28 30 28 30 29
28 30 29 29 30 30 29 31
28 29 29 29 29 30 28 30
27 30 28 29 29 30 28 31
26 30 27 30 27 31 26 31
36 26 35 27 34 26 35 25
35 26 36 26 36 27 35 27
36 25 35 26 34 25 35 24
31 33 30 32 31 31 32 32
31 34 31 33 32 33 32 34
30 35 31 34 32 35 31 36
29 36 28 35 29 34 30 35
29 35 30 35 30 36 29 36
30 34 29 35 28 34 29 33
31 35 31 34 30 34 30 35
32 36 32 35 31 35 31 36
31 37 30 36 31 35 32 36
30 37 30 36 31 36 31 37
22 26 24 24 25 25 23 27
20 24 22 26 20 28 18 26
22 24 20 24 20 23 22 23
23 26 23 24 22 24 22 26
22 25 23 26 22 27 21 26
21 24 22 23 23 24 22 25
19 26 18 25 20 23 21 24
25 26 23 24 24 23 26 25
26 27 24 29 23 28 25 26
28 27 26 27 26 25 28 25
27 28 28 27 29 28 28 29
28 28 28 29 27 29 27 28
29 27 29 28 28 28 28 27
29 26 30 26 30 27 29 27
27 26 27 24 29 24 29 26
25 28 27 28 27 26 25 26
21 23 22 22 23 23 22 24
19 21 21 23 20 24 18 22
20 22 20 21 19 21 19 22
26 23 26 25 25 25 25 23
28 21 28 23 26 23 26 21
29 20 28 21 26 19 27 18
26 20 24 22 23 21 25 19
25 20 25 19 26 19 26 20
23 20 24 21 25 20 24 19
22 21 23 21 23 20 22 20
21 22 22 22 22 21 21 21
27 22 26 23 25 22 26 21
29 22 28 23 27 22 28 21
31 22 31 24 29 24 29 22
32 21 34 23 33 24 31 22
25 27 27 29 26 30 24 28
21 27 22 27 22 26 21 26
27 20 29 20 29 22 27 22
30 23 30 25 28 25 28 23
30 21 29 22 30 23 31 22
30 20 32 20 32 21 30 21
31 19 30 20 28 18 29 17
25 29 25 31 24 31 24 29
21 29 23 29 23 31 21 31
14 25 15 24 17 26 16 27
12 25 13 26 14 25 13 24
13 25 13 26 12 26 12 25
11 25 12 26 13 25 12 24
11 24 12 24 12 25 11 25
23 37 22 36 24 34 25 35
19 17 20 18 22 16 21 15
18 16 18 17 19 17 19 16
19 15 18 16 17 15 18 14
21 16 21 15 19 15 19 16
22 15 23 16 22 17 21 16
22 14 23 14 23 15 22 15
23 13 24 14 23 15 22 14
15 27 13 25 14 24 16 26
16 28 16 27 15 27 15 28
17 29 16 30 15 29 16 28
31 21 32 20 34 22 33 23
30 19 28 17 29 16 31 18
31 20 30 21 29 20 30 19
33 20 32 21 31 20 32 19
18 29 17 30 15 28 16 27
18 30 17 30 17 29 18 29
19 31 18 30 20 28 21 29
21 32 21 31 19 31 19 32
22 31 23 32 22 33 21 32
20 17 20 18 19 18 19 17
20 15 19 16 20 17 21 16
30 18 31 18 31 19 30 19
20 12 22 14 21 15 19 13
12 27 14 29 15 28 13 26
14 32 16 30 17 31 15 33
18 37 17 36 19 34 20 35
15 32 13 30 14 29 16 31
13 34 15 32 17 34 15 36
14 34 14 36 13 36 13 34
17 35 16 36 14 34 15 33
16 35 17 35 17 36 16 36
15 30 15 32 14 32 14 30
16 29 16 30 15 30 15 29
17 28 17 29 16 29 16 28
13 15 15 17 14 18 12 16
13 16 13 15 15 15 15 16
13 18 12 18 12 16 13 16
12 19 13 18 14 19 13 20
11 18 11 19 12 19 12 18
17 32 17 33 15 33 15 32
18 31 18 32 17 32 17 31
19 30 19 31 18 31 18 30
20 31 19 32 18 31 19 30
14 12 14 14 15 14 15 12
15 11 17 13 16 14 14 12
16 12 16 11 15 11 15 12
13 13 12 14 13 15 14 14
13 11 12 12 13 13 14 12
29 19 30 19 30 20 29 20
26 22 30 26 29 27 25 23
18 27 21 27 21 29 18 29
23 30 22 31 18 27 19 26
25 30 24 31 23 30 24 29
26 29 27 30 26 31 25 30
19 25 18 25 18 22 19 22
21 25 21 26 19 26 19 25
19 37 18 37 18 34 19 34
20 36 19 37 17 35 18 34
21 37 20 36 21 35 22 36
20 37 20 36 21 36 21 37
37 20 36 21 33 18 34 17
11 33 14 30 17 33 14 36
37 19 37 20 33 20 33 19
36 20 34 18 35 17 37 19
