best-score: 800802
count: 8
elapsed-time: 4.897
133
17 13 16 14 17 15 18 14
16 24 17 23 18 24 17 25
17 24 18 24 18 25 17 25
16 23 16 24 17 24 17 23
16 25 15 24 16 23 17 24
15 25 15 24 16 24 16 25
20 26 20 25 19 25 19 26
17 14 17 15 16 15 16 14
18 13 18 14 17 14 17 13
19 24 20 25 19 26 18 25
16 13 17 14 16 15 15 14
15 13 16 13 16 14 15 14
16 12 15 13 14 12 15 11
17 12 17 13 16 13 16 12
19 12 18 13 17 12 18 11
20 29 20 28 19 28 19 29
23 12 23 13 22 13 22 12
21 12 22 13 23 12 22 11
21 11 22 11 22 12 21 12
21 13 20 12 21 11 22 12
20 13 20 12 21 12 21 13
20 11 19 12 20 13 21 12
19 11 20 11 20 12 19 12
10 15 11 16 10 17 9 16
10 16 10 15 11 15 11 16
9 17 10 17 10 16 9 16
11 14 12 13 13 14 12 15
12 14 12 15 11 15 11 14
13 13 13 14 12 14 12 13
12 12 13 11 14 12 13 13
15 12 14 12 14 11 15 11
16 11 17 12 16 13 15 12
15 10 15 11 16 11 16 10
26 26 27 25 28 26 27 27
26 27 26 26 27 26 27 27
28 25 28 26 27 26 27 25
12 27 11 28 10 27 11 26
11 27 11 26 12 26 12 27
10 28 11 28 11 27 10 27
10 29 9 29 9 28 10 28
17 20 19 20 19 18 17 18
21 20 19 22 17 20 19 18
21 22 19 22 19 20 21 20
17 22 19 24 21 22 19 20
19 23 19 22 17 22 17 23
20 24 19 25 18 24 19 23
19 16 19 18 20 18 20 16
21 18 19 20 17 18 19 16
23 18 23 20 21 20 21 18
22 17 23 18 22 19 21 18
20 15 19 16 17 14 18 13
21 14 23 16 22 17 20 15
21 15 20 15 20 14 21 14
22 14 21 15 20 14 21 13
23 15 22 14 23 13 24 14
21 16 23 16 23 15 21 15
22 21 21 20 22 19 23 20
23 22 22 23 21 22 22 21
20 23 20 24 19 24 19 23
20 21 22 21 22 23 20 23
18 10 16 12 17 13 19 11
19 10 19 11 18 11 18 10
21 8 22 9 20 11 19 10
13 23 14 22 16 24 15 25
12 18 10 16 11 15 13 17
8 21 10 19 11 20 9 22
8 22 8 21 9 21 9 22
14 21 14 22 12 22 12 21
15 20 17 22 16 23 14 21
17 21 17 20 15 20 15 21
10 24 12 26 11 27 9 25
11 23 10 24 8 22 9 21
12 24 11 23 12 22 13 23
10 22 10 24 12 24 12 22
28 29 26 27 27 26 29 28
29 29 28 29 28 28 29 28
22 20 19 23 17 21 20 18
29 21 26 24 22 20 25 17
25 19 22 19 22 17 25 17
24 20 20 16 21 15 25 19
24 22 23 22 23 20 24 20
17 17 16 18 12 14 13 13
16 17 17 17 17 18 16 18
14 19 16 17 17 18 15 20
13 18 14 19 12 21 11 20
14 17 13 18 11 16 12 15
14 15 16 15 16 17 14 17
14 13 13 14 14 15 15 14
13 12 13 13 14 13 14 12
12 11 12 12 13 12 13 11
13 10 14 11 13 12 12 11
14 10 14 11 13 11 13 10
15 9 16 10 15 11 14 10
14 9 15 9 15 10 14 10
25 21 25 19 29 19 29 21
11 19 14 22 15 21 12 18
10 20 11 20 11 19 10 19
8 18 9 17 11 19 10 20
12 17 12 18 13 18 13 17
24 21 28 25 27 26 23 22
25 26 23 28 20 25 22 23
25 24 26 24 26 26 25 26
15 28 19 28 19 26 15 26
9 18 12 18 12 21 9 21
8 17 8 18 9 18 9 17
23 26 23 28 20 28 20 26
22 25 23 26 20 29 19 28
16 26 17 25 20 28 19 29
11 18 10 19 9 18 10 17
18 29 15 26 16 25 19 28
20 8 21 8 21 11 20 11
13 20 13 23 11 23 11 20
15 18 15 20 13 20 13 18
12 25 15 25 15 26 12 26
8 23 11 26 12 25 9 22
8 26 8 23 11 23 11 26
7 27 8 26 10 28 9 29
7 24 10 24 10 27 7 27
6 25 7 24 10 27 9 28
6 28 6 25 9 25 9 28
26 11 22 11 22 9 26 9
22 24 22 25 20 25 20 24
23 29 20 26 22 24 25 27
25 23 25 24 22 24 22 23
29 16 24 21 23 20 28 15
29 18 23 18 23 16 29 16
32 15 29 18 23 12 26 9
28 13 28 15 23 15 23 13
29 10 29 13 28 13 28 10
33 15 29 19 24 14 28 10
32 25 32 15 28 15 28 25
38 19 32 25 23 16 29 10
38 18 38 19 29 19 29 18
