best-score: 607037
count: 8
elapsed-time: 4.517
86
31 20 32 21 31 22 30 21
16 15 16 14 17 14 17 15
32 23 30 25 29 24 31 22
34 21 34 23 32 23 32 21
33 22 34 21 35 22 34 23
27 26 25 24 27 22 29 24
30 37 28 39 27 38 29 36
27 24 27 26 25 26 25 24
29 22 29 24 27 24 27 22
29 20 31 20 31 22 29 22
28 21 29 20 30 21 29 22
30 19 32 19 32 21 30 21
31 18 32 19 31 20 30 19
40 31 42 33 40 35 38 33
14 28 16 26 17 27 15 29
21 19 21 20 23 20 23 19
14 26 14 25 16 25 16 26
42 35 42 37 40 37 40 35
16 35 14 35 14 33 16 33
21 25 25 29 26 28 22 24
27 31 24 34 22 32 25 29
28 25 28 21 30 21 30 25
21 22 25 26 27 24 23 20
30 16 30 19 29 19 29 16
38 30 42 30 42 33 38 33
39 29 38 30 36 28 37 27
33 20 36 17 37 18 34 21
35 20 35 22 33 22 33 20
26 43 29 43 29 42 26 42
24 45 22 43 24 41 26 43
23 39 26 42 25 43 22 40
25 40 25 43 22 43 22 40
43 17 43 21 41 21 41 17
40 20 43 17 44 18 41 21
40 18 44 18 44 20 40 20
37 14 37 18 40 18 40 14
38 27 38 30 37 30 37 27
33 18 33 20 31 20 31 18
33 32 29 36 23 30 27 26
29 30 29 36 23 36 23 30
35 36 29 42 23 36 29 30
35 42 29 42 29 36 35 36
32 35 30 37 35 42 37 40
24 35 24 34 32 34 32 35
16 41 24 41 24 35 16 35
35 32 37 30 42 35 40 37
43 36 43 32 35 32 35 36
44 37 43 38 42 37 43 36
42 40 44 40 44 37 42 37
25 14 24 15 29 20 30 19
25 15 24 15 24 14 25 14
30 10 34 14 29 19 25 15
20 29 16 25 21 20 25 24
20 26 25 26 25 29 20 29
34 24 40 18 43 21 37 27
34 30 29 30 29 24 34 24
16 22 16 25 21 25 21 22
17 21 21 25 20 26 16 22
18 15 18 21 17 21 17 15
17 16 16 15 17 14 18 15
17 32 25 40 24 41 16 33
19 32 17 32 17 27 19 27
19 40 19 32 22 32 22 40
20 18 21 19 25 15 24 14
14 18 17 21 20 18 17 15
20 39 16 35 19 32 23 36
20 36 23 36 23 39 20 39
15 36 15 29 20 29 20 36
15 34 14 35 15 36 16 35
15 32 14 33 15 34 16 33
26 17 36 17 36 28 26 28
40 26 40 31 27 31 27 26
34 20 40 26 32 34 26 28
36 10 30 16 34 20 40 14
36 16 30 16 30 10 36 10
41 16 41 17 36 17 36 16
34 40 34 30 37 30 37 40
33 41 19 27 20 26 34 40
33 45 24 45 24 41 33 41
31 32 31 22 33 22 33 32
25 17 36 28 34 30 23 19
26 15 26 17 25 17 25 15
22 17 22 24 25 24 25 17
23 16 28 21 27 22 22 17
40 38 33 45 14 26 21 19
30 38 30 37 40 37 40 38
