best-score: 687930
count: 52
elapsed-time: 4.553
42
12 19 11 19 11 18 12 18
11 20 10 19 11 18 12 19
14 20 13 21 11 19 12 18
16 21 16 20 14 20 14 21
13 23 14 23 14 21 13 21
12 11 11 10 13 8 14 9
12 9 14 9 14 11 12 11
11 12 12 12 12 11 11 11
19 9 18 10 16 8 17 7
10 22 11 22 11 20 10 20
10 24 9 23 10 22 11 23
8 20 10 20 10 19 8 19
9 15 12 18 15 15 12 12
13 16 13 15 9 15 9 16
11 14 13 16 11 18 9 16
18 13 17 13 17 10 18 10
15 7 11 11 12 12 16 8
15 10 15 7 17 7 17 10
17 14 14 11 15 10 18 13
7 17 10 20 11 19 8 16
8 17 7 17 7 16 8 16
6 19 8 17 10 19 8 21
8 15 7 16 8 17 9 16
21 11 21 7 23 7 23 11
23 9 21 11 19 9 21 7
13 10 13 15 15 15 15 10
11 8 11 10 13 10 13 8
17 19 13 15 18 10 22 14
21 19 17 19 17 14 21 14
13 20 12 19 17 14 18 15
12 23 11 22 13 20 14 21
11 13 17 13 17 14 11 14
14 16 14 20 13 20 13 16
12 22 12 23 11 23 11 22
12 24 11 23 12 22 13 23
13 24 12 24 12 23 13 23
17 22 12 22 12 19 17 19
15 24 14 23 16 21 17 22
18 24 18 15 15 15 15 24
27 15 18 24 14 20 23 11
27 13 27 15 18 15 18 13
20 21 11 12 12 11 21 20
