best-score: 620713
count: 12
elapsed-time: 4.826
71
25 19 26 20 25 21 24 20
26 18 25 19 24 18 25 17
24 16 25 17 26 16 25 15
18 25 18 23 19 23 19 25
27 17 25 17 25 15 27 15
28 16 27 17 26 16 27 15
28 18 26 18 26 16 28 16
27 19 26 18 27 17 28 18
27 21 25 21 25 19 27 19
28 20 27 21 26 20 27 19
25 32 26 32 26 29 25 29
27 33 26 32 30 28 31 29
26 24 24 24 24 20 26 20
24 22 25 21 27 23 26 24
27 22 27 21 31 21 31 22
32 20 28 20 28 18 32 18
29 17 32 20 31 21 28 18
29 19 27 19 27 17 29 17
31 25 31 22 34 22 34 25
28 28 24 24 27 21 31 25
21 25 21 29 19 29 19 25
22 20 19 23 21 25 24 22
22 18 24 18 24 20 22 20
33 21 36 18 37 19 34 22
22 39 19 39 19 36 22 36
26 13 26 16 24 16 24 13
29 32 22 39 19 36 26 29
26 25 26 29 31 29 31 25
14 24 19 29 24 24 19 19
36 30 31 25 34 22 39 27
38 32 35 35 33 33 36 30
27 34 27 33 33 33 33 34
15 29 22 36 26 32 19 25
15 36 15 29 19 29 19 36
15 37 14 37 14 36 15 36
22 30 15 37 14 36 21 29
39 25 39 27 34 27 34 25
34 30 27 23 32 18 39 25
31 14 33 14 33 21 31 21
29 24 29 19 37 19 37 24
32 27 29 24 31 22 34 25
32 30 32 27 34 27 34 30
17 23 22 18 24 20 19 25
18 18 18 23 17 23 17 18
19 17 19 19 25 19 25 17
20 18 19 19 18 18 19 17
22 16 24 18 22 20 20 18
20 16 22 16 22 18 20 18
22 14 24 16 22 18 20 16
38 34 38 39 33 39 33 34
35 41 33 39 38 34 40 36
28 35 28 41 35 41 35 35
11 26 13 28 18 23 16 21
31 46 26 41 33 34 38 39
27 4 16 15 26 25 37 14
11 35 15 39 25 29 21 25
11 28 13 28 13 35 11 35
43 36 38 41 29 32 34 27
32 11 18 25 25 32 39 18
36 11 36 18 32 18 32 11
32 36 22 36 22 30 32 30
29 16 41 16 41 17 29 17
28 11 26 13 29 16 31 14
31 11 31 14 28 14 28 11
35 15 32 18 28 14 31 11
26 19 34 27 37 24 29 16
35 4 35 15 27 15 27 4
43 17 43 36 41 36 41 17
44 18 32 30 31 29 43 17
44 25 39 25 39 18 44 18
17 30 28 41 44 25 33 14
