best-score: 584705
count: 32
elapsed-time: 4.576
54
22 16 24 18 22 20 20 18
19 15 17 13 19 11 21 13
25 18 26 19 24 21 23 20
23 22 24 21 26 23 25 24
22 22 22 20 23 20 23 22
15 15 18 18 17 19 14 16
14 10 12 12 15 15 17 13
20 21 18 21 18 18 20 18
21 20 23 22 22 23 20 21
21 17 22 17 22 20 21 20
17 17 17 13 21 13 21 17
15 18 19 14 22 17 18 21
14 19 10 15 11 14 15 18
14 17 17 17 17 19 14 19
22 14 19 14 19 11 22 11
26 18 22 22 18 18 22 14
25 19 26 19 26 18 25 18
24 19 25 19 25 21 24 21
11 15 11 14 15 14 15 15
23 11 24 12 22 14 21 13
23 23 23 22 26 22 26 23
24 24 23 23 25 21 26 22
20 24 20 21 24 21 24 24
21 25 20 24 22 22 23 23
22 26 22 23 23 23 23 26
24 28 22 26 24 24 26 26
25 28 24 28 24 24 25 24
27 26 25 28 23 26 25 24
13 25 9 25 9 23 13 23
17 26 17 25 13 25 13 26
27 23 27 26 26 26 26 23
18 15 18 18 15 18 15 15
18 14 19 14 19 15 18 15
20 12 24 12 24 18 20 18
17 22 18 21 23 26 22 27
17 23 17 22 22 22 22 23
10 16 17 23 16 24 9 17
11 16 10 16 10 15 11 15
11 17 11 16 14 16 14 17
11 18 9 18 9 17 11 17
15 24 15 18 11 18 11 24
15 28 13 26 15 24 17 26
16 28 15 28 15 24 16 24
17 21 13 25 16 28 20 24
14 12 11 15 17 21 20 18
12 11 12 12 14 12 14 11
8 15 12 11 15 14 11 18
12 21 14 19 17 22 15 24
12 22 12 21 17 21 17 22
10 26 9 25 12 22 13 23
17 27 17 26 22 26 22 27
19 10 19 11 14 11 14 10
25 16 21 20 15 14 19 10
25 17 22 17 22 16 25 16
