best-score: 729271
count: 2
elapsed-time: 5.117
334
23 27 24 27 24 26 23 26
23 25 22 26 23 27 24 26
22 25 23 25 23 26 22 26
26 30 26 29 27 29 27 30
28 30 27 31 26 30 27 29
28 31 27 31 27 30 28 30
29 30 28 31 27 30 28 29
31 30 30 31 29 30 30 29
32 29 32 30 31 30 31 29
32 31 31 30 32 29 33 30
33 31 32 31 32 30 33 30
33 29 32 30 33 31 34 30
34 29 34 30 33 30 33 29
34 31 33 30 34 29 35 30
35 31 34 31 34 30 35 30
25 24 24 24 24 23 25 23
28 23 27 22 28 21 29 22
28 22 29 22 29 23 28 23
29 21 30 22 29 23 28 22
29 29 29 30 28 30 28 29
22 29 21 30 20 29 21 28
21 29 22 29 22 30 21 30
20 28 20 29 21 29 21 28
20 30 19 29 20 28 21 29
19 30 20 30 20 31 19 31
18 29 18 30 19 30 19 29
19 28 20 29 19 30 18 29
30 30 31 29 32 30 31 31
29 31 28 30 29 29 30 30
33 23 34 24 33 25 32 24
33 28 33 29 32 29 32 28
22 28 23 29 22 30 21 29
23 28 23 29 22 29 22 28
22 27 23 26 24 27 23 28
21 27 22 27 22 28 21 28
21 25 20 26 21 27 22 26
22 24 21 25 20 24 21 23
21 24 22 24 22 25 21 25
20 23 20 24 21 24 21 23
22 31 21 32 20 31 21 30
18 28 19 29 18 30 17 29
17 28 18 28 18 29 17 29
16 27 16 28 17 28 17 27
15 28 16 27 17 28 16 29
23 34 22 34 22 33 23 33
16 26 17 27 16 28 15 27
15 26 16 26 16 27 15 27
30 33 31 34 30 35 29 34
30 34 30 33 31 33 31 34
29 35 30 35 30 34 29 34
25 14 25 13 26 13 26 14
17 30 16 30 16 29 17 29
15 25 15 26 14 26 14 25
13 25 14 26 15 25 14 24
13 24 14 24 14 25 13 25
32 20 31 19 32 18 33 19
32 19 33 19 33 20 32 20
31 18 31 19 32 19 32 18
33 18 32 19 31 18 32 17
34 32 34 31 33 31 33 32
32 32 33 33 34 32 33 31
32 33 32 32 33 32 33 33
31 32 32 31 33 32 32 33
29 32 30 33 31 32 30 31
30 32 29 32 29 31 30 31
29 33 30 32 31 33 30 34
36 29 36 30 35 30 35 29
37 30 36 31 35 30 36 29
37 31 36 31 36 30 37 30
36 32 35 31 36 30 37 31
35 32 35 31 36 31 36 32
34 33 33 32 34 31 35 32
35 33 34 33 34 32 35 32
36 34 35 33 36 32 37 33
14 28 13 27 14 26 15 27
14 27 15 27 15 28 14 28
13 26 14 25 15 26 14 27
23 38 24 39 25 38 24 37
33 34 33 33 34 33 34 34
32 35 31 34 32 33 33 34
13 29 14 28 15 29 14 30
33 17 33 18 32 18 32 17
32 16 33 17 32 18 31 17
31 16 32 16 32 17 31 17
16 22 15 22 15 21 16 21
14 21 15 22 16 21 15 20
20 35 21 36 20 37 19 36
21 35 21 36 20 36 20 35
21 37 20 36 21 35 22 36
20 38 21 38 21 37 20 37
19 38 20 38 20 39 19 39
19 40 18 39 19 38 20 39
18 40 18 39 19 39 19 40
18 38 17 39 18 40 19 39
18 37 19 37 19 38 18 38
22 37 21 37 21 36 22 36
22 39 21 38 22 37 23 38
18 36 19 35 20 36 19 37
18 35 19 35 19 36 18 36
17 36 18 35 19 36 18 37
17 37 17 36 18 36 18 37
17 35 16 36 17 37 18 36
16 35 17 35 17 36 16 36
16 20 15 21 14 20 15 19
33 37 33 36 34 36 34 37
16 19 16 20 15 20 15 19
15 18 16 19 15 20 14 19
14 18 15 18 15 19 14 19
16 16 16 15 17 15 17 16
16 37 17 37 17 38 16 38
15 36 16 35 17 36 16 37
15 37 15 36 16 36 16 37
14 36 15 35 16 36 15 37
14 35 15 35 15 36 14 36
35 14 34 14 34 13 35 13
18 12 17 13 18 14 19 13
18 15 17 15 17 14 18 14
16 17 15 16 16 15 17 16
15 17 15 16 16 16 16 17
16 18 15 19 14 18 15 17
16 14 16 13 17 13 17 14
15 15 16 15 16 14 15 14
14 16 15 15 16 16 15 17
14 15 15 15 15 16 14 16
14 17 13 16 14 15 15 16
13 17 13 16 14 16 14 17
12 16 13 15 14 16 13 17
12 15 13 15 13 16 12 16
15 39 14 38 15 37 16 38
14 39 13 39 13 38 14 38
23 23 22 24 23 25 24 24
24 22 24 23 23 23 23 22
26 26 24 24 25 23 27 25
26 21 24 23 25 24 27 22
26 22 26 21 27 21 27 22
25 21 26 22 25 23 24 22
26 20 25 21 23 19 24 18
25 20 26 20 26 21 25 21
23 18 25 20 23 22 21 20
24 16 24 18 23 18 23 16
23 15 25 13 26 14 24 16
22 16 23 16 23 15 22 15
27 23 26 22 27 21 28 22
28 25 28 23 27 23 27 25
29 27 30 26 32 28 31 29
30 27 30 29 29 29 29 27
26 27 28 29 30 27 28 25
24 29 26 29 26 27 24 27
23 30 22 29 23 28 24 29
24 30 23 30 23 29 24 29
31 26 33 28 32 29 30 27
31 25 33 25 33 26 31 26
28 24 30 26 31 25 29 23
27 18 25 20 26 21 28 19
27 19 28 19 28 21 27 21
28 20 27 21 26 20 27 19
30 18 31 19 29 21 28 20
30 17 31 17 31 18 30 18
29 20 28 19 30 17 31 18
30 20 30 21 29 21 29 20
26 31 27 31 27 33 26 33
25 30 26 29 27 30 26 31
25 31 25 30 26 30 26 31
22 32 23 33 25 31 24 30
21 33 19 31 20 30 22 32
20 34 21 33 22 34 21 35
19 34 20 34 20 35 19 35
19 26 20 26 20 28 19 28
20 25 22 27 21 28 19 26
18 25 18 24 20 24 20 25
17 24 18 25 16 27 15 26
27 34 26 33 28 31 29 32
28 35 26 37 25 36 27 34
23 31 22 31 22 30 23 30
25 33 25 31 23 31 23 33
27 35 25 33 27 31 29 33
28 34 28 35 27 35 27 34
28 33 29 33 29 34 28 34
19 24 20 23 21 24 20 25
35 28 35 26 33 26 33 28
34 27 35 28 34 29 33 28
34 25 33 26 34 27 35 26
33 24 33 25 34 25 34 24
32 23 32 24 33 24 33 23
30 25 32 23 33 24 31 26
28 26 30 26 30 25 28 25
28 27 26 27 26 26 28 26
26 25 28 27 26 29 24 27
24 25 26 25 26 26 24 26
23 24 24 25 23 26 22 25
22 23 23 22 24 23 23 24
21 22 21 20 23 20 23 22
19 22 20 23 21 22 20 21
31 22 30 21 32 19 33 20
25 18 23 20 21 18 23 16
27 16 27 18 25 18 25 16
28 15 27 16 25 14 26 13
29 14 31 16 30 17 28 15
30 14 29 14 29 13 30 13
32 12 34 14 32 16 30 14
24 20 25 20 25 18 24 18
39 26 37 28 35 26 37 24
37 26 39 26 39 28 37 28
36 24 36 26 37 26 37 24
21 31 22 31 22 32 21 32
17 23 18 24 16 26 15 25
18 23 18 24 17 24 17 23
17 20 16 21 18 23 19 22
17 21 16 21 16 20 17 20
18 22 17 23 16 22 17 21
19 23 19 22 18 22 18 23
19 25 18 24 19 23 20 24
37 27 36 26 38 24 39 25
38 28 36 30 35 29 37 27
21 19 21 18 23 18 23 19
19 20 21 20 21 19 19 19
20 19 21 20 20 21 19 20
22 35 23 34 25 36 24 37
21 34 21 35 22 35 22 34
20 33 21 32 22 33 21 34
20 32 21 32 21 33 20 33
24 14 24 16 25 16 25 14
26 39 24 39 24 37 26 37
27 38 26 39 25 38 26 37
29 36 30 37 28 39 27 38
28 36 28 35 29 35 29 36
23 36 25 36 25 38 23 38
30 16 31 17 30 18 29 17
31 14 31 16 30 16 30 14
31 12 32 12 32 14 31 14
32 13 31 14 30 13 31 12
32 37 32 35 30 35 30 37
31 36 32 35 33 36 32 37
29 16 29 17 30 17 30 16
27 14 27 16 29 16 29 14
23 35 23 36 22 36 22 35
24 34 23 35 22 34 23 33
24 35 23 35 23 34 24 34
24 13 25 14 23 16 22 15
16 23 14 25 13 24 15 22
17 22 17 23 16 23 16 22
18 21 18 22 17 22 17 21
20 16 18 18 19 19 21 17
18 16 18 15 20 15 20 16
19 15 18 16 17 15 18 14
13 23 14 24 16 22 15 21
29 12 30 13 29 14 28 13
28 12 29 12 29 13 28 13
27 15 26 14 28 12 29 13
25 17 27 15 29 17 27 19
23 17 24 18 25 17 24 16
22 18 21 17 22 16 23 17
22 20 21 19 22 18 23 19
21 21 22 20 24 22 23 23
20 20 21 21 19 23 18 22
37 29 39 29 39 30 37 30
36 28 36 29 37 29 37 28
29 37 30 37 30 39 29 39
30 36 29 37 28 36 29 35
38 32 38 34 36 34 36 32
39 33 38 34 37 33 38 32
17 18 17 16 18 16 18 18
18 19 17 20 16 19 17 18
19 18 19 19 18 19 18 18
20 17 19 18 17 16 18 15
20 18 20 17 21 17 21 18
34 16 32 16 32 14 34 14
17 19 16 19 16 18 17 18
18 20 17 21 16 20 17 19
19 21 19 20 18 20 18 21
20 22 20 21 19 21 19 22
39 31 39 33 37 33 37 31
38 30 39 31 38 32 37 31
17 17 18 18 17 19 16 18
36 14 36 16 35 16 35 14
35 15 34 14 35 13 36 14
35 17 34 16 35 15 36 16
34 17 34 16 35 16 35 17
37 18 36 19 34 17 35 16
39 17 39 18 37 18 37 17
15 40 14 39 16 37 17 38
14 40 14 39 15 39 15 40
12 37 14 35 15 36 13 38
14 12 13 13 15 15 16 14
14 13 14 15 13 15 13 13
15 12 16 13 15 14 14 13
15 13 14 13 14 12 15 12
26 28 28 26 29 27 27 29
25 27 26 28 24 30 23 29
31 27 31 26 30 26 30 27
21 26 20 26 20 25 21 25
31 21 31 22 30 22 30 21
34 22 33 23 31 21 32 20
36 22 36 24 34 24 34 22
33 22 33 20 34 20 34 22
36 18 34 20 33 19 35 17
37 19 37 18 36 18 36 19
38 18 37 19 36 18 37 17
26 36 25 36 25 33 26 33
28 37 28 36 26 36 26 37
25 34 22 31 23 30 26 33
35 25 36 26 33 29 32 28
35 23 34 24 35 25 36 24
39 23 39 25 35 25 35 23
37 21 39 23 38 24 36 22
37 22 36 22 36 21 37 21
38 22 38 24 37 24 37 22
27 37 26 36 27 35 28 36
22 13 20 15 23 18 25 16
20 13 22 13 22 15 20 15
19 12 20 13 18 15 17 14
20 12 20 13 19 13 19 12
15 34 19 30 20 31 16 35
15 31 19 31 19 34 15 34
13 31 13 29 15 29 15 31
14 32 13 31 14 30 15 31
16 32 14 32 14 30 16 30
17 33 16 32 18 30 19 31
18 33 17 33 17 30 18 30
40 23 37 26 33 22 36 19
35 21 34 22 35 23 36 22
35 19 36 19 36 21 35 21
31 37 30 36 33 33 34 34
35 18 35 19 33 19 33 18
36 17 36 18 35 18 35 17
37 16 37 17 36 17 36 16
40 19 37 22 36 21 39 18
39 19 40 19 40 23 39 23
40 18 39 19 38 18 39 17
37 36 36 37 33 34 34 33
37 37 36 37 36 36 37 36
39 35 37 37 36 36 38 34
40 31 34 37 33 36 39 30
40 30 40 31 39 31 39 30
