best-score: 716671
count: 8
elapsed-time: 4.879
119
19 23 20 24 19 25 18 24
19 24 19 23 20 23 20 24
18 25 19 25 19 24 18 24
25 26 24 25 25 24 26 25
26 26 25 26 25 25 26 25
25 27 24 26 25 25 26 26
24 27 24 26 25 26 25 27
24 24 25 24 25 25 24 25
29 21 30 21 30 22 29 22
28 22 29 21 30 22 29 23
28 23 28 22 29 22 29 23
29 16 30 15 31 16 30 17
32 25 32 26 31 26 31 25
31 14 30 15 29 14 30 13
30 14 31 14 31 15 30 15
29 13 29 14 30 14 30 13
12 12 13 13 14 12 13 11
30 29 30 28 31 28 31 29
12 11 12 10 13 10 13 11
30 30 31 29 32 30 31 31
21 19 21 17 22 17 22 19
25 19 26 19 26 21 25 21
27 20 29 22 28 23 26 21
22 25 24 25 24 26 22 26
23 24 22 25 20 23 21 22
22 24 22 22 23 22 23 24
20 25 22 25 22 24 20 24
19 26 18 25 19 24 20 25
20 26 19 26 19 25 20 25
22 28 20 26 22 24 24 26
20 28 20 26 22 26 22 28
19 21 17 23 15 21 17 19
17 21 19 21 19 23 17 23
15 19 15 21 17 21 17 19
17 24 15 26 13 24 15 22
15 14 14 15 16 17 17 16
17 33 16 32 18 30 19 31
29 27 31 25 32 26 30 28
30 32 30 30 32 30 32 32
31 33 30 32 31 31 32 32
20 22 20 19 21 19 21 22
22 20 20 22 19 21 21 19
23 21 22 20 24 18 25 19
25 22 25 21 23 21 23 22
23 18 22 19 25 22 26 21
19 18 23 18 23 21 19 21
21 16 22 17 20 19 19 18
17 17 21 17 21 16 17 16
19 19 17 21 15 19 17 17
25 23 24 24 22 22 23 21
28 24 28 23 25 23 25 24
29 25 27 27 26 26 28 24
31 23 31 25 29 25 29 23
22 9 18 13 21 16 25 12
19 9 22 9 22 10 19 10
16 30 15 29 19 25 20 26
18 27 18 30 16 30 16 27
17 26 18 27 17 28 16 27
15 24 15 26 17 26 17 24
13 22 13 24 15 24 15 22
12 27 10 25 13 22 15 24
13 27 12 27 12 24 13 24
14 28 13 27 17 23 18 24
17 31 17 28 14 28 14 31
19 33 19 31 17 31 17 33
19 28 17 28 17 26 19 26
20 27 19 28 18 27 19 26
22 29 20 27 22 25 24 27
21 30 22 29 24 31 23 32
22 30 21 30 21 29 22 29
20 32 19 31 21 29 22 30
20 31 19 31 19 28 20 28
23 31 23 32 20 32 20 31
26 34 23 31 27 27 30 30
23 34 23 32 26 32 26 34
33 24 32 25 29 22 30 21
18 29 20 31 21 30 19 28
15 32 14 31 17 28 18 29
15 30 16 30 16 32 15 32
29 28 26 25 28 23 31 26
30 27 30 28 29 28 29 27
23 27 24 27 24 31 23 31
11 30 12 31 16 27 15 26
11 29 15 29 15 30 11 30
27 25 29 25 29 27 27 27
16 13 15 14 12 11 13 10
13 17 16 17 16 13 13 13
13 21 11 19 13 17 15 19
11 22 13 22 13 21 11 21
12 15 12 12 14 12 14 15
11 33 10 32 14 28 15 29
26 28 29 28 29 32 26 32
27 21 27 25 26 25 26 21
29 20 29 21 27 21 27 20
31 20 29 20 29 16 31 16
30 19 31 20 30 21 29 20
26 17 26 19 30 19 30 17
26 24 25 23 27 21 28 22
11 16 19 24 20 23 12 15
15 16 15 19 11 19 11 16
17 14 17 16 15 16 15 14
17 12 16 13 17 14 18 13
21 12 21 14 17 14 17 12
24 9 29 14 26 17 21 12
24 12 24 18 23 18 23 12
25 9 25 12 24 12 24 9
20 14 25 9 29 13 24 18
14 14 17 17 20 14 17 11
26 10 26 17 22 17 22 10
15 17 22 10 24 12 17 19
26 20 25 19 30 14 31 15
28 17 26 19 21 14 23 12
14 22 20 28 18 30 12 24
30 31 29 32 24 27 25 26
14 11 14 12 17 12 17 11
24 35 23 34 29 28 30 29
23 3 14 12 21 19 30 10
21 3 23 3 23 12 21 12
20 2 21 3 13 11 12 10
