best-score: 692254
count: 1
elapsed-time: 4.633
383
28 29 27 28 28 27 29 28
29 30 28 31 27 30 28 29
29 31 28 31 28 30 29 30
27 31 28 32 29 31 28 30
27 32 27 31 28 31 28 32
26 33 25 32 26 31 27 32
25 33 26 33 26 34 25 34
26 32 27 33 26 34 25 33
25 31 25 32 26 32 26 31
26 30 27 31 26 32 25 31
28 28 28 27 29 27 29 28
27 29 28 29 28 28 27 28
29 29 28 30 27 29 28 28
30 30 30 29 29 29 29 30
30 32 29 31 30 30 31 31
30 31 31 31 31 32 30 32
31 30 30 31 29 30 30 29
30 26 29 27 28 26 29 25
29 26 30 26 30 27 29 27
28 25 28 26 29 26 29 25
27 25 27 24 28 24 28 25
27 23 26 24 27 25 28 24
26 23 27 23 27 24 26 24
26 29 27 29 27 30 26 30
25 30 26 29 27 30 26 31
24 29 25 30 24 31 23 30
24 30 23 30 23 29 24 29
28 23 27 24 28 25 29 24
29 23 29 24 28 24 28 23
30 24 29 25 28 24 29 23
31 26 30 27 29 26 30 25
27 26 28 27 29 26 28 25
27 27 27 26 28 26 28 27
26 26 27 25 28 26 27 27
26 25 27 25 27 26 26 26
25 24 26 23 27 24 26 25
24 25 25 25 25 24 24 24
24 23 23 24 24 25 25 24
23 23 24 23 24 24 23 24
22 22 22 23 23 23 23 22
24 22 23 23 22 22 23 21
24 26 25 25 26 26 25 27
31 25 31 26 30 26 30 25
24 28 23 29 22 28 23 27
25 23 26 24 25 25 24 24
30 33 31 32 32 33 31 34
26 35 25 34 26 33 27 34
27 35 26 35 26 34 27 34
18 27 19 28 18 29 17 28
18 28 17 28 17 27 18 27
19 29 19 28 18 28 18 29
19 30 19 29 20 29 20 30
19 27 19 26 20 26 20 27
18 26 19 27 18 28 17 27
19 25 19 26 18 26 18 25
18 24 19 25 18 26 17 25
17 23 18 22 19 23 18 24
18 23 17 23 17 22 18 22
16 23 17 24 18 23 17 22
15 23 16 23 16 24 15 24
16 22 17 23 16 24 15 23
17 21 17 22 16 22 16 21
16 20 17 19 18 20 17 21
25 22 25 23 24 23 24 22
24 21 25 22 24 23 23 22
23 20 23 21 24 21 24 20
21 28 20 29 19 28 20 27
22 25 21 24 22 23 23 24
33 34 33 33 34 33 34 34
33 32 32 33 33 34 34 33
32 32 33 32 33 33 32 33
22 21 23 22 22 23 21 22
21 21 22 21 22 22 21 22
19 21 20 22 21 21 20 20
19 22 19 21 20 21 20 22
20 23 19 24 18 23 19 22
21 23 20 23 20 22 21 22
20 24 19 23 20 22 21 23
20 25 19 25 19 24 20 24
21 26 20 27 19 26 20 25
22 24 21 24 21 23 22 23
23 25 22 24 23 23 24 24
23 26 23 25 24 25 24 26
22 27 21 26 22 25 23 26
22 26 23 26 23 27 22 27
21 25 21 26 22 26 22 25
21 27 20 26 21 25 22 26
20 28 21 28 21 27 20 27
21 29 20 30 19 29 20 28
22 29 21 29 21 28 22 28
23 28 22 29 21 28 22 27
24 27 24 28 23 28 23 27
25 26 24 27 23 26 24 25
26 27 26 26 25 26 25 27
25 28 26 27 27 28 26 29
25 29 24 29 24 28 25 28
26 28 27 29 26 30 25 29
38 30 39 29 40 30 39 31
38 29 39 29 39 30 38 30
37 30 38 29 39 30 38 31
37 31 37 30 38 30 38 31
36 31 37 31 37 32 36 32
36 33 35 32 36 31 37 32
35 33 35 32 36 32 36 33
37 33 36 34 35 33 36 32
38 33 37 33 37 32 38 32
39 32 38 33 37 32 38 31
23 37 24 37 24 38 23 38
22 38 23 37 24 38 23 39
22 39 22 38 23 38 23 39
16 25 17 26 18 25 17 24
16 26 16 25 17 25 17 26
15 25 16 24 17 25 16 26
37 34 37 33 36 33 36 34
39 34 38 35 37 34 38 33
40 31 40 30 39 30 39 31
34 36 35 37 34 38 33 37
34 37 34 36 35 36 35 37
33 38 34 38 34 37 33 37
34 39 33 38 34 37 35 38
35 39 34 39 34 38 35 38
42 26 42 27 41 27 41 26
21 20 21 21 20 21 20 20
22 19 23 20 22 21 21 20
21 18 21 19 22 19 22 18
22 17 23 18 22 19 21 18
23 17 23 18 22 18 22 17
22 16 23 17 22 18 21 17
21 16 22 16 22 17 21 17
43 26 42 27 41 26 42 25
40 32 41 31 42 32 41 33
41 32 40 32 40 31 41 31
42 33 42 32 41 32 41 33
40 33 41 34 42 33 41 32
40 34 40 33 41 33 41 34
42 34 41 35 40 34 41 33
43 25 43 26 42 26 42 25
41 25 42 26 43 25 42 24
41 24 42 24 42 25 41 25
40 23 41 22 42 23 41 24
40 24 40 23 41 23 41 24
40 22 39 23 40 24 41 23
39 21 40 20 41 21 40 22
40 21 40 22 39 22 39 21
41 20 41 21 40 21 40 20
42 21 41 22 40 21 41 20
42 22 41 22 41 21 42 21
43 23 42 24 41 23 42 22
43 24 42 24 42 23 43 23
39 33 38 32 39 31 40 32
38 34 39 34 39 33 38 33
37 35 38 35 38 34 37 34
15 22 16 23 15 24 14 23
14 22 15 22 15 23 14 23
39 35 38 34 39 33 40 34
40 35 39 35 39 34 40 34
41 36 40 35 41 34 42 35
40 36 40 35 41 35 41 36
41 37 40 36 41 35 42 36
42 37 41 37 41 36 42 36
16 36 15 36 15 35 16 35
14 36 15 37 16 36 15 35
14 37 14 36 15 36 15 37
17 38 18 38 18 39 17 39
40 19 41 18 42 19 41 20
41 19 40 19 40 18 41 18
42 20 42 19 41 19 41 20
43 19 42 20 41 19 42 18
15 39 16 40 17 39 16 38
16 39 16 40 15 40 15 39
17 40 16 39 17 38 18 39
39 19 40 18 41 19 40 20
39 20 39 19 40 19 40 20
38 21 39 21 39 20 38 20
43 21 42 22 41 21 42 20
16 16 16 15 17 15 17 16
16 17 15 17 15 16 16 16
17 18 16 17 17 16 18 17
18 19 18 18 17 18 17 19
43 18 43 19 42 19 42 18
39 17 40 18 41 17 40 16
16 14 17 15 16 16 15 15
15 14 16 14 16 15 15 15
16 13 17 14 16 15 15 14
17 13 17 14 16 14 16 13
42 41 42 42 41 42 41 41
34 32 35 33 34 34 33 33
43 20 43 21 42 21 42 20
44 19 43 20 42 19 43 18
44 20 43 20 43 19 44 19
29 34 27 32 28 31 30 33
28 33 28 32 30 32 30 33
28 34 27 34 27 33 28 33
29 33 28 34 27 33 28 32
31 22 32 23 30 25 29 24
31 21 33 21 33 22 31 22
22 32 23 33 25 31 24 30
21 33 22 33 22 32 21 32
20 34 21 34 21 33 20 33
31 23 32 23 32 25 31 25
32 24 31 25 30 24 31 23
34 22 36 24 34 26 32 24
33 24 34 24 34 22 33 22
37 24 35 26 33 24 35 22
38 25 37 24 39 22 40 23
37 28 36 27 38 25 39 26
37 26 38 26 38 28 37 28
35 25 35 26 37 26 37 25
34 25 34 24 35 24 35 25
32 26 34 26 34 25 32 25
31 27 30 26 31 25 32 26
32 27 31 27 31 26 32 26
33 30 31 28 32 27 34 29
33 31 31 31 31 30 33 30
36 30 34 32 33 31 35 29
37 29 38 30 37 31 36 30
37 27 36 28 37 29 38 28
36 26 37 25 38 26 37 27
33 26 32 27 31 26 32 25
20 31 21 32 23 30 22 29
18 31 20 31 20 33 18 33
17 30 18 29 19 30 18 31
23 34 22 33 24 31 25 32
23 36 23 34 25 34 25 36
22 37 23 36 24 37 23 38
22 36 23 36 23 37 22 37
23 35 22 36 20 34 21 33
35 28 37 30 36 31 34 29
34 27 35 26 36 27 35 28
35 27 34 27 34 26 35 26
34 28 35 27 36 28 35 29
32 28 32 27 34 27 34 28
36 29 36 28 35 28 35 29
26 22 24 20 26 18 28 20
32 30 31 31 32 32 33 31
29 22 29 23 31 23 31 22
34 31 34 32 33 32 33 31
34 30 36 30 36 31 34 31
33 29 33 30 34 30 34 29
33 27 32 28 33 29 34 28
23 32 23 33 25 33 25 32
22 30 22 32 23 32 23 30
32 31 33 32 34 31 33 30
40 26 41 27 39 29 38 28
40 25 41 25 41 26 40 26
40 27 39 26 40 25 41 26
39 27 39 26 40 26 40 27
19 31 21 33 22 32 20 30
22 34 23 34 23 33 22 33
21 36 22 36 22 34 21 34
32 35 33 34 35 36 34 37
30 35 30 33 32 33 32 35
31 36 30 35 31 34 32 35
33 36 31 36 31 34 33 34
29 18 31 16 32 17 30 19
29 19 29 18 30 18 30 19
32 20 31 21 29 19 30 18
35 19 33 21 32 20 34 18
25 18 23 20 24 21 26 19
26 16 26 18 25 18 25 16
24 18 23 17 25 15 26 16
25 20 25 18 24 18 24 20
26 20 26 22 25 22 25 20
28 19 28 20 26 20 26 19
26 17 27 16 29 18 28 19
24 17 25 18 26 17 25 16
37 22 37 24 36 24 36 22
35 20 37 22 35 24 33 22
35 21 33 21 33 20 35 20
37 19 38 20 36 22 35 21
37 20 35 20 35 19 37 19
38 19 39 20 38 21 37 20
38 17 39 17 39 19 38 19
32 18 33 18 33 20 32 20
30 17 30 18 32 18 32 17
15 29 14 28 16 26 17 27
38 22 36 24 37 25 39 23
37 21 37 22 38 22 38 21
39 25 39 26 38 26 38 25
39 24 40 24 40 25 39 25
35 18 33 20 35 22 37 20
34 19 35 19 35 18 34 18
38 24 38 25 37 25 37 24
38 23 39 23 39 24 38 24
16 28 14 28 14 26 16 26
16 30 16 28 17 28 17 30
16 31 14 31 14 30 16 30
14 33 16 31 18 33 16 35
36 21 36 22 35 22 35 21
17 31 16 30 18 28 19 29
18 30 18 31 17 31 17 30
17 20 19 22 20 21 18 19
16 19 16 20 17 20 17 19
15 20 16 19 17 20 16 21
15 21 15 20 16 20 16 21
24 41 22 39 23 38 25 40
25 42 25 41 24 41 24 42
27 44 25 42 27 40 29 42
33 16 34 16 34 18 33 18
34 17 33 18 32 17 33 16
22 40 24 42 25 41 23 39
19 17 18 18 20 20 21 19
19 18 19 17 21 17 21 18
33 15 33 16 31 16 31 15
34 14 35 15 34 16 33 15
15 31 14 30 15 29 16 30
39 37 39 35 38 35 38 37
41 38 41 37 39 37 39 38
40 37 41 36 42 37 41 38
39 36 40 37 39 38 38 37
24 15 22 17 21 16 23 14
24 16 24 15 25 15 25 16
23 16 24 16 24 17 23 17
22 14 22 16 23 16 23 14
18 21 17 21 17 20 18 20
17 35 19 37 18 38 16 36
20 19 20 20 18 20 18 19
20 17 19 18 20 19 21 18
19 16 20 15 21 16 20 17
18 16 19 16 19 17 18 17
38 36 39 35 40 36 39 37
36 38 35 37 37 35 38 36
18 37 17 38 15 36 16 35
19 38 19 37 18 37 18 38
20 39 19 38 21 36 22 37
20 40 20 39 22 39 22 40
21 43 19 41 20 40 22 42
17 36 17 38 16 38 16 36
43 39 41 41 39 39 41 37
41 15 41 17 39 17 39 15
40 14 41 15 40 16 39 15
40 39 42 41 41 42 39 40
40 40 39 40 39 39 40 39
13 38 14 37 16 39 15 40
17 42 16 42 16 40 17 40
16 43 14 41 15 40 17 42
14 43 14 42 16 42 16 43
30 28 30 27 31 27 31 28
31 29 30 30 29 29 30 28
32 29 31 29 31 28 32 28
36 37 36 38 35 38 35 37
29 20 26 23 25 22 28 19
28 22 29 22 29 20 28 20
30 16 26 20 28 22 32 18
27 17 30 17 30 16 27 16
30 37 30 35 27 35 27 37
32 39 30 37 31 36 33 38
30 43 29 42 32 39 33 40
32 43 30 43 30 39 32 39
32 21 31 22 29 20 30 19
29 40 25 36 26 35 30 39
33 42 33 40 29 40 29 42
25 37 27 37 27 40 25 40
28 40 27 41 24 38 25 37
28 41 27 41 27 40 28 40
24 36 26 34 27 35 25 37
41 30 41 27 40 27 40 30
42 31 41 32 40 31 41 30
42 30 42 31 41 31 41 30
41 29 42 30 41 31 40 30
32 42 31 41 34 38 35 39
38 41 35 38 36 37 39 40
36 39 36 38 39 38 39 39
21 13 18 16 19 17 22 14
19 13 21 13 21 16 19 16
22 41 22 42 19 42 19 41
19 44 17 42 20 39 22 41
17 44 17 42 19 42 19 44
20 14 20 15 17 15 17 14
27 22 27 23 28 23 28 22
24 40 24 41 22 41 22 40
28 38 27 37 32 32 33 33
29 38 29 40 28 40 28 38
28 44 25 41 28 38 31 41
31 44 28 44 28 41 31 41
33 45 28 40 34 34 39 39
41 45 33 45 33 42 41 42
42 44 41 45 35 39 36 38
35 16 40 16 40 18 35 18
34 15 34 16 35 16 35 15
33 14 33 15 34 15 34 14
32 15 33 14 34 15 33 16
36 17 35 18 34 17 35 16
