best-score: 861772
count: 5
elapsed-time: 4.901
215
18 20 17 21 16 20 17 19
17 20 17 19 16 19 16 20
18 21 18 20 17 20 17 21
19 21 19 22 18 22 18 21
20 21 19 22 18 21 19 20
16 21 17 20 18 21 17 22
16 22 16 21 17 21 17 22
15 23 14 22 15 21 16 22
15 22 16 22 16 23 15 23
14 23 15 22 16 23 15 24
13 24 12 23 13 22 14 23
14 24 13 24 13 23 14 23
13 25 12 24 13 23 14 24
13 26 13 25 14 25 14 26
12 25 13 24 14 25 13 26
19 15 20 14 21 15 20 16
17 23 18 23 18 22 17 22
19 23 18 24 17 23 18 22
19 24 18 24 18 23 19 23
20 23 19 24 18 23 19 22
20 24 20 23 21 23 21 24
20 22 19 23 20 24 21 23
15 20 16 20 16 21 15 21
14 21 15 20 16 21 15 22
13 21 14 21 14 22 13 22
12 22 13 21 14 22 13 23
11 21 12 22 11 23 10 22
12 21 12 22 11 22 11 21
13 20 14 21 13 22 12 21
12 20 13 20 13 21 12 21
13 19 14 20 13 21 12 20
14 19 14 20 13 20 13 19
12 19 13 20 14 19 13 18
12 18 13 18 13 19 12 19
14 18 13 19 12 18 13 17
20 20 20 21 19 21 19 20
21 21 20 22 19 21 20 20
21 22 20 22 20 21 21 21
22 23 21 24 20 23 21 22
24 17 23 18 22 17 23 16
24 18 23 18 23 17 24 17
22 18 23 19 24 18 23 17
22 19 22 18 23 18 23 19
14 17 14 18 13 18 13 17
12 17 13 18 14 17 13 16
11 17 12 17 12 18 11 18
12 16 11 17 10 16 11 15
13 15 14 16 13 17 12 16
22 16 23 16 23 17 22 17
23 15 22 16 21 15 22 14
24 14 25 15 24 16 23 15
15 18 14 19 15 20 16 19
15 19 14 19 14 18 15 18
16 17 15 18 14 17 15 16
17 24 16 23 17 22 18 23
16 24 16 23 17 23 17 24
15 25 14 24 15 23 16 24
16 25 15 25 15 24 16 24
15 26 14 25 15 24 16 25
16 26 16 27 15 27 15 26
15 14 14 15 15 16 16 15
21 20 22 21 21 22 20 21
22 20 21 20 21 19 22 19
22 22 21 21 22 20 23 21
23 22 23 23 22 23 22 22
23 24 22 23 23 22 24 23
24 24 23 24 23 23 24 23
25 23 24 24 23 23 24 22
21 16 21 15 22 15 22 16
20 15 21 14 22 15 21 16
19 14 19 15 20 15 20 14
23 20 23 21 22 21 22 20
24 19 23 20 22 19 23 18
24 20 23 20 23 19 24 19
25 21 24 22 23 21 24 20
26 22 25 21 26 20 27 21
26 21 27 21 27 22 26 22
25 20 25 21 26 21 26 20
25 18 24 19 25 20 26 19
25 19 24 19 24 18 25 18
26 18 25 19 24 18 25 17
21 13 20 14 19 13 20 12
20 13 21 13 21 14 20 14
19 12 19 13 20 13 20 12
18 13 19 12 20 13 19 14
18 14 18 13 19 13 19 14
15 15 15 16 14 16 14 15
16 14 16 15 15 15 15 14
24 21 23 22 22 21 23 20
25 22 24 21 25 20 26 21
26 23 26 22 25 22 25 23
25 24 24 23 25 22 26 23
25 16 25 17 24 17 24 16
26 17 25 18 24 17 25 16
11 16 10 17 11 18 12 17
10 15 10 16 11 16 11 15
11 14 12 15 11 16 10 15
12 14 12 15 11 15 11 14
13 14 12 14 12 13 13 13
14 14 14 15 13 15 13 14
15 13 15 14 14 14 14 13
14 12 15 13 14 14 13 13
13 12 14 12 14 13 13 13
23 14 23 15 22 15 22 14
24 15 23 16 22 15 23 14
25 14 26 15 25 16 24 15
26 14 26 15 25 15 25 14
27 15 26 16 25 15 26 14
27 16 26 16 26 15 27 15
28 15 27 16 26 15 27 14
17 13 16 14 15 13 16 12
18 12 19 13 18 14 17 13
17 12 18 12 18 13 17 13
22 24 21 23 22 22 23 23
27 19 27 20 26 20 26 19
9 17 9 16 10 16 10 17
28 21 27 22 26 21 27 20
8 15 9 14 10 15 9 16
28 20 28 21 27 21 27 20
10 23 11 23 11 22 10 22
11 24 10 23 11 22 12 23
11 25 11 24 12 24 12 25
10 24 11 23 12 24 11 25
28 14 28 15 27 15 27 14
25 11 24 12 23 11 24 10
25 12 24 12 24 11 25 11
24 13 25 12 26 13 25 14
23 13 24 13 24 14 23 14
25 13 24 14 23 13 24 12
26 12 26 13 25 13 25 12
27 13 26 14 25 13 26 12
24 9 23 10 24 11 25 10
25 9 25 10 24 10 24 9
10 25 11 24 12 25 11 26
10 26 10 25 11 25 11 26
12 26 11 27 10 26 11 25
13 27 12 26 13 25 14 26
12 27 12 26 13 26 13 27
11 28 10 27 11 26 12 27
10 28 10 27 11 27 11 28
9 24 10 24 10 25 9 25
27 11 26 12 25 11 26 10
27 12 26 12 26 11 27 11
28 11 27 12 26 11 27 10
28 13 27 14 26 13 27 12
28 10 28 11 27 11 27 10
27 26 27 27 26 27 26 26
28 26 27 27 26 26 27 25
28 25 28 26 27 26 27 25
22 12 23 13 22 14 21 13
28 12 28 13 27 13 27 12
29 11 28 12 27 11 28 10
29 12 28 12 28 11 29 11
29 13 28 14 27 13 28 12
29 14 28 14 28 13 29 13
30 13 29 14 28 13 29 12
30 12 30 13 29 13 29 12
19 17 21 19 20 20 18 18
18 17 19 17 19 18 18 18
17 16 19 14 20 15 18 17
17 18 15 18 15 16 17 16
18 19 17 20 16 19 17 18
19 19 19 20 18 20 18 19
21 18 21 19 19 19 19 18
20 17 21 16 22 17 21 18
19 16 19 17 20 17 20 16
17 15 17 16 19 16 19 15
16 16 15 15 16 14 17 15
15 17 16 16 18 18 17 19
20 19 19 20 18 19 19 18
21 17 22 17 22 18 21 18
18 16 17 15 18 14 19 15
16 10 16 12 17 12 17 10
13 11 14 12 16 10 15 9
14 11 13 11 13 9 14 9
12 9 14 11 13 12 11 10
11 9 12 9 12 10 11 10
11 11 10 10 11 9 12 10
11 12 11 11 13 11 13 12
9 12 11 12 11 14 9 14
16 11 14 13 15 14 17 12
15 8 14 9 16 11 17 10
14 8 15 8 15 9 14 9
21 11 23 11 23 13 21 13
18 10 20 12 21 11 19 9
19 10 19 12 18 12 18 10
21 10 19 10 19 9 21 9
19 8 21 10 19 12 17 10
22 10 21 11 22 12 23 11
10 12 11 11 13 13 12 14
10 13 11 14 12 13 11 12
8 13 10 13 10 15 8 15
28 24 27 25 25 23 26 22
29 24 28 25 26 23 27 22
29 25 28 25 28 24 29 24
24 25 25 24 27 26 26 27
25 25 24 25 24 24 25 24
10 11 10 10 11 10 11 11
19 7 16 10 18 12 21 9
15 7 19 7 19 8 15 8
16 8 15 9 14 8 15 7
20 27 20 24 19 24 19 27
21 28 20 27 23 24 24 25
22 28 21 28 21 24 22 24
21 27 24 24 25 25 22 28
19 29 16 26 18 24 21 27
16 29 16 27 19 27 19 29
15 30 12 27 13 26 16 29
13 30 13 27 15 27 15 30
12 29 15 26 16 27 13 30
8 18 11 21 12 20 9 17
8 21 8 18 11 18 11 21
7 22 8 21 10 23 9 24
19 28 16 25 17 24 20 27
24 26 24 25 16 25 16 26
