best-score: 905566
count: 2
elapsed-time: 5.011
317
29 21 30 21 30 22 29 22
30 23 31 24 30 25 29 24
29 23 30 23 30 24 29 24
31 23 30 24 29 23 30 22
32 24 32 23 31 23 31 24
31 22 31 23 30 23 30 22
33 22 32 23 31 22 32 21
24 17 23 16 24 15 25 16
27 29 26 28 27 27 28 28
26 30 27 30 27 29 26 29
28 30 27 31 26 30 27 29
28 31 27 31 27 30 28 30
29 30 28 31 27 30 28 29
31 25 31 24 30 24 30 25
18 18 18 19 19 19 19 18
17 17 18 16 19 17 18 18
16 17 17 17 17 18 16 18
14 17 15 18 16 17 15 16
15 17 15 18 14 18 14 17
16 16 15 17 14 16 15 15
32 25 31 24 32 23 33 24
33 25 32 25 32 24 33 24
32 26 31 25 32 24 33 25
32 27 31 27 31 26 32 26
33 26 32 27 31 26 32 25
34 26 33 26 33 25 34 25
21 14 21 15 22 15 22 14
18 17 17 18 18 19 19 18
17 16 17 17 18 17 18 16
24 16 24 15 25 15 25 16
23 17 24 17 24 16 23 16
21 13 20 14 21 15 22 14
20 13 21 13 21 14 20 14
20 15 19 14 20 13 21 14
14 22 13 23 12 22 13 21
16 22 15 23 14 22 15 21
23 12 24 12 24 13 23 13
17 29 16 28 17 27 18 28
18 29 18 30 17 30 17 29
18 20 17 19 18 18 19 19
17 20 17 19 18 19 18 20
19 20 18 21 17 20 18 19
19 21 18 21 18 20 19 20
18 22 17 21 18 20 19 21
17 22 17 21 18 21 18 22
27 28 28 28 28 29 27 29
26 27 26 28 27 28 27 27
25 28 26 27 27 28 26 29
25 29 25 28 26 28 26 29
26 16 25 15 26 14 27 15
29 29 29 30 28 30 28 29
30 30 29 31 28 30 29 29
30 31 29 31 29 30 30 30
16 19 15 20 14 19 15 18
15 19 15 18 16 18 16 19
14 20 15 20 15 19 14 19
13 19 14 20 13 21 12 20
13 18 14 18 14 19 13 19
13 16 12 17 13 18 14 17
13 17 13 16 14 16 14 17
12 18 13 17 14 18 13 19
16 20 15 21 14 20 15 19
16 21 16 20 17 20 17 21
15 22 16 22 16 21 15 21
14 23 15 23 15 22 14 22
16 23 15 24 14 23 15 22
17 23 16 23 16 22 17 22
18 24 17 23 18 22 19 23
31 17 31 18 30 18 30 17
30 16 31 17 30 18 29 17
29 16 30 16 30 17 29 17
30 15 31 16 30 17 29 16
31 15 31 16 30 16 30 15
28 32 27 33 26 32 27 31
29 32 28 32 28 31 29 31
30 33 29 32 30 31 31 32
30 34 30 33 31 33 31 34
30 32 29 33 30 34 31 33
31 31 31 32 30 32 30 31
32 30 33 31 32 32 31 31
10 22 11 21 12 22 11 23
17 15 18 16 19 15 18 14
16 15 17 15 17 16 16 16
15 14 15 15 16 15 16 14
14 15 15 14 16 15 15 16
33 27 32 28 31 27 32 26
33 28 32 28 32 27 33 27
31 28 32 29 33 28 32 27
31 29 31 28 32 28 32 29
33 29 32 30 31 29 32 28
34 29 33 29 33 28 34 28
34 27 33 28 34 29 35 28
35 26 34 27 33 26 34 25
35 27 34 27 34 26 35 26
18 31 17 32 16 31 17 30
18 15 19 15 19 14 18 14
19 16 18 17 17 16 18 15
20 16 19 16 19 15 20 15
18 12 19 13 18 14 17 13
12 21 11 21 11 20 12 20
13 22 13 21 12 21 12 22
10 20 11 21 12 20 11 19
10 19 11 19 11 20 10 20
33 30 33 29 32 29 32 30
34 30 34 31 33 31 33 30
35 29 34 30 33 29 34 28
35 30 34 30 34 29 35 29
36 31 35 32 34 31 35 30
32 15 31 16 32 17 33 16
33 15 33 16 32 16 32 15
32 14 33 15 32 16 31 15
33 13 32 14 31 13 32 12
33 12 34 12 34 13 33 13
15 13 16 14 15 15 14 14
14 13 15 13 15 14 14 14
28 33 29 33 29 34 28 34
27 32 27 33 28 33 28 32
26 31 26 32 27 32 27 31
25 30 26 29 27 30 26 31
25 31 25 30 26 30 26 31
24 30 25 29 26 30 25 31
24 29 25 29 25 30 24 30
23 30 24 29 25 30 24 31
23 31 23 30 24 30 24 31
23 29 22 30 23 31 24 30
22 29 23 29 23 30 22 30
21 28 22 29 21 30 20 29
21 29 20 29 20 28 21 28
31 14 32 14 32 15 31 15
32 33 32 32 31 32 31 33
29 35 29 34 30 34 30 35
30 36 29 35 30 34 31 35
31 36 30 36 30 35 31 35
32 35 31 36 30 35 31 34
32 34 31 33 32 32 33 33
33 34 32 34 32 33 33 33
21 21 20 22 19 21 20 20
16 24 15 24 15 23 16 23
20 19 20 20 19 20 19 19
14 21 15 20 16 21 15 22
13 20 13 21 14 21 14 20
12 19 13 20 12 21 11 20
11 18 11 19 12 19 12 18
10 17 11 16 12 17 11 18
21 23 19 23 19 21 21 21
20 24 19 23 20 22 21 23
28 22 27 22 27 20 28 20
28 23 28 22 29 22 29 23
25 24 26 25 28 23 27 22
21 17 19 19 20 20 22 18
21 18 19 18 19 17 21 17
20 17 21 18 20 19 19 18
21 16 20 17 19 16 20 15
22 17 21 16 22 15 23 16
23 18 23 17 22 17 22 18
25 18 24 19 23 18 24 17
26 18 25 18 25 16 26 16
25 19 23 17 24 16 26 18
25 21 24 21 24 19 25 19
27 21 28 20 29 21 28 22
28 19 27 20 29 22 30 21
22 19 21 18 22 17 23 18
21 19 21 18 22 18 22 19
19 31 18 30 20 28 21 29
22 16 22 17 21 17 21 16
23 15 23 16 22 16 22 15
24 14 23 15 22 14 23 13
23 14 24 14 24 15 23 15
22 13 22 14 23 14 23 13
21 12 22 11 23 12 22 13
19 12 20 13 21 12 20 11
18 13 19 13 19 12 18 12
17 14 18 13 19 14 18 15
16 13 16 14 17 14 17 13
15 12 16 13 15 14 14 13
16 12 16 13 15 13 15 12
21 32 22 32 22 30 21 30
13 25 14 26 16 24 15 23
11 25 11 23 13 23 13 25
12 26 11 25 12 24 13 25
14 24 14 26 12 26 12 24
25 14 24 15 23 14 24 13
26 15 26 14 25 14 25 15
27 16 27 15 26 15 26 16
28 17 27 16 28 15 29 16
29 19 29 17 28 17 28 19
27 17 29 19 28 20 26 18
28 16 28 17 27 17 27 16
29 15 29 16 28 16 28 15
30 14 31 15 30 16 29 15
29 14 30 14 30 15 29 15
27 14 28 15 29 14 28 13
28 14 28 15 27 15 27 14
29 13 29 14 28 14 28 13
31 11 31 13 29 13 29 11
26 17 25 16 26 15 27 16
25 13 25 14 24 14 24 13
25 11 26 11 26 13 25 13
26 12 25 13 24 12 25 11
27 11 29 13 28 14 26 12
30 26 31 27 29 29 28 28
29 25 30 24 31 25 30 26
29 26 29 25 30 25 30 26
30 27 28 29 27 28 29 26
30 28 30 27 31 27 31 28
35 24 35 22 33 22 33 24
34 23 35 24 34 25 33 24
34 21 33 22 34 23 35 22
32 19 32 21 34 21 34 19
33 18 32 19 31 18 32 17
24 33 26 31 27 32 25 34
25 33 24 33 24 31 25 31
27 34 27 33 25 33 25 34
28 35 27 34 28 33 29 34
27 35 27 34 28 34 28 35
28 36 27 35 28 34 29 35
29 36 28 36 28 35 29 35
25 10 23 12 24 13 26 11
22 31 24 33 23 34 21 32
23 35 23 34 25 34 25 35
25 37 23 35 25 33 27 35
27 37 25 37 25 35 27 35
16 27 18 29 17 30 15 28
15 27 16 27 16 28 15 28
14 28 13 27 14 26 15 27
19 30 19 31 18 31 18 30
19 28 18 29 19 30 20 29
19 29 18 29 18 28 19 28
20 30 20 29 19 29 19 30
15 25 15 27 13 27 13 25
24 32 25 33 26 32 25 31
23 33 22 32 23 31 24 32
21 33 23 33 23 34 21 34
19 35 17 33 19 31 21 33
10 24 10 22 12 22 12 24
22 12 22 13 21 13 21 12
23 11 23 12 22 12 22 11
23 10 25 10 25 11 23 11
27 13 27 14 26 14 26 13
28 11 28 13 27 13 27 11
20 33 18 31 19 30 21 32
20 32 21 32 21 33 20 33
30 13 29 14 30 15 31 14
19 33 19 35 17 35 17 33
30 12 31 13 30 14 29 13
30 10 29 11 30 12 31 11
32 10 32 12 30 12 30 10
33 11 32 12 31 11 32 10
34 10 35 11 34 12 33 11
12 14 14 16 13 17 11 15
12 15 11 15 11 14 12 14
13 14 14 15 13 16 12 15
13 15 13 14 14 14 14 15
12 16 13 16 13 15 12 15
11 17 12 17 12 16 11 16
10 18 11 18 11 17 10 17
10 15 11 14 12 15 11 16
10 16 10 15 11 15 11 16
9 17 10 16 11 17 10 18
9 16 10 16 10 17 9 17
13 13 12 14 11 13 12 12
13 11 14 11 14 13 13 13
14 10 16 12 15 13 13 11
12 13 12 14 13 14 13 13
11 12 11 13 12 13 12 12
10 13 11 12 12 13 11 14
10 14 10 13 11 13 11 14
9 15 10 14 11 15 10 16
9 14 10 14 10 15 9 15
8 15 9 14 10 15 9 16
8 16 8 15 9 15 9 16
13 12 14 13 13 14 12 13
28 26 24 22 25 21 29 25
29 28 29 26 28 26 28 28
30 29 30 28 29 28 29 29
31 30 30 31 29 30 30 29
32 31 31 30 32 29 33 30
33 32 32 33 31 32 32 31
35 33 35 32 33 32 33 33
36 32 35 33 33 31 34 30
35 31 35 32 36 32 36 31
23 25 21 23 25 19 27 21
23 27 23 25 26 25 26 27
24 26 26 28 25 29 23 27
27 26 24 26 24 22 27 22
25 26 26 27 27 26 26 25
19 27 17 27 17 23 19 23
20 27 20 28 19 28 19 27
21 26 20 27 16 23 17 22
24 28 24 26 21 26 21 28
18 26 20 24 21 25 19 27
16 26 16 24 18 24 18 26
17 25 18 26 17 27 16 26
23 23 23 25 21 25 21 23
22 20 21 21 23 23 24 22
22 22 20 22 20 20 22 20
22 25 25 28 24 29 21 26
26 24 29 24 29 25 26 25
24 37 21 34 24 31 27 34
25 8 23 10 26 13 28 11
15 34 14 35 11 32 12 31
15 32 15 34 11 34 11 32
15 30 17 30 17 32 15 32
14 31 15 30 16 31 15 32
16 35 16 31 14 31 14 35
18 33 16 35 15 34 17 32
26 21 26 24 25 24 25 21
20 23 22 25 26 21 24 19
14 30 15 30 15 28 14 28
12 30 14 30 14 31 12 31
24 25 19 20 20 19 25 24
30 8 30 10 25 10 25 8
20 10 20 11 14 11 14 10
21 9 23 11 22 12 20 10
19 9 21 9 21 12 19 12
17 11 19 9 20 10 18 12
13 28 15 30 24 21 22 19
