best-score: 706816
count: 1
elapsed-time: 5.034
455
29 27 30 27 30 28 29 28
28 26 28 27 29 27 29 26
29 25 30 26 29 27 28 26
29 23 28 24 29 25 30 24
30 22 29 23 28 22 29 21
30 23 29 23 29 22 30 22
30 25 29 24 30 23 31 24
31 25 30 25 30 24 31 24
32 26 31 27 30 26 31 25
31 26 32 26 32 27 31 27
31 28 30 27 31 26 32 27
28 25 27 26 28 27 29 26
27 24 28 23 29 24 28 25
26 23 26 24 27 24 27 23
27 25 27 26 28 26 28 25
24 28 24 27 25 27 25 28
23 29 22 28 23 27 24 28
22 29 22 28 23 28 23 29
35 27 35 28 34 28 34 27
33 27 34 28 35 27 34 26
33 26 34 26 34 27 33 27
33 28 32 27 33 26 34 27
32 28 32 27 33 27 33 28
31 29 30 28 31 27 32 28
32 29 31 29 31 28 32 28
33 30 32 31 31 30 32 29
32 30 33 30 33 31 32 31
34 30 33 31 32 30 33 29
26 28 25 29 24 28 25 27
26 29 25 29 25 28 26 28
22 27 23 26 24 27 23 28
22 26 23 26 23 27 22 27
29 20 28 21 29 22 30 21
30 20 30 21 29 21 29 20
31 19 31 20 30 20 30 19
32 20 31 19 32 18 33 19
32 21 31 21 31 20 32 20
32 23 31 22 32 21 33 22
32 25 31 24 32 23 33 24
33 25 33 26 32 26 32 25
35 31 36 32 35 33 34 32
35 32 35 31 36 31 36 32
26 22 27 23 26 24 25 23
25 22 26 22 26 23 25 23
26 21 27 22 26 23 25 22
27 21 27 22 26 22 26 21
27 20 28 20 28 21 27 21
26 19 27 18 28 19 27 20
26 20 26 19 27 19 27 20
25 21 26 20 27 21 26 22
25 20 26 20 26 21 25 21
23 20 24 21 25 20 24 19
37 29 38 30 37 31 36 30
37 30 37 29 38 29 38 30
38 31 37 30 38 29 39 30
39 31 38 31 38 30 39 30
26 35 25 35 25 34 26 34
25 36 24 35 25 34 26 35
30 18 29 19 30 20 31 19
31 17 30 18 29 17 30 16
31 18 30 18 30 17 31 17
32 19 31 20 30 19 31 18
33 20 33 19 32 19 32 20
34 19 33 20 32 19 33 18
28 18 29 19 28 20 27 19
28 16 27 17 28 18 29 17
27 16 28 16 28 17 27 17
26 17 27 16 28 17 27 18
26 18 26 17 27 17 27 18
25 19 26 18 27 19 26 20
24 20 25 20 25 19 24 19
23 21 24 21 24 20 23 20
24 22 23 21 24 20 25 21
27 39 28 38 29 39 28 40
28 39 28 40 27 40 27 39
29 40 28 41 27 40 28 39
29 41 28 41 28 40 29 40
31 41 30 42 29 41 30 40
31 42 30 42 30 41 31 41
31 40 30 41 31 42 32 41
32 40 32 41 31 41 31 40
32 42 31 41 32 40 33 41
33 42 32 42 32 41 33 41
30 38 31 39 30 40 29 39
31 38 31 39 30 39 30 38
32 39 31 40 30 39 31 38
29 38 29 39 28 39 28 38
29 16 28 17 29 18 30 17
23 36 22 35 23 34 24 35
23 35 24 35 24 36 23 36
22 34 22 35 23 35 23 34
22 36 21 35 22 34 23 35
21 36 21 35 22 35 22 36
24 34 25 35 24 36 23 35
17 29 18 30 17 31 16 30
34 39 33 38 34 37 35 38
25 18 25 19 26 19 26 18
24 17 25 16 26 17 25 18
23 37 22 37 22 36 23 36
17 30 17 31 16 31 16 30
18 29 18 30 17 30 17 29
18 31 17 30 18 29 19 30
19 31 18 31 18 30 19 30
23 22 22 22 22 21 23 21
24 23 23 22 24 21 25 22
23 23 23 22 24 22 24 23
24 24 23 23 24 22 25 23
25 24 24 24 24 23 25 23
24 25 23 24 24 23 25 24
23 25 23 24 24 24 24 25
24 26 23 27 22 26 23 25
34 18 34 19 33 19 33 18
34 20 33 19 34 18 35 19
35 20 34 20 34 19 35 19
36 20 36 21 35 21 35 20
37 19 37 20 36 20 36 19
36 18 37 19 36 20 35 19
35 18 36 18 36 19 35 19
36 17 37 18 36 19 35 18
37 17 37 18 36 18 36 17
33 21 34 20 35 21 34 22
34 21 34 22 33 22 33 21
35 22 34 21 35 20 36 21
42 34 41 35 40 34 41 33
43 33 44 34 43 35 42 34
43 34 43 33 44 33 44 34
42 35 43 35 43 34 42 34
18 34 19 35 18 36 17 35
16 25 16 26 15 26 15 25
44 26 43 26 43 25 44 25
41 23 40 23 40 22 41 22
42 36 41 37 40 36 41 35
41 36 41 35 42 35 42 36
39 36 40 36 40 37 39 37
40 35 41 36 40 37 39 36
41 34 41 35 40 35 40 34
42 33 42 34 41 34 41 33
43 32 44 33 43 34 42 33
42 32 43 32 43 33 42 33
41 32 41 31 42 31 42 32
40 33 41 32 42 33 41 34
40 32 41 32 41 33 40 33
40 30 39 31 40 32 41 31
21 39 20 40 19 39 20 38
22 42 21 41 22 40 23 41
23 42 22 42 22 41 23 41
22 43 21 42 22 41 23 42
21 43 21 42 22 42 22 43
20 44 19 43 20 42 21 43
21 40 22 40 22 41 21 41
20 39 21 40 20 41 19 40
21 38 21 39 20 39 20 38
20 37 21 36 22 37 21 38
42 23 41 22 42 21 43 22
41 38 41 37 40 37 40 38
13 35 14 34 15 35 14 36
16 20 16 21 17 21 17 20
18 40 19 40 19 39 18 39
20 43 19 42 20 41 21 42
19 44 20 44 20 43 19 43
18 17 18 16 19 16 19 17
22 14 22 15 21 15 21 14
41 17 40 17 40 16 41 16
17 17 16 16 17 15 18 16
15 41 15 42 14 42 14 41
15 16 14 16 14 15 15 15
16 17 16 16 15 16 15 17
34 29 34 30 33 30 33 29
35 29 36 30 35 31 34 30
36 29 35 29 35 28 36 28
35 30 36 29 37 30 36 31
34 31 33 30 34 29 35 30
33 32 34 31 35 32 34 33
33 33 33 32 34 32 34 33
32 32 33 31 34 32 33 33
26 25 25 24 26 23 27 24
25 25 25 24 26 24 26 25
26 26 25 27 24 26 25 25
27 27 26 26 27 25 28 26
26 27 26 26 27 26 27 27
25 26 26 25 27 26 26 27
32 22 31 21 32 20 33 21
31 23 32 23 32 22 31 22
32 24 31 25 30 24 31 23
33 23 33 24 32 24 32 23
34 24 33 25 32 24 33 23
34 25 33 25 33 24 34 24
34 23 33 24 34 25 35 24
35 23 35 24 34 24 34 23
40 31 40 32 39 32 39 31
41 30 42 31 41 32 40 31
40 29 40 30 41 30 41 29
43 30 44 31 43 32 42 31
42 29 43 28 44 29 43 30
41 28 42 29 41 30 40 29
42 28 42 29 41 29 41 28
40 28 41 29 42 28 41 27
40 27 41 27 41 28 40 28
41 26 40 27 39 26 40 25
27 28 26 29 25 28 26 27
28 28 27 28 27 27 28 27
29 29 28 28 29 27 30 28
28 29 28 28 29 28 29 29
30 29 29 30 28 29 29 28
30 30 30 29 31 29 31 30
31 31 30 30 31 29 32 30
31 32 31 31 32 31 32 32
32 33 31 32 32 31 33 32
33 34 33 33 32 33 32 34
27 29 26 28 27 27 28 28
27 30 26 30 26 29 27 29
40 26 40 27 39 27 39 26
41 25 41 26 40 26 40 25
42 26 41 27 40 26 41 25
42 27 41 27 41 26 42 26
44 27 43 28 42 27 43 26
43 27 43 28 42 28 42 27
25 31 23 31 23 29 25 29
24 30 25 29 26 30 25 31
22 30 23 31 24 30 23 29
21 29 22 30 20 32 19 31
20 26 19 27 21 29 22 28
29 33 31 31 32 32 30 34
29 34 27 36 26 35 28 33
30 33 30 34 29 34 29 33
28 31 29 30 31 32 30 33
29 31 29 33 28 33 28 31
28 32 26 30 27 29 29 31
27 35 26 34 28 32 29 33
26 36 27 36 27 35 26 35
29 37 28 38 26 36 27 35
30 36 31 37 30 38 29 37
31 34 31 36 30 36 30 34
30 35 29 34 30 33 31 34
28 37 30 35 31 36 29 38
32 35 31 34 32 33 33 34
21 30 22 30 22 29 21 29
38 26 39 27 37 29 36 28
30 37 30 38 29 38 29 37
38 28 40 28 40 29 38 29
36 26 36 28 38 28 38 26
37 25 36 26 34 24 35 23
36 35 35 36 33 34 34 33
35 35 36 35 36 36 35 36
34 35 34 33 35 33 35 35
32 37 34 37 34 35 32 35
32 38 31 38 31 37 32 37
33 39 32 40 31 39 32 38
34 41 34 39 33 39 33 41
33 40 34 41 33 42 32 41
33 36 32 37 31 36 32 35
26 38 25 38 25 36 26 36
27 38 27 39 26 39 26 38
26 37 27 38 26 39 25 38
27 37 27 38 28 38 28 37
26 42 28 40 29 41 27 43
26 40 27 40 27 42 26 42
25 39 26 40 24 42 23 41
25 40 25 39 26 39 26 40
26 41 25 40 26 39 27 40
24 43 26 41 27 42 25 44
24 44 24 43 25 43 25 44
23 43 24 42 25 43 24 44
22 44 21 43 22 42 23 43
23 44 22 44 22 43 23 43
18 27 18 25 19 25 19 27
17 28 15 26 16 25 18 27
37 22 37 23 35 23 35 22
38 21 37 22 36 21 37 20
39 20 41 22 40 23 38 21
39 22 39 20 40 20 40 22
34 36 32 34 33 33 35 35
17 33 18 33 18 31 17 31
15 33 17 33 17 35 15 35
13 33 14 34 15 33 14 32
30 43 29 44 27 42 28 41
24 39 22 37 23 36 25 38
24 38 25 38 25 39 24 39
25 37 24 38 23 37 24 36
23 17 22 18 24 20 25 19
24 16 23 17 21 15 22 14
23 16 24 16 24 17 23 17
23 18 22 17 23 16 24 17
22 20 23 20 23 18 22 18
20 20 22 20 22 21 20 21
18 22 17 21 19 19 20 20
19 22 19 23 18 23 18 22
18 21 19 20 20 21 19 22
17 22 16 21 17 20 18 21
15 24 17 22 18 23 16 25
25 15 27 17 26 18 24 16
27 15 27 16 25 16 25 15
38 22 37 23 35 21 36 20
37 21 37 22 38 22 38 21
21 21 22 20 23 21 22 22
16 23 16 25 18 25 18 23
16 32 14 32 14 31 16 31
16 34 15 33 16 32 17 33
16 36 14 36 14 34 16 34
18 37 18 36 16 36 16 37
18 38 18 37 20 37 20 38
16 39 18 39 18 38 16 38
17 40 15 42 14 41 16 39
18 41 17 40 18 39 19 40
17 41 17 40 18 40 18 41
18 42 17 41 18 40 19 41
18 43 18 42 19 42 19 43
18 45 17 44 18 43 19 44
42 25 41 25 41 23 42 23
43 24 44 25 43 26 42 25
34 16 35 16 35 18 34 18
33 15 34 16 32 18 31 17
33 17 31 17 31 15 33 15
18 35 20 37 18 39 16 37
19 34 19 35 18 35 18 34
17 34 18 35 19 34 18 33
20 19 20 20 19 20 19 19
17 18 19 20 20 19 18 17
16 18 16 17 17 17 17 18
13 19 14 20 16 18 15 17
13 20 13 19 14 19 14 20
15 22 13 20 14 19 16 21
14 24 15 24 15 22 14 22
21 18 23 20 22 21 20 19
21 17 22 17 22 18 21 18
37 14 38 15 36 17 35 16
41 20 43 20 43 22 41 22
40 19 40 20 41 20 41 19
38 17 40 19 39 20 37 18
37 15 37 17 38 17 38 15
35 14 35 15 37 15 37 14
23 14 22 15 23 16 24 15
20 15 19 16 21 18 22 17
20 17 20 15 21 15 21 17
17 39 18 38 19 39 18 40
15 39 16 40 17 39 16 38
15 40 15 39 16 39 16 40
15 23 14 22 16 20 17 21
16 24 15 25 14 24 15 23
17 25 16 24 18 22 19 23
18 28 16 26 17 25 19 27
17 27 17 28 18 28 18 27
45 37 44 38 42 36 43 35
14 37 16 37 16 38 14 38
16 35 18 37 16 39 14 37
38 19 38 17 40 17 40 19
42 19 43 20 42 21 41 20
43 18 42 19 40 17 41 16
44 18 43 18 43 16 44 16
38 43 38 42 40 42 40 43
20 14 18 16 19 17 21 15
42 17 42 19 41 19 41 17
17 42 18 41 19 42 18 43
15 44 17 44 17 42 15 42
16 15 17 14 19 16 18 17
16 14 17 14 17 15 16 15
16 42 15 41 16 40 17 41
43 15 41 17 40 16 42 14
41 15 43 15 43 16 41 16
13 18 14 19 16 17 15 16
15 14 14 15 15 16 16 15
30 31 30 30 29 30 29 31
36 25 36 26 34 26 34 25
37 26 35 28 34 27 36 25
38 23 36 25 35 24 37 22
38 25 37 25 37 23 38 23
39 25 39 26 38 26 38 25
39 23 40 23 40 25 39 25
40 24 39 23 40 22 41 23
38 24 39 25 38 26 37 25
38 27 37 26 38 25 39 26
20 33 22 35 21 36 19 34
22 33 23 34 27 30 26 29
20 34 22 34 22 33 20 33
20 36 19 35 20 34 21 35
21 37 21 36 20 36 20 37
22 38 21 37 22 36 23 37
23 39 22 40 21 39 22 38
24 41 24 39 23 39 23 41
23 40 24 39 25 40 24 41
22 39 23 40 22 41 21 40
23 38 23 39 22 39 22 38
24 37 24 38 23 38 23 37
28 34 29 34 29 37 28 37
26 33 26 34 28 34 28 33
27 32 26 33 22 29 23 28
24 33 24 30 26 30 26 33
23 33 24 33 24 34 23 34
22 31 22 33 23 33 23 31
19 32 20 33 22 31 21 30
19 33 19 32 20 32 20 33
18 32 19 33 18 34 17 33
19 26 22 29 21 30 18 27
19 28 19 27 22 27 22 28
19 29 18 29 18 28 19 28
26 32 24 34 23 33 25 31
20 22 20 26 22 26 22 22
19 21 19 22 20 22 20 21
18 20 18 21 19 21 19 20
39 35 36 32 37 31 40 34
38 36 39 35 40 36 39 37
38 35 39 35 39 36 38 36
39 34 38 35 35 32 36 31
36 34 36 32 39 32 39 34
37 35 36 36 35 35 36 34
19 24 19 23 23 23 23 24
20 23 19 24 18 23 19 22
21 24 20 23 22 21 23 22
21 33 20 34 19 33 20 32
22 32 23 33 22 34 21 33
17 32 18 31 19 32 18 33
34 13 30 17 31 18 35 14
30 13 34 13 34 16 30 16
28 15 30 13 31 14 29 16
28 14 31 14 31 15 28 15
29 15 28 16 27 15 28 14
30 14 31 15 30 16 29 15
20 25 19 26 18 25 19 24
34 38 38 42 37 43 33 39
35 37 35 38 34 38 34 37
33 37 34 38 35 37 34 36
32 36 33 37 32 38 31 37
36 37 38 35 39 36 37 38
38 37 36 37 36 36 38 36
19 37 20 36 21 37 20 38
17 37 18 38 19 37 18 36
15 37 16 38 17 37 16 36
13 37 14 38 15 37 14 36
13 36 14 36 14 37 13 37
12 35 16 31 17 32 13 36
12 36 12 35 13 35 13 36
35 40 37 38 40 41 38 43
37 40 35 40 35 38 37 38
38 41 37 40 40 37 41 38
38 38 40 38 40 41 38 41
39 39 38 38 39 37 40 38
13 32 16 35 17 34 14 31
14 33 14 32 13 32 13 33
34 42 34 41 38 41 38 42
33 43 34 43 34 42 33 42
35 45 33 43 34 42 36 44
37 37 33 41 34 42 38 38
38 16 37 17 40 20 41 19
41 40 41 38 44 38 44 40
18 18 18 20 17 20 17 18
17 19 16 18 17 17 18 18
38 11 35 14 38 17 41 14
20 18 19 19 18 18 19 17
21 19 21 18 20 18 20 19
38 14 41 14 41 15 38 15
37 11 37 14 38 14 38 11
43 42 43 41 40 41 40 42
42 43 40 41 41 40 43 42
39 15 38 16 37 15 38 14
19 18 19 17 20 17 20 18
