best-score: 638434
count: 70
elapsed-time: 4.522
40
13 17 14 17 14 18 13 18
12 16 13 17 12 18 11 17
19 12 20 12 20 13 19 13
20 14 20 13 21 13 21 14
22 9 21 8 22 7 23 8
13 15 13 17 11 17 11 15
12 14 13 15 12 16 11 15
23 12 21 14 20 13 22 11
22 12 22 11 23 11 23 12
21 11 22 12 21 13 20 12
21 9 22 9 22 11 21 11
10 15 13 18 14 17 11 14
10 14 11 14 11 15 10 15
9 14 9 13 10 13 10 14
6 11 7 10 10 13 9 14
14 9 15 10 11 14 10 13
7 16 8 17 10 15 9 14
22 21 22 17 19 17 19 21
19 18 22 21 21 22 18 19
7 12 7 10 15 10 15 12
14 13 19 13 19 17 14 17
10 9 10 13 14 13 14 9
11 8 15 12 14 13 10 9
12 8 12 14 11 14 11 8
15 19 14 18 19 13 20 14
18 12 18 19 15 19 15 12
19 11 20 12 19 13 18 12
18 11 19 11 19 12 18 12
20 11 19 12 18 11 19 10
21 12 21 11 20 11 20 12
22 13 22 12 21 12 21 13
20 16 20 14 12 14 12 16
11 9 19 17 20 16 12 8
7 18 12 18 12 16 7 16
11 23 8 23 8 17 11 17
15 18 14 17 19 12 20 13
14 8 21 8 21 9 14 9
15 9 10 14 9 13 14 8
20 10 20 11 19 11 19 10
22 10 21 11 20 10 21 9
