best-score: 952612
count: 4
elapsed-time: 4.852
251
21 20 22 20 22 21 21 21
20 21 21 20 22 21 21 22
20 22 20 21 21 21 21 22
19 23 18 22 19 21 20 22
15 19 14 18 15 17 16 18
20 13 19 14 20 15 21 14
19 13 19 12 20 12 20 13
18 13 19 13 19 14 18 14
18 11 17 12 18 13 19 12
18 12 17 12 17 11 18 11
19 11 20 12 19 13 18 12
15 18 14 18 14 17 15 17
16 19 16 18 15 18 15 19
20 11 21 12 20 13 19 12
19 10 20 9 21 10 20 11
20 10 20 11 19 11 19 10
21 9 21 10 20 10 20 9
14 23 15 24 16 23 15 22
15 23 14 23 14 22 15 22
16 24 16 23 15 23 15 24
18 24 17 25 16 24 17 23
19 25 18 24 19 23 20 24
18 26 19 26 19 25 18 25
17 24 17 25 18 25 18 24
17 26 16 25 17 24 18 25
16 26 16 25 17 25 17 26
17 27 16 26 17 25 18 26
17 28 17 27 18 27 18 28
16 27 17 26 18 27 17 28
21 11 21 12 20 12 20 11
22 10 22 11 21 11 21 10
22 8 21 9 22 10 23 9
14 24 13 23 14 22 15 23
15 25 15 24 14 24 14 25
14 26 13 25 14 24 15 25
13 26 13 25 14 25 14 26
12 25 13 24 14 25 13 26
12 24 13 24 13 25 12 25
11 23 12 22 13 23 12 24
10 22 11 23 10 24 9 23
15 15 14 14 15 13 16 14
14 15 14 14 15 14 15 15
15 16 14 17 13 16 14 15
16 17 16 16 15 16 15 17
17 18 17 17 16 17 16 18
10 20 9 20 9 19 10 19
10 18 9 19 10 20 11 19
9 17 10 16 11 17 10 18
15 26 14 25 15 24 16 25
15 27 15 26 16 26 16 27
16 13 16 14 15 14 15 13
15 12 16 11 17 12 16 13
14 12 14 11 15 11 15 12
16 12 15 13 14 12 15 11
17 13 17 12 16 12 16 13
17 15 16 14 17 13 18 14
18 16 17 17 16 16 17 15
11 21 10 22 9 21 10 20
12 20 13 21 12 22 11 21
12 21 12 20 13 20 13 21
11 22 12 22 12 21 11 21
10 23 11 23 11 22 10 22
9 24 10 24 10 23 9 23
11 24 10 25 9 24 10 23
11 25 10 25 10 24 11 24
12 26 11 25 12 24 13 25
11 26 11 25 12 25 12 26
10 27 9 26 10 25 11 26
11 27 10 27 10 26 11 26
13 27 12 28 11 27 12 26
12 27 12 26 13 26 13 27
11 28 12 28 12 27 11 27
10 29 9 28 10 27 11 28
11 18 11 19 10 19 10 18
27 16 26 15 27 14 28 15
28 16 27 16 27 15 28 15
28 17 28 16 29 16 29 17
30 17 29 18 28 17 29 16
30 18 29 18 29 17 30 17
28 18 29 19 30 18 29 17
28 19 28 18 29 18 29 19
14 13 13 12 14 11 15 12
13 14 14 13 15 14 14 15
13 13 14 13 14 14 13 14
17 10 17 11 16 11 16 10
18 9 19 10 18 11 17 10
25 13 24 12 25 11 26 12
14 28 13 27 14 26 15 27
26 14 26 15 27 15 27 14
25 15 24 14 25 13 26 14
12 23 12 24 11 24 11 23
13 22 12 23 11 22 12 21
14 21 14 22 13 22 13 21
9 16 9 15 10 15 10 16
8 15 9 14 10 15 9 16
8 14 9 14 9 15 8 15
16 9 17 10 16 11 15 10
15 9 16 9 16 10 15 10
14 10 15 9 16 10 15 11
13 9 13 10 14 10 14 9
26 27 25 28 24 27 25 26
9 25 10 26 11 25 10 24
25 12 25 11 26 11 26 12
24 13 25 13 25 12 24 12
27 10 27 9 28 9 28 10
14 16 15 15 16 16 15 17
13 15 13 16 14 16 14 15
13 17 12 16 13 15 14 16
12 17 12 16 13 16 13 17
12 18 11 18 11 17 12 17
13 19 12 18 13 17 14 18
12 14 13 15 14 14 13 13
12 15 12 14 13 14 13 15
11 16 12 15 13 16 12 17
11 15 12 15 12 16 11 16
10 14 11 15 10 16 9 15
11 14 11 15 10 15 10 14
12 13 12 14 11 14 11 13
12 12 13 12 13 13 12 13
13 11 14 12 13 13 12 12
12 10 13 9 14 10 13 11
11 10 12 10 12 11 11 11
12 9 13 10 12 11 11 10
10 17 11 17 11 16 10 16
9 18 10 18 10 17 9 17
8 17 9 16 10 17 9 18
8 16 9 16 9 17 8 17
7 15 8 14 9 15 8 16
7 16 7 15 8 15 8 16
8 19 9 18 10 19 9 20
8 18 9 18 9 19 8 19
7 17 8 16 9 17 8 18
7 18 7 17 8 17 8 18
6 17 7 16 8 17 7 18
6 16 7 16 7 17 6 17
11 12 12 13 13 12 12 11
10 12 11 13 12 12 11 11
10 11 11 11 11 12 10 12
10 13 9 12 10 11 11 12
9 13 10 13 10 14 9 14
8 12 9 11 10 12 9 13
8 11 9 11 9 12 8 12
10 10 11 9 12 10 11 11
9 10 10 10 10 11 9 11
10 9 11 10 10 11 9 10
17 21 19 21 19 23 17 23
16 22 17 21 18 22 17 23
17 20 15 22 14 21 16 19
19 20 17 20 17 18 19 18
20 20 20 21 19 21 19 20
21 19 22 20 21 21 20 20
20 18 21 17 22 18 21 19
19 16 19 18 20 18 20 16
18 15 19 16 17 18 16 17
17 14 17 15 18 15 18 14
16 15 15 14 16 13 17 14
17 16 17 15 16 15 16 16
18 17 18 16 17 16 17 17
20 19 20 20 21 20 21 19
18 19 19 20 20 19 19 18
19 15 19 16 18 16 18 15
19 17 18 16 19 15 20 16
16 20 14 22 13 21 15 19
16 21 16 20 17 20 17 21
15 21 16 21 16 22 15 22
14 19 14 21 15 21 15 19
13 18 14 17 15 18 14 19
12 19 13 19 13 18 12 18
11 20 12 20 12 19 11 19
10 21 11 21 11 20 10 20
9 22 10 22 10 21 9 21
8 21 9 20 10 21 9 22
8 20 9 20 9 21 8 21
7 19 8 18 9 19 8 20
7 20 7 19 8 19 8 20
6 19 7 18 8 19 7 20
6 18 7 18 7 19 6 19
5 17 6 16 7 17 6 18
5 18 5 17 6 17 6 18
20 14 20 15 19 15 19 14
21 13 21 14 20 14 20 13
22 12 21 13 20 12 21 11
22 13 21 13 21 12 22 12
23 12 22 13 21 12 22 11
24 11 25 12 24 13 23 12
23 11 24 11 24 12 23 12
23 13 22 12 23 11 24 12
23 14 23 13 24 13 24 14
25 16 23 14 24 13 26 15
26 16 25 16 25 15 26 15
25 17 26 16 28 18 27 19
24 16 24 17 25 17 25 16
23 19 22 18 24 16 25 17
23 17 23 19 21 19 21 17
22 15 21 14 22 13 23 14
22 16 20 16 20 15 22 15
21 15 22 16 21 17 20 16
22 14 21 15 20 14 21 13
23 15 23 14 22 14 22 15
21 28 20 29 18 27 19 26
29 21 28 22 26 20 27 19
26 21 27 22 25 24 24 23
16 30 15 29 17 27 18 28
26 26 26 24 25 24 25 26
28 24 29 25 27 27 26 26
27 24 27 22 28 22 28 24
13 29 15 29 15 27 13 27
14 30 13 29 14 28 15 29
12 30 12 28 14 28 14 30
11 29 12 28 13 29 12 30
10 28 10 29 11 29 11 28
9 27 10 26 11 27 10 28
29 13 27 15 26 14 28 12
28 13 27 14 25 12 26 11
29 12 29 13 28 13 28 12
30 11 29 12 27 10 28 9
25 7 27 9 25 11 23 9
27 26 27 27 26 27 26 26
23 16 24 17 21 20 20 19
24 15 24 16 23 16 23 15
25 14 25 15 24 15 24 14
26 13 26 14 25 14 25 13
24 24 23 25 20 22 21 21
25 23 25 24 24 24 24 23
25 25 24 24 25 23 26 24
26 22 25 23 22 20 23 19
31 21 28 24 26 22 29 19
31 25 29 25 29 21 31 21
29 27 26 24 28 22 31 25
23 23 23 25 19 25 19 23
24 22 24 23 23 23 23 22
24 21 26 21 26 22 24 22
23 20 24 21 23 22 22 21
24 19 23 20 19 16 20 15
25 20 24 19 27 16 28 17
26 17 26 20 25 20 25 17
27 17 26 17 26 16 27 16
27 18 27 17 28 17 28 18
24 18 27 18 27 19 24 19
24 20 23 20 23 19 24 19
22 23 19 26 18 25 21 22
23 24 22 23 23 22 24 23
29 20 29 21 26 21 26 20
30 19 29 20 28 19 29 18
30 20 29 20 29 19 30 19
21 29 21 28 25 28 25 29
22 30 21 29 25 25 26 26
24 30 22 30 22 27 24 27
24 7 25 7 25 11 24 11
23 8 24 7 27 10 26 11
27 8 27 9 23 9 23 8
