best-score: 713132
count: 10
elapsed-time: 4.842
130
14 14 15 13 16 14 15 15
15 14 14 14 14 13 15 13
16 15 16 14 15 14 15 15
20 15 20 16 19 16 19 15
11 16 12 17 13 16 12 15
12 16 12 17 11 17 11 16
13 15 13 16 12 16 12 15
20 14 21 15 20 16 19 15
21 14 21 15 20 15 20 14
19 14 20 15 21 14 20 13
19 13 20 13 20 14 19 14
20 12 21 13 20 14 19 13
21 12 21 13 20 13 20 12
20 11 21 12 20 13 19 12
19 11 20 11 20 12 19 12
20 10 21 11 20 12 19 11
21 10 21 11 20 11 20 10
19 20 18 19 19 18 20 19
19 19 20 19 20 20 19 20
18 20 19 19 20 20 19 21
18 21 18 20 19 20 19 21
16 9 15 10 16 11 17 10
18 18 19 18 19 19 18 19
14 21 13 22 12 21 13 20
14 22 13 22 13 21 14 21
13 23 12 22 13 21 14 22
12 23 12 22 13 22 13 23
22 13 22 14 21 14 21 13
22 15 21 14 22 13 23 14
23 15 22 15 22 14 23 14
22 16 21 15 22 14 23 15
21 16 21 15 22 15 22 16
20 17 19 16 20 15 21 16
21 17 20 17 20 16 21 16
13 11 13 12 12 12 12 11
12 10 13 11 12 12 11 11
11 10 12 10 12 11 11 11
13 10 12 11 11 10 12 9
14 11 14 10 13 10 13 11
15 12 14 13 13 12 14 11
16 23 17 23 17 24 16 24
12 20 12 21 13 21 13 20
14 20 13 21 12 20 13 19
17 9 18 8 19 9 18 10
16 10 17 10 17 9 16 9
15 11 16 11 16 10 15 10
14 12 15 12 15 11 14 11
13 13 14 13 14 12 13 12
12 14 13 13 14 14 13 15
23 12 22 13 21 12 22 11
14 9 15 10 14 11 13 10
15 9 15 10 14 10 14 9
13 9 14 10 15 9 14 8
13 8 14 8 14 9 13 9
12 7 13 8 12 9 11 8
13 7 13 8 12 8 12 7
11 22 12 22 12 21 11 21
11 9 12 10 13 9 12 8
9 20 8 20 8 19 9 19
18 9 18 8 19 8 19 9
22 12 22 11 21 11 21 12
23 13 22 14 21 13 22 12
25 20 24 21 23 20 24 19
16 12 15 13 14 12 15 11
16 13 15 13 15 12 16 12
17 12 16 13 15 12 16 11
17 14 16 14 16 13 17 13
17 11 17 12 16 12 16 11
18 12 17 11 18 10 19 11
18 13 17 13 17 12 18 12
18 11 17 12 18 13 19 12
19 10 18 11 17 10 18 9
20 9 20 10 19 10 19 9
18 15 17 14 18 13 19 14
18 14 19 14 19 15 18 15
17 15 16 14 17 13 18 14
14 19 14 20 13 20 13 19
12 19 13 20 14 19 13 18
12 18 13 18 13 19 12 19
13 17 12 18 11 17 12 16
16 8 15 9 16 10 17 9
15 8 16 8 16 9 15 9
14 7 15 8 14 9 13 8
15 7 15 8 14 8 14 7
14 6 15 7 14 8 13 7
13 6 14 6 14 7 13 7
16 17 16 15 17 15 17 17
16 21 14 19 16 17 18 19
17 22 16 23 15 22 16 21
15 19 13 17 15 15 17 17
14 17 13 16 15 14 16 15
14 18 13 18 13 17 14 17
15 18 15 19 14 19 14 18
9 18 8 17 10 15 11 16
10 19 9 20 8 19 9 18
10 20 10 19 12 19 12 20
9 21 8 20 9 19 10 20
10 21 9 21 9 20 10 20
11 20 12 21 11 22 10 21
11 18 10 19 11 20 12 19
9 17 9 18 11 18 11 17
10 14 10 15 12 15 12 14
16 20 16 21 14 21 14 20
15 21 14 20 15 19 16 20
16 19 16 20 18 20 18 19
7 17 9 19 11 17 9 15
7 19 7 17 8 17 8 19
11 14 10 13 12 11 13 12
11 19 12 20 11 21 10 20
23 9 24 10 22 12 21 11
21 7 19 9 20 10 22 8
9 9 9 10 11 10 11 9
22 21 24 21 24 23 22 23
20 21 20 20 22 20 22 21
19 22 18 21 19 20 20 21
20 22 19 22 19 21 20 21
18 24 17 23 19 21 20 22
21 18 23 20 22 21 20 19
19 23 19 22 17 22 17 23
25 18 24 19 21 16 22 15
23 18 25 18 25 20 23 20
23 17 23 18 21 18 21 17
22 18 21 17 22 16 23 17
26 22 24 24 20 20 22 18
24 7 24 10 21 10 21 7
23 6 24 7 21 10 20 9
20 6 23 6 23 9 20 9
8 10 8 15 9 15 9 10
5 13 8 10 12 14 9 17
5 14 5 13 10 13 10 14
