best-score: 696644
count: 11
elapsed-time: 4.718
77
24 20 25 21 24 22 23 21
28 31 26 29 28 27 30 29
19 19 20 20 18 22 17 21
23 34 25 36 23 38 21 36
19 29 19 31 18 31 18 29
23 32 23 34 22 34 22 32
14 32 15 32 15 34 14 34
14 36 12 36 12 34 14 34
10 36 12 38 14 36 12 34
10 38 10 36 12 36 12 38
31 24 28 27 25 24 28 21
28 24 28 21 31 21 31 24
25 27 28 27 28 24 25 24
21 31 25 27 26 28 22 32
19 35 21 35 21 31 19 31
15 35 19 35 19 38 15 38
18 32 15 35 14 34 17 31
17 32 17 31 18 31 18 32
13 32 15 34 17 32 15 30
13 28 14 28 14 32 13 32
24 26 27 23 28 24 25 27
22 22 22 26 24 26 24 22
21 19 20 20 22 22 23 21
19 23 21 23 21 19 19 19
16 26 19 23 22 26 19 29
12 26 14 28 16 26 14 24
30 28 30 29 26 29 26 28
23 18 23 21 25 21 25 18
24 17 25 18 24 19 23 18
21 17 24 17 24 19 21 19
17 13 21 17 19 19 15 15
29 31 29 27 28 27 28 31
27 27 26 28 29 31 30 30
29 14 25 18 28 21 32 17
25 35 25 36 21 36 21 35
22 38 19 35 22 32 25 35
11 14 12 13 15 16 14 17
16 28 19 31 24 26 21 23
14 26 14 28 16 28 16 26
12 24 12 26 14 26 14 24
33 17 27 23 25 21 31 15
33 15 37 15 37 17 33 17
35 21 36 22 30 28 29 27
31 16 31 21 35 21 35 16
29 15 29 16 31 16 31 15
26 12 29 15 24 20 21 17
37 29 37 30 30 30 30 29
33 33 30 30 34 26 37 29
30 40 25 35 29 31 34 36
15 17 15 20 20 20 20 17
14 16 14 17 15 17 15 16
37 32 29 32 29 31 37 31
28 12 32 12 32 17 28 17
17 19 17 13 19 13 19 19
10 22 12 24 17 19 15 17
10 28 10 22 13 22 13 28
8 30 10 28 14 32 12 34
35 22 35 21 36 21 36 22
37 24 35 22 36 21 38 23
34 20 29 15 32 12 37 17
34 23 28 17 29 16 35 22
38 26 38 23 34 23 34 26
27 20 34 20 34 23 27 23
27 19 27 20 24 20 24 19
25 30 23 32 13 22 15 20
30 35 30 30 25 30 25 35
37 40 37 35 30 35 30 40
45 32 37 40 29 32 37 24
45 35 37 35 37 32 45 32
42 38 28 24 31 21 45 35
15 14 15 15 29 15 29 14
8 21 15 14 25 24 18 31
8 19 17 19 17 21 8 21
5 22 8 19 18 29 15 32
15 27 25 27 25 30 15 30
32 33 32 17 33 17 33 33
42 34 42 38 23 38 23 34
