best-score: 695500
count: 4
elapsed-time: 4.955
150
21 25 21 26 20 26 20 25
19 21 19 22 20 22 20 21
41 35 41 34 40 34 40 35
34 15 33 16 32 15 33 14
41 42 42 43 41 44 40 43
41 43 42 43 42 44 41 44
40 42 40 43 41 43 41 42
42 42 41 43 40 42 41 41
42 41 42 42 41 42 41 41
33 25 34 24 36 26 35 27
22 32 20 34 18 32 20 30
20 32 22 32 22 34 20 34
18 30 18 32 20 32 20 30
28 18 28 19 30 19 30 18
26 17 26 18 28 18 28 17
27 18 26 17 27 16 28 17
22 23 23 24 21 26 20 25
21 20 20 21 22 23 23 22
21 18 20 19 21 20 22 19
25 24 23 24 23 22 25 22
25 20 23 22 25 24 27 22
27 20 27 22 25 22 25 20
26 19 27 18 28 19 27 20
22 18 24 20 26 18 24 16
21 19 22 19 22 18 21 18
22 20 20 22 19 21 21 19
24 19 24 20 22 20 22 19
24 18 26 18 26 19 24 19
22 16 22 18 24 18 24 16
21 13 20 14 22 16 23 15
25 18 26 19 25 20 24 19
35 14 35 16 33 16 33 14
36 15 35 16 34 15 35 14
17 20 19 22 20 21 18 19
20 20 20 19 21 19 21 20
38 20 39 19 41 21 40 22
17 43 16 44 14 42 15 41
24 25 27 28 28 27 25 24
32 29 32 25 33 25 33 29
36 29 34 31 32 29 34 27
36 32 33 32 33 29 36 29
37 33 36 34 35 33 36 32
40 26 40 29 36 29 36 26
43 23 44 24 41 27 40 26
29 28 28 27 31 24 32 25
35 24 35 27 34 27 34 24
39 23 39 24 35 24 35 23
43 27 39 23 40 22 44 26
41 30 43 30 43 27 41 27
38 30 36 32 33 29 35 27
24 32 27 35 26 36 23 33
16 26 20 30 24 26 20 22
20 27 20 26 16 26 16 27
18 29 16 27 18 25 20 27
17 29 18 29 18 30 17 30
15 33 14 32 17 29 18 30
40 32 40 34 36 34 36 32
44 32 40 32 40 29 44 29
43 31 44 32 41 35 40 34
43 29 40 32 38 30 41 27
34 23 30 19 33 16 37 20
31 23 34 23 34 24 31 24
33 26 32 25 34 23 35 24
37 21 35 23 37 25 39 23
33 21 37 21 37 25 33 25
34 20 33 21 30 18 31 17
35 20 35 23 34 23 34 20
37 16 37 20 35 20 35 16
38 13 36 15 37 16 39 14
35 13 38 13 38 14 35 14
32 10 35 13 31 17 28 14
28 44 27 43 31 39 32 40
24 44 24 41 28 41 28 44
32 22 33 21 35 23 34 24
31 21 32 22 31 23 30 22
33 17 33 21 31 21 31 17
34 16 38 20 37 21 33 17
21 23 21 20 22 20 22 23
31 14 31 17 28 17 28 14
29 18 28 17 31 14 32 15
29 20 28 19 29 18 30 19
18 35 14 35 14 32 18 32
20 39 17 36 18 35 21 38
16 39 20 39 20 41 16 41
40 24 44 24 44 26 40 26
22 15 23 14 26 17 25 18
18 11 22 15 18 19 14 15
38 21 37 21 37 20 38 20
42 19 42 23 39 23 39 19
39 41 39 38 41 38 41 41
22 14 22 15 23 15 23 14
15 44 16 44 16 41 15 41
38 39 41 42 42 41 39 38
30 25 30 22 32 22 32 25
26 39 22 35 29 28 33 32
27 40 25 42 24 41 26 39
32 43 32 40 27 40 27 43
34 29 26 37 32 43 40 35
28 30 20 30 20 27 28 27
26 28 31 23 33 25 28 30
26 35 26 28 27 28 27 35
22 36 26 36 26 35 22 35
22 43 17 43 17 36 22 36
22 39 20 41 22 43 24 41
25 34 21 38 22 39 26 35
29 22 29 28 27 28 27 22
30 20 30 22 29 22 29 20
34 19 34 20 30 20 30 19
38 17 35 20 34 19 37 16
39 17 38 17 38 14 39 14
30 26 24 26 24 25 30 25
47 28 41 34 36 29 42 23
38 31 38 39 34 39 34 31
41 31 38 31 38 30 41 30
43 34 43 31 41 31 41 34
27 24 25 22 27 20 29 22
40 37 39 38 33 32 34 31
44 35 41 38 40 37 43 34
44 38 41 38 41 35 44 35
38 38 41 41 44 38 41 35
37 27 37 33 35 33 35 27
41 25 41 27 37 27 37 25
22 26 24 26 24 32 22 32
21 27 20 26 21 25 22 26
23 29 20 32 18 30 21 27
31 15 28 18 30 20 33 17
38 26 37 27 36 26 37 25
43 26 40 29 35 24 38 21
31 37 31 39 26 39 26 37
29 49 24 44 31 37 36 42
13 39 15 41 22 34 20 32
11 36 17 30 22 35 16 41
11 30 17 30 17 36 11 36
39 44 34 39 35 38 40 43
38 25 39 24 44 29 43 30
34 10 34 15 32 15 32 10
18 14 18 19 20 19 20 14
17 15 18 14 22 18 21 19
14 17 17 17 17 15 14 15
36 37 40 37 40 42 36 42
31 34 31 37 36 37 36 34
27 25 35 33 31 37 23 29
29 23 27 25 22 20 24 18
33 47 22 36 28 30 39 41
32 33 23 33 23 29 32 29
32 38 32 33 35 33 35 38
33 40 20 27 21 26 34 39
13 27 16 27 16 39 13 39
25 37 25 42 14 42 14 37
47 49 47 28 29 28 29 49
