best-score: 749303
count: 8
elapsed-time: 4.773
140
16 18 17 19 18 18 17 17
15 19 16 19 16 18 15 18
15 17 14 18 15 19 16 18
14 17 15 17 15 18 14 18
15 16 16 17 15 18 14 17
16 16 16 17 15 17 15 16
17 15 18 16 17 17 16 16
17 16 17 15 18 15 18 16
19 16 18 17 17 16 18 15
19 17 18 17 18 16 19 16
20 18 19 19 18 18 19 17
19 18 20 18 20 19 19 19
18 19 17 18 18 17 19 18
14 16 15 17 16 16 15 15
14 15 15 15 15 16 14 16
13 14 14 13 15 14 14 15
13 19 12 18 13 17 14 18
24 19 24 18 23 18 23 19
13 16 13 17 14 17 14 16
21 15 20 14 21 13 22 14
24 20 23 19 24 18 25 19
25 20 24 20 24 19 25 19
14 14 14 13 15 13 15 14
13 15 14 15 14 14 13 14
12 16 13 15 14 16 13 17
11 15 12 16 11 17 10 16
12 15 12 16 13 16 13 15
16 14 15 15 14 14 15 13
18 14 17 15 16 14 17 13
17 27 16 26 17 25 18 26
17 26 18 26 18 27 17 27
18 25 19 26 18 27 17 26
18 24 18 25 17 25 17 24
16 24 17 25 18 24 17 23
16 23 17 23 17 24 16 24
20 26 20 25 19 25 19 26
19 27 18 26 19 25 20 26
12 21 11 22 10 21 11 20
16 25 16 26 17 26 17 25
15 24 16 23 17 24 16 25
15 25 15 24 16 24 16 25
14 26 15 25 16 26 15 27
14 27 13 27 13 26 14 26
11 23 10 23 10 22 11 22
21 10 21 9 22 9 22 10
12 25 13 25 13 26 12 26
13 10 12 11 11 10 12 9
13 11 12 11 12 10 13 10
26 25 26 26 25 26 25 25
10 10 10 9 11 9 11 10
11 11 10 10 11 9 12 10
9 25 10 25 10 26 9 26
8 26 9 25 10 26 9 27
8 27 8 26 9 26 9 27
16 15 15 15 15 14 16 14
20 15 18 15 18 14 20 14
15 21 13 21 13 19 15 19
14 20 15 21 14 22 13 21
12 20 12 18 14 18 14 20
11 21 12 21 12 20 11 20
12 22 11 23 10 22 11 21
13 22 12 22 12 21 13 21
10 18 10 16 12 16 12 18
11 19 10 18 11 17 12 18
9 19 9 17 11 17 11 19
8 18 9 17 10 18 9 19
19 21 17 23 15 21 17 19
18 21 18 19 19 19 19 21
14 21 16 23 18 21 16 19
13 20 14 21 13 22 12 21
13 23 15 25 16 24 14 22
14 23 13 23 13 22 14 22
11 24 12 25 14 23 13 22
9 24 10 25 11 24 10 23
16 13 15 13 15 11 16 11
17 14 16 15 15 14 16 13
18 13 18 14 17 14 17 13
19 12 18 13 16 11 17 10
22 22 24 20 26 22 24 24
10 20 11 19 12 20 11 21
8 20 8 18 10 18 10 20
9 21 8 20 9 19 10 20
9 22 9 21 10 21 10 22
15 10 16 11 14 13 13 12
15 28 14 27 16 25 17 26
14 28 14 27 15 27 15 28
26 20 26 22 25 22 25 20
13 24 11 24 11 23 13 23
29 22 27 24 25 22 27 20
10 24 12 26 13 25 11 23
9 23 9 24 10 24 10 23
8 24 9 23 10 24 9 25
8 25 8 24 9 24 9 25
7 26 8 25 9 26 8 27
7 25 8 25 8 26 7 26
8 22 9 21 10 22 9 23
8 23 8 22 9 22 9 23
7 24 8 23 9 24 8 25
7 23 8 23 8 24 7 24
6 24 7 23 8 24 7 25
6 25 6 24 7 24 7 25
11 25 10 25 10 24 11 24
19 14 18 15 17 14 18 13
21 18 20 18 20 15 21 15
24 23 20 19 21 18 25 22
25 24 23 26 22 25 24 23
24 25 25 25 25 24 24 24
22 17 21 18 19 16 20 15
22 18 22 22 21 22 21 18
20 22 19 21 22 18 23 19
21 23 19 25 18 24 20 22
21 24 21 23 24 23 24 24
21 26 20 25 21 24 22 25
21 11 25 15 22 18 18 14
24 11 24 13 21 13 21 11
23 10 24 11 20 15 19 14
23 14 22 14 22 10 23 10
26 17 23 14 24 13 27 16
27 17 27 20 26 20 26 17
28 18 26 20 25 19 27 17
23 17 23 18 22 18 22 17
26 14 26 17 23 17 23 14
28 16 27 17 25 15 26 14
28 17 27 17 27 16 28 16
20 21 23 18 24 19 21 22
19 22 20 22 20 21 19 21
20 23 18 25 17 24 19 22
22 23 21 24 20 23 21 22
10 19 11 20 14 17 13 16
19 20 18 21 19 22 20 21
23 21 20 21 20 19 23 19
19 7 15 11 17 13 21 9
21 7 21 9 19 9 19 7
27 18 25 20 24 19 26 17
17 7 13 11 15 13 19 9
15 7 17 7 17 10 15 10
10 12 13 15 14 14 11 11
10 14 10 12 13 12 13 14
17 11 17 10 21 10 21 11
29 25 29 22 26 22 26 25
