best-score: 650429
count: 17
elapsed-time: 4.743
74
17 17 17 18 18 18 18 17
16 18 17 17 18 18 17 19
16 19 16 18 17 18 17 19
14 19 15 20 16 19 15 18
12 19 13 20 14 19 13 18
14 13 14 12 15 12 15 13
15 14 14 15 13 14 14 13
10 18 9 17 10 16 11 17
27 18 27 19 26 19 26 18
16 25 15 26 14 25 15 24
23 26 23 25 24 25 24 26
14 21 16 21 16 19 14 19
15 22 14 21 15 20 16 21
13 22 13 20 15 20 15 22
11 22 12 23 13 22 12 21
20 15 18 15 18 13 20 13
16 15 18 17 20 15 18 13
16 17 14 17 14 15 16 15
15 16 16 17 15 18 14 17
13 16 15 16 15 18 13 18
12 16 12 14 13 14 13 16
12 18 10 18 10 16 12 16
13 17 12 18 11 17 12 16
23 14 21 16 20 15 22 13
12 17 13 16 14 17 13 18
13 19 13 18 12 18 12 19
10 21 12 21 12 19 10 19
14 23 12 23 12 21 14 21
14 24 14 23 15 23 15 24
13 24 14 24 14 25 13 25
11 24 11 22 13 22 13 24
12 25 11 24 12 23 13 24
13 15 12 14 14 12 15 13
16 23 15 24 14 23 15 22
11 13 9 15 10 16 12 14
11 15 11 17 9 17 9 15
24 23 26 23 26 25 24 25
16 22 16 23 15 23 15 22
22 21 21 22 17 18 18 17
17 10 15 12 18 15 20 13
19 27 15 23 16 22 20 26
24 22 24 23 21 23 21 22
23 21 26 18 27 19 24 22
22 25 23 25 23 21 22 21
23 24 24 25 23 26 22 25
12 9 11 10 14 13 15 12
12 10 11 10 11 9 12 9
9 23 12 23 12 25 9 25
8 22 12 18 13 19 9 23
27 10 23 10 23 9 27 9
31 14 27 18 23 14 27 10
14 30 10 26 17 19 21 23
16 30 14 30 14 25 16 25
21 14 21 16 15 16 15 14
21 10 23 10 23 14 21 14
21 21 21 22 16 22 16 21
22 16 22 21 21 21 21 16
19 13 22 16 16 22 13 19
19 11 18 12 19 13 20 12
31 17 23 17 23 14 31 14
32 18 24 26 23 25 31 17
21 25 21 23 16 23 16 25
9 19 10 18 15 23 14 24
9 18 10 18 10 19 9 19
11 16 12 17 10 19 9 18
8 13 10 11 13 14 11 16
8 10 11 10 11 13 8 13
29 15 26 18 20 12 23 9
32 10 32 18 27 18 27 10
20 24 20 26 15 26 15 24
15 27 10 27 10 26 15 26
16 26 15 27 13 25 14 24
30 12 21 21 18 18 27 9
30 13 22 13 22 12 30 12
