best-score: 876283
count: 26
elapsed-time: 4.696
78
21 16 22 15 23 16 22 17
22 16 22 17 21 17 21 16
23 15 23 16 22 16 22 15
24 14 23 15 22 14 23 13
24 15 23 15 23 14 24 14
21 14 22 15 23 14 22 13
21 15 21 14 22 14 22 15
21 13 20 14 21 15 22 14
22 12 21 13 20 12 21 11
21 12 22 12 22 13 21 13
20 11 20 12 21 12 21 11
10 20 11 21 10 22 9 21
20 10 21 9 22 10 21 11
19 24 18 23 19 22 20 23
20 16 21 15 22 16 21 17
20 15 21 15 21 16 20 16
20 13 21 13 21 14 20 14
19 12 20 11 21 12 20 13
19 13 19 12 20 12 20 13
19 14 20 13 21 14 20 15
19 15 19 14 20 14 20 15
18 14 19 13 20 14 19 15
18 13 19 13 19 14 18 14
18 16 19 15 20 16 19 17
17 16 16 15 18 13 19 14
18 18 18 16 17 16 17 18
20 18 19 19 18 18 19 17
22 18 21 19 20 18 21 17
22 19 21 19 21 18 22 18
23 18 22 19 21 18 22 17
19 23 17 21 19 19 21 21
20 22 20 23 19 23 19 22
20 17 21 17 21 18 20 18
19 16 19 17 20 17 20 16
18 19 17 18 19 16 20 17
19 18 19 19 18 19 18 18
23 17 23 18 22 18 22 17
24 16 23 17 22 16 23 15
24 17 23 17 23 16 24 16
25 16 24 17 23 16 24 15
25 15 25 16 24 16 24 15
11 19 11 21 9 21 9 19
10 18 11 19 10 20 9 19
24 18 23 19 22 18 23 17
24 19 23 19 23 18 24 18
25 18 24 19 23 18 24 17
19 21 21 21 21 19 19 19
17 22 19 22 19 21 17 21
25 17 25 18 24 18 24 17
26 16 25 17 24 16 25 15
26 17 25 17 25 16 26 16
18 24 18 23 19 23 19 24
18 15 19 15 19 16 18 16
16 14 16 15 18 15 18 14
13 19 11 19 11 18 13 18
12 14 12 12 16 12 16 14
18 21 17 22 13 18 14 17
17 11 16 12 12 8 13 7
18 10 20 12 19 13 17 11
20 9 20 10 18 10 18 9
13 17 17 21 15 23 11 19
14 18 14 17 13 17 13 18
14 21 14 18 17 18 17 21
14 15 11 18 14 21 17 18
16 17 16 15 14 15 14 17
15 14 14 15 10 11 11 10
11 12 7 12 7 10 11 10
12 11 10 11 10 8 12 8
23 23 23 19 22 19 22 23
25 21 23 23 21 21 23 19
14 4 10 8 16 14 20 10
16 26 11 21 13 19 18 24
2 12 7 17 12 12 7 7
2 13 2 12 7 12 7 13
13 13 13 17 7 17 7 13
13 10 18 10 18 13 13 13
11 7 11 10 13 10 13 7
17 19 12 14 13 13 18 18
