best-score: 817380
count: 5
elapsed-time: 4.93
186
21 23 22 24 21 25 20 24
22 22 21 23 20 22 21 21
21 22 22 22 22 23 21 23
20 21 20 22 21 22 21 21
22 20 21 21 20 20 21 19
21 20 20 20 20 19 21 19
19 20 20 21 21 20 20 19
19 21 19 20 20 20 20 21
22 30 21 31 20 30 21 29
21 30 21 29 22 29 22 30
20 31 21 31 21 30 20 30
19 30 20 29 21 30 20 31
31 26 31 25 32 25 32 26
32 27 31 26 32 25 33 26
33 27 32 27 32 26 33 26
31 27 32 28 33 27 32 26
30 27 30 26 31 26 31 27
31 28 31 27 32 27 32 28
19 10 18 11 19 12 20 11
15 13 16 14 15 15 14 14
15 11 14 12 15 13 16 12
15 12 14 12 14 11 15 11
16 13 16 12 15 12 15 13
31 15 30 14 31 13 32 14
13 31 14 31 14 32 13 32
13 29 12 30 13 31 14 30
15 14 15 15 14 15 14 14
14 13 15 12 16 13 15 14
13 13 14 13 14 14 13 14
12 12 13 11 14 12 13 13
13 12 12 12 12 11 13 11
13 10 12 11 13 12 14 11
14 10 14 11 13 11 13 10
13 33 12 32 13 31 14 32
12 33 12 32 13 32 13 33
14 33 13 34 12 33 13 32
14 34 13 34 13 33 14 33
12 31 11 31 11 30 12 30
13 30 14 31 13 32 12 31
12 29 12 30 13 30 13 29
33 33 33 32 34 32 34 33
34 34 33 33 34 32 35 33
35 34 34 34 34 33 35 33
12 13 13 12 14 13 13 14
22 21 21 21 21 20 22 20
23 22 22 23 21 22 22 21
23 21 23 22 22 22 22 21
23 23 22 22 23 21 24 22
23 24 22 24 22 23 23 23
24 23 23 23 23 22 24 22
25 19 23 21 22 20 24 18
25 20 25 19 27 19 27 20
26 21 24 23 23 22 25 20
23 18 21 20 22 21 24 19
24 16 24 18 23 18 23 16
26 16 25 17 24 16 25 15
25 18 25 19 24 19 24 18
26 19 25 20 24 19 25 18
29 25 29 23 31 23 31 25
30 24 31 25 30 26 29 25
30 22 29 23 30 24 31 23
32 24 32 22 30 22 30 24
33 25 32 26 31 25 32 24
24 31 23 32 21 30 22 29
33 23 32 24 31 23 32 22
28 24 30 24 30 26 28 26
27 25 28 24 29 25 28 26
28 28 30 26 31 27 29 29
28 30 26 30 26 28 28 28
33 24 33 25 32 25 32 24
29 18 30 17 32 19 31 20
28 17 29 18 27 20 26 19
28 16 30 16 30 17 28 17
21 14 20 15 18 13 19 12
33 30 31 28 32 27 34 29
17 16 16 17 14 15 15 14
17 17 16 17 16 16 17 16
18 16 17 17 16 16 17 15
33 29 33 27 34 27 34 29
32 16 30 16 30 14 32 14
31 17 30 16 31 15 32 16
33 15 33 17 31 17 31 15
34 12 32 14 33 15 35 13
18 15 18 16 17 16 17 15
20 13 20 15 18 15 18 13
34 16 33 17 32 16 33 15
12 17 11 16 13 14 14 15
32 35 31 34 33 32 34 33
34 35 32 35 32 34 34 34
27 27 26 28 22 24 23 23
29 27 27 27 27 25 29 25
30 29 30 27 29 27 29 29
30 30 30 29 33 29 33 30
31 31 30 30 32 28 33 29
30 34 31 34 31 31 30 31
27 26 26 27 23 24 24 23
16 25 17 26 21 22 20 21
13 27 16 27 16 25 13 25
20 25 21 25 21 29 20 29
16 24 16 25 20 25 20 24
18 20 15 23 16 24 19 21
19 16 19 20 18 20 18 16
18 17 17 16 18 15 19 16
21 26 20 25 22 23 23 24
21 13 18 16 21 19 24 16
24 29 26 27 30 31 28 33
25 10 21 14 23 16 27 12
28 18 25 18 25 17 28 17
31 21 30 22 27 19 28 18
33 21 33 23 31 23 31 21
31 19 33 17 35 19 33 21
32 20 32 19 31 19 31 20
27 21 27 20 31 20 31 21
30 18 27 21 25 19 28 16
29 22 30 22 30 18 29 18
28 23 26 21 27 20 29 22
28 22 29 22 29 23 28 23
27 23 28 22 29 23 28 24
26 23 26 21 27 21 27 23
24 27 26 27 26 23 24 23
22 27 24 27 24 29 22 29
19 28 20 29 22 27 21 26
16 28 19 28 19 29 16 29
19 31 17 33 14 30 16 28
22 32 26 28 28 30 24 34
18 36 17 35 21 31 22 32
23 30 23 32 22 32 22 30
18 29 16 27 17 26 19 28
15 34 14 33 18 29 19 30
21 34 24 34 24 31 21 31
17 34 21 34 21 35 17 35
19 32 17 34 14 31 16 29
22 33 21 34 19 32 20 31
24 35 22 33 23 32 25 34
25 35 24 35 24 34 25 34
28 14 30 16 28 18 26 16
26 14 28 14 28 16 26 16
28 12 30 14 28 16 26 14
30 12 30 14 28 14 28 12
27 9 30 12 28 14 25 11
28 9 28 12 27 12 27 9
19 33 22 33 22 32 19 32
17 27 16 28 13 25 14 24
27 24 30 27 31 26 28 23
23 26 24 27 27 24 26 23
30 21 33 24 32 25 29 22
23 12 23 16 19 16 19 12
15 26 16 27 13 30 12 29
17 23 17 26 15 26 15 23
29 28 30 27 31 28 30 29
31 18 30 18 30 17 31 17
29 31 28 30 29 29 30 30
28 38 25 35 29 31 32 34
21 11 21 13 20 13 20 11
22 10 26 14 25 15 21 11
22 11 22 10 25 10 25 11
34 19 32 19 32 16 34 16
33 20 32 19 33 18 34 19
16 18 12 18 12 17 16 17
19 19 18 20 16 18 17 17
29 30 30 30 30 31 29 31
13 19 12 18 15 15 16 16
20 10 21 11 17 15 16 14
19 11 20 11 20 10 19 10
18 12 19 12 19 11 18 11
15 33 17 33 17 34 15 34
18 28 14 32 15 33 19 29
34 15 33 15 33 12 34 12
16 36 14 34 15 33 17 35
15 32 15 33 14 33 14 32
15 31 19 31 19 32 15 32
31 11 35 11 35 13 31 13
32 12 31 13 30 12 31 11
23 25 23 24 27 24 27 25
15 30 15 31 14 31 14 30
8 21 16 29 20 25 12 17
20 17 20 15 25 15 25 17
21 16 20 17 19 16 20 15
30 11 23 18 21 16 28 9
25 39 21 35 26 30 30 34
32 39 25 39 25 35 32 35
31 40 25 34 26 33 32 39
25 13 31 13 31 15 25 15
12 25 12 19 13 19 13 25
26 38 26 33 28 33 28 38
35 27 34 27 34 19 35 19
