best-score: 739544
count: 7
elapsed-time: 4.879
148
24 20 23 19 24 18 25 19
21 25 22 24 23 25 22 26
21 26 21 25 22 25 22 26
17 14 18 13 19 14 18 15
16 14 16 13 17 13 17 14
18 14 17 15 16 14 17 13
19 13 19 14 18 14 18 13
23 24 23 25 22 25 22 24
17 12 18 11 19 12 18 13
16 11 17 12 16 13 15 12
17 11 17 12 16 12 16 11
18 12 17 13 16 12 17 11
20 12 19 13 18 12 19 11
20 13 19 13 19 12 20 12
20 15 19 14 20 13 21 14
21 12 20 13 19 12 20 11
21 11 22 11 22 12 21 12
21 13 20 12 21 11 22 12
22 13 22 14 21 14 21 13
22 15 21 14 22 13 23 14
23 15 22 15 22 14 23 14
23 13 23 12 22 12 22 13
24 12 23 13 22 12 23 11
24 14 23 15 22 14 23 13
24 11 24 12 23 12 23 11
23 10 24 11 23 12 22 11
15 13 15 12 16 12 16 13
14 14 15 13 16 14 15 15
18 10 18 11 17 11 17 10
29 24 29 23 30 23 30 24
26 10 27 10 27 11 26 11
26 12 25 11 26 10 27 11
25 12 25 11 26 11 26 12
27 12 26 13 25 12 26 11
27 13 26 13 26 12 27 12
28 13 28 14 27 14 27 13
28 15 27 14 28 13 29 14
29 15 28 15 28 14 29 14
12 10 13 11 12 12 11 11
9 11 10 10 11 11 10 12
24 13 24 14 23 14 23 13
25 13 24 13 24 12 25 12
26 14 25 13 26 12 27 13
25 14 25 13 26 13 26 14
24 15 23 14 24 13 25 14
23 16 24 16 24 15 23 15
24 17 23 16 24 15 25 16
25 17 24 17 24 16 25 16
23 17 24 18 25 17 24 16
23 18 23 17 24 17 24 18
25 15 24 15 24 14 25 14
26 15 25 14 26 13 27 14
26 16 25 16 25 15 26 15
27 15 26 16 25 15 26 14
28 16 27 15 28 14 29 15
27 16 27 15 28 15 28 16
26 17 25 16 26 15 27 16
27 17 26 17 26 16 27 16
26 18 25 17 26 16 27 17
25 18 25 17 26 17 26 18
24 19 23 18 24 17 25 18
23 20 24 20 24 19 23 19
28 18 27 17 28 16 29 17
26 20 25 19 26 18 27 19
19 23 21 23 21 25 19 25
18 16 16 18 17 19 19 17
17 16 17 15 18 15 18 16
15 17 13 19 14 20 16 18
16 15 16 17 15 17 15 15
15 14 16 13 17 14 16 15
14 13 14 14 15 14 15 13
13 13 13 11 14 11 14 13
13 15 12 14 13 13 14 14
27 21 25 21 25 19 27 19
26 22 25 21 26 20 27 21
24 22 24 20 26 20 26 22
23 21 24 20 25 21 24 22
22 20 22 21 23 21 23 20
20 22 22 20 23 21 21 23
28 20 26 20 26 18 28 18
30 22 29 23 27 21 28 20
28 22 28 20 30 20 30 22
24 27 22 25 23 24 25 26
22 29 24 27 25 28 23 30
15 16 16 15 17 16 16 17
21 28 19 28 19 26 21 26
19 30 17 28 19 26 21 28
29 19 28 20 27 19 28 18
19 29 17 29 17 28 19 28
28 21 30 23 29 24 27 22
16 29 14 27 15 26 17 28
14 10 13 11 15 13 16 12
16 10 16 11 14 11 14 10
17 9 18 10 17 11 16 10
16 9 17 9 17 10 16 10
15 10 16 9 17 10 16 11
13 12 14 13 15 12 14 11
11 24 11 26 10 26 10 24
29 10 27 12 28 13 30 11
12 13 10 13 10 12 12 12
13 14 13 13 12 13 12 14
14 15 14 14 13 14 13 15
12 17 14 15 15 16 13 18
16 20 19 23 20 22 17 19
16 22 14 22 14 20 16 20
12 26 10 24 14 20 16 22
20 16 19 17 22 20 23 19
21 15 20 16 18 14 19 13
20 14 20 15 21 15 21 14
27 24 26 25 22 21 23 20
28 24 27 24 27 22 28 22
25 27 23 25 26 22 28 24
24 26 24 27 25 27 25 26
15 27 19 23 21 25 17 29
14 26 14 27 15 27 15 26
12 22 12 26 14 26 14 22
25 24 25 21 23 21 23 24
27 26 27 24 25 24 25 26
26 27 25 26 26 25 27 26
26 28 25 28 25 27 26 27
32 26 28 30 26 28 30 24
20 17 20 16 23 16 23 17
19 18 17 16 18 15 20 17
20 18 19 18 19 17 20 17
20 19 20 18 23 18 23 19
17 22 20 22 20 19 17 19
19 24 17 22 20 19 22 21
17 26 19 24 21 26 19 28
16 26 16 22 17 22 17 26
19 20 16 20 16 18 19 18
21 18 20 17 22 15 23 16
29 20 28 21 25 18 26 17
22 30 22 29 19 29 19 30
23 31 22 30 25 27 26 28
22 31 22 30 23 30 23 31
11 31 10 30 14 26 15 27
28 31 25 28 26 27 29 30
29 31 28 31 28 30 29 30
30 12 27 12 27 11 30 11
29 11 30 12 28 14 27 13
12 23 20 15 23 18 15 26
10 23 11 24 12 23 11 22
11 17 11 22 12 22 12 17
9 17 9 11 11 11 11 17
7 15 10 12 12 14 9 17
7 18 7 15 13 15 13 18
8 19 7 18 12 13 13 14
12 31 11 31 11 26 12 26
