best-score: 651261
count: 2
elapsed-time: 4.594
271
26 21 25 22 26 23 27 22
26 22 26 21 27 21 27 22
25 23 26 23 26 22 25 22
22 27 23 27 23 28 22 28
26 31 27 30 28 31 27 32
26 32 26 31 27 31 27 32
27 33 26 32 27 31 28 32
28 33 27 33 27 32 28 32
27 34 26 33 27 32 28 33
26 34 26 33 27 33 27 34
28 34 27 35 26 34 27 33
28 35 27 35 27 34 28 34
29 36 29 35 28 35 28 36
29 34 28 35 29 36 30 35
30 34 30 35 29 35 29 34
30 36 29 35 30 34 31 35
31 36 30 36 30 35 31 35
32 35 31 36 30 35 31 34
22 23 22 22 23 22 23 23
28 30 28 31 27 31 27 30
30 30 29 31 28 30 29 29
30 31 29 31 29 30 30 30
29 32 28 31 29 30 30 31
30 33 29 34 28 33 29 32
31 33 31 34 30 34 30 33
29 33 30 34 31 33 30 32
25 33 26 33 26 32 25 32
25 31 24 32 25 33 26 32
24 31 25 31 25 32 24 32
25 30 26 31 25 32 24 31
26 30 26 31 25 31 25 30
27 29 28 30 27 31 26 30
26 29 27 29 27 30 26 30
25 29 24 30 25 31 26 30
24 29 25 29 25 30 24 30
25 28 26 29 25 30 24 29
27 18 27 19 26 19 26 18
28 29 28 30 29 30 29 29
27 28 28 29 27 30 26 29
28 28 28 29 27 29 27 28
27 27 28 28 27 29 26 28
26 27 27 27 27 28 26 28
28 27 27 28 26 27 27 26
31 24 30 23 31 22 32 23
30 24 30 23 31 23 31 24
31 25 30 24 31 23 32 24
32 25 31 25 31 24 32 24
32 22 32 23 31 23 31 22
33 22 32 22 32 21 33 21
33 20 32 21 33 22 34 21
34 20 34 21 33 21 33 20
35 21 34 22 33 21 34 20
35 22 34 22 34 21 35 21
33 23 33 24 32 24 32 23
34 23 33 23 33 22 34 22
33 29 33 28 32 28 32 29
31 29 32 30 33 29 32 28
31 30 31 29 32 29 32 30
32 31 31 32 30 31 31 30
33 30 33 31 32 31 32 30
34 29 33 30 32 29 33 28
35 28 35 29 34 29 34 28
25 35 24 34 25 33 26 34
31 31 31 32 30 32 30 31
32 32 31 31 32 30 33 31
32 34 31 33 32 32 33 33
34 30 34 29 33 29 33 30
27 37 26 36 27 35 28 36
28 38 27 39 26 38 27 37
28 39 28 38 29 38 29 39
32 33 32 32 31 32 31 33
33 34 33 33 32 33 32 34
33 32 32 33 33 34 34 33
34 31 33 32 32 31 33 30
34 32 33 32 33 31 34 31
35 31 34 32 33 31 34 30
19 32 18 31 19 30 20 31
18 32 18 31 19 31 19 32
17 31 18 30 19 31 18 32
17 30 18 30 18 31 17 31
26 14 26 15 25 15 25 14
24 14 25 15 26 14 25 13
24 13 25 13 25 14 24 14
20 30 20 31 19 31 19 30
21 31 20 32 19 31 20 30
21 32 20 32 20 31 21 31
35 30 35 31 34 31 34 30
36 31 35 32 34 31 35 30
36 32 35 32 35 31 36 31
28 37 29 36 30 37 29 38
27 38 28 38 28 37 27 37
26 39 27 39 27 38 26 38
27 40 26 39 27 38 28 39
28 40 27 40 27 39 28 39
36 29 35 30 34 29 35 28
36 30 35 30 35 29 36 29
37 31 36 32 35 31 36 30
37 30 37 31 36 31 36 30
36 22 35 21 36 20 37 21
35 33 35 32 34 32 34 33
34 34 33 33 34 32 35 33
29 37 30 37 30 36 29 36
30 38 29 39 28 38 29 37
17 34 18 35 17 36 16 35
16 18 15 17 16 16 17 17
37 33 38 32 39 33 38 34
36 34 35 33 36 32 37 33
37 34 37 35 36 35 36 34
38 33 38 34 37 34 37 33
39 32 39 33 38 33 38 32
40 33 39 34 38 33 39 32
40 34 39 34 39 33 40 33
37 36 36 35 37 34 38 35
38 37 38 36 37 36 37 37
17 15 16 16 15 15 16 14
33 14 33 13 34 13 34 14
33 12 32 13 33 14 34 13
32 12 33 12 33 13 32 13
39 35 38 36 37 35 38 34
39 36 38 36 38 35 39 35
40 35 39 36 38 35 39 34
37 16 36 15 37 14 38 15
28 26 28 27 27 27 27 26
23 26 25 28 26 27 24 25
24 26 26 28 25 29 23 27
23 25 23 26 24 26 24 25
26 24 24 26 23 25 25 23
27 23 29 25 28 26 26 24
27 24 26 24 26 23 27 23
25 24 24 25 22 23 23 22
23 24 23 23 25 23 25 24
21 24 23 24 23 25 21 25
20 25 21 24 23 26 22 27
18 23 20 25 18 27 16 25
26 25 25 24 26 23 27 24
25 25 25 24 26 24 26 25
28 22 27 23 26 22 27 21
28 23 27 23 27 22 28 22
29 20 27 22 28 23 30 21
29 22 29 20 31 20 31 22
20 26 22 28 23 27 21 25
18 24 20 26 18 28 16 26
17 24 17 23 18 23 18 24
24 21 24 19 26 19 26 21
22 19 24 17 26 19 24 21
21 17 21 19 22 19 22 17
20 24 21 25 23 23 22 22
18 25 20 25 20 24 18 24
18 26 16 26 16 25 18 25
20 27 20 26 18 26 18 27
21 26 20 26 20 25 21 25
34 27 32 25 33 24 35 26
33 27 34 27 34 28 33 28
36 26 34 28 33 27 35 25
36 28 35 28 35 26 36 26
37 29 36 30 35 29 36 28
23 21 22 22 20 20 21 19
24 22 24 21 23 21 23 22
25 21 26 22 25 23 24 22
24 20 26 18 27 19 25 21
30 26 31 25 33 27 32 28
28 24 28 26 30 26 30 24
24 36 26 36 26 34 24 34
23 38 24 38 24 36 23 36
30 19 29 20 27 18 28 17
32 17 33 18 31 20 30 19
19 28 17 30 16 29 18 27
25 37 25 35 27 35 27 37
25 39 24 38 25 37 26 38
18 22 17 23 18 24 19 23
19 22 19 23 18 23 18 22
16 21 18 23 19 22 17 20
17 21 16 21 16 20 17 20
19 19 20 20 18 22 17 21
20 16 18 18 19 19 21 17
36 24 35 25 33 23 34 22
35 24 35 22 36 22 36 24
36 23 35 24 34 23 35 22
38 24 38 26 36 26 36 24
33 25 33 24 35 24 35 25
32 27 33 27 33 25 32 25
23 16 25 14 26 15 24 17
31 18 33 18 33 20 31 20
30 15 28 17 26 15 28 13
33 16 32 17 30 15 31 14
31 16 31 14 33 14 33 16
20 21 22 23 21 24 19 22
32 19 32 21 30 21 30 19
37 28 37 29 36 29 36 28
38 29 37 30 36 29 37 28
38 30 37 30 37 29 38 29
39 31 38 32 37 31 38 30
34 18 36 18 36 20 34 20
34 37 32 35 33 34 35 36
34 16 34 18 33 18 33 16
32 18 34 16 36 18 34 20
18 16 18 18 16 18 16 16
14 16 14 14 16 14 16 16
13 15 14 14 15 15 14 16
38 13 39 13 39 15 38 15
31 28 27 24 28 23 32 27
30 29 31 28 32 29 31 30
29 28 30 29 29 30 28 29
30 28 30 29 29 29 29 28
29 27 30 28 29 29 28 28
31 27 29 27 29 25 31 25
21 30 24 30 24 31 21 31
22 29 21 30 19 28 20 27
23 30 22 29 23 28 24 29
22 33 21 32 23 30 24 31
22 35 22 33 25 33 25 35
21 35 22 35 22 36 21 36
20 36 17 33 18 32 21 35
19 36 19 32 20 32 20 36
19 29 19 28 22 28 22 29
17 29 18 30 19 29 18 28
16 30 17 30 17 29 16 29
14 34 13 33 16 30 17 31
14 33 17 33 17 34 14 34
15 34 14 33 17 30 18 31
21 27 21 30 20 30 20 27
22 26 22 27 21 27 21 26
21 21 21 24 20 24 20 21
28 18 27 19 31 23 32 22
31 17 31 18 28 18 28 17
30 16 33 13 34 14 31 17
26 16 26 15 30 15 30 16
28 14 30 16 28 18 26 16
26 13 26 14 28 14 28 13
25 12 26 13 25 14 24 13
26 12 26 13 25 13 25 12
21 34 24 34 24 32 21 32
23 34 22 35 21 34 22 33
24 35 23 34 25 32 26 33
23 18 23 16 26 16 26 18
24 39 23 38 27 34 28 35
25 38 25 39 24 39 24 38
18 29 19 29 19 30 18 30
17 28 17 29 18 29 18 28
15 28 15 24 17 24 17 28
13 30 15 28 16 29 14 31
16 32 16 30 13 30 13 32
23 33 24 34 22 36 21 35
22 30 21 31 23 33 24 32
22 14 22 17 24 17 24 14
22 37 21 36 22 35 23 36
20 33 21 34 19 36 18 35
18 34 18 35 21 35 21 34
20 17 20 20 17 20 17 17
18 19 20 17 22 19 20 21
14 15 18 19 17 20 13 16
34 38 34 37 30 37 30 38
35 37 34 38 31 35 32 34
34 36 34 37 35 37 35 36
33 36 33 34 34 34 34 36
21 16 21 17 20 17 20 16
22 15 23 16 22 17 21 16
33 41 30 38 34 34 37 37
19 18 19 19 18 19 18 18
38 18 36 18 36 15 38 15
36 16 38 18 36 20 34 18
37 11 34 14 36 16 39 13
35 39 35 37 37 37 37 39
15 19 15 22 18 22 18 19
17 19 16 20 15 19 16 18
28 8 22 14 26 18 32 12
31 41 31 36 33 36 33 41
30 42 28 40 29 39 31 41
23 39 14 39 14 38 23 38
21 37 22 36 24 38 23 39
20 37 20 36 21 36 21 37
