best-score: 853114
count: 4
elapsed-time: 4.846
233
18 20 19 19 20 20 19 21
18 16 19 15 20 16 19 17
22 18 21 19 20 18 21 17
23 17 24 18 23 19 22 18
22 17 23 17 23 18 22 18
23 16 24 17 23 18 22 17
24 16 24 17 23 17 23 16
21 21 20 20 21 19 22 20
23 21 22 20 23 19 24 20
18 14 19 13 20 14 19 15
19 14 18 14 18 13 19 13
20 15 20 14 19 14 19 15
20 13 19 14 20 15 21 14
21 13 21 14 20 14 20 13
16 19 15 20 14 19 15 18
15 19 14 19 14 18 15 18
16 20 16 19 15 19 15 20
17 21 16 20 17 19 18 20
23 20 24 20 24 19 23 19
22 21 23 21 23 20 22 20
22 22 21 22 21 21 22 21
23 23 22 22 23 21 24 22
23 22 24 22 24 23 23 23
22 23 21 22 22 21 23 22
22 19 23 18 24 19 23 20
21 18 21 19 22 19 22 18
20 17 20 18 21 18 21 17
21 16 22 17 21 18 20 17
22 16 22 17 21 17 21 16
21 15 22 16 21 17 20 16
22 14 21 15 20 14 21 13
23 13 23 14 22 14 22 13
23 15 22 14 23 13 24 14
22 15 23 15 23 16 22 16
24 15 23 16 22 15 23 14
25 15 25 16 24 16 24 15
18 15 17 14 18 13 19 14
17 15 17 14 18 14 18 15
19 16 19 15 18 15 18 16
16 18 15 19 14 18 15 17
17 17 18 18 17 19 16 18
16 16 17 15 18 16 17 17
14 20 15 19 16 20 15 21
14 21 14 20 15 20 15 21
16 21 15 22 14 21 15 20
16 22 15 22 15 21 16 21
14 22 15 23 16 22 15 21
14 23 14 22 15 22 15 23
16 23 15 24 14 23 15 22
16 24 15 24 15 23 16 23
14 24 15 25 16 24 15 23
13 25 12 24 13 23 14 24
12 26 13 26 13 25 12 25
13 27 12 26 13 25 14 26
14 27 13 27 13 26 14 26
15 26 16 27 15 28 14 27
16 26 16 27 15 27 15 26
17 27 16 28 15 27 16 26
18 11 18 10 19 10 19 11
17 10 18 9 19 10 18 11
17 9 18 9 18 10 17 10
13 24 14 24 14 23 13 23
14 25 13 26 12 25 13 24
16 25 15 26 14 25 15 24
17 24 18 25 17 26 16 25
17 25 16 25 16 24 17 24
18 26 18 25 17 25 17 26
18 27 17 28 16 27 17 26
18 28 17 28 17 27 18 27
19 28 19 29 18 29 18 28
19 27 18 28 17 27 18 26
10 22 9 22 9 21 10 21
9 23 10 22 11 23 10 24
10 23 10 24 9 24 9 23
11 22 11 23 10 23 10 22
12 23 11 24 10 23 11 22
13 22 14 23 13 24 12 23
12 22 13 22 13 23 12 23
13 21 14 22 13 23 12 22
13 19 12 20 13 21 14 20
13 20 13 19 14 19 14 20
12 21 13 21 13 20 12 20
11 21 12 21 12 22 11 22
10 20 11 21 10 22 9 21
14 28 15 28 15 27 14 27
28 14 28 15 27 15 27 14
29 13 28 14 27 13 28 12
28 13 29 13 29 14 28 14
27 12 27 13 28 13 28 12
26 13 27 12 28 13 27 14
26 14 26 13 27 13 27 14
25 13 26 14 25 15 24 14
8 23 9 22 10 23 9 24
8 22 9 22 9 23 8 23
13 28 12 27 13 26 14 27
12 28 12 27 13 27 13 28
13 29 12 28 13 27 14 28
14 29 13 29 13 28 14 28
10 25 11 25 11 24 10 24
8 25 9 26 10 25 9 24
9 25 10 26 11 25 10 24
8 24 8 25 9 25 9 24
7 23 8 22 9 23 8 24
7 24 7 23 8 23 8 24
26 10 25 11 24 10 25 9
26 11 26 10 27 10 27 11
28 11 27 12 26 11 27 10
29 12 29 11 28 11 28 12
30 13 29 14 28 13 29 12
11 26 10 25 11 24 12 25
11 27 11 26 12 26 12 27
30 12 30 13 29 13 29 12
28 10 27 11 28 12 29 11
27 9 27 10 28 10 28 9
28 25 29 25 29 26 28 26
29 24 28 25 27 24 28 23
10 11 10 10 11 10 11 11
17 18 17 19 16 19 16 18
18 17 18 18 17 18 17 17
19 18 18 17 19 16 20 17
18 19 19 19 19 18 18 18
17 20 16 19 17 18 18 19
18 21 18 20 17 20 17 21
17 22 16 21 17 20 18 21
17 23 16 23 16 22 17 22
18 24 17 25 16 24 17 23
18 22 18 21 19 21 19 22
18 23 17 24 16 23 17 22
16 17 16 18 15 18 15 17
17 16 17 17 16 17 16 16
12 19 13 20 12 21 11 20
11 19 12 19 12 20 11 20
19 26 19 27 18 27 18 26
20 27 19 28 18 27 19 26
22 27 21 28 20 27 21 26
23 28 22 27 23 26 24 27
23 27 24 27 24 28 23 28
24 26 25 27 24 28 23 27
25 26 25 27 24 27 24 26
26 27 25 28 24 27 25 26
26 28 25 28 25 27 26 27
27 27 26 28 25 27 26 26
20 28 20 27 19 27 19 28
21 27 20 28 19 27 20 26
22 28 22 27 21 27 21 28
22 26 21 27 22 28 23 27
27 26 27 27 26 27 26 26
28 27 27 26 28 25 29 26
27 28 28 27 29 28 28 29
28 28 27 28 27 27 28 27
29 29 29 28 28 28 28 29
29 27 28 28 27 27 28 26
21 23 20 24 18 22 19 21
19 23 19 22 21 22 21 23
19 24 18 24 18 23 19 23
20 25 19 26 18 25 19 24
19 25 19 24 20 24 20 25
21 25 20 26 19 25 20 24
22 25 22 26 21 26 21 25
25 24 23 26 22 25 24 23
26 24 26 26 25 26 25 24
27 22 27 24 26 24 26 22
29 22 28 23 27 22 28 21
20 23 19 24 18 23 19 22
26 20 26 22 24 22 24 20
28 22 26 24 24 22 26 20
29 23 29 22 28 22 28 23
20 11 20 13 19 13 19 11
21 12 20 11 22 9 23 10
22 12 22 13 21 13 21 12
20 10 22 12 21 13 19 11
23 25 23 23 22 23 22 25
25 25 24 26 23 25 24 24
27 25 26 26 25 25 26 24
28 24 28 25 27 25 27 24
30 24 29 25 28 24 29 23
30 25 29 25 29 24 30 24
21 24 22 25 21 26 20 25
22 24 23 25 22 26 21 25
8 18 10 20 11 19 9 17
26 17 25 16 27 14 28 15
26 18 24 18 24 17 26 17
28 20 26 22 24 20 26 18
25 23 25 24 24 24 24 23
16 12 15 11 17 9 18 10
15 13 16 12 18 14 17 15
16 13 15 13 15 12 16 12
23 11 25 11 25 13 23 13
24 12 23 13 22 12 23 11
26 12 25 13 24 12 25 11
24 25 24 26 23 26 23 25
27 17 26 18 24 16 25 15
26 15 26 17 27 17 27 15
25 14 25 15 26 15 26 14
27 21 28 21 28 22 27 22
10 17 9 17 9 15 10 15
11 14 9 12 10 11 12 13
10 28 9 28 9 26 10 26
12 29 12 28 10 28 10 29
13 30 12 29 13 28 14 29
12 30 12 29 13 29 13 30
11 29 10 28 11 27 12 28
28 18 28 20 26 20 26 18
13 12 12 13 16 17 17 16
13 11 15 11 15 12 13 12
11 17 9 15 13 11 15 13
14 17 14 18 11 18 11 17
13 16 14 17 12 19 11 18
12 15 15 12 16 13 13 16
15 15 12 15 12 13 15 13
14 16 15 15 16 16 15 17
15 16 15 17 14 17 14 16
16 15 16 16 15 16 15 15
12 16 12 19 13 19 13 16
8 19 8 18 11 18 11 19
7 20 8 19 10 21 9 22
25 10 22 13 23 14 26 11
26 9 26 10 25 10 25 9
27 8 28 9 27 10 26 9
26 8 27 8 27 9 26 9
14 7 17 10 15 12 12 9
11 16 10 15 11 14 12 15
11 15 12 15 12 16 11 16
10 14 10 15 11 15 11 14
29 18 24 23 23 22 28 17
29 17 29 18 28 18 28 17
28 16 29 17 28 18 27 17
29 15 28 16 27 15 28 14
29 16 28 16 28 15 29 15
30 15 29 16 28 15 29 14
30 14 30 15 29 15 29 14
31 13 30 14 29 13 30 12
31 14 30 14 30 13 31 13
