best-score: 777040
count: 3
elapsed-time: 4.84
271
22 22 23 21 24 22 23 23
23 22 22 22 22 21 23 21
24 21 23 22 22 21 23 20
24 23 24 22 23 22 23 23
24 20 24 21 23 21 23 20
21 28 22 28 22 27 21 27
23 28 22 29 21 28 22 27
23 29 22 29 22 28 23 28
24 28 25 29 24 30 23 29
23 18 24 17 25 18 24 19
23 19 23 18 24 18 24 19
22 20 23 19 24 20 23 21
22 19 23 19 23 20 22 20
21 18 21 19 22 19 22 18
22 17 23 18 22 19 21 18
23 17 23 18 22 18 22 17
25 17 25 18 24 18 24 17
24 16 25 15 26 16 25 17
23 16 24 16 24 17 23 17
21 16 22 17 23 16 22 15
22 16 21 16 21 15 22 15
23 15 24 16 23 17 22 16
31 23 30 24 29 23 30 22
31 24 30 24 30 23 31 23
30 25 29 24 30 23 31 24
29 25 29 24 30 24 30 25
15 22 16 23 17 22 16 21
29 22 29 23 30 23 30 22
26 17 25 18 26 19 27 18
25 16 25 17 26 17 26 16
24 15 25 16 24 17 23 16
24 14 25 14 25 15 24 15
25 13 26 14 25 15 24 14
26 12 26 13 25 13 25 12
26 11 27 11 27 12 26 12
27 10 28 11 27 12 26 11
28 10 28 11 27 11 27 10
22 14 23 13 24 14 23 15
20 14 21 15 22 14 21 13
20 13 21 13 21 14 20 14
19 13 19 12 20 12 20 13
19 15 18 14 19 13 20 14
24 29 25 29 25 30 24 30
23 30 24 29 25 30 24 31
23 31 23 30 24 30 24 31
17 21 16 21 16 20 17 20
23 14 23 15 22 15 22 14
24 13 25 14 24 15 23 14
24 11 23 12 24 13 25 12
26 15 27 16 26 17 25 16
27 15 27 16 26 16 26 15
22 13 23 14 22 15 21 14
22 12 23 12 23 13 22 13
33 21 34 22 33 23 32 22
33 22 33 21 34 21 34 22
32 23 33 23 33 22 32 22
12 23 12 22 13 22 13 23
12 21 11 22 12 23 13 22
13 20 12 21 11 20 12 19
12 20 12 19 13 19 13 20
11 21 12 21 12 20 11 20
10 20 11 19 12 20 11 21
10 19 11 19 11 20 10 20
15 21 14 20 15 19 16 20
16 22 16 21 15 21 15 22
17 23 17 22 16 22 16 23
18 22 17 23 16 22 17 21
18 28 17 29 16 28 17 27
15 26 14 26 14 25 15 25
15 24 14 25 15 26 16 25
16 24 16 25 15 25 15 24
16 26 15 25 16 24 17 25
17 26 16 26 16 25 17 25
34 24 33 25 32 24 33 23
29 30 29 29 28 29 28 30
30 29 29 30 28 29 29 28
30 28 30 29 29 29 29 28
30 30 29 29 30 28 31 29
31 30 30 30 30 29 31 29
16 29 15 29 15 28 16 28
36 22 35 23 34 22 35 21
13 21 12 20 13 19 14 20
14 22 13 23 12 22 13 21
15 23 14 22 15 21 16 22
14 23 14 22 15 22 15 23
14 21 13 22 14 23 15 22
15 20 15 21 14 21 14 20
14 19 15 20 14 21 13 20
13 18 13 19 14 19 14 18
27 13 27 14 26 14 26 13
28 14 27 13 28 12 29 13
28 16 27 15 28 14 29 15
28 15 28 14 27 14 27 15
29 16 29 15 28 15 28 16
28 17 27 16 28 15 29 16
27 17 27 16 28 16 28 17
28 18 27 17 28 16 29 17
29 18 28 18 28 17 29 17
28 19 27 18 28 17 29 18
27 19 27 18 28 18 28 19
28 13 27 14 26 13 27 12
29 14 29 13 28 13 28 14
30 15 30 14 29 14 29 15
34 20 35 20 35 21 34 21
17 13 18 14 17 15 16 14
12 18 13 19 14 18 13 17
12 17 13 17 13 18 12 18
11 18 12 17 13 18 12 19
16 30 15 31 14 30 15 29
17 30 16 30 16 29 17 29
15 30 15 31 14 31 14 30
14 29 15 28 16 29 15 30
13 30 14 30 14 29 13 29
29 12 28 12 28 11 29 11
30 13 29 14 28 13 29 12
30 32 31 31 32 32 31 33
30 12 30 13 29 13 29 12
31 13 30 14 29 13 30 12
31 14 30 14 30 13 31 13
32 13 31 14 30 13 31 12
14 34 15 34 15 33 14 33
33 13 32 14 31 13 32 12
33 14 32 14 32 13 33 13
33 12 32 13 33 14 34 13
34 12 34 13 33 13 33 12
12 13 11 13 11 12 12 12
18 21 18 22 17 22 17 21
26 18 26 17 27 17 27 18
25 19 26 19 26 18 25 18
26 20 25 19 26 18 27 19
27 20 26 20 26 19 27 19
16 19 17 20 16 21 15 20
25 20 24 20 24 19 25 19
26 21 25 20 26 19 27 20
25 21 25 20 26 20 26 21
25 22 24 22 24 21 25 21
26 24 24 22 25 21 27 23
23 25 24 26 22 28 21 27
27 24 27 23 29 23 29 24
26 25 24 23 25 22 27 24
27 25 26 25 26 24 27 24
25 27 24 26 26 24 27 25
26 29 26 27 25 27 25 29
25 26 26 27 24 29 23 28
24 27 25 27 25 26 24 26
23 27 24 27 24 28 23 28
22 25 22 27 23 27 23 25
21 24 23 22 24 23 22 25
22 24 21 24 21 22 22 22
24 24 23 25 22 24 23 23
26 23 26 24 24 24 24 23
27 21 27 23 26 23 26 21
30 21 29 22 27 20 28 19
31 20 33 22 32 23 30 21
31 16 29 18 31 20 33 18
32 15 31 16 30 15 31 14
31 15 31 14 32 14 32 15
30 16 29 15 30 14 31 15
30 17 29 17 29 16 30 16
18 18 16 20 17 21 19 19
20 16 18 18 17 17 19 15
21 17 20 16 21 15 22 16
20 17 20 16 21 16 21 17
32 21 32 22 30 22 30 21
32 26 32 24 31 24 31 26
31 27 29 25 30 24 32 26
33 29 33 27 31 27 31 29
34 30 34 29 33 29 33 30
36 28 34 30 33 29 35 27
13 25 14 25 14 23 13 23
12 24 13 25 12 26 11 25
28 27 30 25 31 26 29 28
14 24 15 25 14 26 13 25
21 33 23 33 23 34 21 34
35 25 35 23 33 23 33 25
36 24 35 25 34 24 35 23
18 16 18 14 20 14 20 16
16 16 14 18 15 19 17 17
16 18 16 16 18 16 18 18
15 18 16 18 16 19 15 19
14 17 15 18 14 19 13 18
15 17 15 18 14 18 14 17
15 15 17 15 17 17 15 17
13 27 15 29 16 28 14 26
11 27 11 25 13 25 13 27
12 28 11 27 12 26 13 27
14 28 12 28 12 26 14 26
34 26 33 27 32 26 33 25
36 26 35 27 34 26 35 25
26 32 28 30 30 32 28 34
28 32 28 34 26 34 26 32
29 32 29 30 30 30 30 32
33 20 33 18 34 18 34 20
34 19 35 20 34 21 33 20
34 17 33 18 34 19 35 18
35 16 34 17 32 15 33 14
18 10 17 11 19 13 20 12
33 31 33 30 31 30 31 31
36 32 35 33 33 31 34 30
36 27 36 28 35 28 35 27
35 17 35 18 34 18 34 17
12 31 14 31 14 33 12 33
13 32 12 31 13 30 14 31
13 34 12 33 13 32 14 33
16 36 14 34 15 33 17 35
17 36 16 36 16 35 17 35
13 10 14 11 12 13 11 12
14 10 14 11 13 11 13 10
20 18 21 19 22 18 21 17
25 33 23 31 24 30 26 32
32 20 33 20 33 21 32 21
33 19 34 20 33 21 32 20
20 25 17 22 18 21 21 24
21 26 17 30 16 29 20 25
23 26 22 27 21 26 22 25
20 21 21 22 17 26 16 25
20 20 22 20 22 21 20 21
18 20 18 18 20 18 20 20
21 21 20 20 21 19 22 20
18 26 17 25 21 21 22 22
18 27 18 26 21 26 21 27
17 28 18 28 18 27 17 27
27 28 27 25 29 25 29 28
27 30 26 29 27 28 28 29
24 33 27 30 29 32 26 35
25 31 25 33 24 33 24 31
27 31 25 31 25 30 27 30
27 33 27 31 31 31 31 33
20 23 20 25 17 25 17 23
30 20 30 21 27 21 27 20
31 17 31 20 30 20 30 17
34 16 34 17 31 17 31 16
33 17 34 16 35 17 34 18
27 26 28 27 27 28 26 27
29 21 27 19 28 18 30 20
28 26 31 26 31 27 28 27
28 24 27 25 28 26 29 25
28 22 27 23 28 24 29 23
20 28 20 31 18 31 18 28
18 30 20 28 23 31 21 33
17 31 16 30 17 29 18 30
18 35 18 31 17 31 17 35
19 34 18 35 14 31 15 30
21 36 19 34 21 32 23 34
19 36 19 34 21 34 21 36
18 37 17 36 18 35 19 36
32 25 35 28 34 29 31 26
33 24 32 25 31 24 32 23
23 35 23 34 26 34 26 35
24 36 23 35 25 33 26 34
30 18 29 17 30 16 31 17
19 32 16 35 15 34 18 31
19 33 19 32 21 32 21 33
18 32 22 28 23 29 19 33
16 10 16 14 18 14 18 10
32 35 29 32 31 30 34 33
36 35 32 35 32 32 36 32
14 16 11 13 12 12 15 15
14 14 16 14 16 16 14 16
13 16 14 16 14 17 13 17
14 13 14 11 17 11 17 13
12 14 14 14 14 13 12 13
35 13 35 16 34 16 34 13
34 14 33 13 34 12 35 13
35 30 35 33 34 33 34 30
34 31 33 30 34 29 35 30
15 10 21 16 20 17 14 11
23 37 18 37 18 35 23 35
21 39 17 35 19 33 23 37
24 39 21 39 21 36 24 36
18 11 19 12 14 17 13 16
