best-score: 824692
count: 5
elapsed-time: 4.859
228
15 19 16 18 17 19 16 20
19 22 18 21 19 20 20 21
19 16 18 15 19 14 20 15
20 20 21 19 22 20 21 21
21 20 21 21 20 21 20 20
22 19 22 20 21 20 21 19
22 21 21 20 22 19 23 20
23 21 22 21 22 20 23 20
24 22 24 21 23 21 23 22
23 23 22 22 23 21 24 22
22 23 22 22 23 22 23 23
24 23 23 24 22 23 23 22
24 24 23 24 23 23 24 23
22 24 23 25 24 24 23 23
21 25 22 25 22 24 21 24
20 24 21 23 22 24 21 25
20 23 21 23 21 24 20 24
19 24 18 23 19 22 20 23
19 12 19 13 18 13 18 12
20 11 20 12 19 12 19 11
21 10 22 11 21 12 20 11
20 10 20 9 21 9 21 10
19 9 20 10 19 11 18 10
20 13 19 14 18 13 19 12
21 13 20 13 20 12 21 12
20 14 19 13 20 12 21 13
19 15 20 15 20 14 19 14
13 17 12 18 11 17 12 16
20 22 21 21 22 22 21 23
19 23 20 23 20 22 19 22
18 24 19 24 19 23 18 23
19 25 18 24 19 23 20 24
20 25 19 25 19 24 20 24
18 25 19 26 20 25 19 24
18 26 18 25 19 25 19 26
17 25 17 24 18 24 18 25
15 25 16 26 17 25 16 24
14 26 15 26 15 25 14 25
21 22 22 22 22 21 21 21
12 17 12 18 11 18 11 17
11 16 12 17 11 18 10 17
10 16 11 16 11 17 10 17
13 16 13 17 12 17 12 16
24 19 25 20 24 21 23 20
22 14 23 14 23 15 22 15
24 14 23 15 22 14 23 13
25 13 26 14 25 15 24 14
26 13 26 14 25 14 25 13
25 12 26 13 25 14 24 13
26 12 25 12 25 11 26 11
26 10 25 11 26 12 27 11
27 10 27 11 26 11 26 10
16 13 15 13 15 12 16 12
17 12 18 13 17 14 16 13
25 17 26 16 27 17 26 18
26 17 25 17 25 16 26 16
27 18 27 17 26 17 26 18
25 18 26 19 27 18 26 17
25 19 25 18 26 18 26 19
27 19 26 20 25 19 26 18
27 20 26 20 26 19 27 19
26 21 25 20 26 19 27 20
17 11 16 10 17 9 18 10
16 11 17 11 17 12 16 12
15 10 16 11 15 12 14 11
15 11 14 11 14 10 15 10
15 9 14 10 15 11 16 10
16 9 16 10 15 10 15 9
24 20 25 20 25 19 24 19
23 19 24 20 23 21 22 20
26 15 25 16 26 17 27 16
27 15 26 15 26 14 27 14
20 26 20 25 21 25 21 26
22 26 21 27 20 26 21 25
23 26 22 26 22 25 23 25
22 27 21 26 22 25 23 26
10 19 10 20 9 20 9 19
24 15 24 14 25 14 25 15
23 16 22 15 23 14 24 15
24 16 23 16 23 15 24 15
22 16 23 17 24 16 23 15
22 17 22 16 23 16 23 17
21 16 22 17 21 18 20 17
21 14 20 15 21 16 22 15
22 13 22 14 21 14 21 13
23 12 24 13 23 14 22 13
22 12 23 12 23 13 22 13
21 11 21 12 22 12 22 11
22 10 21 11 20 10 21 9
23 11 22 10 23 9 24 10
24 12 23 13 22 12 23 11
19 27 18 26 19 25 20 26
20 27 19 27 19 26 20 26
16 27 15 27 15 26 16 26
14 12 15 11 16 12 15 13
14 27 13 26 14 25 15 26
13 27 13 26 14 26 14 27
14 28 13 27 14 26 15 27
15 28 14 28 14 27 15 27
23 10 23 11 22 11 22 10
24 11 23 12 22 11 23 10
25 10 25 11 24 11 24 10
26 9 27 10 26 11 25 10
25 9 26 9 26 10 25 10
24 27 24 26 23 26 23 27
12 27 11 26 12 25 13 26
24 9 24 10 23 10 23 9
12 26 12 27 11 27 11 26
13 25 13 26 12 26 12 25
14 24 15 25 14 26 13 25
13 24 14 24 14 25 13 25
12 23 13 24 12 25 11 24
13 23 12 23 12 22 13 22
15 23 14 24 13 23 14 22
17 23 16 24 15 23 16 22
16 23 17 23 17 24 16 24
17 22 18 23 17 24 16 23
17 20 16 21 17 22 18 21
17 21 16 21 16 20 17 20
15 21 16 22 17 21 16 20
15 22 15 21 16 21 16 22
14 23 15 23 15 22 14 22
14 21 13 22 14 23 15 22
13 21 14 21 14 22 13 22
14 20 15 21 14 22 13 21
15 20 15 21 14 21 14 20
16 19 16 20 15 20 15 19
17 18 17 19 16 19 16 18
15 18 16 19 17 18 16 17
15 17 16 17 16 18 15 18
12 28 11 27 12 26 13 27
13 28 12 28 12 27 13 27
14 29 13 28 14 27 15 28
13 29 13 28 14 28 14 29
9 9 9 10 10 10 10 9
18 22 17 22 17 21 18 21
19 21 20 22 19 23 18 22
18 20 18 21 19 21 19 20
19 19 20 20 19 21 18 20
20 19 20 20 19 20 19 19
20 18 21 18 21 19 20 19
18 19 18 20 17 20 17 19
19 18 20 19 19 20 18 19
19 17 20 17 20 18 19 18
20 16 19 17 18 16 19 15
21 15 21 16 20 16 20 15
21 17 20 16 21 15 22 16
22 18 21 19 20 18 21 17
23 18 23 19 22 19 22 18
24 17 23 18 22 17 23 16
24 18 23 18 23 17 24 17
14 19 15 20 14 21 13 20
13 19 14 19 14 20 13 20
14 18 15 19 14 20 13 19
14 16 13 17 14 18 15 17
17 13 16 12 17 11 18 12
16 14 17 14 17 13 16 13
15 15 14 14 15 13 16 14
15 24 14 25 13 24 14 23
16 25 16 24 15 24 15 25
17 26 16 27 15 26 16 25
18 18 19 18 19 19 18 19
18 17 19 16 20 17 19 18
17 17 18 17 18 18 17 18
16 16 17 17 16 18 15 17
17 16 17 17 16 17 16 16
16 15 17 14 18 15 17 16
15 14 15 15 16 15 16 14
14 13 14 14 15 14 15 13
17 15 17 16 18 16 18 15
18 14 17 15 16 14 17 13
14 17 13 16 15 14 16 15
13 18 14 18 14 17 13 17
12 19 13 19 13 18 12 18
11 20 10 19 11 18 12 19
10 21 11 20 13 22 12 23
12 21 12 22 10 22 10 21
12 20 13 20 13 21 12 21
11 19 11 20 12 20 12 19
10 18 10 19 11 19 11 18
9 17 10 16 11 17 10 18
9 18 9 17 10 17 10 18
8 19 9 18 10 19 9 20
8 18 9 18 9 19 8 19
13 14 13 16 14 16 14 14
11 21 10 20 11 19 12 20
11 23 10 22 11 21 12 22
10 24 11 23 13 25 12 26
10 26 10 24 11 24 11 26
10 28 9 27 10 26 11 27
11 28 10 28 10 27 11 27
12 29 11 28 12 27 13 28
11 29 11 28 12 28 12 29
12 30 11 29 12 28 13 29
13 30 12 30 12 29 13 29
8 17 9 18 10 17 9 16
8 16 9 16 9 17 8 17
7 17 8 16 9 17 8 18
7 18 7 17 8 17 8 18
28 22 27 23 25 21 26 20
12 24 11 24 11 23 12 23
26 26 26 24 24 24 24 26
12 12 11 11 13 9 14 10
10 14 12 12 14 14 12 16
9 14 10 14 10 16 9 16
11 12 13 14 11 16 9 14
12 11 11 12 9 10 10 9
9 26 10 26 10 27 9 27
10 25 11 26 10 27 9 26
15 16 15 17 14 17 14 16
12 13 12 12 14 12 14 13
19 8 16 11 17 12 20 9
20 8 20 9 19 9 19 8
17 8 16 9 19 12 20 11
16 8 17 8 17 9 16 9
11 13 11 16 12 16 12 13
27 22 27 23 24 23 24 22
28 20 28 22 27 22 27 20
30 22 26 26 24 24 28 20
25 24 24 23 26 21 27 22
26 25 24 27 23 26 25 24
13 10 13 14 10 14 10 10
14 9 14 10 13 10 13 9
15 8 16 9 15 10 14 9
14 8 15 8 15 9 14 9
15 7 16 8 15 9 14 8
16 7 16 8 15 8 15 7
13 12 12 11 13 10 14 11
