best-score: 745224
count: 13
elapsed-time: 4.758
93
18 13 17 12 18 11 19 12
11 20 12 20 12 19 11 19
10 20 11 19 12 20 11 21
10 21 10 20 11 20 11 21
27 18 27 19 26 19 26 18
25 20 25 19 26 19 26 20
27 20 26 21 25 20 26 19
23 22 24 22 24 23 23 23
23 24 22 23 23 22 24 23
22 24 22 23 23 23 23 24
23 25 22 24 23 23 24 24
24 25 23 25 23 24 24 24
28 20 27 21 26 20 27 19
28 21 27 21 27 20 28 20
10 16 9 16 9 15 10 15
24 10 24 9 25 9 25 10
24 8 23 9 24 10 25 9
23 8 24 8 24 9 23 9
17 19 15 17 17 15 19 17
17 13 17 15 18 15 18 13
13 13 15 15 17 13 15 11
12 14 13 14 13 13 12 13
12 12 11 13 12 14 13 13
11 12 12 12 12 13 11 13
9 14 11 12 12 13 10 15
11 14 9 14 9 13 11 13
17 17 15 17 15 15 17 15
19 19 19 17 17 17 17 19
21 19 20 20 19 19 20 18
23 21 21 19 23 17 25 19
22 22 23 21 24 22 23 23
22 21 23 21 23 22 22 22
24 19 25 20 23 22 22 21
19 21 21 21 21 19 19 19
20 22 19 21 20 20 21 21
20 23 20 22 22 22 22 23
13 17 15 15 17 17 15 19
14 17 15 17 15 19 14 19
15 12 15 13 17 13 17 12
14 11 15 12 13 14 12 13
14 12 14 11 15 11 15 12
20 26 20 24 22 24 22 26
21 25 20 26 19 25 20 24
24 18 24 16 26 16 26 18
13 22 12 23 10 21 11 20
17 23 15 23 15 19 17 19
16 24 15 23 16 22 17 23
13 24 13 22 16 22 16 24
12 25 11 24 12 23 13 24
10 23 10 25 12 25 12 23
9 24 10 23 11 24 10 25
11 26 11 24 9 24 9 26
10 27 9 26 10 25 11 26
18 18 18 15 20 15 20 18
21 18 24 18 24 19 21 19
17 22 14 19 18 15 21 18
13 19 10 16 12 14 15 17
12 17 12 19 13 19 13 17
8 21 12 17 14 19 10 23
8 23 8 21 10 21 10 23
16 19 14 17 18 13 20 15
17 26 13 22 16 19 20 23
16 26 16 24 17 24 17 26
7 15 11 19 13 17 9 13
7 14 9 14 9 15 7 15
20 21 22 23 19 26 17 24
25 18 24 19 20 15 21 14
26 17 27 18 26 19 25 18
11 17 11 14 12 14 12 17
20 13 19 12 23 8 24 9
8 17 11 20 12 19 9 16
8 19 8 17 11 17 11 19
6 21 8 19 10 21 8 23
6 19 8 19 8 21 6 21
29 15 26 18 24 16 27 13
14 14 14 17 13 17 13 14
26 24 26 21 27 21 27 24
29 24 27 26 24 23 26 21
29 26 27 26 27 24 29 24
30 24 27 27 24 24 27 21
20 11 20 13 18 13 18 11
26 12 20 18 19 17 25 11
21 7 15 13 17 15 23 9
27 15 20 15 20 13 27 13
29 18 29 15 27 15 27 18
30 19 28 21 27 20 29 18
29 19 30 19 30 24 29 24
30 18 29 19 26 16 27 15
23 12 23 17 19 17 19 12
31 16 29 18 23 12 25 10
31 12 31 16 26 16 26 12
22 27 22 26 27 26 27 27
21 26 23 24 24 25 22 27
