best-score: 631892
count: 14
elapsed-time: 4.79
77
22 29 21 30 20 29 21 28
14 25 14 26 13 26 13 25
12 25 13 26 14 25 13 24
12 24 13 24 13 25 12 25
14 24 13 25 12 24 13 23
14 23 14 24 13 24 13 23
18 23 20 23 20 21 18 21
19 19 17 21 16 20 18 18
23 17 21 17 21 15 23 15
19 28 21 28 21 30 19 30
18 29 19 28 20 29 19 30
20 27 20 29 18 29 18 27
22 27 21 28 20 27 21 26
19 26 20 27 19 28 18 27
28 26 27 25 29 23 30 24
17 14 15 16 14 15 16 13
12 28 11 27 13 25 14 26
24 30 25 30 25 32 24 32
11 13 13 11 14 12 12 14
23 24 21 26 18 23 20 21
16 27 14 25 18 21 20 23
16 23 18 23 18 27 16 27
14 20 14 23 16 23 16 20
17 18 17 21 18 21 18 18
27 22 25 20 28 17 30 19
27 23 27 22 29 22 29 23
26 23 27 23 27 25 26 25
29 26 25 30 22 27 26 23
32 26 29 26 29 23 32 23
29 21 27 23 26 22 28 20
22 23 22 27 20 27 20 23
22 22 26 22 26 23 22 23
24 20 22 22 19 19 21 17
24 18 25 18 25 20 24 20
22 21 25 18 29 22 26 25
31 20 28 20 28 17 31 17
29 28 25 32 22 29 26 25
28 28 28 26 29 26 29 28
11 20 14 23 13 24 10 21
11 23 11 20 13 20 13 23
17 16 17 18 15 18 15 16
20 19 18 21 15 18 17 16
22 19 22 21 20 21 20 19
19 16 22 19 20 21 17 18
23 12 19 16 17 14 21 10
26 12 26 15 23 15 23 12
19 14 19 16 17 16 17 14
31 11 27 11 27 10 31 10
20 16 20 19 19 19 19 16
22 16 21 17 20 16 21 15
24 16 23 17 22 16 23 15
27 13 31 17 28 20 24 16
28 12 27 13 26 12 27 11
22 18 22 16 24 16 24 18
18 26 22 22 28 28 24 32
25 26 25 20 28 20 28 26
25 28 21 28 21 26 25 26
28 30 28 28 25 28 25 30
23 19 30 19 30 24 23 24
36 16 29 23 24 18 31 11
27 15 27 22 26 22 26 15
13 15 13 20 14 20 14 15
33 12 28 17 26 15 31 10
13 34 11 32 16 27 18 29
18 32 11 32 11 29 18 29
21 12 21 15 14 15 14 12
23 10 23 12 21 12 21 10
17 31 10 31 10 21 17 21
23 25 14 25 14 24 23 24
24 26 18 32 17 31 23 25
31 27 28 30 24 26 27 23
31 29 22 29 22 27 31 27
27 33 24 30 28 26 31 29
34 21 32 23 21 12 23 10
34 22 29 22 29 21 34 21
16 11 27 11 27 13 16 13
18 9 21 12 19 14 16 11
