best-score: 685341
count: 3
elapsed-time: 4.995
211
29 26 28 25 29 24 30 25
31 29 30 28 31 27 32 28
31 28 31 27 32 27 32 28
30 29 31 29 31 28 30 28
33 27 34 28 33 29 32 28
35 29 34 28 35 27 36 28
36 29 35 29 35 28 36 28
35 30 34 29 35 28 36 29
34 30 34 29 35 29 35 30
33 28 34 28 34 29 33 29
32 29 31 28 32 27 33 28
34 27 35 27 35 28 34 28
21 29 20 30 19 29 20 28
33 30 34 31 33 32 32 31
32 30 32 29 33 29 33 30
33 31 32 30 33 29 34 30
32 32 33 32 33 31 32 31
39 27 38 28 37 27 38 26
28 39 28 38 29 38 29 39
26 14 25 15 24 14 25 13
23 14 23 15 22 15 22 14
24 13 24 14 23 14 23 13
20 41 21 41 21 40 20 40
26 28 28 28 28 29 26 29
28 27 29 26 31 28 30 29
30 27 30 28 28 28 28 27
31 25 31 27 30 27 30 25
28 31 30 29 32 31 30 33
29 29 29 31 28 31 28 29
29 27 28 28 29 29 30 28
30 32 29 31 31 29 32 30
32 33 32 32 30 32 30 33
25 21 27 19 28 20 26 22
23 20 23 21 25 21 25 20
26 20 26 22 28 22 28 20
25 36 23 34 25 32 27 34
26 38 26 36 25 36 25 38
27 39 26 40 25 39 26 38
25 41 27 41 27 39 25 39
26 42 25 41 26 40 27 41
30 36 28 38 26 36 28 34
30 38 29 38 29 36 30 36
32 40 31 41 29 39 30 38
23 35 25 35 25 36 23 36
36 26 38 26 38 28 36 28
37 32 36 33 34 31 35 30
36 30 38 28 40 30 38 32
35 31 34 30 35 29 36 30
36 31 35 31 35 30 36 30
37 21 35 23 33 21 35 19
20 18 20 20 22 20 22 18
19 17 20 18 18 20 17 19
19 18 19 17 20 17 20 18
19 16 18 17 19 18 20 17
18 16 19 16 19 17 18 17
19 15 20 16 19 17 18 16
20 15 20 16 19 16 19 15
28 40 27 39 28 38 29 39
28 42 26 42 26 40 28 40
29 41 28 42 27 41 28 40
31 39 31 41 29 41 29 39
24 39 22 37 23 36 25 38
24 38 25 38 25 39 24 39
23 37 25 35 26 36 24 38
23 38 22 38 22 37 23 37
19 21 19 23 18 23 18 21
27 15 25 15 25 13 27 13
28 14 27 15 26 14 27 13
38 33 38 32 40 32 40 33
21 17 20 16 22 14 23 15
21 19 20 18 21 17 22 18
21 21 20 20 21 19 22 20
19 19 19 21 21 21 21 19
17 18 17 19 19 19 19 18
16 17 17 16 18 17 17 18
23 39 21 41 20 40 22 38
24 40 23 39 24 38 25 39
23 40 23 39 24 39 24 40
21 16 21 17 20 17 20 16
21 14 20 15 21 16 22 15
35 37 37 37 37 38 35 38
40 17 39 18 37 16 38 15
39 13 39 15 38 15 38 13
26 24 28 22 31 25 29 27
26 26 26 24 29 24 29 26
24 26 26 26 26 28 24 28
23 31 21 29 24 26 26 28
19 31 23 31 23 34 19 34
16 34 19 31 21 33 18 36
12 34 14 36 16 34 14 32
12 33 16 33 16 34 12 34
26 30 24 28 26 26 28 28
29 33 28 34 25 31 26 30
32 36 29 33 30 32 33 35
32 35 33 35 33 36 32 36
30 39 29 38 32 35 33 36
23 29 26 29 26 30 23 30
30 22 30 25 28 25 28 22
30 18 28 20 30 22 32 20
31 18 30 18 30 16 31 16
31 21 31 18 33 18 33 21
31 22 30 22 30 21 31 21
34 19 31 22 30 21 33 18
34 23 34 19 35 19 35 23
33 23 34 23 34 27 33 27
35 25 33 27 31 25 33 23
37 25 37 27 35 27 35 25
36 24 37 25 36 26 35 25
26 27 28 29 25 32 23 30
24 21 22 23 26 27 28 25
24 19 23 20 24 21 25 20
24 22 22 24 24 26 26 24
24 24 24 22 26 22 26 24
22 26 19 23 21 21 24 24
21 27 22 26 24 28 23 29
19 27 21 27 21 29 19 29
20 26 21 27 20 28 19 27
17 26 20 26 20 28 17 28
20 23 17 26 15 24 18 21
20 24 20 23 22 23 22 24
28 32 25 32 25 31 28 31
28 24 26 26 24 24 26 22
33 25 31 27 28 24 30 22
30 31 32 33 29 36 27 34
30 30 32 30 32 31 30 31
29 32 30 32 30 31 29 31
28 33 29 33 29 32 28 32
27 33 28 33 28 34 27 34
24 20 23 21 24 22 25 21
27 17 24 20 22 18 25 15
26 19 27 19 27 17 26 17
25 19 26 19 26 20 25 20
24 15 24 19 25 19 25 15
23 16 22 15 23 14 24 15
25 33 23 35 21 33 23 31
21 32 21 33 25 33 25 32
21 36 19 34 21 32 23 34
18 33 18 36 21 36 21 33
17 23 20 26 22 24 19 21
14 26 17 26 17 23 14 23
10 22 13 19 17 23 14 26
30 23 29 24 25 20 26 19
35 26 34 27 30 23 31 22
37 35 37 32 33 32 33 35
36 36 32 32 33 31 37 35
38 36 36 36 36 33 38 33
41 33 38 36 37 35 40 32
40 35 41 35 41 33 40 33
35 36 37 38 40 35 38 33
33 37 35 37 35 36 33 36
40 29 40 30 36 30 36 29
41 30 38 33 37 32 40 29
41 32 40 32 40 30 41 30
37 28 41 32 40 33 36 29
28 11 24 15 26 17 30 13
26 11 28 11 28 14 26 14
19 26 23 30 21 32 17 28
33 22 33 21 37 21 37 22
31 23 33 23 33 22 31 22
18 30 18 33 16 33 16 30
38 35 35 38 33 36 36 33
14 20 14 21 18 21 18 20
16 37 19 37 19 34 16 34
9 36 13 40 16 37 12 33
32 13 32 16 31 16 31 13
37 33 38 32 41 35 40 36
33 17 37 13 39 15 35 19
35 18 35 17 33 17 33 18
39 19 39 18 35 18 35 19
38 21 37 22 34 19 35 18
35 9 39 13 35 17 31 13
36 38 35 37 36 36 37 37
34 38 35 38 35 41 34 41
34 36 33 37 34 38 35 37
36 32 33 35 34 36 37 33
17 36 21 40 20 41 16 37
16 35 18 33 19 34 17 36
14 18 14 16 17 16 17 18
17 15 18 16 15 19 14 18
18 15 18 16 17 16 17 15
19 14 20 15 19 16 18 15
18 14 19 14 19 15 18 15
42 40 41 41 37 37 38 36
16 13 18 15 17 16 15 14
16 40 13 40 13 37 16 37
17 39 16 40 13 37 14 36
14 39 14 36 17 36 17 39
31 26 30 25 33 22 34 23
22 21 28 27 26 29 20 23
23 23 23 21 22 21 22 23
21 34 26 29 28 31 23 36
33 15 33 17 27 17 27 15
45 24 40 29 34 23 39 18
37 20 32 20 32 16 37 16
38 20 38 21 37 21 37 20
15 31 16 30 23 37 22 38
15 29 19 29 19 31 15 31
18 26 19 27 16 30 15 29
13 24 13 19 15 19 15 24
14 25 13 24 14 23 15 24
9 30 14 25 17 28 12 33
36 11 38 13 33 18 31 16
29 18 24 13 26 11 31 16
29 21 29 18 30 18 30 21
32 11 37 16 35 18 30 13
36 13 36 11 32 11 32 13
40 9 40 17 35 17 35 9
42 11 38 15 36 13 40 9
9 32 14 32 14 36 9 36
16 39 9 32 14 27 21 34
9 17 9 30 16 30 16 17
