best-score: 647342
count: 7
elapsed-time: 4.558
111
22 23 23 23 23 24 22 24
27 22 27 23 26 23 26 22
28 22 27 23 26 22 27 21
28 21 28 22 27 22 27 21
20 20 19 21 18 20 19 19
33 22 32 23 31 22 32 21
30 26 30 25 31 25 31 26
24 31 25 32 24 33 23 32
24 32 24 33 23 33 23 32
25 31 25 32 24 32 24 31
28 14 27 15 28 16 29 15
11 29 12 28 13 29 12 30
32 16 33 15 34 16 33 17
13 33 12 34 11 33 12 32
23 20 23 18 24 18 24 20
24 21 22 23 21 22 23 20
25 20 27 22 26 23 24 21
25 16 23 18 25 20 27 18
27 16 25 16 25 15 27 15
28 18 28 16 27 16 27 18
25 21 24 21 24 20 25 20
26 18 24 20 25 21 27 19
26 19 26 18 27 18 27 19
17 28 19 28 19 26 17 26
18 27 17 28 16 27 17 26
20 27 19 28 18 27 19 26
19 15 21 17 19 19 17 17
19 17 17 17 17 15 19 15
21 18 21 17 19 17 19 18
21 31 22 30 24 32 23 33
19 30 19 31 21 31 21 30
17 19 17 18 19 18 19 19
15 17 17 15 19 17 17 19
15 18 15 17 17 17 17 18
19 32 17 30 19 28 21 30
18 33 19 32 20 33 19 34
33 24 31 26 30 25 32 23
31 24 31 22 33 22 33 24
33 27 32 28 30 26 31 25
34 26 35 27 34 28 33 27
32 26 34 26 34 28 32 28
29 32 27 30 28 29 30 31
35 25 35 27 33 27 33 25
34 24 35 25 34 26 33 25
27 14 27 12 28 12 28 14
11 28 12 28 12 26 11 26
13 35 11 35 11 33 13 33
12 36 11 35 12 34 13 35
14 12 14 14 12 14 12 12
24 24 23 23 25 21 26 22
27 28 24 31 20 27 23 24
13 22 17 26 21 22 17 18
16 22 13 22 13 21 16 21
15 21 17 19 18 20 16 22
25 14 21 18 23 20 27 16
25 10 23 12 25 14 27 12
32 18 32 21 28 21 28 18
34 18 32 18 32 16 34 16
33 19 32 18 33 17 34 18
12 17 15 14 19 18 16 21
31 15 28 18 25 15 28 12
31 17 31 15 33 15 33 17
25 34 25 32 29 32 29 34
17 33 18 33 18 30 17 30
16 32 18 30 19 31 17 33
16 34 12 34 12 32 16 32
10 18 14 14 17 17 13 21
32 14 32 16 28 16 28 14
35 13 33 15 32 14 34 12
35 16 34 16 34 13 35 13
16 31 19 31 19 32 16 32
31 29 32 28 35 31 34 32
14 17 14 14 15 14 15 17
23 31 23 24 24 24 24 31
21 32 23 32 23 31 21 31
28 25 21 32 19 30 26 23
30 22 30 25 28 25 28 22
31 21 30 22 27 19 28 18
32 22 31 21 33 19 34 20
21 24 22 24 22 30 21 30
16 24 16 22 21 22 21 24
9 25 12 28 16 24 13 21
13 20 19 26 21 24 15 18
21 19 26 19 26 22 21 22
23 13 19 17 21 19 25 15
22 28 27 23 30 26 25 31
19 27 16 24 19 21 22 24
12 19 12 26 17 26 17 19
32 30 32 28 27 28 27 30
25 26 30 26 30 31 25 31
19 14 19 15 25 15 25 14
18 13 19 14 15 18 14 17
13 13 18 13 18 20 13 20
13 11 12 12 13 13 14 12
11 13 13 13 13 11 11 11
10 12 11 11 12 12 11 13
21 34 19 34 19 32 21 32
22 33 21 34 20 33 21 32
18 12 23 12 23 13 18 13
25 17 24 18 18 12 19 11
31 20 31 17 25 17 25 20
31 12 27 16 31 20 35 16
31 13 31 12 34 12 34 13
29 13 31 13 31 15 29 15
12 25 17 30 16 31 11 26
15 11 15 14 19 14 19 11
18 14 17 15 14 12 15 11
21 16 21 17 25 17 25 16
21 20 19 18 21 16 23 18
13 25 28 25 28 29 13 29
21 27 18 30 13 25 16 22
