best-score: 806967
count: 3
elapsed-time: 4.804
249
23 22 23 23 24 23 24 22
26 20 25 21 24 20 25 19
25 30 24 30 24 29 25 29
25 28 24 29 25 30 26 29
26 28 26 29 25 29 25 28
27 29 26 30 25 29 26 28
27 30 26 30 26 29 27 29
28 29 27 30 26 29 27 28
22 22 23 23 24 22 23 21
22 21 23 21 23 22 22 22
28 28 28 29 27 29 27 28
30 27 30 26 31 26 31 27
31 28 30 27 31 26 32 27
32 28 31 28 31 27 32 27
32 26 31 27 32 28 33 27
26 33 26 34 25 34 25 33
27 32 27 33 26 33 26 32
28 33 27 34 26 33 27 32
28 34 27 34 27 33 28 33
27 35 26 34 27 33 28 34
24 35 25 34 26 35 25 36
26 31 27 30 28 31 27 32
25 31 25 30 26 30 26 31
27 31 26 32 25 31 26 30
28 30 28 31 27 31 27 30
29 29 28 30 27 29 28 28
29 30 28 30 28 29 29 29
30 29 29 30 28 29 29 28
33 32 32 31 33 30 34 31
30 16 29 16 29 15 30 15
30 14 29 15 30 16 31 15
31 14 31 15 30 15 30 14
30 13 31 14 30 15 29 14
29 13 30 13 30 14 29 14
33 31 33 32 32 32 32 31
34 30 34 31 33 31 33 30
34 32 33 31 34 30 35 31
35 32 34 32 34 31 35 31
15 29 16 30 15 31 14 30
15 30 15 29 16 29 16 30
14 31 15 31 15 30 14 30
13 30 14 29 15 30 14 31
13 29 14 29 14 30 13 30
32 35 31 36 30 35 31 34
33 33 33 32 34 32 34 33
31 16 32 15 33 16 32 17
30 17 29 16 30 15 31 16
31 17 30 17 30 16 31 16
32 16 31 16 31 15 32 15
33 17 32 16 33 15 34 16
34 17 33 17 33 16 34 16
35 16 34 17 33 16 34 15
20 15 19 16 18 15 19 14
20 16 19 16 19 15 20 15
18 16 19 17 20 16 19 15
18 17 18 16 19 16 19 17
18 14 18 15 19 15 19 14
17 35 18 35 18 36 17 36
38 19 38 20 37 20 37 19
35 15 35 16 34 16 34 15
32 37 33 36 34 37 33 38
31 37 32 37 32 38 31 38
30 37 31 38 32 37 31 36
30 36 31 36 31 37 30 37
35 35 36 35 36 36 35 36
30 28 30 29 29 29 29 28
29 27 30 26 31 27 30 28
28 27 29 27 29 28 28 28
29 26 30 27 29 28 28 27
21 24 23 22 24 23 22 25
20 24 21 24 21 26 20 26
20 20 18 22 20 24 22 22
23 19 23 21 25 21 25 19
22 20 23 19 24 20 23 21
20 21 22 21 22 20 20 20
26 22 24 22 24 20 26 20
25 23 24 22 25 21 26 22
22 27 24 29 22 31 20 29
23 26 22 27 21 26 22 25
23 36 25 36 25 34 23 34
22 35 23 34 24 35 23 36
24 33 24 35 22 35 22 33
23 32 25 30 26 31 24 33
21 32 22 33 23 32 22 31
21 34 21 32 23 32 23 34
20 35 21 34 22 35 21 36
34 25 32 23 33 22 35 24
34 26 34 25 36 25 36 26
34 27 33 27 33 26 34 26
33 28 32 27 33 26 34 27
32 30 33 30 33 28 32 28
31 31 32 30 33 31 32 32
31 30 32 30 32 31 31 31
32 29 31 30 30 29 31 28
34 29 33 30 32 29 33 28
35 29 34 29 34 27 35 27
16 21 18 23 17 24 15 22
24 31 25 31 25 33 24 33
22 30 22 31 24 31 24 30
18 27 20 29 18 31 16 29
34 28 33 27 34 26 35 27
33 29 34 28 35 29 34 30
31 29 32 30 33 29 32 28
30 30 29 29 30 28 31 29
37 29 35 27 36 26 38 28
35 30 37 30 37 29 35 29
36 31 35 32 34 31 35 30
35 21 37 19 38 20 36 22
32 19 32 17 33 17 33 19
33 34 33 36 31 36 31 34
34 35 33 36 32 35 33 34
35 34 36 35 35 36 34 35
36 33 35 34 34 33 35 32
37 33 36 33 36 31 37 31
39 31 37 33 35 31 37 29
36 34 35 35 33 33 34 32
35 33 35 34 36 34 36 33
16 16 16 15 18 15 18 16
39 30 39 31 37 31 37 30
32 33 33 32 34 33 33 34
30 33 32 33 32 35 30 35
31 32 32 33 31 34 30 33
30 31 31 30 32 31 31 32
29 32 28 31 29 30 30 31
29 34 29 32 31 32 31 34
12 31 14 31 14 33 12 33
16 33 18 35 17 36 15 34
16 38 15 37 17 35 18 36
16 36 17 36 17 38 16 38
15 16 13 14 14 13 16 15
15 18 15 16 16 16 16 18
34 34 35 34 35 35 34 35
35 38 35 36 33 36 33 38
36 37 35 38 34 37 35 36
29 31 29 30 30 30 30 31
28 32 27 31 28 30 29 31
30 32 29 31 30 30 31 31
32 34 30 36 28 34 30 32
25 26 24 26 24 23 25 23
26 25 28 27 27 28 25 26
27 25 27 28 26 28 26 25
26 26 27 25 29 27 28 28
23 29 20 26 23 23 26 26
21 29 21 26 23 26 23 29
20 32 21 32 21 29 20 29
23 35 20 32 22 30 25 33
23 25 24 26 21 29 20 28
22 23 22 25 23 25 23 23
28 25 25 28 23 26 26 23
31 24 29 26 28 25 30 23
32 24 32 26 31 26 31 24
28 20 32 24 30 26 26 22
27 19 30 16 31 17 28 20
25 16 25 19 27 19 27 16
22 11 21 12 25 16 26 15
18 25 22 25 22 27 18 27
13 28 14 29 18 25 17 24
30 22 30 23 26 23 26 22
17 21 17 24 20 24 20 21
16 19 16 21 17 21 17 19
17 16 15 18 16 19 18 17
17 14 16 15 17 16 18 15
17 12 18 12 18 14 17 14
19 10 21 12 19 14 17 12
23 20 22 21 18 17 19 16
30 19 26 23 23 20 27 16
35 20 33 22 30 19 32 17
37 21 37 20 35 20 35 21
14 23 14 25 18 25 18 23
16 28 20 28 20 29 16 29
32 22 30 22 30 19 32 19
33 23 33 22 32 22 32 23
34 20 32 22 33 23 35 21
35 17 35 20 34 20 34 17
36 16 35 17 34 16 35 15
36 17 35 17 35 16 36 16
35 18 36 17 38 19 37 20
33 20 32 19 34 17 35 18
34 22 34 20 33 20 33 22
27 15 23 19 20 16 24 12
27 14 29 14 29 15 27 15
26 11 25 12 27 14 28 13
35 25 34 26 32 24 33 23
20 22 17 19 19 17 22 20
18 33 22 33 22 31 18 31
15 36 18 33 20 35 17 38
16 34 16 36 15 36 15 34
15 33 16 34 14 36 13 35
16 31 16 33 15 33 15 31
18 30 18 31 16 31 16 30
18 26 16 28 18 30 20 28
23 16 23 15 25 15 25 16
20 18 23 18 23 16 20 16
26 12 26 15 25 15 25 12
26 18 23 15 26 12 29 15
28 18 28 20 26 20 26 18
29 38 26 35 27 34 30 37
28 38 28 34 29 34 29 38
29 39 28 38 30 36 31 37
31 39 29 39 29 38 31 38
39 28 37 30 34 27 36 25
28 15 27 16 26 15 27 14
38 22 38 25 36 25 36 22
39 23 36 26 35 25 38 22
26 38 26 35 27 35 27 38
23 41 20 38 23 35 26 38
19 31 20 32 17 35 16 34
18 19 16 21 13 18 15 16
21 16 23 18 20 21 18 19
24 11 20 15 21 16 25 12
22 12 24 12 24 11 22 11
21 11 22 12 19 15 18 14
18 11 21 11 21 12 18 12
39 26 35 30 34 29 38 25
38 26 39 26 39 28 38 28
40 28 37 31 35 29 38 26
40 30 39 30 39 28 40 28
22 38 20 38 20 35 22 35
26 37 29 34 30 35 27 38
14 18 14 22 15 22 15 18
14 14 12 16 14 18 16 16
13 13 13 14 14 14 14 13
15 13 14 14 13 13 14 12
13 21 16 18 17 19 14 22
36 18 34 20 33 19 35 17
17 17 18 17 18 19 17 19
17 15 16 16 17 17 18 16
16 12 15 13 17 15 18 14
18 34 16 34 16 33 18 33
20 34 20 35 18 35 18 34
21 35 20 34 24 30 25 31
34 11 31 14 32 15 35 12
33 11 34 11 34 15 33 15
32 10 33 11 30 14 29 13
14 34 15 34 15 33 14 33
11 36 14 33 15 34 12 37
11 34 14 34 14 36 11 36
14 37 11 34 12 33 15 36
37 16 36 17 35 16 36 15
33 39 32 38 35 35 36 36
32 39 32 38 33 38 33 39
36 12 36 15 35 15 35 12
37 15 37 16 36 16 36 15
35 13 36 12 38 14 37 15
15 12 15 13 14 13 14 12
30 20 32 22 26 28 24 26
21 41 23 41 23 36 21 36
25 45 21 41 27 35 31 39
27 10 27 14 19 14 19 10
