best-score: 798853
count: 41
elapsed-time: 4.628
54
14 10 13 9 14 8 15 9
16 22 16 23 15 23 15 22
9 13 9 12 10 12 10 13
9 14 8 14 8 13 9 13
14 9 13 9 13 8 14 8
13 10 12 9 13 8 14 9
12 10 12 9 13 9 13 10
8 17 9 17 9 18 8 18
8 19 7 18 8 17 9 18
7 19 7 18 8 18 8 19
22 9 22 8 23 8 23 9
21 8 22 7 23 8 22 9
21 7 22 7 22 8 21 8
15 10 14 10 14 9 15 9
16 7 14 9 15 10 17 8
14 13 13 13 13 10 14 10
14 16 14 13 18 13 18 16
16 14 14 16 10 12 12 10
20 10 22 12 18 16 16 14
19 9 21 7 22 8 20 10
19 12 19 9 22 9 22 12
23 10 20 13 19 12 22 9
23 13 20 13 20 10 23 10
12 22 15 22 15 19 12 19
11 23 7 19 8 18 12 22
12 23 11 23 11 22 12 22
19 14 19 12 16 12 16 14
9 22 11 22 11 18 9 18
12 25 9 22 12 19 15 22
15 25 12 25 12 23 15 23
18 22 15 25 12 22 15 19
6 10 7 9 10 12 9 13
6 12 6 10 9 10 9 12
14 17 9 17 9 16 14 16
13 18 9 14 10 13 14 17
11 13 11 18 13 18 13 13
15 18 14 17 18 13 19 14
22 18 22 19 15 19 15 18
24 16 22 18 16 12 18 10
24 22 18 22 18 16 24 16
10 7 10 12 16 12 16 7
7 10 10 7 12 9 9 12
17 12 11 18 9 16 15 10
18 11 19 12 18 13 17 12
15 11 15 10 18 10 18 11
12 12 13 13 15 11 14 10
24 15 16 23 15 22 23 14
10 16 16 22 15 23 9 17
11 15 10 16 8 14 9 13
17 17 15 19 11 15 13 13
23 23 17 17 18 16 24 22
16 19 12 23 11 22 15 18
19 23 19 14 23 14 23 23
23 19 19 23 18 22 22 18
