best-score: 820071
count: 2
elapsed-time: 4.969
353
24 25 24 24 25 24 25 25
23 26 24 25 25 26 24 27
24 26 24 27 23 27 23 26
23 25 24 24 25 25 24 26
22 25 23 25 23 26 22 26
21 26 22 25 23 26 22 27
21 27 21 26 22 26 22 27
22 28 21 27 22 26 23 27
23 28 22 28 22 27 23 27
24 29 23 28 24 27 25 28
23 30 24 29 25 30 24 31
23 31 23 30 24 30 24 31
27 24 26 25 25 24 26 23
27 25 26 25 26 24 27 24
28 24 27 25 26 24 27 23
25 23 26 23 26 24 25 24
26 22 25 23 24 22 25 21
27 22 27 23 26 23 26 22
26 21 27 22 26 23 25 22
26 26 25 26 25 25 26 25
27 27 26 26 27 25 28 26
24 23 24 22 25 22 25 23
23 24 24 23 25 24 24 25
23 23 24 23 24 24 23 24
23 21 22 22 23 23 24 22
21 24 22 23 23 24 22 25
26 20 26 21 25 21 25 20
26 19 25 20 24 19 25 18
25 29 25 30 24 30 24 29
23 22 23 23 22 23 22 22
24 21 24 22 23 22 23 21
22 21 23 22 24 21 23 20
22 20 23 20 23 21 22 21
23 18 24 19 23 20 22 19
22 18 22 17 23 17 23 18
21 17 22 16 23 17 22 18
31 21 32 21 32 22 31 22
31 23 30 22 31 21 32 22
30 23 30 22 31 22 31 23
17 26 17 27 16 27 16 26
19 21 18 22 17 21 18 20
28 35 27 36 26 35 27 34
29 34 30 35 29 36 28 35
29 35 29 34 30 34 30 35
30 36 29 35 30 34 31 35
31 36 30 36 30 35 31 35
31 38 30 37 31 36 32 37
32 38 31 38 31 37 32 37
34 29 34 30 33 30 33 29
35 28 35 29 34 29 34 28
35 30 34 29 35 28 36 29
36 30 35 30 35 29 36 29
36 28 35 29 36 30 37 29
37 28 37 29 36 29 36 28
36 27 37 26 38 27 37 28
35 26 36 27 35 28 34 27
35 27 35 26 36 26 36 27
37 27 36 28 35 27 36 26
38 26 38 27 37 27 37 26
39 25 38 26 37 25 38 24
23 15 22 16 21 15 22 14
36 25 37 25 37 26 36 26
16 21 16 20 17 20 17 21
15 20 16 19 17 20 16 21
15 19 16 19 16 20 15 20
35 22 34 22 34 21 35 21
33 22 34 23 35 22 34 21
32 23 31 22 32 21 33 22
33 23 32 23 32 22 33 22
33 21 32 22 33 23 34 22
17 19 17 20 18 20 18 19
16 18 17 19 16 20 15 19
17 18 17 19 16 19 16 18
25 38 25 37 26 37 26 38
25 36 24 37 25 38 26 37
24 36 25 36 25 37 24 37
23 37 24 36 25 37 24 38
23 38 23 37 24 37 24 38
23 36 22 37 23 38 24 37
18 30 17 31 16 30 17 29
17 30 17 29 18 29 18 30
18 31 17 32 16 31 17 30
18 32 17 32 17 31 18 31
17 33 16 32 17 31 18 32
16 33 16 32 17 32 17 33
22 15 22 16 21 16 21 15
23 14 23 15 22 15 22 14
19 30 19 31 18 31 18 30
19 29 20 29 20 30 19 30
28 36 28 35 29 35 29 36
39 27 38 28 37 27 38 26
39 28 38 28 38 27 39 27
32 18 31 17 32 16 33 17
32 30 33 29 34 30 33 31
32 31 32 30 33 30 33 31
33 32 32 31 33 30 34 31
34 32 33 32 33 31 34 31
35 31 35 30 34 30 34 31
12 28 13 28 13 27 12 27
31 34 32 35 31 36 30 35
32 34 32 35 31 35 31 34
32 36 31 35 32 34 33 35
33 37 33 36 32 36 32 37
15 31 16 31 16 32 15 32
15 29 14 30 15 31 16 30
15 30 14 30 14 29 15 29
14 31 15 30 16 31 15 32
14 32 13 32 13 31 14 31
15 33 14 32 15 31 16 32
15 34 15 33 16 33 16 34
14 33 15 32 16 33 15 34
13 30 12 29 13 28 14 29
12 31 13 30 14 31 13 32
12 30 13 30 13 31 12 31
11 31 12 30 13 31 12 32
11 32 11 31 12 31 12 32
29 37 29 36 30 36 30 37
30 38 29 37 30 36 31 37
30 33 30 34 31 34 31 33
32 17 32 16 33 16 33 17
31 18 32 18 32 17 31 17
31 16 30 17 31 18 32 17
30 16 31 16 31 17 30 17
30 18 29 17 30 16 31 17
29 18 29 17 30 17 30 18
39 20 38 21 37 20 38 19
14 34 15 35 16 34 15 33
14 35 14 34 15 34 15 35
16 35 15 36 14 35 15 34
17 34 17 35 16 35 16 34
18 33 18 34 17 34 17 33
17 36 18 37 17 38 16 37
18 35 17 36 16 35 17 34
18 36 17 36 17 35 18 35
17 37 16 36 17 35 18 36
18 38 18 37 17 37 17 38
36 32 37 32 37 33 36 33
35 33 34 32 35 31 36 32
36 34 36 33 35 33 35 34
38 34 37 35 36 34 37 33
14 37 15 37 15 36 14 36
15 38 14 37 15 36 16 37
16 38 15 38 15 37 16 37
17 39 16 38 17 37 18 38
16 39 16 38 17 38 17 39
13 14 13 15 14 15 14 14
12 13 13 12 14 13 13 14
13 13 13 14 12 14 12 13
14 12 14 13 13 13 13 12
15 13 14 14 13 13 14 12
15 14 14 14 14 13 15 13
16 15 15 16 14 15 15 14
15 15 16 15 16 16 15 16
14 16 13 15 14 14 15 15
14 38 13 37 14 36 15 37
13 38 13 37 14 37 14 38
37 37 36 36 37 35 38 36
37 36 38 36 38 37 37 37
36 35 36 36 37 36 37 35
37 34 36 35 35 34 36 33
38 35 38 34 37 34 37 35
39 36 38 37 37 36 38 35
39 35 39 36 38 36 38 35
19 28 20 29 19 30 18 29
18 28 19 28 19 29 18 29
16 28 17 29 18 28 17 27
23 35 24 34 25 35 24 36
24 35 24 36 23 36 23 35
22 35 23 36 24 35 23 34
22 34 23 34 23 35 22 35
21 35 22 34 23 35 22 36
21 36 21 35 22 35 22 36
26 36 26 35 25 35 25 36
27 37 27 36 26 36 26 37
27 35 26 36 27 37 28 36
26 34 26 35 27 35 27 34
25 34 26 35 25 36 24 35
23 16 22 17 21 16 22 15
28 27 27 28 25 26 26 25
28 28 28 27 29 27 29 28
26 30 25 29 27 27 28 28
24 32 26 30 28 32 26 34
23 33 22 32 23 31 24 32
24 33 24 34 23 34 23 33
25 33 24 33 24 32 25 32
26 33 26 34 25 34 25 33
21 23 23 25 22 26 20 24
20 23 21 23 21 24 20 24
20 25 19 24 20 23 21 24
19 26 20 25 21 26 20 27
17 24 17 26 19 26 19 24
29 26 27 24 28 23 30 25
30 27 29 28 28 27 29 26
25 27 27 27 27 28 25 28
24 28 23 27 24 26 25 27
23 29 24 28 25 29 24 30
21 31 20 30 22 28 23 29
21 33 21 31 23 31 23 33
20 35 21 35 21 33 20 33
21 34 22 35 21 36 20 35
29 24 29 26 28 26 28 24
29 23 30 23 30 24 29 24
29 25 28 24 29 23 30 24
30 26 29 27 28 26 29 25
27 26 28 26 28 27 27 27
21 30 20 29 22 27 23 28
20 31 21 31 21 30 20 30
19 33 20 33 20 31 19 31
20 36 18 34 19 33 21 35
20 37 18 37 18 36 20 36
21 38 20 37 21 36 22 37
26 32 26 30 25 30 25 32
28 33 28 32 26 32 26 33
27 32 28 33 27 34 26 33
29 30 27 32 25 30 27 28
21 29 23 29 23 30 21 30
20 20 22 22 21 23 19 21
20 19 22 19 22 20 20 20
18 21 20 19 22 21 20 23
19 20 19 21 18 21 18 20
20 26 21 27 19 29 18 28
19 27 20 27 20 26 19 26
32 26 30 24 31 23 33 25
32 27 30 27 30 26 32 26
32 28 32 27 34 27 34 28
33 27 34 28 33 29 32 28
21 25 21 26 20 26 20 25
22 24 22 25 21 25 21 24
23 32 24 31 25 32 24 33
22 33 20 31 21 30 23 32
27 16 25 18 23 16 25 14
28 15 30 17 29 18 27 16
30 13 30 15 28 15 28 13
29 14 28 13 29 12 30 13
34 25 33 25 33 23 34 23
35 24 36 25 35 26 34 25
31 28 32 27 34 29 33 30
31 30 31 28 32 28 32 30
29 32 31 30 32 31 30 33
31 32 29 32 29 30 31 30
33 33 33 32 31 32 31 33
32 32 33 31 34 32 33 33
32 20 31 21 29 19 30 18
35 19 33 21 32 20 34 18
37 19 36 20 35 19 36 18
37 18 38 18 38 19 37 19
39 16 37 18 36 17 38 15
20 32 21 33 22 32 21 31
29 31 31 33 30 34 28 32
17 22 17 21 18 21 18 22
15 24 17 22 19 24 17 26
15 26 14 26 14 24 15 24
14 25 15 26 13 28 12 27
14 23 13 24 14 25 15 24
13 23 14 23 14 24 13 24
33 20 33 21 32 21 32 20
30 19 32 21 33 20 31 18
31 19 30 19 30 18 31 18
15 22 17 22 17 24 15 24
13 20 15 22 14 23 12 21
13 22 13 20 15 20 15 22
12 23 13 23 13 22 12 22
17 28 15 30 14 29 16 27
16 29 17 29 17 28 16 28
19 32 18 31 19 30 20 31
19 34 18 33 19 32 20 33
19 36 18 35 19 34 20 35
19 38 18 37 19 36 20 37
35 20 34 21 33 20 34 19
36 19 36 20 35 20 35 19
36 21 35 20 36 19 37 20
37 22 36 23 35 22 36 21
37 24 35 24 35 22 37 22
38 25 37 26 36 25 37 24
39 24 39 25 38 25 38 24
40 23 39 24 37 22 38 21
32 19 32 18 34 18 34 19
31 20 32 20 32 19 31 19
37 21 36 21 36 20 37 20
36 22 35 21 36 20 37 21
14 17 16 19 17 18 15 16
15 17 14 17 14 16 15 16
17 17 16 18 15 17 16 16
35 18 34 19 32 17 33 16
35 17 36 17 36 18 35 18
34 16 35 17 34 18 33 17
38 22 37 22 37 21 38 21
19 35 18 35 18 34 19 34
34 33 35 34 33 36 32 35
35 32 35 33 34 33 34 32
36 31 35 32 34 31 35 30
34 35 33 35 33 33 34 33
34 15 34 16 33 16 33 15
34 36 33 35 35 33 36 34
34 38 33 37 34 36 35 37
34 37 35 37 35 38 34 38
33 38 32 37 33 36 34 37
18 27 18 28 17 28 17 27
28 19 29 19 29 23 28 23
26 15 26 19 28 19 28 15
25 15 25 14 26 14 26 15
28 18 25 15 26 14 29 17
27 21 26 20 28 18 29 19
30 21 30 22 27 22 27 21
29 20 30 21 28 23 27 22
31 31 28 28 29 27 32 30
28 22 27 23 26 22 27 21
29 21 30 22 29 23 28 22
19 22 19 21 22 21 22 22
19 23 20 24 17 27 16 26
18 23 18 22 19 22 19 23
32 24 35 24 35 26 32 26
31 24 31 23 32 23 32 24
33 26 32 27 30 25 31 24
30 20 31 20 31 21 30 21
27 17 23 17 23 16 27 16
10 28 12 30 16 26 14 24
10 29 10 28 12 28 12 29
9 30 10 29 12 31 11 32
26 12 29 12 29 14 26 14
25 13 26 12 27 13 26 14
23 13 25 13 25 14 23 14
21 13 22 14 23 13 22 12
17 16 17 17 21 17 21 16
18 13 16 15 17 16 19 14
18 15 18 13 21 13 21 15
20 16 17 19 18 20 21 17
20 15 17 18 18 19 21 16
19 12 19 14 22 14 22 12
20 11 23 14 22 15 19 12
29 13 30 12 33 15 32 16
31 12 34 15 33 16 30 13
32 12 32 16 31 16 31 12
40 29 37 32 36 31 39 28
40 32 37 32 37 29 40 29
41 33 39 35 38 34 40 32
41 31 40 32 37 29 38 28
31 25 30 25 30 24 31 24
22 6 15 13 22 20 29 13
26 6 26 12 22 12 22 6
41 30 41 31 36 31 36 30
42 31 38 35 37 34 41 30
42 33 41 33 41 31 42 31
41 34 36 29 37 28 42 33
38 33 38 34 41 34 41 33
12 37 13 37 13 32 12 32
13 36 14 37 13 38 12 37
10 33 11 32 14 35 13 36
10 34 10 33 14 33 14 34
12 36 10 34 12 32 14 34
25 5 15 15 16 16 26 6
27 5 27 13 25 13 25 5
33 11 32 12 26 6 27 5
