best-score: 734666
count: 3
elapsed-time: 4.805
246
31 27 31 28 30 28 30 27
32 26 32 27 31 27 31 26
32 25 31 26 32 27 33 26
33 25 33 26 32 26 32 25
33 24 34 24 34 25 33 25
35 24 34 25 33 24 34 23
31 32 30 31 31 30 32 31
31 31 32 31 32 30 31 30
30 32 31 32 31 31 30 31
35 23 35 24 34 24 34 23
27 37 28 36 29 37 28 38
28 37 27 37 27 36 28 36
29 38 29 37 28 37 28 38
29 36 28 37 29 38 30 37
30 36 30 37 29 37 29 36
22 19 23 20 24 19 23 18
26 37 25 38 24 37 25 36
27 38 26 37 27 36 28 37
26 38 26 37 27 37 27 38
25 37 26 36 27 37 26 38
24 38 25 38 25 37 24 37
23 37 24 38 23 39 22 38
22 37 23 37 23 38 22 38
23 36 24 37 23 38 22 37
24 36 24 37 23 37 23 36
22 36 23 37 24 36 23 35
22 35 23 35 23 36 22 36
28 15 28 14 29 14 29 15
30 15 29 16 28 15 29 14
30 16 29 16 29 15 30 15
24 39 23 39 23 38 24 38
20 20 19 21 18 20 19 19
20 18 19 19 18 18 19 17
23 13 22 14 23 15 24 14
22 13 23 13 23 14 22 14
40 25 40 24 41 24 41 25
42 25 41 26 40 25 41 24
42 26 41 26 41 25 42 25
24 15 23 15 23 14 24 14
15 23 14 22 15 21 16 22
15 22 16 22 16 23 15 23
16 21 17 22 16 23 15 22
17 21 17 22 16 22 16 21
16 20 17 19 18 20 17 21
15 20 16 20 16 21 15 21
14 21 14 22 15 22 15 21
38 18 37 18 37 17 38 17
35 40 35 41 34 41 34 40
17 39 16 40 15 39 16 38
18 22 17 23 16 22 17 21
18 23 17 23 17 22 18 22
29 24 28 25 30 27 31 26
33 29 32 30 30 28 31 27
28 30 29 29 31 31 30 32
30 30 30 31 28 31 28 30
25 21 27 19 29 21 27 23
28 33 28 31 27 31 27 33
29 35 28 36 26 34 27 33
31 33 32 34 30 36 29 35
30 19 28 21 27 20 29 18
32 17 34 19 32 21 30 19
33 16 32 17 30 15 31 14
36 15 34 17 33 16 35 14
40 15 38 17 36 15 38 13
38 15 40 15 40 17 38 17
36 14 36 15 38 15 38 14
29 19 27 19 27 18 29 18
30 21 30 19 29 19 29 21
30 22 30 21 32 21 32 22
32 20 30 22 29 21 31 19
25 34 26 34 26 36 25 36
24 33 25 34 23 36 22 35
22 32 22 33 24 33 24 32
24 34 23 35 21 33 22 32
25 33 25 34 24 34 24 33
25 35 24 34 25 33 26 34
26 30 24 32 25 33 27 31
31 23 32 22 34 24 33 25
28 35 29 35 29 36 28 36
26 33 28 35 27 36 25 34
27 34 27 33 26 33 26 34
21 35 22 35 22 33 21 33
21 37 20 37 20 35 21 35
20 36 21 35 22 36 21 37
27 40 27 38 28 38 28 40
26 41 24 39 25 38 27 40
31 39 29 37 30 36 32 38
19 34 17 34 17 32 19 32
18 33 19 32 20 33 19 34
16 33 17 34 18 33 17 32
16 35 16 33 18 33 18 35
17 36 16 35 17 34 18 35
32 39 30 37 32 35 34 37
33 38 33 39 32 39 32 38
22 17 23 18 25 16 24 15
24 17 24 19 22 19 22 17
24 16 25 16 25 17 24 17
37 31 37 33 36 33 36 31
17 25 16 25 16 23 17 23
16 26 14 24 15 23 17 25
14 27 16 27 16 26 14 26
20 22 18 22 18 20 20 20
19 23 18 22 19 21 20 22
21 25 19 27 17 25 19 23
19 25 21 25 21 27 19 27
18 25 18 23 19 23 19 25
14 25 16 27 18 25 16 23
39 24 38 24 38 22 39 22
37 22 39 24 37 26 35 24
39 20 37 22 35 20 37 18
40 20 40 22 39 22 39 20
42 22 40 24 38 22 40 20
32 19 32 17 34 17 34 19
31 20 32 20 32 19 31 19
35 33 36 33 36 35 35 35
34 32 36 30 37 31 35 33
33 33 31 31 32 30 34 32
34 36 32 34 33 33 35 35
35 37 33 39 32 38 34 36
39 37 37 39 35 37 37 35
39 39 39 37 40 37 40 39
43 39 41 41 39 39 41 37
19 36 18 35 19 34 20 35
19 37 17 37 17 36 19 36
38 20 38 22 37 22 37 20
39 18 39 20 38 20 38 18
41 20 39 22 37 20 39 18
35 18 37 18 37 20 35 20
17 17 17 19 19 19 19 17
16 18 17 17 18 18 17 19
35 36 35 37 34 37 34 36
20 16 19 15 21 13 22 14
20 17 19 17 19 16 20 16
36 22 38 20 40 22 38 24
17 16 17 15 19 15 19 16
39 15 37 17 36 16 38 14
15 37 17 37 17 39 15 39
16 36 17 37 16 38 15 37
18 34 16 36 14 34 16 32
14 41 15 41 15 39 14 39
33 32 33 33 31 33 31 32
27 30 30 27 31 28 28 31
26 31 27 31 27 30 26 30
25 31 26 31 26 33 25 33
25 25 25 21 28 21 28 25
22 28 21 27 24 24 25 25
19 28 22 28 22 32 19 32
16 28 16 27 19 27 19 28
14 30 16 28 18 30 16 32
13 34 14 34 14 30 13 30
21 30 19 28 23 24 25 26
20 30 21 30 21 33 20 33
24 30 22 32 20 30 22 28
26 24 30 28 29 29 25 25
23 23 23 20 27 20 27 23
22 18 20 20 23 23 25 21
21 17 23 15 24 16 22 18
21 14 22 14 22 17 21 17
18 11 21 14 19 16 16 13
16 11 18 11 18 13 16 13
35 32 31 28 32 27 36 31
34 33 35 33 35 32 34 32
33 34 34 33 36 35 35 36
34 34 33 34 33 33 34 33
27 26 27 23 31 23 31 26
24 27 24 30 21 30 21 27
26 27 24 27 24 24 26 24
26 25 25 26 26 27 27 26
23 22 27 18 30 21 26 25
37 29 36 30 32 26 33 25
38 30 37 29 41 25 42 26
38 32 37 31 38 30 39 31
40 32 38 32 38 30 40 30
41 31 40 32 39 31 40 30
36 26 36 29 33 29 33 26
42 28 40 30 36 26 38 24
26 18 29 15 30 16 27 19
35 28 36 29 33 32 32 31
38 28 35 28 35 24 38 24
32 33 29 36 28 35 31 32
36 27 35 28 33 26 34 25
17 30 14 27 16 25 19 28
16 30 17 30 17 32 16 32
14 28 14 30 16 30 16 28
18 28 16 30 14 28 16 26
29 34 32 34 32 35 29 35
41 29 41 26 37 26 37 29
37 30 37 29 36 29 36 30
35 21 32 21 32 20 35 20
34 20 37 17 38 18 35 21
31 17 34 20 32 22 29 19
32 14 32 17 31 17 31 14
33 15 31 17 30 16 32 14
30 17 31 17 31 19 30 19
28 17 29 18 30 17 29 16
26 15 28 17 27 18 25 16
27 15 27 18 26 18 26 15
26 14 27 15 25 17 24 16
25 41 26 41 26 38 25 38
23 43 21 41 23 39 25 41
34 22 35 21 36 22 35 23
32 23 34 23 34 22 32 22
31 24 32 23 33 24 32 25
21 18 22 19 18 23 17 22
21 16 20 17 21 18 22 17
30 40 30 37 34 37 34 40
27 43 25 41 28 38 30 40
23 40 23 43 27 43 27 40
19 39 19 40 23 40 23 39
20 40 19 39 21 37 22 38
21 20 20 20 20 18 21 18
22 21 19 21 19 19 22 19
19 26 18 25 22 21 23 22
22 39 23 38 24 39 23 40
42 36 41 37 37 33 38 32
36 39 36 35 37 35 37 39
37 38 36 39 34 37 35 36
39 36 40 37 38 39 37 38
22 15 21 14 22 13 23 14
12 18 13 17 16 20 15 21
13 36 16 36 16 35 13 35
10 33 13 30 16 33 13 36
18 14 18 13 21 13 21 14
16 14 18 14 18 18 16 18
17 13 18 14 17 15 16 14
41 17 41 20 40 20 40 17
41 13 41 14 38 14 38 13
43 15 41 17 39 15 41 13
21 23 20 22 25 17 26 18
21 24 21 23 23 23 23 24
10 32 16 32 16 33 10 33
11 31 14 34 13 35 10 32
41 36 41 31 39 31 39 36
42 37 42 36 41 36 41 37
41 38 40 37 41 36 42 37
15 42 14 41 19 36 20 37
18 42 15 42 15 41 18 41
19 43 18 42 20 40 21 41
16 43 16 40 19 40 19 43
42 35 41 36 36 31 37 30
17 43 15 41 16 40 18 42
42 33 42 35 37 35 37 33
39 30 42 33 39 36 36 33
40 29 39 30 36 27 37 26
19 30 28 21 31 24 22 33
14 29 17 32 19 30 16 27
