best-score: 692570
count: 9
elapsed-time: 4.802
99
21 26 20 27 19 26 20 25
21 27 20 27 20 26 21 26
19 25 19 26 20 26 20 25
15 21 15 22 16 22 16 21
17 21 16 22 15 21 16 20
15 20 16 21 17 20 16 19
14 20 15 20 15 21 14 21
15 19 15 20 16 20 16 19
16 18 17 19 16 20 15 19
13 19 14 20 15 19 14 18
36 15 35 16 34 15 35 14
23 25 21 27 20 26 22 24
21 24 20 25 18 23 19 22
22 26 22 24 21 24 21 26
17 24 15 22 16 21 18 23
15 26 17 24 19 26 17 28
13 24 15 26 13 28 11 26
12 23 14 21 15 22 13 24
12 25 11 25 11 23 12 23
18 28 17 27 19 25 20 26
18 27 18 28 17 28 17 27
26 34 26 32 28 32 28 34
15 32 17 32 17 31 15 31
16 31 17 32 16 33 15 32
13 30 14 30 14 28 13 28
13 31 11 29 12 28 14 30
16 25 19 25 19 22 16 22
32 22 29 22 29 19 32 19
36 18 32 22 29 19 33 15
34 18 34 15 36 15 36 18
17 30 20 27 24 31 21 34
13 27 17 27 17 24 13 24
12 27 13 27 13 28 12 28
21 21 21 24 17 24 17 21
28 15 26 17 23 14 25 12
29 16 28 15 31 12 32 13
26 16 29 16 29 17 26 17
26 22 23 19 26 16 29 19
26 23 26 22 29 22 29 23
26 24 22 24 22 23 26 23
12 24 11 23 14 20 15 21
14 26 13 27 11 25 12 24
15 28 15 26 14 26 14 28
14 29 15 28 17 30 16 31
12 29 13 30 14 29 13 28
11 28 11 29 12 29 12 28
13 14 12 15 16 19 17 18
12 14 13 14 13 15 12 15
16 10 17 11 13 15 12 14
17 10 17 11 16 11 16 10
19 14 16 11 17 10 20 13
23 11 23 14 19 14 19 11
15 30 17 30 17 28 15 28
14 31 15 31 15 30 14 30
25 37 23 35 26 32 28 34
29 37 25 37 25 35 29 35
28 38 25 35 26 34 29 37
31 38 28 38 28 34 31 34
26 19 29 16 32 19 29 22
23 17 23 19 26 19 26 17
36 17 33 20 32 19 35 16
15 15 15 19 13 19 13 15
32 30 33 31 29 35 28 34
32 34 31 34 31 30 32 30
14 13 13 14 11 12 12 11
27 28 26 29 21 24 22 23
29 27 29 28 27 28 27 27
24 12 17 19 22 24 29 17
20 19 20 25 23 25 23 19
17 13 23 19 21 21 15 15
16 13 17 13 17 18 16 18
14 11 14 13 16 13 16 11
12 16 12 23 18 23 18 16
15 17 14 18 12 16 13 15
17 15 18 16 16 18 15 17
33 19 29 23 23 17 27 13
32 15 32 19 33 19 33 15
28 13 28 15 32 15 32 13
21 14 26 19 22 23 17 18
29 36 24 31 26 29 31 34
35 30 35 22 32 22 32 30
20 18 20 19 17 19 17 18
27 18 20 18 20 13 27 13
22 38 15 31 18 28 25 35
23 38 22 38 22 35 23 35
37 24 31 30 29 28 35 22
29 14 35 14 35 16 29 16
24 30 24 31 17 31 17 30
20 34 17 31 21 27 24 30
29 29 26 32 24 30 27 27
25 25 25 35 23 35 23 25
28 26 27 27 25 25 26 24
33 23 29 27 28 26 32 22
33 27 29 27 29 23 33 23
24 28 28 32 33 27 29 23
27 30 27 28 24 28 24 30
35 31 32 34 23 25 26 22
31 25 25 25 25 12 31 12
41 24 35 30 26 21 32 15
