best-score: 708250
count: 1
elapsed-time: 4.83
447
30 30 31 30 31 31 30 31
32 30 31 31 30 30 31 29
33 30 32 30 32 29 33 29
34 31 33 30 34 29 35 30
31 32 30 31 31 30 32 31
32 32 32 33 31 33 31 32
33 33 32 34 31 33 32 32
33 34 32 34 32 33 33 33
33 36 32 35 33 34 34 35
28 33 27 33 27 32 28 32
33 27 32 26 33 25 34 26
33 26 34 26 34 27 33 27
32 25 32 26 33 26 33 25
32 27 31 26 32 25 33 26
31 27 31 26 32 26 32 27
28 24 28 25 29 25 29 24
34 25 33 26 34 27 35 26
27 37 26 36 27 35 28 36
35 27 34 26 35 25 36 26
36 25 36 26 35 26 35 25
37 26 36 27 35 26 36 25
37 27 36 27 36 26 37 26
38 26 37 27 36 26 37 25
32 39 31 40 30 39 31 38
32 40 32 39 33 39 33 40
31 19 32 20 31 21 30 20
31 20 31 19 32 19 32 20
30 21 31 21 31 20 30 20
30 19 29 20 30 21 31 20
29 19 30 19 30 20 29 20
39 31 40 30 41 31 40 32
38 32 37 31 38 30 39 31
37 33 38 32 39 33 38 34
38 33 38 34 37 34 37 33
39 32 39 33 38 33 38 32
40 33 39 34 38 33 39 32
41 32 41 33 40 33 40 32
20 30 19 29 20 28 21 29
26 22 26 23 27 23 27 22
26 24 25 23 26 22 27 23
25 24 25 23 26 23 26 24
25 22 24 23 25 24 26 23
26 21 25 22 24 21 25 20
27 20 28 21 27 22 26 21
41 30 41 31 40 31 40 30
42 31 41 32 40 31 41 30
42 32 41 32 41 31 42 31
38 25 38 26 37 26 37 25
40 34 39 33 40 32 41 33
40 36 39 35 40 34 41 35
41 36 40 36 40 35 41 35
42 36 42 37 41 37 41 36
43 35 42 36 41 35 42 34
19 31 20 32 19 33 18 32
19 32 19 31 20 31 20 32
18 33 17 32 18 31 19 32
17 33 17 32 18 32 18 33
17 31 16 32 17 33 18 32
16 31 17 31 17 32 16 32
38 36 37 35 38 34 39 35
38 35 38 34 39 34 39 35
37 36 38 36 38 35 37 35
39 36 38 37 37 36 38 35
40 37 39 36 40 35 41 36
39 37 39 36 40 36 40 37
39 38 38 38 38 37 39 37
37 38 38 39 39 38 38 37
37 39 37 38 38 38 38 39
24 22 24 23 25 23 25 22
23 21 23 22 24 22 24 21
25 21 24 22 23 21 24 20
26 20 26 21 25 21 25 20
25 19 26 18 27 19 26 20
24 19 25 19 25 20 24 20
27 21 26 22 25 21 26 20
28 20 28 21 27 21 27 20
28 18 27 19 28 20 29 19
20 35 21 36 22 35 21 34
21 35 21 36 20 36 20 35
22 34 22 35 21 35 21 34
26 19 26 20 27 20 27 19
25 18 25 19 26 19 26 18
23 18 24 19 25 18 24 17
24 18 23 18 23 17 24 17
23 19 24 18 25 19 24 20
20 27 19 26 20 25 21 26
43 27 43 28 42 28 42 27
44 28 43 29 42 28 43 27
44 29 43 29 43 28 44 28
37 37 38 36 39 37 38 38
36 37 36 36 37 36 37 37
21 25 20 25 20 24 21 24
22 24 21 25 20 24 21 23
44 27 43 28 42 27 43 26
38 23 39 22 40 23 39 24
38 24 38 23 39 23 39 24
39 25 38 24 39 23 40 24
40 25 39 25 39 24 40 24
39 26 38 25 39 24 40 25
19 23 19 24 20 24 20 23
18 34 17 35 16 34 17 33
19 34 18 34 18 33 19 33
22 23 22 24 21 24 21 23
23 24 22 23 23 22 24 23
22 25 23 25 23 24 22 24
22 26 21 26 21 25 22 25
23 26 23 27 22 27 22 26
24 25 23 26 22 25 23 24
25 26 24 25 25 24 26 25
25 25 26 25 26 26 25 26
24 24 24 25 25 25 25 24
23 23 23 24 24 24 24 23
22 22 22 23 23 23 23 22
20 22 21 23 22 22 21 21
21 22 20 22 20 21 21 21
19 22 20 23 21 22 20 21
18 22 19 22 19 23 18 23
19 21 20 22 19 23 18 22
19 20 20 20 20 21 19 21
21 20 20 21 19 20 20 19
22 21 22 20 21 20 21 21
23 20 24 21 23 22 22 21
22 19 22 20 23 20 23 19
40 22 40 23 39 23 39 22
44 26 44 27 43 27 43 26
23 41 22 41 22 40 23 40
22 42 21 41 22 40 23 41
21 42 21 41 22 41 22 42
23 42 22 43 21 42 22 41
23 43 22 43 22 42 23 42
18 25 17 24 18 23 19 24
17 26 18 25 19 26 18 27
41 38 41 37 40 37 40 38
40 39 39 38 40 37 41 38
39 39 39 38 40 38 40 39
38 40 37 39 38 38 39 39
39 40 38 40 38 39 39 39
40 41 39 40 40 39 41 40
21 19 20 20 21 21 22 20
36 16 35 17 34 16 35 15
36 17 35 17 35 16 36 16
37 16 36 17 35 16 36 15
37 15 38 15 38 16 37 16
24 41 24 42 23 42 23 41
25 42 24 43 23 42 24 41
25 43 24 43 24 42 25 42
24 44 23 43 24 42 25 43
23 44 23 43 24 43 24 44
34 15 35 15 35 16 34 16
42 39 41 38 42 37 43 38
42 38 43 38 43 39 42 39
41 39 40 38 41 37 42 38
40 40 41 40 41 39 40 39
39 41 40 41 40 40 39 40
37 41 38 42 39 41 38 40
38 41 38 42 37 42 37 41
37 40 38 39 39 40 38 41
36 39 36 40 37 40 37 39
35 38 36 37 37 38 36 39
17 22 18 23 19 22 18 21
17 21 18 21 18 22 17 22
17 23 16 22 17 21 18 22
18 24 18 23 17 23 17 24
19 25 19 24 18 24 18 25
20 26 20 25 19 25 19 26
21 27 20 26 21 25 22 26
21 28 20 28 20 27 21 27
44 36 44 35 45 35 45 36
44 34 43 35 44 36 45 35
43 34 44 34 44 35 43 35
42 33 42 34 43 34 43 33
41 34 40 33 41 32 42 33
42 35 42 34 41 34 41 35
43 36 42 37 41 36 42 35
44 37 43 36 44 35 45 36
43 37 43 36 44 36 44 37
44 38 43 39 42 38 43 37
45 38 44 38 44 37 45 37
44 39 43 38 44 37 45 38
40 20 39 19 40 18 41 19
40 19 41 19 41 20 40 20
39 18 39 19 40 19 40 18
37 43 38 42 39 43 38 44
20 42 19 41 20 40 21 41
43 21 43 22 42 22 42 21
16 23 16 22 17 22 17 23
38 17 37 16 38 15 39 16
39 17 38 17 38 16 39 16
38 18 37 17 38 16 39 17
37 19 38 18 39 19 38 20
38 19 38 20 37 20 37 19
37 18 38 17 39 18 38 19
36 18 37 18 37 19 36 19
36 20 35 19 36 18 37 19
35 20 35 19 36 19 36 20
36 21 35 20 36 19 37 20
37 21 36 21 36 20 37 20
36 22 35 21 36 20 37 21
35 22 35 21 36 21 36 22
34 21 35 22 34 23 33 22
34 20 35 20 35 21 34 21
34 18 33 19 34 20 35 19
40 16 39 17 40 18 41 17
20 41 20 42 19 42 19 41
20 43 19 42 20 41 21 42
21 43 20 43 20 42 21 42
22 44 21 43 22 42 23 43
21 44 21 43 22 43 22 44
22 45 21 44 22 43 23 44
23 45 22 45 22 44 23 44
24 46 23 45 24 44 25 45
16 40 17 41 16 42 15 41
16 38 15 39 16 40 17 39
16 39 16 38 17 38 17 39
18 39 17 40 16 39 17 38
18 40 17 40 17 39 18 39
18 42 17 41 18 40 19 41
19 43 19 42 18 42 18 43
20 44 19 43 20 42 21 43
19 44 19 43 20 43 20 44
17 44 18 45 19 44 18 43
15 40 15 39 16 39 16 40
16 19 16 18 17 18 17 19
16 41 16 40 17 40 17 41
15 42 16 42 16 41 15 41
14 41 15 40 16 41 15 42
14 40 15 40 15 41 14 41
20 45 19 44 20 43 21 44
21 45 20 45 20 44 21 44
22 46 21 45 22 44 23 45
21 46 21 45 22 45 22 46
27 25 26 26 25 25 26 24
28 26 27 25 28 24 29 25
27 26 27 25 28 25 28 26
27 24 26 25 27 26 28 25
28 23 28 24 27 24 27 23
24 26 23 27 22 26 23 25
24 39 25 40 24 41 23 40
35 18 36 17 37 18 36 19
34 17 34 18 35 18 35 17
33 16 34 15 35 16 34 17
33 17 33 16 34 16 34 17
21 40 21 41 20 41 20 40
22 39 22 40 21 40 21 39
29 30 30 31 28 33 27 32
30 35 29 34 31 32 32 33
30 34 32 34 32 35 30 35
29 35 27 33 28 32 30 34
30 38 28 36 29 35 31 37
30 37 31 37 31 38 30 38
29 37 29 35 30 35 30 37
34 32 34 31 32 31 32 32
35 31 34 32 32 30 33 29
37 30 37 31 35 31 35 30
36 29 37 28 38 29 37 30
35 29 35 27 36 27 36 29
34 30 35 30 35 29 34 29
30 24 29 25 31 27 32 26
30 27 28 25 29 24 31 26
29 28 30 27 32 29 31 30
30 28 30 30 29 30 29 28
32 28 31 29 30 28 31 27
34 28 33 29 32 28 33 27
36 28 35 29 34 28 35 27
39 29 38 30 36 28 37 27
39 30 38 30 38 29 39 29
38 31 39 30 40 31 39 32
37 32 38 32 38 31 37 31
36 33 37 32 38 33 37 34
36 32 37 32 37 33 36 33
36 30 35 31 36 32 37 31
35 32 33 34 32 33 34 31
33 28 33 27 32 27 32 28
35 28 34 29 33 28 34 27
30 26 30 27 28 27 28 26
31 24 31 26 30 26 30 24
33 24 31 24 31 22 33 22
32 23 33 24 32 25 31 24
32 21 34 21 34 23 32 23
33 20 32 21 31 20 32 19
34 19 35 20 34 21 33 20
33 18 34 17 35 18 34 19
32 18 33 18 33 19 32 19
27 34 29 34 29 35 27 35
28 35 27 34 28 33 29 34
36 31 37 30 38 31 37 32
25 28 24 29 22 27 23 26
24 28 24 26 25 26 25 28
22 30 21 29 23 27 24 28
22 31 20 31 20 30 22 30
20 29 21 28 23 30 22 31
19 28 19 29 20 29 20 28
17 30 19 28 20 29 18 31
14 29 16 31 17 30 15 28
34 24 34 25 33 25 33 24
37 23 35 25 34 24 36 22
38 21 38 23 37 23 37 21
39 20 38 21 37 20 38 19
40 21 39 20 40 19 41 20
39 21 39 20 40 20 40 21
38 22 39 21 40 22 39 23
35 24 34 25 33 24 34 23
37 22 38 23 36 25 35 24
30 23 28 23 28 21 30 21
29 22 30 23 29 24 28 23
35 34 37 36 36 37 34 35
35 35 35 34 37 34 37 35
36 34 35 35 33 33 34 32
34 34 34 32 35 32 35 34
33 35 34 35 34 34 33 34
32 36 33 36 33 35 32 35
31 35 32 34 33 35 32 36
41 27 42 28 40 30 39 29
35 23 35 24 34 24 34 23
34 37 35 38 33 40 32 39
34 39 34 37 36 37 36 39
31 44 29 42 31 40 33 42
29 44 29 42 31 42 31 44
26 43 28 45 29 44 27 42
26 45 25 45 25 43 26 43
25 46 23 44 24 43 26 45
24 45 24 46 25 46 25 45
36 23 37 23 37 25 36 25
22 33 21 34 19 32 20 31
18 29 18 31 19 31 19 29
44 30 42 32 41 31 43 29
32 42 31 42 31 40 32 40
34 38 33 39 31 37 32 36
35 37 37 39 36 40 34 38
34 36 35 35 36 36 35 37
33 37 34 37 34 36 33 36
22 38 24 38 24 39 22 39
23 37 22 38 20 36 21 35
25 35 26 36 24 38 23 37
25 37 25 35 27 35 27 37
19 27 19 28 18 28 18 27
18 26 19 25 20 26 19 27
17 25 17 26 18 26 18 25
15 24 15 25 17 25 17 24
16 25 15 24 16 23 17 24
14 27 16 25 17 26 15 28
14 28 16 26 18 28 16 30
15 29 15 28 14 28 14 29
23 35 23 37 22 37 22 35
25 33 23 35 22 34 24 32
25 34 25 33 27 33 27 34
23 34 25 34 25 35 23 35
28 44 29 44 29 45 28 45
28 46 27 45 28 44 29 45
27 46 27 45 28 45 28 46
27 40 27 42 25 42 25 40
44 31 45 32 43 34 42 33
42 30 42 31 44 31 44 30
41 28 41 30 42 30 42 28
40 27 41 28 39 30 38 29
41 25 41 27 40 27 40 25
42 24 44 26 43 27 41 25
42 23 42 24 40 24 40 23
44 25 42 23 43 22 45 24
23 39 22 40 21 39 22 38
16 24 17 25 18 24 17 23
26 16 24 18 23 17 25 15
28 16 26 16 26 15 28 15
29 18 29 16 28 16 28 18
28 17 29 18 27 20 26 19
27 16 28 15 29 16 28 17
19 38 21 40 20 41 18 39
34 44 36 44 36 45 34 45
41 43 39 41 40 40 42 42
18 18 17 19 19 21 20 20
17 16 17 18 18 18 18 16
19 37 19 38 17 38 17 37
18 38 19 37 21 39 20 40
44 41 43 42 41 40 42 39
45 39 45 41 44 41 44 39
46 38 45 39 44 38 45 37
46 39 45 39 45 38 46 38
47 40 45 42 44 41 46 39
44 19 42 21 41 20 43 18
14 21 16 23 17 22 15 20
14 20 15 20 15 21 14 21
18 20 18 18 19 18 19 20
42 16 42 18 40 18 40 16
43 17 42 18 41 17 42 16
45 17 45 18 43 18 43 17
43 15 43 17 41 17 41 15
42 14 43 15 42 16 41 15
31 28 30 28 30 27 31 27
26 29 25 28 27 26 28 27
35 36 35 35 34 35 34 36
23 33 23 34 22 34 22 33
29 31 30 31 30 34 29 34
26 30 28 32 29 31 27 29
26 31 26 30 29 30 29 31
25 32 23 30 24 29 26 31
24 33 25 33 25 32 24 32
23 32 24 33 23 34 22 33
24 30 24 32 23 32 23 30
26 32 24 30 28 26 30 28
26 34 25 33 26 32 27 33
25 31 26 31 26 32 25 32
31 23 30 24 27 21 28 20
32 22 34 24 33 25 31 23
25 38 27 40 30 37 28 35
24 37 24 38 25 38 25 37
25 36 24 37 22 35 23 34
26 33 25 34 24 33 25 32
26 42 30 38 32 40 28 44
29 40 27 40 27 37 29 37
27 38 29 40 27 42 25 40
40 28 37 28 37 27 40 27
28 38 24 42 23 41 27 37
28 39 28 38 30 38 30 39
28 41 24 41 24 39 28 39
29 15 28 16 31 19 32 18
32 16 32 15 29 15 29 16
33 15 34 16 33 17 32 16
30 15 29 16 32 19 33 18
36 43 34 45 31 42 33 40
37 44 37 43 36 43 36 44
38 43 37 44 36 43 37 42
39 42 39 43 38 43 38 42
23 38 24 37 25 38 24 39
21 38 22 39 23 38 22 37
19 39 21 39 21 38 19 38
31 47 29 45 32 42 34 44
16 37 17 38 20 35 19 34
16 35 17 35 17 37 16 37
34 43 33 42 36 39 37 40
34 40 36 40 36 43 34 43
33 41 34 40 37 43 36 44
21 37 22 37 22 38 21 38
20 14 18 16 21 19 23 17
18 14 20 14 20 16 18 16
16 16 18 14 20 16 18 18
21 16 21 19 20 19 20 16
19 14 21 16 19 18 17 16
41 45 39 43 43 39 45 41
39 45 39 43 41 43 41 45
15 45 18 45 18 43 15 43
16 46 15 45 18 42 19 43
45 14 45 16 42 16 42 14
47 19 42 24 40 22 45 17
47 20 44 20 44 19 47 19
46 21 44 19 45 18 47 20
47 43 47 40 41 40 41 43
44 13 45 14 40 19 39 18
