best-score: 728104
count: 3
elapsed-time: 4.961
275
21 22 21 21 22 21 22 22
20 21 21 20 22 21 21 22
20 20 21 20 21 21 20 21
21 19 22 20 21 21 20 20
22 19 22 20 21 20 21 19
20 19 19 20 18 19 19 18
21 18 22 19 21 20 20 19
20 18 21 18 21 19 20 19
21 17 22 18 21 19 20 18
22 17 22 18 21 18 21 17
20 17 21 18 22 17 21 16
19 17 20 17 20 18 19 18
23 18 22 17 23 16 24 17
23 19 22 19 22 18 23 18
24 20 23 21 22 20 23 19
25 19 26 20 25 21 24 20
18 22 18 23 17 23 17 22
19 19 20 19 20 20 19 20
18 18 18 19 19 19 19 18
27 24 27 23 28 23 28 24
19 28 18 27 19 26 20 27
26 19 27 18 28 19 27 20
27 19 27 20 26 20 26 19
28 18 28 19 27 19 27 18
28 20 27 19 28 18 29 19
28 21 28 20 29 20 29 21
29 22 28 21 29 20 30 21
30 22 29 22 29 21 30 21
31 21 30 22 29 21 30 20
19 27 18 27 18 26 19 26
20 28 20 27 19 27 19 28
25 18 24 17 25 16 26 17
26 18 26 19 25 19 25 18
24 29 23 30 22 29 23 28
23 29 24 29 24 30 23 30
23 31 22 30 23 29 24 30
22 31 23 31 23 32 22 32
21 32 22 31 23 32 22 33
21 33 21 32 22 32 22 33
22 28 23 28 23 29 22 29
24 28 23 29 22 28 23 27
15 19 14 20 15 21 16 20
27 27 27 26 26 26 26 27
30 19 30 20 29 20 29 19
30 17 29 18 30 19 31 18
29 17 30 17 30 18 29 18
28 16 29 17 28 18 27 17
13 23 12 23 12 22 13 22
20 15 19 14 20 13 21 14
21 15 21 16 20 16 20 15
22 16 21 17 20 16 21 15
23 17 23 16 22 16 22 17
24 18 24 17 23 17 23 18
25 17 26 18 25 19 24 18
24 16 24 17 25 17 25 16
23 15 24 16 23 17 22 16
31 19 30 20 29 19 30 18
32 19 31 19 31 18 32 18
20 14 19 14 19 13 20 13
33 23 33 24 32 24 32 23
34 24 33 25 32 24 33 23
34 25 33 25 33 24 34 24
33 26 32 25 33 24 34 25
32 26 32 25 33 25 33 26
30 26 31 27 32 26 31 25
29 26 30 26 30 27 29 27
30 25 31 26 30 27 29 26
30 16 31 17 30 18 29 17
31 16 31 17 30 17 30 16
31 24 32 24 32 25 31 25
18 14 17 13 18 12 19 13
19 15 19 14 18 14 18 15
18 16 19 15 20 16 19 17
25 33 25 32 26 32 26 33
32 27 32 26 31 26 31 27
12 26 13 27 12 28 11 27
11 26 11 25 12 25 12 26
32 16 31 17 32 18 33 17
32 17 32 16 33 16 33 17
32 15 31 16 32 17 33 16
31 15 32 15 32 16 31 16
15 31 16 31 16 32 15 32
13 31 14 32 15 31 14 30
14 31 13 31 13 30 14 30
14 33 13 32 14 31 15 32
16 33 15 32 16 31 17 32
33 18 32 19 31 18 32 17
11 16 11 17 12 17 12 16
12 15 13 16 12 17 11 16
12 29 11 29 11 28 12 28
10 29 11 30 12 29 11 28
10 30 10 29 11 29 11 30
16 34 15 33 16 32 17 33
15 34 15 33 16 33 16 34
29 32 29 33 28 33 28 32
29 34 28 33 29 32 30 33
30 34 29 34 29 33 30 33
31 33 30 34 29 33 30 32
32 33 31 33 31 32 32 32
31 34 30 33 31 32 32 33
13 13 14 14 15 13 14 12
31 31 30 30 31 29 32 30
30 31 31 31 31 32 30 32
29 30 30 31 29 32 28 31
29 31 29 30 30 30 30 31
14 13 15 13 15 12 14 12
13 14 14 14 14 13 13 13
13 12 12 13 13 14 14 13
12 12 13 12 13 13 12 13
12 14 13 14 13 15 12 15
11 13 12 12 13 13 12 14
11 14 11 13 12 13 12 14
14 34 13 33 14 32 15 33
13 34 13 33 14 33 14 34
14 35 13 34 14 33 15 34
15 35 14 35 14 34 15 34
11 15 12 14 13 15 12 16
11 32 12 31 13 32 12 33
11 31 12 31 12 32 11 32
12 30 11 31 10 30 11 29
13 29 13 30 12 30 12 29
24 21 23 21 23 20 24 20
24 22 24 21 25 21 25 22
23 23 22 22 23 21 24 22
26 22 25 23 24 22 25 21
26 23 25 23 25 22 26 22
27 22 28 23 27 24 26 23
26 21 27 20 28 21 27 22
27 21 27 22 26 22 26 21
28 22 27 23 26 22 27 21
29 23 29 22 28 22 28 23
24 19 23 20 22 19 23 18
25 20 24 19 25 18 26 19
23 22 22 21 23 20 24 21
24 23 24 22 23 22 23 23
25 24 24 23 25 22 26 23
24 24 25 24 25 25 24 25
26 24 25 25 24 24 25 23
27 25 26 24 27 23 28 24
28 26 27 27 26 26 27 25
29 25 30 26 29 27 28 26
28 25 29 25 29 26 28 26
26 25 27 26 28 25 27 24
25 26 26 26 26 25 25 25
23 25 22 24 23 23 24 24
24 27 24 28 23 28 23 27
23 26 24 25 25 26 24 27
24 26 23 26 23 25 24 25
22 26 23 27 24 26 23 25
22 27 22 26 23 26 23 27
25 27 24 27 24 26 25 26
30 24 29 25 28 24 29 23
29 24 30 24 30 25 29 25
30 23 31 24 30 25 29 24
31 23 31 24 30 24 30 23
31 22 32 22 32 23 31 23
32 21 31 22 30 21 31 20
32 20 32 21 31 21 31 20
33 21 32 22 31 21 32 20
33 22 32 22 32 21 33 21
34 23 33 24 32 23 33 22
34 22 34 23 33 23 33 22
33 19 32 20 31 19 32 18
33 20 32 20 32 19 33 19
34 21 33 22 32 21 33 20
34 20 34 21 33 21 33 20
35 21 34 22 33 21 34 20
35 22 34 22 34 21 35 21
22 25 21 24 23 22 24 23
21 26 22 25 23 26 22 27
21 25 22 25 22 26 21 26
20 24 21 25 19 27 18 26
19 23 21 21 22 22 20 24
18 24 17 23 18 22 19 23
19 24 18 24 18 23 19 23
20 26 20 24 19 24 19 26
21 27 21 26 20 26 20 27
21 29 20 28 21 27 22 28
21 30 21 29 22 29 22 30
20 32 21 32 21 30 20 30
21 31 20 32 19 31 20 30
23 24 23 25 22 25 22 24
20 22 20 24 21 24 21 22
18 21 18 22 20 22 20 21
19 22 18 21 19 20 20 21
20 23 19 24 18 23 19 22
17 21 19 19 20 20 18 22
15 22 17 22 17 21 15 21
17 20 15 22 13 20 15 18
18 20 18 21 17 21 17 20
21 28 22 28 22 27 21 27
20 29 21 28 22 29 21 30
15 20 17 22 15 24 13 22
14 21 15 21 15 20 14 20
17 24 15 24 15 23 17 23
17 26 17 24 18 24 18 26
17 16 19 18 20 17 18 15
17 15 18 15 18 16 17 16
16 13 16 15 17 15 17 13
15 14 14 13 15 12 16 13
14 17 13 16 15 14 16 15
13 24 15 22 17 24 15 26
13 26 13 24 15 24 15 26
12 27 13 27 13 26 12 26
10 27 11 28 12 27 11 26
10 26 11 26 11 27 10 27
22 13 21 14 23 16 24 15
22 9 20 11 22 13 24 11
20 9 22 9 22 11 20 11
18 11 20 9 22 11 20 13
20 12 20 11 18 11 18 12
21 13 20 14 19 13 20 12
22 14 22 13 21 13 21 14
15 25 13 23 15 21 17 23
15 28 13 26 15 24 17 26
16 29 14 31 13 30 15 28
16 19 16 20 15 20 15 19
24 13 22 13 22 11 24 11
27 28 25 30 24 29 26 27
29 28 27 28 27 27 29 27
10 21 12 23 13 22 11 20
10 20 11 20 11 21 10 21
24 32 24 30 25 30 25 32
23 33 22 32 23 31 24 32
24 33 23 33 23 32 24 32
25 34 24 33 25 32 26 33
24 34 24 33 25 33 25 34
13 19 11 21 12 22 14 20
14 19 14 20 13 20 13 19
14 18 15 18 15 19 14 19
12 18 12 17 14 17 14 18
13 17 14 18 13 19 12 18
10 24 11 25 13 23 12 22
17 12 19 14 18 15 16 13
18 13 18 12 17 12 17 13
11 24 12 25 13 24 12 23
10 25 11 25 11 24 10 24
17 28 17 26 15 26 15 28
21 12 21 13 20 13 20 12
25 31 26 32 25 33 24 32
28 15 29 14 31 16 30 17
30 15 30 16 28 16 28 15
30 29 30 27 31 27 31 29
31 28 30 29 29 28 30 27
28 14 29 13 31 15 30 16
28 13 29 13 29 14 28 14
9 19 11 17 12 18 10 20
26 31 28 31 28 32 26 32
24 31 25 32 26 31 25 30
17 25 18 26 14 30 13 29
17 19 13 15 14 14 18 18
16 16 16 19 17 19 17 16
27 29 27 28 24 28 24 29
26 30 27 29 29 31 28 32
25 29 26 30 25 31 24 30
26 28 25 29 24 28 25 27
28 28 27 29 26 28 27 27
27 12 24 15 25 16 28 13
28 12 28 13 27 13 27 12
29 11 30 12 29 13 28 12
27 15 24 15 24 13 27 13
26 14 27 13 28 14 27 15
17 31 19 31 19 28 17 28
16 30 17 31 16 32 15 31
14 29 14 30 16 30 16 29
18 28 16 30 13 27 15 25
19 29 18 28 19 27 20 28
20 33 16 29 17 28 21 32
15 17 14 17 14 14 15 14
18 17 18 18 15 18 15 17
19 16 19 17 18 17 18 16
14 27 14 29 13 29 13 27
31 12 31 15 30 15 30 12
30 11 31 12 29 14 28 13
29 12 30 12 30 11 29 11
