best-score: 578304
count: 12
elapsed-time: 4.799
67
28 27 28 28 27 28 27 27
27 26 28 27 27 28 26 27
26 26 27 26 27 27 26 27
36 14 37 15 36 16 35 15
36 15 37 15 37 16 36 16
35 14 35 15 36 15 36 14
42 26 40 24 42 22 44 24
31 23 27 27 28 28 32 24
31 24 31 23 32 23 32 24
35 28 31 24 32 23 36 27
44 20 44 24 40 24 40 20
42 18 44 20 42 22 40 20
40 19 40 20 37 20 37 19
44 38 41 41 39 39 42 36
41 42 41 41 38 41 38 42
17 38 18 38 18 41 17 41
44 40 45 40 45 43 44 43
40 30 32 30 32 24 40 24
43 32 43 30 40 30 40 32
42 33 36 27 37 26 43 32
37 33 37 26 42 26 42 33
42 38 37 33 40 30 45 35
44 36 44 38 42 38 42 36
35 34 28 27 29 26 36 33
28 34 28 28 35 28 35 34
29 20 37 20 37 26 29 26
25 20 25 15 29 15 29 20
21 31 22 32 27 27 26 26
22 31 22 32 21 32 21 31
24 35 21 32 22 31 25 34
23 40 24 40 24 35 23 35
24 25 26 27 22 31 20 29
22 13 17 18 24 25 29 20
45 27 40 32 32 24 37 19
23 33 18 38 17 37 22 32
17 33 23 33 23 35 17 35
18 26 18 31 21 31 21 26
25 36 19 42 18 41 24 35
22 36 25 36 25 43 22 43
26 40 22 36 23 35 27 39
28 36 25 36 25 34 28 34
27 37 28 36 36 44 35 45
30 21 29 20 35 14 36 15
40 44 38 42 42 38 44 40
16 22 28 34 32 30 20 18
28 16 36 16 36 27 28 27
31 17 30 18 28 16 29 15
24 17 31 17 31 23 24 23
22 19 24 17 31 24 29 26
32 33 22 43 17 38 27 28
51 32 41 42 32 33 42 23
19 27 31 15 40 24 28 36
37 44 37 33 36 33 36 44
42 21 30 21 30 18 42 18
35 24 37 26 42 21 40 19
32 22 42 22 42 23 32 23
24 16 31 23 32 22 25 15
35 52 26 43 35 34 44 43
23 30 32 30 32 33 23 33
39 37 39 39 27 39 27 37
38 50 32 44 39 37 45 43
17 29 17 18 20 18 20 29
16 28 18 26 19 27 17 29
35 17 31 17 31 15 35 15
38 18 37 19 35 17 36 16
19 50 38 50 38 42 19 42
16 47 23 40 26 43 19 50
