best-score: 781789
count: 6
elapsed-time: 4.906
179
19 20 20 19 21 20 20 21
19 19 20 19 20 20 19 20
20 18 21 19 20 20 19 19
21 18 21 19 20 19 20 18
21 17 22 17 22 18 21 18
22 16 23 17 22 18 21 17
23 15 22 16 21 15 22 14
22 15 23 15 23 16 22 16
21 14 21 15 22 15 22 14
23 14 22 15 21 14 22 13
22 19 22 20 21 20 21 19
23 18 22 19 21 18 22 17
23 19 22 19 22 18 23 18
21 21 21 20 20 20 20 21
15 18 16 19 17 18 16 17
16 18 16 19 15 19 15 18
17 17 17 18 16 18 16 17
14 19 15 19 15 20 14 20
14 21 13 20 14 19 15 20
13 21 13 20 14 20 14 21
19 25 20 24 21 25 20 26
16 23 15 23 15 22 16 22
23 13 23 14 22 14 22 13
15 25 14 24 15 23 16 24
21 26 21 27 20 27 20 26
22 26 21 26 21 25 22 25
24 24 24 23 25 23 25 24
26 24 25 25 24 24 25 23
26 25 25 25 25 24 26 24
27 18 27 17 28 17 28 18
22 10 21 11 20 10 21 9
21 10 21 9 22 9 22 10
20 11 21 11 21 10 20 10
27 16 26 15 27 14 28 15
28 16 27 16 27 15 28 15
28 14 27 15 28 16 29 15
27 13 27 14 28 14 28 13
28 12 29 13 28 14 27 13
26 17 27 16 28 17 27 18
26 16 27 16 27 17 26 17
26 14 26 15 27 15 27 14
25 15 26 14 27 15 26 16
25 16 25 15 26 15 26 16
29 17 28 18 27 17 28 16
29 14 29 15 28 15 28 14
30 13 29 14 28 13 29 12
30 14 29 14 29 13 30 13
29 24 29 25 28 25 28 24
25 13 26 14 27 13 26 12
10 26 10 27 9 27 9 26
29 16 29 17 28 17 28 16
30 15 29 16 28 15 29 14
30 16 29 16 29 15 30 15
31 15 30 16 29 15 30 14
31 14 31 15 30 15 30 14
18 20 16 18 17 17 19 19
19 21 19 20 18 20 18 21
17 23 16 22 18 20 19 21
18 26 16 24 17 23 19 25
18 24 20 24 20 26 18 26
20 22 19 21 20 20 21 21
19 22 19 21 20 21 20 22
17 24 16 23 18 21 19 22
18 23 18 24 17 24 17 23
24 21 23 22 21 20 22 19
13 17 15 19 14 20 12 18
24 19 23 18 25 16 26 17
23 21 24 21 24 19 23 19
24 20 26 22 25 23 23 21
15 14 14 15 16 17 17 16
15 15 14 15 14 14 15 14
15 13 14 14 15 15 16 14
14 10 13 11 15 13 16 12
15 9 15 10 14 10 14 9
25 17 23 17 23 16 25 16
26 18 24 20 23 19 25 17
27 20 27 18 26 18 26 20
28 19 29 20 28 21 27 20
29 18 29 19 28 19 28 18
30 17 29 18 28 17 29 16
30 18 29 18 29 17 30 17
31 17 30 18 29 17 30 16
22 22 21 21 22 20 23 21
22 24 20 24 20 22 22 22
24 25 24 24 22 24 22 25
23 24 24 23 25 24 24 25
22 21 23 21 23 22 22 22
9 20 11 22 13 20 11 18
23 25 22 26 21 25 22 24
20 12 21 11 23 13 22 14
25 14 25 15 23 15 23 14
26 13 26 14 25 14 25 13
25 12 26 13 25 14 24 13
25 11 26 11 26 12 25 12
24 12 22 10 23 9 25 11
23 12 24 12 24 13 23 13
24 11 23 12 21 10 22 9
25 10 26 11 25 12 24 11
24 10 25 10 25 11 24 11
27 21 26 20 28 18 29 19
29 23 28 24 26 22 27 21
25 18 25 17 26 17 26 18
16 26 14 26 14 24 16 24
15 27 14 26 15 25 16 26
19 8 18 9 20 11 21 10
24 27 23 28 21 26 22 25
25 27 24 27 24 25 25 25
26 26 28 28 27 29 25 27
28 26 26 26 26 25 28 25
27 25 28 24 29 25 28 26
24 15 25 14 26 15 25 16
28 20 28 21 27 21 27 20
12 16 12 18 11 18 11 16
16 13 16 14 15 14 15 13
15 12 16 13 15 14 14 13
16 10 16 12 15 12 15 10
28 22 28 24 26 24 26 22
14 12 14 13 15 13 15 12
24 14 23 13 24 12 25 13
24 16 23 15 24 14 25 15
12 15 11 16 9 14 10 13
14 16 14 15 12 15 12 16
13 15 14 16 13 17 12 16
12 12 11 13 13 15 14 14
12 10 14 10 14 12 12 12
11 11 12 10 13 11 12 12
13 13 13 11 11 11 11 13
13 14 13 13 14 13 14 14
13 16 12 15 13 14 14 15
12 17 13 16 15 18 14 19
10 17 11 18 12 17 11 16
27 12 27 13 26 13 26 12
31 16 31 17 30 17 30 16
32 15 31 16 30 15 31 14
32 16 31 16 31 15 32 15
8 24 10 26 11 25 9 23
26 27 26 29 25 29 25 27
28 10 29 10 29 12 28 12
27 9 28 10 26 12 25 11
27 10 27 9 28 9 28 10
28 11 27 12 26 11 27 10
30 11 29 12 28 11 29 10
18 15 17 16 20 19 21 18
18 16 18 15 21 15 21 16
19 15 21 17 20 18 18 16
18 17 17 17 17 16 18 16
19 27 15 27 15 25 19 25
20 28 19 27 20 26 21 27
19 28 19 27 20 27 20 28
16 25 17 24 20 27 19 28
25 20 29 24 28 25 24 21
25 22 25 20 26 20 26 22
12 22 9 19 10 18 13 21
12 25 11 25 11 22 12 22
13 26 11 28 10 27 12 25
13 28 13 26 14 26 14 28
20 13 16 13 16 12 20 12
18 11 20 13 18 15 16 13
10 22 11 22 11 18 10 18
13 19 13 20 9 20 9 19
14 17 14 19 13 19 13 17
16 16 16 17 14 17 14 16
17 15 18 16 17 17 16 16
16 15 17 15 17 16 16 16
24 30 21 27 22 26 25 29
21 30 21 27 24 27 24 30
29 22 26 25 25 24 28 21
29 21 29 22 28 22 28 21
11 24 14 21 15 22 12 25
17 11 17 15 18 15 18 11
20 14 19 15 16 12 17 11
21 13 21 14 20 14 20 13
22 11 22 13 21 13 21 11
19 11 16 14 17 15 20 12
15 17 14 16 15 15 16 16
19 9 19 11 18 11 18 9
18 10 19 9 20 10 19 11
17 9 18 10 17 11 16 10
21 8 21 9 19 9 19 8
