best-score: 689242
count: 2
elapsed-time: 4.814
268
26 26 25 27 24 26 25 25
25 26 25 27 24 27 24 26
26 25 26 26 25 26 25 25
25 24 26 25 25 26 24 25
24 23 25 22 26 23 25 24
25 23 25 24 24 24 24 23
26 22 26 23 25 23 25 22
26 24 25 25 24 24 25 23
23 26 23 25 24 25 24 26
22 25 23 24 24 25 23 26
22 24 23 24 23 25 22 25
23 23 24 24 23 25 22 24
31 29 31 28 32 28 32 29
33 29 32 28 33 27 34 28
33 26 34 26 34 27 33 27
32 25 33 24 34 25 33 26
29 20 30 20 30 21 29 21
30 19 31 20 30 21 29 20
28 34 29 33 30 34 29 35
26 34 27 35 28 34 27 33
35 27 34 26 35 25 36 26
35 28 34 28 34 27 35 27
35 26 34 27 35 28 36 27
35 24 34 25 35 26 36 25
34 24 35 24 35 25 34 25
35 23 36 24 35 25 34 24
36 23 36 24 35 24 35 23
37 28 36 27 37 26 38 27
21 30 21 31 20 31 20 30
30 18 29 19 28 18 29 17
31 17 32 18 31 19 30 18
32 16 31 17 30 16 31 15
29 18 30 18 30 19 29 19
28 17 28 18 29 18 29 17
28 20 29 21 30 20 29 19
28 19 29 19 29 20 28 20
27 18 28 17 29 18 28 19
27 19 27 18 28 18 28 19
26 18 27 17 28 18 27 19
25 18 25 17 26 17 26 18
26 19 25 18 26 17 27 18
37 27 37 26 36 26 36 27
38 28 38 27 37 27 37 28
36 28 37 29 38 28 37 27
36 29 36 28 37 28 37 29
18 30 17 31 16 30 17 29
36 32 37 33 36 34 35 33
16 31 15 31 15 30 16 30
30 15 29 14 30 13 31 14
31 16 31 15 30 15 30 16
32 17 32 16 31 16 31 17
32 15 31 16 32 17 33 16
33 15 33 16 32 16 32 15
18 22 17 22 17 21 18 21
18 20 17 21 18 22 19 21
19 20 19 21 18 21 18 20
18 19 19 20 18 21 17 20
17 19 18 19 18 20 17 20
16 20 15 19 16 18 17 19
16 21 16 20 17 20 17 21
32 14 32 15 31 15 31 14
19 19 18 20 17 19 18 18
19 18 19 19 18 19 18 18
22 15 21 14 22 13 23 14
23 15 22 15 22 14 23 14
22 16 21 15 22 14 23 15
21 16 21 15 22 15 22 16
21 13 21 14 22 14 22 13
15 20 14 21 13 20 14 19
16 19 16 20 15 20 15 19
17 18 17 19 16 19 16 18
18 17 19 18 18 19 17 18
17 17 18 17 18 18 17 18
34 14 34 13 35 13 35 14
33 13 34 14 33 15 32 14
14 39 13 38 14 37 15 38
14 38 15 38 15 39 14 39
13 37 13 38 14 38 14 37
35 29 34 28 35 27 36 28
35 30 35 29 36 29 36 30
34 29 35 28 36 29 35 30
33 28 33 29 34 29 34 28
32 27 33 28 32 29 31 28
27 29 29 27 31 29 29 31
29 29 27 29 27 27 29 27
31 31 31 29 29 29 29 31
27 31 29 33 31 31 29 29
28 33 28 31 27 31 27 33
29 34 29 33 28 33 28 34
30 35 30 34 29 34 29 35
30 36 30 35 32 35 32 36
28 36 29 37 30 36 29 35
26 36 26 34 28 34 28 36
27 37 26 36 27 35 28 36
27 38 27 37 29 37 29 38
28 24 26 24 26 23 28 23
27 21 26 22 28 24 29 23
26 20 27 19 28 20 27 21
25 19 25 20 26 20 26 19
24 18 25 17 26 18 25 19
24 19 24 18 25 18 25 19
24 21 23 20 24 19 25 20
23 21 24 21 24 23 23 23
24 22 23 21 25 19 26 20
28 21 29 21 29 23 28 23
27 20 28 19 29 20 28 21
26 21 25 20 26 19 27 20
27 22 27 21 26 21 26 22
29 22 28 23 27 22 28 21
31 22 30 23 29 22 30 21
32 22 30 20 31 19 33 21
23 18 24 17 25 18 24 19
21 20 19 18 21 16 23 18
21 21 21 20 23 20 23 21
23 19 21 21 19 19 21 17
21 19 21 18 23 18 23 19
21 23 19 21 21 19 23 21
20 24 21 24 21 23 20 23
21 25 20 24 21 23 22 24
21 22 19 20 21 18 23 20
22 23 21 24 20 23 21 22
23 22 24 23 23 24 22 23
19 24 17 22 18 21 20 23
19 26 17 26 17 24 19 24
20 27 19 26 21 24 22 25
32 20 32 22 31 22 31 20
32 19 34 19 34 20 32 20
31 18 31 19 32 19 32 18
30 17 31 18 30 19 29 18
29 16 29 17 30 17 30 16
18 29 20 31 18 33 16 31
17 30 18 30 18 29 17 29
19 22 19 21 21 21 21 22
23 17 23 18 24 18 24 17
36 22 35 23 33 21 34 20
37 23 37 22 36 22 36 23
39 21 37 23 36 22 38 20
24 20 24 19 23 19 23 20
25 21 25 20 24 20 24 21
25 37 27 39 26 40 24 38
26 37 25 37 25 36 26 36
33 18 32 19 31 18 32 17
16 22 16 24 17 24 17 22
14 22 14 21 16 21 16 22
15 25 13 23 14 22 16 24
13 27 15 25 16 26 14 28
18 26 16 24 18 22 20 24
16 28 18 26 19 27 17 29
17 28 16 28 16 26 17 26
15 26 17 24 19 26 17 28
16 25 16 26 15 26 15 25
33 17 33 18 32 18 32 17
34 16 33 17 32 16 33 15
34 17 33 17 33 16 34 16
36 15 34 17 33 16 35 14
34 34 36 36 34 38 32 36
34 36 34 34 36 34 36 36
32 37 34 37 34 36 32 36
29 36 31 38 32 37 30 35
28 35 29 36 27 38 26 37
27 34 28 33 29 34 28 35
36 17 36 19 34 19 34 17
37 15 37 17 36 17 36 15
38 15 37 15 37 13 38 13
38 17 38 15 39 15 39 17
38 19 37 19 37 17 38 17
40 17 38 19 36 17 38 15
19 17 19 18 21 18 21 17
18 16 19 17 18 18 17 17
19 16 19 17 18 17 18 16
35 18 34 19 33 18 34 17
12 30 13 29 15 31 14 32
35 19 34 20 32 18 33 17
15 21 16 22 17 21 16 20
21 41 23 41 23 40 21 40
33 12 31 14 32 15 34 13
34 12 34 13 33 13 33 12
35 17 37 15 39 17 37 19
21 43 19 41 21 39 23 41
19 43 19 41 21 41 21 43
19 39 17 41 19 43 21 41
19 40 19 39 21 39 21 40
19 15 19 14 21 14 21 15
19 11 17 13 19 15 21 13
17 11 19 11 19 13 17 13
40 19 40 20 38 20 38 19
38 21 36 19 38 17 40 19
35 15 37 13 39 15 37 17
36 14 36 15 35 15 35 14
15 15 17 17 16 18 14 16
40 15 38 17 36 15 38 13
39 14 39 15 40 15 40 14
15 40 17 40 17 41 15 41
13 40 14 41 15 40 14 39
29 25 27 27 26 26 28 24
30 25 29 25 29 23 30 23
30 27 30 25 32 25 32 27
28 25 30 23 32 25 30 27
28 27 26 25 28 23 30 25
20 26 20 27 19 27 19 26
22 22 22 23 21 23 21 22
30 37 30 36 29 36 29 37
23 33 21 31 25 27 27 29
22 34 23 33 26 36 25 37
22 32 26 32 26 34 22 34
32 24 29 27 26 24 29 21
33 25 33 24 32 24 32 25
33 23 32 24 33 25 34 24
35 21 35 23 33 23 33 21
35 20 38 20 38 21 35 21
34 21 35 20 37 22 36 23
33 22 31 20 32 19 34 21
27 30 30 27 31 28 28 31
24 33 21 30 24 27 27 30
19 29 20 30 24 26 23 25
18 27 18 29 19 29 19 27
32 26 33 25 34 26 33 27
32 30 35 33 34 34 31 31
33 30 32 30 32 29 33 29
33 33 33 30 35 30 35 33
34 31 30 35 29 34 33 30
37 34 34 31 35 30 38 33
38 34 37 34 37 33 38 33
42 38 40 40 36 36 38 34
16 34 17 35 21 31 20 30
11 35 13 37 16 34 14 32
40 33 36 29 37 28 41 32
22 39 23 40 26 37 25 36
21 35 21 39 22 39 22 35
24 39 27 39 27 38 24 38
20 35 17 35 17 31 20 31
31 34 34 34 34 31 31 31
28 13 25 16 26 17 29 14
27 13 28 13 28 17 27 17
26 14 27 13 30 16 29 17
25 13 26 14 24 16 23 15
24 13 25 13 25 16 24 16
25 12 29 16 28 17 24 13
27 12 27 13 25 13 25 12
41 27 40 28 36 24 37 23
41 28 40 28 40 27 41 27
12 26 15 26 15 30 12 30
26 16 26 14 29 14 29 16
37 39 34 36 36 34 39 37
38 40 38 39 37 39 37 40
35 36 38 39 37 40 34 37
18 36 15 39 14 38 17 35
13 13 13 17 17 17 17 13
15 11 17 13 15 15 13 13
15 16 15 19 14 19 14 16
18 15 18 16 15 16 15 15
17 16 18 15 19 16 18 17
14 17 15 16 17 18 16 19
21 29 27 29 27 30 21 30
23 27 24 27 24 33 23 33
27 40 22 35 24 33 29 38
23 36 18 36 18 33 23 33
39 27 38 27 38 21 39 21
41 30 41 32 36 32 36 30
44 33 41 36 38 33 41 30
44 40 40 40 40 33 44 33
42 34 41 35 36 30 37 29
38 38 42 38 42 34 38 34
20 33 22 35 17 40 15 38
33 36 32 35 40 27 41 28
33 38 32 37 33 36 34 37
11 37 15 41 21 35 17 31
13 35 13 37 11 37 11 35
