best-score: 753506
count: 6
elapsed-time: 4.807
146
23 22 24 23 23 24 22 23
24 21 24 22 23 22 23 21
22 21 23 22 24 21 23 20
22 20 23 20 23 21 22 21
21 19 22 20 21 21 20 20
21 20 20 20 20 19 21 19
20 21 21 20 22 21 21 22
20 22 20 21 21 21 21 22
20 18 21 19 22 18 21 17
21 18 20 18 20 17 21 17
22 19 22 18 21 18 21 19
19 18 20 17 21 18 20 19
19 19 19 18 20 18 20 19
19 17 18 18 19 19 20 18
18 17 19 17 19 18 18 18
17 17 16 18 17 19 18 18
26 25 25 26 24 25 25 24
33 16 32 17 31 16 32 15
27 10 28 10 28 11 27 11
28 30 29 29 30 30 29 31
29 30 29 31 28 31 28 30
30 29 30 30 29 30 29 29
15 31 15 32 14 32 14 31
32 11 32 12 31 12 31 11
21 24 21 22 23 22 23 24
20 23 21 22 22 23 21 24
24 17 22 19 23 20 25 18
22 25 22 23 24 23 24 25
23 26 22 25 23 24 24 25
25 27 25 26 23 26 23 27
15 22 16 22 16 24 15 24
14 20 14 22 15 22 15 20
11 19 13 21 14 20 12 18
17 23 19 25 18 26 16 24
26 17 25 18 27 20 28 19
27 15 27 17 26 17 26 15
28 14 30 16 29 17 27 15
28 16 28 14 30 14 30 16
17 15 17 17 18 17 18 15
12 24 14 26 16 24 14 22
19 29 17 29 17 28 19 28
21 31 20 32 18 30 19 29
21 32 20 32 20 31 21 31
21 30 20 31 21 32 22 31
22 30 22 31 21 31 21 30
16 32 15 31 17 29 18 30
27 12 25 12 25 11 27 11
28 13 27 12 28 11 29 12
26 14 28 14 28 13 26 13
14 13 15 14 13 16 12 15
13 11 13 13 14 13 14 11
26 11 25 12 26 13 27 12
27 31 27 32 25 32 25 31
25 29 26 28 28 30 27 31
24 31 25 31 25 29 24 29
34 16 32 18 30 16 32 14
14 30 12 32 10 30 12 28
12 30 14 30 14 31 12 31
29 13 31 11 32 12 30 14
28 12 28 13 29 13 29 12
25 13 26 14 28 12 27 11
12 14 12 15 10 15 10 14
30 28 32 28 32 29 30 29
31 29 30 28 31 27 32 28
31 31 30 30 31 29 32 30
32 32 32 30 30 30 30 32
31 33 30 32 31 31 32 32
29 33 29 31 31 31 31 33
28 32 29 31 30 32 29 33
12 29 12 30 10 30 10 29
12 33 10 31 12 29 14 31
14 33 12 33 12 32 14 32
10 32 12 32 12 31 10 31
12 34 10 32 12 30 14 32
26 16 22 20 23 21 27 17
25 15 26 14 27 15 26 16
21 15 21 13 25 13 25 15
19 13 21 15 19 17 17 15
20 13 20 17 19 17 19 13
15 12 18 15 20 13 17 10
12 12 15 12 15 14 12 14
14 12 13 13 12 12 13 11
17 22 20 22 20 23 17 23
13 22 15 24 17 22 15 20
13 26 13 22 14 22 14 26
15 28 12 31 10 29 13 26
15 29 12 29 12 28 15 28
16 28 15 29 13 27 14 26
17 24 17 28 16 28 16 24
13 28 11 26 15 22 17 24
18 27 21 24 22 25 19 28
14 27 14 26 18 26 18 27
26 21 24 21 24 17 26 17
27 22 25 24 24 23 26 21
27 23 24 23 24 22 27 22
35 23 31 27 27 23 31 19
20 26 19 25 23 21 24 22
25 16 25 18 22 18 22 16
27 16 26 17 25 16 26 15
16 19 16 22 17 22 17 19
12 19 12 18 16 18 16 19
17 20 16 19 18 17 19 18
30 21 30 25 26 25 26 21
34 25 30 29 26 25 30 21
24 12 21 15 22 16 25 13
21 25 21 28 19 28 19 25
29 20 27 20 27 17 29 17
33 18 30 21 29 20 32 17
34 18 33 18 33 16 34 16
26 29 24 31 21 28 23 26
27 28 29 30 28 31 26 29
27 29 26 29 26 28 27 28
24 28 24 25 26 25 26 28
21 29 24 29 24 28 21 28
19 30 21 30 21 29 19 29
12 17 13 16 16 19 15 20
12 16 13 16 13 17 12 17
11 17 12 16 13 17 12 18
11 18 11 17 12 17 12 18
9 16 10 15 12 17 11 18
21 12 20 13 24 17 25 16
20 12 21 12 21 13 20 13
17 9 20 12 19 13 16 10
16 9 17 9 17 10 16 10
19 27 17 29 16 28 18 26
22 28 21 29 19 27 20 26
23 29 22 28 23 27 24 28
24 32 22 30 23 29 25 31
22 32 22 31 24 31 24 32
14 25 17 28 18 27 15 24
18 29 15 32 14 31 17 28
20 29 19 30 18 29 19 28
25 34 22 31 24 29 27 32
24 34 24 32 25 32 25 34
25 35 24 34 27 31 28 32
29 15 32 15 32 17 29 17
30 19 30 16 31 16 31 19
17 31 15 31 15 29 17 29
11 27 13 27 13 26 11 26
12 26 13 27 12 28 11 27
13 12 14 13 15 12 14 11
26 26 25 27 20 22 21 21
27 25 30 28 29 29 26 26
32 24 25 24 25 18 32 18
11 24 12 24 12 19 11 19
12 23 14 25 13 26 11 24
