best-score: 837471
count: 2
elapsed-time: 4.817
316
19 22 20 23 21 22 20 21
21 20 22 19 23 20 22 21
20 19 21 20 20 21 19 20
20 22 20 23 21 23 21 22
19 21 19 22 20 22 20 21
19 23 18 22 19 21 20 22
18 23 18 22 19 22 19 23
17 22 18 21 19 22 18 23
17 21 18 21 18 22 17 22
15 21 16 22 17 21 16 20
16 21 16 22 15 22 15 21
16 23 15 22 16 21 17 22
17 23 16 23 16 22 17 22
18 24 18 23 17 23 17 24
19 25 18 26 17 25 18 24
20 25 20 26 19 26 19 25
21 26 20 27 19 26 20 25
21 27 20 27 20 26 21 26
21 25 20 26 21 27 22 26
22 25 22 26 21 26 21 25
18 20 19 20 19 21 18 21
24 20 23 20 23 19 24 19
24 18 23 19 24 20 25 19
25 18 25 19 24 19 24 18
25 20 24 19 25 18 26 19
26 20 25 20 25 19 26 19
26 18 25 19 26 20 27 19
27 18 27 19 26 19 26 18
28 17 29 18 28 19 27 18
27 17 28 17 28 18 27 18
29 17 28 18 27 17 28 16
20 24 21 23 22 24 21 25
19 24 19 23 20 23 20 24
18 25 19 25 19 24 18 24
17 26 18 26 18 25 17 25
18 27 17 26 18 25 19 26
19 28 19 27 18 27 18 28
23 21 24 20 25 21 24 22
22 20 22 21 23 21 23 20
21 19 21 20 22 20 22 19
22 18 23 19 22 20 21 19
23 17 22 18 21 17 22 16
25 17 24 18 23 17 24 16
26 16 27 17 26 18 25 17
26 14 25 15 26 16 27 15
26 15 25 15 25 14 26 14
24 15 25 16 26 15 25 14
24 21 24 20 25 20 25 21
23 22 24 22 24 21 23 21
22 23 21 22 22 21 23 22
21 24 22 24 22 23 21 23
23 24 22 25 21 24 22 23
23 25 22 25 22 24 23 24
23 18 23 19 22 19 22 18
24 17 24 18 23 18 23 17
26 17 25 18 24 17 25 16
27 16 27 17 26 17 26 16
29 16 28 17 27 16 28 15
21 18 21 19 20 19 20 18
22 17 23 18 22 19 21 18
23 16 23 17 22 17 22 16
23 15 24 15 24 16 23 16
24 14 25 15 24 16 23 15
19 17 20 18 21 17 20 16
17 20 17 21 16 21 16 20
18 19 19 20 18 21 17 20
17 19 18 19 18 20 17 20
24 23 25 24 24 25 23 24
25 22 24 23 23 22 24 21
26 21 27 22 26 23 25 22
26 22 25 22 25 21 26 21
27 21 26 22 25 21 26 20
28 22 27 21 28 20 29 21
27 20 27 21 26 21 26 20
28 21 27 20 28 19 29 20
29 22 29 21 28 21 28 22
28 23 27 22 28 21 29 22
27 23 27 22 28 22 28 23
16 24 17 24 17 25 16 25
15 23 16 22 17 23 16 24
15 24 15 23 16 23 16 24
14 23 15 24 14 25 13 24
14 22 15 22 15 23 14 23
13 21 14 22 13 23 12 22
18 17 17 18 16 17 17 16
21 14 20 15 19 14 20 13
17 27 18 26 19 27 18 28
29 19 28 20 27 19 28 18
30 20 30 21 29 21 29 20
16 26 15 25 16 24 17 25
15 26 15 25 16 25 16 26
16 27 15 26 16 25 17 26
30 19 29 20 30 21 31 20
31 19 31 20 30 20 30 19
30 18 31 19 30 20 29 19
30 16 29 17 30 18 31 17
30 17 29 17 29 16 30 16
31 18 31 17 30 17 30 18
32 18 32 19 31 19 31 18
33 19 32 20 31 19 32 18
33 20 32 20 32 19 33 19
32 21 31 20 32 19 33 20
31 21 31 20 32 20 32 21
30 22 29 21 30 20 31 21
31 22 30 22 30 21 31 21
30 23 29 22 30 21 31 22
29 23 29 22 30 22 30 23
28 24 27 23 28 22 29 23
29 24 29 25 28 25 28 24
31 24 30 25 29 24 30 23
31 25 30 25 30 24 31 24
30 26 31 25 32 26 31 27
30 27 30 26 31 26 31 27
29 28 28 27 29 26 30 27
29 27 30 27 30 28 29 28
28 26 29 25 30 26 29 27
20 14 19 14 19 13 20 13
21 15 21 14 20 14 20 15
19 15 20 16 21 15 20 14
19 16 19 15 20 15 20 16
18 16 19 16 19 17 18 17
17 15 18 14 19 15 18 16
18 15 18 16 17 16 17 15
16 15 17 16 18 15 17 14
16 14 17 14 17 15 16 15
16 16 15 15 16 14 17 15
17 17 17 16 16 16 16 17
18 18 17 17 18 16 19 17
19 19 18 20 17 19 18 18
20 20 19 19 20 18 21 19
21 21 21 20 20 20 20 21
22 22 22 21 21 21 21 22
23 23 23 22 22 22 22 23
24 24 23 25 22 24 23 23
25 25 25 24 24 24 24 25
27 24 28 23 29 24 28 25
26 25 25 24 26 23 27 24
14 24 13 24 13 23 14 23
13 25 12 24 13 23 14 24
13 26 13 25 14 25 14 26
14 27 13 26 14 25 15 26
15 27 14 27 14 26 15 26
16 28 15 27 16 26 17 27
15 28 15 27 16 27 16 28
17 28 16 29 15 28 16 27
18 29 17 28 18 27 19 28
17 29 17 28 18 28 18 29
15 29 16 30 17 29 16 28
14 29 14 28 15 28 15 29
13 28 14 27 15 28 14 29
12 27 13 28 12 29 11 28
13 27 12 27 12 26 13 26
12 28 13 27 14 28 13 29
11 27 11 28 12 28 12 27
10 28 11 27 12 28 11 29
10 29 10 28 11 28 11 29
22 12 21 12 21 11 22 11
16 18 15 17 16 16 17 17
15 18 15 17 16 17 16 18
13 22 13 23 12 23 12 22
14 21 15 22 14 23 13 22
15 16 15 15 16 15 16 16
14 17 15 16 16 17 15 18
14 16 15 16 15 17 14 17
14 14 13 15 14 16 15 15
15 13 14 14 13 13 14 12
17 13 16 14 15 13 16 12
18 12 19 13 18 14 17 13
31 23 30 24 29 23 30 22
11 24 12 24 12 23 11 23
12 25 11 24 12 23 13 24
11 26 12 25 13 26 12 27
11 25 12 25 12 26 11 26
10 26 11 25 12 26 11 27
10 27 10 26 11 26 11 27
9 28 10 27 11 28 10 29
9 27 10 27 10 28 9 28
18 13 18 14 17 14 17 13
19 12 19 13 18 13 18 12
17 12 18 13 19 12 18 11
16 13 17 13 17 12 16 12
15 14 16 14 16 13 15 13
14 15 15 14 16 15 15 16
13 16 14 16 14 15 13 15
20 11 21 12 20 13 19 12
27 28 26 29 25 28 26 27
27 29 27 28 28 28 28 29
17 11 17 12 18 12 18 11
17 30 16 30 16 29 17 29
16 31 15 30 16 29 17 30
15 31 15 30 16 30 16 31
17 31 16 32 15 31 16 30
17 32 16 32 16 31 17 31
10 24 11 23 12 24 11 25
10 25 10 24 11 24 11 25
9 26 10 25 11 26 10 27
9 25 10 25 10 26 9 26
8 26 9 25 10 26 9 27
8 27 8 26 9 26 9 27
29 15 28 16 27 15 28 14
27 14 28 14 28 15 27 15
28 13 29 14 28 15 27 14
29 13 29 14 28 14 28 13
24 12 24 11 25 11 25 12
25 13 24 12 25 11 26 12
24 13 25 13 25 14 24 14
26 13 25 14 24 13 25 12
27 13 27 14 26 14 26 13
28 12 29 13 28 14 27 13
27 12 28 12 28 13 27 13
11 15 12 14 13 15 12 16
29 29 28 28 29 27 30 28
28 30 29 29 30 30 29 31
26 30 27 31 28 30 27 29
27 30 26 30 26 29 27 29
29 30 28 31 27 30 28 29
30 31 30 30 29 30 29 31
30 15 29 14 30 13 31 14
31 16 30 17 29 16 30 15
31 29 30 28 31 27 32 28
32 13 32 14 31 14 31 13
33 14 32 15 31 14 32 13
33 15 32 15 32 14 33 14
25 23 25 22 24 22 24 23
26 24 25 25 24 24 25 23
27 25 27 24 26 24 26 25
27 26 27 25 28 25 28 26
25 26 26 27 27 26 26 25
26 26 25 26 25 25 26 25
27 27 27 26 26 26 26 27
26 28 27 27 28 28 27 29
25 29 26 29 26 28 25 28
19 18 19 19 18 19 18 18
20 17 21 18 20 19 19 18
21 16 21 17 20 17 20 16
22 15 22 16 21 16 21 15
23 14 24 15 23 16 22 15
22 14 23 14 23 15 22 15
15 19 16 18 17 19 16 20
16 19 16 18 17 18 17 19
15 20 16 19 17 20 16 21
14 19 15 20 14 21 13 20
14 20 14 19 15 19 15 20
31 15 31 16 30 16 30 15
30 14 31 15 30 16 29 15
30 12 29 13 30 14 31 13
29 12 30 12 30 13 29 13
28 11 29 12 28 13 27 12
29 11 29 12 28 12 28 11
30 10 31 11 30 12 29 11
32 16 31 15 32 14 33 15
32 17 31 17 31 16 32 16
33 16 32 17 31 16 32 15
33 18 32 19 31 18 32 17
33 17 32 18 31 17 32 16
24 27 23 28 21 26 22 25
23 27 23 25 24 25 24 27
24 26 26 28 25 29 23 27
21 28 21 27 23 27 23 28
20 29 19 28 20 27 21 28
18 30 20 30 20 29 18 29
18 31 17 31 17 30 18 30
18 33 17 32 18 31 19 32
11 20 13 22 12 23 10 21
11 21 11 20 13 20 13 21
10 23 11 23 11 21 10 21
9 24 10 23 11 24 10 25
9 23 10 23 10 24 9 24
8 24 9 23 10 24 9 25
8 25 8 24 9 24 9 25
7 26 8 25 9 26 8 27
7 25 8 25 8 26 7 26
21 30 21 32 20 32 20 30
25 30 23 32 21 30 23 28
26 31 25 30 26 29 27 30
25 31 25 30 26 30 26 31
24 30 25 29 26 30 25 31
24 29 25 29 25 30 24 30
10 22 11 23 12 22 11 21
23 31 22 30 23 29 24 30
24 31 24 32 23 32 23 31
22 13 22 12 24 12 24 13
23 12 24 13 23 14 22 13
23 10 22 11 23 12 24 11
24 28 24 29 23 29 23 28
25 27 25 28 24 28 24 27
19 29 18 30 17 29 18 28
22 28 20 30 19 29 21 27
19 30 18 31 17 30 18 29
20 31 19 30 20 29 21 30
20 33 19 32 20 31 21 32
19 33 19 32 20 32 20 33
14 11 16 13 17 12 15 10
16 11 16 12 14 12 14 11
12 18 10 18 10 16 12 16
13 19 12 18 14 16 15 17
12 20 13 19 14 20 13 21
9 19 11 21 12 20 10 18
9 18 10 18 10 19 9 19
12 12 12 14 14 14 14 12
11 13 12 12 13 13 12 14
10 15 11 15 11 13 10 13
32 30 32 28 30 28 30 30
31 31 30 30 31 29 32 30
21 13 22 13 22 14 21 14
20 12 21 11 22 12 21 13
19 11 19 12 20 12 20 11
18 10 19 11 18 12 17 11
19 10 19 11 18 11 18 10
13 17 13 19 14 19 14 17
11 12 14 15 13 16 10 13
13 10 13 13 15 13 15 10
12 34 10 32 13 29 15 31
10 34 10 32 12 32 12 34
13 32 13 29 12 29 12 32
12 31 14 29 15 30 13 32
