best-score: 820166
count: 1
elapsed-time: 5.026
511
27 29 26 28 27 27 28 28
28 29 28 30 27 30 27 29
27 28 28 29 27 30 26 29
26 27 26 28 27 28 27 27
28 32 27 31 28 30 29 31
26 31 27 31 27 30 26 30
25 31 26 30 27 31 26 32
25 32 25 31 26 31 26 32
30 26 30 25 31 25 31 26
29 25 30 24 31 25 30 26
29 24 30 24 30 25 29 25
30 23 31 24 30 25 29 24
30 22 31 22 31 23 30 23
31 21 32 22 31 23 30 22
32 21 32 22 31 22 31 21
33 21 32 21 32 20 33 20
28 20 27 21 28 22 29 21
29 20 29 21 28 21 28 20
21 29 20 28 21 27 22 28
20 29 20 28 21 28 21 29
19 28 20 29 19 30 18 29
20 27 19 28 18 27 19 26
19 27 20 27 20 28 19 28
18 28 17 27 18 26 19 27
19 29 19 28 18 28 18 29
18 30 19 29 20 30 19 31
16 30 17 31 18 30 17 29
17 30 17 31 16 31 16 30
17 32 16 31 17 30 18 31
18 32 17 32 17 31 18 31
32 24 31 25 32 26 33 25
33 24 33 25 32 25 32 24
32 23 33 24 32 25 31 24
33 22 32 23 31 22 32 21
33 23 32 23 32 22 33 22
34 22 33 23 32 22 33 21
35 21 36 22 35 23 34 22
34 21 35 21 35 22 34 22
34 23 33 22 34 21 35 22
34 24 34 23 35 23 35 24
34 26 33 25 34 24 35 25
34 25 35 25 35 26 34 26
36 25 35 26 34 25 35 24
37 24 37 25 36 25 36 24
27 22 28 22 28 21 27 21
31 34 30 33 31 32 32 33
32 34 32 35 31 35 31 34
22 27 22 28 21 28 21 27
21 26 22 27 21 28 20 27
20 26 21 26 21 27 20 27
21 25 20 26 19 25 20 24
22 26 22 25 21 25 21 26
35 31 35 30 34 30 34 31
36 30 37 31 36 32 35 31
36 29 36 30 35 30 35 29
34 29 35 30 36 29 35 28
34 28 35 28 35 29 34 29
33 29 34 28 35 29 34 30
33 30 33 29 34 29 34 30
31 33 32 33 32 32 31 32
33 33 32 34 31 33 32 32
34 34 33 33 34 32 35 33
21 30 22 30 22 31 21 31
22 29 21 30 20 29 21 28
23 29 22 29 22 28 23 28
24 30 23 31 22 30 23 29
33 34 33 33 32 33 32 34
33 35 33 34 34 34 34 35
32 36 31 35 32 34 33 35
31 37 32 36 33 37 32 38
30 38 29 37 30 36 31 37
29 38 29 37 30 37 30 38
31 38 30 39 29 38 30 37
32 37 32 38 31 38 31 37
33 36 33 37 32 37 32 36
36 31 35 32 34 31 35 30
37 30 37 31 36 31 36 30
38 31 37 32 36 31 37 30
38 32 37 32 37 31 38 31
39 32 39 33 38 33 38 32
39 34 38 33 39 32 40 33
40 34 39 34 39 33 40 33
41 35 40 36 39 35 40 34
40 35 41 35 41 36 40 36
41 34 42 35 41 36 40 35
42 34 42 35 41 35 41 34
43 35 42 36 41 35 42 34
43 36 42 36 42 35 43 35
30 34 30 33 31 33 31 34
29 35 30 34 31 35 30 36
30 35 31 35 31 36 30 36
29 36 30 35 31 36 30 37
30 20 31 19 32 20 31 21
33 31 34 32 35 31 34 30
33 32 33 31 34 31 34 32
34 33 33 34 32 33 33 32
35 34 35 33 34 33 34 34
36 33 35 34 34 33 35 32
37 34 36 33 37 32 38 33
38 34 37 34 37 33 38 33
38 35 38 34 39 34 39 35
39 36 38 35 39 34 40 35
36 26 35 25 36 24 37 25
20 31 19 31 19 30 20 30
21 32 20 31 21 30 22 31
20 32 20 31 21 31 21 32
19 33 18 32 19 31 20 32
22 32 21 33 20 32 21 31
22 33 21 33 21 32 22 32
21 34 22 33 23 34 22 35
17 28 17 27 18 27 18 28
16 29 17 28 18 29 17 30
16 28 17 28 17 29 16 29
19 32 18 31 19 30 20 31
18 33 19 33 19 32 18 32
17 26 16 27 17 28 18 27
16 26 17 26 17 27 16 27
15 27 16 26 17 27 16 28
15 28 15 27 16 27 16 28
15 26 14 27 15 28 16 27
14 26 15 26 15 27 14 27
38 27 39 26 40 27 39 28
20 25 20 26 19 26 19 25
21 24 21 25 20 25 20 24
22 34 23 34 23 35 22 35
21 35 22 34 23 35 22 36
36 34 35 33 36 32 37 33
36 23 35 23 35 22 36 22
38 23 37 24 36 23 37 22
39 23 38 23 38 22 39 22
38 24 37 23 38 22 39 23
38 30 39 31 38 32 37 31
39 30 39 31 38 31 38 30
40 29 40 30 39 30 39 29
38 29 39 30 40 29 39 28
38 28 39 28 39 29 38 29
37 29 38 28 39 29 38 30
36 28 37 29 36 30 35 29
37 28 37 29 36 29 36 28
37 27 38 27 38 28 37 28
35 27 36 28 37 27 36 26
36 27 36 28 35 28 35 27
34 27 35 28 36 27 35 26
40 31 39 32 38 31 39 30
42 27 41 28 40 27 41 26
42 28 41 28 41 27 42 27
41 31 40 32 39 31 40 30
41 32 40 32 40 31 41 31
42 33 41 34 40 33 41 32
29 43 28 42 29 41 30 42
33 39 32 40 31 39 32 38
40 26 40 27 41 27 41 26
39 24 38 23 39 22 40 23
40 24 39 24 39 23 40 23
41 23 40 24 39 23 40 22
16 25 16 26 15 26 15 25
24 17 23 18 22 17 23 16
24 18 23 18 23 17 24 17
25 17 24 18 23 17 24 16
26 16 27 17 26 18 25 17
25 16 25 17 24 17 24 16
25 15 26 15 26 16 25 16
23 15 24 16 25 15 24 14
22 15 23 15 23 16 22 16
24 15 23 16 22 15 23 14
25 14 25 15 24 15 24 14
26 13 27 14 26 15 25 14
31 43 30 42 31 41 32 42
37 20 36 20 36 19 37 19
21 38 22 38 22 39 21 39
20 39 21 38 22 39 21 40
20 40 20 39 21 39 21 40
22 40 21 41 20 40 21 39
23 40 23 41 22 41 22 40
25 40 24 41 23 40 24 39
25 41 25 40 26 40 26 41
27 41 26 42 25 41 26 40
27 42 26 42 26 41 27 41
37 21 38 20 39 21 38 22
38 21 37 21 37 20 38 20
36 21 37 22 38 21 37 20
35 20 35 21 36 21 36 20
34 19 35 18 36 19 35 20
25 42 25 41 24 41 24 42
26 43 25 42 26 41 27 42
25 43 25 42 26 42 26 43
36 18 35 18 35 17 36 17
35 19 36 18 37 19 36 20
34 20 35 20 35 19 34 19
33 19 34 20 33 21 32 20
42 32 42 33 41 33 41 32
43 33 42 34 41 33 42 32
43 34 42 34 42 33 43 33
44 35 43 36 42 35 43 34
41 22 41 23 40 23 40 22
42 22 41 22 41 21 42 21
43 21 42 22 41 21 42 20
40 21 40 22 39 22 39 21
39 20 40 21 39 22 38 21
38 19 38 20 39 20 39 19
37 18 38 19 37 20 36 19
38 18 38 19 37 19 37 18
21 17 21 16 22 16 22 17
20 16 21 15 22 16 21 17
22 37 21 38 20 37 21 36
21 37 21 36 22 36 22 37
20 38 21 38 21 37 20 37
20 36 19 37 20 38 21 37
19 36 20 36 20 37 19 37
19 38 18 37 19 36 20 37
19 39 19 38 20 38 20 39
18 38 19 38 19 37 18 37
17 39 16 38 17 37 18 38
18 39 17 39 17 38 18 38
19 40 18 39 19 38 20 39
19 41 19 40 20 40 20 41
18 40 19 39 20 40 19 41
17 41 16 40 17 39 18 40
24 40 23 41 24 42 25 41
23 39 23 40 24 40 24 39
19 19 18 20 17 19 18 18
19 20 18 20 18 19 19 19
17 20 18 21 19 20 18 19
17 21 17 20 18 20 18 21
41 20 40 21 41 22 42 21
15 36 14 35 15 34 16 35
21 42 20 41 21 40 22 41
20 42 20 41 21 41 21 42
21 14 20 15 21 16 22 15
22 14 22 15 21 15 21 14
21 13 22 14 21 15 20 14
20 13 21 13 21 14 20 14
17 18 17 19 18 19 18 18
37 40 37 39 38 39 38 40
36 41 37 41 37 40 36 40
37 42 36 41 37 40 38 41
38 42 37 42 37 41 38 41
37 43 36 42 37 41 38 42
36 43 36 42 37 42 37 43
16 37 17 37 17 38 16 38
17 36 18 37 17 38 16 37
18 36 18 37 17 37 17 36
19 35 18 36 17 35 18 34
18 35 19 35 19 36 18 36
17 34 18 35 17 36 16 35
17 33 18 33 18 34 17 34
16 32 17 31 18 32 17 33
15 31 15 32 16 32 16 31
15 29 14 30 15 31 16 30
15 30 15 29 16 29 16 30
14 31 15 31 15 30 14 30
35 14 36 14 36 15 35 15
43 20 43 21 42 21 42 20
44 34 44 35 43 35 43 34
18 41 19 40 20 41 19 42
17 40 17 41 18 41 18 40
16 39 16 40 17 40 17 39
16 36 16 37 15 37 15 36
18 42 19 42 19 41 18 41
19 43 18 42 19 41 20 42
20 43 19 43 19 42 20 42
38 38 39 39 38 40 37 39
39 38 39 39 38 39 38 38
40 37 39 38 38 37 39 36
39 37 39 36 40 36 40 37
38 36 39 37 38 38 37 37
37 35 38 34 39 35 38 36
36 35 36 34 37 34 37 35
35 36 34 35 35 34 36 35
15 39 14 38 15 37 16 38
15 41 14 40 15 39 16 40
15 38 16 38 16 39 15 39
14 37 15 36 16 37 15 38
38 15 39 14 40 15 39 16
39 15 39 16 38 16 38 15
39 17 38 16 39 15 40 16
40 18 39 19 38 18 39 17
41 16 40 16 40 15 41 15
42 15 41 16 40 15 41 14
17 43 16 42 17 41 18 42
42 14 42 15 41 15 41 14
41 13 42 14 41 15 40 14
40 13 41 13 41 14 40 14
28 26 27 25 28 24 29 25
33 27 34 26 35 27 34 28
33 26 34 26 34 27 33 27
32 27 31 26 32 25 33 26
31 27 31 26 32 26 32 27
32 28 31 27 32 26 33 27
33 28 32 28 32 27 33 27
32 29 33 28 34 29 33 30
32 31 33 30 34 31 33 32
32 30 33 30 33 31 32 31
31 29 32 28 33 29 32 30
31 30 31 29 32 29 32 30
30 31 31 30 32 31 31 32
29 34 30 34 30 35 29 35
31 31 32 30 33 31 32 32
30 30 30 31 31 31 31 30
30 32 29 31 30 30 31 31
29 32 29 31 30 31 30 32
28 33 29 32 30 33 29 34
27 32 27 33 28 33 28 32
28 31 27 32 26 31 27 30
29 30 30 31 29 32 28 31
23 32 22 32 22 31 23 31
24 31 25 32 24 33 23 32
23 30 23 31 24 31 24 30
24 29 23 30 22 29 23 28
37 26 37 27 36 27 36 26
38 25 37 26 36 25 37 24
38 26 37 26 37 25 38 25
39 25 38 26 37 25 38 24
41 25 40 26 39 25 40 24
42 26 42 25 41 25 41 26
43 27 42 28 41 27 42 26
30 19 30 20 29 20 29 19
39 27 38 28 37 27 38 26
40 28 39 27 40 26 41 27
41 29 41 28 40 28 40 29
40 25 39 26 38 25 39 24
41 24 42 25 41 26 40 25
42 23 41 24 40 23 41 22
42 24 41 24 41 23 42 23
43 23 42 24 41 23 42 22
14 29 15 30 16 29 15 28
14 28 15 28 15 29 14 29
13 27 14 26 15 27 14 28
13 28 13 27 14 27 14 28
23 37 22 38 21 37 22 36
23 38 22 38 22 37 23 37
20 34 21 35 20 36 19 35
20 35 20 34 21 34 21 35
19 34 20 35 19 36 18 35
20 33 20 34 19 34 19 33
37 36 36 35 37 34 38 35
16 33 17 32 18 33 17 34
14 33 15 34 16 33 15 32
43 26 43 27 42 27 42 26
43 25 42 26 41 25 42 24
16 34 17 34 17 35 16 35
15 33 15 34 16 34 16 33
14 32 15 31 16 32 15 33
43 24 43 25 42 25 42 24
44 25 43 26 42 25 43 24
44 26 43 26 43 25 44 25
37 38 37 37 38 37 38 38
36 39 37 38 38 39 37 40
36 38 37 38 37 39 36 39
35 39 36 38 37 39 36 40
35 40 35 39 36 39 36 40
35 42 34 41 35 40 36 41
35 41 36 41 36 42 35 42
34 40 34 41 35 41 35 40
34 38 33 39 34 40 35 39
34 36 33 37 34 38 35 37
35 35 34 36 33 35 34 34
36 36 36 35 35 35 35 36
36 37 36 36 37 36 37 37
35 38 36 38 36 37 35 37
34 37 35 36 36 37 35 38
33 38 34 38 34 37 33 37
32 39 33 39 33 38 32 38
31 40 32 40 32 39 31 39
34 39 34 38 35 38 35 39
33 40 32 39 33 38 34 39
15 35 16 36 17 35 16 34
14 36 15 36 15 35 14 35
43 22 43 23 42 23 42 22
44 23 43 24 42 23 43 22
44 24 43 24 43 23 44 23
45 25 44 26 43 25 44 24
45 24 45 25 44 25 44 24
44 21 43 22 42 21 43 20
44 22 43 22 43 21 44 21
45 23 44 24 43 23 44 22
45 22 45 23 44 23 44 22
46 23 45 24 44 23 45 22
46 24 45 24 45 23 46 23
40 17 39 17 39 16 40 16
29 29 30 28 31 29 30 30
30 29 30 30 29 30 29 29
31 28 32 29 31 30 30 29
30 27 30 28 31 28 31 27
29 26 30 25 31 26 30 27
28 25 28 26 29 26 29 25
27 24 27 25 28 25 28 24
28 23 29 24 28 25 27 24
29 22 28 23 27 22 28 21
30 21 31 22 30 23 29 22
31 20 31 21 30 21 30 20
32 19 32 20 31 20 31 19
33 18 34 19 33 20 32 19
34 18 34 19 33 19 33 18
29 28 28 29 29 30 30 29
29 27 29 26 30 26 30 27
28 27 29 27 29 28 28 28
27 26 27 27 28 27 28 26
29 23 29 24 28 24 28 23
27 23 28 24 29 23 28 22
29 33 30 32 31 33 30 34
28 34 27 33 28 32 29 33
31 18 30 19 31 20 32 19
30 18 31 18 31 19 30 19
24 28 26 28 26 29 24 29
23 27 24 28 23 29 22 28
24 27 24 28 23 28 23 27
23 26 24 27 23 28 22 27
25 34 26 35 28 33 27 32
24 35 23 34 24 33 25 34
24 37 23 37 23 35 24 35
25 38 24 39 23 38 24 37
27 37 26 36 28 34 29 35
27 36 29 36 29 37 27 37
27 40 25 38 27 36 29 38
29 40 29 41 27 41 27 40
30 41 29 40 30 39 31 40
30 40 31 40 31 41 30 41
29 39 30 38 31 39 30 40
28 39 28 38 29 38 29 39
25 25 23 27 22 26 24 24
25 26 25 25 27 25 27 26
25 28 24 27 25 26 26 27
25 30 24 29 25 28 26 29
27 35 27 36 26 36 26 35
26 33 26 35 24 35 24 33
25 39 26 40 28 38 27 37
24 38 25 39 24 40 23 39
25 37 25 38 24 38 24 37
24 36 25 37 24 38 23 37
32 16 30 18 28 16 30 14
33 15 35 17 34 18 32 16
33 17 33 15 35 15 35 17
31 17 33 17 33 18 31 18
28 18 26 18 26 16 28 16
27 19 28 18 29 19 28 20
25 19 25 17 27 17 27 19
22 20 23 21 25 19 24 18
23 20 23 21 22 21 22 20
29 42 29 41 30 41 30 42
28 43 29 43 29 42 28 42
28 41 27 42 28 43 29 42
33 42 33 40 32 40 32 42
32 41 33 40 34 41 33 42
17 22 16 23 14 21 15 20
17 23 16 23 16 22 17 22
14 24 15 25 17 23 16 22
37 15 35 17 36 18 38 16
37 17 36 17 36 15 37 15
33 43 32 42 34 40 35 41
35 43 33 43 33 42 35 42
15 19 15 20 17 20 17 19
14 20 15 19 17 21 16 22
15 21 15 20 14 20 14 21
41 18 39 20 38 19 40 17
42 18 42 20 41 20 41 18
43 17 42 18 40 16 41 15
20 18 18 18 18 16 20 16
21 21 19 19 20 18 22 20
43 38 42 39 40 37 41 36
41 17 41 18 40 18 40 17
43 16 43 17 41 17 41 16
45 18 43 20 41 18 43 16
15 43 17 43 17 41 15 41
14 42 15 41 16 42 15 43
26 20 25 19 26 18 27 19
24 20 24 18 26 18 26 20
26 24 26 27 24 27 24 24
26 23 27 23 27 24 26 24
25 22 26 23 23 26 22 25
22 22 25 22 25 25 22 25
25 23 24 24 22 22 23 21
26 22 27 23 26 24 25 23
25 21 26 20 27 21 26 22
26 21 26 22 25 22 25 21
24 19 26 21 25 22 23 20
26 26 25 25 26 24 27 25
27 20 27 21 26 21 26 20
28 19 27 20 24 17 25 16
29 18 30 19 29 20 28 19
29 14 30 14 30 18 29 18
26 37 27 37 27 40 26 40
25 36 25 37 26 37 26 36
23 36 24 37 25 36 24 35
19 23 20 24 22 22 21 21
17 25 19 25 19 23 17 23
18 24 19 25 18 26 17 25
18 22 17 23 18 24 19 23
20 22 20 24 18 24 18 22
31 10 27 14 31 18 35 14
21 22 22 22 22 21 21 21
20 19 19 20 21 22 22 21
19 18 21 16 22 17 20 19
18 17 19 18 18 19 17 18
23 19 20 19 20 18 23 18
19 21 18 22 17 21 18 20
21 20 21 21 19 21 19 20
17 13 15 15 18 18 20 16
41 39 41 36 42 36 42 39
39 41 41 41 41 39 39 39
40 40 41 41 40 42 39 41
40 38 39 39 40 40 41 39
41 37 40 38 39 37 40 36
17 15 17 14 20 14 20 15
15 18 17 18 17 15 15 15
18 15 15 18 14 17 17 14
19 13 20 14 18 16 17 15
43 40 43 38 40 38 40 40
45 15 45 18 42 18 42 15
33 13 33 15 26 15 26 13
34 12 36 14 35 15 33 13
