best-score: 784718
count: 24
elapsed-time: 4.669
75
19 15 18 16 17 15 18 14
15 20 16 19 17 20 16 21
15 19 16 19 16 20 15 20
16 18 17 19 16 20 15 19
17 18 17 19 16 19 16 18
17 21 17 20 16 20 16 21
18 22 18 21 17 21 17 22
16 22 17 23 18 22 17 21
16 23 16 22 17 22 17 23
15 22 16 21 17 22 16 23
15 21 16 21 16 22 15 22
21 11 20 12 19 11 20 10
22 11 21 11 21 10 22 10
23 12 23 11 22 11 22 12
20 14 20 16 18 16 18 14
22 14 20 14 20 12 22 12
21 15 20 16 19 15 20 14
13 21 15 21 15 20 13 20
11 14 10 14 10 12 11 12
13 14 13 15 11 15 11 14
14 13 13 14 11 12 12 11
16 13 16 15 14 15 14 13
15 14 14 13 15 12 16 13
15 16 14 15 15 14 16 15
14 17 15 16 17 18 16 19
13 17 13 15 14 15 14 17
11 19 13 17 15 19 13 21
13 19 13 20 11 20 11 19
12 10 10 12 8 10 10 8
7 10 7 12 8 12 8 10
20 8 21 8 21 10 20 10
11 16 12 17 14 15 13 14
13 12 13 14 15 14 15 12
17 13 16 13 16 12 17 12
18 10 16 12 17 13 19 11
18 12 18 10 20 10 20 12
19 13 19 15 17 15 17 13
21 13 20 14 19 13 20 12
23 13 22 14 21 13 22 12
23 15 21 15 21 13 23 13
22 16 21 15 22 14 23 15
16 9 16 12 15 12 15 9
8 17 11 20 14 17 11 14
10 17 10 18 8 18 8 17
6 13 7 12 11 16 10 17
7 17 8 18 11 15 10 14
8 15 8 17 7 17 7 15
19 19 19 15 21 15 21 19
26 20 23 23 19 19 22 16
11 8 11 12 13 12 13 8
19 16 22 19 20 21 17 18
20 15 19 16 16 13 17 12
17 4 13 8 17 12 21 8
20 4 20 8 17 8 17 4
19 20 19 19 17 19 17 20
23 20 23 23 19 23 19 20
8 22 7 21 10 18 11 19
22 20 19 23 18 22 21 19
17 16 16 15 21 10 22 11
18 18 18 16 17 16 17 18
20 18 20 21 18 21 18 18
22 18 20 18 20 16 22 16
16 16 17 16 17 15 16 15
15 18 16 18 16 16 15 16
13 18 15 18 15 19 13 19
12 18 12 17 13 17 13 18
18 2 13 7 15 9 20 4
12 2 18 2 18 10 12 10
14 0 22 8 20 10 12 2
18 20 17 19 18 18 19 19
26 15 26 20 23 20 23 15
23 18 20 15 23 12 26 15
24 19 23 20 22 19 23 18
6 0 6 13 14 13 14 0
1 5 6 0 13 7 8 12
