best-score: 711431
count: 3
elapsed-time: 4.885
228
27 29 27 28 28 28 28 29
25 29 26 30 27 29 26 28
32 27 32 28 31 28 31 27
32 26 33 26 33 27 32 27
31 25 31 26 32 26 32 25
30 26 31 25 32 26 31 27
30 27 30 26 31 26 31 27
32 30 31 29 32 28 33 29
32 29 33 29 33 30 32 30
33 28 32 29 31 28 32 27
34 29 34 28 33 28 33 29
35 30 34 31 33 30 34 29
34 30 35 30 35 31 34 31
35 29 34 30 33 29 34 28
20 30 19 29 20 28 21 29
22 32 23 33 22 34 21 33
23 18 24 17 25 18 24 19
23 17 24 17 24 18 23 18
32 35 33 36 32 37 31 36
32 36 31 36 31 35 32 35
33 37 33 36 32 36 32 37
34 38 34 37 33 37 33 38
22 19 21 18 22 17 23 18
12 27 13 28 14 27 13 26
12 28 12 27 13 27 13 28
13 29 12 28 13 27 14 28
14 29 13 29 13 28 14 28
12 26 13 27 14 26 13 25
12 25 13 25 13 26 12 26
32 39 31 38 32 37 33 38
21 19 20 19 20 18 21 18
20 20 19 19 20 18 21 19
19 20 19 19 20 19 20 20
18 19 19 18 20 19 19 20
18 18 19 18 19 19 18 19
18 21 19 20 20 21 19 22
19 17 19 18 20 18 20 17
18 16 19 17 18 18 17 17
18 14 17 15 18 16 19 15
19 34 19 35 18 35 18 34
17 34 18 35 17 36 16 35
18 17 18 18 17 18 17 17
19 16 20 17 19 18 18 17
18 15 18 16 19 16 19 15
17 14 17 15 18 15 18 14
19 14 18 15 17 14 18 13
41 35 41 34 40 34 40 35
36 15 37 14 38 15 37 16
16 16 15 15 16 14 17 15
16 17 15 17 15 16 16 16
17 16 18 17 17 18 16 17
16 15 16 16 17 16 17 15
15 14 15 15 16 15 16 14
14 15 15 14 16 15 15 16
14 16 14 15 15 15 15 16
19 13 19 14 18 14 18 13
16 18 15 17 16 16 17 17
26 26 26 28 27 28 27 26
28 24 30 26 28 28 26 26
26 25 28 25 28 24 26 24
27 24 28 25 27 26 26 25
29 30 28 29 30 27 31 28
29 24 31 26 30 27 28 25
29 23 31 21 33 23 31 25
28 23 29 23 29 24 28 24
26 22 27 21 29 23 28 24
19 27 18 26 20 24 21 25
21 27 21 29 19 29 19 27
18 22 20 20 22 22 20 24
17 21 17 22 18 22 18 21
16 20 18 18 19 19 17 21
17 20 16 20 16 18 17 18
16 21 17 20 18 21 17 22
23 35 21 35 21 33 23 33
22 36 21 35 22 34 23 35
24 34 24 36 22 36 22 34
25 35 24 36 23 35 24 34
28 34 26 36 25 35 27 33
30 36 28 34 29 33 31 35
31 37 31 36 30 36 30 37
32 38 32 37 31 37 31 38
33 39 32 38 33 37 34 38
25 31 23 33 24 34 26 32
27 31 25 31 25 29 27 29
28 32 27 33 26 32 27 31
26 34 28 34 28 32 26 32
33 34 32 33 34 31 35 32
18 24 18 26 17 26 17 24
19 24 18 24 18 22 19 22
15 24 17 26 19 24 17 22
15 22 17 22 17 24 15 24
14 19 13 20 15 22 16 21
13 18 15 16 16 17 14 19
22 20 21 19 23 17 24 18
21 20 21 19 22 19 22 20
21 21 20 21 20 20 21 20
20 32 21 33 19 35 18 34
21 32 21 33 20 33 20 32
19 30 21 32 20 33 18 31
19 32 19 30 20 30 20 32
29 39 31 37 32 38 30 40
34 16 34 18 32 18 32 16
33 15 34 14 35 15 34 16
34 15 33 15 33 14 34 14
35 16 35 15 34 15 34 16
35 14 34 15 35 16 36 15
36 14 36 15 35 15 35 14
37 13 37 14 36 14 36 13
38 16 36 14 37 13 39 15
39 16 38 16 38 15 39 15
41 14 39 16 38 15 40 13
39 14 41 14 41 15 39 15
13 24 13 25 15 25 15 24
15 26 13 24 15 22 17 24
15 27 14 27 14 26 15 26
16 26 15 27 14 26 15 25
31 13 30 14 32 16 33 15
16 19 17 18 18 19 17 20
16 33 16 35 15 35 15 33
15 36 15 38 14 38 14 36
11 36 13 38 15 36 13 34
39 37 41 39 39 41 37 39
38 36 40 34 41 35 39 37
40 36 38 36 38 35 40 35
29 31 29 33 27 33 27 31
30 30 29 31 27 29 28 28
30 31 29 31 29 30 30 30
31 32 30 31 32 29 33 30
30 32 29 33 28 32 29 31
31 31 31 32 30 32 30 31
16 25 16 26 15 26 15 25
23 30 26 30 26 28 23 28
23 20 24 19 28 23 27 24
23 22 22 22 22 20 23 20
22 23 20 21 21 20 23 22
23 24 23 22 26 22 26 24
29 22 33 22 33 23 29 23
30 23 29 24 28 23 29 22
37 26 34 29 33 28 36 25
22 29 22 32 21 32 21 29
24 29 23 30 22 29 23 28
29 19 32 16 34 18 31 21
26 19 29 19 29 22 26 22
31 20 29 22 26 19 28 17
35 21 35 20 31 20 31 21
37 19 35 21 32 18 34 16
38 19 37 19 37 16 38 16
34 23 38 19 40 21 36 25
34 26 33 26 33 23 34 23
37 28 37 26 34 26 34 28
39 34 35 30 37 28 41 32
39 36 38 35 39 34 40 35
27 17 29 19 27 21 25 19
26 16 29 13 30 14 27 17
27 13 28 13 28 17 27 17
23 9 27 13 23 17 19 13
26 18 26 19 25 19 25 18
31 24 33 22 34 23 32 25
29 25 31 25 31 24 29 24
29 28 28 28 28 25 29 25
29 29 29 28 31 28 31 29
28 30 29 30 29 29 28 29
33 18 35 20 33 22 31 20
36 32 32 36 31 35 35 31
27 40 30 37 31 38 28 41
27 37 30 37 30 40 27 40
36 31 36 32 35 32 35 31
17 31 18 31 18 34 17 34
18 30 17 31 14 28 15 27
18 29 19 29 19 30 18 30
17 30 14 27 15 26 18 29
16 30 16 26 17 26 17 30
19 37 15 33 17 31 21 35
21 37 19 37 19 35 21 35
14 24 15 25 18 22 17 21
22 37 21 38 18 35 19 34
22 38 21 38 21 37 22 37
23 37 22 38 21 37 22 36
25 37 23 37 23 35 25 35
26 38 25 37 26 36 27 37
24 38 24 36 26 36 26 38
22 41 24 41 24 38 22 38
23 40 22 41 20 39 21 38
36 28 34 26 38 22 40 24
15 32 17 30 18 31 16 33
37 42 33 38 34 37 38 41
41 42 37 42 37 39 41 39
37 35 38 36 35 39 34 38
35 35 37 35 37 39 35 39
36 34 35 35 31 31 32 30
40 30 41 31 37 35 36 34
39 30 40 30 40 34 39 34
38 21 38 19 40 19 40 21
35 22 38 22 38 21 35 21
18 41 15 38 17 36 20 39
35 18 38 21 40 19 37 16
38 38 38 41 34 41 34 38
33 25 34 26 33 27 32 26
39 29 39 30 35 30 35 29
35 33 35 35 32 35 32 33
36 36 36 34 33 34 33 36
21 26 21 25 26 25 26 26
22 27 19 30 18 29 21 26
24 27 24 29 22 29 22 27
23 26 24 27 23 28 22 27
25 27 24 27 24 19 25 19
23 38 22 37 29 30 30 31
20 25 21 26 23 24 22 23
19 25 19 24 20 24 20 25
46 29 41 34 33 26 38 21
31 19 29 19 29 13 31 13
41 27 39 29 33 23 35 21
41 33 40 34 35 29 36 28
36 33 36 32 41 32 41 33
37 34 34 37 33 36 36 33
38 34 38 35 37 35 37 34
22 9 22 17 23 17 23 9
9 33 13 29 18 34 14 38
9 32 15 32 15 33 9 33
10 33 9 32 13 28 14 29
16 41 18 41 18 35 16 35
15 40 27 28 28 29 16 41
21 40 15 40 15 38 21 38
24 25 23 24 33 14 34 15
46 16 46 29 39 29 39 16
30 15 19 15 19 14 30 14
26 15 28 17 30 15 28 13
22 15 24 17 26 15 24 13
