best-score: 612583
count: 4
elapsed-time: 4.88
153
31 27 31 28 30 28 30 27
29 27 30 28 31 27 30 26
29 26 30 26 30 27 29 27
29 24 28 25 29 26 30 25
29 25 28 25 28 24 29 24
29 23 28 24 29 25 30 24
30 23 30 24 29 24 29 23
27 25 26 26 25 25 26 24
21 29 22 30 21 31 20 30
42 28 43 28 43 29 42 29
43 27 44 28 43 29 42 28
39 38 38 37 39 36 40 37
39 37 40 37 40 38 39 38
38 36 38 37 39 37 39 36
40 36 39 37 38 36 39 35
40 35 40 36 39 36 39 35
16 41 16 42 15 42 15 41
24 29 26 29 26 30 24 30
24 32 22 30 24 28 26 30
23 30 23 32 24 32 24 30
32 25 30 25 30 24 32 24
33 26 31 28 30 27 32 25
30 38 28 36 29 35 31 37
34 26 32 24 34 22 36 24
35 27 33 29 32 28 34 26
28 40 29 40 29 42 28 42
29 41 28 42 27 41 28 40
33 39 33 37 34 37 34 39
32 41 33 41 33 39 32 39
36 36 36 34 38 34 38 36
37 34 38 33 40 35 39 36
22 19 22 18 24 18 24 19
41 27 41 25 43 25 43 27
39 29 41 27 42 28 40 30
39 19 38 20 40 22 41 21
18 19 16 19 16 18 18 18
16 21 18 19 19 20 17 22
17 21 17 22 16 22 16 21
17 23 16 22 17 21 18 22
18 23 17 23 17 22 18 22
43 16 41 18 39 16 41 14
41 16 41 14 43 14 43 16
39 18 41 18 41 16 39 16
27 30 26 29 29 26 30 27
34 29 33 29 33 26 34 26
33 22 30 25 34 29 37 26
34 19 34 22 33 22 33 19
40 21 38 23 34 19 36 17
41 22 41 21 40 21 40 22
42 19 40 21 41 22 43 20
43 19 43 20 42 20 42 19
39 15 43 19 42 20 38 16
38 15 39 15 39 16 38 16
21 28 21 29 24 29 24 28
20 29 18 27 19 26 21 28
18 30 20 30 20 29 18 29
22 24 22 26 26 26 26 24
25 19 29 15 33 19 29 23
22 27 21 28 23 30 24 29
19 27 19 26 22 26 22 27
24 26 21 29 19 27 22 24
23 27 23 30 22 30 22 27
34 23 37 23 37 26 34 26
27 40 28 40 28 36 27 36
26 41 27 41 27 40 26 40
26 39 25 40 26 41 27 40
25 39 26 39 26 40 25 40
21 35 24 32 28 36 25 39
18 31 21 34 23 32 20 29
18 34 18 31 21 31 21 34
16 34 18 34 18 37 16 37
12 34 14 36 16 34 14 32
39 33 39 29 38 29 38 33
40 34 39 35 38 34 39 33
42 35 42 34 40 34 40 35
41 38 40 37 42 35 43 36
28 23 24 19 26 17 30 21
26 23 28 23 28 24 26 24
25 24 21 20 22 19 26 23
31 34 33 34 33 37 31 37
29 36 31 34 34 37 32 39
28 35 28 36 29 36 29 35
28 37 27 36 28 35 29 36
26 22 22 26 18 22 22 18
34 34 36 36 33 39 31 37
34 33 36 33 36 34 34 34
37 38 33 34 34 33 38 37
39 40 39 38 37 38 37 40
35 39 33 37 36 34 38 36
35 43 33 41 35 39 37 41
34 43 34 39 35 39 35 43
36 41 34 43 32 41 34 39
36 40 37 40 37 41 36 41
15 31 18 31 18 30 15 30
21 43 25 39 26 40 22 44
29 16 26 16 26 15 29 15
38 22 37 23 33 19 34 18
37 22 38 22 38 23 37 23
38 24 40 22 43 25 41 27
37 25 36 24 37 23 38 24
22 22 18 22 18 19 22 19
21 21 24 18 25 19 22 22
19 21 19 20 21 20 21 21
43 37 43 36 40 36 40 37
43 40 43 37 44 37 44 40
41 42 39 40 41 38 43 40
41 43 41 42 44 42 44 43
46 38 44 40 40 36 42 34
41 45 37 41 40 38 44 42
18 38 19 39 16 42 15 41
16 38 18 38 18 41 16 41
40 42 40 38 41 38 41 42
16 45 15 44 18 41 19 42
19 45 16 45 16 42 19 42
22 23 22 22 26 22 26 23
18 24 22 24 22 23 18 23
26 36 27 36 27 30 26 30
23 39 18 34 21 31 26 36
23 42 19 42 19 39 23 39
22 41 24 39 25 40 23 42
18 44 22 44 22 41 18 41
20 42 21 43 19 45 18 44
24 35 31 28 36 33 29 40
12 35 18 41 24 35 18 29
28 30 27 30 27 25 28 25
28 17 28 23 29 23 29 17
27 14 26 15 28 17 29 16
44 32 42 34 35 27 37 25
32 17 36 17 36 24 32 24
28 21 32 17 34 19 30 23
28 32 28 35 24 35 24 32
36 29 36 24 38 24 38 29
38 27 44 33 42 35 36 29
42 23 38 27 37 26 41 22
42 24 38 24 38 23 42 23
23 35 24 35 24 39 23 39
32 16 32 17 29 17 29 16
31 15 32 16 30 18 29 17
23 34 23 35 21 35 21 34
37 24 38 23 43 28 42 29
42 45 37 40 39 38 44 43
35 45 35 43 41 43 41 45
40 32 40 30 28 30 28 32
40 33 40 32 44 32 44 33
39 34 40 34 40 33 39 33
35 15 35 27 31 27 31 15
37 17 35 15 36 14 38 16
12 43 21 43 21 35 12 35
16 47 12 43 18 37 22 41
16 17 16 16 26 16 26 17
12 22 12 34 16 34 16 22
37 14 37 17 36 17 36 14
35 16 37 14 38 15 36 17
