best-score: 698575
count: 54
elapsed-time: 4.553
41
15 18 14 18 14 16 15 16
16 18 14 20 12 18 14 16
17 17 19 19 18 20 16 18
16 11 18 13 17 14 15 12
13 18 14 18 14 20 13 20
14 19 16 21 15 22 13 20
14 17 13 18 14 19 15 18
15 23 13 23 13 22 15 22
22 10 20 12 21 13 23 11
12 15 13 15 13 18 12 18
13 14 15 16 14 17 12 15
17 15 17 14 13 14 13 15
18 15 18 17 17 17 17 15
16 17 15 16 17 14 18 15
17 18 17 17 16 17 16 18
17 26 13 22 17 18 21 22
15 21 15 18 16 18 16 21
12 22 13 23 15 21 14 20
12 20 13 20 13 22 12 22
17 21 15 23 12 20 14 18
20 21 17 21 17 18 20 18
21 21 21 22 20 22 20 21
22 20 21 21 19 19 20 18
22 23 18 23 18 20 22 20
24 21 22 23 21 22 23 20
18 14 18 13 21 13 21 14
21 17 20 18 17 15 18 14
24 17 24 21 21 21 21 17
21 20 18 17 21 14 24 17
19 23 17 21 18 20 20 22
21 12 20 12 20 8 21 8
23 18 23 20 22 20 22 18
22 24 20 22 21 21 23 23
23 24 22 24 22 23 23 23
20 16 15 16 15 12 20 12
22 16 22 18 20 18 20 16
23 17 22 18 21 17 22 16
12 10 17 15 14 18 9 13
21 9 14 16 13 15 20 8
26 17 23 20 18 15 21 12
16 26 16 21 17 21 17 26
