best-score: 542499
count: 12
elapsed-time: 4.632
94
21 24 22 24 22 25 21 25
23 19 22 19 22 18 23 18
24 18 25 19 24 20 23 19
21 23 20 24 21 25 22 24
20 23 21 23 21 24 20 24
27 28 28 29 27 30 26 29
27 27 28 27 28 28 27 28
18 22 16 22 16 20 18 20
16 24 14 22 16 20 18 22
14 23 16 23 16 22 14 22
23 15 22 16 24 18 25 17
25 29 24 28 26 26 27 27
25 31 25 29 26 29 26 31
26 30 25 31 24 30 25 29
30 30 28 32 26 30 28 28
14 20 14 19 16 19 16 20
16 18 18 20 16 22 14 20
12 19 12 18 14 18 14 19
14 21 12 19 14 17 16 19
18 18 16 20 14 18 16 16
18 19 16 19 16 18 18 18
20 20 20 19 18 19 18 20
20 16 18 18 20 20 22 18
20 18 20 16 22 16 22 18
16 17 16 18 14 18 14 17
16 21 14 19 16 17 18 19
35 17 33 19 31 17 33 15
23 21 21 23 18 20 20 18
25 21 23 21 23 19 25 19
24 22 23 21 24 20 25 21
20 22 20 20 24 20 24 22
18 23 20 23 20 22 18 22
18 24 16 24 16 23 18 23
14 28 12 26 16 22 18 24
24 26 22 24 24 22 26 24
26 28 26 26 24 26 24 28
27 29 27 28 26 28 26 29
28 30 28 29 27 29 27 30
30 32 30 30 28 30 28 32
31 27 28 30 30 32 33 29
19 16 20 15 23 18 22 19
19 15 20 15 20 16 19 16
22 30 19 27 21 25 24 28
24 33 24 30 22 30 22 33
23 28 21 30 24 33 26 31
28 20 24 20 24 18 28 18
26 18 28 20 27 21 25 19
29 13 25 17 26 18 30 14
26 13 26 11 29 11 29 13
26 17 25 17 25 13 26 13
27 16 30 19 29 20 26 17
29 14 27 16 24 13 26 11
30 16 30 14 29 14 29 16
33 16 33 19 30 19 30 16
24 15 24 18 23 18 23 15
22 21 20 19 24 15 26 17
23 24 23 21 22 21 22 24
22 23 23 24 22 25 21 24
16 25 14 23 16 21 18 23
11 21 11 22 14 22 14 21
12 20 14 22 13 23 11 21
19 17 16 17 16 16 19 16
25 24 29 20 32 23 28 27
26 21 26 24 25 24 25 21
29 19 28 18 30 16 31 17
30 20 30 19 29 19 29 20
29 21 28 20 29 19 30 20
28 21 28 20 29 20 29 21
27 19 27 16 29 16 29 19
26 19 27 19 27 21 26 21
22 15 26 19 22 23 18 19
25 28 21 32 22 33 26 29
31 29 31 28 28 28 28 29
31 30 31 29 33 29 33 30
11 13 11 17 14 17 14 13
28 12 29 11 30 12 29 13
27 24 23 28 18 23 22 19
28 24 27 24 27 21 28 21
36 22 31 27 28 24 33 19
16 30 21 30 21 25 16 25
34 26 31 29 26 24 29 21
27 26 26 26 26 24 27 24
31 24 31 27 28 27 28 24
35 24 31 24 31 17 35 17
38 21 35 24 30 19 33 16
13 28 14 28 14 23 13 23
17 26 14 29 13 28 16 25
18 27 17 26 20 23 21 24
18 33 18 27 19 27 19 33
14 10 11 13 16 18 19 15
37 26 33 30 31 28 35 24
23 29 14 29 14 28 23 28
24 10 24 13 14 13 14 10
25 11 20 16 19 15 24 10
