best-score: 611224
count: 5
elapsed-time: 4.509
111
23 28 23 29 24 29 24 28
26 30 26 31 25 31 25 30
23 27 24 28 25 27 24 26
19 35 18 35 18 34 19 34
19 33 18 34 19 35 20 34
18 32 19 31 20 32 19 33
21 20 20 20 20 19 21 19
22 19 21 20 20 19 21 18
22 18 23 18 23 19 22 19
22 20 21 19 22 18 23 19
37 14 38 15 37 16 36 15
41 42 41 41 42 41 42 42
42 43 41 42 42 41 43 42
43 43 42 43 42 42 43 42
43 41 42 42 43 43 44 42
44 41 44 42 43 42 43 41
20 33 20 34 19 34 19 33
23 32 25 30 26 31 24 33
23 25 23 27 25 27 25 25
24 24 25 25 24 26 23 25
22 26 24 26 24 24 22 24
21 25 22 24 23 25 22 26
24 31 25 31 25 33 24 33
29 36 31 36 31 38 29 38
39 31 41 33 40 34 38 32
16 34 18 34 18 32 16 32
16 30 14 32 16 34 18 32
14 30 16 30 16 32 14 32
42 32 44 34 43 35 41 33
46 25 44 27 42 25 44 23
24 17 23 18 21 16 22 15
22 16 22 18 21 18 21 16
42 35 43 35 43 37 42 37
35 16 35 14 37 14 37 16
34 15 35 14 36 15 35 16
28 25 29 26 25 30 24 29
30 34 29 35 25 31 26 30
30 31 34 31 34 34 30 34
19 32 20 33 24 29 23 28
18 31 18 32 19 32 19 31
16 35 15 34 18 31 19 32
15 35 15 34 16 34 16 35
20 38 19 39 15 35 16 34
37 23 41 27 37 31 33 27
22 34 20 32 23 29 25 31
22 38 20 38 20 34 22 34
22 42 22 38 25 38 25 42
19 41 21 43 22 42 20 40
25 40 29 36 31 38 27 42
18 30 19 31 23 27 22 26
16 28 18 30 16 32 14 30
18 28 18 30 16 30 16 28
15 25 18 22 21 25 18 28
30 19 33 19 33 22 30 22
23 33 20 33 20 32 23 32
32 41 31 42 28 39 29 38
28 41 28 39 32 39 32 41
35 35 34 34 37 31 38 32
36 36 35 37 34 36 35 35
37 27 39 27 39 31 37 31
38 28 37 27 38 26 39 27
42 28 42 32 38 32 38 28
46 28 42 28 42 25 46 25
34 38 34 42 31 42 31 38
36 40 34 38 35 37 37 39
21 24 21 20 22 20 22 24
36 38 36 36 34 36 34 38
36 27 36 23 37 23 37 27
27 38 27 42 29 42 29 38
29 21 32 18 33 19 30 22
41 23 44 23 44 27 41 27
29 28 24 28 24 26 29 26
35 28 35 35 29 35 29 28
43 34 42 35 35 28 36 27
44 35 44 34 43 34 43 35
29 24 28 25 22 19 23 18
24 21 24 24 29 24 29 21
34 33 31 36 26 31 29 28
18 27 18 28 23 28 23 27
16 29 18 27 20 29 18 31
38 27 34 31 29 26 33 22
27 33 27 38 25 38 25 33
15 26 15 25 21 25 21 26
23 9 15 17 22 24 30 16
24 39 19 34 20 33 25 38
23 39 23 33 24 33 24 39
23 41 19 41 19 39 23 39
28 36 23 41 20 38 25 33
35 41 34 42 28 36 29 35
41 37 41 41 35 41 35 37
34 23 34 15 36 15 36 23
39 13 33 19 37 23 43 17
28 16 22 16 22 15 28 15
28 19 28 16 30 16 30 19
25 19 28 19 28 25 25 25
25 13 22 16 25 19 28 16
41 16 41 23 37 23 37 16
28 35 29 35 29 36 28 36
30 21 23 28 21 26 28 19
41 22 36 27 30 21 35 16
38 24 38 26 29 26 29 24
29 2 15 16 30 31 44 17
31 13 28 16 38 26 41 23
30 13 31 13 31 16 30 16
38 21 36 23 28 15 30 13
15 21 15 17 24 17 24 21
32 9 32 18 23 18 23 9
40 17 43 17 43 34 40 34
39 14 38 15 40 17 41 16
37 13 37 14 39 14 39 13
35 11 37 13 32 18 30 16
