best-score: 824093
count: 10
elapsed-time: 4.66
104
11 20 10 20 10 19 11 19
10 21 9 20 10 19 11 20
9 21 9 20 10 20 10 21
10 22 9 21 10 20 11 21
11 22 10 22 10 21 11 21
12 23 12 22 11 22 11 23
13 22 12 23 11 22 12 21
27 19 26 18 27 17 28 18
12 20 12 21 11 21 11 20
13 21 12 22 11 21 12 20
25 16 24 15 25 14 26 15
27 18 27 17 28 17 28 18
26 19 27 19 27 18 26 18
28 19 27 20 26 19 27 18
28 20 27 20 27 19 28 19
26 20 27 21 28 20 27 19
26 21 26 20 27 20 27 21
24 13 25 12 26 13 25 14
25 13 24 13 24 12 25 12
26 14 26 13 25 13 25 14
9 22 10 23 11 22 10 21
9 23 9 22 10 22 10 23
10 24 9 23 10 22 11 23
11 24 10 24 10 23 11 23
28 26 29 27 28 28 27 27
27 26 28 26 28 27 27 27
29 28 29 27 28 27 28 28
18 19 16 17 17 16 19 18
19 21 21 23 20 24 18 22
21 12 19 14 20 15 22 13
13 18 14 19 12 21 11 20
23 14 25 14 25 16 23 16
23 12 22 13 23 14 24 13
21 14 23 14 23 12 21 12
23 20 25 18 26 19 24 21
22 20 22 19 23 19 23 20
21 17 20 18 22 20 23 19
26 16 26 18 25 18 25 16
22 15 23 16 24 15 23 14
20 13 20 15 22 15 22 13
27 25 25 23 27 21 29 23
27 23 27 21 29 21 29 23
25 25 27 25 27 23 25 23
25 29 23 27 25 25 27 27
27 29 25 29 25 27 27 27
28 30 27 29 28 28 29 29
14 24 13 25 11 23 12 22
23 25 25 25 25 27 23 27
23 21 21 23 23 25 25 23
24 20 24 21 23 21 23 20
25 17 23 19 24 20 26 18
20 21 22 19 23 20 21 22
24 19 26 19 26 20 24 20
14 22 18 22 18 19 14 19
13 24 14 24 14 22 13 22
11 25 13 25 13 24 11 24
9 25 10 26 11 25 10 24
19 15 20 15 20 18 19 18
19 24 19 21 20 21 20 24
20 16 24 12 25 13 21 17
18 23 18 22 21 22 21 23
16 21 18 19 20 21 18 23
16 18 19 18 19 21 16 21
13 17 13 18 16 18 16 17
14 18 12 20 11 19 13 17
17 19 14 22 13 21 16 18
15 10 19 14 17 16 13 12
19 31 16 28 20 24 23 27
16 24 13 27 11 25 14 22
14 28 16 28 16 24 14 24
18 24 16 24 16 23 18 23
23 28 23 27 20 27 20 28
25 26 23 28 19 24 21 22
22 30 20 28 23 25 25 27
25 8 22 11 23 12 26 9
12 25 11 24 12 23 13 24
28 10 29 11 26 14 25 13
25 30 24 29 27 26 28 27
24 30 24 29 25 29 25 30
9 10 9 9 12 9 12 10
12 8 19 15 16 18 9 11
17 8 17 9 12 9 12 8
18 7 22 11 21 12 17 8
13 28 14 29 19 24 18 23
13 29 13 28 14 28 14 29
12 28 13 27 14 28 13 29
12 27 13 27 13 28 12 28
9 16 9 11 17 11 17 16
5 20 9 16 16 23 12 27
5 16 9 16 9 20 5 20
20 34 14 28 18 24 24 30
16 34 16 28 20 28 20 34
18 8 17 9 25 17 26 16
25 7 25 8 18 8 18 7
23 5 25 7 19 13 17 11
24 5 24 12 23 12 23 5
14 31 19 31 19 29 14 29
22 9 22 11 17 11 17 9
20 25 20 27 13 27 13 25
23 24 23 25 20 25 20 24
15 20 12 20 12 10 15 10
15 30 15 20 22 20 22 30
13 30 14 31 15 30 14 29
14 23 13 22 15 20 16 21
