best-score: 664577
count: 8
elapsed-time: 4.846
124
26 23 25 22 26 21 27 22
27 23 26 23 26 22 27 22
27 21 26 22 27 23 28 22
28 21 28 22 27 22 27 21
25 21 25 22 26 22 26 21
27 20 27 21 26 21 26 20
30 22 29 23 28 22 29 21
28 20 29 19 30 20 29 21
27 19 28 20 27 21 26 20
28 19 28 20 27 20 27 19
29 20 28 21 27 20 28 19
30 21 30 20 29 20 29 21
30 19 29 20 30 21 31 20
29 18 29 19 30 19 30 18
31 19 31 20 30 20 30 19
15 16 15 15 16 15 16 16
25 26 24 25 26 23 27 24
29 24 29 23 27 23 27 24
28 23 29 24 28 25 27 24
29 22 28 23 27 22 28 21
30 23 30 22 29 22 29 23
31 22 30 23 29 22 30 21
23 18 21 20 20 19 22 17
16 20 16 22 18 22 18 20
20 18 20 17 22 17 22 18
22 16 20 18 18 16 20 14
24 16 22 16 22 14 24 14
20 16 22 18 24 16 22 14
18 15 18 16 20 16 20 15
24 15 22 17 20 15 22 13
13 24 15 26 17 24 15 22
31 21 31 22 30 22 30 21
32 20 32 21 31 21 31 20
32 18 31 19 32 20 33 19
26 17 27 16 29 18 28 19
20 13 20 14 22 14 22 13
22 15 20 17 18 15 20 13
14 17 15 16 17 18 16 19
24 33 25 32 27 34 26 35
25 33 24 33 24 32 25 32
26 30 24 32 25 33 27 31
27 18 27 16 29 16 29 18
32 30 32 29 30 29 30 30
17 31 17 33 16 33 16 31
33 10 35 12 33 14 31 12
23 30 20 30 20 26 23 26
26 27 23 30 22 29 25 26
25 27 25 26 26 26 26 27
29 31 25 27 26 26 30 30
29 34 27 34 27 31 29 31
20 23 23 26 24 25 21 22
24 22 24 25 21 25 21 22
21 19 22 18 25 21 24 22
19 21 18 20 20 18 21 19
22 24 21 25 18 22 19 21
24 17 27 20 26 21 23 18
26 16 26 17 24 17 24 16
27 15 30 18 29 19 26 16
26 15 27 15 27 16 26 16
30 11 31 12 27 16 26 15
20 20 20 19 21 19 21 20
12 24 14 26 18 22 16 20
12 21 13 21 13 24 12 24
33 26 32 27 29 24 30 23
30 31 26 27 28 25 32 29
29 30 29 31 30 31 30 30
24 13 22 15 24 17 26 15
22 11 22 13 24 13 24 11
17 19 17 18 20 18 20 19
23 33 20 30 21 29 24 32
16 26 15 26 15 22 16 22
23 19 23 18 27 18 27 19
24 18 22 16 24 14 26 16
35 24 34 25 31 22 32 21
29 27 29 30 26 30 26 27
32 24 32 27 29 27 29 24
35 27 32 30 29 27 32 24
35 29 32 29 32 27 35 27
17 27 20 30 17 33 14 30
13 27 13 24 17 24 17 27
33 23 32 24 30 22 31 21
30 26 33 26 33 23 30 23
34 15 30 19 29 18 33 14
33 15 33 14 34 14 34 15
31 15 33 15 33 19 31 19
28 12 31 15 27 19 24 16
28 15 28 12 31 12 31 15
15 30 14 30 14 26 15 26
11 34 15 30 16 31 12 35
35 21 35 24 32 24 32 21
11 12 15 16 16 15 12 11
30 37 27 34 30 31 33 34
29 37 29 34 30 34 30 37
28 36 30 34 31 35 29 37
33 35 30 32 32 30 35 33
31 34 31 35 33 35 33 34
31 32 31 34 30 34 30 32
12 14 12 11 14 11 14 14
27 29 27 24 22 24 22 29
24 41 16 33 23 26 31 34
23 41 23 33 24 33 24 41
20 38 25 33 28 36 23 41
18 38 18 30 20 30 20 38
25 31 17 31 17 27 25 27
11 15 12 14 17 19 16 20
11 21 11 15 12 15 12 21
10 20 15 15 16 16 11 21
10 19 16 19 16 20 10 20
16 13 18 15 12 21 10 19
18 13 18 15 16 15 16 13
18 17 16 15 18 13 20 15
19 20 17 18 18 17 20 19
20 21 20 20 19 20 19 21
22 21 21 22 20 21 21 20
22 23 20 23 20 21 22 21
16 17 16 16 18 16 18 17
32 11 32 18 30 18 30 11
32 26 35 29 30 34 27 31
16 12 16 13 11 13 11 12
17 13 15 15 14 14 16 12
19 17 19 20 18 20 18 17
34 36 34 25 28 25 28 36
33 13 33 14 24 14 24 13
32 14 33 13 34 14 33 15
