best-score: 766814
count: 2
elapsed-time: 4.549
298
23 22 24 23 23 24 22 23
23 18 22 19 21 18 22 17
23 19 22 19 22 18 23 18
22 20 21 19 22 18 23 19
21 20 21 19 22 19 22 20
23 26 22 25 23 24 24 25
24 27 24 26 23 26 23 27
22 27 23 28 24 27 23 26
22 28 22 27 23 27 23 28
22 26 22 25 23 25 23 26
21 27 22 26 23 27 22 28
21 26 22 26 22 27 21 27
21 24 20 25 21 26 22 25
24 24 24 25 23 25 23 24
25 25 24 26 23 25 24 24
25 26 24 26 24 25 25 25
19 19 20 18 21 19 20 20
20 19 19 19 19 18 20 18
19 20 18 19 19 18 20 19
18 20 18 19 19 19 19 20
17 19 18 18 19 19 18 20
16 20 15 19 16 18 17 19
17 20 17 21 16 21 16 20
16 19 17 18 18 19 17 20
15 18 15 19 16 19 16 18
15 20 14 19 15 18 16 19
14 21 15 20 16 21 15 22
15 21 14 21 14 20 15 20
16 22 16 21 15 21 15 22
23 17 22 18 21 17 22 16
26 22 25 21 26 20 27 21
20 17 20 18 21 18 21 17
21 16 21 17 22 17 22 16
19 17 20 18 21 17 20 16
18 16 19 17 18 18 17 17
18 17 17 17 17 16 18 16
16 17 17 18 18 17 17 16
26 24 27 25 26 26 25 25
28 22 27 21 28 20 29 21
19 16 19 17 20 17 20 16
20 15 21 16 20 17 19 16
21 15 21 16 20 16 20 15
23 15 22 16 21 15 22 14
24 15 23 15 23 14 24 14
25 14 24 15 23 14 24 13
17 23 17 24 16 24 16 23
18 24 17 25 16 24 17 23
18 25 17 25 17 24 18 24
19 24 20 25 19 26 18 25
28 26 28 25 27 25 27 26
29 25 28 26 27 25 28 24
30 26 30 25 29 25 29 26
28 21 28 20 29 20 29 21
27 20 28 19 29 20 28 21
27 19 28 19 28 20 27 20
14 22 13 21 14 20 15 21
13 22 13 21 14 21 14 22
12 21 13 20 14 21 13 22
12 20 13 20 13 21 12 21
11 19 11 20 12 20 12 19
10 20 11 19 12 20 11 21
10 21 10 20 11 20 11 21
11 22 10 21 11 20 12 21
31 23 30 22 31 21 32 22
29 24 29 25 28 25 28 24
27 24 28 25 29 24 28 23
26 25 27 25 27 24 26 24
26 27 25 26 26 25 27 26
27 27 26 27 26 26 27 26
29 27 28 28 27 27 28 26
28 27 28 26 29 26 29 27
27 28 28 28 28 27 27 27
28 29 27 28 28 27 29 28
29 29 28 29 28 28 29 28
30 23 31 24 30 25 29 24
31 22 31 23 30 23 30 22
32 21 32 22 31 22 31 21
34 21 33 22 32 21 33 20
34 22 33 22 33 21 34 21
33 23 32 22 33 21 34 22
32 23 32 22 33 22 33 23
32 24 31 24 31 23 32 23
12 23 13 23 13 22 12 22
24 31 24 30 25 30 25 31
25 32 24 31 25 30 26 31
13 19 13 20 14 20 14 19
12 18 13 17 14 18 13 19
13 18 13 19 12 19 12 18
14 17 14 18 13 18 13 17
15 16 16 17 15 18 14 17
16 15 15 16 14 15 15 14
16 16 15 16 15 15 16 15
15 17 16 16 17 17 16 18
14 16 14 17 15 17 15 16
25 13 25 14 24 14 24 13
26 14 25 13 26 12 27 13
26 13 27 13 27 14 26 14
26 15 25 14 26 13 27 14
25 15 25 14 26 14 26 15
24 16 25 16 25 15 24 15
32 20 33 20 33 21 32 21
27 16 26 17 25 16 26 15
26 16 27 16 27 17 26 17
27 15 26 16 25 15 26 14
28 16 28 15 27 15 27 16
29 15 28 16 27 15 28 14
30 16 29 15 30 14 31 15
12 26 13 26 13 25 12 25
14 27 15 27 15 28 14 28
13 28 12 27 13 26 14 27
25 12 26 12 26 13 25 13
14 29 15 28 16 29 15 30
13 29 13 28 14 28 14 29
13 27 12 28 13 29 14 28
14 26 13 27 12 26 13 25
18 33 19 33 19 32 18 32
18 31 17 32 18 33 19 32
17 31 18 31 18 32 17 32
29 14 29 15 28 15 28 14
28 13 29 14 28 15 27 14
27 12 27 13 28 13 28 12
28 11 29 12 28 13 27 12
29 11 29 12 28 12 28 11
30 12 29 13 28 12 29 11
30 13 29 13 29 12 30 12
26 11 25 12 26 13 27 12
27 11 27 12 26 12 26 11
15 29 16 29 16 30 15 30
16 28 15 29 14 28 15 27
14 14 14 15 15 15 15 14
13 15 14 14 15 15 14 16
13 16 13 15 14 15 14 16
12 17 13 16 14 17 13 18
12 16 13 16 13 17 12 17
17 30 17 31 16 31 16 30
15 32 16 31 17 32 16 33
31 29 31 30 30 30 30 29
31 31 30 30 31 29 32 30
31 32 31 31 32 31 32 32
30 31 31 30 32 31 31 32
29 31 29 30 30 30 30 31
28 30 29 29 30 30 29 31
13 13 14 14 15 13 14 12
14 13 13 13 13 12 14 12
30 32 31 31 32 32 31 33
30 33 30 32 31 32 31 33
33 31 33 30 32 30 32 31
34 32 33 33 32 32 33 31
34 30 33 31 32 30 33 29
34 29 34 30 33 30 33 29
32 29 33 30 34 29 33 28
31 28 32 29 31 30 30 29
32 28 32 29 31 29 31 28
25 24 26 23 27 24 26 25
25 23 26 23 26 24 25 24
27 23 26 24 25 23 26 22
29 23 28 24 27 23 28 22
30 24 30 23 29 23 29 24
31 25 30 26 29 25 30 24
33 25 32 26 31 25 32 24
18 22 17 23 16 22 17 21
26 21 26 20 27 20 27 21
25 22 26 22 26 21 25 21
27 22 26 23 25 22 26 21
29 22 28 23 27 22 28 21
30 21 30 22 29 22 29 21
31 20 32 21 31 22 30 21
30 20 31 20 31 21 30 21
31 19 32 20 31 21 30 20
32 19 32 20 31 20 31 19
34 19 33 20 32 19 33 18
25 20 26 21 27 20 26 19
25 19 26 19 26 20 25 20
26 18 27 19 26 20 25 19
27 18 27 19 26 19 26 18
25 18 26 19 27 18 26 17
25 17 26 17 26 18 25 18
24 18 23 17 24 16 25 17
24 20 23 19 24 18 25 19
24 21 24 20 25 20 25 21
24 19 25 19 25 18 24 18
24 17 23 18 24 19 25 18
23 16 23 17 24 17 24 16
22 15 22 16 23 16 23 15
21 14 21 15 22 15 22 14
22 13 23 14 22 15 21 14
23 13 23 14 22 14 22 13
24 12 25 13 24 14 23 13
23 12 24 12 24 13 23 13
24 11 25 12 24 13 23 12
25 11 25 12 24 12 24 11
26 10 27 11 26 12 25 11
25 10 26 10 26 11 25 11
19 14 20 13 21 14 20 15
23 20 24 19 25 20 24 21
22 21 21 20 22 19 23 20
23 21 22 21 22 20 23 20
24 22 24 21 23 21 23 22
23 23 24 22 25 23 24 24
22 24 23 24 23 23 22 23
21 25 22 24 23 25 22 26
20 26 21 26 21 25 20 25
20 27 19 27 19 26 20 26
21 28 20 27 21 26 22 27
20 28 20 27 21 27 21 28
20 21 22 23 21 24 19 22
21 21 20 21 20 20 21 20
22 22 21 21 22 20 23 21
21 23 22 22 23 23 22 24
21 22 22 22 22 23 21 23
19 23 21 23 21 24 19 24
18 23 18 22 19 22 19 23
17 22 18 23 17 24 16 23
18 21 17 22 16 21 17 20
22 30 21 30 21 28 22 28
15 25 13 23 14 22 16 24
17 27 17 25 15 25 15 27
18 14 18 16 19 16 19 14
17 13 18 14 16 16 15 15
17 14 15 14 15 13 17 13
18 15 17 16 16 15 17 14
20 11 20 13 22 13 22 11
21 10 22 11 21 12 20 11
23 10 23 12 21 12 21 10
24 9 25 10 24 11 23 10
22 9 24 9 24 11 22 11
24 29 26 27 27 28 25 30
26 29 24 29 24 27 26 27
26 30 26 29 28 29 28 30
27 31 26 32 25 31 26 30
29 33 29 31 27 31 27 33
28 32 29 31 30 32 29 33
19 12 19 14 21 14 21 12
22 31 21 30 23 28 24 29
24 33 24 31 22 31 22 33
15 23 15 25 13 25 13 23
16 26 15 27 14 26 15 25
14 24 14 26 16 26 16 24
21 34 19 32 20 31 22 33
19 34 19 33 21 33 21 34
32 27 31 28 29 26 30 25
30 27 30 26 32 26 32 27
30 28 29 28 29 27 30 27
31 27 30 28 29 27 30 26
33 27 32 28 31 27 32 26
19 13 21 15 20 16 18 14
27 32 26 31 28 29 29 30
32 16 30 16 30 14 32 14
33 15 32 16 31 15 32 14
31 13 31 15 33 15 33 13
32 12 33 13 32 14 31 13
14 33 16 33 16 31 14 31
13 32 14 31 15 32 14 33
11 32 12 33 13 32 12 31
12 32 11 32 11 31 12 31
14 30 12 32 11 31 13 29
12 30 14 30 14 31 12 31
11 30 13 28 14 29 12 31
11 28 12 28 12 30 11 30
15 31 14 30 15 29 16 30
18 26 17 27 16 26 17 25
19 25 19 26 18 26 18 25
20 24 21 25 20 26 19 25
20 22 19 23 20 24 21 23
19 21 20 20 21 21 20 22
18 28 18 26 16 26 16 28
17 29 16 28 17 27 18 28
18 30 17 31 16 30 17 29
20 30 20 31 18 31 18 30
22 32 20 30 22 28 24 30
19 29 19 27 17 27 17 29
19 31 18 30 19 29 20 30
20 32 19 33 18 32 19 31
27 29 26 30 23 27 24 26
31 17 28 20 27 19 30 16
29 17 29 15 31 15 31 17
29 18 27 18 27 17 29 17
28 17 29 18 28 19 27 18
29 16 28 17 27 16 28 15
30 18 30 20 29 20 29 18
21 36 19 34 22 31 24 33
30 17 32 19 31 20 29 18
34 16 34 19 32 19 32 16
34 17 33 18 29 14 30 13
10 15 11 16 14 13 13 12
10 13 13 13 13 15 10 15
11 12 14 15 13 16 10 13
12 12 12 16 11 16 11 12
13 11 13 12 12 12 12 11
12 10 13 11 12 12 11 11
11 10 12 10 12 11 11 11
10 11 11 10 12 11 11 12
10 12 10 11 11 11 11 12
9 13 10 12 13 15 12 16
9 12 10 12 10 13 9 13
14 10 13 11 14 12 15 11
16 10 16 12 14 12 14 10
17 11 16 12 15 11 16 10
