best-score: 788607
count: 3
elapsed-time: 4.563
239
21 18 20 19 21 20 22 19
17 22 18 22 18 21 17 21
22 16 23 16 23 17 22 17
18 25 17 26 16 25 17 24
21 16 22 15 23 16 22 17
21 15 22 15 22 16 21 16
22 29 21 28 22 27 23 28
23 29 22 29 22 28 23 28
24 28 23 29 22 28 23 27
25 29 24 28 25 27 26 28
25 28 26 28 26 29 25 29
24 27 24 28 25 28 25 27
24 29 23 28 24 27 25 28
24 30 23 30 23 29 24 29
25 31 24 30 25 29 26 30
24 32 25 32 25 31 24 31
29 20 29 21 28 21 28 20
18 17 17 16 18 15 19 16
19 18 18 19 17 18 18 17
18 18 19 18 19 19 18 19
17 17 17 18 18 18 18 17
21 27 22 27 22 28 21 28
20 28 21 27 22 28 21 29
20 29 20 28 21 28 21 29
30 22 30 21 29 21 29 22
13 21 14 22 13 23 12 22
30 23 29 22 30 21 31 22
31 23 30 23 30 22 31 22
29 23 30 24 31 23 30 22
28 22 28 23 29 23 29 22
27 21 28 20 29 21 28 22
27 22 27 21 28 21 28 22
19 14 18 15 17 14 18 13
16 16 16 15 17 15 17 16
18 16 17 17 16 16 17 15
19 17 19 16 18 16 18 17
20 18 19 19 18 18 19 17
21 19 21 18 20 18 20 19
22 20 22 19 21 19 21 20
20 20 21 21 22 20 21 19
20 21 20 20 21 20 21 21
13 22 13 23 12 23 12 22
12 21 13 22 12 23 11 22
11 21 12 21 12 22 11 22
29 24 29 23 30 23 30 24
18 14 18 15 17 15 17 14
16 14 17 15 18 14 17 13
23 12 24 12 24 13 23 13
23 10 22 11 23 12 24 11
10 23 11 23 11 22 10 22
12 24 11 24 11 23 12 23
19 13 19 14 18 14 18 13
15 14 16 15 17 14 16 13
15 15 15 14 16 14 16 15
14 16 15 15 16 16 15 17
15 16 14 16 14 15 15 15
16 17 16 16 15 16 15 17
15 18 14 17 15 16 16 17
14 18 14 17 15 17 15 18
14 20 13 19 14 18 15 19
14 19 15 19 15 20 14 20
16 19 15 20 14 19 15 18
25 30 24 31 23 30 24 29
27 30 26 31 25 30 26 29
27 29 28 29 28 30 27 30
27 31 26 30 27 29 28 30
26 32 27 32 27 31 26 31
25 33 24 32 25 31 26 32
26 33 25 33 25 32 26 32
28 28 27 29 26 28 27 27
29 29 28 28 29 27 30 28
29 30 29 29 30 29 30 30
30 31 29 30 30 29 31 30
31 31 30 31 30 30 31 30
33 19 32 20 31 19 32 18
13 24 12 25 11 24 12 23
13 25 12 25 12 24 13 24
13 26 13 25 14 25 14 26
12 27 11 26 12 25 13 26
14 30 15 29 16 30 15 31
12 30 13 31 14 30 13 29
29 28 29 29 28 29 28 28
30 27 30 28 29 28 29 27
31 28 30 29 29 28 30 27
28 31 27 30 28 29 29 30
29 31 28 31 28 30 29 30
30 32 29 31 30 30 31 31
29 32 29 31 30 31 30 32
28 33 27 32 28 31 29 32
14 12 14 11 15 11 15 12
32 13 31 14 30 13 31 12
32 29 32 30 31 30 31 29
33 28 32 29 31 28 32 27
31 11 30 11 30 10 31 10
32 12 32 11 31 11 31 12
19 20 19 19 20 19 20 20
19 22 18 21 19 20 20 21
18 23 19 23 19 22 18 22
19 24 18 23 19 22 20 23
20 24 19 24 19 23 20 23
16 23 17 24 18 23 17 22
20 17 20 18 19 18 19 17
20 15 19 16 20 17 21 16
14 21 14 22 13 22 13 21
16 18 16 19 15 19 15 18
17 19 16 18 17 17 18 18
13 18 13 19 14 19 14 18
14 24 13 25 12 24 13 23
14 23 14 24 13 24 13 23
15 24 14 25 13 24 14 23
15 25 14 25 14 24 15 24
15 22 14 23 13 22 14 21
15 23 14 23 14 22 15 22
16 24 15 25 14 24 15 23
17 25 17 24 16 24 16 25
18 26 18 25 17 25 17 26
22 22 20 24 19 23 21 21
23 22 22 22 22 20 23 20
25 24 25 22 23 22 23 24
25 20 23 22 25 24 27 22
22 23 20 21 21 20 23 22
20 22 20 23 22 23 22 22
19 21 19 22 20 22 20 21
18 20 19 21 18 22 17 21
17 20 17 19 18 19 18 20
15 21 17 21 17 20 15 20
16 22 15 23 14 22 15 21
17 23 17 22 16 22 16 23
18 24 17 23 18 22 19 23
19 25 18 26 17 25 18 24
22 26 21 27 19 25 20 24
20 26 20 24 22 24 22 26
20 27 18 27 18 26 20 26
21 26 20 27 18 25 19 24
24 25 22 27 21 26 23 24
23 25 24 25 24 27 23 27
24 26 23 27 22 26 23 25
26 26 25 27 24 26 25 25
28 26 28 28 26 28 26 26
27 25 28 26 27 27 26 26
29 25 29 27 27 27 27 25
30 26 29 27 28 26 29 25
32 26 32 27 30 27 30 26
33 27 31 29 30 28 32 26
32 28 33 28 33 27 32 27
16 21 17 22 18 21 17 20
20 14 18 16 19 17 21 15
21 14 21 15 20 15 20 14
20 13 21 14 20 15 19 14
24 14 22 16 21 15 23 13
26 14 24 14 24 13 26 13
23 14 21 14 21 13 23 13
26 15 25 16 23 14 24 13
27 14 27 15 26 15 26 14
22 13 21 14 22 15 23 14
27 24 27 25 25 25 25 24
28 25 27 24 28 23 29 24
24 16 23 16 23 14 24 14
25 17 24 16 26 14 27 15
24 17 24 16 25 16 25 17
27 18 26 19 24 17 25 16
27 19 26 19 26 18 27 18
19 28 20 29 21 28 20 27
18 30 19 30 19 28 18 28
16 28 18 26 20 28 18 30
14 28 16 28 16 30 14 30
15 27 16 28 15 29 14 28
13 27 15 27 15 29 13 29
12 28 13 27 14 28 13 29
10 28 10 27 12 27 12 28
26 24 28 22 29 23 27 25
12 19 12 21 13 21 13 19
13 20 12 19 13 18 14 19
20 12 19 13 20 14 21 13
19 12 20 12 20 13 19 13
21 10 22 11 20 13 19 12
21 12 21 10 23 10 23 12
30 20 32 20 32 21 30 21
31 21 30 22 29 21 30 20
16 27 18 27 18 28 16 28
15 28 13 26 14 25 16 27
17 28 16 27 17 26 18 27
16 26 15 27 14 26 15 25
15 26 15 25 16 25 16 26
12 26 13 27 14 26 13 25
11 25 11 26 12 26 12 25
10 24 11 23 12 24 11 25
10 25 10 24 11 24 11 25
9 26 10 25 11 26 10 27
17 9 15 11 17 13 19 11
18 34 16 32 18 30 20 32
18 32 16 32 16 30 18 30
20 30 18 32 16 30 18 28
19 32 20 32 20 30 19 30
19 34 18 34 18 32 19 32
13 12 15 14 14 15 12 13
12 12 13 12 13 13 12 13
13 11 14 12 13 13 12 12
9 24 10 25 11 24 10 23
9 23 10 23 10 24 9 24
9 27 11 25 12 26 10 28
10 26 10 27 9 27 9 26
23 21 22 20 25 17 26 18
24 20 23 20 23 17 24 17
26 20 27 21 23 25 22 24
26 22 25 22 25 20 26 20
30 14 31 15 27 19 26 18
27 13 27 14 30 14 30 13
25 11 27 13 26 14 24 12
25 12 24 12 24 11 25 11
23 33 20 30 21 29 24 32
33 16 29 20 27 18 31 14
20 33 19 32 22 29 23 30
23 32 23 33 20 33 20 32
24 33 23 32 24 31 25 32
21 33 20 32 23 29 24 30
29 26 26 29 25 28 28 25
22 33 19 30 20 29 23 32
33 26 32 27 29 24 30 23
18 9 18 13 17 13 17 9
17 8 18 9 15 12 14 11
27 16 27 15 31 15 31 16
29 18 25 22 23 20 27 16
34 19 32 21 29 18 31 16
15 10 15 11 19 11 19 10
29 10 26 13 27 14 30 11
26 11 27 11 27 13 26 13
25 10 26 11 25 12 24 11
26 10 26 11 25 11 25 10
28 14 27 13 30 10 31 11
34 16 34 19 33 19 33 16
30 18 30 20 29 20 29 18
31 17 30 18 27 15 28 14
33 15 34 16 32 18 31 17
29 19 30 18 31 19 30 20
28 15 27 16 26 15 27 14
33 14 33 15 31 15 31 14
33 21 33 26 32 26 32 21
32 22 31 21 32 20 33 21
