best-score: 748359
count: 9
elapsed-time: 4.516
103
17 23 18 23 18 24 17 24
16 23 17 24 16 25 15 24
29 20 30 21 29 22 28 21
31 22 30 21 31 20 32 21
31 24 30 23 31 22 32 23
32 24 31 24 31 23 32 23
30 22 31 22 31 23 30 23
29 21 29 22 30 22 30 21
28 20 28 21 29 21 29 20
26 31 25 32 24 31 25 30
22 21 22 22 20 22 20 21
20 26 18 24 20 22 22 24
23 22 23 24 22 24 22 22
24 26 22 28 21 27 23 25
30 19 29 20 27 18 28 17
32 19 32 21 30 21 30 19
31 18 32 19 31 20 30 19
29 18 31 18 31 20 29 20
22 14 22 12 24 12 24 14
24 28 26 26 27 27 25 29
22 26 22 28 24 28 24 26
20 25 20 26 22 26 22 25
19 26 17 24 18 23 20 25
23 30 23 29 25 29 25 30
29 29 29 27 27 27 27 29
16 12 18 10 19 11 17 13
32 18 31 18 31 16 32 16
8 16 10 18 12 16 10 14
31 29 29 31 27 29 29 27
31 31 29 31 29 29 31 29
26 17 27 18 23 22 22 21
26 13 28 13 28 17 26 17
19 22 20 21 23 24 22 25
15 20 18 23 19 22 16 19
14 20 15 20 15 24 14 24
16 22 14 20 17 17 19 19
17 22 17 23 16 23 16 22
17 19 19 19 19 22 17 22
16 17 16 19 17 19 17 17
22 19 20 21 16 17 18 15
25 19 25 21 22 21 22 19
29 23 26 26 22 22 25 19
30 27 30 23 29 23 29 27
19 25 20 25 20 22 19 22
16 26 19 26 19 25 16 25
15 27 13 25 14 24 16 26
17 27 15 27 15 24 17 24
21 29 21 27 17 27 17 29
22 30 21 29 22 28 23 29
26 22 23 25 22 24 25 21
27 23 26 22 28 20 29 21
27 22 29 22 29 23 27 23
26 18 26 22 27 22 27 18
21 15 25 19 26 18 22 14
22 15 22 19 21 19 21 15
18 30 17 29 20 26 21 27
18 28 22 28 22 30 18 30
24 22 26 22 26 26 24 26
13 23 16 23 16 25 13 25
30 14 32 16 28 20 26 18
33 19 30 22 29 21 32 18
21 9 19 11 22 14 24 12
26 28 26 31 24 31 24 28
30 24 29 23 30 22 31 23
32 26 29 29 27 27 30 24
8 20 8 16 11 16 11 20
24 32 24 31 20 31 20 32
22 34 20 32 22 30 24 32
23 34 22 34 22 30 23 30
18 34 16 32 18 30 20 32
19 12 19 14 16 14 16 12
22 11 22 12 19 12 19 11
33 18 33 19 32 19 32 18
26 32 26 31 29 31 29 32
28 34 26 32 29 29 31 31
22 18 21 19 16 14 17 13
28 27 25 30 20 25 23 22
21 23 27 23 27 27 21 27
25 14 30 14 30 19 25 19
29 16 28 17 25 14 26 13
27 16 29 16 29 18 27 18
19 31 20 31 20 26 19 26
24 7 19 12 22 15 27 10
22 7 24 7 24 11 22 11
21 16 22 15 28 21 27 22
14 9 13 10 18 15 19 14
22 29 29 22 30 23 23 30
17 28 20 31 22 29 19 26
10 17 10 14 16 14 16 17
14 21 10 17 11 16 15 20
12 26 16 26 16 32 12 32
7 21 8 20 13 25 12 26
32 28 32 26 26 26 26 28
13 34 18 34 18 30 13 30
29 13 31 13 31 16 29 16
30 12 31 13 30 14 29 13
21 10 21 15 18 15 18 10
27 9 27 10 21 10 21 9
30 11 30 12 24 12 24 11
24 5 30 11 28 13 22 7
20 41 13 34 22 25 29 32
16 41 16 32 20 32 20 41
13 38 20 31 23 34 16 41
