best-score: 490135
count: 12
elapsed-time: 4.814
61
32 31 32 32 31 32 31 31
39 38 39 37 38 37 38 38
26 28 27 28 27 30 26 30
21 29 19 27 20 26 22 28
34 33 33 34 31 32 32 31
33 32 33 34 32 34 32 32
30 37 30 39 28 39 28 37
24 18 24 17 26 17 26 18
40 35 41 36 39 38 38 37
30 28 27 28 27 25 30 25
30 22 27 25 30 28 33 25
33 19 30 22 29 21 32 18
28 29 31 32 30 33 27 30
31 26 28 29 27 28 30 25
34 29 31 26 33 24 36 27
30 29 34 29 34 33 30 33
23 27 26 30 25 31 22 28
23 28 22 28 22 27 23 27
18 31 19 32 23 28 22 27
19 31 19 32 18 32 18 31
30 24 33 24 33 25 30 25
36 30 39 33 35 37 32 34
37 30 36 30 36 27 37 27
23 23 22 22 26 18 27 19
23 26 20 26 20 23 23 23
19 24 22 27 23 26 20 23
22 24 22 27 19 27 19 24
27 27 26 28 22 24 23 23
34 28 31 31 27 27 30 24
35 35 38 35 38 37 35 37
36 34 39 37 38 38 35 35
20 38 17 41 15 39 18 36
21 37 28 37 28 29 21 29
21 38 20 38 20 37 21 37
24 38 24 42 21 42 21 38
25 39 24 38 31 31 32 32
26 40 24 42 23 41 25 39
25 26 31 26 31 31 25 31
25 30 23 28 25 26 27 28
33 10 26 17 33 24 40 17
37 44 30 37 33 34 40 41
21 12 26 17 20 23 15 18
42 35 42 41 40 41 40 35
21 16 21 18 15 18 15 16
31 6 21 16 30 25 40 15
27 10 33 10 33 19 27 19
26 15 40 15 40 17 26 17
39 28 37 30 24 17 26 15
39 29 34 29 34 28 39 28
34 34 32 32 37 27 39 29
36 33 36 34 34 34 34 33
32 41 30 39 36 33 38 35
40 42 40 41 32 41 32 42
40 22 40 35 38 35 38 22
42 24 36 30 34 28 40 22
23 34 23 41 32 41 32 34
25 32 30 37 28 39 23 34
19 39 25 39 25 32 19 32
36 12 36 16 21 16 21 12
42 19 42 24 33 24 33 19
14 15 14 41 17 41 17 15
