best-score: 690593
count: 2
elapsed-time: 4.95
359
27 29 26 29 26 28 27 28
31 26 30 27 31 28 32 27
28 25 27 26 26 25 27 24
21 28 22 29 23 28 22 27
29 34 28 35 27 34 28 33
31 34 30 35 29 34 30 33
32 35 31 34 32 33 33 34
31 36 32 35 33 36 32 37
31 37 31 36 32 36 32 37
31 35 30 36 31 37 32 36
30 34 30 35 31 35 31 34
31 33 32 34 31 35 30 34
34 27 35 27 35 28 34 28
29 33 30 33 30 34 29 34
28 34 29 33 30 34 29 35
27 33 27 34 28 34 28 33
27 36 28 36 28 35 27 35
28 37 27 36 28 35 29 36
29 37 28 37 28 36 29 36
27 37 28 38 29 37 28 36
26 37 26 36 27 36 27 37
26 35 27 35 27 34 26 34
25 36 24 35 25 34 26 35
25 35 26 35 26 36 25 36
25 33 24 34 25 35 26 34
26 33 26 34 25 34 25 33
31 32 32 31 33 32 32 33
32 32 32 33 31 33 31 32
33 31 33 32 32 32 32 31
30 37 29 36 30 35 31 36
30 38 29 38 29 37 30 37
38 27 39 28 38 29 37 28
38 28 37 28 37 27 38 27
37 29 38 28 39 29 38 30
37 30 37 29 38 29 38 30
37 31 36 31 36 30 37 30
39 31 38 32 37 31 38 30
38 31 39 31 39 32 38 32
39 30 38 31 37 30 38 29
33 33 33 34 32 34 32 33
34 32 34 33 33 33 33 32
34 30 33 31 34 32 35 31
34 31 33 31 33 30 34 30
35 32 35 31 34 31 34 32
35 30 34 31 35 32 36 31
27 38 28 38 28 37 27 37
26 39 27 38 28 39 27 40
27 39 27 40 26 40 26 39
25 39 26 40 27 39 26 38
25 38 26 38 26 39 25 39
24 37 25 36 26 37 25 38
23 38 22 37 23 36 24 37
23 40 22 39 23 38 24 39
24 40 23 40 23 39 24 39
24 38 23 39 24 40 25 39
25 37 25 38 24 38 24 37
24 36 25 35 26 36 25 37
23 37 24 37 24 36 23 36
22 38 23 38 23 37 22 37
22 40 21 39 22 38 23 39
21 40 21 39 22 39 22 40
22 41 21 42 20 41 21 40
23 41 22 41 22 40 23 40
28 18 29 18 29 19 28 19
29 17 30 18 29 19 28 18
30 17 30 18 29 18 29 17
30 19 29 18 30 17 31 18
29 39 29 38 28 38 28 39
28 40 27 39 28 38 29 39
36 32 35 31 36 30 37 31
22 25 21 25 21 24 22 24
22 23 21 24 22 25 23 24
23 23 23 24 22 24 22 23
22 22 23 21 24 22 23 23
21 23 20 24 21 25 22 24
20 23 21 23 21 24 20 24
36 33 35 34 34 33 35 32
35 33 35 32 36 32 36 33
34 34 33 33 34 32 35 33
33 35 33 36 32 36 32 35
34 35 33 35 33 34 34 34
34 37 33 36 34 35 35 36
35 37 35 38 34 38 34 37
28 17 29 18 28 19 27 18
27 17 28 17 28 18 27 18
29 16 29 17 28 17 28 16
27 16 28 17 29 16 28 15
27 15 28 15 28 16 27 16
26 16 27 15 28 16 27 17
26 17 26 16 27 16 27 17
26 15 25 16 26 17 27 16
25 15 26 15 26 16 25 16
18 29 19 30 18 31 17 30
19 28 18 29 17 28 18 27
21 22 21 23 22 23 22 22
30 16 29 17 28 16 29 15
30 15 31 15 31 16 30 16
29 14 29 15 30 15 30 14
35 21 34 21 34 20 35 20
33 21 34 22 35 21 34 20
33 22 33 21 34 21 34 22
33 20 32 21 33 22 34 21
34 19 34 20 33 20 33 19
35 18 36 19 35 20 34 19
36 18 35 18 35 17 36 17
32 20 33 20 33 21 32 21
32 18 31 19 32 20 33 19
32 19 31 19 31 18 32 18
33 18 34 19 33 20 32 19
29 13 28 14 29 15 30 14
28 13 29 13 29 14 28 14
27 14 28 13 29 14 28 15
26 14 27 14 27 15 26 15
27 13 28 14 27 15 26 14
36 37 35 36 36 35 37 36
37 37 37 38 36 38 36 37
36 36 37 37 36 38 35 37
35 35 35 36 36 36 36 35
34 36 33 35 34 34 35 35
33 37 34 36 35 37 34 38
20 21 19 20 20 19 21 20
21 21 20 21 20 20 21 20
20 22 21 21 22 22 21 23
19 19 19 20 20 20 20 19
18 20 17 19 18 18 19 19
33 39 34 40 33 41 32 40
32 39 33 39 33 40 32 40
32 41 31 40 32 39 33 40
33 42 33 41 32 41 32 42
32 43 31 42 32 41 33 42
31 43 31 42 32 42 32 43
13 25 14 26 15 25 14 24
38 35 39 36 38 37 37 36
37 35 38 35 38 36 37 36
36 34 37 35 36 36 35 35
37 33 36 34 35 33 36 32
37 34 36 34 36 33 37 33
38 33 39 34 38 35 37 34
37 32 38 31 39 32 38 33
39 21 38 21 38 20 39 20
34 41 34 40 33 40 33 41
31 41 31 40 32 40 32 41
30 42 31 41 32 42 31 43
30 41 31 41 31 42 30 42
30 43 29 42 30 41 31 42
29 43 29 42 30 42 30 43
28 42 29 41 30 42 29 43
28 41 29 41 29 42 28 42
27 41 27 40 28 40 28 41
36 40 35 41 34 40 35 39
36 41 36 40 37 40 37 41
35 40 36 39 37 40 36 41
34 39 34 40 35 40 35 39
33 38 34 37 35 38 34 39
32 38 32 37 33 37 33 38
31 39 30 38 31 37 32 38
31 38 32 38 32 39 31 39
30 39 29 38 30 37 31 38
29 40 30 39 31 40 30 41
30 40 30 41 29 41 29 40
39 37 39 36 38 36 38 37
38 38 37 37 38 36 39 37
21 41 20 41 20 40 21 40
20 42 19 41 20 40 21 41
19 42 19 41 20 41 20 42
18 19 17 19 17 18 18 18
22 42 22 41 21 41 21 42
40 16 41 16 41 17 40 17
42 16 41 17 40 16 41 15
40 15 41 14 42 15 41 16
40 14 41 14 41 15 40 15
19 22 20 23 21 22 20 21
19 21 20 21 20 22 19 22
18 21 18 20 19 20 19 21
17 20 18 19 19 20 18 21
16 19 16 20 17 20 17 19
15 18 16 17 17 18 16 19
29 26 28 25 30 23 31 24
29 28 27 28 27 26 29 26
28 27 29 26 30 27 29 28
28 29 28 27 30 27 30 29
27 30 26 29 27 28 28 29
29 32 28 33 26 31 27 30
30 31 31 32 30 33 29 32
32 29 32 31 30 31 30 29
31 30 32 29 33 30 32 31
33 28 33 30 31 30 31 28
33 26 32 27 33 28 34 27
28 30 27 30 27 29 28 29
26 27 27 26 28 27 27 28
24 27 24 25 26 25 26 27
25 30 23 28 24 27 26 29
24 33 23 32 25 30 26 31
23 33 23 32 24 32 24 33
29 30 30 29 31 30 30 31
28 32 29 32 29 30 28 30
29 25 31 25 31 26 29 26
21 30 23 30 23 28 21 28
22 31 21 30 22 29 23 30
24 29 22 29 22 27 24 27
24 31 24 29 26 29 26 31
27 31 27 33 26 33 26 31
26 30 27 31 25 33 24 32
25 29 26 28 27 29 26 30
30 20 28 22 27 21 29 19
31 20 30 20 30 19 31 19
28 21 29 22 31 20 30 19
27 19 27 21 28 21 28 19
26 18 27 17 28 18 27 19
26 19 26 18 27 18 27 19
25 18 26 17 27 18 26 19
25 17 26 17 26 18 25 18
24 16 25 15 26 16 25 17
24 17 24 16 25 16 25 17
22 15 23 14 25 16 24 17
20 13 22 15 20 17 18 15
32 25 31 24 33 22 34 23
34 25 34 27 32 27 32 25
29 21 29 22 28 22 28 21
35 29 35 28 37 28 37 29
36 28 37 29 36 30 35 29
36 26 35 27 36 28 37 27
34 29 35 29 35 30 34 30
36 29 35 30 34 29 35 28
33 29 34 30 35 29 34 28
40 26 38 28 37 27 39 25
40 24 42 24 42 26 40 26
38 24 39 25 40 24 39 23
38 23 39 23 39 24 38 24
37 21 37 23 38 23 38 21
38 22 37 21 38 20 39 21
35 25 37 23 38 24 36 26
37 25 37 27 35 27 35 25
19 26 19 28 17 28 17 26
18 25 20 23 21 24 19 26
16 25 18 25 18 27 16 27
15 26 16 25 17 26 16 27
14 25 14 26 15 26 15 25
13 24 13 25 14 25 14 24
35 23 35 25 34 25 34 23
21 26 19 26 19 25 21 25
23 26 22 27 21 26 22 25
25 26 24 27 23 26 24 25
25 24 27 24 27 26 25 26
24 23 25 24 24 25 23 24
23 22 23 23 24 23 24 22
22 21 23 22 22 23 21 22
41 30 41 29 39 29 39 30
26 43 25 42 27 40 28 41
33 17 32 18 30 16 31 15
32 17 33 17 33 18 32 18
34 17 33 18 32 17 33 16
35 16 36 17 35 18 34 17
33 15 33 16 35 16 35 15
26 42 25 42 25 40 26 40
25 41 26 40 27 41 26 42
24 42 23 41 24 40 25 41
17 23 16 22 18 20 19 21
17 27 15 25 17 23 19 25
28 43 28 42 26 42 26 43
24 43 22 41 23 40 25 42
22 43 22 42 24 42 24 43
37 18 39 20 38 21 36 19
37 19 36 19 36 18 37 18
41 34 41 36 39 36 39 34
43 32 41 34 39 32 41 30
16 24 14 24 14 22 16 22
38 40 38 38 37 38 37 40
37 39 38 40 37 41 36 40
19 17 18 18 16 16 17 15
17 40 16 40 16 38 17 38
17 44 15 42 17 40 19 42
12 38 14 36 16 38 14 40
15 40 16 40 16 42 15 42
13 38 15 36 17 38 15 40
29 31 28 32 27 31 28 30
30 30 32 32 31 33 29 31
25 28 23 28 23 26 25 26
32 24 32 25 31 25 31 24
33 25 32 24 34 22 35 23
32 26 33 25 35 27 34 28
27 27 26 28 22 24 23 23
32 28 30 30 27 27 29 25
26 22 26 25 28 25 28 22
24 19 24 22 26 22 26 19
23 18 24 19 22 21 21 20
22 18 23 18 23 21 22 21
23 19 21 21 20 20 22 18
24 18 27 21 26 22 23 19
23 17 23 18 24 18 24 17
20 14 20 17 23 17 23 14
19 15 20 14 23 17 22 18
18 17 19 17 19 15 18 15
19 18 18 19 17 18 18 17
21 18 20 19 19 18 20 17
21 15 22 15 22 18 21 18
28 24 32 20 33 21 29 25
19 36 18 35 22 31 23 32
18 37 19 36 22 39 21 40
22 35 22 37 18 37 18 35
23 34 24 35 23 36 22 35
23 35 23 34 24 34 24 35
22 36 23 35 24 36 23 37
27 20 24 23 23 22 26 19
22 34 23 33 24 34 23 35
22 33 23 33 23 34 22 34
18 33 18 31 22 31 22 33
14 34 18 34 18 33 14 33
16 36 14 34 16 32 18 34
15 38 16 38 16 36 15 36
14 38 15 38 15 40 14 40
13 36 13 38 14 38 14 36
16 33 18 35 15 38 13 36
41 25 41 28 39 28 39 25
41 23 40 24 41 25 42 24
44 20 41 23 39 21 42 18
18 22 18 25 19 25 19 22
16 21 16 22 18 22 18 21
15 20 16 19 17 20 16 21
15 21 15 20 16 20 16 21
15 23 14 22 15 21 16 22
44 28 41 31 39 29 42 26
44 29 41 29 41 28 44 28
37 24 34 21 35 20 38 23
38 25 35 28 34 27 37 24
42 27 41 28 38 25 39 24
44 32 42 34 39 31 41 29
42 36 41 37 37 33 38 32
42 37 41 37 41 36 42 36
38 41 37 40 41 36 42 37
41 40 41 41 38 41 38 40
40 41 37 38 38 37 41 40
15 24 18 21 19 22 16 25
14 23 15 24 14 25 13 24
25 46 22 43 25 40 28 43
42 32 38 36 37 35 41 31
41 32 42 32 42 34 41 34
43 30 41 32 39 30 41 28
44 30 44 32 43 32 43 30
41 21 41 23 39 23 39 21
43 34 41 36 39 34 41 32
43 36 42 36 42 34 43 34
39 15 36 18 37 19 40 16
39 16 39 15 40 15 40 16
38 15 39 16 37 18 36 17
20 18 19 18 19 17 20 17
21 19 21 18 20 18 20 19
18 38 16 40 14 38 16 36
19 37 21 39 20 40 18 38
17 37 18 37 18 38 17 38
15 15 15 18 17 18 17 15
39 41 38 40 41 37 42 38
21 36 19 36 19 30 21 30
19 32 18 33 21 36 22 35
44 21 38 27 34 23 40 17
41 20 41 21 44 21 44 20
42 21 39 24 38 23 41 20
11 29 19 37 22 34 14 26
11 31 11 29 18 29 18 31
