best-score: 774034
count: 15
elapsed-time: 4.669
90
19 18 18 19 17 18 18 17
16 20 15 21 14 20 15 19
21 14 20 15 19 14 20 13
21 15 20 15 20 14 21 14
18 14 18 13 19 13 19 14
19 15 18 14 19 13 20 14
7 17 8 18 9 17 8 16
21 10 20 11 19 10 20 9
21 11 20 11 20 10 21 10
19 9 20 9 20 10 19 10
25 13 24 13 24 12 25 12
23 13 24 14 25 13 24 12
23 14 23 13 24 13 24 14
23 15 23 16 21 16 21 15
25 15 24 16 23 15 24 14
22 12 20 14 21 15 23 13
18 8 16 10 17 11 19 9
18 9 18 8 19 8 19 9
19 11 20 11 20 13 19 13
17 10 17 11 19 11 19 10
18 11 17 10 18 9 19 10
11 17 9 15 10 14 12 16
20 12 19 11 20 10 21 11
17 8 17 10 16 10 16 8
18 7 19 8 18 9 17 8
17 7 18 7 18 8 17 8
22 18 24 16 25 17 23 19
7 15 7 17 9 17 9 15
8 14 9 15 8 16 7 15
10 13 10 14 8 14 8 13
12 13 11 14 10 13 11 12
10 11 12 9 13 10 11 12
10 12 10 11 11 11 11 12
6 12 8 14 10 12 8 10
12 11 11 11 11 9 12 9
14 13 14 11 12 11 12 13
24 22 26 22 26 24 24 24
25 19 23 21 24 22 26 20
25 21 23 21 23 19 25 19
17 15 19 15 19 18 17 18
14 14 14 17 18 17 18 14
13 15 10 12 11 11 14 14
16 18 15 19 12 16 13 15
17 20 17 18 16 18 16 20
19 21 16 18 19 15 22 18
22 21 19 21 19 18 22 18
24 19 22 21 19 18 21 16
18 21 15 21 15 19 18 19
19 25 19 21 18 21 18 25
11 20 14 20 14 17 11 17
8 23 11 20 13 22 10 25
10 19 10 23 8 23 8 19
13 16 14 17 11 20 10 19
12 15 12 16 13 16 13 15
7 18 8 19 12 15 11 14
7 19 7 18 8 18 8 19
19 20 18 21 17 20 18 19
16 24 14 24 14 20 16 20
15 18 14 17 18 13 19 14
15 14 13 16 12 15 14 13
10 17 10 14 11 14 11 17
12 18 8 18 8 16 12 16
12 19 12 18 15 18 15 19
27 12 23 16 21 14 25 10
16 7 17 8 14 11 13 10
24 8 21 11 22 12 25 9
22 8 24 8 24 12 22 12
21 7 22 8 20 10 19 9
22 9 21 10 24 13 25 12
20 24 24 24 24 25 20 25
19 17 16 20 20 24 23 21
27 10 27 12 25 12 25 10
12 8 11 9 17 15 18 14
12 7 16 7 16 8 12 8
12 25 10 23 15 18 17 20
28 21 24 25 19 20 23 16
21 22 21 16 13 16 13 22
16 15 13 15 13 10 16 10
9 26 11 26 11 20 9 20
10 27 9 26 10 25 11 26
12 27 10 27 10 25 12 25
13 26 12 27 11 26 12 25
18 31 13 26 18 21 23 26
22 26 22 21 23 21 23 26
21 27 19 25 20 24 22 26
13 25 7 19 8 18 14 24
18 26 18 25 13 25 13 26
22 31 22 26 18 26 18 31
17 23 16 24 18 26 19 25
12 22 12 25 13 25 13 22
