best-score: 672433
count: 22
elapsed-time: 4.703
53
19 22 18 23 17 22 18 21
19 15 19 14 20 14 20 15
18 14 19 13 20 14 19 15
11 21 10 22 9 21 10 20
9 22 10 22 10 23 9 23
11 22 13 22 13 21 11 21
10 21 11 22 10 23 9 22
9 20 9 21 10 21 10 20
15 10 15 11 17 11 17 10
23 15 23 19 20 19 20 15
24 11 24 15 23 15 23 11
23 10 24 11 20 15 19 14
19 25 17 25 17 22 19 22
24 24 21 27 19 25 22 22
28 23 28 24 24 24 24 23
26 21 28 23 26 25 24 23
16 12 12 16 14 18 18 14
16 10 15 11 16 12 17 11
22 16 20 14 21 13 23 15
19 9 19 13 18 13 18 9
21 11 19 13 17 11 19 9
21 10 23 10 23 11 21 11
18 7 21 10 18 13 15 10
10 24 13 21 17 25 14 28
26 22 28 24 26 26 24 24
22 25 26 25 26 22 22 22
19 29 22 29 22 25 19 25
14 26 14 28 10 28 10 26
21 20 24 23 22 25 19 22
25 16 21 20 20 19 24 15
29 21 29 22 26 22 26 21
24 21 24 23 18 23 18 21
26 15 26 21 24 21 24 15
30 19 29 20 25 16 26 15
19 16 22 16 22 22 19 22
25 20 24 21 19 16 20 15
29 16 29 20 25 20 25 16
30 17 26 21 25 20 29 16
25 27 25 20 21 20 21 27
12 15 19 15 19 16 12 16
14 13 20 19 18 21 12 15
14 14 14 13 18 13 18 14
18 24 10 24 10 23 18 23
18 26 17 25 18 24 19 25
24 26 18 26 18 24 24 24
24 29 24 26 26 26 26 29
14 20 19 15 23 19 18 24
10 18 10 20 14 20 14 18
11 15 9 17 10 18 12 16
22 5 18 9 24 15 28 11
29 15 26 15 26 10 29 10
25 5 25 16 22 16 22 5
9 7 9 9 18 9 18 7
