best-score: 828869
count: 2
elapsed-time: 4.828
368
28 25 27 25 27 24 28 24
22 23 22 22 23 22 23 23
20 25 20 26 19 26 19 25
23 31 24 31 24 30 23 30
21 31 22 32 23 31 22 30
22 31 21 31 21 30 22 30
23 32 23 31 22 31 22 32
25 32 24 33 23 32 24 31
27 32 26 33 25 32 26 31
27 33 26 33 26 32 27 32
25 33 26 34 27 33 26 32
24 32 24 33 25 33 25 32
25 31 24 32 23 31 24 30
23 29 23 30 22 30 22 29
21 29 22 30 23 29 22 28
21 28 22 28 22 29 21 29
20 29 21 28 22 29 21 30
20 30 20 29 21 29 21 30
19 31 20 31 20 30 19 30
20 32 19 31 20 30 21 31
21 32 20 32 20 31 21 31
22 33 21 32 22 31 23 32
21 33 21 32 22 32 22 33
25 34 25 33 26 33 26 34
26 35 25 34 26 33 27 34
27 35 26 35 26 34 27 34
28 36 27 35 28 34 29 35
27 36 28 36 28 37 27 37
18 26 17 27 16 26 17 25
19 27 18 26 19 25 20 26
18 27 18 26 19 26 19 27
33 24 34 23 35 24 34 25
31 20 31 21 30 21 30 20
31 22 30 21 31 20 32 21
32 22 31 22 31 21 32 21
31 28 32 29 31 30 30 29
31 29 30 29 30 28 31 28
32 30 32 29 31 29 31 30
32 31 32 30 33 30 33 31
33 32 32 31 33 30 34 31
34 32 33 32 33 31 34 31
35 31 34 32 33 31 34 30
35 32 35 31 36 31 36 32
35 33 34 33 34 32 35 32
33 33 34 34 35 33 34 32
33 34 33 33 34 33 34 34
32 33 33 32 34 33 33 34
32 32 33 32 33 33 32 33
31 32 31 31 32 31 32 32
30 31 31 30 32 31 31 32
30 30 31 30 31 31 30 31
29 29 30 28 31 29 30 30
29 30 29 29 30 29 30 30
28 33 28 34 27 34 27 33
29 32 29 33 28 33 28 32
28 31 29 32 28 33 27 32
27 31 28 31 28 32 27 32
26 30 27 31 26 32 25 31
25 30 26 30 26 31 25 31
24 29 25 30 24 31 23 30
25 29 25 30 24 30 24 29
26 29 25 29 25 28 26 28
27 30 26 31 25 30 26 29
28 29 29 30 28 31 27 30
26 36 25 35 26 34 27 35
25 36 25 35 26 35 26 36
26 37 25 36 26 35 27 36
32 28 33 29 32 30 31 29
29 34 28 35 27 34 28 33
34 29 33 30 32 29 33 28
35 30 35 29 34 29 34 30
34 21 35 22 34 23 33 22
33 20 34 19 35 20 34 21
18 31 19 32 20 31 19 30
18 32 18 31 19 31 19 32
17 31 18 30 19 31 18 32
17 30 18 30 18 31 17 31
17 32 16 31 17 30 18 31
18 33 17 34 16 33 17 32
17 33 17 32 18 32 18 33
18 34 17 35 16 34 17 33
18 35 17 35 17 34 18 34
16 35 17 36 18 35 17 34
34 28 34 29 33 29 33 28
19 33 20 33 20 32 19 32
19 34 18 34 18 33 19 33
20 35 19 36 18 35 19 34
20 34 19 33 20 32 21 33
21 34 20 34 20 33 21 33
37 22 36 23 35 22 36 21
37 23 36 23 36 22 37 22
38 22 37 23 36 22 37 21
39 26 38 27 37 26 38 25
35 21 36 21 36 22 35 22
34 20 34 21 35 21 35 20
33 19 33 20 34 20 34 19
35 19 34 20 33 19 34 18
19 35 20 35 20 34 19 34
18 36 19 36 19 35 18 35
17 37 16 36 17 35 18 36
16 37 16 36 17 36 17 37
15 38 16 38 16 37 15 37
29 37 28 38 27 37 28 36
29 38 28 38 28 37 29 37
30 37 29 38 28 37 29 36
16 32 17 32 17 31 16 31
15 32 16 32 16 33 15 33
15 34 14 33 15 32 16 33
15 35 15 34 16 34 16 35
14 36 15 35 16 36 15 37
32 19 32 18 33 18 33 19
34 17 35 18 34 19 33 18
35 17 35 18 34 18 34 17
35 16 36 16 36 17 35 17
33 16 34 17 35 16 34 15
14 31 15 30 16 31 15 32
16 17 17 18 16 19 15 18
30 36 30 37 29 37 29 36
38 21 38 22 37 22 37 21
36 18 35 17 36 16 37 17
37 18 36 18 36 17 37 17
36 19 35 18 36 17 37 18
37 20 36 21 35 20 36 19
36 20 37 20 37 21 36 21
37 19 36 20 35 19 36 18
14 34 15 35 16 34 15 33
37 33 36 34 35 33 36 32
11 19 12 20 13 19 12 18
11 20 11 19 12 19 12 20
13 18 13 19 12 19 12 18
11 17 12 16 13 17 12 18
37 15 37 16 36 16 36 15
14 16 13 15 14 14 15 15
38 15 37 16 36 15 37 14
14 15 13 15 13 14 14 14
15 14 14 15 13 14 14 13
15 13 15 14 14 14 14 13
15 11 14 12 15 13 16 12
38 14 38 15 37 15 37 14
13 13 13 12 14 12 14 13
27 29 26 30 25 29 26 28
28 30 28 29 27 29 27 30
29 31 29 30 28 30 28 31
30 32 29 33 28 32 29 31
31 33 30 32 31 31 32 32
30 33 30 32 31 32 31 33
30 34 29 34 29 33 30 33
31 35 30 36 29 35 30 34
24 28 25 29 24 30 23 29
23 28 24 28 24 29 23 29
24 27 25 28 24 29 23 28
25 27 25 28 24 28 24 27
26 26 27 27 26 28 25 27
23 27 23 28 22 28 22 27
24 26 25 27 24 28 23 27
23 26 24 26 24 27 23 27
25 26 24 27 23 26 24 25
26 27 26 26 25 26 25 27
27 28 27 27 26 27 26 28
28 28 29 29 28 30 27 29
29 28 29 29 28 29 28 28
28 27 29 28 28 29 27 28
27 26 28 25 29 26 28 27
28 26 28 27 27 27 27 26
29 25 28 26 27 25 28 24
29 27 28 28 27 27 28 26
30 27 30 28 29 28 29 27
30 25 29 26 30 27 31 26
30 26 29 26 29 25 30 25
31 27 30 28 29 27 30 26
32 27 31 27 31 26 32 26
33 27 33 28 32 28 32 27
35 27 34 28 33 27 34 26
31 34 30 33 31 32 32 33
32 34 31 34 31 33 32 33
32 35 32 34 33 34 33 35
33 36 32 35 33 34 34 35
34 36 33 36 33 35 34 35
34 38 33 37 34 36 35 37
30 35 30 34 31 34 31 35
31 36 30 35 31 34 32 35
32 36 31 36 31 35 32 35
32 37 32 36 33 36 33 37
34 37 33 38 32 37 33 36
35 38 35 37 34 37 34 38
35 35 34 36 33 35 34 34
35 34 35 35 34 35 34 34
36 33 35 34 34 33 35 32
37 34 37 33 36 33 36 34
15 16 14 16 14 15 15 15
25 25 25 26 24 26 24 25
26 24 27 25 26 26 25 25
26 25 27 26 26 27 25 26
25 24 25 25 26 25 26 24
26 23 27 24 26 25 25 24
27 23 27 24 26 24 26 23
29 23 28 24 27 23 28 22
22 24 24 26 25 25 23 23
24 22 25 21 27 23 26 24
23 21 24 22 23 23 22 22
25 19 23 21 21 19 23 17
26 19 26 21 25 21 25 19
21 24 23 26 22 27 20 25
21 23 22 23 22 24 21 24
19 21 21 23 19 25 17 23
19 23 18 23 18 21 19 21
21 25 23 27 22 28 20 26
20 24 20 25 21 25 21 24
24 21 24 22 23 22 23 21
28 21 26 23 24 21 26 19
30 22 30 21 28 21 28 22
31 23 30 22 31 21 32 22
32 24 30 26 29 25 31 23
33 26 33 24 32 24 32 26
34 27 34 26 33 26 33 27
35 26 34 27 33 26 34 25
37 27 37 26 35 26 35 27
37 28 37 27 38 27 38 28
36 27 37 28 35 30 34 29
36 25 35 26 36 27 37 26
37 24 36 25 35 24 36 23
39 24 39 26 37 26 37 24
40 23 39 24 37 22 38 21
17 24 19 26 20 25 18 23
15 23 15 24 17 24 17 23
17 21 19 23 17 25 15 23
32 25 33 26 32 27 31 26
30 23 31 22 33 24 32 25
29 22 30 23 28 25 27 24
29 20 28 21 29 22 30 21
31 25 31 23 30 23 30 25
18 28 20 30 21 29 19 27
17 28 17 27 18 27 18 28
16 30 17 30 17 28 16 28
15 31 16 30 17 31 16 32
14 30 14 31 15 31 15 30
12 30 13 31 14 30 13 29
19 24 19 25 17 25 17 24
20 23 20 24 19 24 19 23
21 22 22 23 21 24 20 23
20 22 21 22 21 23 20 23
35 25 35 26 34 26 34 25
36 24 36 25 35 25 35 24
38 26 37 27 35 25 36 24
21 21 19 21 19 19 21 19
22 21 22 22 21 22 21 21
23 20 24 21 23 22 22 21
22 20 23 20 23 21 22 21
33 23 32 22 34 20 35 21
34 24 34 23 33 23 33 24
33 25 32 24 33 23 34 24
15 25 16 26 14 28 13 27
15 27 15 25 17 25 17 27
15 29 13 29 13 27 15 27
17 29 16 30 15 29 16 28
14 25 14 24 15 24 15 25
11 24 13 26 14 25 12 23
32 23 32 22 33 22 33 23
19 28 19 30 18 30 18 28
18 29 19 28 20 29 19 30
16 29 17 30 18 29 17 28
35 28 35 27 34 27 34 28
37 29 37 28 35 28 35 29
39 29 38 30 37 29 38 28
25 38 24 38 24 36 25 36
14 26 13 26 13 25 14 25
16 23 14 21 16 19 18 21
16 25 15 24 16 23 17 24
15 26 16 25 18 27 17 28
25 39 24 38 26 36 27 37
14 23 14 21 15 21 15 23
12 24 14 24 14 23 12 23
13 23 14 24 13 25 12 24
23 36 22 37 20 35 21 34
30 17 31 16 33 18 32 19
27 10 29 12 27 14 25 12
31 18 31 16 32 16 32 18
13 22 11 20 12 19 14 21
33 15 35 17 34 18 32 16
34 16 34 15 33 15 33 16
19 12 19 13 21 13 21 12
13 33 14 33 14 31 13 31
14 32 13 33 12 32 13 31
17 16 17 18 15 18 15 16
16 15 17 16 16 17 15 16
12 17 13 18 15 16 14 15
11 16 11 17 12 17 12 16
16 14 16 15 15 15 15 14
35 13 36 12 38 14 37 15
20 27 19 28 18 27 19 26
22 26 22 27 20 27 20 26
23 24 23 26 22 26 22 24
24 23 23 24 22 23 23 22
26 22 26 23 24 23 24 22
20 28 20 27 19 27 19 28
24 24 23 24 23 23 24 23
23 18 27 14 30 17 26 21
21 17 21 18 23 18 23 17
19 17 19 15 21 15 21 17
17 15 19 17 15 21 13 19
18 12 16 14 17 15 19 13
18 14 16 14 16 12 18 12
27 17 25 19 28 22 30 20
29 15 27 17 24 14 26 12
33 13 33 15 29 15 29 13
35 12 35 13 33 13 33 12
18 17 22 21 21 22 17 18
22 13 18 17 17 16 21 12
22 14 22 13 24 13 24 14
24 16 23 17 21 15 22 14
27 16 24 16 24 14 27 14
25 18 27 16 28 17 26 19
23 16 25 18 23 20 21 18
24 17 24 16 23 16 23 17
23 19 25 19 25 18 23 18
25 17 27 19 25 21 23 19
27 18 27 17 25 17 25 18
31 19 31 18 27 18 27 19
32 20 31 21 30 20 31 19
33 21 33 20 32 20 32 21
34 22 34 21 33 21 33 22
35 23 35 22 34 22 34 23
28 12 24 16 25 17 29 13
28 13 28 12 29 12 29 13
21 35 25 35 25 34 21 34
20 36 19 35 20 34 21 35
21 36 20 36 20 35 21 35
23 33 24 33 24 36 23 36
22 34 21 33 22 32 23 33
23 37 21 35 22 34 24 36
22 36 22 37 23 37 23 36
29 17 30 17 30 20 29 20
28 15 28 17 29 17 29 15
24 34 23 33 24 32 25 33
30 16 32 18 31 19 29 17
17 17 19 19 21 17 19 15
18 19 18 17 19 17 19 19
17 19 18 19 18 21 17 21
12 27 15 30 16 29 13 26
12 26 13 26 13 27 12 27
11 27 12 26 13 27 12 28
11 28 11 27 12 27 12 28
9 30 11 28 14 31 12 33
9 32 9 30 12 30 12 32
28 39 28 38 25 38 25 39
27 40 25 38 26 37 28 39
26 40 26 37 27 37 27 40
11 26 11 24 12 24 12 26
10 27 11 26 12 27 11 28
10 26 11 26 11 27 10 27
16 22 13 22 13 19 16 19
39 33 39 29 37 29 37 33
17 13 17 15 19 15 19 13
18 11 15 14 16 15 19 12
19 11 19 12 18 12 18 11
13 38 12 37 15 34 16 35
38 37 37 38 34 35 35 34
38 35 38 37 35 37 35 35
13 37 12 37 12 33 13 33
11 34 12 33 16 37 15 38
11 36 11 34 14 34 14 36
17 11 17 13 15 13 15 11
18 10 19 11 18 12 17 11
17 10 18 10 18 11 17 11
16 9 17 10 14 13 13 12
14 9 16 9 16 12 14 12
37 10 37 14 27 14 27 10
39 12 37 14 35 12 37 10
