best-score: 801355
count: 23
elapsed-time: 4.7
80
14 15 13 14 14 13 15 14
15 16 14 17 13 16 14 15
14 16 14 17 13 17 13 16
15 15 15 16 14 16 14 15
17 22 17 21 18 21 18 22
22 12 22 13 21 13 21 12
19 7 19 8 18 8 18 7
19 6 20 7 19 8 18 7
20 6 20 7 19 7 19 6
13 12 13 14 15 14 15 12
11 10 11 12 13 12 13 10
12 11 11 10 12 9 13 10
12 13 11 12 12 11 13 12
12 15 12 13 14 13 14 15
11 14 12 13 13 14 12 15
8 15 9 16 11 14 10 13
10 15 8 15 8 13 10 13
17 10 15 12 13 10 15 8
15 10 17 10 17 11 15 11
14 10 14 8 15 8 15 10
11 16 11 14 13 14 13 16
12 17 11 16 12 15 13 16
10 17 10 15 12 15 12 17
7 18 8 19 10 17 9 16
8 18 8 19 7 19 7 18
10 20 9 21 7 19 8 18
18 15 17 16 15 14 16 13
12 18 13 18 13 17 12 17
10 11 10 13 12 13 12 11
10 9 9 10 10 11 11 10
10 10 9 10 9 9 10 9
9 12 10 11 11 12 10 13
9 14 9 12 11 12 11 14
20 15 22 13 23 14 21 16
20 17 18 17 18 15 20 15
21 18 20 17 21 16 22 17
23 16 23 18 21 18 21 16
24 17 23 18 22 17 23 16
12 25 10 23 12 21 14 23
7 7 7 9 9 9 9 7
18 14 18 15 15 15 15 14
21 11 18 14 15 11 18 8
19 11 19 8 21 8 21 11
20 14 18 12 19 11 21 13
23 15 23 14 20 14 20 15
24 14 23 15 21 13 22 12
18 20 17 21 13 17 14 16
21 20 21 21 18 21 18 20
17 13 21 13 21 16 17 16
14 18 14 17 18 17 18 18
20 12 20 14 18 14 18 12
9 19 11 19 11 16 9 16
8 21 9 21 9 19 8 19
9 22 8 21 12 17 13 18
9 24 8 23 9 22 10 23
7 24 7 22 9 22 9 24
6 23 7 22 8 23 7 24
6 21 8 21 8 23 6 23
7 20 8 21 7 22 6 21
20 16 23 19 21 21 18 18
14 22 13 23 10 20 11 19
13 22 13 18 14 18 14 22
10 22 13 22 13 23 10 23
17 23 17 22 14 22 14 23
16 22 17 21 18 22 17 23
10 21 10 22 9 22 9 21
12 20 12 21 10 21 10 20
9 11 14 16 15 15 10 10
15 21 15 16 17 16 17 21
15 25 12 25 12 21 15 21
7 17 8 18 15 11 14 10
15 23 14 22 15 21 16 22
25 14 23 16 17 10 19 8
25 17 24 17 24 14 25 14
20 23 20 17 22 17 22 23
23 20 20 23 18 21 21 18
21 19 21 20 23 20 23 19
18 19 18 18 21 18 21 19
18 27 14 23 18 19 22 23
12 19 18 19 18 20 12 20
