best-score: 635692
count: 6
elapsed-time: 4.568
106
32 28 33 27 34 28 33 29
33 28 34 28 34 29 33 29
32 27 32 28 33 28 33 27
34 20 35 20 35 21 34 21
17 37 18 36 19 37 18 38
33 13 34 13 34 14 33 14
24 22 24 24 23 24 23 22
23 21 24 22 22 24 21 23
23 30 24 30 24 32 23 32
23 35 22 34 24 32 25 33
35 26 36 27 34 29 33 28
23 34 22 34 22 32 23 32
23 29 21 31 22 32 24 30
37 25 35 25 35 23 37 23
29 18 29 17 31 17 31 18
15 22 15 23 17 23 17 22
33 23 35 21 37 23 35 25
20 39 19 39 19 37 20 37
17 36 17 37 15 37 15 36
21 27 23 29 26 26 24 24
20 27 20 23 21 23 21 27
20 33 17 30 20 27 23 30
21 33 20 33 20 31 21 31
30 35 27 38 23 34 26 31
15 25 19 29 21 27 17 23
19 30 23 30 23 29 19 29
17 32 19 30 20 31 18 33
13 30 13 32 17 32 17 30
28 16 24 20 25 21 29 17
31 32 31 29 33 29 33 32
35 36 31 32 34 29 38 33
37 38 36 39 34 37 35 36
18 26 15 23 18 20 21 23
26 35 23 35 23 34 26 34
36 30 34 28 37 25 39 27
39 30 36 30 36 27 39 27
30 32 31 32 31 35 30 35
35 16 31 20 29 18 33 14
38 16 38 20 35 20 35 16
23 43 19 39 23 35 27 39
40 22 37 25 35 23 38 20
20 36 18 36 18 33 20 33
19 35 21 33 22 34 20 36
14 32 18 36 19 35 15 31
32 17 31 18 34 21 35 20
16 21 17 22 21 18 20 17
34 18 34 20 31 20 31 18
30 38 30 39 27 39 27 38
35 35 31 39 30 38 34 34
39 36 39 35 35 35 35 36
37 17 34 20 31 17 34 14
38 18 37 17 38 16 39 17
41 35 38 38 35 35 38 32
23 36 20 39 17 36 20 33
23 37 20 37 20 36 23 36
27 41 23 37 26 34 30 38
24 41 24 39 27 39 27 41
42 26 34 34 26 26 34 18
42 27 39 27 39 26 42 26
39 24 42 27 39 30 36 27
24 28 24 24 29 24 29 28
20 21 26 15 29 18 23 24
23 17 23 21 20 21 20 17
15 21 17 23 23 17 21 15
15 19 16 19 16 21 15 21
34 31 34 34 26 34 26 31
38 37 33 32 34 31 39 36
37 37 38 37 38 38 37 38
26 33 23 30 29 24 32 27
20 25 26 31 29 28 23 22
10 29 13 32 20 25 17 22
26 27 26 31 21 31 21 27
32 26 32 27 26 27 26 26
32 25 35 25 35 26 32 26
31 22 24 22 24 20 31 20
15 27 20 27 20 31 15 31
30 28 31 29 26 34 25 33
29 32 30 32 30 28 29 28
26 29 29 32 26 35 23 32
29 23 21 23 21 18 29 18
33 24 33 23 29 23 29 24
36 24 36 27 33 27 33 24
19 15 24 20 23 21 18 16
19 18 19 15 21 15 21 18
30 23 32 25 33 24 31 22
9 26 13 30 20 23 16 19
13 35 19 29 21 31 15 37
28 14 33 14 33 16 28 16
21 21 28 14 31 17 24 24
9 21 15 27 21 21 15 15
9 22 9 21 15 21 15 22
29 26 34 21 39 26 34 31
23 20 29 26 26 29 20 23
33 33 33 32 38 32 38 33
39 23 37 23 37 17 39 17
21 42 15 36 18 33 24 39
37 34 37 37 34 37 34 34
41 30 41 35 39 35 39 30
31 27 30 28 24 22 25 21
9 33 18 33 18 26 9 26
25 42 21 42 21 33 25 33
28 39 25 42 24 41 27 38
10 18 10 29 19 29 19 18
34 43 34 37 23 37 23 43
43 34 34 43 30 39 39 30
43 25 43 34 37 34 37 25
