best-score: 762629
count: 1
elapsed-time: 5.659
603
30 32 29 31 30 30 31 31
31 32 30 32 30 31 31 31
29 30 29 31 30 31 30 30
30 29 30 28 31 28 31 29
31 30 30 31 29 30 30 29
32 29 32 30 31 30 31 29
34 29 33 30 32 29 33 28
33 29 34 29 34 30 33 30
32 28 33 29 32 30 31 29
29 29 30 30 31 29 30 28
32 31 32 30 33 30 33 31
33 32 32 33 31 32 32 31
34 31 35 32 34 33 33 32
34 32 33 32 33 31 34 31
35 31 34 32 33 31 34 30
36 30 37 31 36 32 35 31
35 30 36 30 36 31 35 31
36 29 35 30 34 29 35 28
35 29 35 28 36 28 36 29
34 28 35 29 34 30 33 29
32 32 31 31 32 30 33 31
33 33 33 32 32 32 32 33
25 31 26 32 27 31 26 30
25 30 25 29 26 29 26 30
24 31 25 31 25 30 24 30
24 29 23 30 24 31 25 30
25 28 24 29 23 28 24 27
24 28 25 28 25 29 24 29
25 27 26 28 25 29 24 28
26 27 26 28 25 28 25 27
27 26 27 27 26 27 26 26
27 28 26 27 27 26 28 27
27 29 26 29 26 28 27 28
28 28 27 29 26 28 27 27
35 33 35 32 34 32 34 33
34 34 33 33 34 32 35 33
33 35 34 34 35 35 34 36
33 34 34 34 34 35 33 35
31 34 32 35 33 34 32 33
37 29 36 30 35 29 36 28
37 30 36 30 36 29 37 29
37 28 36 29 37 30 38 29
38 28 38 29 37 29 37 28
38 30 37 29 38 28 39 29
39 30 38 30 38 29 39 29
39 31 39 30 40 30 40 31
38 32 39 31 40 32 39 33
39 32 39 33 38 33 38 32
38 31 39 30 40 31 39 32
37 32 36 31 37 30 38 31
27 25 28 26 27 27 26 26
28 25 27 25 27 24 28 24
26 25 27 26 28 25 27 24
23 31 22 30 23 29 24 30
22 31 22 30 23 30 23 31
21 32 20 31 21 30 22 31
32 36 32 35 33 35 33 36
27 33 27 34 26 34 26 33
25 33 26 34 27 33 26 32
25 32 26 32 26 33 25 33
22 29 22 28 23 28 23 29
20 29 21 30 22 29 21 28
21 29 21 30 20 30 20 29
19 29 20 30 21 29 20 28
19 28 20 28 20 29 19 29
35 27 36 26 37 27 36 28
33 27 34 28 35 27 34 26
32 27 33 27 33 28 32 28
34 27 33 28 32 27 33 26
35 26 36 27 35 28 34 27
34 25 34 26 35 26 35 25
35 24 36 25 35 26 34 25
36 24 36 25 35 25 35 24
37 24 36 24 36 23 37 23
38 25 38 24 37 24 37 25
38 26 38 25 39 25 39 26
39 27 38 28 37 27 38 26
38 27 39 27 39 28 38 28
37 26 38 25 39 26 38 27
35 36 34 37 33 36 34 35
36 35 36 36 35 36 35 35
40 29 39 30 38 29 39 28
30 21 29 22 28 21 29 20
29 21 29 20 30 20 30 21
28 22 29 22 29 21 28 21
27 21 28 20 29 21 28 22
26 21 26 20 27 20 27 21
27 22 26 21 27 20 28 21
33 24 34 25 33 26 32 25
21 27 21 28 22 28 22 27
22 26 23 27 22 28 21 27
23 26 23 27 22 27 22 26
40 28 40 29 39 29 39 28
41 29 40 30 39 29 40 28
41 30 40 30 40 29 41 29
42 31 41 32 40 31 41 30
35 37 35 36 34 36 34 37
36 38 35 37 36 36 37 37
35 39 36 39 36 38 35 38
34 40 35 39 36 40 35 41
34 41 34 40 35 40 35 41
33 40 34 39 35 40 34 41
33 39 34 39 34 40 33 40
32 40 32 39 31 39 31 40
33 41 33 40 32 40 32 41
34 38 33 37 34 36 35 37
33 38 33 37 34 37 34 38
32 38 33 38 33 39 32 39
31 37 32 38 31 39 30 38
31 38 30 38 30 37 31 37
30 39 31 38 32 39 31 40
41 31 41 32 40 32 40 31
42 30 42 31 41 31 41 30
42 29 43 29 43 30 42 30
41 28 42 29 41 30 40 29
42 28 42 29 41 29 41 28
42 27 43 27 43 28 42 28
25 37 26 37 26 38 25 38
27 37 26 38 25 37 26 36
29 37 28 38 27 37 28 36
29 36 30 36 30 37 29 37
28 39 29 40 28 41 27 40
40 34 40 33 39 33 39 34
29 41 30 42 29 43 28 42
28 40 28 41 29 41 29 40
27 39 27 40 28 40 28 39
29 39 28 40 27 39 28 38
30 40 30 39 29 39 29 40
31 41 30 40 31 39 32 40
30 41 30 40 31 40 31 41
31 42 30 41 31 40 32 41
32 42 31 42 31 41 32 41
34 42 33 43 32 42 33 41
33 42 33 41 34 41 34 42
32 43 33 43 33 42 32 42
33 44 32 43 33 42 34 43
34 44 33 44 33 43 34 43
24 36 25 37 24 38 23 37
31 43 30 42 31 41 32 42
30 43 30 42 31 42 31 43
31 44 30 43 31 42 32 43
32 44 31 44 31 43 32 43
33 45 32 44 33 43 34 44
32 45 32 44 33 44 33 45
29 42 29 41 30 41 30 42
28 43 29 43 29 42 28 42
29 44 28 45 27 44 28 43
30 44 29 44 29 43 30 43
31 45 30 44 31 43 32 44
30 45 30 44 31 44 31 45
31 46 30 45 31 44 32 45
32 46 31 46 31 45 32 45
44 29 43 30 42 29 43 28
24 24 23 24 23 23 24 23
24 22 23 23 24 24 25 23
25 22 25 23 24 23 24 22
41 34 40 33 41 32 42 33
38 23 37 24 36 23 37 22
39 24 38 23 39 22 40 23
33 19 32 19 32 18 33 18
31 19 32 20 33 19 32 18
31 20 31 19 32 19 32 20
32 21 31 22 30 21 31 20
32 22 32 21 33 21 33 22
31 21 32 20 33 21 32 22
30 22 31 22 31 21 30 21
27 42 28 41 29 42 28 43
27 41 28 41 28 42 27 42
30 19 31 18 32 19 31 20
30 18 31 18 31 19 30 19
29 19 28 18 29 17 30 18
28 19 29 19 29 20 28 20
29 18 30 19 29 20 28 19
30 17 30 18 29 18 29 17
28 17 29 18 30 17 29 16
28 16 29 16 29 17 28 17
29 15 30 16 29 17 28 16
30 15 30 16 29 16 29 15
25 39 24 39 24 38 25 38
24 40 23 39 24 38 25 39
27 19 28 19 28 18 27 18
26 18 27 17 28 18 27 19
26 17 27 17 27 18 26 18
27 16 28 17 27 18 26 17
39 23 39 24 38 24 38 23
40 22 40 23 39 23 39 22
39 36 39 37 38 37 38 36
40 37 39 38 38 37 39 36
40 38 39 38 39 37 40 37
18 31 18 32 17 32 17 31
19 30 20 31 19 32 18 31
18 29 19 28 20 29 19 30
18 30 18 29 19 29 19 30
19 31 18 32 17 31 18 30
20 32 20 31 19 31 19 32
21 31 20 32 19 31 20 30
22 32 22 31 21 31 21 32
40 24 39 25 38 24 39 23
40 25 39 25 39 24 40 24
41 26 40 25 41 24 42 25
40 27 41 26 42 27 41 28
41 27 41 28 40 28 40 27
42 26 42 27 41 27 41 26
44 26 43 27 42 26 43 25
44 25 45 25 45 26 44 26
43 24 43 25 44 25 44 24
43 26 42 25 43 24 44 25
44 27 43 28 42 27 43 26
38 22 38 23 37 23 37 22
39 21 40 22 39 23 38 22
38 21 39 21 39 22 38 22
37 21 37 20 38 20 38 21
36 22 37 21 38 22 37 23
36 21 37 21 37 22 36 22
26 40 25 39 26 38 27 39
26 42 25 41 26 40 27 41
40 26 41 27 40 28 39 27
41 25 41 26 40 26 40 25
42 24 42 25 41 25 41 24
41 23 42 24 41 25 40 24
41 22 42 22 42 23 41 23
42 21 43 22 42 23 41 22
43 21 43 22 42 22 42 21
44 22 43 23 42 22 43 21
44 23 43 23 43 22 44 22
45 24 45 23 44 23 44 24
46 25 45 26 44 25 45 24
38 38 37 37 38 36 39 37
37 38 37 37 38 37 38 38
36 37 37 38 36 39 35 38
37 36 37 37 36 37 36 36
24 37 24 38 23 38 23 37
25 36 25 37 24 37 24 36
33 20 32 19 33 18 34 19
34 20 33 20 33 19 34 19
34 22 33 21 34 20 35 21
34 23 33 23 33 22 34 22
32 23 33 24 34 23 33 22
32 24 32 23 33 23 33 24
26 19 27 18 28 19 27 20
25 20 26 20 26 19 25 19
24 21 25 20 26 21 25 22
24 18 25 19 26 18 25 17
22 36 23 37 22 38 21 37
22 37 21 37 21 36 22 36
21 38 22 37 23 38 22 39
20 38 21 38 21 39 20 39
35 42 35 43 34 43 34 42
35 44 34 43 35 42 36 43
36 44 35 44 35 43 36 43
35 45 34 44 35 43 36 44
34 45 34 44 35 44 35 45
33 46 32 45 33 44 34 45
34 46 33 46 33 45 34 45
33 47 32 46 33 45 34 46
32 47 32 46 33 46 33 47
22 40 21 39 22 38 23 39
36 41 36 42 35 42 35 41
37 40 36 41 35 40 36 39
38 41 38 40 37 40 37 41
37 39 37 40 36 40 36 39
39 39 38 40 37 39 38 38
38 39 38 38 39 38 39 39
39 40 38 41 37 40 38 39
18 34 18 35 17 35 17 34
17 33 18 34 17 35 16 34
16 33 17 33 17 34 16 34
18 33 17 34 16 33 17 32
19 34 18 33 19 32 20 33
16 35 17 36 18 35 17 34
16 36 16 35 17 35 17 36
18 36 17 37 16 36 17 35
18 37 17 37 17 36 18 36
27 45 26 45 26 44 27 44
22 41 21 40 22 39 23 40
23 41 22 41 22 40 23 40
24 42 23 41 24 40 25 41
41 21 40 22 41 23 42 22
40 21 41 21 41 22 40 22
39 20 40 21 39 22 38 21
40 20 40 21 39 21 39 20
39 19 40 20 39 21 38 20
38 19 39 19 39 20 38 20
39 18 40 19 39 20 38 19
38 17 39 16 40 17 39 18
39 17 38 17 38 16 39 16
39 15 38 16 39 17 40 16
40 15 40 16 39 16 39 15
23 19 23 20 22 20 22 19
22 18 23 17 24 18 23 19
21 19 22 19 22 18 21 18
19 19 20 20 21 19 20 18
26 16 26 17 25 17 25 16
25 15 26 16 25 17 24 16
24 15 25 15 25 16 24 16
24 17 23 16 24 15 25 16
23 18 24 18 24 17 23 17
22 17 23 18 22 19 21 18
21 16 21 17 22 17 22 16
22 15 23 16 22 17 21 16
44 35 45 36 44 37 43 36
43 35 44 35 44 36 43 36
44 34 45 35 44 36 43 35
45 34 45 35 44 35 44 34
23 42 24 43 23 44 22 43
23 43 23 42 24 42 24 43
22 44 23 44 23 43 22 43
21 45 22 45 22 44 21 44
21 43 20 44 21 45 22 44
35 46 34 45 35 44 36 45
36 46 35 46 35 45 36 45
35 47 34 46 35 45 36 46
34 47 34 46 35 46 35 47
33 48 32 47 33 46 34 47
34 48 33 48 33 47 34 47
19 40 20 41 21 40 20 39
40 18 40 19 39 19 39 18
38 18 39 19 40 18 39 17
46 24 45 25 44 24 45 23
15 23 16 22 17 23 16 24
16 23 15 23 15 22 16 22
17 24 17 23 16 23 16 24
17 22 16 23 17 24 18 23
16 21 17 20 18 21 17 22
14 21 15 22 16 21 15 20
14 20 15 20 15 21 14 21
15 19 16 20 15 21 14 20
16 19 16 20 15 20 15 19
43 37 44 36 45 37 44 38
43 38 43 37 44 37 44 38
42 39 43 38 44 39 43 40
18 22 18 23 17 23 17 22
19 22 18 22 18 21 19 21
14 23 15 22 16 23 15 24
14 24 14 23 15 23 15 24
41 42 41 41 40 41 40 42
42 41 43 42 42 43 41 42
42 40 43 40 43 41 42 41
42 42 41 41 42 40 43 41
41 43 42 43 42 42 41 42
40 44 39 43 40 42 41 43
40 45 40 44 41 44 41 45
40 43 39 44 40 45 41 44
39 42 39 43 40 43 40 42
37 42 38 43 39 42 38 41
37 43 36 43 36 42 37 42
38 42 37 43 36 42 37 41
39 41 39 42 38 42 38 41
40 40 40 41 39 41 39 40
41 39 40 40 39 39 40 38
41 40 41 39 42 39 42 40
40 39 41 40 40 41 39 40
41 38 41 39 40 39 40 38
21 42 22 43 21 44 20 43
20 42 21 42 21 43 20 43
20 17 20 18 21 18 21 17
20 15 19 16 20 17 21 16
38 44 38 43 39 43 39 44
37 45 36 44 37 43 38 44
43 39 44 38 45 39 44 40
42 38 42 39 43 39 43 38
17 21 17 22 16 22 16 21
18 20 19 21 18 22 17 21
17 19 18 18 19 19 18 20
18 19 18 20 17 20 17 19
17 18 18 19 17 20 16 19
16 18 17 18 17 19 16 19
16 16 15 17 16 18 17 17
16 17 15 17 15 16 16 16
16 15 15 16 16 17 17 16
17 15 17 16 16 16 16 15
19 18 19 19 18 19 18 18
20 19 19 18 20 17 21 18
21 20 21 19 20 19 20 20
22 21 21 20 22 19 23 20
21 21 21 20 22 20 22 21
20 22 19 21 20 20 21 21
20 23 19 23 19 22 20 22
19 24 18 23 19 22 20 23
18 24 18 23 19 23 19 24
17 25 18 25 18 24 17 24
15 25 16 26 17 25 16 24
16 25 15 25 15 24 16 24
17 26 16 25 17 24 18 25
16 27 17 27 17 26 16 26
21 46 20 45 21 44 22 45
20 46 20 45 21 45 21 46
45 40 45 39 44 39 44 40
46 39 45 40 44 39 45 38
42 44 41 43 42 42 43 43
42 46 41 45 42 44 43 45
46 38 46 39 45 39 45 38
42 45 41 44 42 43 43 44
43 46 43 45 42 45 42 46
18 15 19 16 18 17 17 16
18 16 18 17 17 17 17 16
19 15 19 16 18 16 18 15
18 14 19 15 18 16 17 15
17 14 18 14 18 15 17 15
19 17 18 18 17 17 18 16
20 16 20 17 19 17 19 16
21 15 21 16 20 16 20 15
20 14 21 15 20 16 19 15
19 14 20 14 20 15 19 15
18 13 19 14 18 15 17 14
19 13 19 14 18 14 18 13
31 35 32 36 31 37 30 36
32 34 32 35 31 35 31 34
31 33 32 32 33 33 32 34
29 38 29 39 28 39 28 38
28 37 29 36 30 37 29 38
27 36 27 37 28 37 28 36
27 38 26 37 27 36 28 37
26 39 27 39 27 38 26 38
25 40 26 40 26 39 25 39
26 41 25 40 26 39 27 40
25 42 26 42 26 41 25 41
26 43 25 42 26 41 27 42
25 44 26 43 27 44 26 45
25 43 26 43 26 44 25 44
24 44 23 43 24 42 25 43
35 22 34 23 35 24 36 23
34 21 34 22 35 22 35 21
35 20 36 21 35 22 34 21
36 20 36 21 35 21 35 20
37 19 38 20 37 21 36 20
37 17 36 18 37 19 38 18
37 18 37 17 38 17 38 18
36 19 37 18 38 19 37 20
35 18 36 19 35 20 34 19
35 19 35 18 36 18 36 19
34 18 35 19 34 20 33 19
21 33 20 33 20 32 21 32
22 34 22 33 21 33 21 34
23 33 22 34 21 33 22 32
24 32 25 33 24 34 23 33
23 32 23 31 24 31 24 32
24 33 23 32 24 31 25 32
23 34 24 34 24 33 23 33
22 35 21 34 22 33 23 34
23 36 22 37 21 36 22 35
24 35 25 36 24 37 23 36
25 34 24 35 23 34 24 33
26 35 25 34 26 33 27 34
25 35 26 35 26 36 25 36
27 35 26 36 25 35 26 34
23 35 22 35 22 34 23 34
21 35 22 36 23 35 22 34
19 33 18 33 18 32 19 32
20 34 20 33 19 33 19 34
19 35 18 34 19 33 20 34
19 36 18 36 18 35 19 35
20 35 19 36 18 35 19 34
20 36 20 35 21 35 21 36
19 37 18 36 19 35 20 36
20 37 19 37 19 36 20 36
19 38 18 37 19 36 20 37
18 38 18 37 19 37 19 38
19 39 18 38 19 37 20 38
20 40 20 39 19 39 19 40
19 41 18 40 19 39 20 40
18 41 18 40 19 40 19 41
35 23 35 22 36 22 36 23
34 24 33 23 34 22 35 23
33 25 34 24 35 25 34 26
32 26 33 26 33 25 32 25
31 25 32 24 33 25 32 26
31 24 32 24 32 25 31 25
30 23 31 22 32 23 31 24
30 24 30 23 31 23 31 24
29 23 30 22 31 23 30 24
28 23 29 23 29 24 28 24
26 23 27 24 28 23 27 22
25 24 24 23 25 22 26 23
26 24 25 24 25 23 26 23
27 23 28 24 27 25 26 24
26 22 26 23 27 23 27 22
25 21 26 20 27 21 26 22
24 20 24 21 25 21 25 20
23 21 22 20 23 19 24 20
23 22 23 21 24 21 24 22
22 23 23 22 24 23 23 24
21 22 22 23 21 24 20 23
20 21 20 22 21 22 21 21
19 20 20 19 21 20 20 21
22 22 22 23 23 23 23 22
27 43 26 43 26 42 27 42
28 44 27 45 26 44 27 43
29 45 29 44 28 44 28 45
24 41 23 40 24 39 25 40
27 15 26 16 27 17 28 16
26 15 27 15 27 16 26 16
21 41 20 41 20 40 21 40
22 42 21 41 22 40 23 41
37 44 37 45 36 45 36 44
38 45 37 44 38 43 39 44
19 42 20 42 20 41 19 41
22 14 23 15 22 16 21 15
23 14 23 15 22 15 22 14
31 27 32 26 33 27 32 28
31 26 32 26 32 27 31 27
30 25 31 24 32 25 31 26
29 26 28 25 29 24 30 25
29 27 28 27 28 26 29 26
30 26 31 27 30 28 29 27
29 25 29 26 30 26 30 25
30 27 31 26 32 27 31 28
29 28 30 28 30 27 29 27
28 29 29 29 29 28 28 28
27 30 26 29 27 28 28 29
26 31 27 31 27 30 26 30
27 32 26 33 25 32 26 31
28 30 27 30 27 29 28 29
28 32 27 31 28 30 29 31
28 33 27 33 27 32 28 32
29 34 28 33 30 31 31 32
29 35 27 35 27 34 29 34
30 34 29 35 27 33 28 32
30 33 31 33 31 34 30 34
23 25 24 24 26 26 25 27
21 25 21 24 23 24 23 25
20 26 18 24 19 23 21 25
19 27 20 26 21 27 20 28
17 28 19 28 19 27 17 27
18 27 17 28 16 27 17 26
20 25 22 27 23 26 21 24
18 26 20 26 20 25 18 25
18 28 17 27 18 26 19 27
17 29 18 28 19 29 18 30
37 35 39 33 40 34 38 36
36 34 37 35 36 36 35 35
37 34 37 35 36 35 36 34
38 35 37 36 36 35 37 34
40 35 39 36 38 35 39 34
42 37 42 35 40 35 40 37
41 36 42 35 43 36 42 37
22 24 23 25 22 26 21 25
21 23 22 22 23 23 22 24
20 24 21 24 21 23 20 23
16 29 18 31 17 32 15 30
16 28 17 28 17 29 16 29
15 27 16 26 17 27 16 28
15 28 15 27 16 27 16 28
44 33 42 31 43 30 45 32
43 34 44 33 45 34 44 35
42 34 43 34 43 35 42 35
41 33 41 34 42 34 42 33
42 32 41 33 40 32 41 31
44 32 44 33 42 33 42 32
45 31 44 32 42 30 43 29
44 31 45 31 45 32 44 32
33 17 32 18 30 16 31 15
36 16 34 18 33 17 35 15
37 15 38 16 37 17 36 16
41 35 40 34 41 33 42 34
42 36 40 38 39 37 41 35
19 26 18 25 19 24 20 25
20 27 19 28 18 27 19 26
21 26 21 27 20 27 20 26
34 17 34 18 33 18 33 17
36 17 35 18 34 17 35 16
37 16 37 17 36 17 36 16
38 15 38 16 37 16 37 15
39 14 40 15 39 16 38 15
38 14 39 14 39 15 38 15
32 17 33 18 34 17 33 16
32 16 33 16 33 17 32 17
31 16 31 15 32 15 32 16
31 14 30 15 31 16 32 15
30 14 31 14 31 15 30 15
33 15 35 15 35 16 33 16
16 38 18 38 18 40 16 40
17 39 16 38 17 37 18 38
15 37 15 39 17 39 17 37
14 38 15 37 16 38 15 39
14 36 16 36 16 38 14 38
15 35 16 36 15 37 14 36
15 34 16 34 16 35 15 35
17 41 16 40 17 39 18 40
17 43 19 41 20 42 18 44
18 43 17 43 17 41 18 41
17 42 18 41 19 42 18 43
46 42 45 43 43 41 44 40
46 43 45 43 45 42 46 42
44 45 43 44 45 42 46 43
45 41 45 42 43 42 43 41
45 44 45 43 43 43 43 44
16 45 18 45 18 44 16 44
18 47 16 45 18 43 20 45
42 16 42 15 44 15 44 16
42 17 40 17 40 16 42 16
45 16 43 18 42 17 44 15
44 18 45 18 45 16 44 16
42 20 40 18 42 16 44 18
41 20 42 20 42 21 41 21
44 19 42 21 41 20 43 18
43 19 43 18 44 18 44 19
37 33 36 34 35 33 36 32
38 34 38 33 37 33 37 34
39 35 39 34 38 34 38 35
36 33 36 34 35 34 35 33
31 17 30 17 30 16 31 16
41 19 41 20 40 20 40 19
