best-score: 730243
count: 4
elapsed-time: 4.802
206
25 21 25 20 24 20 24 21
22 23 23 24 22 25 21 24
22 24 22 23 23 23 23 24
20 24 21 25 22 24 21 23
20 23 21 23 21 24 20 24
20 25 19 24 20 23 21 24
19 25 19 24 20 24 20 25
21 26 20 27 19 26 20 25
20 26 20 25 21 25 21 26
19 27 20 27 20 26 19 26
18 26 19 25 20 26 19 27
18 25 19 25 19 26 18 26
26 21 25 22 24 21 25 20
26 22 25 22 25 21 26 21
26 20 25 21 26 22 27 21
27 20 27 21 26 21 26 20
28 19 29 20 28 21 27 20
29 18 29 19 28 19 28 18
28 17 29 16 30 17 29 18
29 17 28 17 28 16 29 16
29 15 28 16 29 17 30 16
30 15 30 16 29 16 29 15
21 27 20 26 21 25 22 26
22 27 21 27 21 26 22 26
23 26 22 27 21 26 22 25
24 25 24 26 23 26 23 25
24 22 25 23 24 24 23 23
24 23 24 22 25 22 25 23
25 24 24 25 23 24 24 23
25 25 24 25 24 24 25 24
23 21 24 22 25 21 24 20
23 22 23 21 24 21 24 22
12 20 13 20 13 21 12 21
16 24 15 24 15 23 16 23
15 25 16 24 17 25 16 26
14 23 15 23 15 22 14 22
13 24 14 23 15 24 14 25
13 25 13 24 14 24 14 25
14 26 13 25 14 24 15 25
13 27 14 26 15 27 14 28
20 29 19 28 20 27 21 28
13 23 12 22 13 21 14 22
20 28 21 28 21 27 20 27
19 29 20 29 20 28 19 28
18 28 19 29 18 30 17 29
18 29 17 29 17 28 18 28
18 27 17 28 18 29 19 28
17 26 18 25 19 26 18 27
16 25 16 26 17 26 17 25
17 24 16 25 15 24 16 23
18 24 18 25 17 25 17 24
19 23 20 24 19 25 18 24
18 23 19 23 19 24 18 24
23 27 22 26 23 25 24 26
17 27 18 27 18 26 17 26
27 19 26 18 27 17 28 18
28 20 28 19 27 19 27 20
29 21 29 20 28 20 28 21
28 22 27 21 28 20 29 21
27 22 27 21 28 21 28 22
11 22 12 22 12 21 11 21
15 26 16 27 17 26 16 25
14 27 15 27 15 26 14 26
13 28 14 28 14 27 13 27
12 29 13 28 14 29 13 30
13 29 13 30 12 30 12 29
12 28 13 29 12 30 11 29
25 16 24 15 25 14 26 15
27 18 27 17 28 17 28 18
26 19 27 19 27 18 26 18
25 19 26 19 26 20 25 20
19 30 18 30 18 29 19 29
30 18 29 19 28 18 29 17
10 22 11 23 12 22 11 21
10 23 10 22 11 22 11 23
12 23 11 24 10 23 11 22
12 24 11 24 11 23 12 23
24 14 23 13 24 12 25 13
25 15 25 14 24 14 24 15
26 16 26 15 25 15 25 16
27 15 28 16 27 17 26 16
26 14 26 15 27 15 27 14
26 12 25 13 26 14 27 13
26 13 25 13 25 12 26 12
24 13 25 14 26 13 25 12
23 12 23 13 24 13 24 12
15 28 16 29 17 28 16 27
15 29 15 28 16 28 16 29
14 30 13 29 14 28 15 29
15 30 14 30 14 29 15 29
13 26 14 27 15 26 14 25
26 17 27 16 28 17 27 18
13 22 13 23 12 23 12 22
14 21 14 22 13 22 13 21
15 20 14 21 13 20 14 19
17 30 16 30 16 29 17 29
16 31 15 30 16 29 17 30
15 31 15 30 16 30 16 31
30 24 30 23 29 23 29 24
18 31 17 30 18 29 19 30
17 31 17 30 18 30 18 31
16 32 15 31 16 30 17 31
17 32 16 32 16 31 17 31
28 13 27 14 28 15 29 14
29 12 29 13 28 13 28 12
30 13 30 14 29 14 29 13
31 14 30 15 29 14 30 13
31 15 30 15 30 14 31 14
11 11 10 12 11 13 12 12
24 16 23 15 24 14 25 15
23 16 23 15 24 15 24 16
18 21 16 23 15 22 17 20
21 18 19 18 19 16 21 16
21 14 19 16 21 18 23 16
22 14 22 16 21 16 21 14
20 12 21 11 23 13 22 14
21 12 20 12 20 11 21 11
19 12 20 13 21 12 20 11
19 13 19 12 20 12 20 13
19 11 18 12 19 13 20 12
18 11 19 11 19 12 18 12
17 14 16 13 18 11 19 12
23 17 25 19 24 20 22 18
22 17 22 16 23 16 23 17
16 22 18 22 18 23 16 23
15 21 16 22 15 23 14 22
17 21 15 21 15 20 17 20
17 23 16 22 17 21 18 22
21 15 22 14 23 15 22 16
13 19 13 17 14 17 14 19
14 20 13 21 12 20 13 19
15 19 15 20 14 20 14 19
14 16 13 17 15 19 16 18
28 24 27 25 25 23 26 22
29 25 28 24 29 23 30 24
28 25 28 24 29 24 29 25
28 26 27 26 27 25 28 25
30 26 29 27 28 26 29 25
29 26 30 26 30 27 29 27
28 27 27 26 28 25 29 26
29 29 29 27 28 27 28 29
26 23 27 22 29 24 28 25
27 23 26 23 26 22 27 22
26 24 25 24 25 23 26 23
22 28 23 27 25 29 24 30
23 28 22 28 22 27 23 27
22 29 21 28 22 27 23 28
21 29 21 28 22 28 22 29
20 30 19 29 20 28 21 29
21 30 20 30 20 29 21 29
20 31 19 30 20 29 21 30
19 31 19 30 20 30 20 31
18 32 17 31 18 30 19 31
19 32 18 32 18 31 19 31
18 33 17 32 18 31 19 32
17 33 17 32 18 32 18 33
9 25 10 26 12 24 11 23
9 26 9 25 10 25 10 26
12 27 11 28 9 26 10 25
12 26 13 26 13 27 12 27
11 27 12 26 13 27 12 28
28 10 28 12 26 12 26 10
26 8 28 10 26 12 24 10
25 8 26 8 26 10 25 10
29 28 28 29 27 28 28 27
31 28 30 29 29 28 30 27
10 10 10 12 12 12 12 10
11 9 12 10 11 11 10 10
16 20 15 21 14 20 15 19
16 15 14 17 17 20 19 18
18 13 18 15 16 15 16 13
23 20 20 23 18 21 21 18
24 17 24 20 23 20 23 17
25 17 24 17 24 16 25 16
25 18 25 17 26 17 26 18
22 19 25 19 25 18 22 18
21 19 22 19 22 23 21 23
19 21 21 19 23 21 21 23
19 20 23 20 23 21 19 21
17 18 17 20 19 20 19 18
16 17 18 15 19 16 17 18
13 14 16 17 14 19 11 16
17 12 17 14 13 14 13 12
19 22 19 21 18 21 18 22
20 22 20 23 19 23 19 22
24 19 25 18 26 19 25 20
17 17 17 18 16 18 16 17
15 17 15 15 16 15 16 17
26 29 23 26 24 25 27 28
13 13 15 15 18 12 16 10
24 28 24 26 27 26 27 28
23 30 24 30 24 28 23 28
22 31 21 30 22 29 23 30
25 31 22 31 22 29 25 29
28 30 24 26 25 25 29 29
26 30 26 29 28 29 28 30
26 25 26 29 25 29 25 25
24 29 23 28 26 25 27 26
26 9 25 10 28 13 29 12
27 24 27 25 26 25 26 24
28 23 28 24 27 24 27 23
29 22 29 23 28 23 28 22
18 9 18 11 11 11 11 9
19 10 18 11 17 10 18 9
20 10 20 11 19 11 19 10
13 9 12 10 21 19 22 18
