best-score: 774759
count: 2
elapsed-time: 4.802
339
25 22 26 21 27 22 26 23
23 22 24 23 25 22 24 21
24 22 23 22 23 21 24 21
22 22 23 23 24 22 23 21
22 23 22 22 23 22 23 23
20 23 21 24 22 23 21 22
25 23 24 23 24 22 25 22
20 24 21 24 21 25 20 25
26 22 26 21 27 21 27 22
27 23 26 22 27 21 28 22
28 23 27 23 27 22 28 22
22 25 21 26 20 25 21 24
22 26 21 26 21 25 22 25
29 21 28 22 29 23 30 22
30 20 29 21 28 20 29 19
31 19 32 20 31 21 30 20
31 20 31 19 32 19 32 20
30 21 31 21 31 20 30 20
31 22 30 21 31 20 32 21
32 22 31 22 31 21 32 21
31 23 30 22 31 21 32 22
31 24 31 23 32 23 32 24
30 23 31 22 32 23 31 24
29 22 29 23 30 23 30 22
28 21 29 22 28 23 27 22
27 20 27 21 28 21 28 20
25 20 26 21 27 20 26 19
24 19 25 20 24 21 23 20
16 24 17 25 18 24 17 23
16 25 16 24 17 24 17 25
15 24 16 23 17 24 16 25
14 25 15 25 15 24 14 24
19 24 18 25 17 24 18 23
19 25 18 25 18 24 19 24
20 26 19 27 18 26 19 25
19 26 19 25 20 25 20 26
17 27 18 27 18 26 17 26
16 26 17 25 18 26 17 27
15 26 15 25 16 25 16 26
16 27 15 26 16 25 17 26
17 28 17 27 16 27 16 28
30 24 31 25 32 24 31 23
28 24 29 25 30 24 29 23
29 24 28 24 28 23 29 23
30 25 30 24 29 24 29 25
19 29 18 28 19 27 20 28
19 28 20 28 20 29 19 29
20 27 19 28 18 27 19 26
21 27 20 27 20 26 21 26
21 29 20 28 21 27 22 28
20 30 21 30 21 29 20 29
19 31 18 30 19 29 20 30
18 31 19 31 19 32 18 32
17 30 17 31 18 31 18 30
16 22 16 23 17 23 17 22
17 21 18 22 17 23 16 22
18 21 18 22 17 22 17 21
17 20 18 21 17 22 16 21
16 20 17 20 17 21 16 21
15 23 15 24 16 24 16 23
14 22 15 21 16 22 15 23
18 20 18 21 19 21 19 20
17 19 18 20 17 21 16 20
18 19 18 20 17 20 17 19
27 16 27 17 26 17 26 16
27 14 26 15 27 16 28 15
28 14 28 15 27 15 27 14
27 13 28 14 27 15 26 14
26 13 27 13 27 14 26 14
25 14 24 13 25 12 26 13
25 16 24 15 25 14 26 15
25 15 26 15 26 16 25 16
24 14 24 15 25 15 25 14
25 13 26 14 25 15 24 14
26 12 26 13 25 13 25 12
28 16 27 17 26 16 27 15
23 15 22 14 23 13 24 14
23 16 22 16 22 15 23 15
23 14 22 15 23 16 24 15
22 13 22 14 23 14 23 13
23 12 24 13 23 14 22 13
24 12 24 13 23 13 23 12
25 11 26 12 25 13 24 12
24 11 25 11 25 12 24 12
17 29 16 28 17 27 18 28
16 30 17 29 18 30 17 31
16 29 17 29 17 30 16 30
15 28 16 27 17 28 16 29
15 29 15 28 16 28 16 29
33 25 34 26 33 27 32 26
32 25 32 24 33 24 33 25
31 26 32 26 32 25 31 25
33 26 32 27 31 26 32 25
34 25 34 26 33 26 33 25
35 25 34 25 34 24 35 24
35 27 34 26 35 25 36 26
33 23 34 24 33 25 32 24
34 23 34 24 33 24 33 23
33 22 34 23 33 24 32 23
34 21 33 22 32 21 33 20
15 22 15 21 16 21 16 22
14 23 15 23 15 22 14 22
13 24 14 23 15 24 14 25
13 23 14 23 14 24 13 24
18 29 18 28 17 28 17 29
19 30 19 29 18 29 18 30
20 31 19 30 20 29 21 30
33 21 32 21 32 20 33 20
34 22 34 21 33 21 33 22
35 22 35 23 34 23 34 22
36 23 35 24 34 23 35 22
36 24 35 24 35 23 36 23
21 14 21 15 22 15 22 14
20 16 19 17 18 16 19 15
21 17 20 16 21 15 22 16
22 17 22 18 21 18 21 17
31 30 31 29 32 29 32 30
34 20 33 21 34 22 35 21
35 20 35 21 34 21 34 20
36 21 35 22 34 21 35 20
36 22 35 22 35 21 36 21
37 23 36 24 35 23 36 22
20 32 19 33 18 32 19 31
20 33 19 33 19 32 20 32
21 32 20 33 19 32 20 31
19 16 19 17 18 17 18 16
20 15 20 16 19 16 19 15
21 16 20 15 21 14 22 15
20 17 21 17 21 16 20 16
19 18 18 17 19 16 20 17
20 18 19 18 19 17 20 17
21 19 20 18 21 17 22 18
20 19 20 18 21 18 21 19
37 22 37 23 36 23 36 22
34 19 33 20 32 19 33 18
36 19 35 20 34 19 35 18
33 19 34 19 34 20 33 20
32 18 32 19 33 19 33 18
31 17 32 18 31 19 30 18
17 33 16 32 17 31 18 32
16 34 17 34 17 33 16 33
30 30 31 29 32 30 31 31
30 31 30 30 31 30 31 31
32 17 33 16 34 17 33 18
31 18 32 18 32 17 31 17
30 19 31 19 31 18 30 18
29 20 30 20 30 19 29 19
28 19 29 20 28 21 27 20
14 17 15 18 14 19 13 18
19 14 20 15 19 16 18 15
18 14 19 14 19 15 18 15
13 28 13 29 12 29 12 28
11 28 12 29 13 28 12 27
11 27 12 27 12 28 11 28
13 27 12 28 11 27 12 26
15 32 16 32 16 33 15 33
15 34 14 33 15 32 16 33
14 34 14 33 15 33 15 34
15 35 14 34 15 33 16 34
16 35 15 35 15 34 16 34
11 29 12 30 13 29 12 28
11 30 11 29 12 29 12 30
33 17 33 16 34 16 34 17
34 18 33 19 32 18 33 17
35 19 35 18 34 18 34 19
36 20 36 19 35 19 35 20
37 21 36 22 35 21 36 20
17 14 16 15 15 14 16 13
33 35 32 34 33 33 34 34
33 37 32 36 33 35 34 36
33 34 33 35 32 35 32 34
34 33 35 34 34 35 33 34
35 33 35 34 34 34 34 33
31 13 31 12 32 12 32 13
33 36 33 35 34 35 34 36
32 37 33 37 33 36 32 36
31 36 32 35 33 36 32 37
31 35 32 35 32 36 31 36
36 15 35 15 35 14 36 14
13 13 12 13 12 12 13 12
11 13 12 14 13 13 12 12
11 14 11 13 12 13 12 14
13 14 12 15 11 14 12 13
13 15 12 15 12 14 13 14
25 21 24 22 25 23 26 22
24 20 24 21 25 21 25 20
23 19 23 20 24 20 24 19
22 20 23 19 24 20 23 21
22 21 22 20 23 20 23 21
21 21 22 21 22 22 21 22
20 20 21 19 22 20 21 21
19 19 19 20 20 20 20 19
18 18 19 17 20 18 19 19
19 23 20 24 19 25 18 24
20 22 19 23 18 22 19 21
21 23 21 22 20 22 20 23
22 24 22 23 21 23 21 24
23 25 22 26 21 25 22 24
21 28 20 27 21 26 22 27
22 29 22 28 21 28 21 29
19 22 19 23 18 23 18 22
20 21 19 22 18 21 19 20
21 20 22 21 21 22 20 21
22 19 22 20 21 20 21 19
23 18 23 19 22 19 22 18
24 17 23 18 22 17 23 16
25 18 24 17 25 16 26 17
21 31 21 32 20 32 20 31
22 32 21 33 20 32 21 31
22 33 21 33 21 32 22 32
13 26 13 27 12 27 12 26
14 27 13 26 14 25 15 26
14 28 13 28 13 27 14 27
14 30 13 29 14 28 15 29
14 29 13 28 14 27 15 28
13 30 14 30 14 29 13 29
15 30 14 31 13 30 14 29
16 31 15 30 16 29 17 30
15 31 15 30 16 30 16 31
14 32 15 32 15 31 14 31
13 31 14 30 15 31 14 32
12 31 12 30 13 30 13 31
37 20 37 21 36 21 36 20
38 21 37 22 36 21 37 20
38 22 37 22 37 21 38 21
11 26 12 25 13 26 12 27
11 25 12 25 12 26 11 26
17 32 17 31 16 31 16 32
18 33 17 34 16 33 17 32
23 24 23 25 22 25 22 24
24 24 23 24 23 23 24 23
25 25 24 26 23 25 24 24
22 30 21 31 20 30 21 29
23 30 22 30 22 29 23 29
22 31 21 30 22 29 23 30
23 32 22 33 21 32 22 31
23 31 23 32 22 32 22 31
24 30 24 31 23 31 23 30
26 25 26 23 25 23 25 25
27 26 26 25 28 23 29 24
24 27 22 27 22 26 24 26
24 29 24 27 26 27 26 29
25 30 24 31 23 30 24 29
26 31 25 30 26 29 27 30
24 32 26 32 26 31 24 31
25 31 24 32 23 31 24 30
26 26 25 25 27 23 28 24
27 27 27 26 26 26 26 27
25 26 23 24 24 23 26 25
24 25 24 26 25 26 25 25
25 28 24 27 25 26 26 27
27 28 27 30 25 30 25 28
28 27 27 28 26 27 27 26
28 28 27 28 27 27 28 27
30 26 28 28 27 27 29 25
31 27 30 26 31 25 32 26
30 27 30 26 31 26 31 27
29 26 30 25 31 26 30 27
27 25 27 26 29 26 29 25
27 18 27 20 25 20 25 18
28 17 27 18 26 17 27 16
28 18 27 18 27 17 28 17
29 17 30 18 29 19 28 18
30 14 28 16 29 17 31 15
31 14 31 15 30 15 30 14
31 16 30 15 31 14 32 15
29 16 31 16 31 17 29 17
29 14 28 15 29 16 30 15
25 27 23 29 22 28 24 26
26 28 25 27 26 26 27 27
26 33 25 34 23 32 24 31
27 35 27 33 26 33 26 35
28 36 27 35 28 34 29 35
27 29 28 28 30 30 29 31
24 34 23 34 23 32 24 32
25 35 24 34 26 32 27 33
24 35 24 34 25 34 25 35
25 36 24 35 25 34 26 35
26 36 25 36 25 35 26 35
29 18 29 19 28 19 28 18
30 17 31 18 30 19 29 18
29 28 30 27 32 29 31 30
13 20 15 22 16 21 14 19
15 20 13 20 13 18 15 18
22 37 21 36 23 34 24 35
21 37 21 36 22 36 22 37
20 34 19 35 21 37 22 36
21 34 20 34 20 33 21 33
16 17 15 18 17 20 18 19
14 15 14 17 16 17 16 15
14 13 13 14 14 15 15 14
14 14 13 14 13 13 14 13
33 29 33 27 32 27 32 29
34 30 33 29 35 27 36 28
30 32 28 34 27 33 29 31
29 32 29 31 30 31 30 32
28 29 27 30 29 32 30 31
29 29 28 29 28 28 29 28
16 18 16 17 18 17 18 18
17 17 18 18 17 19 16 18
34 28 34 26 36 26 36 28
29 15 29 16 28 16 28 15
18 35 19 35 19 33 18 33
19 36 18 35 20 33 21 34
21 35 21 36 19 36 19 35
23 35 21 35 21 34 23 34
32 16 31 16 31 15 32 15
33 15 34 16 33 17 32 16
34 14 33 15 31 13 32 12
35 13 36 14 35 15 34 14
34 13 35 13 35 14 34 14
12 19 12 17 14 17 14 19
11 18 12 17 13 18 12 19
18 36 16 34 17 33 19 35
16 36 16 35 18 35 18 36
37 16 35 18 34 17 36 15
17 36 16 35 17 34 18 35
15 12 15 14 17 14 17 12
14 11 15 12 14 13 13 12
16 11 16 13 14 13 14 11
33 13 33 15 32 15 32 13
30 13 31 12 32 13 31 14
29 13 30 13 30 14 29 14
30 12 31 13 30 14 29 13
11 32 13 34 14 33 12 31
14 37 13 36 15 34 16 35
37 35 36 36 34 34 35 33
14 36 13 36 13 34 14 34
15 37 14 36 15 35 16 36
15 36 15 37 14 37 14 36
37 28 36 29 33 26 34 25
37 29 36 29 36 28 37 28
15 13 18 16 17 17 14 14
33 30 34 30 34 33 33 33
35 29 36 29 36 33 35 33
11 33 14 33 14 32 11 32
10 32 12 30 13 31 11 33
10 30 11 30 11 32 10 32
8 32 10 30 14 34 12 36
