best-score: 813863
count: 2
elapsed-time: 4.84
402
27 24 27 25 26 25 26 24
28 25 27 26 26 25 27 24
28 26 27 26 27 25 28 25
28 24 27 25 28 26 29 25
29 24 28 24 28 23 29 23
29 22 28 23 29 24 30 23
25 28 24 29 23 28 24 27
26 29 27 29 27 30 26 30
25 30 26 29 27 30 26 31
24 31 23 30 24 29 25 30
25 32 25 31 24 31 24 32
26 32 25 31 26 30 27 31
26 33 25 33 25 32 26 32
24 33 25 34 26 33 25 32
24 34 24 33 25 33 25 34
23 33 24 32 25 33 24 34
23 32 24 32 24 33 23 33
22 33 23 32 24 33 23 34
22 34 22 33 23 33 23 34
22 32 21 33 22 34 23 33
21 32 22 32 22 33 21 33
17 25 18 26 19 25 18 24
17 26 17 25 18 25 18 26
18 27 17 26 18 25 19 26
18 28 18 27 19 27 19 28
20 28 19 29 18 28 19 27
21 28 20 29 19 28 20 27
21 29 20 29 20 28 21 28
28 31 28 30 27 30 27 31
20 26 20 27 19 27 19 26
19 24 19 25 18 25 18 24
18 23 19 24 18 25 17 24
17 23 18 23 18 24 17 24
19 23 18 24 17 23 18 22
20 24 20 23 19 23 19 24
21 25 20 26 19 25 20 24
20 25 20 24 21 24 21 25
21 26 20 27 19 26 20 25
27 32 27 31 26 31 26 32
29 31 28 30 29 29 30 30
29 32 28 32 28 31 29 31
28 33 27 32 28 31 29 32
27 33 27 32 28 32 28 33
26 34 25 33 26 32 27 33
25 35 26 34 27 35 26 36
26 35 25 35 25 34 26 34
27 36 27 35 26 35 26 36
25 36 26 37 27 36 26 35
25 37 25 36 26 36 26 37
24 18 23 17 24 16 25 17
15 26 16 26 16 25 15 25
16 27 15 26 16 25 17 26
16 28 15 28 15 27 16 27
15 29 14 28 15 27 16 28
14 29 14 28 15 28 15 29
14 31 13 30 14 29 15 30
13 32 14 31 15 32 14 33
19 22 19 23 18 23 18 22
21 22 20 23 19 22 20 21
24 17 24 18 23 18 23 17
25 16 25 17 24 17 24 16
26 17 25 16 26 15 27 16
26 16 27 16 27 17 26 17
25 15 25 16 26 16 26 15
26 14 27 15 26 16 25 15
27 14 27 15 26 15 26 14
27 34 27 33 26 33 26 34
28 35 28 34 27 34 27 35
29 34 28 35 27 34 28 33
19 30 20 30 20 29 19 29
29 33 28 34 27 33 28 32
30 33 29 33 29 32 30 32
32 33 31 34 30 33 31 32
31 33 31 32 32 32 32 33
30 34 29 33 30 32 31 33
23 15 24 14 25 15 24 16
17 29 16 28 17 27 18 28
16 29 17 29 17 30 16 30
16 31 15 30 16 29 17 30
15 31 15 30 16 30 16 31
14 32 15 32 15 31 14 31
15 33 14 32 15 31 16 32
16 33 15 33 15 32 16 32
15 23 16 24 15 25 14 24
26 18 25 17 26 16 27 17
25 18 25 17 26 17 26 18
27 18 26 19 25 18 26 17
27 19 26 19 26 18 27 18
31 29 32 30 31 31 30 30
31 30 31 29 32 29 32 30
30 29 31 28 32 29 31 30
30 28 31 28 31 29 30 29
17 28 16 29 15 28 16 27
18 29 17 28 18 27 19 28
18 31 17 30 18 29 19 30
18 33 17 32 18 31 19 32
28 15 28 16 27 16 27 15
30 31 31 31 31 30 30 30
32 31 31 32 30 31 31 30
33 31 32 31 32 30 33 30
34 32 34 31 33 31 33 32
33 33 32 32 33 31 34 32
34 33 34 34 33 34 33 33
35 32 34 33 33 32 34 31
35 33 34 33 34 32 35 32
35 35 34 34 35 33 36 34
29 15 28 16 29 17 30 16
19 19 18 20 17 19 18 18
19 20 18 20 18 19 19 19
20 19 19 20 18 19 19 18
35 28 35 27 36 27 36 28
34 29 35 29 35 28 34 28
35 30 34 31 33 30 34 29
36 29 36 30 35 30 35 29
37 28 36 29 35 28 36 27
37 29 36 29 36 28 37 28
20 18 20 19 19 19 19 18
20 20 19 19 20 18 21 19
19 21 20 21 20 20 19 20
17 21 18 22 19 21 18 20
13 28 14 29 15 28 14 27
13 27 14 27 14 28 13 28
13 25 12 26 13 27 14 26
13 26 12 26 12 25 13 25
14 25 15 26 14 27 13 26
15 24 15 25 14 25 14 24
16 23 17 24 16 25 15 24
17 18 17 19 18 19 18 18
37 24 37 23 38 23 38 24
35 24 36 25 37 24 36 23
36 24 36 25 35 25 35 24
37 25 36 24 37 23 38 24
18 17 19 17 19 18 18 18
20 17 19 18 18 17 19 16
14 30 15 29 16 30 15 31
13 29 13 30 14 30 14 29
12 28 13 27 14 28 13 29
12 29 12 28 13 28 13 29
23 13 22 14 21 13 22 12
17 31 17 32 16 32 16 31
18 30 18 31 17 31 17 30
19 31 18 30 19 29 20 30
18 32 19 32 19 31 18 31
15 21 14 21 14 20 15 20
16 20 15 21 14 20 15 19
31 35 31 34 32 34 32 35
29 35 30 36 31 35 30 34
28 36 27 35 28 34 29 35
29 36 28 36 28 35 29 35
28 37 27 36 28 35 29 36
27 37 27 36 28 36 28 37
26 38 25 37 26 36 27 37
27 38 26 38 26 37 27 37
26 39 25 38 26 37 27 38
25 39 25 38 26 38 26 39
14 19 13 20 14 21 15 20
20 16 20 17 19 17 19 16
21 17 20 18 19 17 20 16
21 18 20 18 20 17 21 17
33 35 32 34 33 33 34 34
29 38 28 38 28 37 29 37
28 39 27 38 28 37 29 38
27 39 27 38 28 38 28 39
26 40 25 39 26 38 27 39
27 40 26 40 26 39 27 39
16 19 16 20 15 20 15 19
17 20 16 19 17 18 18 19
18 21 18 20 17 20 17 21
17 22 18 21 19 22 18 23
16 22 17 22 17 23 16 23
14 22 15 23 16 22 15 21
20 13 19 14 18 13 19 12
19 13 19 12 20 12 20 13
18 14 19 14 19 13 18 13
17 13 18 12 19 13 18 14
17 12 18 12 18 13 17 13
17 14 16 13 17 12 18 13
16 14 16 13 17 13 17 14
20 14 19 13 20 12 21 13
21 14 20 14 20 13 21 13
13 33 14 33 14 32 13 32
15 34 16 35 15 36 14 35
14 34 14 33 15 33 15 34
13 35 12 34 13 33 14 34
13 34 14 34 14 35 13 35
12 33 12 34 13 34 13 33
37 18 36 17 37 16 38 17
37 17 38 17 38 18 37 18
35 17 36 18 37 17 36 16
35 18 35 17 36 17 36 18
33 37 33 38 32 38 32 37
33 39 32 38 33 37 34 38
34 39 33 39 33 38 34 38
34 37 33 38 34 39 35 38
39 17 38 18 37 17 38 16
35 15 36 14 37 15 36 16
35 14 36 14 36 15 35 15
35 16 34 15 35 14 36 15
34 17 35 16 36 17 35 18
33 16 34 17 33 18 32 17
32 15 33 14 34 15 33 16
39 16 39 17 38 17 38 16
38 15 38 16 37 16 37 15
37 14 38 15 37 16 36 15
15 12 15 13 16 13 16 12
15 14 14 13 15 12 16 13
14 14 14 13 15 13 15 14
15 15 14 14 15 13 16 14
16 15 15 15 15 14 16 14
35 39 34 38 35 37 36 38
36 39 35 39 35 38 36 38
22 27 23 28 22 29 21 28
24 19 23 18 24 17 25 18
25 19 24 19 24 18 25 18
26 20 25 19 26 18 27 19
25 20 25 19 26 19 26 20
24 20 25 20 25 21 24 21
23 19 24 18 25 19 24 20
22 18 23 19 22 20 21 19
22 19 22 18 23 18 23 19
21 20 22 20 22 19 21 19
29 30 29 29 30 29 30 30
28 29 29 30 28 31 27 30
23 20 23 19 24 19 24 20
22 21 21 20 22 19 23 20
23 21 22 21 22 20 23 20
24 22 23 21 24 20 25 21
23 22 23 21 24 21 24 22
22 23 21 22 22 21 23 22
22 25 21 24 22 23 23 24
22 26 21 26 21 25 22 25
22 17 21 18 22 19 23 18
22 16 23 17 22 18 21 17
21 15 22 14 23 15 22 16
19 15 20 16 21 15 20 14
20 15 19 15 19 14 20 14
18 15 19 16 20 15 19 14
17 15 17 14 18 14 18 15
18 16 17 15 18 14 19 15
17 17 18 16 19 17 18 18
17 16 18 16 18 17 17 17
16 17 17 16 18 17 17 18
16 18 16 17 17 17 17 18
23 16 23 17 22 17 22 16
24 15 24 16 23 16 23 15
25 14 25 15 24 15 24 14
26 13 27 14 26 15 25 14
25 13 26 13 26 14 25 14
24 12 25 13 24 14 23 13
24 13 24 12 25 12 25 13
23 14 24 13 25 14 24 15
22 13 22 14 23 14 23 13
21 12 22 13 21 14 20 13
26 11 27 12 26 13 25 12
30 35 30 34 29 34 29 35
31 36 30 37 29 36 30 35
31 37 30 37 30 36 31 36
30 38 29 37 30 36 31 37
21 16 20 16 20 15 21 15
22 15 21 16 20 15 21 14
33 36 32 37 31 36 32 35
32 36 32 35 33 35 33 36
34 36 33 37 32 36 33 35
35 36 35 37 34 37 34 36
34 35 35 36 34 37 33 36
35 34 35 35 34 35 34 34
36 33 36 34 35 34 35 33
16 16 16 15 17 15 17 16
15 17 16 16 17 17 16 18
15 16 16 16 16 17 15 17
14 15 15 14 16 15 15 16
14 16 14 15 15 15 15 16
13 15 14 16 13 17 12 16
12 14 13 13 14 14 13 15
13 14 12 14 12 13 13 13
13 12 12 13 13 14 14 13
14 12 14 13 13 13 13 12
15 11 16 12 15 13 14 12
14 11 15 11 15 12 14 12
34 16 35 16 35 17 34 17
33 15 33 16 34 16 34 15
32 14 32 15 33 15 33 14
32 16 31 15 32 14 33 15
31 16 31 15 32 15 32 16
34 14 33 15 34 16 35 15
36 36 35 37 34 36 35 35
36 35 36 36 35 36 35 35
37 34 36 35 35 34 36 33
37 35 36 35 36 34 37 34
38 36 38 35 37 35 37 36
37 37 36 36 37 35 38 36
36 37 36 36 37 36 37 37
37 38 36 39 35 38 36 37
23 26 22 27 21 26 22 25
23 27 22 27 22 26 23 26
24 28 24 27 23 27 23 28
25 29 25 28 24 28 24 29
26 28 27 29 26 30 25 29
33 17 32 17 32 16 33 16
34 18 33 17 34 16 35 17
34 19 34 18 35 18 35 19
25 24 26 25 24 27 23 26
26 23 25 24 23 22 24 21
27 22 28 23 27 24 26 23
27 20 29 20 29 22 27 22
26 21 25 20 26 19 27 20
25 23 26 23 26 21 25 21
23 23 25 23 25 24 23 24
24 24 23 23 24 22 25 23
25 25 23 27 22 26 24 24
26 26 25 25 26 24 27 25
25 26 25 25 26 25 26 26
27 28 27 26 26 26 26 28
29 26 30 27 28 29 27 28
30 25 29 26 28 25 29 24
30 26 29 26 29 25 30 25
26 27 27 28 26 29 25 28
27 27 28 26 30 28 29 29
25 27 26 28 27 27 26 26
24 26 24 27 25 27 25 26
22 30 21 29 23 27 24 28
21 30 21 29 22 29 22 30
22 31 21 30 22 29 23 30
23 31 22 31 22 30 23 30
21 31 22 32 23 31 22 30
20 31 20 30 21 30 21 31
20 33 19 32 20 31 21 32
21 35 21 33 20 33 20 35
19 33 21 35 19 37 17 35
20 32 20 33 19 33 19 32
22 22 22 23 23 23 23 22
21 23 19 21 20 20 22 22
20 22 20 23 21 23 21 22
22 24 21 24 21 23 22 23
23 25 23 24 22 24 22 25
24 25 24 26 23 26 23 25
28 28 28 29 27 29 27 28
29 28 28 28 28 26 29 26
32 25 30 25 30 23 32 23
34 23 32 25 30 23 32 21
34 21 36 21 36 23 34 23
32 19 32 21 34 21 34 19
30 21 32 19 34 21 32 23
28 21 29 22 30 21 29 20
21 21 21 22 22 22 22 21
24 30 25 31 24 32 23 31
23 29 23 30 24 30 24 29
22 28 22 29 23 29 23 28
21 27 21 28 22 28 22 27
33 26 31 28 30 27 32 25
32 22 30 22 30 21 32 21
29 18 27 18 27 17 29 17
30 19 29 18 31 16 32 17
30 17 32 17 32 19 30 19
29 16 29 17 30 17 30 16
28 17 27 16 28 15 29 16
28 19 27 18 28 17 29 18
29 19 30 19 30 20 29 20
37 27 37 25 36 25 36 27
38 28 37 29 36 28 37 27
21 34 20 35 19 34 20 33
30 13 28 15 27 14 29 12
29 13 29 12 30 12 30 13
28 13 29 13 29 15 28 15
28 11 28 13 26 13 26 11
18 34 19 34 19 33 18 33
39 22 38 23 36 21 37 20
39 23 38 23 38 22 39 22
17 36 16 35 18 33 19 34
18 36 18 37 17 37 17 36
14 17 14 19 15 19 15 17
15 18 14 17 15 16 16 17
37 31 35 33 34 32 36 30
36 20 36 18 37 18 37 20
40 20 38 22 36 20 38 18
16 36 17 36 17 35 16 35
16 38 15 37 16 36 17 37
13 16 13 17 14 17 14 16
12 15 12 16 13 16 13 15
16 37 15 37 15 36 16 36
17 38 17 37 16 37 16 38
12 36 13 35 15 37 14 38
33 23 30 26 29 25 32 22
34 22 36 24 35 25 33 23
33 21 35 19 36 20 34 22
31 19 33 21 32 22 30 20
30 18 32 16 33 17 31 19
28 18 29 19 30 18 29 17
33 27 33 26 30 26 30 27
34 26 33 27 29 23 30 22
36 26 35 27 34 26 35 25
38 26 37 27 36 26 37 25
33 22 33 23 32 23 32 22
21 36 25 36 25 35 21 35
19 38 18 37 20 35 21 36
18 38 18 37 19 37 19 38
23 38 21 36 23 34 25 36
23 37 25 37 25 38 23 38
22 36 24 34 25 35 23 37
39 20 36 23 34 21 37 18
40 17 40 20 39 20 39 17
39 18 38 17 39 16 40 17
