best-score: 745540
count: 4
elapsed-time: 4.832
175
24 20 25 21 24 22 23 21
25 20 25 21 24 21 24 20
26 21 25 22 24 21 25 20
28 21 27 22 26 21 27 20
23 22 23 21 24 21 24 22
26 22 25 22 25 21 26 21
28 29 29 30 28 31 27 30
29 29 29 30 28 30 28 29
30 30 29 31 28 30 29 29
30 31 29 31 29 30 30 30
31 30 30 31 29 30 30 29
31 29 31 30 30 30 30 29
32 30 31 31 30 30 31 29
32 31 31 31 31 30 32 30
11 27 12 27 12 26 11 26
13 18 13 19 12 19 12 18
11 18 12 19 13 18 12 17
17 34 16 33 17 32 18 33
16 35 17 35 17 34 16 34
17 31 17 32 16 32 16 31
13 33 12 32 13 31 14 32
14 34 13 35 12 34 13 33
12 16 11 15 12 14 13 15
11 16 12 16 12 17 11 17
31 34 31 35 30 35 30 34
13 17 12 18 11 17 12 16
22 23 23 22 25 24 24 25
20 21 22 23 20 25 18 23
20 20 22 22 23 21 21 19
23 23 23 22 22 22 22 23
24 24 24 22 25 22 25 24
26 26 24 24 26 22 28 24
26 28 25 27 26 26 27 27
25 29 26 28 28 30 27 31
24 29 25 29 25 31 24 31
26 25 25 24 27 22 28 23
24 26 26 26 26 25 24 25
28 20 26 22 25 21 27 19
27 21 28 21 28 20 27 20
18 25 20 25 20 27 18 27
16 27 14 25 16 23 18 25
18 29 16 31 14 29 16 27
16 29 16 27 18 27 18 29
14 31 16 31 16 29 14 29
13 32 14 32 14 31 13 31
12 33 13 33 13 32 12 32
11 33 12 33 12 34 11 34
30 21 30 23 28 23 28 21
27 29 27 27 25 27 25 29
20 19 19 18 21 16 22 17
21 20 21 19 20 19 20 20
22 19 24 21 23 22 21 20
21 17 21 19 22 19 22 17
18 22 18 23 16 23 16 22
32 21 30 23 28 21 30 19
19 20 20 19 21 20 20 21
19 21 19 20 20 20 20 21
16 20 18 22 19 21 17 19
14 21 16 21 16 20 14 20
10 21 12 23 14 21 12 19
27 33 25 35 23 33 25 31
30 32 28 34 27 33 29 31
31 32 30 32 30 31 31 31
33 32 32 33 31 32 32 31
33 34 31 34 31 32 33 32
32 35 31 34 32 33 33 34
32 19 32 21 31 21 31 19
31 18 33 16 34 17 32 19
30 18 31 18 31 19 30 19
29 21 28 20 30 18 31 19
13 24 14 25 12 27 11 26
12 24 12 23 13 23 13 24
31 28 30 27 32 25 33 26
33 29 33 28 31 28 31 29
29 27 30 27 30 29 29 29
32 28 31 29 29 27 30 26
34 26 35 27 33 29 32 28
34 27 34 26 35 26 35 27
34 25 33 26 34 27 35 26
33 25 34 25 34 26 33 26
28 33 28 31 27 31 27 33
30 33 30 34 28 34 28 33
29 32 30 31 31 32 30 33
27 32 28 33 29 32 28 31
12 31 11 30 13 28 14 29
11 32 12 31 13 32 12 33
11 31 12 31 12 32 11 32
10 32 11 31 12 32 11 33
10 33 10 32 11 32 11 33
15 17 15 18 13 18 13 17
17 15 15 17 13 15 15 13
19 15 18 16 17 15 18 14
23 15 21 17 19 15 21 13
34 29 32 31 31 30 33 28
14 33 16 33 16 32 14 32
13 34 14 34 14 33 13 33
12 35 13 35 13 34 12 34
15 32 14 33 13 32 14 31
29 34 30 33 31 34 30 35
15 36 13 34 14 33 16 35
16 18 14 20 13 19 15 17
19 17 17 19 16 18 18 16
19 16 21 16 21 17 19 17
18 15 18 16 19 16 19 15
20 13 21 14 19 16 18 15
20 14 18 14 18 13 20 13
20 12 21 12 21 13 20 13
17 14 17 15 18 15 18 14
16 17 15 16 17 14 18 15
16 16 16 17 15 17 15 16
17 13 17 14 15 14 15 13
19 11 20 12 18 14 17 13
20 24 24 24 24 25 20 25
21 25 20 24 22 22 23 23
27 25 27 22 26 22 26 25
29 25 29 27 27 27 27 25
32 22 29 25 28 24 31 21
34 21 34 22 32 22 32 21
32 23 30 21 32 19 34 21
33 23 33 25 32 25 32 23
33 21 32 22 33 23 34 22
21 30 18 27 20 25 23 28
20 35 18 33 21 30 23 32
18 35 18 33 20 33 20 35
17 36 16 35 17 34 18 35
18 36 17 36 17 35 18 35
27 26 24 29 23 28 26 25
25 16 27 16 27 19 25 19
24 15 25 16 23 18 22 17
24 18 23 18 23 15 24 15
23 19 24 18 25 19 24 20
22 21 23 21 23 19 22 19
20 22 22 22 22 21 20 21
21 29 17 25 20 22 24 26
21 26 24 26 24 29 21 29
17 18 14 21 16 23 19 20
16 19 17 19 17 18 16 18
23 36 20 33 24 29 27 32
26 32 23 32 23 28 26 28
24 14 28 18 27 19 23 15
18 30 21 30 21 29 18 29
14 28 17 31 18 30 15 27
13 29 14 29 14 28 13 28
9 29 11 31 13 29 11 27
17 28 14 28 14 25 17 25
10 24 12 26 16 22 14 20
17 17 17 18 19 18 19 17
20 32 23 32 23 33 20 33
21 33 18 36 17 35 20 32
16 26 15 27 12 24 13 23
15 26 16 26 16 27 15 27
28 15 30 15 30 18 28 18
23 12 27 16 28 15 24 11
33 27 33 26 30 26 30 27
34 28 34 27 33 27 33 28
27 34 27 33 23 33 23 34
26 35 23 32 24 31 27 34
24 13 24 14 21 14 21 13
28 35 27 34 28 33 29 34
27 35 27 34 28 34 28 35
34 32 34 29 33 29 33 32
35 31 34 32 32 30 33 29
35 33 32 33 32 31 35 31
32 36 31 35 34 32 35 33
31 36 31 35 32 35 32 36
12 29 13 29 13 31 12 31
14 13 11 16 12 17 15 14
33 14 31 14 31 11 33 11
28 14 28 15 24 15 24 14
11 29 13 31 20 24 18 22
9 30 11 30 11 29 9 29
8 31 9 30 11 32 10 33
38 14 31 21 28 18 35 11
38 16 33 16 33 14 38 14
36 14 38 16 33 21 31 19
