best-score: 742999
count: 19
elapsed-time: 4.729
62
24 21 25 20 26 21 25 22
24 25 24 24 23 24 23 25
18 15 18 14 20 14 20 15
13 16 12 16 12 14 13 14
20 23 20 25 18 25 18 23
11 20 10 20 10 18 11 18
17 9 15 11 14 10 16 8
16 9 16 8 17 8 17 9
17 10 16 9 17 8 18 9
18 10 17 10 17 9 18 9
23 10 22 11 24 13 25 12
23 12 23 10 25 10 25 12
26 23 24 25 23 24 25 22
24 23 24 21 26 21 26 23
25 27 23 25 24 24 26 26
10 11 9 11 9 9 10 9
24 26 24 25 26 25 26 26
21 20 18 23 15 20 18 17
21 22 21 20 25 20 25 22
22 25 20 23 21 22 23 24
21 17 18 20 15 17 18 14
18 19 21 19 21 17 18 17
15 19 18 19 18 20 15 20
13 21 10 18 12 16 15 19
22 15 25 18 21 22 18 19
22 18 22 15 25 15 25 18
24 14 21 17 22 18 25 15
21 14 21 13 24 13 24 14
16 11 20 15 21 14 17 10
13 8 16 11 13 14 10 11
10 8 13 8 13 9 10 9
15 15 18 15 18 17 15 17
17 11 18 10 21 13 20 14
16 10 16 11 17 11 17 10
14 9 14 10 16 10 16 9
17 28 15 26 18 23 20 25
11 15 8 12 9 11 12 14
11 11 15 11 15 15 11 15
12 12 11 11 13 9 14 10
12 13 8 13 8 12 12 12
5 20 8 23 11 20 8 17
12 18 9 15 12 12 15 15
11 16 11 18 12 18 12 16
9 16 9 15 11 15 11 16
11 14 13 16 11 18 9 16
26 11 22 11 22 9 26 9
27 10 26 11 25 10 26 9
8 19 15 19 15 17 8 17
5 16 8 13 11 16 8 19
9 20 9 16 5 16 5 20
26 20 21 25 15 19 20 14
15 25 11 25 11 20 15 20
17 23 15 25 10 20 12 18
18 26 15 26 15 25 18 25
26 18 26 20 25 20 25 18
24 16 24 21 13 21 13 16
26 16 24 16 24 14 26 14
27 15 26 16 25 15 26 14
8 28 17 28 17 23 8 23
22 24 12 24 12 18 22 18
27 12 27 15 25 15 25 12
26 13 25 12 26 11 27 12
