best-score: 734554
count: 9
elapsed-time: 4.846
130
22 15 21 14 22 13 23 14
24 17 25 16 26 17 25 18
25 17 24 17 24 16 25 16
26 18 26 17 25 17 25 18
11 22 10 21 11 20 12 21
20 13 19 12 20 11 21 12
20 12 19 12 19 11 20 11
21 13 21 12 20 12 20 13
22 14 22 13 21 13 21 14
23 15 23 14 22 14 22 15
23 13 22 14 23 15 24 14
24 13 24 14 23 14 23 13
29 18 28 19 27 18 28 17
29 19 28 19 28 18 29 18
29 17 28 18 29 19 30 18
30 17 30 18 29 18 29 17
27 17 28 17 28 18 27 18
26 16 27 17 26 18 25 17
27 16 27 17 26 17 26 16
23 27 24 27 24 28 23 28
11 21 11 22 10 22 10 21
12 20 12 21 11 21 11 20
29 16 29 17 28 17 28 16
28 15 29 16 28 17 27 16
27 15 28 15 28 16 27 16
11 12 12 13 11 14 10 13
23 18 25 20 23 22 21 20
21 16 22 15 24 17 23 18
16 23 18 23 18 25 16 25
17 24 16 25 15 24 16 23
19 24 18 25 17 24 18 23
17 26 19 26 19 24 17 24
18 27 17 26 18 25 19 26
23 20 23 18 25 18 25 20
21 22 23 22 23 20 21 20
27 20 26 20 26 18 27 18
25 22 23 20 25 18 27 20
26 22 25 22 25 20 26 20
28 24 28 22 26 22 26 24
26 26 24 24 26 22 28 24
26 30 24 28 26 26 28 28
28 30 26 30 26 29 28 29
14 23 12 23 12 21 14 21
13 26 12 25 14 23 15 24
19 15 18 14 20 12 21 13
9 19 11 21 12 20 10 18
24 26 24 24 26 24 26 26
26 15 25 16 23 14 24 13
25 15 26 15 26 16 25 16
26 14 27 15 26 16 25 15
27 14 27 15 26 15 26 14
27 12 29 12 29 14 27 14
31 12 29 14 27 12 29 10
31 14 30 14 30 12 31 12
32 15 30 17 29 16 31 14
24 11 22 13 21 12 23 10
19 13 17 13 17 12 19 12
20 15 20 13 19 13 19 15
19 16 20 15 21 16 20 17
24 22 26 20 28 22 26 24
23 24 24 24 24 22 23 22
21 26 19 24 21 22 23 24
16 12 17 13 19 11 18 10
17 10 17 12 16 12 16 10
25 30 23 28 24 27 26 29
12 18 10 18 10 17 12 17
14 18 14 20 12 20 12 18
31 15 29 17 28 16 30 14
32 14 32 15 31 15 31 14
30 16 29 16 29 14 30 14
12 26 12 28 11 28 11 26
13 25 13 26 12 26 12 25
30 29 30 28 28 28 28 29
12 9 10 11 11 12 13 10
12 11 12 13 10 13 10 11
14 9 14 11 12 11 12 9
15 10 14 11 13 10 14 9
30 10 30 12 29 12 29 10
22 17 20 17 20 15 22 15
19 14 20 13 21 14 20 15
17 16 15 14 17 12 19 14
17 15 19 15 19 16 17 16
16 14 17 13 18 14 17 15
15 12 15 14 16 14 16 12
17 14 15 12 17 10 19 12
16 15 17 15 17 14 16 14
13 12 13 10 15 10 15 12
14 13 13 12 14 11 15 12
13 14 11 14 11 12 13 12
14 15 13 14 14 13 15 14
14 14 14 15 13 15 13 14
17 19 17 20 21 20 21 19
18 18 17 19 13 15 14 14
18 17 20 17 20 18 18 18
13 20 14 21 18 17 17 16
17 21 14 18 17 15 20 18
15 21 17 21 17 24 15 24
12 24 15 21 16 22 13 25
22 20 21 19 24 16 25 17
18 19 20 17 23 20 21 22
13 16 17 20 18 19 14 15
10 15 12 17 13 16 11 14
10 16 10 15 13 15 13 16
14 12 16 14 12 18 10 16
13 19 13 16 17 16 17 19
13 21 12 20 13 19 14 20
15 20 15 21 14 21 14 20
28 25 26 27 23 24 25 22
28 26 28 25 29 25 29 26
28 27 26 27 26 26 28 26
31 28 30 29 28 27 29 26
16 18 14 18 14 15 16 15
22 10 23 10 23 13 22 13
26 6 30 10 26 14 22 10
26 28 24 26 26 24 28 26
24 29 26 29 26 28 24 28
21 9 22 10 20 12 19 11
17 29 16 30 12 26 13 25
17 30 16 30 16 29 17 29
19 28 17 30 16 29 18 27
19 30 19 28 23 28 23 30
12 8 10 10 14 14 16 12
14 31 11 28 13 26 16 29
26 9 29 12 27 14 24 11
31 27 30 28 28 26 29 25
30 27 31 27 31 28 30 28
21 30 19 28 21 26 23 28
22 28 16 22 17 21 23 27
23 25 23 27 18 27 18 25
26 12 21 12 21 9 26 9
