best-score: 662394
count: 3
elapsed-time: 4.831
205
28 27 28 28 27 28 27 27
25 32 24 33 23 32 24 31
18 26 17 26 17 25 18 25
20 21 20 22 19 22 19 21
15 24 14 23 15 22 16 23
30 18 31 17 32 18 31 19
37 23 36 24 35 23 36 22
36 23 36 22 37 22 37 23
35 24 36 24 36 23 35 23
18 18 18 17 19 17 19 18
18 16 17 17 18 18 19 17
17 16 18 16 18 17 17 17
30 35 29 36 28 35 29 34
13 24 12 24 12 23 13 23
13 22 12 23 13 24 14 23
14 22 14 23 13 23 13 22
19 13 20 12 21 13 20 14
17 33 16 34 15 33 16 32
16 33 17 33 17 34 16 34
15 32 15 33 16 33 16 32
17 32 16 33 15 32 16 31
38 20 37 20 37 19 38 19
36 20 37 21 38 20 37 19
36 21 36 20 37 20 37 21
35 22 36 21 37 22 36 23
35 21 36 21 36 22 35 22
33 37 34 37 34 38 33 38
17 31 17 32 16 32 16 31
27 24 26 25 24 23 25 22
27 25 26 25 26 24 27 24
24 26 25 27 27 25 26 24
22 28 21 27 23 25 24 26
21 28 21 27 22 27 22 28
23 28 22 29 21 28 22 27
23 29 22 29 22 28 23 28
23 27 25 27 25 28 23 28
22 25 22 27 23 27 23 25
20 24 20 25 22 25 22 24
19 23 20 24 18 26 17 25
18 22 19 21 20 22 19 23
16 22 18 22 18 23 16 23
24 22 26 20 28 22 26 24
22 20 24 22 22 24 20 22
22 19 23 19 23 20 22 20
21 22 20 21 22 19 23 20
19 24 21 22 22 23 20 25
20 23 20 24 19 24 19 23
21 23 20 23 20 22 21 22
25 23 24 23 24 22 25 22
25 18 23 20 25 22 27 20
25 17 27 17 27 18 25 18
26 18 25 17 26 16 27 17
27 30 27 28 25 28 25 30
24 24 22 24 22 23 24 23
26 22 26 20 25 20 25 22
26 23 26 22 28 22 28 23
25 24 26 24 26 23 25 23
25 26 24 26 24 24 25 24
27 26 27 27 25 27 25 26
26 27 25 26 26 25 27 26
26 29 25 28 26 27 27 28
26 31 25 30 26 29 27 30
26 33 24 33 24 31 26 31
27 32 26 33 25 32 26 31
23 30 25 30 25 32 23 32
24 29 25 30 24 31 23 30
24 27 23 28 24 29 25 28
23 24 22 25 24 27 25 26
23 22 22 23 23 24 24 23
24 20 24 22 23 22 23 20
24 18 25 18 25 20 24 20
24 16 23 17 24 18 25 17
24 15 26 15 26 16 24 16
28 20 26 22 24 20 26 18
27 21 28 21 28 20 27 20
30 19 28 21 27 20 29 18
30 21 30 19 31 19 31 21
30 22 28 22 28 21 30 21
29 19 28 20 30 22 31 21
28 16 27 17 29 19 30 18
28 18 28 16 29 16 29 18
21 30 22 31 23 30 22 29
17 24 18 25 19 24 18 23
15 25 17 25 17 24 15 24
16 24 15 25 13 23 14 22
22 18 23 19 22 20 21 19
21 15 20 16 22 18 23 17
19 15 19 13 21 13 21 15
17 15 18 16 19 15 18 14
18 15 17 15 17 14 18 14
19 16 18 17 17 16 18 15
20 17 20 16 19 16 19 17
22 16 22 18 24 18 24 16
21 18 21 19 22 19 22 18
20 19 19 18 20 17 21 18
21 21 21 19 20 19 20 21
18 19 17 20 19 22 20 21
17 18 18 17 19 18 18 19
17 19 17 18 18 18 18 19
18 20 17 19 18 18 19 19
19 20 18 20 18 19 19 19
13 26 15 28 17 26 15 24
14 24 14 26 13 26 13 24
15 23 15 24 14 24 14 23
26 37 24 35 26 33 28 35
26 35 28 35 28 37 26 37
33 19 35 21 33 23 31 21
33 22 35 22 35 23 33 23
10 26 12 28 14 26 12 24
20 18 20 19 19 19 19 18
21 17 21 18 20 18 20 17
23 15 23 17 21 17 21 15
33 17 33 19 31 19 31 17
34 18 33 19 32 18 33 17
22 14 22 16 20 16 20 14
35 18 34 19 36 21 37 20
35 19 34 19 34 18 35 18
14 31 13 31 13 29 14 29
18 12 18 14 20 14 20 12
17 13 18 12 19 13 18 14
34 16 32 14 34 12 36 14
32 16 34 16 34 18 32 18
30 14 32 16 31 17 29 15
30 16 30 14 32 14 32 16
36 35 36 33 37 33 37 35
33 34 35 36 36 35 34 33
33 14 33 12 32 12 32 14
29 26 29 25 27 25 27 26
28 25 29 26 28 27 27 26
29 24 28 25 27 24 28 23
20 20 19 19 20 18 21 19
22 17 24 15 27 18 25 20
31 28 29 26 33 22 35 24
33 30 29 34 27 32 31 28
29 30 33 30 33 34 29 34
32 26 28 22 31 19 35 23
32 22 32 26 30 26 30 22
20 29 17 26 18 25 21 28
20 31 20 29 22 29 22 31
21 38 17 34 20 31 24 35
22 36 22 38 21 38 21 36
32 19 30 21 27 18 29 16
19 30 20 31 21 30 20 29
19 31 17 31 17 30 19 30
20 32 19 31 22 28 23 29
24 36 22 38 18 34 20 32
22 35 22 36 24 36 24 35
24 37 22 35 24 33 26 35
18 28 17 29 14 26 15 25
30 11 33 14 29 18 26 15
32 11 32 12 30 12 30 11
28 15 32 11 33 12 29 16
19 32 20 32 20 31 19 31
19 33 17 33 17 32 19 32
19 28 21 28 21 30 19 30
12 32 15 32 15 28 12 28
14 34 12 32 13 31 15 33
14 37 14 34 16 34 16 37
15 36 16 37 15 38 14 37
14 35 16 33 17 34 15 36
10 29 13 29 13 26 10 26
12 31 10 29 12 27 14 29
11 19 14 16 17 19 14 22
14 28 17 31 16 32 13 29
30 37 30 35 33 35 33 37
29 38 28 37 29 36 30 37
29 37 30 37 30 38 29 38
32 34 33 35 30 38 29 37
14 15 14 16 17 16 17 15
10 19 14 15 17 18 13 22
19 39 15 35 16 34 20 38
14 14 14 13 17 13 17 14
37 17 36 17 36 14 37 14
36 18 37 17 38 18 37 19
35 17 35 18 36 18 36 17
35 14 35 17 33 17 33 14
36 34 37 35 34 38 33 37
31 34 30 35 33 38 34 37
19 26 19 28 18 28 18 26
34 32 27 25 30 22 37 29
36 32 36 33 34 33 34 32
39 29 36 32 30 26 33 23
39 33 37 33 37 29 39 29
38 34 37 33 38 32 39 33
35 25 29 25 29 24 35 24
35 29 35 25 37 25 37 29
30 28 30 35 28 35 28 28
17 38 16 37 22 31 23 32
18 38 17 38 17 34 18 34
38 17 33 22 30 19 35 14
37 18 38 18 38 17 37 17
36 19 37 19 37 18 36 18
35 20 36 20 36 19 35 19
38 24 38 32 36 32 36 24
11 20 11 19 17 19 17 20
22 12 30 12 30 14 22 14
23 13 22 14 21 13 22 12
27 9 30 12 26 16 23 13
31 9 31 17 27 17 27 9
30 8 31 9 24 16 23 15
35 33 36 32 37 33 36 34
21 35 21 36 15 36 15 35
29 29 22 36 21 35 28 28
24 13 24 15 23 15 23 13
23 12 24 13 20 17 19 16
