best-score: 593616
count: 5
elapsed-time: 4.633
124
32 25 33 26 32 27 31 26
26 27 25 27 25 25 26 25
25 26 26 25 27 26 26 27
33 25 35 25 35 26 33 26
33 24 33 25 32 25 32 24
33 22 32 23 33 24 34 23
21 24 22 25 20 27 19 26
26 18 27 19 25 21 24 20
16 26 18 28 16 30 14 28
14 26 14 25 16 25 16 26
28 19 27 19 27 17 28 17
19 33 20 34 18 36 17 35
24 40 22 42 20 40 22 38
37 16 39 18 37 20 35 18
41 18 41 19 39 19 39 18
41 40 40 39 42 37 43 38
17 14 17 16 16 16 16 14
30 36 26 32 27 31 31 35
26 40 30 36 31 37 27 41
27 40 27 41 26 41 26 40
31 40 27 40 27 37 31 37
29 34 27 36 31 40 33 38
26 34 26 32 29 32 29 34
38 32 38 28 34 28 34 32
37 25 34 28 38 32 41 29
37 27 38 28 34 32 33 31
38 25 38 27 37 27 37 25
35 24 33 26 36 29 38 27
38 21 35 24 34 23 37 20
42 25 42 21 38 21 38 25
45 22 42 25 38 21 41 18
35 35 35 37 31 37 31 35
41 35 38 38 35 35 38 32
41 38 41 35 43 35 43 38
38 40 41 40 41 38 38 38
31 41 34 44 38 40 35 37
28 44 24 40 27 37 31 41
37 21 33 25 32 24 36 20
38 20 38 21 37 21 37 20
22 21 22 25 25 25 25 21
28 23 26 25 22 21 24 19
28 24 28 23 32 23 32 24
22 24 25 27 28 24 25 21
22 35 25 38 27 36 24 33
25 35 25 38 22 38 22 35
28 36 27 37 25 35 26 34
35 22 35 24 33 24 33 22
32 28 28 24 31 21 35 25
34 27 34 28 32 28 32 27
36 32 39 29 42 32 39 35
22 28 18 28 18 25 22 25
37 24 37 25 35 25 35 24
41 20 42 21 38 25 37 24
20 35 22 35 22 34 20 34
21 30 18 33 20 35 23 32
27 20 24 20 24 19 27 19
24 17 25 16 28 19 27 20
24 39 26 41 27 40 25 38
20 39 24 39 24 40 20 40
16 43 15 42 19 38 20 39
19 30 16 30 16 26 19 26
21 33 21 30 19 30 19 33
21 35 20 34 21 33 22 34
19 36 18 36 18 33 19 33
23 40 19 36 20 35 24 39
17 39 20 39 20 35 17 35
18 38 20 40 19 41 17 39
18 41 18 38 19 38 19 41
18 42 15 42 15 41 18 41
17 21 14 24 16 26 19 23
21 21 17 21 17 19 21 19
23 27 19 23 21 21 25 25
36 16 37 16 37 20 36 20
35 17 36 16 39 19 38 20
39 17 39 18 35 18 35 17
33 17 36 20 39 17 36 14
31 13 35 17 31 21 27 17
17 33 17 35 14 35 14 33
19 19 16 16 18 14 21 17
44 44 44 40 41 40 41 44
31 31 27 31 27 26 31 26
28 22 25 25 31 31 34 28
33 19 33 22 28 22 28 19
30 25 31 26 24 33 23 32
30 21 28 23 30 25 32 23
31 25 31 21 30 21 30 25
32 26 32 25 31 25 31 26
25 32 23 32 23 27 25 27
21 37 17 33 22 28 26 32
21 36 27 36 27 37 21 37
20 21 25 26 21 30 16 25
26 22 26 23 28 23 28 22
30 44 28 44 28 36 30 36
21 18 26 23 19 30 14 25
21 10 17 14 21 18 25 14
24 10 24 17 21 17 21 10
43 21 37 27 35 25 41 19
28 26 21 33 14 26 21 19
38 37 38 32 42 32 42 37
35 38 38 38 38 37 35 37
30 16 30 21 25 21 25 16
30 14 36 14 36 16 30 16
17 28 18 28 18 33 17 33
38 41 38 40 31 40 31 41
36 39 38 37 40 39 38 41
34 38 34 44 33 44 33 38
13 20 17 16 22 21 18 25
43 25 43 32 42 32 42 25
44 21 44 25 43 25 43 21
42 26 37 21 38 20 43 25
19 24 14 24 14 23 19 23
21 26 21 24 19 24 19 26
18 16 18 14 25 14 25 16
22 8 16 14 18 16 24 10
24 18 24 19 21 19 21 18
26 17 26 18 24 18 24 17
36 33 36 39 24 39 24 33
34 15 26 23 36 33 44 25
32 15 34 15 34 23 32 23
34 17 30 21 28 19 32 15
39 20 41 20 41 29 39 29
38 19 38 20 39 20 39 19
28 49 14 35 19 30 33 44
35 49 30 44 39 35 44 40
