best-score: 605778
count: 7
elapsed-time: 4.662
110
34 24 33 24 33 23 34 23
36 34 36 35 35 35 35 34
22 20 21 21 20 20 21 19
36 33 35 34 36 35 37 34
37 33 37 34 36 34 36 33
22 17 22 18 23 18 23 17
21 20 20 20 20 19 21 19
22 21 22 20 21 20 21 21
36 25 35 26 33 24 34 23
35 25 36 25 36 26 35 26
32 23 32 21 33 21 33 23
38 24 39 25 37 27 36 26
34 19 32 21 34 23 36 21
35 19 33 21 31 19 33 17
24 19 22 21 21 20 23 18
21 38 20 38 20 36 21 36
20 16 21 15 23 17 22 18
31 40 32 40 32 42 31 42
30 37 29 38 31 40 32 39
37 17 39 17 39 18 37 18
37 21 35 19 37 17 39 19
19 37 19 39 18 39 18 37
18 38 19 37 20 38 19 39
29 26 30 26 30 30 29 30
26 25 26 26 29 26 29 25
30 27 29 26 32 23 33 24
29 28 30 27 34 31 33 32
32 22 33 23 30 26 29 25
23 29 27 33 30 30 26 26
25 33 27 33 27 36 25 36
24 30 24 33 25 33 25 30
24 39 21 36 24 33 27 36
38 22 35 25 34 24 37 21
41 22 41 24 38 24 38 22
38 21 40 23 41 22 39 20
37 22 38 22 38 21 37 21
37 20 36 21 37 22 38 21
36 20 37 20 37 21 36 21
38 27 37 27 37 24 38 24
39 26 38 27 36 25 37 24
44 27 42 29 39 26 41 24
35 23 34 23 34 19 35 19
41 27 41 29 38 29 38 27
42 27 41 27 41 24 42 24
44 29 44 27 42 27 42 29
16 33 20 33 20 36 16 36
15 31 15 33 16 33 16 31
16 32 15 33 14 32 15 31
40 29 36 33 34 31 38 27
42 31 40 29 42 27 44 29
41 31 41 29 42 29 42 31
36 28 40 32 41 31 37 27
39 28 36 28 36 26 39 26
33 40 32 39 36 35 37 36
33 36 37 36 37 40 33 40
31 34 33 32 35 34 33 36
26 15 23 18 22 17 25 14
25 17 23 17 23 14 25 14
24 15 24 19 21 19 21 15
37 19 39 19 39 20 37 20
35 18 35 19 37 19 37 18
37 16 39 18 37 20 35 18
33 16 37 16 37 17 33 17
32 17 33 16 35 18 34 19
12 40 14 42 18 38 16 36
21 30 24 33 29 28 26 25
22 30 22 36 21 36 21 30
19 33 22 30 25 33 22 36
24 41 21 38 28 31 31 34
19 41 19 39 24 39 24 41
27 49 19 41 27 33 35 41
22 23 29 30 28 31 21 24
24 23 24 30 22 30 22 23
14 29 16 31 24 23 22 21
31 29 36 34 35 35 30 30
35 29 35 34 31 34 31 29
28 20 27 21 35 29 36 28
26 20 26 15 28 15 28 20
22 26 21 25 26 20 27 21
26 30 20 36 16 32 22 26
25 26 25 30 26 30 26 26
36 23 32 27 24 19 28 15
38 23 37 24 36 23 37 22
19 27 22 30 23 29 20 26
27 17 32 17 32 21 27 21
31 23 24 23 24 19 31 19
31 27 31 23 32 23 32 27
27 31 26 30 30 26 31 27
28 33 28 31 27 31 27 33
31 36 28 33 35 26 38 29
27 40 31 40 31 36 27 36
26 24 26 25 21 25 21 24
22 33 25 30 28 33 25 36
26 38 26 30 29 30 29 38
13 34 18 39 21 36 16 31
34 38 32 40 25 33 27 31
41 38 34 38 34 31 41 31
38 33 37 34 41 38 42 37
37 29 37 33 38 33 38 29
35 27 35 29 37 29 37 27
17 12 15 14 20 19 22 17
13 36 16 33 21 38 18 41
44 22 42 24 37 19 39 17
44 17 44 22 41 22 41 17
48 21 42 27 38 23 44 17
14 19 25 30 29 26 18 15
14 16 20 16 20 19 14 19
12 49 27 49 27 40 12 40
18 55 12 49 25 36 31 42
19 55 18 55 18 41 19 41
