best-score: 752652
count: 5
elapsed-time: 4.651
185
19 14 20 15 19 16 18 15
16 17 17 18 18 17 17 16
23 24 24 25 23 26 22 25
22 23 22 24 23 24 23 23
20 27 21 26 22 27 21 28
21 27 21 28 20 28 20 27
20 26 21 27 20 28 19 27
19 26 20 26 20 27 19 27
18 27 19 26 20 27 19 28
18 28 18 27 19 27 19 28
17 27 18 26 19 27 18 28
17 26 18 26 18 27 17 27
24 16 23 15 24 14 25 15
24 15 25 15 25 16 24 16
23 14 23 15 24 15 24 14
22 26 22 27 21 27 21 26
23 25 23 26 22 26 22 25
21 25 22 26 23 25 22 24
20 25 21 25 21 26 20 26
19 24 20 25 19 26 18 25
19 25 18 25 18 24 19 24
20 24 21 25 20 26 19 25
22 28 21 27 22 26 23 27
21 29 22 29 22 28 21 28
19 29 20 30 21 29 20 28
20 29 19 29 19 28 20 28
21 30 21 29 20 29 20 30
17 25 18 24 19 25 18 26
24 24 24 25 23 25 23 24
25 14 26 15 25 16 24 15
26 14 26 15 25 15 25 14
23 28 23 27 22 27 22 28
23 29 23 28 24 28 24 29
22 30 21 29 22 28 23 29
23 30 22 30 22 29 23 29
22 31 21 30 22 29 23 30
21 31 21 30 22 30 22 31
19 9 20 10 19 11 18 10
18 30 17 29 18 28 19 29
24 26 25 27 24 28 23 27
24 27 23 27 23 26 24 26
25 28 24 29 23 28 24 27
26 28 25 28 25 27 26 27
28 28 27 29 26 28 27 27
27 28 28 28 28 29 27 29
27 30 26 29 27 28 28 29
26 30 26 29 27 29 27 30
27 31 26 30 27 29 28 30
28 31 27 31 27 30 28 30
16 11 16 12 17 12 17 11
18 29 18 30 17 30 17 29
19 30 18 29 19 28 20 29
27 26 27 27 26 27 26 26
28 27 27 28 26 27 27 26
10 14 10 15 11 15 11 14
12 14 11 15 10 14 11 13
13 14 12 14 12 13 13 13
12 15 11 14 12 13 13 14
14 14 13 15 12 14 13 13
14 15 13 15 13 14 14 14
14 13 13 14 14 15 15 14
15 13 15 14 14 14 14 13
12 11 12 12 13 12 13 11
11 12 12 11 13 12 12 13
14 12 13 13 12 12 13 11
15 11 16 12 15 13 14 12
11 29 11 30 10 30 10 29
11 31 10 30 11 29 12 30
12 31 11 31 11 30 12 30
21 24 22 25 21 26 20 25
20 23 21 22 22 23 21 24
21 23 21 24 20 24 20 23
22 22 22 23 21 23 21 22
20 22 21 23 22 22 21 21
19 23 20 23 20 22 19 22
18 23 19 22 20 23 19 24
25 25 24 26 23 25 24 24
27 25 26 26 25 25 26 24
28 26 28 25 27 25 27 26
29 25 28 26 27 25 28 24
25 26 25 25 24 25 24 26
29 24 29 25 28 25 28 24
20 21 21 21 21 22 20 22
25 21 23 23 22 22 24 20
22 18 24 16 26 18 24 20
22 20 22 18 24 18 24 20
20 20 21 21 22 20 21 19
20 17 18 17 18 15 20 15
20 18 20 17 22 17 22 18
21 17 22 18 21 19 20 18
19 18 18 17 19 16 20 17
19 20 19 18 20 18 20 20
18 21 19 20 20 21 19 22
17 14 17 16 19 16 19 14
16 15 17 14 18 15 17 16
14 17 16 17 16 15 14 15
24 21 25 22 23 24 22 23
25 20 25 21 24 21 24 20
25 18 26 18 26 20 25 20
21 16 23 14 24 15 22 17
23 16 21 16 21 15 23 15
15 20 13 20 13 19 15 19
16 23 18 25 17 26 15 24
16 24 16 23 18 23 18 24
16 26 15 25 16 24 17 25
16 25 17 25 17 26 16 26
14 19 12 17 14 15 16 17
14 21 13 20 14 19 15 20
24 23 26 23 26 24 24 24
23 21 23 23 24 23 24 21
15 17 13 19 11 17 13 15
21 12 23 10 25 12 23 14
19 10 21 12 19 14 17 12
20 9 20 10 19 10 19 9
19 12 19 11 21 11 21 12
27 24 25 26 24 25 26 23
28 23 29 24 28 25 27 24
27 23 28 23 28 24 27 24
28 22 27 23 25 21 26 20
28 20 29 20 29 22 28 22
29 19 28 20 26 18 27 17
30 19 30 20 29 20 29 19
29 18 30 19 29 20 28 19
28 18 29 18 29 19 28 19
26 16 26 18 28 18 28 16
27 15 28 16 27 17 26 16
10 17 10 19 11 19 11 17
12 19 10 17 12 15 14 17
13 17 13 19 12 19 12 17
9 17 11 19 13 17 11 15
9 15 10 15 10 17 9 17
26 25 26 24 27 24 27 25
18 11 18 10 19 10 19 11
24 12 25 12 25 14 24 14
11 22 10 21 12 19 13 20
11 24 10 24 10 22 11 22
8 17 10 15 12 17 10 19
25 31 23 29 24 28 26 30
15 10 13 12 14 13 16 11
16 10 16 11 15 11 15 10
17 9 18 10 17 11 16 10
30 26 30 27 28 27 28 26
32 28 30 30 28 28 30 26
9 27 10 26 12 28 11 29
30 29 30 30 28 30 28 29
23 19 23 21 21 21 21 19
15 22 19 22 19 20 15 20
17 20 18 21 16 23 15 22
24 17 25 18 21 22 20 21
25 17 25 18 24 18 24 17
16 18 20 22 19 23 15 19
17 17 17 18 16 18 16 17
16 16 17 17 16 18 15 17
17 15 16 16 14 14 15 13
17 13 19 11 23 15 21 17
19 13 17 13 17 12 19 12
23 13 23 14 19 14 19 13
22 10 21 11 23 13 24 12
21 18 22 17 25 20 24 21
26 19 29 22 28 23 25 20
19 17 17 15 19 13 21 15
27 20 27 23 26 23 26 20
27 19 28 19 28 20 27 20
23 17 23 16 24 16 24 17
12 22 11 22 11 19 12 19
13 27 10 24 12 22 15 25
13 29 13 27 17 27 17 29
14 28 13 29 12 28 13 27
15 29 14 28 16 26 17 27
12 24 15 24 15 25 12 25
8 24 10 26 12 24 10 22
8 26 8 24 10 24 10 26
14 30 12 30 12 28 14 28
13 31 12 30 13 29 14 30
13 25 12 24 19 17 20 18
13 32 12 31 17 26 18 27
12 32 12 31 13 31 13 32
5 24 10 29 15 24 10 19
5 17 8 17 8 24 5 24
13 24 18 29 17 30 12 25
12 23 14 21 15 22 13 24
10 23 11 24 12 23 11 22
23 6 20 9 25 14 28 11
25 6 25 10 23 10 23 6
15 23 12 23 12 22 15 22
