best-score: 1125818
count: 12
elapsed-time: 4.82
149
12 15 13 16 12 17 11 16
12 16 12 15 13 15 13 16
11 17 12 17 12 16 11 16
11 19 10 18 11 17 12 18
12 20 11 21 10 20 11 19
12 19 13 19 13 20 12 20
11 18 11 19 12 19 12 18
10 17 10 18 11 18 11 17
13 18 12 19 11 18 12 17
21 14 20 14 20 13 21 13
11 11 11 12 12 12 12 11
11 13 10 12 11 11 12 12
10 13 10 12 11 12 11 13
10 11 9 12 10 13 11 12
10 10 11 10 11 11 10 11
13 17 13 18 12 18 12 17
14 18 13 19 12 18 13 17
14 19 13 19 13 18 14 18
15 20 14 21 13 20 14 19
6 15 7 16 8 15 7 14
8 12 8 13 9 13 9 12
9 11 10 12 9 13 8 12
9 9 8 10 9 11 10 10
8 9 9 9 9 10 8 10
6 9 7 10 8 9 7 8
6 10 6 9 7 9 7 10
22 14 21 13 22 12 23 13
7 12 8 11 9 12 8 13
21 17 22 17 22 18 21 18
22 16 23 17 22 18 21 17
23 16 23 17 22 17 22 16
24 17 23 18 22 17 23 16
24 18 23 18 23 17 24 17
10 9 9 10 10 11 11 10
22 13 22 12 23 12 23 13
21 12 22 13 21 14 20 13
22 11 22 12 21 12 21 11
20 11 21 12 22 11 21 10
20 10 21 10 21 11 20 11
20 12 19 11 20 10 21 11
19 12 19 11 20 11 20 12
24 11 23 12 22 11 23 10
21 23 21 22 20 22 20 23
6 22 7 21 8 22 7 23
6 21 7 21 7 22 6 22
7 20 8 21 7 22 6 21
8 20 8 21 7 21 7 20
9 21 8 20 9 19 10 20
10 22 9 23 8 22 9 21
12 22 11 23 10 22 11 21
9 22 8 22 8 21 9 21
10 23 10 22 9 22 9 23
8 8 8 9 7 9 7 8
6 8 7 9 8 8 7 7
6 7 7 7 7 8 6 8
8 23 8 22 7 22 7 23
9 24 8 23 9 22 10 23
8 24 8 23 9 23 9 24
14 16 13 17 12 16 13 15
15 18 14 19 13 18 14 17
15 17 15 18 14 18 14 17
19 13 20 12 21 13 20 14
9 20 8 20 8 19 9 19
10 21 10 20 9 20 9 21
11 22 11 21 10 21 10 22
12 23 12 22 11 22 11 23
11 24 10 23 11 22 12 23
10 24 10 23 11 23 11 24
9 25 8 24 9 23 10 24
10 25 9 25 9 24 10 24
19 17 17 19 15 17 17 15
20 16 21 17 20 18 19 17
20 17 19 17 19 16 20 16
22 15 20 17 19 16 21 14
20 15 22 15 22 16 20 16
15 19 15 18 17 18 17 19
14 20 15 20 15 19 14 19
13 21 14 21 14 20 13 20
15 21 14 20 15 19 16 20
16 21 15 21 15 20 16 20
18 19 16 21 15 20 17 18
19 20 18 19 20 17 21 18
18 21 19 20 21 22 20 23
17 21 17 19 18 19 18 21
18 20 17 21 16 20 17 19
22 20 20 22 18 20 20 18
23 20 22 20 22 18 23 18
12 10 12 11 14 11 14 10
11 9 12 10 11 11 10 10
12 9 12 10 11 10 11 9
13 10 12 11 11 10 12 9
9 14 11 16 10 17 8 15
10 14 9 14 9 13 10 13
9 15 10 14 12 16 11 17
8 14 8 15 9 15 9 14
7 13 7 14 8 14 8 13
6 12 7 11 8 12 7 13
6 11 7 11 7 12 6 12
16 23 16 21 17 21 17 23
14 25 12 23 14 21 16 23
6 17 8 17 8 15 6 15
7 18 6 17 7 16 8 17
6 19 7 18 8 19 7 20
19 18 20 18 20 20 19 20
17 17 17 18 19 18 19 17
15 15 15 17 17 17 17 15
9 7 9 9 10 9 10 7
10 8 9 9 8 8 9 7
12 8 11 9 10 8 11 7
23 8 23 10 21 10 21 8
17 13 15 15 12 12 14 10
17 12 19 12 19 13 17 13
18 13 14 17 13 16 17 12
19 14 18 13 19 12 20 13
19 15 19 14 20 14 20 15
21 15 20 16 19 15 20 14
23 15 22 16 21 15 22 14
15 25 14 25 14 21 15 21
16 24 15 25 12 22 13 21
12 24 12 23 16 23 16 24
11 25 10 24 11 23 12 24
12 25 11 25 11 24 12 24
11 26 10 25 11 24 12 25
10 26 10 25 11 25 11 26
23 14 23 15 22 15 22 14
24 15 23 16 22 15 23 14
24 16 23 16 23 15 24 15
25 17 24 18 23 17 24 16
24 13 23 14 22 13 23 12
24 14 23 14 23 13 24 13
25 15 24 16 23 15 24 14
25 14 25 15 24 15 24 14
25 16 25 17 24 17 24 16
26 15 25 16 24 15 25 14
26 16 25 16 25 15 26 15
14 8 12 10 17 15 19 13
14 9 12 9 12 8 14 8
20 9 20 10 14 10 14 9
22 9 21 10 20 9 21 8
24 9 24 11 22 11 22 9
12 13 14 11 19 16 17 18
11 15 12 15 12 13 11 13
9 16 11 16 11 15 9 15
9 18 7 18 7 16 9 16
10 19 9 20 8 19 9 18
11 20 11 19 10 19 10 20
12 21 11 22 10 21 11 20
13 22 13 21 12 21 12 22
17 6 14 9 17 12 20 9
