best-score: 809690
count: 3
elapsed-time: 4.83
291
21 20 21 19 22 19 22 20
20 19 21 20 20 21 19 20
21 18 20 19 19 18 20 17
20 18 21 18 21 19 20 19
19 17 19 18 20 18 20 17
22 21 21 20 22 19 23 20
23 21 22 21 22 20 23 20
25 26 26 27 25 28 24 27
25 27 25 26 26 26 26 27
24 28 25 28 25 27 24 27
20 20 20 21 19 21 19 20
18 20 19 21 20 20 19 19
18 19 19 19 19 20 18 20
17 18 17 19 18 19 18 18
18 17 19 18 18 19 17 18
18 15 17 16 18 17 19 16
21 21 20 20 21 19 22 20
17 20 17 21 18 21 18 20
16 21 15 20 16 19 17 20
24 29 25 28 26 29 25 30
26 18 25 17 26 16 27 17
16 22 15 21 16 20 17 21
17 22 16 22 16 21 17 21
19 22 18 23 17 22 18 21
18 22 18 21 19 21 19 22
17 23 18 23 18 22 17 22
17 25 16 24 17 23 18 24
17 24 18 24 18 25 17 25
19 24 18 25 17 24 18 23
21 24 20 25 19 24 20 23
21 25 20 25 20 24 21 24
16 23 17 23 17 24 16 24
15 22 16 21 17 22 16 23
15 23 15 22 16 22 16 23
21 13 20 14 21 15 22 14
22 13 21 13 21 12 22 12
15 19 16 18 17 19 16 20
14 20 13 19 14 18 15 19
14 19 15 19 15 20 14 20
13 18 13 19 14 19 14 18
31 21 30 20 31 19 32 20
27 16 28 16 28 17 27 17
18 16 18 17 19 17 19 16
17 17 18 16 19 17 18 18
16 16 16 17 17 17 17 16
15 17 16 16 17 17 16 18
15 18 15 17 16 17 16 18
14 17 15 18 14 19 13 18
17 15 17 16 18 16 18 15
16 15 16 14 17 14 17 15
15 16 16 15 17 16 16 17
15 15 16 15 16 16 15 16
15 13 14 14 15 15 16 14
31 20 31 19 32 19 32 20
32 21 31 20 32 19 33 20
31 22 32 22 32 21 31 21
32 23 31 22 32 21 33 22
33 23 32 23 32 22 33 22
33 21 33 20 32 20 32 21
34 22 33 23 32 22 33 21
19 31 19 32 18 32 18 31
14 16 14 17 15 17 15 16
13 17 14 16 15 17 14 18
31 15 31 16 30 16 30 15
31 17 30 16 31 15 32 16
32 17 31 17 31 16 32 16
30 18 31 17 32 18 31 19
32 15 31 16 30 15 31 14
30 30 31 30 31 31 30 31
14 15 15 16 14 17 13 16
15 14 15 15 14 15 14 14
16 13 16 14 15 14 15 13
17 12 18 13 17 14 16 13
17 13 16 13 16 12 17 12
18 14 17 15 16 14 17 13
19 13 19 14 18 14 18 13
19 15 18 14 19 13 20 14
20 15 19 15 19 14 20 14
21 16 20 17 19 16 20 15
20 16 20 15 21 15 21 16
21 17 20 18 19 17 20 16
16 34 17 34 17 33 16 33
32 14 32 15 31 15 31 14
31 13 32 14 31 15 30 14
32 12 32 13 31 13 31 12
13 15 13 16 14 16 14 15
13 13 12 14 13 15 14 14
14 12 13 13 12 12 13 11
15 11 16 12 15 13 14 12
15 12 14 12 14 11 15 11
14 13 15 12 16 13 15 14
13 12 13 13 14 13 14 12
13 14 12 13 13 12 14 13
12 15 13 15 13 14 12 14
12 17 11 16 12 15 13 16
12 19 11 18 12 17 13 18
12 20 11 20 11 19 12 19
12 18 11 19 12 20 13 19
11 17 11 18 12 18 12 17
12 16 13 17 12 18 11 17
11 15 11 16 12 16 12 15
30 13 31 13 31 14 30 14
30 11 29 12 30 13 31 12
16 35 15 34 16 33 17 34
15 35 15 34 16 34 16 35
34 30 34 29 35 29 35 30
33 14 32 14 32 13 33 13
13 34 14 35 15 34 14 33
12 35 11 34 12 33 13 34
12 11 12 12 13 12 13 11
13 10 14 11 13 12 12 11
14 10 14 11 13 11 13 10
21 22 20 23 19 22 20 21
20 22 20 21 21 21 21 22
19 23 20 23 20 22 19 22
19 25 18 24 19 23 20 24
30 21 30 20 31 20 31 21
34 21 34 22 33 22 33 21
23 22 22 23 21 22 22 21
25 20 23 22 24 23 26 21
23 24 21 24 21 22 23 22
22 25 21 24 22 23 23 24
24 25 22 25 22 23 24 23
25 24 24 25 23 24 24 23
23 26 25 26 25 24 23 24
25 19 23 21 22 20 24 18
25 18 26 18 26 19 25 19
23 16 25 14 27 16 25 18
23 17 21 17 21 16 23 16
24 16 25 17 24 18 23 17
25 16 24 16 24 14 25 14
26 17 26 16 25 16 25 17
27 18 27 17 26 17 26 18
29 18 28 19 27 18 28 17
29 20 29 18 30 18 30 20
30 19 31 20 30 21 29 20
23 19 25 19 25 20 23 20
24 19 25 18 26 19 25 20
27 19 27 21 26 21 26 19
28 18 28 19 27 19 27 18
29 21 27 19 28 18 30 20
27 23 29 23 29 21 27 21
28 28 27 29 25 27 26 26
31 29 30 30 28 28 29 27
32 30 32 29 31 29 31 30
32 32 31 31 32 30 33 31
31 33 32 32 33 33 32 34
24 17 25 17 25 18 24 18
26 20 25 19 26 18 27 19
30 24 29 23 31 21 32 22
30 22 31 22 31 24 30 24
27 27 27 29 26 29 26 27
23 31 22 32 20 30 21 29
22 31 23 31 23 32 22 32
22 33 21 32 22 31 23 32
24 33 24 34 22 34 22 33
26 31 24 33 23 32 25 30
24 31 24 29 26 29 26 31
25 29 27 31 25 33 23 31
27 22 26 21 28 19 29 20
23 28 21 30 22 31 24 29
22 27 23 26 24 27 23 28
21 27 21 25 22 25 22 27
20 27 21 27 21 29 20 29
18 29 16 27 18 25 20 27
18 30 18 29 20 29 20 30
16 31 18 31 18 30 16 30
14 31 16 31 16 33 14 33
13 30 14 31 12 33 11 32
13 31 13 30 14 30 14 31
13 32 11 32 11 31 13 31
15 32 15 34 13 34 13 32
17 32 16 33 15 32 16 31
18 33 17 32 18 31 19 32
18 35 17 34 18 33 19 34
13 21 13 22 15 22 15 21
12 22 13 21 15 23 14 24
13 23 13 22 12 22 12 23
13 25 13 23 15 23 15 25
12 26 11 25 12 24 13 25
13 26 13 27 12 27 12 26
12 25 13 26 12 27 11 26
11 24 11 25 12 25 12 24
13 24 12 25 11 24 12 23
20 32 21 32 21 30 20 30
19 33 18 32 19 31 20 32
18 34 19 34 19 33 18 33
17 35 18 35 18 34 17 34
16 36 15 35 16 34 17 35
17 36 16 36 16 35 17 35
21 33 22 33 22 32 21 32
21 35 20 34 21 33 22 34
22 35 21 35 21 34 22 34
24 37 22 35 24 33 26 35
24 10 22 12 24 14 26 12
29 17 28 18 27 17 28 16
14 26 13 25 14 24 15 25
16 26 14 26 14 24 16 24
19 29 20 30 19 31 18 30
17 27 19 25 21 27 19 29
24 13 24 14 22 14 22 13
26 13 25 14 24 13 25 12
25 13 25 12 26 12 26 13
36 23 35 24 33 22 34 21
17 26 17 27 16 27 16 26
12 21 13 22 15 20 14 19
13 20 13 21 12 21 12 20
29 14 27 16 28 17 30 15
28 12 28 14 29 14 29 12
26 14 28 12 30 14 28 16
27 14 27 16 26 16 26 14
28 13 27 14 26 13 27 12
20 33 21 33 21 34 20 34
20 35 19 34 20 33 21 34
19 35 19 34 20 34 20 35
18 36 17 35 18 34 19 35
19 36 18 36 18 35 19 35
18 37 17 36 18 35 19 36
17 37 17 36 18 36 18 37
20 10 19 11 21 13 22 12
20 11 21 12 19 14 18 13
20 13 19 13 19 11 20 11
21 14 21 13 20 13 20 14
22 15 22 14 21 14 21 15
22 17 21 16 22 15 23 16
23 18 22 19 21 18 22 17
22 18 23 18 23 19 22 19
22 16 21 17 22 18 23 17
20 31 21 32 20 33 19 32
19 30 20 29 21 30 20 31
17 30 18 31 19 30 18 29
15 31 17 33 18 32 16 30
14 32 13 31 14 30 15 31
29 33 28 32 30 30 31 31
29 15 29 14 30 14 30 15
34 32 34 30 32 30 32 32
35 31 34 32 33 31 34 30
18 10 19 11 17 13 16 12
34 17 32 15 33 14 35 16
34 18 32 18 32 17 34 17
35 19 33 21 32 20 34 18
34 10 35 11 33 13 32 12
34 34 33 33 34 32 35 33
18 27 20 29 22 27 20 25
19 27 18 27 18 25 19 25
23 27 21 29 19 27 21 25
22 28 23 28 23 27 22 27
23 29 23 28 24 28 24 29
23 30 21 30 21 29 23 29
24 26 25 27 24 28 23 27
23 14 22 15 21 14 22 13
17 29 18 29 18 27 17 27
26 22 23 22 23 21 26 21
28 22 27 23 26 22 27 21
24 22 21 25 20 24 23 21
25 25 24 26 20 22 21 21
28 24 26 26 25 25 27 23
30 28 30 24 28 24 28 28
32 27 32 23 29 23 29 27
34 27 34 29 32 29 32 27
35 26 34 27 31 24 32 23
31 26 31 24 35 24 35 26
29 28 25 24 27 22 31 26
28 29 29 28 31 30 30 31
28 31 27 31 27 29 28 29
30 33 28 31 32 27 34 29
29 31 29 33 30 33 30 31
14 27 13 26 16 23 17 24
13 28 14 27 17 30 16 31
14 28 13 28 13 27 14 27
10 30 11 31 14 28 13 27
10 28 13 28 13 30 10 30
15 29 14 28 16 26 17 27
27 35 27 31 26 31 26 35
26 36 24 34 25 33 27 35
22 36 22 35 26 35 26 36
28 37 28 34 24 34 24 37
32 33 28 37 26 35 30 31
33 34 33 33 32 33 32 34
36 31 33 34 32 33 35 30
36 33 35 33 35 31 36 31
35 34 31 30 32 29 36 33
34 33 34 34 35 34 35 33
16 28 16 30 14 30 14 28
24 11 20 11 20 10 24 10
23 10 24 11 22 13 21 12
11 28 12 29 13 28 12 27
35 15 35 16 32 16 32 15
34 16 32 14 33 13 35 15
31 32 32 32 32 33 31 33
29 25 30 24 35 29 34 30
