best-score: 594824
count: 5
elapsed-time: 4.933
165
23 21 23 22 24 22 24 21
23 19 22 20 23 21 24 20
22 19 22 18 23 18 23 19
21 20 22 20 22 19 21 19
20 25 19 26 18 25 19 24
26 32 27 33 26 34 25 33
21 30 22 30 22 31 21 31
23 30 22 31 21 30 22 29
26 33 26 34 25 34 25 33
27 32 27 33 26 33 26 32
19 25 18 25 18 24 19 24
20 26 20 25 19 25 19 26
28 19 29 18 30 19 29 20
28 18 29 18 29 19 28 19
30 20 30 19 29 19 29 20
21 18 22 17 23 18 22 19
21 17 22 17 22 18 21 18
20 16 21 17 20 18 19 17
20 17 19 17 19 16 20 16
20 19 20 18 21 18 21 19
19 18 20 17 21 18 20 19
35 22 36 22 36 23 35 23
18 32 19 32 19 31 18 31
20 21 19 20 20 19 21 20
34 22 35 23 36 22 35 21
34 21 35 21 35 22 34 22
17 34 16 35 15 34 16 33
16 34 17 34 17 35 16 35
15 35 14 34 15 33 16 34
14 35 14 34 15 34 15 35
13 34 14 33 15 34 14 35
13 33 14 33 14 34 13 34
14 31 15 32 14 33 13 32
13 31 14 31 14 32 13 32
12 32 13 31 14 32 13 33
12 33 12 32 13 32 13 33
16 32 16 33 15 33 15 32
15 31 16 32 15 33 14 32
20 14 19 14 19 13 20 13
23 29 23 30 22 30 22 29
23 28 25 28 25 29 23 29
26 21 24 21 24 20 26 20
24 19 26 17 28 19 26 21
23 20 24 20 24 19 23 19
22 21 21 20 22 19 23 20
25 31 24 32 22 30 23 29
28 35 27 36 25 34 26 33
28 36 27 36 27 35 28 35
29 35 28 36 27 35 28 34
30 36 29 35 31 33 32 34
20 28 22 30 21 31 19 29
26 18 26 17 28 17 28 18
20 29 21 30 19 32 18 31
20 31 19 31 19 29 20 29
22 28 22 29 20 29 20 28
23 36 25 36 25 34 23 34
24 35 25 36 24 37 23 36
24 33 23 34 24 35 25 34
25 32 25 33 24 33 24 32
26 31 27 32 26 33 25 32
27 21 26 20 28 18 29 19
26 22 27 22 27 21 26 21
28 24 26 22 27 21 29 23
29 34 29 35 28 35 28 34
32 19 34 19 34 21 32 21
30 17 30 19 32 19 32 17
28 15 28 17 30 17 30 15
29 16 28 17 29 18 30 17
29 14 28 15 29 16 30 15
24 16 22 18 21 17 23 15
27 17 26 18 24 16 25 15
16 30 17 29 19 31 18 32
32 15 34 17 32 19 30 17
33 15 33 17 32 17 32 15
17 30 18 31 16 33 15 32
17 32 16 32 16 30 17 30
18 34 18 32 17 32 17 34
17 33 18 34 17 35 16 34
32 35 32 34 34 34 34 35
15 29 15 31 14 31 14 29
14 30 15 29 16 30 15 31
32 14 32 15 30 15 30 14
35 35 34 34 36 32 37 33
37 36 37 35 35 35 35 36
18 14 18 16 19 16 19 14
19 15 18 14 19 13 20 14
38 37 38 39 37 39 37 37
26 29 26 31 25 31 25 29
24 31 23 30 25 28 26 29
23 32 24 31 25 32 24 33
23 31 24 31 24 32 23 32
23 23 25 25 22 28 20 26
22 22 23 21 24 22 23 23
20 22 20 21 22 21 22 22
19 21 21 19 22 20 20 22
20 20 20 21 19 21 19 20
26 25 23 28 20 25 23 22
26 28 25 28 25 25 26 25
30 29 30 28 26 28 26 29
30 32 30 29 33 29 33 32
29 33 25 29 26 28 30 32
31 34 31 33 29 33 29 34
34 33 32 35 31 34 33 32
37 34 37 33 34 33 34 34
36 33 37 34 35 36 34 35
22 23 22 22 23 22 23 23
29 27 30 28 26 32 25 31
33 27 29 27 29 23 33 23
16 28 17 29 20 26 19 25
13 27 15 29 16 28 14 26
17 26 19 26 19 29 17 29
21 23 19 25 18 24 20 22
22 38 26 34 27 35 23 39
24 11 22 13 26 17 28 15
20 33 24 33 24 35 20 35
21 34 20 33 22 31 23 32
22 37 20 35 21 34 23 36
24 38 24 37 22 37 22 38
21 32 23 32 23 34 21 34
20 32 20 31 21 31 21 32
19 33 20 33 20 32 19 32
32 16 33 17 30 20 29 19
31 15 32 14 33 15 32 16
34 30 31 33 30 32 33 29
31 30 34 30 34 33 31 33
28 33 31 30 32 31 29 34
27 34 28 34 28 33 27 33
26 35 27 35 27 34 26 34
26 37 24 37 24 35 26 35
26 24 30 20 33 23 29 27
24 24 24 22 26 22 26 24
25 18 23 18 23 15 25 15
17 25 17 26 14 26 14 25
18 35 17 34 19 32 20 33
26 13 26 17 22 17 22 13
38 19 35 22 34 21 37 18
37 19 37 18 38 18 38 19
38 20 37 19 38 18 39 19
39 20 38 20 38 19 39 19
24 14 24 16 20 16 20 14
16 20 15 19 18 16 19 17
16 18 19 18 19 20 16 20
23 16 22 17 19 14 20 13
28 25 26 25 26 24 28 24
28 27 26 25 32 19 34 21
28 31 26 29 28 27 30 29
29 31 28 31 28 27 29 27
40 29 36 33 28 25 32 21
19 28 20 29 27 22 26 21
15 28 17 30 19 28 17 26
16 29 16 28 15 28 15 29
38 28 30 28 30 20 38 20
43 33 37 39 32 34 38 28
37 24 31 30 30 29 36 23
40 27 40 29 33 29 33 27
43 30 37 36 34 33 40 27
37 30 43 30 43 33 37 33
34 24 34 30 37 30 37 24
39 27 38 28 34 24 35 23
28 22 28 24 34 24 34 22
40 25 33 32 32 31 39 24
29 11 29 14 24 14 24 11
28 10 29 11 25 15 24 14
25 10 28 10 28 15 25 15
43 17 33 27 29 23 39 13
