best-score: 680602
count: 8
elapsed-time: 4.638
128
23 22 23 21 24 21 24 22
23 20 22 21 23 22 24 21
22 20 23 20 23 21 22 21
21 24 20 25 19 24 20 23
18 22 17 23 16 22 17 21
23 14 22 15 21 14 22 13
22 14 23 14 23 15 22 15
21 13 21 14 22 14 22 13
22 12 23 13 22 14 21 13
23 12 23 13 22 13 22 12
26 26 26 27 25 27 25 26
26 14 27 13 28 14 27 15
12 26 11 27 10 26 11 25
14 13 14 12 15 12 15 13
16 13 15 14 14 13 15 12
16 14 15 14 15 13 16 13
16 12 15 13 16 14 17 13
17 12 17 13 16 13 16 12
12 13 13 12 14 13 13 14
14 11 14 12 13 12 13 11
18 23 20 23 20 25 18 25
17 22 17 23 18 23 18 22
15 24 17 22 18 23 16 25
24 23 24 22 26 22 26 23
22 25 21 24 23 22 24 23
22 26 20 26 20 25 22 25
24 28 22 26 23 25 25 27
15 19 17 21 18 20 16 18
15 20 13 20 13 19 15 19
16 21 17 21 17 22 16 22
21 26 19 28 18 27 20 25
19 16 18 15 20 13 21 14
24 25 26 23 27 24 25 26
23 23 23 25 24 25 24 23
22 22 23 21 24 22 23 23
22 23 22 22 23 22 23 23
21 10 20 11 22 13 23 12
21 12 21 10 22 10 22 12
20 12 21 12 21 13 20 13
20 8 18 10 20 12 22 10
29 18 27 16 29 14 31 16
13 27 11 27 11 25 13 25
14 26 13 27 12 26 13 25
11 12 11 14 13 14 13 12
10 13 11 12 12 13 11 14
10 15 10 13 12 13 12 15
11 16 10 15 11 14 12 15
30 15 30 13 32 13 32 15
13 30 13 31 11 31 11 30
18 21 22 21 22 22 18 22
16 19 19 16 21 18 18 21
15 18 15 19 16 19 16 18
14 19 15 18 16 19 15 20
12 17 14 19 13 20 11 18
26 16 22 20 23 21 27 17
26 17 26 16 27 16 27 17
24 13 23 14 26 17 27 16
24 14 23 14 23 13 24 13
24 16 24 14 26 14 26 16
25 15 24 16 23 15 24 14
25 13 27 13 27 15 25 15
24 12 25 13 24 14 23 13
25 12 25 13 24 13 24 12
24 11 25 12 24 13 23 12
23 11 24 11 24 12 23 12
18 19 18 20 22 20 22 19
17 20 17 21 18 21 18 20
24 17 26 17 26 21 24 21
23 16 24 17 22 19 21 18
23 17 23 16 24 16 24 17
15 28 19 28 19 24 15 24
15 32 13 30 15 28 17 30
15 30 17 30 17 32 15 32
13 28 13 30 15 30 15 28
13 32 11 30 13 28 15 30
26 29 25 30 21 26 22 25
13 22 16 22 16 25 13 25
14 23 13 22 15 20 16 21
12 23 14 23 14 26 12 26
11 24 12 23 16 27 15 28
15 21 15 24 11 24 11 21
16 20 16 21 15 21 15 20
17 19 17 20 16 20 16 19
17 15 18 15 18 19 17 19
18 16 17 15 20 12 21 13
17 29 14 26 17 23 20 26
12 24 15 21 16 22 13 25
30 26 30 23 26 23 26 26
22 29 20 31 16 27 18 25
23 30 22 29 25 26 26 27
25 29 25 30 23 30 23 29
24 30 23 29 24 28 25 29
13 18 13 14 15 14 15 18
11 19 13 19 13 18 11 18
23 26 23 29 22 29 22 26
17 11 17 12 20 12 20 11
30 30 29 31 25 27 26 26
12 18 16 14 17 15 13 19
29 15 27 17 30 20 32 18
29 16 27 16 27 15 29 15
31 18 31 16 29 16 29 18
32 22 32 18 31 18 31 22
23 8 23 11 20 11 20 8
12 29 10 29 10 26 12 26
31 28 31 31 29 31 29 28
16 17 15 18 12 15 13 14
16 15 16 17 12 17 12 15
17 14 17 15 16 15 16 14
20 14 17 14 17 13 20 13
20 18 20 14 21 14 21 18
19 17 22 14 23 15 20 18
19 18 16 18 16 17 19 17
17 16 19 18 18 19 16 17
20 22 18 20 20 18 22 20
18 13 17 14 16 13 17 12
27 18 27 24 21 24 21 18
29 20 26 23 24 21 27 18
33 20 31 22 29 20 31 18
33 23 30 23 30 20 33 20
29 25 30 26 33 23 32 22
31 26 29 28 24 23 26 21
14 31 20 31 20 26 14 26
14 32 13 32 13 31 14 31
9 28 14 23 15 24 10 29
22 30 17 30 17 29 22 29
24 7 23 8 29 14 30 13
1 19 13 31 22 22 10 10
1 21 1 19 11 19 11 21
