best-score: 709861
count: 21
elapsed-time: 4.591
72
16 17 17 18 16 19 15 18
15 20 16 19 17 20 16 21
15 19 16 19 16 20 15 20
14 20 15 19 16 20 15 21
14 21 14 20 15 20 15 21
13 22 12 21 13 20 14 21
17 21 17 20 16 20 16 21
13 21 12 21 12 20 13 20
13 19 12 20 13 21 14 20
14 19 14 20 13 20 13 19
14 18 15 18 15 19 14 19
12 18 13 19 14 18 13 17
14 22 13 22 13 21 14 21
13 23 12 22 13 21 14 22
12 23 12 22 13 22 13 23
11 21 12 21 12 22 11 22
19 23 20 23 20 24 19 24
20 22 21 23 20 24 19 23
21 22 21 23 20 23 20 22
19 22 20 23 21 22 20 21
19 21 20 21 20 22 19 22
17 17 15 19 14 18 16 16
16 18 17 18 17 17 16 17
19 18 19 20 17 20 17 18
21 13 20 13 20 11 21 11
21 19 22 20 20 22 19 21
23 19 21 19 21 17 23 17
23 21 22 20 23 19 24 20
9 20 11 22 12 21 10 19
23 20 23 19 24 19 24 20
22 21 23 21 23 20 22 20
10 25 9 24 11 22 12 23
13 16 16 16 16 17 13 17
12 17 13 16 15 18 14 19
10 15 10 17 12 17 12 15
8 17 10 15 12 17 10 19
8 19 8 17 10 17 10 19
20 17 17 17 17 13 20 13
21 16 24 19 23 20 20 17
21 15 24 15 24 16 21 16
22 14 24 16 23 17 21 15
23 14 22 14 22 10 23 10
18 13 21 16 23 14 20 11
16 14 13 17 9 13 12 10
20 18 16 14 17 13 21 17
15 13 15 9 17 9 17 13
13 18 13 17 12 17 12 18
6 13 10 17 12 15 8 11
9 18 12 18 12 20 9 20
21 14 20 13 23 10 24 11
23 16 19 20 17 18 21 14
7 17 11 21 12 20 8 16
7 16 8 16 8 17 7 17
21 8 24 8 24 11 21 11
9 25 8 24 11 21 12 22
8 25 8 24 9 24 9 25
12 5 8 9 16 17 20 13
18 5 18 10 12 10 12 5
17 6 18 5 21 8 20 9
20 6 20 9 17 9 17 6
21 7 18 10 17 9 20 6
16 15 16 14 21 14 21 15
15 10 13 12 16 15 18 13
8 12 8 16 13 16 13 12
14 23 14 22 19 22 19 23
13 24 12 23 13 22 14 23
14 24 13 24 13 23 14 23
16 26 14 24 17 21 19 23
15 26 15 21 16 21 16 26
17 26 14 23 16 21 19 24
6 18 6 13 9 13 9 18
10 7 10 8 21 8 21 7
