200 500
1 16
1 46
2 13
2 25
4 95
5 15
5 179
6 70
6 174
7 77
7 161
8 123
8 144
9 69
9 144
10 151
11 46
11 73
11 97
12 14
12 74
12 81
12 137
12 158
13 2
14 56
14 81
14 183
15 57
15 130
15 188
17 49
17 93
17 194
18 113
18 151
19 72
19 155
20 47
20 60
20 168
20 197
21 13
21 23
21 169
22 11
22 138
23 153
24 125
24 141
25 23
25 55
26 51
26 112
26 173
26 186
27 65
28 138
29 126
30 48
30 82
30 111
30 120
30 146
30 190
31 57
31 99
32 7
32 113
34 79
34 107
34 117
34 199
35 157
35 165
35 192
36 87
36 116
36 147
37 88
37 101
37 119
37 148
37 196
38 9
38 144
39 7
39 18
39 53
39 77
39 96
39 177
40 90
41 134
41 135
43 85
43 100
43 115
44 112
44 186
45 9
45 38
45 89
45 200
46 1
46 22
47 20
47 60
47 128
47 168
48 30
48 190
49 93
49 181
50 6
50 70
51 44
51 112
52 2
52 169
53 161
53 172
55 23
55 52
56 81
57 99
57 179
58 85
58 100
58 184
59 22
59 75
59 140
59 143
59 149
60 128
60 168
60 197
61 168
62 84
62 93
63 36
63 133
64 55
64 66
65 61
65 136
65 157
66 25
67 36
68 19
68 96
68 109
68 151
69 122
70 4
70 171
70 174
71 99
72 10
72 19
72 151
72 155
73 22
73 97
73 138
74 14
74 56
74 137
75 124
75 143
75 191
76 29
76 103
76 118
76 126
76 167
76 175
77 39
77 172
78 41
78 42
78 73
78 159
78 178
79 34
79 199
80 26
80 106
80 173
80 186
81 14
81 56
81 74
82 30
82 48
82 120
82 146
82 190
83 116
83 152
83 198
84 17
84 49
84 93
84 181
86 23
86 140
86 149
87 147
87 152
87 187
88 92
88 119
89 8
90 34
90 79
90 94
90 131
90 182
91 140
91 143
92 88
92 119
92 148
92 196
93 84
93 126
93 181
94 40
95 4
95 70
95 102
96 177
97 28
98 45
98 89
99 57
99 71
100 85
100 104
100 142
101 37
101 156
101 196
102 4
103 76
103 118
103 167
103 175
104 100
104 110
105 145
105 153
105 163
105 169
106 51
106 186
108 90
108 94
108 182
109 19
109 68
109 72
109 151
110 85
110 100
110 115
111 30
111 82
111 120
111 146
112 80
112 106
113 18
113 53
113 150
113 161
114 69
114 89
115 31
115 58
115 184
116 160
117 131
117 193
118 29
118 76
118 175
119 88
119 92
119 101
119 156
120 30
120 48
121 26
121 44
121 106
123 8
123 89
123 98
123 132
124 75
124 86
124 91
124 140
124 143
125 33
125 42
125 78
125 178
126 103
126 167
127 84
127 91
127 191
128 20
128 47
128 168
128 197
129 38
130 57
130 93
130 188
131 3
131 107
134 33
134 139
135 159
136 35
136 61
136 154
136 157
136 192
137 14
137 56
137 183
138 28
138 52
139 42
139 141
139 159
140 59
140 75
140 91
140 124
140 191
141 24
141 78
141 125
141 134
142 115
143 86
143 124
143 127
143 140
144 8
144 69
144 98
145 2
145 23
145 52
145 55
145 153
146 30
146 82
146 120
146 190
147 83
147 152
148 88
148 119
148 156
148 189
148 196
149 75
149 140
150 96
150 177
151 72
151 109
151 133
151 176
152 24
152 63
152 116
152 147
155 19
155 68
155 109
155 176
156 148
156 189
157 65
157 75
157 82
158 56
158 74
158 137
159 33
159 135
160 63
160 87
161 113
163 13
163 147
164 27
164 65
164 165
165 27
165 136
166 154
167 29
167 118
167 175
168 47
168 60
168 197
169 64
169 105
169 153
171 4
171 50
172 7
172 53
172 113
173 44
173 51
173 112
174 95
175 29
175 103
175 118
175 126
176 10
176 109
176 127
177 18
178 24
178 134
178 135
178 141
179 71
179 90
180 35
180 65
180 154
180 157
181 17
181 49
182 90
182 199
183 56
183 74
183 109
183 158
184 104
185 46
186 26
186 80
186 112
186 121
186 173
187 147
188 5
188 15
188 99
189 37
189 88
189 92
189 101
189 119
189 156
189 196
190 48
190 82
190 111
190 146
191 127
191 149
192 157
193 90
193 108
193 131
193 162
194 17
194 49
194 62
195 7
195 77
196 119
196 148
196 156
197 20
197 47
197 168
198 108
198 147
198 160
200 54
