500 1000
1 8
1 13
1 66
1 148
2 12
2 15
4 151
4 251
5 38
5 439
5 481
6 469
7 352
7 466
8 18
9 268
9 273
10 185
10 253
11 115
11 117
11 230
11 290
12 351
12 439
13 69
13 254
14 3
14 498
15 48
15 460
15 481
16 440
18 223
19 423
20 28
20 439
21 112
21 130
21 202
22 279
22 369
23 164
24 26
24 76
25 284
25 410
26 33
26 356
26 434
27 196
28 48
29 268
30 38
31 270
32 49
32 328
32 494
33 155
34 142
34 145
34 241
34 279
35 18
35 148
35 310
35 473
37 381
38 15
39 259
39 299
39 495
40 344
40 475
41 442
43 344
44 253
44 453
46 20
46 173
46 400
47 108
48 247
50 402
50 450
51 312
52 48
52 103
52 113
52 166
53 475
54 59
55 105
55 140
57 30
58 230
59 174
59 312
61 47
61 242
61 255
62 171
63 41
63 330
64 53
64 219
65 387
65 418
67 13
67 254
67 461
69 67
70 35
70 189
70 473
71 444
72 407
72 427
73 14
74 279
76 249
76 428
77 493
78 4
78 151
78 302
78 496
80 126
80 212
80 332
80 371
81 73
82 324
83 300
84 6
84 198
84 427
84 442
84 456
85 7
86 309
86 314
87 121
87 164
87 361
87 486
88 148
89 136
90 74
90 255
90 394
90 413
93 269
93 335
94 39
94 201
94 454
95 446
96 264
96 311
98 178
98 435
100 7
100 10
100 119
100 278
100 362
101 355
101 476
102 376
103 345
103 358
104 126
105 55
105 428
106 51
106 56
107 39
108 22
108 64
108 241
108 479
109 110
109 308
109 322
109 418
110 202
110 318
110 381
110 485
111 128
111 132
111 276
112 65
112 116
112 422
112 452
113 15
113 358
115 39
116 21
116 149
116 210
116 269
117 296
117 338
117 396
118 94
118 126
118 144
118 157
118 200
118 230
118 371
119 49
119 248
119 264
119 466
120 76
120 194
121 443
122 286
122 353
122 464
123 182
123 426
124 34
124 75
124 394
124 477
125 269
125 418
126 200
127 18
127 131
128 132
128 314
128 472
129 55
130 93
130 195
130 307
130 455
131 189
131 196
131 386
132 9
132 83
132 260
132 284
133 240
133 377
133 462
134 160
134 340
135 274
135 355
135 470
136 5
136 173
136 203
137 305
139 76
139 431
140 246
140 500
141 53
141 64
141 77
141 145
141 161
141 354
143 319
144 80
144 201
144 212
145 477
146 314
146 415
147 224
149 99
149 322
149 390
149 485
150 215
150 242
150 331
150 372
151 69
152 147
152 436
153 130
153 282
153 452
154 17
154 79
154 87
154 132
155 105
155 192
155 283
156 113
156 246
156 408
158 474
159 119
159 188
159 288
160 498
161 437
162 63
164 23
165 5
165 15
165 305
165 351
165 386
165 481
166 28
166 46
166 48
166 280
166 351
166 386
166 400
167 211
168 239
168 299
168 338
168 383
169 118
170 37
173 28
173 137
173 351
173 358
175 87
175 327
175 361
175 415
176 29
176 260
177 129
177 194
177 428
178 197
178 499
179 160
179 178
179 211
180 9
180 300
180 379
181 256
182 331
182 344
183 68
183 111
183 472
183 486
185 85
185 181
185 395
185 463
186 14
186 393
188 49
189 67
189 135
189 245
190 201
190 299
191 26
191 194
192 353
194 120
195 37
195 336
196 35
196 88
196 302
197 54
197 98
197 160
198 162
198 456
199 499
200 11
201 411
202 170
202 287
202 418
202 455
202 485
203 137
203 275
204 376
204 382
204 420
205 329
206 16
206 407
207 98
207 106
208 126
208 383
208 389
208 458
208 480
209 54
209 134
209 340
210 93
210 110
210 130
211 377
212 58
212 258
212 299
213 64
213 413
215 75
215 77
215 142
216 272
217 350
219 364
219 479
220 146
220 366
221 126
221 454
222 23
222 176
223 27
224 271
224 427
226 113
226 297
227 161
227 429
228 199
228 392
231 151
232 33
232 249
232 350
233 253
233 278
233 313
233 365
233 463
233 494
234 4
234 78
235 359
236 148
236 189
236 254
236 471
237 88
237 127
237 236
238 120
238 139
239 144
239 348
239 480
241 34
241 142
241 378
242 145
245 88
245 189
246 24
246 31
246 33
246 408
246 464
247 460
248 432
249 33
250 94
250 212
250 230
250 258
250 454
251 234
251 254
252 81
252 186
252 478
253 365
254 8
254 148
254 289
254 470
255 142
256 189
256 496
257 147
257 304
258 290
258 299
259 201
259 371
260 146
260 273
260 491
261 281
262 342
262 394
263 101
263 254
265 286
265 294
266 159
266 463
267 69
267 131
267 289
267 360
268 361
268 443
268 486
269 116
269 287
269 308
269 346
270 105
270 218
270 283
270 398
271 281
271 446
271 468
272 256
274 69
275 103
275 136
276 9
276 86
276 154
277 51
277 375
278 85
278 185
278 380
279 161
279 369
279 475
280 5
280 113
280 226
280 247
280 275
281 71
282 329
282 385
283 306
283 317
283 428
284 146
284 293
286 408
288 264
288 333
288 352
289 274
289 302
290 259
290 416
290 449
291 321
291 444
292 371
293 9
293 68
293 220
294 177
294 306
295 424
296 39
296 221
297 52
297 226
297 305
298 24
298 31
298 105
298 286
298 438
300 17
300 175
301 84
301 224
301 412
302 254
303 242
303 354
304 41
304 84
304 417
306 122
306 285
306 434
307 170
308 110
308 130
308 170
308 346
309 111
309 421
310 8
310 274
310 302
310 496
311 313
312 134
312 323
312 478
313 44
313 333
314 154
314 171
314 214
315 214
315 491
316 374
317 194
317 411
318 112
318 335
319 309
319 486
320 44
320 253
320 420
321 63
321 444
322 195
322 418
323 312
323 374
324 147
324 244
324 359
325 313
326 344
326 349
326 467
327 121
328 204
328 466
329 116
329 125
329 195
331 141
332 348
332 454
333 376
333 432
334 82
334 440
334 469
335 93
336 42
337 232
338 94
338 190
338 208
338 348
339 293
339 443
340 197
340 405
341 93
341 346
342 241
342 369
344 349
345 15
345 28
345 30
345 439
346 202
347 427
347 468
348 117
348 292
349 40
349 262
350 408
350 428
350 434
350 500
351 203
352 7
352 193
352 204
352 463
353 285
354 241
354 303
355 69
355 88
355 196
356 33
356 337
357 188
357 403
357 420
358 12
358 103
358 345
359 406
361 268
361 284
362 119
362 380
363 27
364 22
365 278
366 214
366 314
367 72
367 156
367 229
368 2
368 28
368 48
368 490
369 255
370 41
370 152
370 330
371 404
372 90
372 326
373 225
373 468
374 56
374 377
374 445
375 98
376 328
376 392
378 303
379 25
379 164
379 315
379 486
380 10
381 21
384 271
384 450
384 468
385 109
386 305
386 358
387 308
387 385
387 489
389 36
391 67
391 70
391 470
393 209
393 374
393 498
394 75
394 95
394 142
394 241
394 372
394 413
395 325
395 352
395 382
395 453
396 115
396 332
397 130
397 452
397 457
399 34
399 61
399 95
400 113
402 261
402 343
403 85
403 352
403 382
404 36
404 58
404 115
405 465
405 474
406 225
406 235
406 359
407 71
407 225
408 155
408 353
409 99
409 130
409 149
409 422
410 273
410 314
410 415
410 421
411 26
411 428
412 206
412 373
412 417
413 77
413 326
414 5
414 20
415 84
415 184
415 268
415 293
416 169
416 187
416 239
416 250
416 290
416 292
417 198
417 225
417 427
417 441
418 329
419 290
421 175
422 170
422 318
423 50
423 321
423 447
423 468
424 96
424 432
426 77
427 50
427 71
427 370
427 450
428 464
429 22
429 95
429 124
429 255
430 85
430 163
430 357
430 395
431 91
431 249
431 350
432 45
432 97
432 185
432 233
432 365
432 424
433 268
434 270
434 401
435 199
435 211
436 261
436 456
437 123
438 24
438 120
438 155
438 249
439 351
440 19
440 271
440 450
441 225
441 370
442 407
443 83
443 260
443 433
444 459
445 211
445 316
446 224
446 225
447 441
448 287
448 485
450 330
450 373
450 436
450 441
451 163
452 346
454 115
454 157
454 201
454 208
454 230
455 37
455 42
455 110
456 147
456 488
457 109
458 404
459 257
459 370
459 441
460 247
461 223
461 236
462 51
462 106
462 160
462 199
462 211
462 240
462 372
463 188
464 76
464 285
465 3
465 51
466 325
466 382
467 64
468 304
468 442
470 148
470 196
470 471
471 58
471 114
472 339
472 443
474 54
474 178
474 228
474 497
475 255
476 1
476 237
476 256
476 267
477 22
477 124
477 344
478 197
479 40
479 242
481 38
481 173
481 280
482 311
482 382
482 453
484 38
484 48
484 351
485 287
485 335
486 79
486 183
486 273
487 24
487 337
488 152
489 210
490 15
490 20
490 57
490 351
491 176
491 184
491 276
491 327
492 98
492 134
492 435
492 497
492 499
493 378
494 380
498 199
500 91
500 356
