500 1000
1 8
1 239
1 400
1 451
2 418
3 361
4 140
4 394
5 40
5 492
6 337
6 417
6 479
6 487
7 268
9 45
9 312
9 415
9 434
10 159
11 72
11 200
12 27
13 50
13 190
13 376
14 389
15 5
17 267
18 374
19 236
20 215
20 271
20 468
21 370
21 408
23 20
23 96
24 256
24 302
24 329
25 167
25 277
26 80
26 129
26 352
27 12
27 100
28 375
29 108
29 171
30 276
30 369
30 471
31 9
31 491
32 260
32 296
33 172
33 421
34 29
34 303
34 306
35 278
35 405
36 21
36 118
36 219
36 436
38 398
38 456
39 295
39 429
39 475
40 5
40 15
40 159
40 380
41 109
41 258
42 155
42 392
44 36
44 117
44 402
44 417
46 147
47 234
47 415
48 32
48 195
48 289
49 92
49 249
50 13
51 284
51 320
52 264
52 349
53 270
54 231
54 454
55 188
55 204
56 7
56 315
57 93
57 233
57 338
58 280
58 433
58 498
59 100
59 144
59 379
60 443
61 83
61 373
61 449
62 365
63 324
64 261
64 412
65 248
65 364
66 202
67 78
68 192
68 385
69 189
69 325
69 334
69 395
69 471
69 496
70 34
70 303
70 306
71 121
71 368
71 464
71 487
73 183
74 493
75 110
76 305
77 269
77 371
77 472
79 94
79 123
79 126
79 169
80 60
80 202
80 466
81 279
81 304
82 116
82 125
83 61
83 296
83 373
84 413
84 447
84 459
86 256
86 324
86 381
86 430
87 221
87 230
89 347
89 457
90 274
90 307
91 220
91 242
91 263
92 99
93 57
93 253
94 79
94 422
95 417
95 497
96 237
97 449
98 10
98 148
98 412
99 106
99 207
100 17
100 59
100 379
100 477
101 54
101 244
101 454
102 322
102 370
102 408
104 160
104 166
105 154
105 321
106 127
106 330
107 297
107 300
107 474
108 29
108 138
108 171
108 393
109 258
110 439
111 160
111 357
111 461
112 12
112 18
112 297
113 334
114 149
114 203
114 243
114 268
114 377
115 152
115 323
115 428
115 469
116 82
116 388
117 146
117 220
117 426
118 36
118 219
118 436
120 7
121 71
121 372
121 464
122 227
122 356
123 33
123 133
123 294
124 105
124 154
124 159
124 184
124 324
125 388
126 94
126 422
127 172
127 181
128 58
128 168
128 205
128 499
129 26
129 352
130 80
130 341
130 443
131 402
131 425
132 211
132 246
132 264
133 99
133 142
133 404
135 387
136 212
136 229
137 192
138 5
138 68
138 156
138 385
139 402
139 425
140 4
140 394
141 282
141 485
142 316
142 361
142 491
143 35
143 65
143 364
144 309
144 481
145 54
145 231
145 331
146 9
146 312
147 46
148 67
149 114
149 243
149 377
150 16
150 416
151 339
153 407
153 426
153 446
154 14
154 321
155 103
155 362
155 392
156 138
156 477
157 307
158 38
158 463
159 223
160 166
161 69
161 332
161 438
163 90
163 157
163 274
163 307
164 178
166 160
166 371
167 25
167 178
167 235
168 128
168 205
168 212
168 454
169 94
169 126
170 193
170 241
170 311
171 29
171 117
172 106
172 330
175 19
175 236
175 401
176 428
178 135
178 164
178 387
179 38
179 77
179 158
180 47
180 131
180 402
181 330
181 421
181 434
183 228
183 411
184 154
184 321
184 461
185 346
185 388
186 308
187 159
187 253
188 62
189 496
190 376
191 82
194 75
194 476
195 209
195 366
196 165
197 357
199 355
199 444
200 174
200 457
202 353
202 406
203 243
204 62
204 320
204 496
205 168
205 259
205 487
205 499
206 153
206 334
207 262
207 340
208 347
208 359
209 195
210 216
210 310
210 351
211 246
211 358
212 137
212 216
213 192
215 23
216 218
216 310
216 351
218 216
218 310
219 118
220 242
220 263
221 87
221 230
223 10
223 440
224 411
224 473
225 347
226 46
228 183
228 411
229 43
229 136
230 87
230 221
230 433
231 101
231 145
231 363
232 426
233 187
234 47
235 167
235 270
236 175
236 292
236 484
236 490
237 20
238 74
239 451
240 272
241 170
241 238
242 220
242 263
244 101
244 231
245 214
245 492
246 132
246 342
246 358
246 391
247 291
247 301
247 446
249 104
249 226
249 414
250 59
250 213
250 419
251 183
251 228
252 52
252 378
253 88
253 203
253 338
254 23
254 271
255 198
255 410
255 448
256 367
256 499
257 58
257 267
257 433
257 498
258 41
258 109
259 499
260 200
262 90
262 214
262 290
262 340
263 91
263 220
264 52
264 99
265 270
265 430
266 275
266 483
267 17
267 308
267 318
268 34
268 56
268 120
269 77
270 144
270 235
270 265
271 76
271 96
272 147
272 447
272 449
273 381
273 430
273 489
274 99
274 307
275 16
276 30
276 471
277 112
277 482
279 81
280 58
280 498
281 287
281 418
282 141
282 455
283 34
283 95
283 117
283 497
284 424
285 278
287 2
287 138
287 224
287 281
287 418
288 174
288 208
288 347
288 475
289 195
289 209
289 390
290 207
290 214
290 245
290 262
291 117
291 446
292 325
292 344
292 399
293 285
293 346
294 123
294 133
294 404
294 440
295 39
295 134
295 429
295 475
296 83
296 373
297 300
298 413
299 14
299 124
300 107
300 267
300 268
300 435
300 474
301 407
301 427
301 446
302 194
302 476
303 34
303 193
304 28
304 163
304 356
304 375
305 23
305 468
306 109
306 335
306 358
307 17
307 90
307 157
307 274
308 17
308 186
308 267
308 318
309 24
309 256
310 216
310 218
310 351
311 74
311 193
312 31
313 8
313 89
313 457
314 350
315 56
315 268
316 142
316 361
316 480
316 491
317 10
317 303
317 493
318 352
319 403
319 478
320 55
320 188
321 14
321 184
322 21
322 102
323 152
324 109
324 344
324 387
326 278
326 405
327 115
327 353
328 64
328 477
328 500
329 14
329 22
329 24
329 256
330 172
330 181
330 182
330 421
332 450
333 191
334 113
334 235
335 441
336 45
336 441
337 6
337 148
337 417
337 479
339 165
340 214
340 290
341 60
341 130
341 466
342 50
342 190
343 325
344 292
345 408
346 293
347 118
348 197
348 461
349 52
349 99
349 252
349 264
349 378
350 45
350 426
351 29
351 210
352 26
352 97
352 129
353 66
353 202
353 240
353 406
354 7
354 120
354 315
355 99
355 199
355 208
355 444
357 111
357 423
357 461
358 132
358 211
358 246
358 391
359 208
359 241
359 288
360 281
360 340
360 418
361 3
361 142
362 393
362 445
362 457
363 145
364 456
366 289
366 390
368 121
368 438
368 464
369 282
369 455
370 102
370 134
370 322
370 328
371 269
371 472
372 487
373 83
373 296
374 488
375 122
375 345
375 382
376 13
376 50
376 190
376 342
377 114
377 149
377 243
378 369
379 59
379 100
380 293
380 467
381 86
381 489
383 125
384 47
384 109
384 207
385 68
385 138
385 156
385 485
386 471
387 164
387 178
387 437
390 209
391 132
391 246
391 358
392 103
392 155
393 41
393 362
393 445
394 112
394 140
394 160
395 178
395 189
395 209
395 496
396 151
396 177
396 386
398 158
398 183
400 412
401 19
402 131
402 335
402 425
403 133
403 319
403 478
404 123
404 133
404 212
404 294
406 353
407 153
407 427
408 21
410 255
410 263
410 460
411 183
411 228
412 67
412 148
412 261
413 136
413 168
413 459
415 146
415 234
415 384
416 266
416 275
417 6
418 281
418 287
418 360
419 217
419 451
420 94
420 478
421 89
421 158
421 330
422 79
422 94
422 169
423 249
423 348
423 461
424 51
424 465
425 1
426 350
427 206
427 247
428 389
429 134
429 201
430 459
431 25
431 174
431 235
432 424
432 465
433 379
433 498
434 88
434 338
435 2
435 297
436 36
436 118
436 197
437 336
437 441
438 450
439 99
439 110
439 283
439 346
440 10
440 439
441 336
441 437
442 43
442 229
443 466
444 199
444 355
445 362
445 393
446 407
447 97
447 315
448 198
448 460
449 97
449 144
449 240
449 447
450 161
451 63
451 174
452 266
452 416
453 190
454 231
454 244
455 282
455 369
457 313
459 84
459 162
459 355
460 155
460 410
460 448
461 111
461 357
462 124
462 321
463 406
464 71
464 368
464 487
465 51
465 284
465 424
465 432
466 60
466 80
466 408
466 443
467 346
467 380
468 494
469 323
470 12
471 276
472 77
472 269
472 371
473 119
474 297
474 435
476 75
476 194
476 302
477 328
477 500
478 403
478 420
479 6
479 259
479 417
480 491
481 118
481 144
481 274
482 27
484 175
485 141
485 455
486 51
486 130
486 466
487 71
487 372
487 464
488 55
488 296
488 320
488 365
489 381
490 9
490 175
490 236
492 9
492 40
492 255
493 344
494 232
495 449
496 69
496 189
496 395
497 95
497 283
498 58
498 257
498 343
498 388
498 433
499 168
500 199
500 328
500 477
