1000 1000
1 682
2 39
2 966
3 418
3 571
4 890
5 586
5 744
5 809
6 422
6 778
7 785
7 836
8 781
8 858
9 252
10 736
11 436
11 556
13 250
14 20
16 561
18 204
19 893
20 959
21 687
22 319
23 928
24 188
25 485
25 625
26 380
28 101
28 177
29 925
31 205
31 822
32 409
32 434
32 707
33 844
35 547
38 95
42 674
42 690
42 842
44 569
44 736
46 484
46 680
47 887
48 408
48 859
50 38
50 415
51 631
54 271
54 580
54 927
55 616
57 24
57 782
59 954
60 132
60 450
61 208
61 248
61 605
62 422
62 573
63 36
64 123
64 906
65 382
65 770
67 178
68 249
68 853
70 243
71 803
72 959
74 109
74 216
74 870
75 117
81 44
82 723
85 433
88 929
89 490
91 175
91 605
91 794
91 922
92 677
93 726
96 655
97 536
97 658
99 955
101 142
101 564
102 311
102 878
102 890
103 256
103 707
103 922
104 624
108 807
110 935
111 659
112 53
112 481
112 668
114 611
115 694
118 415
118 647
118 1000
119 397
120 791
120 800
121 645
121 793
121 922
124 630
125 439
126 430
128 318
128 674
128 1000
129 132
136 171
138 505
138 669
139 191
139 937
139 992
141 578
143 338
147 455
147 883
148 169
148 920
150 517
153 998
154 449
154 861
155 140
155 565
156 563
158 154
160 573
161 48
162 301
163 565
163 877
164 486
165 769
165 933
167 142
169 101
171 297
173 565
173 623
174 197
174 283
176 773
180 785
181 943
182 373
182 377
184 625
185 199
186 910
188 87
188 775
188 874
191 222
192 108
192 151
194 387
195 453
201 998
206 321
210 44
210 604
212 298
212 942
214 965
215 238
215 999
216 940
217 906
218 965
219 33
219 787
220 332
221 190
221 501
221 688
222 637
222 699
222 960
223 267
223 731
224 42
224 361
225 491
225 518
225 627
225 737
226 603
226 898
228 181
230 583
231 356
231 865
233 731
234 907
235 101
236 76
236 643
239 952
240 921
242 399
244 234
244 450
245 287
246 23
247 104
249 425
249 813
250 83
253 217
253 561
253 669
254 461
258 250
259 714
261 332
263 73
264 276
265 168
265 449
265 882
266 923
266 995
267 317
267 805
272 620
275 189
275 291
275 606
275 688
275 691
277 169
279 884
280 542
281 876
283 255
286 471
287 96
289 113
289 327
289 954
290 984
291 724
292 818
292 954
293 414
293 870
293 892
294 391
294 672
294 683
294 894
295 200
295 527
295 708
296 85
296 701
298 521
300 48
300 443
301 128
303 476
304 706
304 815
304 982
305 42
306 323
306 835
307 85
307 624
307 919
309 84
309 343
309 516
312 190
312 572
313 495
313 507
314 306
314 905
315 896
316 72
316 476
319 157
319 833
321 37
321 89
324 216
326 368
326 605
327 695
328 692
329 864
330 876
331 947
332 483
333 289
337 791
338 339
340 511
340 623
341 548
341 726
341 753
343 582
345 490
345 620
346 810
346 850
348 28
348 500
348 972
349 784
350 414
350 545
351 643
352 377
352 494
353 458
353 816
354 48
355 525
362 140
363 532
363 599
363 958
363 963
364 387
364 452
365 504
365 547
367 682
367 715
368 170
368 195
368 200
369 626
373 286
374 437
374 952
375 479
375 883
380 694
381 718
382 254
382 841
384 70
385 288
385 734
387 670
388 405
388 598
388 651
388 765
389 127
389 306
389 314
391 44
391 148
391 714
393 621
393 830
394 962
395 245
396 262
397 422
397 531
397 943
398 311
399 284
399 472
401 77
401 170
402 645
403 545
403 612
404 440
405 54
406 171
406 321
406 323
407 472
407 799
408 481
409 489
411 845
413 904
414 940
415 552
418 487
418 750
420 498
420 586
421 797
422 622
422 680
426 74
426 422
426 576
426 630
428 754
431 714
433 357
433 503
433 600
434 476
434 645
437 6
437 184
437 601
438 25
440 344
441 96
441 572
443 7
446 489
446 517
446 866
447 159
447 815
448 2
448 293
448 414
449 488
450 419
450 771
451 709
451 831
452 553
453 10
456 130
456 236
456 891
457 102
461 770
461 785
461 860
462 121
462 274
464 493
465 360
465 989
466 761
467 992
468 430
469 874
469 927
470 253
470 334
473 720
474 399
475 261
475 460
477 524
478 923
479 967
480 955
481 224
481 798
482 87
482 226
482 367
482 851
482 956
483 146
484 42
485 712
486 51
486 687
488 324
489 235
492 637
492 847
493 288
493 509
494 603
498 763
500 429
501 464
503 200
505 906
506 339
506 863
507 112
507 428
510 364
510 696
513 177
513 784
515 313
516 239
520 223
521 218
521 753
522 342
523 138
524 335
525 947
526 474
528 520
529 213
529 773
530 452
530 529
531 512
532 87
533 999
534 350
535 554
536 52
536 93
536 214
536 298
537 815
537 919
538 77
538 815
539 91
540 969
543 695
544 676
545 511
545 767
548 773
549 338
550 80
550 325
551 413
553 854
553 858
554 999
556 535
557 132
557 212
558 661
559 55
559 362
559 867
561 523
561 695
563 600
564 412
566 760
567 163
567 189
568 601
569 32
569 538
570 987
571 308
571 452
573 885
573 893
574 399
576 665
577 114
581 92
583 620
584 376
584 712
586 278
586 539
591 789
592 524
592 531
595 564
596 439
596 840
599 388
599 884
602 566
603 640
603 705
604 912
605 418
606 665
608 510
608 781
611 271
613 850
614 487
614 536
615 547
621 652
622 464
623 265
625 80
625 857
626 369
627 419
627 771
628 361
629 185
629 840
630 558
631 473
632 285
632 294
632 586
633 322
634 98
634 763
634 784
634 916
637 753
641 857
642 334
643 507
644 746
645 200
645 462
646 332
647 78
647 333
648 915
651 83
652 458
653 317
653 914
654 974
655 783
656 194
657 62
658 637
658 858
660 43
662 77
662 666
665 422
666 776
669 891
671 33
671 485
671 985
672 175
672 459
672 972
674 78
677 988
678 950
680 119
680 681
683 20
683 776
684 801
685 905
687 653
688 729
688 834
688 943
690 371
696 670
699 383
699 615
699 928
700 329
700 418
700 992
701 710
702 821
703 319
703 531
704 982
709 581
709 678
709 942
711 627
712 504
712 853
712 907
713 72
713 718
714 736
715 11
715 730
715 888
715 946
718 210
719 419
719 452
720 255
720 805
724 534
725 847
725 852
728 326
730 762
731 250
732 779
734 165
734 999
738 317
739 323
740 759
742 547
742 942
743 899
744 150
745 253
747 408
748 65
748 290
748 647
750 530
750 962
752 905
753 26
753 225
754 702
755 307
755 911
756 246
758 112
760 123
762 876
763 326
763 404
764 145
764 323
764 620
764 995
765 223
766 152
766 449
766 558
768 475
768 614
768 883
770 43
772 491
772 608
774 803
775 18
775 732
776 538
776 789
778 46
778 550
779 363
779 508
780 237
781 802
782 363
782 631
783 180
783 657
783 861
783 877
785 151
786 720
791 122
794 66
794 972
796 178
796 194
797 356
797 568
798 685
799 774
800 310
800 619
800 630
801 84
802 222
802 918
804 588
804 723
804 876
805 914
805 979
806 756
808 760
810 802
811 721
812 803
813 153
813 581
815 235
815 409
816 490
818 754
819 132
820 913
821 50
821 415
822 811
823 918
824 121
824 401
825 22
825 534
825 657
825 834
828 700
829 990
831 529
831 536
831 757
833 22
834 587
834 703
835 323
835 583
836 100
838 339
839 66
839 326
842 224
844 688
845 681
847 504
849 108
850 875
850 967
851 445
852 376
852 937
853 677
858 917
859 443
860 353
861 22
861 877
863 370
863 519
863 840
864 129
865 630
866 401
868 547
869 706
869 846
870 724
871 799
871 803
871 851
872 318
872 949
872 994
873 450
874 188
875 8
875 364
875 615
876 486
880 881
881 401
881 527
882 75
882 657
884 427
886 684
888 185
888 574
888 720
889 119
889 181
889 302
889 310
890 876
891 620
893 22
897 524
898 40
900 82
901 11
902 14
902 982
904 794
906 211
907 451
907 492
908 640
909 34
909 229
911 85
911 295
911 498
911 789
911 824
912 166
913 282
913 650
914 526
914 953
917 711
918 553
919 91
919 237
919 295
920 839
920 978
924 91
925 76
925 674
926 625
928 529
928 581
929 726
929 813
930 588
931 730
932 255
932 519
932 898
933 163
934 2
934 766
935 180
936 763
937 35
937 742
938 156
938 434
938 789
943 173
944 676
945 101
945 413
946 4
946 398
946 939
947 525
947 792
948 680
950 719
953 31
953 468
954 859
955 758
960 67
960 853
962 557
962 696
963 611
965 985
966 625
967 820
968 154
968 238
969 158
969 767
971 359
971 891
972 5
973 906
974 176
974 663
976 373
976 574
977 78
977 798
979 967
980 301
981 32
981 887
982 47
982 103
983 339
983 914
984 951
985 929
986 254
988 965
990 90
990 634
990 792
990 846
991 439
993 285
993 316
995 112
996 485
1000 647
