1000 1000
1 670
1 909
2 39
2 423
2 620
2 702
2 760
3 611
5 858
6 729
8 30
9 945
10 426
10 722
13 308
13 535
19 123
19 762
20 329
22 362
22 607
24 851
25 642
26 909
26 976
27 469
28 418
28 524
28 720
30 8
30 19
31 542
32 907
33 991
34 738
34 757
35 780
36 874
37 671
37 940
38 432
38 493
39 423
42 637
44 308
45 19
45 150
46 184
47 412
49 748
51 180
53 1000
55 274
57 216
59 203
60 271
61 656
62 759
63 157
64 787
64 845
65 174
65 517
65 526
65 671
67 360
67 789
70 148
72 398
73 817
74 479
76 793
77 450
78 678
78 691
78 716
81 461
81 859
82 181
83 384
87 180
87 553
87 962
89 61
91 343
92 701
96 264
96 719
98 325
98 363
98 667
99 628
100 90
100 456
100 675
102 57
103 155
103 254
104 182
104 890
105 261
106 371
107 271
108 460
108 600
108 873
110 485
111 525
112 300
112 579
114 220
115 405
118 13
119 221
120 881
121 976
122 648
123 580
123 896
125 244
125 495
125 608
125 619
125 929
126 527
126 626
126 731
126 977
127 510
129 172
129 648
132 810
138 54
138 91
139 873
140 473
142 746
143 967
144 655
145 29
145 98
145 397
145 744
146 440
146 650
148 432
148 528
150 385
150 896
151 181
154 252
155 84
156 38
156 640
158 330
160 190
160 353
160 758
161 373
162 825
163 490
163 751
164 963
167 682
167 747
168 490
169 482
170 963
171 731
172 278
172 461
176 163
176 534
177 220
178 666
179 238
181 22
181 882
183 442
184 616
186 436
186 574
186 696
188 252
188 489
189 600
190 180
190 880
195 317
196 291
196 783
197 941
198 60
198 261
198 340
199 854
201 456
203 328
203 893
204 24
204 326
205 294
205 807
207 156
207 816
207 892
208 990
209 431
210 302
210 531
211 657
213 309
214 708
214 829
215 618
216 918
219 144
219 354
219 904
221 465
221 554
223 543
225 863
226 446
226 563
226 797
228 71
228 863
231 347
232 403
233 823
235 510
235 797
238 795
240 924
241 474
244 79
244 848
245 283
245 300
245 482
245 911
246 878
247 818
248 721
252 610
252 878
254 141
255 721
256 287
257 84
257 141
257 439
258 891
259 602
259 717
259 879
260 204
262 468
264 337
264 589
265 279
266 379
268 180
269 724
270 682
272 396
272 584
273 415
273 740
277 30
277 342
277 385
279 711
279 794
280 707
281 94
281 893
281 956
282 460
284 889
285 771
285 805
289 721
291 772
293 964
297 535
297 729
298 106
298 615
298 856
299 157
299 434
300 961
301 97
301 687
302 266
302 531
302 886
304 295
305 140
305 192
306 91
306 201
306 221
307 38
308 219
308 777
308 840
310 40
310 211
310 392
310 926
313 804
315 721
316 953
318 332
321 184
321 807
324 422
324 798
324 864
326 659
326 957
327 227
328 203
328 893
329 483
329 852
332 318
333 421
333 761
333 980
335 417
337 834
339 27
339 837
340 765
340 769
343 54
345 94
345 203
345 391
346 118
348 485
350 128
351 27
351 877
352 841
355 359
358 668
358 970
359 313
359 561
360 545
360 764
362 773
363 523
363 887
364 216
366 933
367 253
367 567
370 675
372 282
372 370
373 161
374 572
375 534
376 646
383 252
383 610
383 878
384 831
385 452
386 95
386 800
386 907
387 746
388 544
388 799
389 411
389 922
391 956
392 905
394 177
397 480
399 258
400 877
404 549
405 415
406 179
406 813
407 62
407 926
409 614
409 868
410 186
410 574
410 892
411 967
412 44
412 888
414 124
415 71
415 766
417 498
419 515
419 902
420 187
420 239
420 592
422 728
422 753
425 58
426 10
427 580
428 305
428 757
429 93
434 52
434 733
435 394
435 684
436 25
437 657
438 17
438 212
440 980
441 344
442 76
442 931
443 538
445 551
450 77
450 322
450 326
455 516
457 163
457 470
457 534
457 670
458 144
458 927
458 988
461 122
465 54
466 9
466 517
467 414
468 262
468 379
468 531
470 711
470 794
471 961
474 42
476 35
479 928
482 784
483 618
484 182
484 494
485 664
487 148
487 156
488 205
489 610
490 457
490 470
490 875
492 455
492 907
495 991
498 101
502 161
503 638
503 947
504 534
505 631
506 106
506 596
508 16
508 122
508 172
509 407
510 55
511 477
512 661
514 164
514 503
515 877
516 364
518 409
519 809
521 272
522 250
522 953
525 491
525 958
527 102
527 797
530 229
530 781
531 379
532 715
535 6
535 13
535 308
537 36
539 845
539 904
540 712
541 381
541 501
541 975
542 84
542 494
542 536
543 290
545 771
547 469
548 631
548 770
549 497
549 608
551 294
551 488
551 836
551 979
552 577
553 551
553 954
554 139
557 620
557 901
558 527
558 537
558 797
559 172
559 278
560 876
563 446
564 632
564 929
566 898
568 215
568 665
570 80
571 814
572 426
573 139
573 465
573 554
573 820
574 846
574 892
575 230
576 448
577 321
578 1
578 976
579 300
580 427
580 756
580 762
581 42
581 747
582 444
584 575
585 91
586 469
586 630
586 902
587 962
588 551
589 160
589 965
590 697
592 564
595 194
595 232
595 916
596 879
597 188
597 878
598 352
598 806
599 1
599 151
600 356
600 931
601 969
602 674
604 420
604 549
604 592
604 981
606 283
606 471
606 961
607 52
607 565
609 813
609 944
610 246
610 534
610 570
612 116
612 721
613 92
613 882
614 548
615 88
615 259
615 717
615 778
617 672
617 697
620 39
620 332
621 319
622 171
623 519
625 333
626 171
626 333
626 715
627 143
627 540
628 78
628 244
629 291
630 202
630 902
633 386
633 516
633 827
634 66
636 905
637 1000
638 662
638 941
639 465
640 207
641 937
642 25
642 41
642 815
645 233
645 852
645 915
645 938
646 677
647 706
648 855
649 274
649 874
650 440
650 725
650 853
651 214
651 265
651 829
652 77
652 894
654 606
655 539
655 910
656 253
656 576
657 40
658 245
659 450
660 248
661 207
661 241
662 413
662 941
665 288
665 568
668 389
670 209
672 613
674 88
674 106
674 371
675 309
675 331
676 305
676 428
678 920
679 333
679 749
679 853
681 2
681 702
685 473
690 166
692 365
694 48
695 70
697 882
700 188
700 246
701 362
701 590
701 672
701 697
702 332
702 901
705 111
706 286
706 335
706 913
707 222
710 964
712 540
713 12
714 978
715 171
715 426
715 923
718 129
718 648
718 982
724 337
725 333
726 555
727 43
727 105
728 713
729 297
731 644
732 361
733 23
734 42
734 682
735 69
735 88
735 717
736 399
737 823
738 685
739 243
739 861
740 405
740 478
741 454
741 781
742 529
743 697
743 882
744 222
746 4
746 53
746 304
747 167
747 637
748 728
749 853
749 980
750 724
754 26
754 578
758 962
761 749
762 19
764 285
764 623
764 789
767 39
767 555
768 411
768 954
770 548
773 690
775 832
777 535
780 563
780 977
784 112
784 872
785 522
787 806
788 562
788 634
788 959
789 285
789 360
790 473
790 950
793 243
793 873
794 470
794 708
795 229
795 295
795 978
796 503
796 960
797 527
797 972
798 324
798 541
798 728
798 864
799 135
799 930
800 410
801 313
801 359
802 26
803 744
803 951
804 876
805 67
810 235
810 276
810 709
811 693
813 426
814 971
815 892
816 38
818 945
819 185
820 573
821 288
822 473
823 321
823 665
824 370
825 320
826 215
827 492
827 907
828 927
829 375
829 708
830 201
832 662
833 186
833 436
833 574
833 696
834 96
834 770
835 769
839 750
840 13
841 14
841 845
845 352
845 365
845 806
846 410
848 429
848 920
850 381
851 260
851 277
851 322
851 326
851 450
855 81
855 172
855 461
859 49
859 855
860 9
860 725
860 937
861 867
862 972
863 478
863 844
864 115
864 753
864 850
865 108
867 40
867 905
868 409
869 264
870 297
872 245
872 784
873 931
874 446
876 561
877 339
878 292
878 526
880 147
880 838
881 321
881 581
882 617
884 819
886 529
889 39
889 901
890 888
892 85
892 815
892 960
893 256
893 328
893 391
893 458
894 260
894 652
894 957
895 978
896 150
896 857
897 840
898 220
901 284
902 469
902 515
902 630
904 14
905 926
907 512
907 516
908 349
909 209
909 976
910 841
911 300
914 791
916 218
916 406
919 663
919 783
920 93
923 925
924 831
926 191
926 636
927 458
927 893
927 988
928 504
928 576
930 23
935 937
937 247
937 666
938 591
940 7
942 265
943 921
945 694
946 992
947 170
950 511
952 228
953 634
954 420
962 802
963 941
964 21
964 319
964 621
965 21
969 18
969 330
970 584
971 571
973 143
973 389
975 850
976 578
976 909
979 205
982 461
982 513
983 17
983 344
984 645
985 71
985 611
986 149
988 391
989 867
991 497
991 632
992 450
993 462
993 853
995 70
997 556
997 900
999 272
999 627
999 973
1000 581
