50 50 50
1 100
1 100
1 100
1 100
1 100
1 100
1 100
1 100
1 100
1 100
1 100
1 100
1 100
1 100
1 100
1 100
1 100
1 100
1 100
1 100
1 100
1 100
1 100
1 100
1 100
1 100
1 100
1 100
1 100
1 100
1 100
1 100
1 100
1 100
1 100
1 100
1 100
1 100
1 100
1 100
1 100
1 100
1 100
1 100
1 100
1 100
1 100
1 100
1 8 6 9 1 1 1 1 1 1 1 1 1 1 1 1 1 1 1 1 1 1 1 1 1 1 1 1 1 1 1 1 1 1 1 1 1 1 1 1 1 1 1 1 1 1 1 1 1 1
4 4
1 4
1 3
4 4
4 4
4 4
4 4
4 4
4 4
4 4
4 4
4 4
4 4
4 4
4 4
4 4
4 4
4 4
4 4
4 4
4 4
4 4
4 4
4 4
4 4
4 4
4 4
4 4
4 4
4 4
4 4
4 4
4 4
4 4
4 4
4 4
4 4
4 4
4 4
4 4
4 4
4 4
4 4
4 4
4 4
4 4
4 4
4 4
4 4
1 50
1 50
1 50
