best-score: 573789
count: 1
elapsed-time: 4.535
195
14 18 13 19 12 18 13 17
24 25 23 26 24 27 25 26
24 12 23 13 24 14 25 13
30 28 27 25 28 24 31 27
31 16 32 17 33 16 32 15
16 28 16 29 13 29 13 28
17 23 15 25 16 26 18 24
18 21 16 21 16 20 18 20
13 16 14 17 15 16 14 15
25 14 23 12 24 11 26 13
18 16 18 17 17 17 17 16
20 24 22 24 22 25 20 25
14 25 14 26 11 26 11 25
14 23 12 21 14 19 16 21
31 11 31 12 30 12 30 11
13 25 14 26 15 25 14 24
27 11 26 12 27 13 28 12
25 27 24 28 25 29 26 28
24 15 25 15 25 14 24 14
22 30 20 28 22 26 24 28
28 15 29 15 29 14 28 14
19 28 20 29 21 28 20 27
18 23 16 21 19 18 21 20
32 25 33 25 33 26 32 26
21 29 20 29 20 28 21 28
33 24 32 24 32 23 33 23
15 17 14 18 16 20 17 19
23 29 23 30 22 30 22 29
31 17 32 17 32 16 31 16
15 26 16 26 16 25 15 25
30 23 32 23 32 22 30 22
29 28 29 30 28 30 28 28
14 13 13 14 12 13 13 12
19 13 18 13 18 12 19 12
29 21 27 23 28 24 30 22
27 17 26 16 28 14 29 15
13 30 11 30 11 29 13 29
11 19 12 19 12 21 11 21
31 32 30 33 29 32 30 31
31 31 31 32 30 32 30 31
19 23 20 23 20 20 19 20
23 27 24 27 24 28 23 28
26 11 27 11 27 12 26 12
14 27 16 29 17 28 15 26
27 28 24 31 23 30 26 27
31 13 31 14 29 14 29 13
26 25 24 23 28 19 30 21
17 14 16 13 17 12 18 13
33 12 33 13 31 13 31 12
20 18 18 16 21 13 23 15
31 23 32 24 33 23 32 22
28 33 23 28 24 27 29 32
14 32 15 33 18 30 17 29
16 24 18 24 18 25 16 25
23 25 24 26 27 23 26 22
33 19 32 20 30 18 31 17
20 12 21 13 22 12 21 11
29 18 30 18 30 21 29 21
12 23 14 25 18 21 16 19
26 23 24 23 24 22 26 22
22 20 19 23 20 24 23 21
13 23 14 23 14 19 13 19
22 27 21 28 22 29 23 28
26 14 25 14 25 13 26 13
20 11 19 12 21 14 22 13
12 32 14 32 14 33 12 33
18 31 13 31 13 30 18 30
16 14 15 15 17 17 18 16
13 13 14 13 14 12 13 12
17 27 16 28 15 27 16 26
23 24 22 25 20 23 21 22
22 14 21 14 21 13 22 13
17 33 16 33 16 29 17 29
12 30 11 29 12 28 13 29
16 15 15 16 16 17 17 16
31 25 32 26 33 25 32 24
31 24 32 24 32 25 31 25
21 26 22 27 23 26 22 25
13 18 13 19 12 19 12 18
25 17 25 20 22 20 22 17
27 26 26 27 25 26 26 25
25 25 25 26 24 26 24 25
15 21 17 23 18 22 16 20
17 22 18 22 18 23 17 23
32 31 31 31 31 27 32 27
20 13 20 18 19 18 19 13
23 16 24 16 24 15 23 15
23 19 26 22 28 20 25 17
32 28 31 27 32 26 33 27
28 18 24 22 23 21 27 17
22 15 19 18 18 17 21 14
24 13 23 13 23 12 24 12
24 19 21 22 19 20 22 17
14 14 16 14 16 13 14 13
29 29 28 30 30 32 31 31
26 17 24 19 25 20 27 18
27 16 27 17 26 17 26 16
21 21 21 22 18 22 18 21
27 27 26 28 27 29 28 28
12 16 13 17 15 15 14 14
14 16 14 17 13 17 13 16
19 24 18 24 18 23 19 23
17 15 16 15 16 14 17 14
16 16 16 17 15 17 15 16
21 12 20 12 20 11 21 11
31 26 32 27 33 26 32 25
28 17 27 18 28 19 29 18
28 27 27 26 30 23 31 24
24 30 25 31 26 30 25 29
25 24 28 24 28 20 25 20
21 25 22 26 23 25 22 24
15 13 14 14 13 13 14 12
32 14 30 16 29 15 31 13
33 15 33 16 32 16 32 15
15 18 14 19 13 18 14 17
26 26 27 26 27 25 26 25
21 18 21 20 20 20 20 18
16 27 17 27 17 28 16 28
16 23 16 24 14 24 14 23
18 18 19 18 19 20 18 20
32 19 32 20 28 20 28 19
22 21 23 21 23 24 22 24
18 26 20 26 20 25 18 25
13 15 14 15 14 14 13 14
29 16 28 17 27 16 28 15
17 11 15 13 16 14 18 12
13 33 12 32 13 31 14 32
32 12 31 13 30 12 31 11
28 13 27 14 26 13 27 12
15 19 14 19 14 18 15 18
16 31 14 33 11 30 13 28
29 12 29 13 28 13 28 12
26 32 28 32 28 30 26 30
31 15 32 15 32 14 31 14
12 15 13 15 13 16 12 16
25 28 26 28 26 27 25 27
19 29 17 27 18 26 20 28
17 18 16 19 15 18 16 17
30 15 30 16 29 16 29 15
19 27 20 27 20 28 19 28
16 18 17 18 17 17 16 17
23 31 24 31 24 30 23 30
30 17 29 16 30 15 31 16
33 28 30 31 29 30 32 27
14 31 16 33 18 31 16 29
12 25 11 26 13 28 14 27
15 20 16 20 16 19 15 19
29 23 30 23 30 28 29 28
29 17 29 18 28 18 28 17
28 29 27 28 28 27 29 28
14 11 17 11 17 12 14 12
31 20 29 18 30 17 32 19
19 26 20 27 21 26 20 25
26 29 27 29 27 28 26 28
12 14 13 14 13 13 12 13
27 19 28 19 28 18 27 18
24 24 24 25 23 25 23 24
19 11 18 12 19 13 20 12
24 21 23 21 23 19 24 19
29 19 28 18 29 17 30 18
27 21 29 21 29 23 27 23
33 22 32 23 30 21 31 20
23 14 22 15 23 16 24 15
21 27 22 27 22 26 21 26
32 18 33 18 33 19 32 19
20 32 18 30 19 29 21 31
19 25 20 26 21 25 20 24
28 26 28 27 27 27 27 26
31 18 30 18 30 17 31 17
11 32 12 33 14 31 13 30
30 13 29 12 30 11 31 12
30 20 29 21 28 20 29 19
27 33 26 32 27 31 28 32
28 25 31 25 31 26 28 26
17 24 18 25 19 24 18 23
27 22 26 23 24 21 25 20
19 19 18 20 17 19 18 18
33 20 33 22 32 22 32 20
24 29 25 29 25 28 24 28
25 30 26 30 26 29 25 29
19 32 20 32 20 29 19 29
25 33 27 33 27 31 25 31
21 19 20 20 19 19 20 18
21 30 19 32 18 31 20 29
24 32 25 33 26 32 25 31
23 33 22 32 23 31 24 32
22 18 21 19 22 20 23 19
21 33 23 33 23 31 21 31
34 13 32 15 31 14 33 12
34 19 33 20 32 19 33 18
34 15 33 15 33 13 34 13
34 20 33 20 33 19 34 19
34 14 33 15 32 14 33 13
9 23 11 25 13 23 11 21
22 31 21 30 22 29 23 30
