best-score: 670486
count: 6
elapsed-time: 4.529
144
28 12 27 13 28 14 29 13
38 29 38 30 37 30 37 29
39 29 38 30 37 29 38 28
14 21 15 22 16 21 15 20
24 14 24 15 23 15 23 14
13 20 14 20 14 21 13 21
22 16 21 15 22 14 23 15
26 39 25 39 25 38 26 38
31 27 32 28 33 27 32 26
33 17 32 17 32 16 33 16
13 34 14 35 15 34 14 33
34 17 33 18 32 17 33 16
34 18 33 18 33 17 34 17
30 12 30 14 28 14 28 12
40 17 38 19 36 17 38 15
25 12 23 14 24 15 26 13
40 21 38 23 36 21 38 19
34 15 36 15 36 13 34 13
29 23 27 23 27 22 29 22
39 36 37 36 37 34 39 34
17 28 18 29 20 27 19 26
13 36 15 38 16 37 14 35
17 38 17 39 15 39 15 38
29 34 27 32 29 30 31 32
38 17 36 17 36 15 38 15
29 32 31 32 31 34 29 34
31 23 31 24 29 24 29 23
36 27 35 28 37 30 38 29
30 21 29 22 27 20 28 19
15 36 13 36 13 34 15 34
27 15 26 15 26 13 27 13
35 24 34 25 36 27 37 26
32 25 34 25 34 23 32 23
28 32 29 32 29 30 28 30
30 22 29 22 29 21 30 21
24 29 25 29 25 31 24 31
31 13 30 14 29 13 30 12
40 19 38 19 38 17 40 17
36 19 34 17 36 15 38 17
28 22 29 23 30 22 29 21
33 24 32 25 31 24 32 23
38 21 36 21 36 19 38 19
39 21 39 23 38 23 38 21
21 43 17 39 21 35 25 39
24 25 26 27 29 24 27 22
31 36 34 39 37 36 34 33
20 35 21 35 21 32 20 32
35 26 35 28 32 28 32 26
16 24 13 21 14 20 17 23
33 30 30 27 32 25 35 28
21 33 20 32 24 28 25 29
31 30 33 30 33 27 31 27
16 23 16 24 13 24 13 23
27 25 24 25 24 23 27 23
30 35 26 39 25 38 29 34
31 20 34 23 36 21 33 18
35 19 31 23 30 22 34 18
19 18 20 18 20 21 19 21
21 27 17 23 19 21 23 25
17 21 17 23 16 23 16 21
28 35 27 35 27 32 28 32
35 36 31 32 33 30 37 34
35 17 36 17 36 19 35 19
26 34 29 34 29 38 26 38
24 22 27 22 27 20 24 20
13 17 17 21 20 18 16 14
23 28 24 28 24 25 23 25
28 20 29 21 33 17 32 16
24 26 28 30 31 27 27 23
24 35 21 32 24 29 27 32
24 38 25 38 25 35 24 35
16 18 19 18 19 14 16 14
38 26 37 26 37 23 38 23
25 19 24 20 27 23 28 22
35 34 35 36 31 36 31 34
33 32 31 34 29 32 31 30
28 27 24 31 20 27 24 23
31 19 31 20 28 20 28 19
34 16 33 17 34 18 35 17
39 26 39 28 38 28 38 26
19 34 16 37 17 38 20 35
24 43 20 39 24 35 28 39
21 25 24 28 27 25 24 22
34 32 34 33 33 33 33 32
37 37 35 37 35 36 37 36
38 36 37 37 33 33 34 32
32 20 32 23 31 23 31 20
14 25 13 24 15 22 16 23
26 36 25 35 26 34 27 35
20 25 21 25 21 27 20 27
35 30 37 30 37 34 35 34
22 31 24 31 24 35 22 35
30 39 28 39 28 35 30 35
17 29 13 25 17 21 21 25
18 28 18 29 17 29 17 28
36 31 34 33 33 32 35 30
35 16 35 17 34 17 34 16
17 22 16 23 19 26 20 25
33 15 34 15 34 16 33 16
26 30 28 30 28 27 26 27
20 19 17 22 16 21 19 18
16 31 19 34 21 32 18 29
40 33 39 34 36 31 37 30
29 40 28 39 29 38 30 39
23 16 20 19 24 23 27 20
33 14 33 15 30 15 30 14
27 33 25 31 26 30 28 32
22 15 23 15 23 16 22 16
35 14 34 15 33 14 34 13
21 14 22 14 22 15 21 15
22 13 21 14 22 15 23 14
37 14 36 15 35 14 36 13
37 16 35 16 35 14 37 14
23 13 23 14 22 14 22 13
20 9 14 15 20 21 26 15
40 39 34 39 34 33 40 33
42 37 40 39 37 36 39 34
42 28 38 32 33 27 37 23
24 10 16 18 19 21 27 13
22 43 21 43 21 35 22 35
42 29 39 29 39 28 42 28
44 31 39 36 37 34 42 29
44 27 44 31 36 31 36 27
41 24 39 26 42 29 44 27
43 22 41 24 38 21 40 19
15 15 15 20 14 20 14 15
13 33 14 33 14 25 13 25
25 20 27 22 32 17 30 15
33 19 35 19 35 24 33 24
25 14 28 14 28 19 25 19
37 18 37 23 34 23 34 18
22 24 22 31 16 31 16 24
14 34 13 33 17 29 18 30
27 26 32 26 32 25 27 25
32 24 26 30 25 29 31 23
19 30 26 30 26 34 19 34
33 20 29 24 35 30 39 26
31 18 33 18 33 19 31 19
24 12 25 12 25 14 24 14
19 29 19 30 18 30 18 29
23 33 19 29 21 27 25 31
29 18 31 18 31 13 29 13
25 13 24 14 23 13 24 12
30 11 26 15 29 18 33 14
