best-score: 965854
count: 3
elapsed-time: 4.509
183
17 22 17 21 18 21 18 22
17 24 16 23 17 22 18 23
21 18 21 17 22 17 22 18
23 18 22 19 21 18 22 17
23 19 22 19 22 18 23 18
23 17 22 18 23 19 24 18
24 17 24 18 23 18 23 17
25 18 24 19 23 18 24 17
22 20 21 21 20 20 21 19
21 20 21 19 22 19 22 20
20 21 21 21 21 20 20 20
20 18 21 19 22 18 21 17
20 19 20 18 21 18 21 19
19 20 20 19 21 20 20 21
19 19 20 19 20 20 19 20
19 17 18 18 19 19 20 18
19 15 18 16 19 17 20 16
19 16 18 16 18 15 19 15
20 17 20 16 19 16 19 17
19 18 20 17 21 18 20 19
18 19 19 19 19 18 18 18
17 20 18 19 19 20 18 21
13 18 13 19 12 19 12 18
15 22 16 23 15 24 14 23
16 22 16 23 15 23 15 22
17 23 16 22 17 21 18 22
16 24 17 24 17 23 16 23
18 24 17 25 16 24 17 23
18 25 17 25 17 24 18 24
18 26 18 25 19 25 19 26
19 27 18 26 19 25 20 26
20 27 19 27 19 26 20 26
14 24 15 24 15 23 14 23
15 25 14 24 15 23 16 24
16 25 15 25 15 24 16 24
17 26 16 25 17 24 18 25
16 26 16 25 17 25 17 26
17 27 16 26 17 25 18 26
18 27 17 27 17 26 18 26
19 28 18 27 19 26 20 27
18 28 18 27 19 27 19 28
22 13 23 13 23 14 22 14
21 23 20 22 21 21 22 22
13 12 12 13 11 12 12 11
10 19 11 20 10 21 9 20
11 19 11 20 10 20 10 19
12 20 11 19 12 18 13 19
10 18 9 19 10 20 11 19
9 18 10 18 10 19 9 19
15 7 16 8 15 9 14 8
24 20 25 19 26 20 25 21
23 20 23 19 24 19 24 20
22 21 21 20 22 19 23 20
23 21 22 21 22 20 23 20
14 26 15 26 15 25 14 25
15 27 14 26 15 25 16 26
16 27 15 27 15 26 16 26
17 28 16 27 17 26 18 27
16 28 16 27 17 27 17 28
17 29 16 28 17 27 18 28
18 29 17 29 17 28 18 28
9 21 9 20 10 20 10 21
14 9 14 10 13 10 13 9
15 8 15 9 14 9 14 8
14 7 15 8 14 9 13 8
13 7 14 7 14 8 13 8
12 8 13 7 14 8 13 9
12 9 12 8 13 8 13 9
11 10 12 9 13 10 12 11
25 20 26 20 26 21 25 21
24 21 23 20 24 19 25 20
23 24 23 25 22 25 22 24
23 26 22 25 23 24 24 25
24 26 23 26 23 25 24 25
24 24 23 25 24 26 25 25
25 24 25 25 24 25 24 24
16 7 16 8 15 8 15 7
16 9 15 8 16 7 17 8
17 9 16 9 16 8 17 8
17 7 16 8 17 9 18 8
18 7 18 8 17 8 17 7
23 9 22 9 22 8 23 8
21 22 21 21 22 21 22 22
20 23 21 23 21 22 20 22
19 22 20 21 21 22 20 23
19 21 20 21 20 22 19 22
19 23 18 22 19 21 20 22
20 24 19 25 18 24 19 23
19 24 19 23 20 23 20 24
20 25 19 26 18 25 19 24
21 25 20 24 21 23 22 24
21 26 20 26 20 25 21 25
21 24 20 25 21 26 22 25
22 23 22 24 21 24 21 23
23 22 22 23 21 22 22 21
24 22 23 22 23 21 24 21
23 23 22 22 23 21 24 22
24 23 24 24 23 24 23 23
25 22 24 23 23 22 24 21
25 23 24 23 24 22 25 22
26 22 25 23 24 22 25 21
18 20 19 19 20 20 19 21
17 19 17 20 18 20 18 19
16 20 17 19 18 20 17 21
16 21 16 20 17 20 17 21
15 20 16 21 15 22 14 21
16 19 15 20 13 18 14 17
15 19 16 19 16 20 15 20
14 22 13 21 15 19 16 20
13 22 13 21 14 21 14 22
23 15 21 17 20 16 22 14
22 15 23 15 23 17 22 17
25 16 24 17 22 15 23 14
25 17 25 16 26 16 26 17
26 18 25 19 24 18 25 17
26 19 25 19 25 18 26 18
27 20 26 21 25 20 26 19
21 14 22 15 20 17 19 16
21 15 21 14 22 14 22 15
17 11 17 9 19 9 19 11
16 12 14 10 15 9 17 11
24 14 26 16 25 17 23 15
25 11 23 13 24 14 26 12
25 9 24 10 25 11 26 10
23 11 25 11 25 9 23 9
22 10 23 9 24 10 23 11
24 16 24 14 25 14 25 16
27 18 26 19 25 18 26 17
27 17 27 18 26 18 26 17
27 19 27 20 26 20 26 19
28 18 27 19 26 18 27 17
28 19 27 19 27 18 28 18
12 23 10 25 8 23 10 21
12 22 13 22 13 23 12 23
11 21 12 20 13 21 12 22
12 21 11 21 11 20 12 20
13 20 12 21 11 20 12 19
13 24 12 23 13 22 14 23
13 25 13 24 14 24 14 25
12 24 13 23 14 24 13 25
10 22 12 24 10 26 8 24
10 23 8 23 8 22 10 22
10 24 10 23 12 23 12 24
8 25 10 25 10 24 8 24
11 22 10 22 10 21 11 21
11 11 9 11 9 10 11 10
12 12 12 11 11 11 11 12
13 13 13 12 12 12 12 13
24 12 24 10 26 10 26 12
14 16 15 15 18 18 17 19
18 17 18 16 14 16 14 17
17 18 18 17 19 18 18 19
16 18 17 18 17 19 16 19
15 14 15 15 18 15 18 14
18 11 15 14 13 12 16 9
19 10 22 13 21 14 18 11
20 9 19 10 17 8 18 7
20 10 20 9 22 9 22 10
18 10 19 11 20 10 19 9
17 16 18 17 19 16 18 15
19 14 22 11 25 14 22 17
21 11 21 14 19 14 19 11
20 12 21 11 23 13 22 14
17 13 18 14 20 12 19 11
14 14 15 15 17 13 16 12
15 10 15 14 14 14 14 10
16 10 15 10 15 9 16 9
9 17 10 18 14 14 13 13
27 10 23 14 22 13 26 9
21 9 22 10 21 11 20 10
13 26 10 26 10 25 13 25
11 28 8 25 10 23 13 26
14 27 13 26 14 25 15 26
13 27 13 26 14 26 14 27
12 26 13 25 14 26 13 27
27 9 27 10 26 10 26 9
7 13 12 18 14 16 9 11
16 13 16 18 13 18 13 13
17 12 17 13 16 13 16 12
10 13 10 18 12 18 12 13
8 11 9 10 11 12 10 13
8 17 8 11 9 11 9 17
13 14 9 18 8 17 12 13
