best-score: 755313
count: 15
elapsed-time: 4.511
91
21 15 22 15 22 16 21 16
9 26 10 26 10 27 9 27
13 17 13 18 12 18 12 17
11 26 10 27 9 26 10 25
21 17 20 16 21 15 22 16
15 14 14 14 14 13 15 13
20 17 21 17 21 18 20 18
20 15 21 16 22 15 21 14
16 10 17 10 17 9 16 9
11 25 11 26 10 26 10 25
18 10 17 11 16 10 17 9
12 26 11 25 12 24 13 25
18 11 17 11 17 10 18 10
20 14 21 14 21 15 20 15
22 17 21 18 20 17 21 16
28 19 27 20 25 18 26 17
24 17 26 17 26 16 24 16
22 12 20 14 21 15 23 13
13 16 12 15 14 13 15 14
10 16 9 16 9 14 10 14
20 25 21 25 21 27 20 27
13 23 13 25 11 25 11 23
11 17 12 17 12 15 11 15
9 15 10 16 11 15 10 14
14 17 13 18 12 17 13 16
12 22 11 23 12 24 13 23
12 16 11 17 12 18 13 17
14 16 14 17 13 17 13 16
13 13 11 15 12 16 14 14
15 19 13 17 14 16 16 18
17 29 13 25 17 21 21 25
13 29 17 29 17 25 13 25
12 28 13 29 17 25 16 24
11 29 9 27 10 26 12 28
11 28 12 28 12 26 11 26
16 26 12 26 12 24 16 24
13 26 9 22 13 18 17 22
14 22 17 22 17 21 14 21
9 18 12 18 12 22 9 22
13 12 14 13 17 10 16 9
18 16 15 13 17 11 20 14
20 22 20 25 17 25 17 22
18 21 17 22 20 25 21 24
24 20 23 21 20 18 21 17
17 17 19 19 20 18 18 16
14 12 14 13 13 13 13 12
14 23 13 23 13 22 14 22
10 12 13 12 13 9 10 9
21 29 17 25 20 22 24 26
6 13 9 16 13 12 10 9
6 21 10 25 13 22 9 18
18 17 18 21 17 21 17 17
15 22 14 23 13 22 14 21
22 20 24 20 24 17 22 17
18 15 20 15 20 16 18 16
20 20 22 20 22 22 20 22
17 13 14 16 10 12 13 9
17 12 15 14 18 17 20 15
16 20 20 20 20 18 16 18
14 11 17 11 17 12 14 12
13 21 14 22 16 20 15 19
14 18 14 21 13 21 13 18
16 17 16 18 14 18 14 17
18 19 16 17 18 15 20 17
16 13 17 13 17 17 16 17
15 10 16 10 16 13 15 13
28 26 27 27 22 22 23 21
29 12 24 17 22 15 27 10
26 29 21 29 21 27 26 27
29 9 29 12 22 12 22 9
23 24 20 27 15 22 18 19
25 20 25 26 24 26 24 20
21 21 23 21 23 24 21 24
22 13 17 13 17 12 22 12
19 21 20 22 21 21 20 20
26 20 27 20 27 27 26 27
26 18 26 20 25 20 25 18
23 15 22 15 22 13 23 13
21 19 21 21 19 21 19 19
29 16 25 20 22 17 26 13
24 4 18 10 23 15 29 9
30 25 26 29 21 24 25 20
18 4 24 4 24 10 18 10
29 13 29 16 26 16 26 13
29 22 25 26 23 24 27 20
16 6 22 12 24 10 18 4
13 6 16 6 16 9 13 9
19 10 18 11 21 14 22 13
26 10 23 13 26 16 29 13
23 17 22 16 23 15 24 16
24 13 26 13 26 10 24 10
