best-score: 807079
count: 20
elapsed-time: 4.505
141
22 27 21 26 22 25 23 26
14 22 13 23 12 22 13 21
11 14 10 13 11 12 12 13
11 15 12 15 12 16 11 16
12 21 13 21 13 22 12 22
22 11 23 11 23 10 22 10
21 11 20 10 21 9 22 10
20 17 19 18 20 19 21 18
9 16 8 16 8 15 9 15
11 19 12 19 12 20 11 20
25 22 24 23 23 22 24 21
10 10 9 11 8 10 9 9
10 15 11 16 12 15 11 14
21 17 21 18 20 18 20 17
11 22 10 21 11 20 12 21
24 12 23 13 24 14 25 13
18 17 19 17 19 18 18 18
19 19 20 19 20 18 19 18
14 15 13 16 12 15 13 14
14 23 13 23 13 22 14 22
13 24 12 23 13 22 14 23
23 14 22 15 23 16 24 15
24 22 25 22 25 21 24 21
15 22 14 23 15 24 16 23
10 14 11 14 11 15 10 15
20 16 19 17 20 18 21 17
9 14 8 15 9 16 10 15
9 13 10 13 10 14 9 14
12 24 13 24 13 23 12 23
10 23 11 24 12 23 11 22
24 13 24 14 23 14 23 13
13 15 14 15 14 16 13 16
11 23 12 23 12 22 11 22
13 25 12 24 13 23 14 24
23 23 24 23 24 22 23 22
8 14 9 15 10 14 9 13
19 16 20 16 20 17 19 17
15 23 15 24 14 24 14 23
25 12 25 13 24 13 24 12
27 12 26 13 25 12 26 11
13 17 12 16 13 15 14 16
10 24 11 24 11 23 10 23
16 22 16 23 15 23 15 22
21 16 20 17 19 16 20 15
12 14 13 14 13 15 12 15
11 13 10 14 11 15 12 14
11 25 10 24 11 23 12 24
16 24 15 25 14 24 15 23
15 21 14 22 15 23 16 22
12 12 12 13 11 13 11 12
12 17 13 17 13 16 12 16
16 25 15 25 15 24 16 24
11 18 10 17 11 16 12 17
10 19 11 20 12 19 11 18
21 15 21 16 20 16 20 15
14 21 15 21 15 22 14 22
12 25 11 25 11 24 12 24
15 26 14 25 15 24 16 25
13 26 12 26 12 25 13 25
14 26 15 26 15 25 14 25
13 20 12 21 13 22 14 21
14 20 14 21 13 21 13 20
10 18 11 18 11 19 10 19
16 20 15 21 14 20 15 19
13 27 12 26 13 25 14 26
15 27 14 26 15 25 16 26
16 27 15 27 15 26 16 26
14 27 13 27 13 26 14 26
15 28 14 27 15 26 16 27
14 28 15 28 15 27 14 27
13 19 12 20 13 21 14 20
27 23 26 24 24 22 25 21
15 13 13 15 12 14 14 12
17 21 16 20 18 18 19 19
15 8 15 9 13 9 13 8
14 17 12 19 13 20 15 18
11 17 10 18 8 16 9 15
17 13 15 13 15 11 17 11
17 9 15 11 17 13 19 11
14 11 13 10 15 8 16 9
14 19 13 19 13 17 14 17
9 10 11 12 13 10 11 8
8 9 9 9 9 10 8 10
17 19 17 21 15 21 15 19
25 18 23 20 21 18 23 16
12 11 14 11 14 12 12 12
23 17 21 17 21 16 23 16
19 13 21 15 23 13 21 11
10 11 9 11 9 10 10 10
17 14 16 15 18 17 19 16
12 10 14 12 15 11 13 9
10 16 11 16 11 17 10 17
21 12 19 12 19 11 21 11
12 9 13 9 13 10 12 10
18 25 18 26 16 26 16 25
19 9 19 11 17 11 17 9
17 7 15 9 17 11 19 9
16 7 17 7 17 9 16 9
17 15 15 13 17 11 19 13
12 18 11 18 11 17 12 17
16 16 18 18 19 17 17 15
15 12 13 14 12 13 14 11
16 14 17 14 17 15 16 15
17 10 15 12 17 14 19 12
14 18 13 19 12 18 13 17
16 17 14 17 14 16 16 16
19 14 17 14 17 13 19 13
22 13 20 15 19 14 21 12
23 12 22 13 23 14 24 13
21 13 22 13 22 15 21 15
24 11 24 12 23 12 23 11
25 10 24 11 23 10 24 9
22 12 23 12 23 13 22 13
27 10 27 12 25 12 25 10
26 9 26 11 24 11 24 9
13 7 10 10 12 12 15 9
11 7 13 7 13 8 11 8
25 27 22 27 22 25 25 25
26 16 23 19 21 17 24 14
21 23 23 23 23 26 21 26
16 10 16 14 13 14 13 10
25 16 26 16 26 13 25 13
19 20 19 22 16 22 16 20
17 12 14 15 16 17 19 14
22 23 19 20 20 19 23 22
18 21 15 18 16 17 19 20
20 20 23 20 23 19 20 19
27 14 25 16 24 15 26 13
22 30 18 26 21 23 25 27
27 15 24 15 24 14 27 14
17 24 16 23 18 21 19 22
21 19 20 20 23 23 24 22
18 24 17 24 17 21 18 21
22 24 22 25 18 25 18 24
19 23 18 24 16 22 17 21
17 26 16 25 17 24 18 25
21 22 21 23 19 23 19 22
16 30 22 30 22 27 16 27
17 6 16 7 21 12 22 11
17 29 16 30 14 28 15 27
22 21 24 21 24 15 22 15
