best-score: 557662
count: 13
elapsed-time: 4.504
82
15 14 14 15 13 14 14 13
14 14 15 14 15 13 14 13
13 15 14 15 14 14 13 14
28 23 29 23 29 24 28 24
24 29 23 28 24 27 25 28
28 22 27 23 28 24 29 23
24 28 25 28 25 27 24 27
27 22 28 22 28 23 27 23
29 22 28 23 29 24 30 23
26 28 25 29 24 28 25 27
23 29 24 29 24 28 23 28
28 21 29 21 29 22 28 22
30 22 30 23 29 23 29 22
31 21 30 22 29 21 30 20
27 20 26 21 27 22 28 21
26 29 25 29 25 28 26 28
15 17 13 19 11 17 13 15
14 22 12 24 11 23 13 21
13 11 12 12 14 14 15 13
22 16 22 18 20 18 20 16
13 27 15 27 15 28 13 28
18 18 16 16 18 14 20 16
17 26 15 26 15 25 17 25
21 28 20 28 20 26 21 26
16 17 18 19 19 18 17 16
14 12 14 13 12 13 12 12
16 29 15 28 17 26 18 27
13 24 11 26 13 28 15 26
13 16 15 18 16 17 14 15
16 18 15 18 15 17 16 17
16 19 18 19 18 18 16 18
17 17 16 17 16 16 17 16
9 20 13 24 14 23 10 19
25 26 24 25 27 22 28 23
24 20 27 20 27 22 24 22
26 20 24 22 20 18 22 16
18 11 15 14 17 16 20 13
21 22 17 26 14 23 18 19
17 20 21 20 21 22 17 22
27 19 26 20 28 22 29 21
24 12 27 15 29 13 26 10
12 27 13 27 13 24 12 24
21 25 20 26 23 29 24 28
13 20 16 20 16 19 13 19
14 21 13 20 15 18 16 19
30 19 30 20 27 20 27 19
17 23 14 23 14 22 17 22
20 21 19 21 19 18 20 18
30 25 26 29 25 28 29 24
22 15 19 18 21 20 24 17
21 23 21 25 17 25 17 23
17 13 20 13 20 16 17 16
18 30 15 27 17 25 20 28
20 12 24 12 24 13 20 13
21 17 24 17 24 20 21 20
19 23 17 25 14 22 16 20
10 16 13 16 13 19 10 19
19 14 19 18 18 18 18 14
14 26 11 26 11 23 14 23
31 20 29 22 28 21 30 19
9 21 13 21 13 20 9 20
19 11 17 13 18 14 20 12
24 26 21 23 24 20 27 23
30 21 31 21 31 20 30 20
14 20 17 23 19 21 16 18
22 11 20 13 22 15 24 13
25 25 25 26 24 26 24 25
18 28 15 25 17 23 20 26
17 11 17 13 15 13 15 11
14 28 13 27 14 26 15 27
13 22 14 22 14 21 13 21
24 23 21 23 21 22 24 22
12 20 13 21 14 20 13 19
20 30 18 30 18 28 20 28
22 14 19 14 19 11 22 11
22 10 20 12 22 14 24 12
26 11 22 11 22 10 26 10
32 17 30 19 24 13 26 11
32 12 24 20 22 18 30 10
29 17 24 17 24 13 29 13
27 16 22 16 22 15 27 15
26 16 28 18 29 17 27 15
