best-score: 747409
count: 17
elapsed-time: 4.522
82
17 9 16 10 15 9 16 8
18 15 18 16 17 16 17 15
17 26 18 26 18 25 17 25
16 15 17 16 18 15 17 14
16 14 17 14 17 15 16 15
16 9 17 9 17 8 16 8
15 10 16 10 16 9 15 9
15 8 14 9 15 10 16 9
14 8 15 8 15 9 14 9
19 18 21 20 23 18 21 16
17 10 19 10 19 12 17 12
23 21 21 21 21 20 23 20
23 22 21 24 19 22 21 20
17 21 19 21 19 22 17 22
11 19 11 20 9 20 9 19
10 11 8 11 8 9 10 9
20 20 19 20 19 18 20 18
16 21 17 22 19 20 18 19
19 14 17 12 19 10 21 12
20 14 18 16 20 18 22 16
15 18 17 18 17 16 15 16
10 22 9 21 11 19 12 20
18 17 17 18 18 19 19 18
20 22 19 21 20 20 21 21
11 10 12 11 14 9 13 8
20 12 20 14 19 14 19 12
15 12 17 14 19 12 17 10
17 13 15 13 15 12 17 12
18 9 17 10 16 9 17 8
18 12 17 13 15 11 16 10
12 22 12 23 10 23 10 22
18 14 17 15 16 14 17 13
20 10 18 12 20 14 22 12
9 10 10 11 11 10 10 9
19 15 18 15 18 14 19 14
18 13 18 14 17 14 17 13
7 10 8 11 9 10 8 9
21 10 21 12 20 12 20 10
6 16 9 19 12 16 9 13
7 13 9 13 9 10 7 10
27 23 25 25 21 21 23 19
20 24 17 21 20 18 23 21
8 26 10 26 10 23 8 23
12 26 13 26 13 23 12 23
10 12 11 13 15 9 14 8
13 17 12 16 15 13 16 14
21 17 18 17 18 16 21 16
15 17 12 20 16 24 19 21
21 22 24 25 26 23 23 20
21 18 23 18 23 17 21 17
11 12 15 16 16 15 12 11
12 10 15 10 15 11 12 11
10 13 11 13 11 12 10 12
20 21 21 21 21 22 20 22
13 22 11 20 15 16 17 18
9 25 10 26 13 23 12 22
12 13 15 13 15 16 12 16
6 13 8 15 10 13 8 11
16 27 12 23 13 22 17 26
7 16 6 16 6 13 7 13
4 19 8 23 11 20 7 16
20 27 16 27 16 24 20 24
19 28 17 26 18 25 20 27
17 23 13 23 13 22 17 22
9 16 10 16 10 13 9 13
23 24 21 24 21 22 23 22
13 20 13 22 12 22 12 20
17 24 13 20 15 18 19 22
6 19 10 23 13 20 9 16
7 19 9 19 9 16 7 16
4 16 6 16 6 19 4 19
12 8 7 13 10 16 15 11
9 24 16 24 16 21 9 21
11 8 12 8 12 10 11 10
12 27 9 24 10 23 13 26
10 27 12 27 12 26 10 26
27 11 27 23 26 23 26 11
28 12 23 17 22 16 27 11
28 8 28 12 22 12 22 8
25 5 22 8 25 11 28 8
26 5 26 11 25 11 25 5
24 11 25 11 25 25 24 25
