best-score: 691136
count: 19
elapsed-time: 4.514
48
11 17 12 17 12 18 11 18
10 9 10 10 9 10 9 9
19 25 20 25 20 24 19 24
19 23 18 24 19 25 20 24
10 18 11 19 12 18 11 17
10 19 11 19 11 18 10 18
18 23 19 23 19 24 18 24
12 19 11 20 10 19 11 18
12 20 11 20 11 19 12 19
9 16 11 18 12 17 10 15
9 21 10 22 12 20 11 19
10 21 10 22 9 22 9 21
7 12 10 15 12 13 9 10
24 15 21 12 22 11 25 14
16 17 13 20 12 19 15 16
15 19 18 19 18 23 15 23
17 20 16 20 16 17 17 17
25 11 25 14 22 14 22 11
16 13 16 17 12 17 12 13
22 20 19 23 16 20 19 17
19 10 16 13 18 15 21 12
19 11 22 11 22 10 19 10
20 17 18 19 16 17 18 15
15 18 15 19 12 19 12 18
22 8 19 11 22 14 25 11
25 20 25 22 22 22 22 20
30 14 22 22 17 17 25 9
30 15 25 15 25 14 30 14
17 11 19 11 19 17 17 17
13 10 13 15 10 15 10 10
10 23 15 23 15 25 10 25
26 12 26 17 21 17 21 12
11 22 10 23 9 22 10 21
25 16 18 23 19 24 26 17
24 19 18 19 18 15 24 15
8 12 15 19 17 17 10 10
18 14 12 20 15 23 21 17
21 24 20 24 20 17 21 17
9 11 15 11 15 16 9 16
7 8 8 8 8 12 7 12
19 7 15 11 18 14 22 10
8 7 7 8 9 10 10 9
13 7 19 7 19 10 13 10
12 6 9 9 10 10 13 7
22 23 21 24 17 20 18 19
19 22 22 22 22 23 19 23
27 21 23 25 13 15 17 11
25 18 15 18 15 16 25 16
