best-score: 841687
count: 15
elapsed-time: 4.502
203
25 26 26 26 26 27 25 27
26 18 27 18 27 17 26 17
29 12 29 13 28 13 28 12
23 21 24 22 25 21 24 20
10 12 9 12 9 11 10 11
12 26 11 27 12 28 13 27
25 25 24 24 25 23 26 24
19 17 19 18 18 18 18 17
15 24 16 24 16 23 15 23
25 17 26 18 27 17 26 16
25 19 24 20 23 19 24 18
28 11 27 12 28 13 29 12
29 25 28 26 27 25 28 24
26 25 25 25 25 24 26 24
24 25 25 26 26 25 25 24
29 26 29 27 28 27 28 26
14 10 13 10 13 9 14 9
11 23 12 23 12 22 11 22
12 24 11 23 12 22 13 23
25 22 24 23 25 24 26 23
17 18 18 19 19 18 18 17
14 23 15 24 16 23 15 22
22 11 23 12 24 11 23 10
25 16 24 17 23 16 24 15
24 14 25 14 25 15 24 15
25 28 24 27 25 26 26 27
26 15 26 16 25 16 25 15
21 11 22 11 22 10 21 10
27 27 26 28 25 27 26 26
21 9 20 10 21 11 22 10
27 11 26 12 25 11 26 10
13 24 12 24 12 23 13 23
27 16 26 17 25 16 26 15
26 20 25 19 26 18 27 19
25 18 24 18 24 17 25 17
24 26 25 26 25 25 24 25
26 11 27 11 27 12 26 12
26 19 25 19 25 18 26 18
28 28 27 27 28 26 29 27
27 20 26 20 26 19 27 19
18 16 17 17 18 18 19 17
17 19 18 19 18 18 17 18
24 21 25 21 25 22 24 22
27 26 26 26 26 25 27 25
27 28 28 28 28 27 27 27
20 9 21 9 21 10 20 10
26 22 26 23 25 23 25 22
14 22 15 22 15 23 14 23
14 24 13 23 14 22 15 23
28 25 27 26 28 27 29 26
28 19 27 20 26 19 27 18
27 24 28 24 28 25 27 25
23 20 24 20 24 21 23 21
24 28 25 28 25 27 24 27
13 22 12 23 13 24 14 23
17 16 18 16 18 17 17 17
25 10 26 10 26 11 25 11
27 21 26 22 25 21 26 20
18 15 17 16 18 17 19 16
28 23 27 24 26 23 27 22
28 21 27 21 27 20 28 20
29 19 29 20 28 20 28 19
25 12 24 11 25 10 26 11
23 27 24 28 25 27 24 26
19 15 19 16 18 16 18 15
28 18 28 19 27 19 27 18
27 23 27 24 26 24 26 23
30 18 29 19 28 18 29 17
26 21 27 21 27 22 26 22
24 12 25 12 25 11 24 11
28 22 28 23 27 23 27 22
29 21 28 22 27 21 28 20
29 23 28 24 27 23 28 22
23 26 24 26 24 27 23 27
29 24 28 24 28 23 29 23
25 20 24 21 25 22 26 21
29 22 28 22 28 21 29 21
30 21 29 22 28 21 29 20
30 23 29 24 28 23 29 22
30 22 30 23 29 23 29 22
30 20 30 21 29 21 29 20
31 21 30 22 29 21 30 20
31 22 30 22 30 21 31 21
24 19 25 20 26 19 25 18
23 18 24 18 24 19 23 19
22 19 23 20 24 19 23 18
22 20 23 20 23 19 22 19
22 22 21 21 22 20 23 21
8 20 9 21 11 19 10 18
8 21 9 21 9 20 8 20
10 26 12 26 12 28 10 28
13 19 12 20 14 22 15 21
16 17 14 17 14 16 16 16
26 14 25 14 25 12 26 12
18 11 17 11 17 9 18 9
21 17 19 17 19 16 21 16
20 18 22 20 23 19 21 17
17 14 17 16 16 16 16 14
13 15 14 16 16 14 15 13
27 15 26 16 25 15 26 14
9 27 10 28 11 27 10 26
19 12 18 11 20 9 21 10
10 23 8 21 9 20 11 22
13 26 15 28 17 26 15 24
12 13 10 11 11 10 13 12
17 12 19 12 19 14 17 14
11 13 12 13 12 14 11 14
22 13 24 15 25 14 23 12
22 23 24 23 24 22 22 22
11 12 13 12 13 10 11 10
11 29 13 29 13 27 11 27
23 14 24 14 24 12 23 12
11 15 10 14 11 13 12 14
29 16 29 17 27 17 27 16
10 15 11 15 11 14 10 14
23 15 23 16 21 16 21 15
23 9 22 10 24 12 25 11
14 26 13 26 13 24 14 24
17 13 16 14 18 16 19 15
19 10 20 10 20 12 19 12
14 19 15 20 17 18 16 17
18 12 17 11 19 9 20 10
22 25 24 25 24 24 22 24
13 20 13 22 12 22 12 20
31 15 29 17 27 15 29 13
8 13 10 15 11 14 9 12
12 30 11 29 12 28 13 29
14 30 12 30 12 28 14 28
16 18 17 18 17 17 16 17
22 9 23 9 23 10 22 10
21 13 19 15 21 17 23 15
23 17 23 18 21 18 21 17
22 12 21 13 20 12 21 11
22 14 21 14 21 13 22 13
23 24 22 25 23 26 24 25
23 11 23 12 22 12 22 11
15 26 15 28 14 28 14 26
15 29 14 30 13 29 14 28
13 17 14 17 14 19 13 19
27 14 27 15 26 15 26 14
18 13 17 14 18 15 19 14
20 24 22 24 22 23 20 23
22 26 20 24 22 22 24 24
15 17 16 18 17 17 16 16
10 13 11 13 11 12 10 12
21 22 22 23 24 21 23 20
26 13 25 14 26 15 27 14
22 21 22 22 21 22 21 21
24 16 23 15 24 14 25 15
15 27 14 28 13 27 14 26
21 27 22 28 23 27 22 26
23 29 21 29 21 27 23 27
24 10 24 11 23 11 23 10
18 25 20 27 22 25 20 23
22 30 21 29 22 28 23 29
30 15 29 16 27 14 28 13
8 14 10 14 10 13 8 13
24 30 22 30 22 28 24 28
7 13 8 14 10 12 9 11
14 18 13 17 14 16 15 17
17 28 17 29 15 29 15 28
11 17 13 17 13 15 11 15
25 29 24 30 23 29 24 28
26 29 25 29 25 28 26 28
31 18 30 18 30 15 31 15
7 26 10 29 13 26 10 23
15 8 14 9 17 12 18 11
30 17 28 19 29 20 31 18
7 23 10 23 10 26 7 26
7 15 10 18 11 17 8 14
8 24 7 23 9 21 10 22
7 18 10 18 10 15 7 15
18 26 22 26 22 25 18 25
17 25 18 26 20 24 19 23
15 16 14 17 11 14 12 13
20 22 17 19 18 18 21 21
16 15 15 16 16 17 17 16
17 20 20 23 21 22 18 19
15 19 17 19 17 20 15 20
10 19 11 19 11 22 10 22
18 28 17 28 17 26 18 26
16 27 20 27 20 24 16 24
13 13 16 16 20 12 17 9
15 25 17 25 17 26 15 26
20 21 21 21 21 18 20 18
14 11 13 12 16 15 17 14
9 16 13 20 14 19 10 15
18 32 15 29 18 26 21 29
8 17 7 18 9 20 10 19
14 12 17 12 17 11 14 11
16 26 15 27 17 29 18 28
19 22 20 22 20 23 19 23
12 16 12 20 9 20 9 16
13 25 14 26 15 25 14 24
15 15 13 15 13 13 15 13
12 18 11 17 12 16 13 17
16 20 15 19 16 18 17 19
11 25 12 26 13 25 12 24
9 25 11 25 11 27 9 27
19 21 19 22 15 22 15 21
14 14 14 16 12 16 12 14
10 24 9 25 10 26 11 25
18 20 18 25 17 25 17 20
