best-score: 720589
count: 7
elapsed-time: 4.537
109
15 16 14 15 15 14 16 15
15 15 16 15 16 16 15 16
27 25 26 26 27 27 28 26
20 16 21 16 21 17 20 17
14 23 14 24 13 24 13 23
20 18 19 17 20 16 21 17
14 14 15 14 15 15 14 15
32 21 31 21 31 20 32 20
34 33 33 34 34 35 35 34
32 22 31 21 32 20 33 21
34 34 35 34 35 33 34 33
15 24 14 25 13 24 14 23
33 22 32 22 32 21 33 21
19 18 20 18 20 17 19 17
15 25 14 25 14 24 15 24
33 35 34 35 34 34 33 34
15 23 14 24 15 25 16 24
16 23 16 24 15 24 15 23
31 22 32 23 33 22 32 21
31 23 32 23 32 22 31 22
32 24 31 23 32 22 33 23
33 24 32 24 32 23 33 23
12 16 12 18 11 18 11 16
25 23 27 23 27 25 25 25
13 17 12 16 14 14 15 15
30 13 31 13 31 15 30 15
33 17 31 15 33 13 35 15
22 18 22 20 20 20 20 18
23 27 24 28 26 26 25 25
23 26 21 24 22 23 24 25
14 13 14 14 12 14 12 13
23 22 22 22 22 20 23 20
35 22 35 23 33 23 33 22
24 16 24 18 22 18 22 16
23 17 22 18 21 17 22 16
24 20 22 22 20 20 22 18
25 17 24 18 23 17 24 16
10 26 11 27 14 24 13 23
9 16 11 18 14 15 12 13
15 31 19 35 22 32 18 28
17 24 17 27 16 27 16 24
29 19 25 23 27 25 31 21
26 27 23 27 23 26 26 26
22 21 19 18 20 17 23 20
28 19 29 19 29 18 28 18
29 20 28 19 29 18 30 19
27 22 24 25 26 27 29 24
26 28 27 28 27 27 26 27
23 16 26 19 30 15 27 12
31 34 31 35 28 35 28 34
22 13 22 16 21 16 21 13
21 23 21 24 17 24 17 23
30 20 29 20 29 19 30 19
21 22 22 23 23 22 22 21
27 13 30 13 30 12 27 12
13 19 17 23 20 20 16 16
27 21 31 21 31 22 27 22
25 28 24 28 24 25 25 25
22 24 18 28 17 27 21 23
26 29 25 28 26 27 27 28
19 34 22 34 22 35 19 35
24 10 21 13 24 16 27 13
16 25 15 24 16 23 17 24
25 29 26 29 26 28 25 28
7 17 13 23 19 17 13 11
28 5 22 11 29 18 35 12
28 38 22 32 25 29 31 35
17 39 13 35 18 30 22 34
27 40 22 35 28 29 33 34
22 38 28 38 28 35 22 35
7 19 13 19 13 17 7 17
14 16 15 16 15 23 14 23
32 32 29 32 29 24 32 24
17 32 19 34 25 28 23 26
17 16 17 23 16 23 16 16
12 15 14 15 14 16 12 16
22 27 22 32 17 32 17 27
28 32 28 34 22 34 22 32
33 31 32 32 34 34 35 33
24 30 18 30 18 28 24 28
12 21 14 23 19 18 17 16
15 27 18 30 25 23 22 20
26 18 25 17 30 12 31 13
24 24 29 24 29 20 24 20
19 21 12 21 12 18 19 18
22 25 24 25 24 24 22 24
11 31 15 31 15 27 11 27
31 31 33 31 33 34 31 34
24 19 26 19 26 18 24 18
19 12 16 15 17 16 20 13
23 19 24 19 24 20 23 20
3 23 11 31 15 27 7 19
27 10 21 16 24 19 30 13
17 13 20 13 20 16 17 16
13 12 19 12 19 17 13 17
24 12 27 12 27 10 24 10
29 35 28 34 31 31 32 32
29 21 27 23 24 20 26 18
21 19 23 19 23 17 21 17
18 14 16 16 15 15 17 13
22 10 18 14 20 16 24 12
13 22 21 22 21 19 13 19
3 22 13 22 13 23 3 23
26 5 28 5 28 18 26 18
13 10 22 10 22 11 13 11
14 9 13 10 20 17 21 16
17 9 17 13 14 13 14 9
37 30 34 33 23 22 26 19
20 25 11 16 12 15 21 24
