best-score: 727675
count: 7
elapsed-time: 4.503
407
40 32 39 33 38 32 39 31
40 28 39 29 38 28 39 27
28 40 27 39 28 38 29 39
19 37 19 38 18 38 18 37
14 19 13 20 14 21 15 20
18 24 19 25 20 24 19 23
38 24 37 25 36 24 37 23
34 28 35 28 35 29 34 29
37 37 36 36 37 35 38 36
39 38 38 39 37 38 38 37
33 24 32 24 32 23 33 23
38 35 38 36 37 36 37 35
20 25 20 26 19 26 19 25
22 16 21 15 22 14 23 15
19 24 19 25 18 25 18 24
36 28 37 28 37 27 36 27
25 26 24 26 24 25 25 25
14 20 15 20 15 19 14 19
36 23 36 24 35 24 35 23
30 33 31 33 31 34 30 34
21 14 22 14 22 15 21 15
16 35 16 36 15 36 15 35
35 27 34 28 35 29 36 28
31 22 32 22 32 23 31 23
23 14 22 15 21 14 22 13
20 17 19 18 18 17 19 16
38 38 37 38 37 37 38 37
16 37 15 36 16 35 17 36
35 22 36 22 36 21 35 21
19 17 19 18 18 18 18 17
19 27 18 26 19 25 20 26
21 20 21 21 20 21 20 20
38 33 37 34 38 35 39 34
20 16 20 17 19 17 19 16
30 13 30 14 29 14 29 13
21 26 20 27 19 26 20 25
31 24 32 25 33 24 32 23
28 22 29 23 30 22 29 21
29 33 30 34 31 33 30 32
34 22 35 23 36 22 35 21
31 25 32 25 32 24 31 24
29 32 30 32 30 33 29 33
26 27 25 27 25 26 26 26
17 25 18 25 18 26 17 26
32 35 33 35 33 36 32 36
17 37 16 37 16 36 17 36
25 19 26 19 26 20 25 20
29 34 30 34 30 35 29 35
19 20 20 21 21 20 20 19
20 13 21 13 21 14 20 14
36 29 35 28 36 27 37 28
15 37 14 36 15 35 16 36
19 13 19 14 18 14 18 13
18 19 17 20 18 21 19 20
25 14 24 15 23 14 24 13
21 27 20 27 20 26 21 26
36 30 35 30 35 29 36 29
25 34 24 35 25 36 26 35
30 36 29 35 30 34 31 35
38 34 39 34 39 33 38 33
28 34 29 34 29 33 28 33
28 36 27 37 28 38 29 37
39 36 38 37 37 36 38 35
18 27 19 27 19 26 18 26
17 23 16 24 17 25 18 24
31 21 30 22 31 23 32 22
28 35 27 34 28 33 29 34
32 34 31 35 32 36 33 35
23 35 24 35 24 34 23 34
35 36 36 37 37 36 36 35
39 37 38 37 38 36 39 36
37 29 36 28 37 27 38 28
26 29 26 30 25 30 25 29
23 36 22 35 23 34 24 35
22 36 23 36 23 35 22 35
24 14 24 15 23 15 23 14
19 12 18 13 19 14 20 13
20 12 20 13 19 13 19 12
23 13 23 14 22 14 22 13
37 30 36 31 35 30 36 29
18 36 17 37 18 38 19 37
27 33 28 34 29 33 28 32
39 39 38 39 38 38 39 38
34 23 35 23 35 22 34 22
20 23 20 24 19 24 19 23
23 16 22 16 22 15 23 15
13 21 14 21 14 20 13 20
24 36 24 37 23 37 23 36
37 22 37 23 36 23 36 22
27 32 28 32 28 33 27 33
14 37 15 37 15 36 14 36
34 30 35 31 36 30 35 29
28 31 27 32 28 33 29 32
15 21 14 22 13 21 14 20
19 15 18 14 19 13 20 14
37 33 36 34 37 35 38 34
31 36 32 37 33 36 32 35
25 35 24 36 23 35 24 34
32 32 31 33 32 34 33 33
35 35 36 35 36 36 35 36
20 15 19 15 19 14 20 14
26 14 25 14 25 13 26 13
30 23 31 23 31 24 30 24
29 22 30 22 30 23 29 23
37 31 36 31 36 30 37 30
21 16 20 16 20 15 21 15
31 37 32 37 32 36 31 36
26 15 25 14 26 13 27 14
27 35 28 36 29 35 28 34
21 17 22 17 22 16 21 16
30 21 29 22 30 23 31 22
26 18 25 19 24 18 25 17
26 34 26 35 25 35 25 34
19 19 20 19 20 20 19 20
15 22 14 22 14 21 15 21
34 34 35 35 36 34 35 33
24 17 23 16 24 15 25 16
18 16 19 17 20 16 19 15
21 18 20 17 21 16 22 17
34 31 35 31 35 30 34 30
37 32 38 32 38 33 37 33
38 29 37 29 37 28 38 28
27 30 26 29 27 28 28 29
38 23 37 22 38 21 39 22
29 36 28 36 28 35 29 35
36 33 37 33 37 34 36 34
25 15 24 14 25 13 26 14
28 21 29 21 29 22 28 22
16 20 16 21 15 21 15 20
17 24 16 24 16 23 17 23
25 33 26 34 27 33 26 32
16 27 17 28 18 27 17 26
21 37 22 38 23 37 22 36
17 19 17 20 16 20 16 19
28 23 27 22 28 21 29 22
17 22 16 23 15 22 16 21
29 31 29 32 28 32 28 31
38 30 39 30 39 29 38 29
29 24 28 25 27 24 28 23
40 30 39 31 38 30 39 29
22 12 21 13 22 14 23 13
40 31 39 31 39 30 40 30
40 38 39 39 38 38 39 37
40 37 40 38 39 38 39 37
21 12 22 12 22 13 21 13
26 36 25 35 26 34 27 35
17 18 18 18 18 19 17 19
18 15 19 16 20 15 19 14
30 20 31 20 31 21 30 21
24 16 25 16 25 15 24 15
21 24 20 25 19 24 20 23
26 33 27 33 27 34 26 34
34 25 33 24 34 23 35 24
21 25 20 25 20 24 21 24
24 33 25 34 26 33 25 32
27 19 26 19 26 18 27 18
22 26 21 27 20 26 21 25
13 36 14 37 15 36 14 35
33 34 34 34 34 33 33 33
27 36 26 36 26 35 27 35
23 17 22 18 21 17 22 16
20 18 21 18 21 17 20 17
27 21 26 20 27 19 28 20
24 32 25 32 25 33 24 33
28 24 29 24 29 23 28 23
23 33 24 34 25 33 24 32
36 32 37 33 38 32 37 31
33 30 34 31 35 30 34 29
13 22 14 23 15 22 14 21
33 29 34 29 34 30 33 30
35 32 36 32 36 33 35 33
27 15 26 15 26 14 27 14
32 28 33 29 34 28 33 27
16 25 17 26 18 25 17 24
21 19 20 20 19 19 20 18
22 25 22 26 21 26 21 25
30 25 29 24 30 23 31 24
18 20 17 19 18 18 19 19
26 16 25 17 24 16 25 15
35 34 36 35 37 34 36 33
15 24 16 24 16 25 15 25
25 18 24 18 24 17 25 17
23 18 22 18 22 17 23 17
30 37 29 36 30 35 31 36
27 23 28 23 28 22 27 22
37 24 38 24 38 23 37 23
16 18 15 19 16 20 17 19
28 18 27 19 26 18 27 17
27 20 28 20 28 21 27 21
28 19 27 20 26 19 27 18
33 32 34 33 35 32 34 31
29 25 28 24 29 23 30 24
29 19 28 19 28 18 29 18
38 31 37 30 38 29 39 30
24 19 23 18 24 17 25 18
26 21 27 21 27 22 26 22
19 21 18 21 18 20 19 20
32 33 33 33 33 32 32 32
25 37 26 38 27 37 26 36
28 37 27 37 27 36 28 36
21 23 20 24 21 25 22 24
23 20 24 21 25 20 24 19
29 38 28 38 28 37 29 37
22 20 21 20 21 19 22 19
27 25 28 25 28 24 27 24
31 38 30 38 30 37 31 37
34 32 35 33 36 32 35 31
34 35 35 35 35 34 34 34
13 23 14 23 14 22 13 22
13 35 14 35 14 36 13 36
39 32 38 32 38 31 39 31
33 31 34 31 34 32 33 32
33 28 33 29 32 29 32 28
36 25 35 24 36 23 37 24
26 17 25 17 25 16 26 16
22 21 21 20 22 19 23 20
20 22 19 21 20 20 21 21
28 16 27 17 26 16 27 15
26 24 27 25 28 24 27 23
34 27 34 28 33 28 33 27
28 17 28 18 27 18 27 17
31 32 30 33 31 34 32 33
29 17 28 17 28 16 29 16
32 30 33 31 34 30 33 29
23 19 22 20 21 19 22 18
35 26 35 27 34 27 34 26
27 16 26 17 27 18 28 17
23 26 22 27 21 26 22 25
26 37 25 37 25 36 26 36
24 38 23 37 24 36 25 37
15 18 16 18 16 19 15 19
27 38 26 38 26 37 27 37
23 21 22 21 22 20 23 20
23 22 24 22 24 21 23 21
37 26 36 27 35 26 36 25
22 23 22 24 21 24 21 23
23 27 22 27 22 26 23 26
19 22 20 22 20 21 19 21
24 27 23 26 24 25 25 26
26 23 27 23 27 24 26 24
30 39 29 39 29 38 30 38
40 33 39 33 39 32 40 32
41 32 40 33 39 32 40 31
41 31 41 32 40 32 40 31
24 28 23 27 24 26 25 27
34 37 33 36 34 35 35 36
28 15 28 16 27 16 27 15
30 17 29 18 28 17 29 16
22 22 21 21 22 20 23 21
33 26 34 27 35 26 34 25
25 22 26 23 27 22 26 21
21 22 22 22 22 21 21 21
36 26 37 26 37 25 36 25
30 18 29 19 28 18 29 17
32 31 33 31 33 30 32 30
23 24 22 25 21 24 22 23
25 38 24 37 25 36 26 37
24 20 23 20 23 19 24 19
30 15 29 16 28 15 29 14
18 23 17 22 18 21 19 22
23 28 24 28 24 27 23 27
35 25 34 26 35 27 36 26
16 17 15 18 16 19 17 18
38 26 37 27 36 26 37 25
25 39 24 39 24 38 25 38
28 39 27 39 27 38 28 38
25 23 26 23 26 22 25 22
25 21 24 22 25 23 26 22
23 23 22 23 22 22 23 22
31 31 32 31 32 32 31 32
29 40 28 39 29 38 30 39
26 40 25 39 26 38 27 39
31 30 32 31 33 30 32 29
30 30 29 31 30 32 31 31
24 23 23 22 24 21 25 22
33 25 34 25 34 26 33 26
17 17 17 18 16 18 16 17
30 31 31 31 31 30 30 30
38 27 37 27 37 26 38 26
18 22 18 23 17 23 17 22
23 25 22 25 22 24 23 24
34 24 35 24 35 25 34 25
31 29 32 29 32 30 31 30
17 21 18 22 19 21 18 20
17 16 18 16 18 17 17 17
25 24 24 25 23 24 24 23
26 25 25 24 26 23 27 24
39 28 38 28 38 27 39 27
16 22 15 21 16 20 17 21
24 24 25 24 25 23 24 23
30 28 29 29 30 30 31 29
38 25 37 26 38 27 39 26
15 23 16 23 16 22 15 22
32 26 33 27 34 26 33 25
40 29 39 29 39 28 40 28
41 30 40 31 39 30 40 29
41 29 41 30 40 30 40 29
42 30 41 31 40 30 41 29
42 31 41 31 41 30 42 30
39 25 39 26 38 26 38 25
27 26 26 27 25 26 26 25
39 24 38 25 37 24 38 23
14 24 13 23 14 22 15 23
32 27 33 27 33 26 32 26
14 26 13 25 14 24 15 25
14 28 13 27 14 26 15 27
30 26 31 27 32 26 31 25
31 28 32 28 32 27 31 27
29 26 30 26 30 25 29 25
31 26 32 27 33 26 32 25
28 26 29 27 30 26 29 25
15 28 15 29 14 29 14 28
40 26 39 27 38 26 39 25
40 27 39 27 39 26 40 26
41 28 40 29 39 28 40 27
41 27 41 28 40 28 40 27
42 28 41 29 40 28 41 27
42 29 41 29 41 28 42 28
43 30 42 31 41 30 42 29
43 29 43 30 42 30 42 29
16 28 15 28 15 27 16 27
28 27 27 26 28 25 29 26
30 29 31 29 31 28 30 28
29 30 30 31 31 30 30 29
27 27 26 26 27 25 28 26
28 30 29 30 29 29 28 29
30 27 31 27 31 26 30 26
29 28 30 28 30 27 29 27
26 28 27 28 27 27 26 27
27 31 28 31 28 30 27 30
27 29 26 30 25 29 26 28
26 31 27 31 27 32 26 32
24 31 25 32 26 31 25 30
25 31 26 32 27 31 26 30
28 28 28 29 27 29 27 28
24 30 25 30 25 31 24 31
23 31 24 32 25 31 24 30
23 29 24 30 25 29 24 28
23 32 24 32 24 31 23 31
22 33 23 34 24 33 23 32
22 32 23 32 23 33 22 33
28 12 26 14 27 15 29 13
35 40 34 39 36 37 37 38
36 40 35 39 37 37 38 38
33 40 31 38 32 37 34 39
32 40 30 38 31 37 33 39
34 40 33 40 33 39 34 39
18 29 20 29 20 30 18 30
36 39 36 40 35 40 35 39
21 30 20 29 22 27 23 28
33 19 31 21 30 20 32 18
17 31 15 29 16 28 18 30
16 15 18 15 18 14 16 14
14 16 16 18 17 17 15 15
31 15 29 17 28 16 30 14
34 18 33 19 35 21 36 20
21 29 20 30 22 32 23 31
34 38 33 39 34 40 35 39
32 17 32 18 30 18 30 17
22 29 21 29 21 27 22 27
17 34 18 34 18 36 17 36
36 38 34 38 34 37 36 37
38 20 38 21 36 21 36 20
23 39 21 39 21 37 23 37
37 14 39 14 39 15 37 15
14 33 15 33 15 35 14 35
31 14 30 15 32 17 33 16
18 31 16 33 17 34 19 32
33 37 34 38 36 36 35 35
22 31 23 31 23 29 22 29
39 21 37 23 36 22 38 20
17 14 16 15 17 16 18 15
34 36 34 37 33 37 33 36
24 40 23 39 24 38 25 39
23 40 24 40 24 39 23 39
22 40 21 39 22 38 23 39
15 17 16 17 16 15 15 15
17 30 18 30 18 31 17 31
16 29 17 30 18 29 17 28
23 30 22 31 23 32 24 31
35 19 35 21 33 21 33 19
32 39 33 39 33 37 32 37
37 39 36 39 36 38 37 38
20 33 19 32 21 30 22 31
38 22 39 22 39 21 38 21
17 29 16 29 16 28 17 28
20 35 22 35 22 33 20 33
21 36 19 38 18 37 20 35
15 30 14 29 15 28 16 29
19 36 21 36 21 37 19 37
30 40 32 40 32 39 30 39
16 30 15 30 15 29 16 29
19 40 22 40 22 38 19 38
40 18 38 20 35 17 37 15
20 41 19 40 23 36 24 37
32 19 31 20 34 23 35 22
33 18 33 19 32 19 32 18
31 18 32 19 33 18 32 17
34 16 34 18 33 18 33 16
20 34 18 36 15 33 17 31
20 32 18 30 21 27 23 29
33 17 34 18 35 17 34 16
35 20 33 18 37 14 39 16
19 33 20 33 20 32 19 32
20 31 22 31 22 32 20 32
21 35 20 34 22 32 23 33
19 35 16 35 16 33 19 33
