best-score: 759243
count: 30
elapsed-time: 4.503
106
13 11 13 12 12 12 12 11
21 20 22 20 22 19 21 19
9 20 8 19 9 18 10 19
22 21 21 20 22 19 23 20
21 14 20 14 20 13 21 13
22 11 23 11 23 12 22 12
20 20 21 21 22 20 21 19
21 23 20 22 21 21 22 22
22 23 21 23 21 22 22 22
19 22 20 23 21 22 20 21
23 21 22 21 22 20 23 20
15 15 14 14 15 13 16 14
13 10 12 11 13 12 14 11
19 20 20 20 20 21 19 21
10 18 11 18 11 19 10 19
14 10 14 11 13 11 13 10
15 14 14 14 14 13 15 13
15 12 14 11 15 10 16 11
20 19 19 20 20 21 21 20
7 14 8 14 8 15 7 15
20 12 19 13 20 14 21 13
22 17 23 17 23 16 22 16
19 23 20 23 20 22 19 22
23 22 22 23 21 22 22 21
18 22 19 23 20 22 19 21
16 13 15 14 14 13 15 12
19 12 20 12 20 13 19 13
16 15 15 15 15 14 16 14
18 21 19 21 19 22 18 22
17 13 17 14 16 14 16 13
21 18 21 19 20 19 20 18
16 12 16 13 15 13 15 12
23 18 22 19 21 18 22 17
18 13 17 14 16 13 17 12
18 12 18 13 17 13 17 12
18 14 17 13 18 12 19 13
17 11 17 12 16 12 16 11
19 14 18 14 18 13 19 13
20 15 19 14 20 13 21 14
19 15 20 15 20 14 19 14
25 14 23 16 21 14 23 12
25 16 23 16 23 14 25 14
21 12 19 10 20 9 22 11
22 13 21 13 21 12 22 12
13 17 11 19 10 18 12 16
10 21 8 21 8 19 10 19
9 22 8 21 9 20 10 21
18 9 16 11 17 12 19 10
13 15 11 13 12 12 14 14
14 17 13 16 15 14 16 15
18 11 17 11 17 9 18 9
15 9 14 10 16 12 17 11
12 17 13 17 13 16 12 16
18 18 17 19 19 21 20 20
21 17 19 15 20 14 22 16
18 8 20 8 20 9 18 9
22 18 21 18 21 17 22 17
13 18 14 18 14 17 13 17
16 16 14 18 13 17 15 15
14 9 15 9 15 10 14 10
17 17 16 16 18 14 19 15
23 19 22 19 22 18 23 18
19 11 19 12 18 12 18 11
10 23 11 23 11 21 10 21
15 16 13 16 13 15 15 15
20 10 19 11 17 9 18 8
20 11 19 11 19 10 20 10
21 11 21 12 20 12 20 11
15 18 14 19 13 18 14 17
12 19 11 18 12 17 13 18
16 18 15 18 15 16 16 16
24 18 23 19 22 18 23 17
24 17 24 18 23 18 23 17
24 20 23 21 22 20 23 19
24 19 24 20 23 20 23 19
25 18 24 19 23 18 24 17
25 19 24 19 24 18 25 18
15 21 14 20 16 18 17 19
15 19 14 19 14 18 15 18
22 10 21 11 22 12 23 11
12 21 11 21 11 19 12 19
17 21 15 21 15 19 17 19
22 9 22 10 20 10 20 9
10 6 9 7 13 11 14 10
10 14 8 14 8 11 10 11
11 12 8 15 7 14 10 11
19 16 16 16 16 15 19 15
16 17 15 18 18 21 19 20
12 13 11 13 11 12 12 12
10 12 9 13 10 14 11 13
18 17 17 17 17 14 18 14
13 14 12 13 13 12 14 13
10 15 13 15 13 14 10 14
20 17 20 18 18 18 18 17
9 15 10 15 10 18 9 18
11 14 10 15 12 17 13 16
21 15 21 17 20 17 20 15
8 16 7 15 8 14 9 15
21 16 20 17 19 16 20 15
19 18 20 19 21 18 20 17
12 6 12 11 10 11 10 6
13 5 12 6 15 9 16 8
16 7 16 8 9 8 9 7
14 22 9 22 9 20 14 20
17 8 15 10 14 9 16 7
16 9 17 9 17 8 16 8
