best-score: 511436
count: 5
elapsed-time: 4.508
75
19 34 20 35 21 34 20 33
21 32 21 34 19 34 19 32
17 18 16 17 18 15 19 16
24 19 22 21 24 23 26 21
23 16 22 17 24 19 25 18
20 31 19 32 20 33 21 32
18 33 20 33 20 31 18 31
17 32 18 33 19 32 18 31
23 35 20 35 20 33 23 33
23 19 24 19 24 23 23 23
30 18 30 22 27 22 27 18
22 29 20 31 17 28 19 26
18 28 18 31 17 31 17 28
29 24 26 24 26 21 29 21
25 33 23 35 24 36 26 34
26 17 26 21 22 21 22 17
26 27 25 27 25 24 26 24
30 15 27 18 26 17 29 14
27 25 26 24 29 21 30 22
33 28 30 31 26 27 29 24
37 32 33 28 35 26 39 30
28 21 27 22 29 24 30 23
36 20 35 19 38 16 39 17
25 34 25 38 21 38 21 34
27 27 27 30 26 30 26 27
20 19 23 19 23 16 20 16
16 24 18 26 21 23 19 21
14 28 16 28 16 24 14 24
26 33 26 34 25 34 25 33
19 28 18 28 18 26 19 26
34 22 37 25 39 23 36 20
34 19 35 19 35 22 34 22
26 25 22 29 26 33 30 29
33 18 34 19 38 15 37 14
34 23 30 23 30 22 34 22
37 23 37 25 34 25 34 23
33 15 33 18 30 18 30 15
26 43 21 38 25 34 30 39
37 17 39 17 39 23 37 23
22 31 30 31 30 29 22 29
22 26 19 26 19 21 22 21
23 27 25 27 25 33 23 33
17 24 25 24 25 18 17 18
33 33 39 33 39 39 33 39
25 23 22 26 23 27 26 24
21 27 23 27 23 23 21 23
20 29 19 28 24 23 25 24
22 32 18 28 23 23 27 27
14 18 13 19 21 27 22 26
31 32 37 32 37 36 31 36
29 17 37 17 37 14 29 14
32 14 29 17 30 18 33 15
24 13 30 13 30 15 24 15
34 27 27 27 27 25 34 25
21 31 22 31 22 32 21 32
24 37 25 38 31 32 30 31
21 29 21 31 20 31 20 29
24 32 21 29 23 27 26 30
19 31 16 28 18 26 21 29
31 37 24 37 24 36 31 36
22 36 24 36 24 32 22 32
18 32 22 36 23 35 19 31
37 31 31 37 33 39 39 33
25 12 24 13 34 23 35 22
11 25 14 28 23 19 20 16
27 12 27 18 25 18 25 12
28 11 27 12 29 14 30 13
13 29 20 29 20 19 13 19
16 32 13 29 14 28 17 31
16 31 17 31 17 32 16 32
14 35 13 34 16 31 17 32
14 39 20 39 20 35 14 35
13 38 14 39 19 34 18 33
19 38 13 38 13 34 19 34
20 37 19 38 20 39 21 38
