best-score: 563624
count: 25
elapsed-time: 4.519
64
16 20 15 20 15 19 16 19
16 21 16 22 15 22 15 21
19 11 20 12 21 11 20 10
17 20 16 21 15 20 16 19
22 20 21 21 20 20 21 19
15 23 14 22 15 21 16 22
20 11 20 12 19 12 19 11
21 12 20 13 19 12 20 11
21 10 21 11 20 11 20 10
14 20 15 21 16 20 15 19
17 21 16 21 16 20 17 20
14 23 15 23 15 22 14 22
21 20 21 21 20 21 20 20
21 13 20 13 20 12 21 12
22 19 22 20 21 20 21 19
14 21 15 21 15 20 14 20
14 19 13 20 14 21 15 20
13 19 14 19 14 20 13 20
13 22 14 23 15 22 14 21
13 21 14 21 14 22 13 22
12 20 13 21 14 20 13 19
12 21 13 21 13 20 12 20
18 24 16 22 17 21 19 23
11 17 13 17 13 19 11 19
16 9 14 11 15 12 17 10
14 9 14 11 12 11 12 9
14 18 13 17 15 15 16 16
16 10 17 10 17 9 16 9
15 18 15 19 14 19 14 18
18 12 16 10 17 9 19 11
7 23 8 24 12 20 11 19
16 13 20 13 20 16 16 16
18 18 15 18 15 15 18 15
12 12 15 12 15 15 12 15
19 19 17 21 16 20 18 18
14 17 15 18 18 15 17 14
18 14 16 16 18 18 20 16
13 16 12 15 15 12 16 13
18 11 16 13 17 14 19 12
23 18 20 18 20 16 23 16
8 13 10 15 14 11 12 9
15 11 18 11 18 12 15 12
21 18 18 15 20 13 23 16
20 19 21 20 22 19 21 18
19 18 20 18 20 19 19 19
8 12 12 12 12 11 8 11
7 11 8 12 11 9 10 8
19 14 18 14 18 12 19 12
9 20 10 21 14 17 13 16
10 13 10 15 8 15 8 13
14 16 14 17 13 17 13 16
18 21 17 20 19 18 20 19
10 9 8 11 10 13 12 11
9 24 8 24 8 20 9 20
11 13 10 13 10 9 11 9
10 25 9 24 12 21 13 22
12 25 10 25 10 21 12 21
17 24 18 24 18 21 17 21
10 17 8 15 10 13 12 15
18 23 17 24 15 22 16 21
11 15 11 17 10 17 10 15
9 18 12 21 13 20 10 17
12 18 12 20 9 20 9 18
10 18 11 19 12 18 11 17
