best-score: 784436
count: 30
elapsed-time: 4.501
110
10 13 9 13 9 12 10 12
18 9 17 8 18 7 19 8
12 10 11 11 10 10 11 9
17 9 18 9 18 8 17 8
12 16 11 15 12 14 13 15
23 18 22 19 21 18 22 17
19 7 19 8 18 8 18 7
16 18 17 18 17 19 16 19
10 9 11 9 11 10 10 10
13 10 12 11 11 10 12 9
15 17 14 18 13 17 14 16
18 10 17 9 18 8 19 9
14 14 13 15 14 16 15 15
12 18 11 17 12 16 13 17
21 9 22 9 22 8 21 8
20 11 19 12 20 13 21 12
13 9 12 10 13 11 14 10
20 12 21 12 21 13 20 13
14 9 14 10 13 10 13 9
19 10 18 10 18 9 19 9
19 11 20 11 20 12 19 12
19 13 18 12 19 11 20 12
12 20 11 19 12 18 13 19
20 8 19 9 20 10 21 9
18 13 19 13 19 12 18 12
20 9 19 9 19 8 20 8
19 14 18 15 17 14 18 13
20 7 19 8 20 9 21 8
21 10 20 11 19 10 20 9
21 7 21 8 20 8 20 7
21 11 20 11 20 10 21 10
22 12 21 13 20 12 21 11
20 14 19 14 19 13 20 13
22 6 21 7 22 8 23 7
20 6 19 7 20 8 21 7
19 6 20 6 20 7 19 7
22 11 22 12 21 12 21 11
23 10 22 11 21 10 22 9
24 13 23 14 21 12 22 11
15 6 14 7 16 9 17 8
12 12 14 14 15 13 13 11
15 19 13 19 13 17 15 17
14 13 14 14 12 14 12 13
13 12 12 12 12 11 13 11
15 7 15 9 14 9 14 7
14 20 13 19 14 18 15 19
13 14 12 13 13 12 14 13
16 20 15 19 16 18 17 19
12 21 14 21 14 20 12 20
8 11 9 12 11 10 10 9
11 13 10 12 11 11 12 12
11 12 12 12 12 13 11 13
21 16 19 14 20 13 22 15
11 14 10 13 11 12 12 13
12 15 11 15 11 14 12 14
10 11 11 11 11 12 10 12
11 7 12 7 12 9 11 9
7 14 8 15 10 13 9 12
15 20 16 20 16 19 15 19
16 16 16 18 14 18 14 16
13 5 11 7 13 9 15 7
14 5 14 7 13 7 13 5
17 17 16 18 15 17 16 16
9 14 7 14 7 13 9 13
13 16 12 16 12 15 13 15
10 14 11 14 11 13 10 13
7 15 8 16 10 14 9 13
7 16 8 16 8 15 7 15
23 16 23 18 21 18 21 16
8 10 10 10 10 11 8 11
19 18 17 18 17 17 19 17
24 15 23 16 22 15 23 14
24 17 22 17 22 15 24 15
17 15 17 17 15 17 15 15
14 15 13 16 12 15 13 14
7 11 9 13 10 12 8 10
16 14 15 15 16 16 17 15
21 19 19 19 19 18 21 18
18 16 17 15 19 13 20 14
18 14 18 15 17 15 17 14
15 14 15 15 14 15 14 14
18 18 17 17 18 16 19 17
16 13 16 14 15 14 15 13
17 11 15 13 16 14 18 12
16 11 17 11 17 9 16 9
18 20 17 19 18 18 19 19
17 10 16 11 18 13 19 12
15 12 13 10 14 9 16 11
16 15 15 14 16 13 17 14
14 12 15 12 15 13 14 13
19 25 17 23 21 19 23 21
4 16 8 20 11 17 7 13
18 6 18 7 15 7 15 6
16 4 13 7 15 9 18 6
8 18 12 18 12 16 8 16
12 17 15 20 16 19 13 16
20 22 23 22 23 21 20 21
21 15 21 16 18 16 18 15
23 17 21 19 19 17 21 15
8 21 12 21 12 23 8 23
19 23 17 23 17 19 19 19
19 22 16 19 17 18 20 21
22 14 21 15 20 14 21 13
17 25 14 22 16 20 19 23
21 14 22 14 22 15 21 15
23 12 23 14 22 14 22 12
15 24 12 21 18 15 21 18
11 26 8 23 16 15 19 18
13 26 11 26 11 19 13 19
12 25 17 25 17 23 12 23
