best-score: 639773
count: 15
elapsed-time: 4.515
87
19 19 18 20 19 21 20 20
16 20 17 20 17 21 16 21
13 23 12 24 13 25 14 24
17 12 16 11 17 10 18 11
20 19 21 19 21 20 20 20
13 24 12 24 12 23 13 23
17 19 16 20 17 21 18 20
14 25 13 25 13 24 14 24
14 16 13 15 14 14 15 15
19 17 18 18 19 19 20 18
18 19 18 20 17 20 17 19
24 22 23 21 24 20 25 21
19 18 19 19 18 19 18 18
19 20 18 19 19 18 20 19
16 18 17 19 18 18 17 17
20 21 19 21 19 20 20 20
20 17 20 18 19 18 19 17
11 8 9 10 10 11 12 9
17 15 17 17 15 17 15 15
22 22 20 20 21 19 23 21
19 13 17 15 19 17 21 15
23 18 21 20 20 19 22 17
24 24 22 24 22 22 24 22
26 24 24 26 22 24 24 22
25 20 24 20 24 18 25 18
21 14 23 14 23 15 21 15
24 14 23 14 23 12 24 12
16 9 16 11 15 11 15 9
24 17 24 18 23 18 23 17
22 16 20 18 21 19 23 17
25 24 25 26 24 26 24 24
15 22 13 24 14 25 16 23
20 16 22 16 22 17 20 17
19 23 17 23 17 21 19 21
29 24 27 26 25 24 27 22
29 26 27 26 27 24 29 24
27 28 25 26 27 24 29 26
25 28 27 28 27 26 25 26
19 12 21 14 23 12 21 10
26 22 27 22 27 24 26 24
19 10 19 12 17 12 17 10
24 19 23 18 24 17 25 18
22 14 21 15 22 16 23 15
28 14 24 18 23 17 27 13
28 13 28 14 27 14 27 13
11 16 14 16 14 14 11 14
14 17 13 18 16 21 17 20
16 26 14 24 17 21 19 23
12 20 13 21 16 18 15 17
10 15 13 15 13 18 10 18
13 20 16 20 16 18 13 18
12 21 13 21 13 20 12 20
17 26 16 26 16 23 17 23
26 13 27 14 28 13 27 12
20 26 17 23 19 21 22 24
10 23 12 23 12 21 10 21
13 11 15 11 15 15 13 15
24 25 20 21 21 20 25 24
20 23 21 24 25 20 24 19
19 26 20 26 20 23 19 23
13 22 12 23 11 22 12 21
27 17 24 17 24 14 27 14
12 15 11 16 10 15 11 14
17 24 16 23 19 20 20 21
9 9 12 9 12 10 9 10
8 17 12 21 13 20 9 16
23 30 19 26 21 24 25 28
8 19 10 21 13 18 11 16
14 8 12 10 13 11 15 9
9 22 10 23 11 22 10 21
15 23 13 23 13 22 15 22
23 23 20 23 20 21 23 21
26 12 27 12 27 13 26 13
26 18 23 15 24 14 27 17
18 27 17 26 18 25 19 26
14 27 18 27 18 25 14 25
13 26 14 27 15 26 14 25
12 25 13 25 13 26 12 26
11 24 12 25 13 24 12 23
11 25 12 25 12 24 11 24
9 24 11 24 11 22 9 22
10 25 9 24 10 23 11 24
30 21 27 24 20 17 23 14
30 20 30 21 25 21 25 20
25 13 26 13 26 18 25 18
23 13 24 14 25 13 24 12
14 19 8 19 8 17 14 17
