best-score: 737612
count: 5
elapsed-time: 4.501
289
33 17 33 18 32 18 32 17
25 15 24 16 25 17 26 16
24 18 25 18 25 17 24 17
31 15 30 16 29 15 30 14
26 24 27 25 28 24 27 23
25 19 24 18 25 17 26 18
25 32 26 32 26 31 25 31
36 20 37 20 37 21 36 21
34 24 34 25 33 25 33 24
36 34 37 34 37 33 36 33
30 22 31 22 31 23 30 23
26 19 25 19 25 18 26 18
35 24 34 25 35 26 36 25
32 19 31 19 31 18 32 18
31 30 30 29 31 28 32 29
35 36 34 35 35 34 36 35
32 16 31 17 32 18 33 17
39 14 38 14 38 13 39 13
24 24 23 25 22 24 23 23
22 27 23 28 24 27 23 26
35 25 34 26 33 25 34 24
37 19 36 20 37 21 38 20
37 36 36 35 37 34 38 35
16 22 15 21 16 20 17 21
14 33 13 33 13 32 14 32
26 23 26 24 25 24 25 23
27 24 28 24 28 25 27 25
32 24 31 25 32 26 33 25
40 30 39 31 38 30 39 29
31 29 30 29 30 28 31 28
34 27 35 27 35 26 34 26
25 14 26 14 26 15 25 15
26 33 25 32 26 31 27 32
27 19 28 19 28 20 27 20
26 22 27 22 27 23 26 23
35 35 36 35 36 34 35 34
30 21 29 22 30 23 31 22
32 30 31 30 31 29 32 29
12 33 13 34 14 33 13 32
12 34 13 34 13 33 12 33
27 18 26 19 27 20 28 19
35 33 34 34 35 35 36 34
33 20 32 19 33 18 34 19
25 25 24 24 25 23 26 24
28 23 27 24 26 23 27 22
34 36 35 36 35 35 34 35
27 33 26 33 26 32 27 32
35 23 35 24 34 24 34 23
31 16 32 16 32 17 31 17
29 21 30 21 30 22 29 22
29 29 30 30 31 29 30 28
29 30 30 30 30 29 29 29
29 19 28 20 29 21 30 20
36 24 36 25 35 25 35 24
38 19 38 20 37 20 37 19
24 25 25 25 25 24 24 24
30 15 31 15 31 16 30 16
34 33 35 33 35 34 34 34
24 26 25 27 26 26 25 25
35 32 34 33 35 34 36 33
30 17 31 18 32 17 31 16
36 32 36 33 35 33 35 32
25 26 25 27 24 27 24 26
37 31 36 32 35 31 36 30
30 18 31 18 31 17 30 17
29 14 30 14 30 15 29 15
29 17 30 18 31 17 30 16
29 16 30 16 30 17 29 17
26 25 26 26 25 26 25 25
29 13 29 14 28 14 28 13
28 15 29 16 30 15 29 14
28 16 29 16 29 15 28 15
27 15 28 16 29 15 28 14
27 26 26 25 27 24 28 25
27 14 28 14 28 15 27 15
27 16 26 16 26 15 27 15
26 13 25 14 26 15 27 14
27 13 27 14 26 14 26 13
28 12 27 13 28 14 29 13
27 12 28 12 28 13 27 13
24 12 23 13 25 15 26 14
28 18 27 18 27 16 28 16
37 29 39 29 39 31 37 31
32 21 31 22 33 24 34 23
30 24 28 24 28 23 30 23
29 18 29 19 28 19 28 18
38 36 36 34 37 33 39 35
23 22 25 24 26 23 24 21
31 20 30 21 28 19 29 18
18 35 20 37 21 36 19 34
26 38 28 40 30 38 28 36
39 36 38 36 38 35 39 35
24 36 26 36 26 38 24 38
21 40 21 41 19 41 19 40
28 17 29 18 30 17 29 16
30 19 31 19 31 20 30 20
35 18 34 19 36 21 37 20
30 31 28 33 27 32 29 30
29 23 30 24 31 23 30 22
35 29 36 30 37 29 36 28
27 17 28 18 29 17 28 16
22 16 24 16 24 17 22 17
18 22 16 22 16 20 18 20
39 26 41 26 41 24 39 24
32 31 31 32 30 31 31 30
33 31 35 31 35 32 33 32
26 17 27 18 28 17 27 16
34 21 32 21 32 19 34 19
17 23 15 23 15 21 17 21
37 22 35 24 34 23 36 21
31 31 31 32 30 32 30 31
32 34 34 34 34 35 32 35
38 22 36 24 35 23 37 21
38 28 38 30 36 30 36 28
35 16 33 18 32 17 34 15
27 39 26 39 26 38 27 38
38 18 40 18 40 16 38 16
28 35 28 36 26 36 26 35
35 13 35 15 34 15 34 13
36 14 38 14 38 16 36 16
38 32 40 32 40 30 38 30
35 20 33 20 33 18 35 18
33 22 31 22 31 20 33 20
25 22 25 23 23 23 23 22
33 30 33 31 32 31 32 30
41 15 40 16 38 14 39 13
30 26 32 26 32 24 30 24
38 21 38 22 37 22 37 21
16 14 18 14 18 16 16 16
34 18 33 17 35 15 36 16
25 16 24 17 25 18 26 17
31 34 32 35 34 33 33 32
25 21 26 22 28 20 27 19
37 27 37 29 35 29 35 27
29 25 30 26 31 25 30 24
19 21 18 22 17 21 18 20
15 13 13 15 14 16 16 14
29 31 30 32 31 31 30 30
34 29 33 30 32 29 33 28
34 14 35 15 36 14 35 13
26 21 26 22 25 22 25 21
40 28 39 29 38 28 39 27
33 13 31 15 32 16 34 14
39 33 38 32 39 31 40 32
36 18 35 18 35 16 36 16
32 32 31 31 32 30 33 31
24 19 25 19 25 21 24 21
37 26 39 26 39 27 37 27
40 23 39 24 37 22 38 21
18 24 17 24 17 23 18 23
39 28 37 26 39 24 41 26
16 24 15 23 16 22 17 23
23 18 22 19 23 20 24 19
24 15 25 15 25 16 24 16
28 30 26 32 27 33 29 31
34 31 33 32 32 31 33 30
40 29 39 29 39 28 40 28
26 37 27 38 29 36 28 35
28 31 29 31 29 30 28 30
36 26 35 27 36 28 37 27
13 14 15 14 15 13 13 13
39 20 38 21 37 20 38 19
32 27 34 27 34 29 32 29
37 25 36 26 35 25 36 24
23 19 21 21 23 23 25 21
28 21 27 22 26 21 27 20
29 20 29 21 28 21 28 20
14 24 16 24 16 22 14 22
13 23 14 24 15 23 14 22
31 26 32 27 34 25 33 24
23 16 22 17 23 18 24 17
19 23 18 24 17 23 18 22
37 17 36 18 37 19 38 18
21 17 23 19 24 18 22 16
25 20 24 19 25 18 26 19
22 20 23 20 23 19 22 19
37 15 36 16 37 17 38 16
39 21 38 21 38 20 39 20
19 22 19 23 18 23 18 22
21 22 19 22 19 21 21 21
37 13 36 14 37 15 38 14
21 19 22 19 22 17 21 17
41 19 39 21 38 20 40 18
33 12 30 15 31 16 34 13
43 15 40 18 38 16 41 13
43 19 41 19 41 15 43 15
34 12 34 13 33 13 33 12
15 11 13 13 16 16 18 14
42 33 39 36 38 35 41 32
9 18 13 22 17 18 13 14
42 31 42 33 39 33 39 31
41 21 38 18 40 16 43 19
22 21 24 21 24 24 22 24
18 17 17 18 21 22 22 21
19 26 23 26 23 28 19 28
18 27 22 27 22 24 18 24
17 30 20 33 22 31 19 28
24 31 22 31 22 27 24 27
21 30 21 31 17 31 17 30
29 40 28 40 28 36 29 36
18 29 17 29 17 27 18 27
19 25 23 25 23 23 19 23
26 27 29 30 30 29 27 26
37 40 35 40 35 36 37 36
23 35 22 34 25 31 26 32
20 25 19 26 17 24 18 23
35 19 31 23 32 24 36 20
27 28 30 28 30 26 27 26
19 17 16 20 15 19 18 16
28 41 26 39 27 38 29 40
21 20 22 20 22 21 21 21
39 30 41 32 42 31 40 29
19 18 19 21 17 21 17 18
38 31 34 27 35 26 39 30
15 25 19 25 19 26 15 26
36 17 35 16 38 13 39 14
35 38 37 40 39 38 37 36
21 34 22 34 22 31 21 31
20 23 23 26 24 25 21 22
16 26 17 27 19 25 18 24
28 38 26 36 30 32 32 34
22 35 21 34 24 31 25 32
28 29 29 29 29 25 28 25
20 27 19 28 18 27 19 26
14 20 16 20 16 16 14 16
43 23 39 27 37 25 41 21
25 28 24 27 25 26 26 27
26 28 25 28 25 27 26 27
27 31 26 31 26 28 27 28
25 40 21 36 22 35 26 39
18 19 21 19 21 20 18 20
19 16 19 17 18 17 18 16
23 33 26 33 26 35 23 35
28 32 27 32 27 31 28 31
22 14 19 17 21 19 24 16
13 21 14 22 15 21 14 20
25 41 28 41 28 40 25 40
22 32 21 31 25 27 26 28
13 25 15 25 15 23 13 23
39 32 37 34 36 33 38 31
16 13 15 14 18 17 19 16
30 33 28 33 28 32 30 32
14 26 13 25 14 24 15 25
19 36 21 36 21 34 19 34
27 27 26 28 28 30 29 29
28 26 27 27 26 26 27 25
14 21 14 22 13 22 13 21
11 29 14 32 17 29 14 26
16 11 16 13 15 13 15 11
19 14 22 14 22 16 19 16
15 17 18 17 18 19 15 19
17 36 19 36 19 40 17 40
19 19 18 20 15 17 16 16
16 33 15 34 17 36 18 35
16 37 20 37 20 33 16 33
20 39 19 40 16 37 17 36
13 37 16 37 16 39 13 39
9 35 13 39 21 31 17 27
43 28 40 28 40 23 43 23
37 44 32 39 35 36 40 41
33 42 26 35 28 33 35 40
21 43 19 41 24 36 26 38
8 27 13 32 18 27 13 22
11 30 17 30 17 29 11 29
32 42 33 42 33 39 32 39
25 43 21 43 21 41 25 41
26 44 25 43 28 40 29 41
20 44 26 44 26 39 20 39
35 41 29 41 29 40 35 40
15 32 14 32 14 26 15 26
14 34 21 41 24 38 17 31
21 29 28 29 28 30 21 30
25 34 20 39 21 40 26 35
19 32 19 34 15 34 15 32
11 28 15 32 17 30 13 26
41 35 35 41 33 39 39 33
20 28 21 29 24 26 23 25
40 35 41 35 41 32 40 32
13 35 12 34 13 33 14 34
14 35 13 35 13 34 14 34
9 37 13 37 13 35 9 35
10 23 13 26 22 17 19 14
10 22 13 22 13 23 10 23
9 21 10 22 15 17 14 16
13 18 13 21 9 21 9 18
17 15 17 18 13 18 13 15
14 17 13 18 18 23 19 22
17 12 24 12 24 15 17 15
15 12 16 13 17 12 16 11
