best-score: 787891
count: 9
elapsed-time: 4.504
343
33 37 32 36 33 35 34 36
37 22 36 23 35 22 36 21
37 18 36 19 35 18 36 17
37 20 36 21 35 20 36 19
22 32 21 33 22 34 23 33
33 19 32 18 33 17 34 18
33 20 32 21 31 20 32 19
27 15 26 16 25 15 26 14
21 25 20 26 21 27 22 26
26 15 26 16 25 16 25 15
36 32 35 33 34 32 35 31
34 31 35 31 35 30 34 30
26 36 25 36 25 35 26 35
29 32 28 33 29 34 30 33
29 18 28 17 29 16 30 17
21 20 20 19 21 18 22 19
33 34 32 34 32 33 33 33
31 27 32 27 32 26 31 26
15 22 14 23 15 24 16 23
23 19 23 20 22 20 22 19
24 27 25 28 26 27 25 26
31 34 30 33 31 32 32 33
36 25 35 25 35 24 36 24
18 32 17 32 17 31 18 31
26 26 26 27 25 27 25 26
34 24 35 24 35 23 34 23
17 14 18 14 18 15 17 15
24 14 25 14 25 15 24 15
36 18 35 18 35 17 36 17
36 22 36 23 35 23 35 22
19 13 19 14 18 14 18 13
20 17 19 17 19 16 20 16
21 35 20 35 20 34 21 34
24 17 23 16 24 15 25 16
26 13 25 14 26 15 27 14
31 33 31 34 30 34 30 33
29 27 30 27 30 26 29 26
35 13 35 14 34 14 34 13
12 35 13 36 14 35 13 34
16 15 17 16 18 15 17 14
32 35 31 35 31 34 32 34
30 32 30 33 29 33 29 32
17 30 16 31 17 32 18 31
24 34 23 35 24 36 25 35
16 32 17 33 18 32 17 31
33 22 34 23 35 22 34 21
31 28 30 27 31 26 32 27
34 29 33 30 34 31 35 30
33 16 34 16 34 15 33 15
25 34 25 35 24 35 24 34
34 20 34 21 33 21 33 20
31 25 30 26 31 27 32 26
24 20 23 21 22 20 23 19
17 12 16 13 17 14 18 13
34 19 33 20 34 21 35 20
36 16 35 17 34 16 35 15
24 33 23 33 23 32 24 32
19 12 18 13 19 14 20 13
29 25 28 26 29 27 30 26
25 13 26 13 26 14 25 14
33 18 33 19 32 19 32 18
33 32 32 33 33 34 34 33
33 14 34 15 35 14 34 13
15 31 14 32 15 33 16 32
18 22 17 23 18 24 19 23
34 22 34 23 33 23 33 22
12 34 13 34 13 35 12 35
33 36 32 36 32 35 33 35
28 32 29 33 30 32 29 31
35 32 35 33 34 33 34 32
30 31 31 32 32 31 31 30
22 33 22 34 21 34 21 33
35 34 34 33 35 32 36 33
24 21 23 21 23 20 24 20
32 22 33 23 34 22 33 21
34 34 33 35 32 34 33 33
20 15 19 16 18 15 19 14
27 34 26 35 25 34 26 33
23 29 23 30 22 30 22 29
28 34 29 34 29 33 28 33
31 19 31 20 30 20 30 19
36 34 35 34 35 33 36 33
34 17 34 18 33 18 33 17
32 20 33 21 34 20 33 19
28 25 29 26 30 25 29 24
24 13 23 14 24 15 25 14
24 28 23 29 24 30 25 29
23 36 24 36 24 35 23 35
17 17 18 18 19 17 18 16
37 21 37 22 36 22 36 21
37 24 36 25 35 24 36 23
37 23 36 24 35 23 36 22
37 19 36 19 36 18 37 18
24 37 23 36 24 35 25 36
34 37 33 37 33 36 34 36
25 37 24 37 24 36 25 36
34 35 33 36 32 35 33 34
32 17 33 18 34 17 33 16
30 28 31 28 31 27 30 27
36 14 35 15 34 14 35 13
16 33 17 33 17 32 16 32
32 32 32 33 31 33 31 32
35 21 35 22 34 22 34 21
22 36 21 35 22 34 23 35
16 16 17 16 17 15 16 15
25 33 24 34 23 33 24 32
31 29 30 28 31 27 32 28
36 31 36 32 35 32 35 31
33 31 34 31 34 32 33 32
32 30 33 30 33 31 32 31
23 34 24 35 25 34 24 33
28 24 29 24 29 25 28 25
20 14 20 15 19 15 19 14
35 19 34 18 35 17 36 18
15 32 16 32 16 31 15 31
24 12 23 13 24 14 25 13
14 33 15 33 15 32 14 32
31 21 32 21 32 20 31 20
29 35 28 34 29 33 30 34
20 12 20 13 19 13 19 12
31 24 31 25 30 25 30 24
23 28 24 28 24 27 23 27
35 16 35 17 34 17 34 16
21 15 20 16 19 15 20 14
25 12 25 13 24 13 24 12
24 26 23 27 24 28 25 27
30 35 29 35 29 34 30 34
28 31 29 31 29 32 28 32
36 20 35 21 34 20 35 19
32 25 31 26 30 25 31 24
24 29 23 30 22 29 23 28
31 31 31 32 30 32 30 31
25 25 25 26 24 26 24 25
29 23 28 24 29 25 30 24
22 35 21 34 22 33 23 34
32 29 31 29 31 28 32 28
23 25 24 26 25 25 24 24
29 29 28 28 29 27 30 28
35 35 34 34 35 33 36 34
30 29 31 30 32 29 31 28
23 24 24 24 24 25 23 25
18 17 17 17 17 16 18 16
35 37 34 36 35 35 36 36
26 11 25 12 26 13 27 12
38 20 37 21 36 20 37 19
38 19 38 20 37 20 37 19
36 15 35 15 35 14 36 14
15 34 14 33 15 32 16 33
35 36 34 36 34 35 35 35
16 34 15 34 15 33 16 33
26 34 25 34 25 33 26 33
21 36 22 36 22 35 21 35
31 36 30 35 31 34 32 35
29 28 30 28 30 29 29 29
25 30 24 30 24 29 25 29
21 13 20 14 19 13 20 12
28 27 29 28 30 27 29 26
27 35 26 36 25 35 26 34
30 30 31 30 31 29 30 29
21 16 20 16 20 15 21 15
29 30 28 31 29 32 30 31
22 14 21 13 22 12 23 13
22 13 21 13 21 12 22 12
19 18 18 17 19 16 20 17
26 29 25 30 24 29 25 28
30 23 30 24 29 24 29 23
36 35 35 36 34 35 35 34
28 35 27 35 27 34 28 34
22 37 21 36 22 35 23 36
37 16 36 17 35 16 36 15
36 37 35 37 35 36 36 36
23 37 22 37 22 36 23 36
35 38 34 37 35 36 36 37
37 17 36 17 36 16 37 16
24 38 23 37 24 36 25 37
34 38 35 38 35 37 34 37
38 18 37 19 36 18 37 17
23 38 24 38 24 37 23 37
38 17 38 18 37 18 37 17
39 18 38 19 37 18 38 17
39 19 38 19 38 18 39 18
21 14 20 14 20 13 21 13
30 36 31 36 31 35 30 35
29 36 28 36 28 35 29 35
28 29 29 30 30 29 29 28
22 17 21 18 20 17 21 16
28 30 29 31 30 30 29 29
22 15 21 15 21 14 22 14
26 28 26 29 25 29 25 28
27 27 26 28 25 27 26 26
31 37 30 36 31 35 32 36
29 37 28 36 29 35 30 36
32 37 31 37 31 36 32 36
30 37 29 37 29 36 30 36
33 38 32 37 33 36 34 37
32 38 33 38 33 37 32 37
31 38 30 37 31 36 32 37
30 38 31 38 31 37 30 37
33 39 32 38 33 37 34 38
34 39 33 39 33 38 34 38
31 39 30 38 31 37 32 38
32 39 31 39 31 38 32 38
33 40 32 39 33 38 34 39
32 40 33 40 33 39 32 39
27 26 28 26 28 27 27 27
27 28 26 27 27 26 28 27
27 29 28 29 28 28 27 28
26 30 25 29 26 28 27 29
27 30 26 29 27 28 28 29
25 31 26 31 26 30 25 30
27 31 28 31 28 30 27 30
23 31 24 32 25 31 24 30
27 32 26 31 27 30 28 31
21 31 22 32 23 31 22 30
22 31 23 31 23 32 22 32
21 30 22 30 22 31 21 31
27 33 28 33 28 32 27 32
26 32 27 33 28 32 27 31
24 31 23 32 22 31 23 30
20 29 21 30 22 29 21 28
25 32 24 31 25 30 26 31
21 32 20 31 21 30 22 31
20 32 21 32 21 31 20 31
19 33 20 34 21 33 20 32
10 23 12 25 14 23 12 21
37 29 35 31 34 30 36 28
17 25 16 25 16 23 17 23
16 12 15 13 17 15 18 14
14 18 15 19 17 17 16 16
15 15 16 15 16 13 15 13
21 23 23 23 23 24 21 24
14 27 13 26 15 24 16 25
18 34 20 34 20 32 18 32
18 21 16 23 18 25 20 23
15 18 16 19 18 17 17 16
18 30 20 32 21 31 19 29
16 17 17 17 17 19 16 19
27 18 25 16 26 15 28 17
36 30 35 30 35 28 36 28
20 30 20 31 18 31 18 30
27 16 29 16 29 18 27 18
27 13 29 13 29 14 27 14
14 26 14 27 13 27 13 26
14 14 12 14 12 13 14 13
16 24 14 26 15 27 17 25
25 18 23 20 22 19 24 17
17 13 16 13 16 12 17 12
31 13 33 15 34 14 32 12
19 20 21 20 21 18 19 18
13 13 12 14 13 15 14 14
21 22 22 22 22 20 21 20
19 25 17 27 18 28 20 26
19 27 21 27 21 25 19 25
28 19 30 19 30 17 28 17
26 12 27 12 27 13 26 13
30 16 32 16 32 17 30 17
18 19 19 20 20 19 19 18
33 27 32 26 34 24 35 25
18 36 16 36 16 34 18 34
15 29 14 29 14 27 15 27
32 14 33 14 33 12 32 12
23 18 21 18 21 16 23 16
17 28 18 28 18 30 17 30
27 23 25 25 26 26 28 24
14 19 13 19 13 18 14 18
20 22 21 22 21 23 20 23
20 21 20 22 18 22 18 21
22 24 21 23 22 22 23 23
20 28 22 30 23 29 21 27
13 30 15 32 16 31 14 29
18 27 17 27 17 25 18 25
33 26 32 25 34 23 35 24
17 35 16 34 17 33 18 34
21 29 20 29 20 28 21 28
27 25 25 25 25 23 27 23
19 37 18 36 20 34 21 35
11 20 12 21 14 19 13 18
25 11 26 11 26 12 25 12
17 37 16 36 17 35 18 36
17 29 16 30 17 31 18 30
19 30 17 28 18 27 20 29
19 32 18 31 19 30 20 31
33 25 33 26 32 26 32 25
22 23 21 22 23 20 24 21
19 35 19 37 17 37 17 35
29 17 31 19 32 18 30 16
20 24 19 23 20 22 21 23
29 20 28 19 29 18 30 19
25 19 23 19 23 18 25 18
19 24 19 25 18 25 18 24
30 14 30 16 29 16 29 14
33 28 35 28 35 27 33 27
34 27 33 28 34 29 35 28
34 28 33 29 32 28 33 27
19 28 18 28 18 27 19 27
17 21 18 21 18 19 17 19
14 30 15 31 16 30 15 29
18 33 20 35 21 34 19 32
28 16 27 15 29 13 30 14
22 25 21 24 22 23 23 24
23 26 22 26 22 25 23 25
20 27 21 28 23 26 22 25
13 29 14 29 14 30 13 30
17 34 16 33 17 32 18 33
11 16 13 18 16 15 14 13
10 19 13 19 13 23 10 23
31 10 27 14 29 16 33 12
29 10 31 10 31 13 29 13
28 21 28 22 24 22 24 21
14 15 15 15 15 18 14 18
27 20 23 24 24 25 28 21
16 22 15 22 15 19 16 19
14 20 16 22 17 21 15 19
26 18 25 19 21 15 22 14
26 20 27 20 27 18 26 18
31 22 30 23 28 21 29 20
12 24 15 24 15 22 12 22
27 19 26 18 28 16 29 17
21 21 20 22 17 19 18 18
25 21 24 20 25 19 26 20
31 12 29 14 27 12 29 10
11 23 12 24 13 23 12 22
8 17 10 19 14 15 12 13
11 21 12 22 14 20 13 19
11 25 13 27 14 26 12 24
11 22 12 22 12 21 11 21
11 24 12 24 12 25 11 25
29 21 28 22 26 20 27 19
15 23 16 24 17 23 16 22
28 20 29 20 29 21 28 21
26 19 27 20 28 19 27 18
29 22 31 22 31 21 29 21
32 23 31 22 32 21 33 22
30 22 29 21 30 20 31 21
26 22 25 23 24 22 25 21
31 23 32 23 32 22 31 22
28 23 29 23 29 22 28 22
32 24 31 25 30 24 31 23
33 24 32 24 32 23 33 23
34 25 33 25 33 24 34 24
11 17 16 17 16 16 11 16
8 20 11 20 11 17 8 17
12 16 11 17 13 19 14 18
