best-score: 753985
count: 9
elapsed-time: 4.512
342
11 22 12 23 13 22 12 21
30 34 29 34 29 33 30 33
20 32 20 33 19 33 19 32
17 21 17 22 16 22 16 21
23 29 24 29 24 28 23 28
35 25 34 25 34 24 35 24
36 15 35 16 34 15 35 14
33 18 34 18 34 17 33 17
18 33 19 34 20 33 19 32
28 16 27 17 26 16 27 15
17 31 16 31 16 30 17 30
15 14 16 14 16 15 15 15
28 15 29 15 29 16 28 16
14 22 14 23 13 23 13 22
34 34 33 34 33 33 34 33
32 18 33 19 34 18 33 17
32 19 33 19 33 18 32 18
18 13 17 14 18 15 19 14
23 16 24 16 24 17 23 17
14 20 15 20 15 19 14 19
23 15 24 16 25 15 24 14
34 29 35 29 35 30 34 30
29 26 28 25 29 24 30 25
17 16 16 17 15 16 16 15
26 13 26 14 25 14 25 13
32 29 31 30 32 31 33 30
27 34 28 35 29 34 28 33
33 12 33 13 32 13 32 12
28 32 29 32 29 33 28 33
14 30 13 29 14 28 15 29
15 22 14 23 15 24 16 23
34 13 33 14 32 13 33 12
35 23 34 23 34 22 35 22
18 17 18 18 17 18 17 17
36 29 35 30 34 29 35 28
33 23 34 24 35 23 34 22
27 32 28 32 28 31 27 31
16 25 17 25 17 26 16 26
23 14 24 14 24 15 23 15
14 29 14 30 13 30 13 29
29 12 29 13 28 13 28 12
15 23 14 24 13 23 14 22
30 15 29 16 28 15 29 14
16 16 17 16 17 17 16 17
23 23 22 23 22 22 23 22
30 16 31 16 31 15 30 15
19 18 18 19 17 18 18 17
25 16 24 16 24 15 25 15
26 18 25 18 25 17 26 17
27 18 26 19 25 18 26 17
24 13 23 14 24 15 25 14
15 28 15 29 14 29 14 28
16 24 15 24 15 23 16 23
34 35 35 35 35 36 34 36
15 25 16 26 17 25 16 24
24 23 25 23 25 22 24 22
24 24 23 23 24 22 25 23
31 13 32 14 33 13 32 12
28 34 27 34 27 33 28 33
27 14 26 15 25 14 26 13
17 23 16 24 15 23 16 22
15 13 14 14 15 15 16 14
30 13 29 14 28 13 29 12
30 26 31 26 31 25 30 25
23 27 23 28 22 28 22 27
36 28 36 29 35 29 35 28
28 17 27 17 27 16 28 16
16 18 17 19 18 18 17 17
34 37 33 36 34 35 35 36
33 37 34 37 34 36 33 36
27 30 26 31 27 32 28 31
16 13 15 14 16 15 17 14
34 26 33 25 34 24 35 25
34 14 33 14 33 13 34 13
14 13 15 13 15 14 14 14
19 16 18 17 17 16 18 15
30 12 31 12 31 13 30 13
25 19 24 18 25 17 26 18
35 15 34 15 34 14 35 14
33 35 34 36 35 35 34 34
16 19 17 19 17 18 16 18
14 21 15 22 16 21 15 20
31 14 30 13 31 12 32 13
33 26 34 26 34 25 33 25
34 12 33 13 34 14 35 13
26 32 27 33 28 32 27 31
26 33 27 33 27 32 26 32
35 34 34 35 33 34 34 33
24 21 23 22 24 23 25 22
30 14 30 15 29 15 29 14
14 25 15 25 15 24 14 24
23 21 24 21 24 22 23 22
36 24 35 24 35 23 36 23
29 17 28 16 29 15 30 16
15 18 16 19 17 18 16 17
28 18 27 19 26 18 27 17
19 19 20 19 20 18 19 18
15 17 16 17 16 18 15 18
23 24 24 24 24 23 23 23
18 23 17 23 17 22 18 22
15 21 15 22 14 22 14 21
26 30 27 30 27 31 26 31
29 35 28 35 28 34 29 34
32 15 31 16 30 15 31 14
36 16 35 16 35 15 36 15
28 14 29 15 30 14 29 13
24 19 25 19 25 18 24 18
26 34 25 34 25 33 26 33
33 16 32 15 33 14 34 15
17 24 16 23 17 22 18 23
18 25 17 26 16 25 17 24
26 35 25 34 26 33 27 34
16 12 16 13 15 13 15 12
17 13 17 14 16 14 16 13
14 18 15 19 16 18 15 17
29 11 28 12 29 13 30 12
37 23 36 24 35 23 36 22
37 22 37 23 36 23 36 22
30 11 30 12 29 12 29 11
14 16 15 17 16 16 15 15
22 20 21 21 22 22 23 21
32 25 33 26 34 25 33 24
28 30 27 31 26 30 27 29
32 17 33 18 34 17 33 16
28 19 27 19 27 18 28 18
25 36 26 36 26 35 25 35
30 17 29 17 29 16 30 16
35 12 35 13 34 13 34 12
27 35 26 36 25 35 26 34
23 18 24 19 25 18 24 17
13 21 14 22 15 21 14 20
15 26 14 25 15 24 16 25
14 17 15 17 15 16 14 16
19 17 18 18 19 19 20 18
32 24 33 24 33 25 32 25
18 24 18 25 17 25 17 24
29 18 28 18 28 17 29 17
33 15 32 15 32 14 33 14
32 16 33 16 33 17 32 17
31 18 30 17 31 16 32 17
28 36 27 35 28 34 29 35
18 16 19 16 19 17 18 17
31 35 30 36 29 35 30 34
32 26 31 25 32 24 33 25
27 13 28 13 28 14 27 14
12 22 13 22 13 21 12 21
16 20 16 21 15 21 15 20
19 25 18 26 17 25 18 24
13 18 14 19 15 18 14 17
36 21 35 22 36 23 37 22
13 17 14 17 14 18 13 18
30 35 31 35 31 36 30 36
19 23 18 24 17 23 18 22
32 27 33 27 33 26 32 26
31 24 30 25 31 26 32 25
26 12 25 13 26 14 27 13
11 23 12 23 12 22 11 22
11 17 12 18 13 17 12 16
28 29 28 30 27 30 27 29
31 17 30 16 31 15 32 16
27 36 28 36 28 35 27 35
27 12 27 13 26 13 26 12
18 20 17 21 16 20 17 19
13 20 14 20 14 21 13 21
36 13 35 14 34 13 35 12
19 26 18 26 18 25 19 25
36 14 35 14 35 13 36 13
34 16 33 15 34 14 35 15
17 15 18 15 18 16 17 16
19 24 18 24 18 23 19 23
31 34 30 35 29 34 30 33
20 25 19 26 18 25 19 24
12 24 11 23 12 22 13 23
35 21 36 21 36 22 35 22
13 24 12 24 12 23 13 23
30 18 31 18 31 17 30 17
20 24 20 25 19 25 19 24
19 22 18 23 19 24 20 23
26 37 25 36 26 35 27 36
37 15 36 16 35 15 36 14
37 14 37 15 36 15 36 14
27 37 26 37 26 36 27 36
17 20 18 20 18 19 17 19
20 22 20 23 19 23 19 22
18 14 17 15 16 14 17 13
19 13 19 14 18 14 18 13
35 17 34 17 34 16 35 16
21 23 20 24 19 23 20 22
31 19 30 18 31 17 32 18
31 20 32 20 32 19 31 19
12 25 13 26 14 25 13 24
29 19 28 18 29 17 30 18
13 25 13 26 12 26 12 25
21 24 20 24 20 23 21 23
18 21 17 22 16 21 17 20
30 19 29 19 29 18 30 18
21 22 20 23 21 24 22 23
11 25 12 26 13 25 12 24
11 24 12 24 12 25 11 25
22 24 21 23 22 22 23 23
19 20 18 21 19 22 20 21
22 25 21 26 20 25 21 24
29 20 28 19 29 18 30 19
19 21 18 21 18 20 19 20
20 20 19 21 18 20 19 19
14 26 13 25 14 24 15 25
22 21 22 22 21 22 21 21
21 20 21 21 20 21 20 20
23 25 22 25 22 24 23 24
23 20 22 21 21 20 22 19
28 20 29 20 29 19 28 19
25 20 24 21 23 20 24 19
24 26 23 25 24 24 25 25
21 19 22 19 22 20 21 20
27 20 26 21 25 20 26 19
26 20 27 20 27 19 26 19
25 27 24 28 23 27 24 26
25 21 26 21 26 20 25 20
24 20 25 21 26 20 25 19
27 21 26 20 27 19 28 20
23 19 24 19 24 20 23 20
22 18 23 19 24 18 23 17
28 21 27 21 27 20 28 20
21 17 20 18 21 19 22 18
22 17 23 17 23 18 22 18
21 18 22 19 23 18 22 17
20 17 19 18 20 19 21 18
37 26 36 27 34 25 35 24
23 38 21 36 23 34 25 36
10 14 12 16 14 14 12 12
19 38 17 36 19 34 21 36
10 12 12 12 12 14 10 14
19 28 17 30 15 28 17 26
20 14 18 16 19 17 21 15
20 29 19 28 21 26 22 27
16 32 18 34 19 33 17 31
15 32 13 30 14 29 16 31
22 34 22 36 21 36 21 34
31 28 31 30 30 30 30 28
16 28 15 28 15 26 16 26
21 29 23 29 23 31 21 31
15 31 16 31 16 32 15 32
23 35 25 35 25 34 23 34
25 26 23 24 24 23 26 25
30 23 30 25 28 25 28 23
22 30 21 29 22 28 23 29
30 31 28 31 28 30 30 30
14 32 15 33 16 32 15 31
29 22 28 23 29 24 30 23
32 28 34 30 35 29 33 27
34 28 34 29 32 29 32 28
24 30 23 31 25 33 26 32
29 28 28 29 30 31 31 30
24 25 25 25 25 26 24 26
26 23 26 25 25 25 25 23
20 27 22 27 22 25 20 25
13 28 14 28 14 26 13 26
31 31 29 33 28 32 30 30
26 27 24 29 23 28 25 26
25 29 24 30 23 29 24 28
26 29 25 29 25 27 26 27
31 33 30 33 30 31 31 31
30 27 31 28 32 27 31 26
35 26 35 28 34 28 34 26
22 32 21 31 22 30 23 31
20 16 19 16 19 14 20 14
21 35 22 36 23 35 22 34
32 34 31 33 32 32 33 33
28 27 29 28 30 27 29 26
24 32 26 32 26 31 24 31
14 27 13 28 14 29 15 28
31 22 29 22 29 20 31 20
17 29 16 30 15 29 16 28
23 32 23 34 22 34 22 32
21 16 21 17 20 17 20 16
19 29 20 29 20 28 19 28
22 15 21 16 22 17 23 16
29 27 30 27 30 28 29 28
32 30 32 31 31 31 31 30
12 20 13 20 13 18 12 18
11 21 12 22 13 21 12 20
37 25 37 26 35 26 35 25
11 20 12 20 12 21 11 21
30 21 29 22 28 21 29 20
28 26 29 26 29 27 28 27
14 33 15 33 15 32 14 32
27 22 26 23 25 22 26 21
33 31 32 32 31 31 32 30
23 36 21 34 23 32 25 34
18 30 20 32 21 31 19 29
32 22 32 24 31 24 31 22
33 32 32 32 32 31 33 31
36 26 35 25 36 24 37 25
26 22 27 22 27 21 26 21
31 27 30 28 29 27 30 26
22 16 21 16 21 15 22 15
34 20 34 22 32 22 32 20
31 32 30 33 29 32 30 31
25 30 24 30 24 29 25 29
23 30 24 31 25 30 24 29
32 35 33 35 33 34 32 34
32 36 31 35 32 34 33 35
32 33 31 34 32 35 33 34
27 28 26 29 27 30 28 29
27 26 26 27 27 28 28 27
20 30 22 30 22 32 20 32
32 21 31 22 33 24 34 23
12 19 11 20 12 21 13 20
26 28 27 29 29 27 28 26
27 24 29 24 29 22 27 22
33 21 32 20 33 19 34 20
33 20 32 21 31 20 32 19
20 15 19 16 20 17 21 16
17 27 19 29 20 28 18 26
31 23 32 24 33 23 32 22
18 27 17 27 17 26 18 26
18 29 18 30 17 30 17 29
25 38 23 38 23 36 25 36
32 37 31 36 32 35 33 36
31 37 32 37 32 36 31 36
32 38 31 37 32 36 33 37
33 38 32 38 32 37 33 37
22 14 21 15 22 16 23 15
34 31 33 31 33 30 34 30
27 25 28 25 28 26 27 26
28 24 27 25 25 23 26 22
36 31 35 32 34 31 35 30
29 23 28 24 30 26 31 25
36 33 34 33 34 31 36 31
15 27 16 28 17 27 16 26
13 27 14 28 15 27 14 26
18 38 19 38 19 34 18 34
13 33 14 33 14 36 13 36
20 36 18 38 16 36 18 34
16 33 16 36 15 36 15 33
28 22 29 23 32 20 31 19
18 32 18 33 16 33 16 32
15 34 14 33 15 32 16 33
15 38 13 36 15 34 17 36
14 38 15 38 15 36 14 36
11 35 14 38 16 36 13 33
19 30 19 32 18 32 18 30
