best-score: 759278
count: 13
elapsed-time: 4.504
124
28 25 28 26 27 26 27 25
15 12 14 12 14 11 15 11
17 14 17 15 16 15 16 14
12 27 11 28 10 27 11 26
20 26 19 26 19 25 20 25
17 13 16 14 17 15 18 14
18 13 18 14 17 14 17 13
14 10 13 11 14 12 15 11
10 15 9 16 10 17 11 16
13 10 14 10 14 11 13 11
17 24 18 24 18 25 17 25
20 29 19 29 19 28 20 28
11 14 12 15 13 14 12 13
18 26 17 25 18 24 19 25
10 16 11 16 11 15 10 15
29 27 28 28 27 27 28 26
16 13 15 14 16 15 17 14
12 14 12 15 11 15 11 14
23 12 23 13 22 13 22 12
19 24 18 25 19 26 20 25
9 17 10 17 10 16 9 16
11 27 12 27 12 26 11 26
28 27 29 27 29 28 28 28
13 13 13 14 12 14 12 13
21 12 22 13 23 12 22 11
15 13 16 13 16 14 15 14
21 11 22 11 22 12 21 12
21 13 20 12 21 11 22 12
20 13 21 13 21 12 20 12
10 28 11 28 11 27 10 27
14 14 13 13 14 12 15 13
29 26 28 27 27 26 28 25
10 29 9 29 9 28 10 28
8 21 9 22 11 20 10 19
8 26 10 28 11 27 9 25
8 22 9 22 9 21 8 21
16 27 15 26 17 24 18 25
20 20 19 20 19 18 20 18
18 16 20 16 20 14 18 14
15 17 16 18 18 16 17 15
22 16 20 18 18 16 20 14
19 10 18 11 20 13 21 12
22 18 20 18 20 16 22 16
18 28 19 28 19 26 18 26
24 26 25 27 27 25 26 24
18 18 20 20 22 18 20 16
17 16 18 16 18 18 17 18
25 26 27 26 27 27 25 27
18 22 19 22 19 24 18 24
17 10 15 12 16 13 18 11
15 23 17 23 17 24 15 24
11 12 12 13 14 11 13 10
14 16 13 17 11 15 12 14
18 12 17 13 15 11 16 10
16 20 15 21 17 23 18 22
14 21 14 22 12 22 12 21
20 11 20 12 18 12 18 11
15 16 14 16 14 14 15 14
19 27 18 28 19 29 20 28
17 20 16 20 16 18 17 18
21 20 19 22 17 20 19 18
22 21 21 20 22 19 23 20
16 17 15 16 16 15 17 16
15 18 16 18 16 17 15 17
16 19 15 18 16 17 17 18
15 22 14 21 16 19 17 20
14 23 15 23 15 22 14 22
16 23 15 24 14 23 15 22
16 31 12 27 15 24 19 28
12 31 16 31 16 27 12 27
13 30 12 31 10 29 11 28
23 26 23 28 20 28 20 26
26 19 22 23 19 20 23 16
22 25 19 28 20 29 23 26
11 25 12 26 15 23 14 22
14 17 11 20 12 21 15 18
9 11 12 14 13 13 10 10
26 21 22 21 22 19 26 19
9 24 11 26 14 23 12 21
12 24 9 24 9 22 12 22
22 15 19 18 17 16 20 13
27 9 23 13 24 14 28 10
20 23 22 23 22 25 20 25
23 15 23 16 22 16 22 15
18 21 18 22 15 22 15 21
26 11 22 11 22 9 26 9
21 15 22 15 22 13 21 13
14 18 15 18 15 21 14 21
13 19 10 19 10 17 13 17
12 18 13 19 14 18 13 17
18 23 19 24 20 23 19 22
26 16 25 17 23 15 24 14
32 16 29 19 26 16 29 13
27 12 23 16 22 15 26 11
13 16 14 16 14 17 13 17
9 26 11 26 11 25 9 25
9 18 12 18 12 21 9 21
11 19 9 17 10 16 12 18
17 22 16 23 17 24 18 23
24 23 22 25 20 23 22 21
12 20 14 22 15 21 13 19
14 15 13 16 14 17 15 16
12 17 11 16 12 15 13 16
29 16 29 19 26 19 26 16
25 23 25 26 24 26 24 23
32 13 32 16 29 16 29 13
8 27 9 28 10 27 9 26
30 20 26 24 25 23 29 19
31 12 28 15 29 16 32 13
31 9 31 12 27 12 27 9
14 13 13 14 14 15 15 14
11 18 10 19 9 18 10 17
10 22 9 21 11 19 12 20
13 12 14 12 14 13 13 13
9 27 8 27 8 26 9 26
11 11 13 11 13 12 11 12
25 29 18 22 20 20 27 27
28 13 28 15 23 15 23 13
23 18 22 19 17 14 18 13
30 18 30 20 23 20 23 18
31 16 26 21 23 18 28 13
22 27 25 27 25 29 22 29
29 10 29 13 28 13 28 10
30 11 28 13 27 12 29 10
