best-score: 628562
count: 4
elapsed-time: 4.536
76
16 15 17 15 17 14 16 14
31 20 30 21 31 22 32 21
44 35 42 37 40 35 42 33
27 26 25 24 27 22 29 24
30 37 28 39 27 38 29 36
16 35 14 35 14 33 16 33
27 24 27 26 25 26 25 24
14 26 16 26 16 25 14 25
30 19 32 19 32 21 30 21
33 20 32 21 34 23 35 22
42 35 42 37 40 37 40 35
31 18 30 19 31 20 32 19
33 22 31 22 31 20 33 20
44 33 44 35 42 35 42 33
29 22 29 24 27 24 27 22
32 23 30 25 29 24 31 22
21 19 23 19 23 20 21 20
14 28 15 29 17 27 16 26
34 21 34 23 32 23 32 21
25 44 29 44 29 43 25 43
35 16 32 19 33 20 36 17
37 17 41 21 44 18 40 14
21 25 25 29 26 28 22 24
38 30 42 30 42 33 38 33
21 22 25 26 27 24 23 20
39 29 38 30 36 28 37 27
40 18 43 21 44 20 41 17
43 17 43 21 41 21 41 17
30 16 30 19 29 19 29 16
38 27 38 30 37 30 37 27
25 40 25 43 22 43 22 40
36 18 37 18 37 17 36 17
27 31 24 34 22 32 25 29
34 16 36 18 37 17 35 15
23 39 22 40 25 43 26 42
28 45 24 41 25 40 29 44
40 20 44 20 44 18 40 18
34 15 35 15 35 16 34 16
32 13 29 16 31 18 34 15
23 45 28 45 28 39 23 39
10 22 14 26 21 19 17 15
11 20 16 25 21 20 16 15
29 9 24 14 29 19 34 14
26 36 29 36 29 42 26 42
23 16 29 22 30 21 24 15
33 32 29 36 23 30 27 26
37 28 42 33 43 32 38 27
35 32 40 37 42 35 37 30
21 37 23 39 26 36 24 34
16 22 21 22 21 25 16 25
26 30 26 36 23 36 23 30
35 38 43 38 43 32 35 32
32 41 24 41 24 34 32 34
34 43 32 41 35 38 37 40
23 9 29 9 29 16 23 16
10 15 16 15 16 22 10 22
22 8 16 14 17 15 23 9
34 42 34 43 29 43 29 42
12 27 25 40 27 38 14 25
25 8 25 24 22 24 22 8
34 35 25 44 16 35 25 26
40 23 40 35 34 35 34 23
32 27 23 36 29 42 38 33
42 24 32 34 26 28 36 18
19 23 32 23 32 27 19 27
36 30 26 30 26 28 36 28
16 29 25 29 25 26 16 26
17 42 19 42 19 27 17 27
10 35 17 42 23 36 16 29
10 43 14 43 14 35 10 35
36 40 37 40 37 30 36 30
17 25 19 27 21 25 19 23
44 31 27 31 27 26 44 26
45 32 44 33 43 32 44 31
45 21 45 32 43 32 43 21
47 23 44 26 42 24 45 21
