best-score: 717307
count: 31
elapsed-time: 4.501
41
12 19 11 19 11 18 12 18
11 20 10 19 11 18 12 19
10 22 11 22 11 20 10 20
8 20 10 20 10 19 8 19
7 21 9 23 10 22 8 20
12 22 10 20 11 19 13 21
7 20 8 20 8 21 7 21
19 9 18 10 16 8 17 7
9 20 8 21 7 20 8 19
12 11 11 10 13 8 14 9
13 23 14 23 14 21 13 21
12 24 11 23 12 22 13 23
11 12 12 12 12 11 11 11
12 9 14 9 14 11 12 11
12 23 11 23 11 22 12 22
13 24 12 24 12 23 13 23
13 20 11 22 12 23 14 21
7 15 8 16 12 12 11 11
7 19 8 19 8 16 7 16
18 7 18 10 17 10 17 7
14 10 12 12 15 15 17 13
21 11 23 11 23 7 21 7
22 11 18 15 14 11 18 7
23 9 21 11 19 9 21 7
17 19 13 15 18 10 22 14
7 8 13 8 13 15 7 15
16 14 21 14 21 20 16 20
17 22 12 22 12 19 17 19
15 20 13 20 13 15 15 15
11 16 15 20 21 14 17 10
12 14 7 19 8 20 13 15
3 12 7 16 11 12 7 8
16 12 16 14 12 14 12 12
16 23 14 21 15 20 17 22
9 18 11 18 11 16 9 16
15 23 16 23 16 20 15 20
6 17 8 19 9 18 7 16
25 13 15 23 13 21 23 11
25 19 17 19 17 13 25 13
20 21 11 12 12 11 21 20
20 11 20 21 14 21 14 11
