best-score: 608895
count: 5
elapsed-time: 4.536
64
24 16 25 17 26 16 25 15
25 19 24 20 25 21 26 20
26 18 25 19 24 18 25 17
18 25 19 25 19 23 18 23
27 17 25 17 25 15 27 15
28 16 27 17 26 16 27 15
26 14 28 14 28 16 26 16
27 13 26 14 27 15 28 14
27 33 26 32 30 28 31 29
30 22 26 18 27 17 31 21
30 21 31 21 31 22 30 22
25 32 26 32 26 29 25 29
15 36 19 36 19 39 15 39
26 24 24 24 24 20 26 20
33 21 34 22 37 19 36 18
31 25 34 25 34 22 31 22
21 25 21 29 19 29 19 25
31 27 30 28 26 24 27 23
34 29 31 29 31 27 34 27
11 26 13 28 18 23 16 21
31 46 26 41 33 34 38 39
39 25 39 27 34 27 34 25
33 19 37 19 37 14 33 14
38 15 31 22 30 21 37 14
31 19 33 19 33 21 31 21
32 20 26 20 26 18 32 18
36 30 31 25 34 22 39 27
30 19 30 21 25 21 25 19
20 30 14 36 13 35 19 29
17 16 24 16 24 18 17 18
29 15 28 16 31 19 32 18
18 13 16 15 17 16 19 14
38 34 38 39 33 39 33 34
27 34 33 34 33 33 27 33
29 13 29 15 27 15 27 13
15 29 22 36 26 32 19 25
19 17 25 17 25 19 19 19
14 24 19 29 24 24 19 19
38 32 35 35 33 33 36 30
32 22 31 21 32 20 33 21
14 22 21 29 26 24 19 17
14 29 15 29 15 36 14 36
32 25 25 32 27 34 34 27
30 14 29 15 28 14 29 13
35 41 33 39 38 34 40 36
21 36 14 29 18 25 25 32
28 35 35 35 35 41 28 41
31 14 31 19 30 19 30 14
22 29 22 36 21 36 21 29
22 21 25 21 25 29 22 29
22 15 22 21 16 21 16 15
28 21 22 15 24 13 30 19
13 20 18 25 22 21 17 16
48 24 38 34 31 27 41 17
11 35 15 39 25 29 21 25
48 19 48 24 37 24 37 19
31 48 19 36 26 29 38 41
32 3 17 18 33 34 48 19
36 3 36 18 32 18 32 3
11 28 13 28 13 35 11 35
28 17 41 17 41 16 28 16
18 22 14 22 14 13 18 13
23 17 18 22 19 23 24 18
29 32 38 32 38 15 29 15
