best-score: 546635
count: 16
elapsed-time: 4.514
41
28 21 26 23 24 21 26 19
22 16 20 18 22 20 24 18
19 15 17 13 19 11 21 13
21 22 22 23 24 21 23 20
28 24 25 24 25 21 28 21
22 14 19 14 19 11 22 11
25 14 22 17 19 14 22 11
23 11 21 13 22 14 24 12
10 20 13 23 17 19 14 16
23 17 23 20 22 20 22 17
25 18 25 21 24 21 24 18
22 22 26 22 26 23 22 23
20 21 18 21 18 18 20 18
21 20 22 20 22 22 21 22
13 25 9 25 9 23 13 23
24 24 26 26 28 24 26 22
15 15 19 15 19 14 15 14
25 16 22 16 22 14 25 14
20 24 24 24 24 21 20 21
17 26 13 26 13 25 17 25
21 23 17 19 18 18 22 22
21 27 22 27 22 23 21 23
11 13 14 16 15 15 12 12
16 25 17 26 21 22 20 21
15 13 15 14 11 14 11 13
8 20 13 25 20 18 15 13
8 15 10 15 10 20 8 20
21 19 17 19 17 13 21 13
14 15 20 21 21 20 15 14
13 22 21 22 21 23 13 23
17 22 22 27 23 26 18 21
14 17 22 17 22 16 14 16
10 11 14 11 14 15 10 15
20 12 24 12 24 18 20 18
13 18 10 15 11 14 14 17
9 22 13 22 13 18 9 18
15 24 13 26 11 24 13 22
15 31 9 25 19 15 25 21
11 31 15 31 15 24 11 24
10 30 11 31 17 25 16 24
16 9 14 11 23 20 25 18
