best-score: 742939
count: 6
elapsed-time: 4.545
332
18 12 17 13 18 14 19 13
28 22 27 22 27 21 28 21
14 15 15 16 16 15 15 14
34 19 34 20 33 20 33 19
16 22 15 22 15 21 16 21
19 30 20 31 21 30 20 29
18 29 19 29 19 30 18 30
30 30 31 31 32 30 31 29
14 28 15 29 16 28 15 27
25 24 24 24 24 23 25 23
28 30 27 30 27 29 28 29
18 36 19 37 20 36 19 35
17 28 17 29 16 29 16 28
17 31 16 30 17 29 18 30
20 30 19 31 18 30 19 29
21 31 20 31 20 30 21 30
19 38 20 39 21 38 20 37
23 27 24 27 24 26 23 26
18 13 18 14 17 14 17 13
16 20 15 21 14 20 15 19
18 28 17 29 16 28 17 27
15 31 14 30 15 29 16 30
36 29 36 30 35 30 35 29
31 30 31 31 30 31 30 30
16 39 17 39 17 38 16 38
35 31 34 30 35 29 36 30
15 30 16 30 16 29 15 29
30 18 31 19 32 18 31 17
35 14 34 14 34 13 35 13
21 29 20 30 21 31 22 30
30 23 29 23 29 22 30 22
18 15 17 16 16 15 17 14
26 30 27 31 28 30 27 29
32 29 32 30 31 30 31 29
20 35 20 36 19 36 19 35
34 31 35 31 35 30 34 30
29 30 30 31 31 30 30 29
33 37 34 37 34 36 33 36
31 18 32 18 32 17 31 17
28 23 27 22 28 21 29 22
23 38 24 39 25 38 24 37
33 23 32 24 33 25 34 24
28 31 27 30 28 29 29 30
21 37 20 37 20 36 21 36
14 39 13 39 13 38 14 38
23 34 22 34 22 33 23 33
18 37 17 38 18 39 19 38
29 31 28 31 28 30 29 30
18 16 17 16 17 15 18 15
30 33 29 34 30 35 31 34
29 21 28 22 29 23 30 22
25 14 26 14 26 13 25 13
14 16 13 16 13 15 14 15
23 25 22 26 23 27 24 26
14 21 15 22 16 21 15 20
16 14 17 14 17 15 16 15
17 30 16 29 17 28 18 29
18 38 19 38 19 39 18 39
17 12 16 13 17 14 18 13
16 12 17 12 17 13 16 13
18 40 17 39 18 38 19 39
19 12 19 13 18 13 18 12
17 40 18 40 18 39 17 39
18 31 17 31 17 30 18 30
37 30 36 31 35 30 36 29
18 27 18 28 17 28 17 27
15 13 16 13 16 14 15 14
20 38 19 38 19 37 20 37
16 19 16 20 15 20 15 19
15 18 14 19 15 20 16 19
20 28 21 28 21 29 20 29
21 35 20 36 21 37 22 36
26 31 27 31 27 30 26 30
31 22 30 23 29 22 30 21
22 29 22 30 21 30 21 29
14 31 15 31 15 30 14 30
19 27 18 28 19 29 20 28
22 25 23 25 23 26 22 26
32 31 33 32 34 31 33 30
30 19 31 19 31 18 30 18
31 21 31 22 30 22 30 21
29 29 30 29 30 30 29 30
17 37 18 37 18 38 17 38
17 35 16 36 17 37 18 36
19 15 18 16 17 15 18 14
37 31 36 31 36 30 37 30
14 18 15 18 15 19 14 19
25 30 26 31 27 30 26 29
30 34 31 34 31 33 30 33
29 35 30 35 30 34 29 34
33 31 32 31 32 30 33 30
34 32 33 32 33 31 34 31
21 39 20 39 20 38 21 38
19 14 19 15 18 15 18 14
22 35 22 36 21 36 21 35
20 40 19 39 20 38 21 39
19 40 20 40 20 39 19 39
18 41 17 40 18 39 19 40
19 41 18 41 18 40 19 40
19 16 18 15 19 14 20 15
33 29 32 30 33 31 34 30
35 33 34 34 33 33 34 32
33 28 33 29 32 29 32 28
21 34 22 35 23 34 22 33
25 29 26 29 26 30 25 30
34 29 34 30 33 30 33 29
20 16 19 16 19 15 20 15
20 13 19 14 18 13 19 12
20 34 21 34 21 35 20 35
20 14 19 14 19 13 20 13
21 33 20 34 21 35 22 34
22 32 22 33 21 33 21 32
21 15 20 16 19 15 20 14
20 32 21 33 22 32 21 31
19 32 20 32 20 31 19 31
20 33 19 32 20 31 21 32
21 14 21 15 20 15 20 14
19 34 20 35 21 34 20 33
19 33 20 33 20 34 19 34
21 16 20 15 21 14 22 15
18 34 19 35 20 34 19 33
18 32 19 33 20 32 19 31
18 35 19 35 19 34 18 34
17 36 18 36 18 35 17 35
18 33 19 33 19 32 18 32
22 16 21 16 21 15 22 15
17 32 18 33 19 32 18 31
20 17 21 17 21 16 20 16
17 34 18 35 19 34 18 33
16 37 17 37 17 36 16 36
22 17 21 18 20 17 21 16
15 38 16 39 17 38 16 37
22 18 21 18 21 17 22 17
17 33 18 33 18 34 17 34
16 34 17 35 18 34 17 33
23 17 22 18 23 19 24 18
15 37 16 37 16 38 15 38
14 37 13 38 14 39 15 38
16 32 17 33 18 32 17 31
16 35 17 35 17 34 16 34
15 39 14 38 15 37 16 38
16 33 17 33 17 32 16 32
15 36 16 37 17 36 16 35
14 36 15 36 15 37 14 37
15 34 16 35 17 34 16 33
15 33 16 33 16 34 15 34
14 32 15 33 16 32 15 31
14 34 15 35 16 34 15 33
14 35 15 35 15 34 14 34
13 36 14 37 15 36 14 35
13 35 14 35 14 36 13 36
27 40 25 38 26 37 28 39
28 33 27 33 27 31 28 31
29 27 31 29 32 28 30 26
19 18 18 18 18 16 19 16
26 21 24 23 25 24 27 22
36 34 36 36 34 36 34 34
13 29 15 29 15 27 13 27
36 27 34 29 33 28 35 26
35 28 33 28 33 26 35 26
21 22 23 22 23 20 21 20
24 13 22 15 23 16 25 14
23 14 25 14 25 16 23 16
29 33 30 33 30 31 29 31
22 21 21 22 20 21 21 20
36 22 34 24 36 26 38 24
28 27 29 27 29 29 28 29
38 28 36 30 37 31 39 29
23 36 25 36 25 38 23 38
37 35 36 34 37 33 38 34
30 32 29 33 30 34 31 33
26 39 24 39 24 37 26 37
22 22 21 23 23 25 24 24
17 18 15 18 15 16 17 16
24 21 23 22 22 21 23 20
21 19 19 19 19 18 21 18
37 15 36 16 34 14 35 13
20 18 21 19 22 18 21 17
17 21 16 20 18 18 19 19
25 27 27 29 29 27 27 25
26 24 25 23 27 21 28 22
17 25 19 27 20 26 18 24
19 26 18 27 20 29 21 28
24 35 23 36 24 37 25 36
18 26 19 26 19 27 18 27
32 21 30 19 31 18 33 20
25 32 23 34 24 35 26 33
38 29 39 29 39 28 38 28
16 26 16 28 14 28 14 26
35 35 37 35 37 33 35 33
29 19 30 19 30 21 29 21
35 22 33 20 34 19 36 21
15 17 14 16 16 14 17 15
21 24 22 25 24 23 23 22
32 33 31 33 31 31 32 31
29 37 30 37 30 39 29 39
32 22 31 21 33 19 34 20
28 34 29 34 29 33 28 33
28 18 29 19 30 18 29 17
18 17 19 18 20 17 19 16
16 24 18 24 18 26 16 26
15 25 16 26 17 25 16 24
35 21 36 21 36 22 35 22
38 31 37 30 38 29 39 30
36 14 36 16 35 16 35 14
22 27 23 27 23 29 22 29
26 25 24 27 26 29 28 27
25 25 26 25 26 24 25 24
13 23 14 24 16 22 15 21
24 29 25 29 25 27 24 27
12 28 13 29 14 28 13 27
12 30 14 30 14 28 12 28
17 20 17 21 16 21 16 20
34 35 33 36 31 34 32 33
32 19 32 21 31 21 31 19
38 33 37 33 37 31 38 31
33 35 34 36 35 35 34 34
23 28 22 29 21 28 22 27
18 20 17 20 17 18 18 18
13 25 14 26 15 25 14 24
33 24 35 26 37 24 35 22
33 18 33 19 32 19 32 18
34 23 34 24 33 24 33 23
19 24 20 24 20 26 19 26
38 27 37 28 38 29 39 28
22 37 21 36 22 35 23 36
16 18 15 19 14 18 15 17
36 17 34 19 33 18 35 16
15 24 15 25 14 25 14 24
29 18 29 19 28 19 28 18
13 26 14 26 14 25 13 25
37 16 37 17 36 17 36 16
20 23 21 23 21 24 20 24
32 25 33 25 33 24 32 24
22 39 21 38 22 37 23 38
21 26 22 27 23 26 22 25
19 23 18 24 16 22 17 21
13 31 12 30 13 29 14 30
31 24 32 24 32 22 31 22
18 23 19 23 19 24 18 24
32 35 33 35 33 33 32 33
37 27 38 27 38 28 37 28
19 22 18 23 19 24 20 23
16 17 17 18 18 17 17 16
20 22 19 23 20 24 21 23
28 32 27 33 28 34 29 33
22 38 21 38 21 37 22 37
34 28 35 29 37 27 36 26
19 21 20 21 20 22 19 22
29 20 28 19 29 18 30 19
34 17 36 17 36 19 34 19
18 19 17 20 16 19 17 18
14 17 15 18 16 17 15 16
37 26 37 27 36 27 36 26
22 20 20 22 19 21 21 19
13 32 14 32 14 31 13 31
12 33 14 35 15 34 13 32
40 26 38 28 37 27 39 25
38 26 37 26 37 24 38 24
23 39 22 39 22 38 23 38
21 27 22 27 22 26 21 26
38 19 36 17 37 16 39 18
30 17 30 18 29 18 29 17
32 37 30 37 30 35 32 35
28 37 30 39 32 37 30 35
33 38 32 37 33 36 34 37
32 23 31 24 32 25 33 24
33 22 32 23 31 22 32 21
33 27 32 28 33 29 34 28
28 35 29 35 29 37 28 37
31 16 30 17 31 18 32 17
32 38 33 38 33 37 32 37
21 25 20 26 21 27 22 26
22 40 21 39 22 38 23 39
40 27 38 27 38 26 40 26
21 40 22 40 22 39 21 39
20 41 19 40 20 39 21 40
21 41 20 41 20 40 21 40
20 42 19 41 20 40 21 41
19 42 20 42 20 41 19 41
22 28 21 29 20 28 21 27
38 21 36 21 36 19 38 19
24 28 23 29 22 28 23 27
33 21 33 22 32 22 32 21
27 34 25 36 26 37 28 35
22 24 22 25 21 25 21 24
27 35 28 35 28 34 27 34
30 16 31 16 31 17 30 17
26 34 27 34 27 33 26 33
33 15 31 17 30 16 32 14
27 32 26 33 27 34 28 33
28 36 27 35 28 34 29 35
12 27 15 30 16 29 13 26
12 26 13 26 13 27 12 27
31 10 28 13 31 16 34 13
24 12 21 15 22 16 25 13
40 33 36 37 34 35 38 31
20 12 24 12 24 13 20 13
40 34 38 34 38 33 40 33
31 26 31 29 30 29 30 26
23 18 26 21 28 19 25 16
32 27 31 26 32 25 33 26
23 31 26 31 26 33 23 33
29 25 32 25 32 27 29 27
27 13 26 14 29 17 30 16
28 17 29 17 29 13 28 13
24 19 23 19 23 18 24 18
28 25 29 25 29 23 28 23
38 18 35 21 34 20 37 17
39 19 38 19 38 18 39 18
24 30 23 31 22 30 23 29
21 13 20 14 19 13 20 12
23 30 24 30 24 29 23 29
31 23 29 25 30 26 32 24
29 16 28 17 29 18 30 17
24 17 28 17 28 18 24 18
24 32 23 33 22 32 23 31
31 28 32 29 33 28 32 27
25 31 24 32 26 34 27 33
26 19 26 21 24 21 24 19
22 31 23 31 23 30 22 30
27 27 28 27 28 25 27 25
29 26 28 25 30 23 31 24
23 32 22 33 21 32 22 31
25 35 24 35 24 32 25 32
24 31 23 30 24 29 25 30
27 36 25 36 25 35 27 35
24 36 22 34 23 33 25 35
26 27 27 27 27 29 26 29
26 36 25 35 26 34 27 35
26 42 23 39 26 36 29 39
28 42 26 42 26 39 28 39
