best-score: 701437
count: 10
elapsed-time: 4.513
112
33 31 32 32 31 31 32 30
12 11 13 11 13 10 12 10
32 25 32 26 31 26 31 25
19 23 18 24 19 25 20 24
29 21 30 21 30 22 29 22
31 14 30 15 29 14 30 13
30 16 31 16 31 15 30 15
25 26 24 26 24 25 25 25
26 24 26 25 25 25 25 24
29 16 30 17 31 16 30 15
30 29 31 29 31 28 30 28
29 17 30 17 30 16 29 16
12 12 13 13 14 12 13 11
28 22 29 23 30 22 29 21
19 24 20 24 20 23 19 23
18 25 19 25 19 24 18 24
28 23 29 23 29 22 28 22
17 33 16 32 18 30 19 31
33 27 31 29 30 28 32 26
33 29 33 31 31 31 31 29
15 14 14 15 16 17 17 16
25 19 26 19 26 21 25 21
19 21 17 23 15 21 17 19
17 24 15 26 16 27 18 25
22 23 24 25 25 24 23 22
17 21 19 21 19 23 17 23
15 19 17 19 17 21 15 21
27 22 25 24 26 25 28 23
26 28 24 26 25 25 27 27
21 23 22 23 22 22 21 22
21 19 22 19 22 17 21 17
23 25 22 26 20 24 21 23
21 24 20 23 21 22 22 23
20 20 19 21 21 23 22 22
21 20 20 20 20 19 21 19
21 18 20 19 21 20 22 19
33 24 32 25 29 22 30 21
11 22 15 22 15 21 11 21
23 19 19 23 17 21 21 17
13 23 17 23 17 24 13 24
24 20 23 19 24 18 25 19
13 30 14 31 17 28 16 27
24 22 24 25 23 25 23 22
29 28 29 32 26 32 26 28
22 15 26 19 29 16 25 12
17 13 13 13 13 11 17 11
17 14 21 18 22 17 18 13
20 16 20 19 17 19 17 16
28 29 25 26 26 25 29 28
27 20 27 22 24 22 24 20
30 27 29 28 30 29 31 28
13 20 11 22 13 24 15 22
13 19 11 21 13 23 15 21
18 14 17 14 17 13 18 13
15 16 17 16 17 14 15 14
12 15 14 15 14 12 12 12
30 24 33 24 33 27 30 27
23 23 25 25 26 24 24 22
16 13 15 14 12 11 13 10
15 18 13 20 10 17 12 15
28 28 27 27 30 24 31 25
28 21 27 22 26 21 27 20
23 21 24 22 25 21 24 20
21 9 17 13 18 14 22 10
15 17 17 19 20 16 18 14
29 27 30 27 30 28 29 28
16 18 15 18 15 17 16 17
13 18 15 18 15 19 13 19
18 17 21 17 21 14 18 14
19 18 18 17 21 14 22 15
22 21 23 21 23 22 22 22
11 20 13 20 13 19 11 19
28 17 29 17 29 21 28 21
20 21 21 22 22 21 21 20
16 23 15 22 19 18 20 19
19 22 15 18 16 17 20 21
19 20 20 20 20 21 19 21
18 23 19 24 20 23 19 22
16 20 19 20 19 18 16 18
37 25 33 29 25 21 29 17
23 9 22 10 29 17 30 16
22 36 15 29 19 25 26 32
25 9 25 12 23 12 23 9
9 31 10 32 18 24 17 23
25 36 17 28 21 24 29 32
9 24 12 24 12 31 9 31
23 31 19 31 19 25 23 25
28 15 28 17 22 17 22 15
20 29 21 29 21 24 20 24
10 27 16 27 16 32 10 32
22 13 30 13 30 10 22 10
10 16 15 16 15 17 10 17
21 30 20 29 24 25 25 26
12 14 10 16 13 19 15 17
18 11 21 14 22 13 19 10
19 29 18 30 12 24 13 23
12 29 10 27 13 24 15 26
24 32 23 32 23 31 24 31
25 30 24 31 18 25 19 24
13 25 18 25 18 30 13 30
27 35 24 32 28 28 31 31
21 33 19 31 21 29 23 31
18 33 21 33 21 30 18 30
20 35 18 33 21 30 23 32
22 30 25 30 25 36 22 36
22 29 22 30 21 30 21 29
11 30 12 31 13 30 12 29
24 29 22 29 22 26 24 26
28 31 24 31 24 29 28 29
23 3 14 12 21 19 30 10
21 3 23 3 23 9 21 9
20 2 12 10 13 11 21 3
