best-score: 793514
count: 5
elapsed-time: 4.592
424
43 18 42 19 41 18 42 17
43 26 42 27 41 26 42 25
43 19 42 19 42 18 43 18
28 25 29 25 29 24 28 24
37 31 38 31 38 32 37 32
18 26 17 26 17 25 18 25
27 25 28 26 29 25 28 24
18 15 17 16 16 15 17 14
24 39 23 39 23 38 24 38
41 19 40 18 41 17 42 18
18 27 17 26 18 25 19 26
20 18 21 19 22 18 21 17
18 16 17 16 17 15 18 15
20 23 21 24 22 23 21 22
42 41 42 42 41 42 41 41
27 26 28 26 28 25 27 25
40 29 40 30 39 30 39 29
21 23 20 23 20 22 21 22
21 28 20 29 19 28 20 27
28 29 27 28 28 27 29 28
42 34 42 35 41 35 41 34
20 24 19 23 20 22 21 23
29 26 28 27 27 26 28 25
16 16 15 16 15 15 16 15
14 16 15 17 16 16 15 15
25 23 24 24 25 25 26 24
41 24 42 24 42 23 41 23
18 23 17 24 18 25 19 24
26 33 27 33 27 34 26 34
18 28 17 28 17 27 18 27
29 30 28 31 27 30 28 29
42 20 41 21 40 20 41 19
40 32 41 33 42 32 41 31
17 17 16 16 17 15 18 16
40 17 41 17 41 18 40 18
17 38 18 38 18 39 17 39
39 33 38 32 39 31 40 32
40 34 41 35 42 34 41 33
40 33 41 33 41 34 40 34
24 23 23 24 22 23 23 22
19 29 18 29 18 28 19 28
25 30 24 31 25 32 26 31
23 23 24 23 24 24 23 24
30 28 29 28 29 27 30 27
27 31 28 31 28 30 27 30
19 22 19 23 18 23 18 22
24 28 23 29 22 28 23 27
41 20 42 20 42 19 41 19
16 25 17 25 17 24 16 24
34 36 33 37 34 38 35 37
37 33 36 32 37 31 38 32
31 29 30 29 30 28 31 28
40 23 41 24 42 23 41 22
29 31 28 32 27 31 28 30
16 18 17 19 18 18 17 17
17 37 16 38 17 39 18 38
19 27 18 27 18 26 19 26
31 26 30 27 29 26 30 25
28 23 27 24 28 25 29 24
16 36 15 36 15 35 16 35
40 21 41 21 41 20 40 20
30 33 31 34 32 33 31 32
30 26 29 26 29 25 30 25
29 32 28 32 28 31 29 31
22 24 21 24 21 23 22 23
17 18 18 18 18 17 17 17
39 32 40 32 40 33 39 33
40 31 39 32 38 31 39 30
42 26 42 27 41 27 41 26
23 25 22 24 23 23 24 24
34 37 35 37 35 36 34 36
33 34 34 34 34 33 33 33
38 30 39 31 40 30 39 29
16 14 17 14 17 15 16 15
25 38 24 39 23 38 24 37
18 21 17 22 18 23 19 22
26 25 27 25 27 24 26 24
43 25 43 26 42 26 42 25
16 26 17 27 18 26 17 25
41 32 40 32 40 31 41 31
16 17 17 18 18 17 17 16
36 37 35 38 34 37 35 36
19 25 18 26 19 27 20 26
24 33 25 34 26 33 25 32
40 22 41 22 41 23 40 23
36 33 37 33 37 32 36 32
22 22 23 22 23 23 22 23
22 25 23 25 23 24 22 24
14 17 15 17 15 16 14 16
16 23 15 24 16 25 17 24
16 19 17 19 17 18 16 18
36 38 35 38 35 37 36 37
15 22 16 23 17 22 16 21
27 23 28 23 28 24 27 24
40 24 39 23 40 22 41 23
18 24 19 24 19 25 18 25
29 29 29 30 28 30 28 29
33 32 32 33 33 34 34 33
16 37 17 37 17 38 16 38
42 21 41 22 40 21 41 20
31 27 30 28 29 27 30 26
41 25 42 26 43 25 42 24
19 30 20 30 20 29 19 29
15 18 16 18 16 17 15 17
24 22 23 23 22 22 23 21
20 28 19 29 18 28 19 27
36 31 35 32 36 33 37 32
15 23 16 23 16 24 15 24
19 21 20 21 20 22 19 22
21 21 20 22 19 21 20 20
25 22 25 23 24 23 24 22
21 29 20 29 20 28 21 28
20 25 20 26 19 26 19 25
42 22 41 22 41 21 42 21
17 21 18 21 18 22 17 22
14 36 15 37 16 36 15 35
16 27 17 27 17 26 16 26
39 21 40 21 40 22 39 22
19 20 19 21 18 21 18 20
39 24 40 24 40 23 39 23
21 26 20 25 21 24 22 25
25 37 25 38 24 38 24 37
33 38 34 38 34 37 33 37
22 21 22 22 21 22 21 21
42 33 41 33 41 32 42 32
16 20 17 21 18 20 17 19
21 20 21 21 20 21 20 20
15 26 16 27 17 26 16 25
21 27 20 27 20 26 21 26
43 34 42 35 41 34 42 33
43 23 42 24 41 23 42 22
43 33 43 34 42 34 42 33
43 22 43 23 42 23 42 22
14 22 15 22 15 23 14 23
15 25 16 25 16 26 15 26
14 37 15 37 15 36 14 36
15 27 14 26 15 25 16 26
14 27 15 27 15 26 14 26
24 21 24 22 23 22 23 21
17 36 16 37 15 36 16 35
30 30 29 29 30 28 31 29
21 25 20 25 20 24 21 24
17 23 18 23 18 24 17 24
35 31 36 31 36 32 35 32
16 22 17 23 18 22 17 21
32 32 33 32 33 33 32 33
40 25 41 25 41 24 40 24
15 21 16 21 16 22 15 22
30 31 29 31 29 30 30 30
38 25 39 26 40 25 39 24
38 23 39 24 40 23 39 22
20 19 19 20 20 21 21 20
37 26 38 26 38 25 37 25
39 19 38 20 39 21 40 20
17 20 17 21 16 21 16 20
19 19 20 19 20 20 19 20
14 24 15 25 16 24 15 23
36 25 35 26 36 27 37 26
23 20 22 21 23 22 24 21
22 27 22 28 21 28 21 27
19 17 18 18 19 19 20 18
30 32 31 32 31 31 30 31
37 24 37 25 36 25 36 24
31 30 30 31 29 30 30 29
15 20 16 21 17 20 16 19
36 23 35 24 36 25 37 24
19 16 19 17 18 17 18 16
14 25 15 25 15 24 14 24
38 22 39 22 39 23 38 23
29 33 30 33 30 32 29 32
19 14 18 15 19 16 20 15
22 26 21 26 21 25 22 25
23 26 23 27 22 27 22 26
18 19 18 20 17 20 17 19
31 33 30 32 31 31 32 32
22 20 23 20 23 21 22 21
35 23 36 23 36 22 35 22
19 18 19 19 18 19 18 18
15 19 16 19 16 20 15 20
21 18 21 19 20 19 20 18
22 19 22 20 21 20 21 19
20 17 19 18 18 17 19 16
14 18 15 19 16 18 15 17
28 34 27 33 28 32 29 33
24 19 23 20 22 19 23 18
14 20 15 21 16 20 15 19
22 17 22 18 21 18 21 17
14 21 15 21 15 20 14 20
13 26 14 27 15 26 14 25
13 24 14 25 15 24 14 23
13 25 14 25 14 26 13 26
13 22 14 23 15 22 14 21
13 23 14 23 14 24 13 24
13 21 14 21 14 22 13 22
12 24 13 25 14 24 13 23
12 22 13 23 14 22 13 21
12 25 13 25 13 24 12 24
12 23 13 23 13 22 12 22
11 24 12 25 13 24 12 23
11 23 12 23 12 24 11 24
24 25 23 26 22 25 23 24
37 23 36 24 35 23 36 22
30 34 31 34 31 33 30 33
24 26 23 27 22 26 23 25
34 23 35 23 35 24 34 24
23 19 22 20 23 21 24 20
34 21 33 22 34 23 35 22
25 24 25 25 24 25 24 24
26 26 25 27 24 26 25 25
21 16 20 17 21 18 22 17
14 19 15 19 15 18 14 18
26 23 25 24 24 23 25 22
34 22 33 22 33 21 34 21
24 18 24 19 23 19 23 18
38 24 37 23 38 22 39 23
13 18 14 19 15 18 14 17
13 20 14 21 15 20 14 19
13 17 14 17 14 18 13 18
13 19 14 19 14 20 13 20
12 20 13 21 14 20 13 19
12 18 13 19 14 18 13 17
12 19 13 19 13 18 12 18
12 21 13 21 13 20 12 20
11 20 12 21 13 20 12 19
11 19 12 19 12 20 11 20
11 22 12 23 13 22 12 21
11 21 12 21 12 22 11 22
10 22 11 23 12 22 11 21
10 20 11 21 12 20 11 19
10 23 11 23 11 22 10 22
10 21 11 21 11 20 10 20
9 22 10 23 11 22 10 21
9 21 10 21 10 22 9 22
23 17 22 18 23 19 24 18
25 26 24 25 25 24 26 25
24 27 25 27 25 26 24 26
23 28 24 28 24 27 23 27
20 16 21 16 21 17 20 17
22 29 23 29 23 28 22 28
39 25 38 26 37 25 38 24
33 23 34 24 35 23 34 22
19 15 20 15 20 16 19 16
32 22 33 22 33 23 32 23
24 29 23 30 22 29 23 28
40 26 39 26 39 25 40 25
18 14 19 14 19 15 18 15
24 30 23 30 23 29 24 29
25 31 24 31 24 30 25 30
17 13 16 14 17 15 18 14
18 13 18 14 17 14 17 13
26 32 25 32 25 31 26 31
25 33 26 34 27 33 26 32
24 34 25 34 25 33 24 33
26 30 25 31 26 32 27 31
24 32 23 33 24 34 25 33
23 31 24 32 25 31 24 30
23 32 24 32 24 33 23 33
22 31 23 32 24 31 23 30
23 34 22 33 23 32 24 33
22 30 23 30 23 31 22 31
21 31 20 30 21 29 22 30
22 34 23 34 23 33 22 33
21 30 22 30 22 29 21 29
22 32 21 32 21 31 22 31
20 31 21 31 21 30 20 30
21 33 22 34 23 33 22 32
20 32 21 32 21 33 20 33
19 32 20 33 21 32 20 31
19 31 20 31 20 32 19 32
18 30 19 31 20 30 19 29
18 31 19 31 19 30 18 30
17 30 18 31 19 30 18 29
17 29 18 29 18 30 17 30
16 28 17 29 18 28 17 27
16 29 17 29 17 28 16 28
15 29 14 28 15 27 16 28
17 32 18 33 19 32 18 31
15 28 16 29 17 28 16 27
14 29 15 29 15 28 14 28
13 28 14 29 15 28 14 27
13 27 14 27 14 28 13 28
12 26 13 27 14 26 13 25
12 27 13 27 13 26 12 26
11 26 12 27 13 26 12 25
11 25 12 25 12 26 11 26
10 24 11 25 12 24 11 23
10 25 11 25 11 24 10 24
9 24 10 25 11 24 10 23
9 23 10 23 10 24 9 24
8 22 9 23 10 22 9 21
8 23 9 23 9 22 8 22
22 13 20 15 21 16 23 14
19 36 19 37 17 37 17 36
31 22 29 24 30 25 32 23
26 28 27 28 27 30 26 30
18 35 19 36 21 34 20 33
16 33 18 33 18 35 16 35
18 42 16 40 17 39 19 41
36 30 38 30 38 28 36 28
25 29 24 28 25 27 26 28
26 29 24 27 25 26 27 28
40 39 39 40 41 42 42 41
20 37 18 39 17 38 19 36
15 32 14 31 16 29 17 30
38 18 40 18 40 20 38 20
39 17 38 18 39 19 40 18
27 15 27 16 25 16 25 15
33 16 34 16 34 18 33 18
25 28 25 29 24 29 24 28
36 20 38 20 38 22 36 22
16 41 16 42 14 42 14 41
36 16 34 18 36 20 38 18
39 36 38 35 40 33 41 34
26 36 25 36 25 34 26 34
27 27 26 28 28 30 29 29
32 15 31 16 32 17 33 16
39 16 40 16 40 17 39 17
24 15 22 17 23 18 25 16
26 40 25 41 23 39 24 38
32 16 31 16 31 15 32 15
15 38 16 38 16 40 15 40
30 23 32 23 32 25 30 25
18 41 19 41 19 42 18 42
23 35 25 37 26 36 24 34
28 35 27 34 29 32 30 33
40 38 40 39 39 39 39 38
33 26 32 25 34 23 35 24
16 39 15 38 16 37 17 38
28 16 26 18 28 20 30 18
34 30 32 32 33 33 35 31
15 30 17 30 17 32 15 32
24 35 23 35 23 34 24 34
18 40 18 41 16 41 16 40
33 27 35 29 36 28 34 26
31 20 30 19 32 17 33 18
28 28 27 28 27 27 28 27
26 38 26 40 25 40 25 38
31 21 33 21 33 20 31 20
38 29 36 31 34 29 36 27
39 28 38 29 39 30 40 29
38 16 39 17 40 16 39 15
27 20 25 22 24 21 26 19
42 40 41 41 39 39 40 38
15 42 14 41 15 40 16 41
36 35 38 35 38 37 36 37
37 29 36 30 37 31 38 30
26 20 24 20 24 19 26 19
30 35 28 35 28 34 30 34
34 27 33 27 33 26 34 26
26 27 26 28 25 28 25 27
29 35 27 37 26 36 28 34
32 20 30 18 32 16 34 18
36 18 38 18 38 16 36 16
35 30 34 30 34 29 35 29
26 35 25 36 24 35 25 34
34 35 36 35 36 34 34 34
40 37 39 38 38 37 39 36
26 41 27 41 27 40 26 40
32 29 31 28 33 26 34 27
33 28 31 28 31 27 33 27
38 15 39 15 39 16 38 16
39 37 40 38 42 36 41 35
27 21 25 23 24 22 26 20
35 34 34 35 35 36 36 35
28 21 27 21 27 20 28 20
37 27 36 28 37 29 38 28
30 21 30 23 28 23 28 21
34 20 36 22 38 20 36 18
34 31 33 32 31 30 32 29
34 28 36 28 36 27 34 27
28 43 26 41 27 40 29 42
32 30 31 30 31 29 32 29
38 38 39 38 39 37 38 37
36 26 37 26 37 27 36 27
35 25 36 25 36 26 35 26
33 29 34 29 34 28 33 28
40 36 40 37 39 37 39 36
29 18 27 20 28 21 30 19
26 21 27 21 27 23 26 23
32 21 31 22 30 21 31 20
29 14 27 16 29 18 31 16
33 25 34 26 35 25 34 24
32 31 34 31 34 30 32 30
29 19 30 19 30 18 29 18
32 28 31 29 32 30 33 29
32 26 33 26 33 25 32 25
21 38 20 37 23 34 24 35
30 20 27 23 28 24 31 21
22 38 21 38 21 34 22 34
26 14 29 14 29 18 26 18
30 42 26 38 27 37 31 41
37 36 39 36 39 33 37 33
37 38 36 37 37 36 38 37
30 36 34 36 34 35 30 35
30 37 27 40 25 38 28 35
31 37 30 36 33 33 34 34
20 41 19 41 19 37 20 37
20 38 19 37 22 34 23 35
26 16 25 15 26 14 27 15
31 38 30 37 33 34 34 35
27 39 30 39 30 37 27 37
19 40 18 41 19 42 20 41
28 18 26 20 24 18 26 16
32 41 30 39 31 38 33 40
37 34 36 35 37 36 38 35
35 35 38 38 39 37 36 34
22 14 23 14 23 17 22 17
20 42 19 41 22 38 23 39
32 38 32 41 31 41 31 38
28 42 27 41 31 37 32 38
23 15 21 17 20 16 22 14
19 13 22 13 22 14 19 14
21 11 19 13 23 17 25 15
29 43 28 43 28 42 29 42
31 19 31 20 30 20 30 19
22 41 22 42 20 42 20 41
22 40 25 40 25 41 22 41
23 42 22 41 24 39 25 40
34 15 33 16 39 22 40 21
23 37 22 38 14 30 15 29
20 35 23 35 23 37 20 37
35 16 34 16 34 15 35 15
32 19 39 19 39 17 32 17
33 39 39 39 39 40 33 40
