best-score: 779700
count: 18
elapsed-time: 4.506
208
28 26 27 27 26 26 27 25
23 12 24 12 24 11 23 11
15 15 15 16 14 16 14 15
16 22 15 21 16 20 17 21
16 21 17 21 17 22 16 22
22 22 23 23 24 22 23 21
24 18 23 17 24 16 25 17
27 19 27 20 26 20 26 19
24 17 23 18 22 17 23 16
15 20 16 20 16 21 15 21
9 17 10 17 10 16 9 16
14 17 13 17 13 16 14 16
27 11 26 11 26 10 27 10
10 26 11 26 11 27 10 27
25 12 24 11 25 10 26 11
14 23 13 23 13 22 14 22
22 11 23 12 24 11 23 10
17 23 18 23 18 22 17 22
11 24 12 24 12 23 11 23
22 10 23 10 23 11 22 11
10 23 11 23 11 22 10 22
22 16 23 16 23 17 22 17
17 24 16 23 17 22 18 23
13 24 12 23 13 22 14 23
12 17 13 18 14 17 13 16
19 23 18 24 17 23 18 22
23 15 22 16 21 15 22 14
13 14 12 15 13 16 14 15
23 22 22 22 22 21 23 21
15 14 14 15 15 16 16 15
21 16 22 16 22 15 21 15
20 15 21 16 22 15 21 14
15 22 14 23 15 24 16 23
11 16 10 17 11 18 12 17
21 13 20 14 19 13 20 12
12 22 11 23 12 24 13 23
15 23 16 23 16 22 15 22
12 18 13 18 13 17 12 17
14 21 15 21 15 22 14 22
12 14 13 14 13 13 12 13
25 16 25 17 24 17 24 16
24 14 23 15 24 16 25 15
10 15 11 15 11 16 10 16
17 20 16 20 16 19 17 19
19 15 20 16 21 15 20 14
19 14 20 14 20 15 19 15
27 26 27 27 26 27 26 26
22 13 22 14 21 14 21 13
24 19 23 19 23 18 24 18
19 24 18 24 18 23 19 23
25 14 26 15 27 14 26 13
24 15 25 15 25 14 24 14
25 11 24 11 24 10 25 10
13 21 14 22 15 21 14 20
28 20 27 21 26 20 27 19
28 25 28 26 27 26 27 25
8 15 9 16 10 15 9 14
28 21 27 21 27 20 28 20
14 24 13 23 14 22 15 23
16 14 16 15 15 15 15 14
11 14 10 15 11 16 12 15
16 24 15 23 16 22 17 23
23 9 22 10 23 11 24 10
25 9 24 10 25 11 26 10
13 12 12 13 13 14 14 13
13 20 14 20 14 21 13 21
26 12 25 12 25 11 26 11
23 14 23 15 22 15 22 14
18 21 17 22 16 21 17 20
19 21 19 22 18 22 18 21
14 19 13 20 14 21 15 20
15 19 15 20 14 20 14 19
24 13 23 14 24 15 25 14
20 23 19 24 18 23 19 22
24 9 24 10 23 10 23 9
12 21 13 21 13 22 12 22
20 22 20 23 19 23 19 22
14 12 14 13 13 13 13 12
26 21 27 22 28 21 27 20
26 9 26 10 25 10 25 9
15 25 14 25 14 24 15 24
25 8 24 9 25 10 26 9
24 8 25 8 25 9 24 9
23 13 24 13 24 14 23 14
25 13 24 12 25 11 26 12
13 25 14 26 15 25 14 24
16 18 15 19 16 20 17 19
20 21 19 22 18 21 19 20
12 25 13 25 13 24 12 24
18 20 17 21 18 22 19 21
13 26 14 26 14 25 13 25
15 18 16 18 16 19 15 19
20 24 19 23 20 22 21 23
19 19 18 20 17 19 18 18
16 17 15 18 14 17 15 16
10 25 11 26 12 25 11 24
22 12 21 13 22 14 23 13
26 14 25 14 25 13 26 13
26 22 27 22 27 21 26 21
9 26 10 26 10 25 9 25
20 20 20 21 19 21 19 20
18 19 19 19 19 20 18 20
20 18 19 19 20 20 21 19
17 18 16 19 17 20 18 19
20 19 19 19 19 18 20 18
21 21 20 22 19 21 20 20
27 15 26 15 26 14 27 14
21 22 20 22 20 21 21 21
17 17 17 18 16 18 16 17
22 23 21 24 20 23 21 22
21 20 20 20 20 19 21 19
22 24 21 24 21 23 22 23
22 20 22 21 21 21 21 20
22 18 21 19 22 20 23 19
21 17 22 18 23 17 22 16
19 17 20 18 21 17 20 16
18 17 19 17 19 18 18 18
20 17 21 17 21 16 20 16
23 24 22 23 23 22 24 23
21 18 20 19 19 18 20 17
18 16 17 17 18 18 19 17
17 16 18 16 18 17 17 17
22 19 21 19 21 18 22 18
24 24 23 24 23 23 24 23
23 25 22 24 23 23 24 24
23 20 22 19 23 18 24 19
22 25 23 25 23 24 22 24
24 21 23 22 22 21 23 20
24 20 24 21 23 21 23 20
25 19 24 20 23 19 24 18
25 20 24 20 24 19 25 19
25 21 26 21 26 20 25 20
25 18 24 19 25 20 26 19
25 22 24 21 25 20 26 21
26 17 25 18 24 17 25 16
26 18 26 19 25 19 25 18
25 23 24 22 25 21 26 22
26 23 25 23 25 22 26 22
25 24 24 23 25 22 26 23
27 17 26 18 25 17 26 16
27 18 26 18 26 17 27 17
28 19 27 20 26 19 27 18
28 18 28 19 27 19 27 18
29 24 28 25 26 23 27 22
8 24 9 25 11 23 10 22
15 28 13 26 14 25 16 27
16 28 15 28 15 27 16 27
20 11 22 11 22 12 20 12
19 12 21 14 22 13 20 11
24 25 26 27 27 26 25 24
19 11 20 12 22 10 21 9
11 19 9 17 10 16 12 18
18 13 16 15 17 16 19 14
11 11 13 13 14 12 12 10
18 14 19 14 19 13 18 13
10 12 9 11 10 10 11 11
17 11 16 12 18 14 19 13
16 11 18 13 19 12 17 10
25 25 24 25 24 24 25 24
10 19 12 21 13 20 11 18
19 10 19 11 17 11 17 10
10 20 12 22 13 21 11 19
10 11 11 11 11 10 10 10
23 26 22 25 23 24 24 25
17 7 15 9 17 11 19 9
9 13 11 15 12 14 10 12
12 19 11 19 11 18 12 18
26 24 25 25 24 24 25 23
20 13 19 13 19 12 20 12
17 15 18 16 19 15 18 14
17 12 16 12 16 11 17 11
24 26 23 26 23 25 24 25
21 10 19 10 19 9 21 9
25 27 24 26 25 25 26 26
11 20 10 20 10 19 11 19
11 13 11 14 9 14 9 13
9 12 10 12 10 11 9 11
20 9 19 10 20 11 21 10
16 16 15 15 16 14 17 15
12 11 12 13 11 13 11 11
15 10 13 12 12 11 14 9
11 12 10 11 11 10 12 11
10 13 11 14 12 13 11 12
17 9 17 10 15 10 15 9
15 17 16 17 16 16 15 16
14 18 15 18 15 17 14 17
8 13 9 14 10 13 9 12
19 7 19 9 17 9 17 7
8 12 9 12 9 13 8 13
13 19 14 19 14 18 13 18
12 20 13 20 13 19 12 19
11 21 12 21 12 20 11 20
29 23 29 24 26 24 26 23
18 28 15 25 16 24 19 27
28 22 26 24 27 25 29 23
17 28 18 28 18 24 17 24
18 29 17 28 21 24 22 25
20 27 19 27 19 24 20 24
19 25 16 28 15 27 18 24
15 11 12 11 12 10 15 10
15 13 14 12 15 11 16 12
15 7 13 9 15 11 17 9
14 7 15 7 15 9 14 9
14 14 15 14 15 13 14 13
13 15 12 14 13 13 14 14
12 16 13 17 14 16 13 15
11 17 12 17 12 16 11 16
10 18 11 18 11 17 10 17
