best-score: 852460
count: 8
elapsed-time: 4.543
298
10 20 11 21 12 20 11 19
10 22 11 23 12 22 11 21
10 19 11 19 11 20 10 20
15 13 14 14 15 15 16 14
16 19 17 19 17 18 16 18
14 15 15 15 15 16 14 16
14 22 13 23 12 22 13 21
18 12 17 13 18 14 19 13
21 13 20 14 21 15 22 14
30 23 29 24 30 25 31 24
27 28 26 29 27 30 28 29
31 17 32 17 32 16 31 16
32 33 31 33 31 32 32 32
31 25 30 25 30 24 31 24
29 23 30 23 30 22 29 22
30 16 29 17 30 18 31 17
24 17 23 16 24 15 25 16
20 15 19 15 19 14 20 14
18 13 19 13 19 14 18 14
30 33 31 34 32 33 31 32
15 19 14 19 14 18 15 18
28 32 27 33 28 34 29 33
16 22 15 23 14 22 15 21
17 12 18 12 18 13 17 13
32 25 31 24 32 23 33 24
17 20 16 19 17 18 18 19
21 14 22 14 22 15 21 15
31 22 30 23 29 22 30 21
17 15 18 16 19 15 18 14
18 18 19 18 19 19 18 19
34 32 33 33 32 32 33 31
18 20 17 20 17 19 18 19
16 20 15 20 15 19 16 19
15 17 14 18 15 19 16 18
14 20 15 21 16 20 15 19
30 34 31 34 31 33 30 33
28 27 28 28 27 28 27 27
23 12 24 12 24 13 23 13
20 13 21 13 21 14 20 14
29 35 30 35 30 34 29 34
27 29 26 29 26 28 27 28
30 32 29 33 30 34 31 33
24 16 25 16 25 15 24 15
16 21 17 21 17 20 16 20
12 21 11 21 11 20 12 20
32 15 31 16 32 17 33 16
19 21 18 20 19 19 20 20
17 29 16 28 17 27 18 28
28 33 29 33 29 34 28 34
18 31 17 32 16 31 17 30
26 16 25 15 26 14 27 15
29 18 30 18 30 17 29 17
13 19 12 20 13 21 14 20
30 36 29 35 30 34 31 35
31 36 30 36 30 35 31 35
31 21 31 22 30 22 30 21
19 20 19 21 18 21 18 20
32 26 31 26 31 25 32 25
33 22 32 23 31 22 32 21
21 16 20 15 21 14 22 15
31 23 30 24 29 23 30 22
17 17 16 18 17 19 18 18
13 22 12 22 12 21 13 21
28 30 27 30 27 29 28 29
20 19 20 20 19 20 19 19
17 31 18 31 18 30 17 30
17 22 16 21 17 20 18 21
27 32 28 32 28 33 27 33
33 15 33 16 32 16 32 15
32 35 31 36 30 35 31 34
29 32 30 32 30 33 29 33
23 17 24 17 24 16 23 16
26 30 27 31 28 30 27 29
14 21 15 21 15 20 14 20
19 12 18 13 19 14 20 13
30 26 31 27 32 26 31 25
28 31 27 32 28 33 29 32
18 22 19 23 20 22 19 21
16 16 15 17 14 16 15 15
30 19 29 18 30 17 31 18
35 31 35 32 34 32 34 31
20 18 19 19 18 18 19 17
16 17 16 18 15 18 15 17
15 22 14 21 15 20 16 21
16 32 17 32 17 31 16 31
17 16 17 17 16 17 16 16
20 12 20 13 19 13 19 12
18 17 17 18 16 17 17 16
30 27 31 27 31 26 30 26
20 16 21 16 21 15 20 15
14 23 13 23 13 22 14 22
13 20 12 21 13 22 14 21
32 34 32 35 31 35 31 34
20 17 20 18 19 18 19 17
14 24 15 24 15 23 14 23
13 25 12 24 13 23 14 24
33 34 32 34 32 33 33 33
21 18 20 19 19 18 20 17
12 19 13 19 13 20 12 20
16 30 17 31 18 30 17 29
11 18 10 19 11 20 12 19
32 24 31 24 31 23 32 23
14 17 15 18 16 17 15 16
29 30 29 31 28 31 28 30
31 19 30 19 30 18 31 18
19 16 19 17 18 17 18 16
18 32 17 33 16 32 17 31
18 33 17 33 17 32 18 32
26 31 27 31 27 30 26 30
13 18 12 19 13 20 14 19
33 25 32 25 32 24 33 24
16 29 17 29 17 30 16 30
17 23 16 22 17 21 18 22
18 15 18 16 17 16 17 15
21 19 20 19 20 18 21 18
16 23 17 23 17 22 16 22
29 26 30 27 31 26 30 25
29 25 30 25 30 26 29 26
13 16 12 17 13 18 14 17
12 26 13 27 14 26 13 25
13 17 14 17 14 18 13 18
12 18 12 19 11 19 11 18
21 17 20 18 21 19 22 18
12 16 13 16 13 17 12 17
10 17 11 18 12 17 11 16
11 17 12 18 13 17 12 16
15 29 16 29 16 28 15 28
22 17 22 18 21 18 21 17
12 15 12 16 11 16 11 15
22 16 21 17 20 16 21 15
10 15 11 16 12 15 11 14
10 18 11 18 11 17 10 17
10 14 11 14 11 15 10 15
12 14 11 15 10 14 11 13
23 15 22 16 23 17 24 16
12 13 12 14 11 14 11 13
13 14 12 15 13 16 14 15
13 15 14 15 14 14 13 14
24 14 23 15 22 14 23 13
23 14 24 14 24 15 23 15
13 13 12 14 13 15 14 14
22 13 23 13 23 14 22 14
21 12 22 13 23 12 22 11
13 12 13 13 12 13 12 12
25 14 24 15 23 14 24 13
21 11 21 12 20 12 20 11
26 15 25 15 25 14 26 14
22 12 22 13 21 13 21 12
14 13 13 14 12 13 13 12
25 13 25 14 24 14 24 13
27 16 26 16 26 15 27 15
23 11 23 12 22 12 22 11
15 14 14 14 14 13 15 13
26 17 25 16 26 15 27 16
27 14 26 15 25 14 26 13
28 14 28 15 27 15 27 14
16 15 15 16 14 15 15 14
27 13 27 14 26 14 26 13
25 17 26 17 26 16 25 16
22 10 21 11 22 12 23 11
21 10 22 10 22 11 21 11
29 14 28 15 27 14 28 13
26 12 25 13 26 14 27 13
17 14 17 15 16 15 16 14
29 13 29 14 28 14 28 13
25 12 26 12 26 13 25 13
16 13 17 14 18 13 17 12
28 12 27 13 28 14 29 13
24 11 23 12 24 13 25 12
27 12 28 12 28 13 27 13
25 11 25 12 24 12 24 11
15 12 14 13 15 14 16 13
27 11 27 12 26 12 26 11
16 12 16 13 15 13 15 12
26 10 25 11 26 12 27 11
24 10 23 11 24 12 25 11
25 10 26 10 26 11 25 11
28 10 27 11 28 12 29 11
23 10 24 10 24 11 23 11
24 9 23 10 24 11 25 10
22 9 21 10 22 11 23 10
23 9 23 10 22 10 22 9
25 9 25 10 24 10 24 9
24 8 23 9 24 10 25 9
23 8 24 8 24 9 23 9
36 23 34 25 33 24 35 22
10 24 12 24 12 22 10 22
30 10 29 11 31 13 32 12
34 29 32 29 32 28 34 28
20 32 18 30 20 28 22 30
19 32 18 31 20 29 21 30
25 19 24 19 24 17 25 17
20 35 18 33 19 32 21 34
27 24 26 25 28 27 29 26
30 14 32 16 33 15 31 13
24 20 22 18 23 17 25 19
24 32 26 32 26 31 24 31
24 33 25 34 27 32 26 31
23 35 25 35 25 34 23 34
27 25 29 25 29 24 27 24
31 14 31 16 30 16 30 14
32 13 34 13 34 12 32 12
31 11 31 13 29 13 29 11
29 21 28 20 30 18 31 19
35 24 33 24 33 22 35 22
29 19 30 19 30 21 29 21
35 27 34 28 32 26 33 25
23 20 21 18 22 17 24 19
25 22 27 24 29 22 27 20
24 34 25 35 27 33 26 32
23 21 24 21 24 20 23 20
24 28 22 30 24 32 26 30
22 22 20 20 21 19 23 21
30 12 28 12 28 10 30 10
19 31 19 32 18 32 18 31
22 33 24 33 24 32 22 32
23 32 22 33 23 34 24 33
11 25 13 25 13 23 11 23
21 32 22 32 22 30 21 30
31 28 29 30 28 29 30 27
18 29 20 29 20 28 18 28
27 21 29 21 29 22 27 22
33 20 31 18 32 17 34 19
32 14 31 14 31 13 32 13
32 19 32 21 31 21 31 19
22 20 22 22 20 22 20 20
26 27 27 27 27 25 26 25
25 24 27 24 27 22 25 22
25 21 25 22 24 22 24 21
26 18 25 19 27 21 28 20
33 14 32 15 31 14 32 13
34 27 35 27 35 28 34 28
27 17 26 18 25 17 26 16
27 18 26 18 26 17 27 17
33 26 31 28 32 29 34 27
21 33 23 35 24 34 22 32
22 29 21 30 23 32 24 31
34 17 34 19 32 19 32 17
32 27 32 28 31 28 31 27
27 19 29 19 29 18 27 18
34 26 33 26 33 25 34 25
17 28 16 29 17 30 18 29
20 33 21 33 21 32 20 32
23 18 23 20 22 20 22 18
33 27 32 27 32 26 33 26
25 23 27 25 29 23 27 21
16 27 17 27 17 28 16 28
24 27 26 27 26 28 24 28
18 35 20 35 20 33 18 33
23 26 24 27 26 25 25 24
25 20 27 20 27 21 25 21
22 34 21 34 21 33 22 33
29 20 27 22 25 20 27 18
29 16 29 17 27 17 27 16
28 17 27 16 28 15 29 16
30 15 29 16 30 17 31 16
31 20 30 21 29 20 30 19
30 13 29 14 30 15 31 14
36 21 36 23 32 23 32 21
18 36 17 35 20 32 21 33
17 36 18 36 18 35 17 35
15 36 14 35 17 32 18 33
18 26 17 27 14 24 15 23
30 28 31 28 31 32 30 32
12 30 16 30 16 31 12 31
31 29 30 28 31 27 32 28
23 23 19 23 19 21 23 21
16 25 16 27 13 27 13 25
32 30 30 32 29 31 31 29
20 26 18 26 18 22 20 22
20 24 21 25 23 23 22 22
24 30 22 32 18 28 20 26
19 22 16 25 20 29 23 26
19 27 17 27 17 23 19 23
24 24 23 23 24 22 25 23
13 32 12 31 15 28 16 29
23 28 20 28 20 26 23 26
14 33 17 33 17 35 14 35
23 25 26 28 27 27 24 24
23 30 24 30 24 28 23 28
22 24 24 24 24 22 22 22
25 30 23 28 24 27 26 29
25 29 26 29 26 30 25 30
35 29 33 31 32 30 34 28
13 34 11 34 11 32 13 32
20 21 19 22 18 21 19 20
15 32 14 33 17 36 18 35
16 36 15 36 15 32 16 32
13 29 15 29 15 32 13 32
12 33 13 34 14 33 13 32
15 33 12 30 13 29 16 32
10 33 11 34 12 33 11 32
10 31 12 31 12 33 10 33
14 34 16 36 17 35 15 33
11 30 10 31 11 32 12 31
11 26 12 26 12 30 11 30
12 27 11 26 14 23 15 24
11 28 15 32 16 31 12 27
