best-score: 723840
count: 5
elapsed-time: 4.51
446
13 35 14 36 15 35 14 34
29 16 28 17 29 18 30 17
17 17 16 16 17 15 18 16
27 39 28 40 29 39 28 38
39 29 39 30 38 30 38 29
18 40 19 41 20 40 19 39
29 40 30 40 30 39 29 39
41 23 40 23 40 22 41 22
27 41 28 41 28 40 27 40
29 27 30 27 30 26 29 26
35 20 36 21 37 20 36 19
42 34 41 35 40 34 41 33
22 42 21 41 22 40 23 41
35 32 35 33 34 33 34 32
39 38 40 38 40 37 39 37
24 29 23 28 24 27 25 28
20 43 19 43 19 42 20 42
26 22 25 23 26 24 27 23
17 29 16 30 17 31 18 30
44 21 43 22 42 21 43 20
29 42 28 41 29 40 30 41
42 36 41 37 40 36 41 35
26 41 27 42 28 41 27 40
26 40 27 40 27 39 26 39
17 30 17 31 16 31 16 30
24 28 23 28 23 27 24 27
15 16 14 16 14 15 15 15
24 34 25 34 25 35 24 35
23 29 22 28 23 27 24 28
31 28 30 28 30 27 31 27
41 17 40 17 40 16 41 16
30 38 29 39 30 40 31 39
44 26 43 26 43 25 44 25
18 42 19 43 20 42 19 41
37 30 37 31 36 31 36 30
30 22 29 22 29 21 30 21
22 14 22 15 21 15 21 14
29 20 28 21 29 22 30 21
30 29 29 28 30 27 31 28
23 35 24 36 25 35 24 34
32 21 31 22 30 21 31 20
30 20 31 20 31 21 30 21
22 29 23 29 23 28 22 28
30 31 29 30 30 29 31 30
24 33 23 34 24 35 25 34
23 40 23 41 22 41 22 40
34 39 33 38 34 37 35 38
15 41 15 42 14 42 14 41
23 36 24 36 24 35 23 35
35 27 35 28 34 28 34 27
35 29 34 28 35 27 36 28
21 40 21 41 20 41 20 40
30 18 30 19 29 19 29 18
16 25 16 26 15 26 15 25
31 17 30 18 29 17 30 16
27 20 28 20 28 19 27 19
32 22 31 22 31 21 32 21
28 16 29 16 29 17 28 17
20 39 19 40 20 41 21 40
28 28 29 28 29 27 28 27
31 18 30 18 30 17 31 17
30 23 29 24 28 23 29 22
26 28 25 29 24 28 25 27
26 21 27 22 28 21 27 20
21 36 22 37 23 36 22 35
27 24 28 24 28 23 27 23
29 23 28 24 27 23 28 22
28 25 27 26 28 27 29 26
28 18 27 18 27 17 28 17
37 29 36 30 37 31 38 30
27 21 28 21 28 22 27 22
16 20 17 20 17 21 16 21
26 42 27 42 27 41 26 41
26 19 27 20 28 19 27 18
29 41 30 41 30 42 29 42
32 19 33 19 33 18 32 18
29 29 28 28 29 27 30 28
36 20 36 21 35 21 35 20
23 33 24 33 24 34 23 34
22 36 21 36 21 35 22 35
41 36 41 37 40 37 40 36
35 31 36 31 36 32 35 32
31 41 30 42 29 41 30 40
43 33 42 34 43 35 44 34
16 17 15 17 15 16 16 16
42 35 42 36 41 36 41 35
26 18 27 18 27 19 26 19
18 34 17 35 18 36 19 35
18 17 19 17 19 16 18 16
18 41 19 41 19 42 18 42
17 40 18 41 19 40 18 39
22 34 23 34 23 35 22 35
36 29 35 29 35 28 36 28
35 30 36 31 37 30 36 29
38 31 37 30 38 29 39 30
29 25 28 25 28 24 29 24
26 23 27 23 27 22 26 22
18 29 18 30 17 30 17 29
37 19 37 20 36 20 36 19
25 41 24 42 25 43 26 42
22 39 21 40 22 41 23 40
31 38 31 39 30 39 30 38
31 23 31 24 30 24 30 23
19 38 20 38 20 39 19 39
26 29 25 29 25 28 26 28
31 40 31 41 30 41 30 40
34 30 35 31 36 30 35 29
31 19 30 20 29 19 30 18
32 23 31 24 30 23 31 22
31 42 30 41 31 40 32 41
28 42 27 43 26 42 27 41
34 23 33 24 32 23 33 22
36 18 35 19 36 20 37 19
33 23 34 23 34 22 33 22
34 31 35 31 35 30 34 30
43 34 44 34 44 33 43 33
28 43 27 43 27 42 28 42
32 17 31 18 32 19 33 18
23 37 22 37 22 36 23 36
32 42 31 42 31 41 32 41
35 18 36 18 36 19 35 19
30 30 29 30 29 29 30 29
17 41 18 41 18 40 17 40
26 20 27 20 27 21 26 21
33 32 34 32 34 31 33 31
17 39 16 40 17 41 18 40
25 40 26 40 26 41 25 41
25 19 26 20 27 19 26 18
31 25 30 26 29 25 30 24
25 24 26 24 26 23 25 23
32 20 31 20 31 19 32 19
33 21 32 22 31 21 32 20
25 20 26 20 26 19 25 19
30 43 29 44 28 43 29 42
18 31 17 30 18 29 19 30
32 40 31 41 32 42 33 41
33 20 33 21 32 21 32 20
25 18 24 19 25 20 26 19
21 39 22 39 22 40 21 40
32 30 33 31 34 30 33 29
25 22 24 21 25 20 26 21
32 39 32 40 31 40 31 39
24 18 25 18 25 19 24 19
24 23 25 24 26 23 25 22
16 39 17 39 17 40 16 40
24 39 25 40 26 39 25 38
19 31 18 31 18 30 19 30
32 24 33 24 33 23 32 23
31 43 30 43 30 42 31 42
25 21 26 22 27 21 26 20
32 25 31 25 31 24 32 24
36 17 35 18 36 19 37 18
31 31 32 31 32 30 31 30
24 20 25 20 25 21 24 21
33 30 32 31 33 32 34 31
33 40 33 41 32 41 32 40
32 37 31 38 32 39 33 38
34 20 33 21 34 22 35 21
32 38 31 38 31 37 32 37
24 22 25 22 25 23 24 23
23 19 24 20 25 19 24 18
34 29 34 30 33 30 33 29
34 21 33 22 32 21 33 20
31 29 30 30 31 31 32 30
33 39 32 40 31 39 32 38
23 21 24 22 25 21 24 20
34 18 33 19 34 20 35 19
33 28 34 29 35 28 34 27
32 29 31 28 32 27 33 28
34 40 33 40 33 39 34 39
35 22 34 22 34 21 35 21
37 17 37 18 36 18 36 17
23 20 24 20 24 19 23 19
34 19 35 19 35 20 34 20
23 22 22 21 23 20 24 21
34 17 33 18 34 19 35 18
33 17 34 17 34 18 33 18
32 28 31 29 30 28 31 27
36 23 35 24 34 23 35 22
22 23 23 24 24 23 23 22
22 20 23 20 23 21 22 21
21 21 22 22 23 21 22 20
21 22 22 22 22 21 21 21
23 23 22 23 22 22 23 22
33 27 33 28 32 28 32 27
32 16 31 17 32 18 33 17
21 19 22 20 23 19 22 18
21 20 20 21 21 22 22 21
20 20 21 20 21 21 20 21
33 16 33 17 32 17 32 16
24 24 23 23 24 22 25 23
33 26 34 26 34 27 33 27
22 19 22 20 21 20 21 19
34 25 33 26 32 25 33 24
34 15 33 16 34 17 35 16
20 19 20 20 19 20 19 19
23 18 22 19 23 20 24 19
20 18 19 19 20 20 21 19
21 18 21 19 20 19 20 18
34 16 35 16 35 15 34 15
23 17 23 18 22 18 22 17
35 17 34 18 33 17 34 16
36 16 35 17 36 18 37 17
13 18 14 19 16 17 15 16
26 45 25 44 27 42 28 43
46 31 44 33 42 31 44 29
45 37 44 38 42 36 43 35
19 12 17 14 19 16 21 14
46 29 46 31 44 31 44 29
13 39 15 41 16 40 14 38
18 45 17 44 19 42 20 43
16 13 14 15 15 16 17 14
14 23 16 25 18 23 16 21
20 16 22 18 23 17 21 15
42 28 41 27 43 25 44 26
19 33 21 35 22 34 20 32
41 20 43 20 43 22 41 22
31 33 32 34 34 32 33 31
38 22 37 23 35 21 36 20
37 21 37 23 36 23 36 21
30 15 32 17 33 16 31 14
24 31 23 31 23 29 24 29
14 39 16 39 16 38 14 38
40 32 38 30 39 29 41 31
38 43 40 43 40 42 38 42
17 18 19 20 20 19 18 17
19 34 18 34 18 33 19 33
29 15 30 15 30 16 29 16
42 33 41 33 41 31 42 31
26 37 25 38 23 36 24 35
27 30 26 29 28 27 29 28
39 14 38 15 40 17 41 16
19 37 17 39 16 38 18 36
26 26 27 26 27 24 26 24
33 36 35 36 35 38 33 38
40 19 41 19 41 20 40 20
40 21 41 22 42 21 41 20
24 26 23 26 23 24 24 24
24 38 22 40 21 39 23 37
25 37 24 38 26 40 27 39
16 18 17 18 17 17 16 17
18 27 19 27 19 25 18 25
18 18 16 20 17 21 19 19
30 33 31 33 31 31 30 31
37 14 35 16 36 17 38 15
27 27 26 26 28 24 29 25
42 26 43 26 43 28 42 28
17 33 18 33 18 31 17 31
40 30 40 32 39 32 39 30
18 22 19 23 21 21 20 20
42 16 41 16 41 14 42 14
36 25 34 25 34 23 36 23
17 36 16 37 18 39 19 38
15 14 17 14 17 15 15 15
26 15 25 16 27 18 28 17
26 25 24 27 23 26 25 24
35 42 34 43 32 41 33 40
41 26 41 27 39 27 39 26
35 26 34 25 35 24 36 25
24 32 23 31 25 29 26 30
27 29 27 30 26 30 26 29
16 23 18 23 18 25 16 25
18 35 18 36 17 36 17 35
19 15 18 16 19 17 20 16
26 16 26 18 25 18 25 16
16 32 14 32 14 31 16 31
16 19 16 20 14 20 14 19
25 26 25 27 24 27 24 26
38 21 40 21 40 22 38 22
38 26 36 28 37 29 39 27
34 35 33 36 34 37 35 36
27 44 25 44 25 43 27 43
23 43 25 43 25 41 23 41
28 26 28 27 27 27 27 26
18 32 17 33 16 32 17 31
25 25 24 26 25 27 26 26
35 25 34 26 32 24 33 23
13 41 14 41 14 39 13 39
13 19 14 20 16 18 15 17
25 17 26 18 27 17 26 16
28 15 28 16 26 16 26 15
24 37 25 37 25 38 24 38
22 38 24 38 24 39 22 39
20 15 20 16 19 16 19 15
41 15 40 16 41 17 42 16
41 34 42 35 43 34 42 33
19 22 19 23 18 23 18 22
32 35 34 35 34 37 32 37
21 34 21 35 19 35 19 34
17 28 15 26 16 25 18 27
30 14 31 14 31 15 30 15
28 34 30 34 30 33 28 33
25 33 24 34 23 33 24 32
20 37 22 37 22 38 20 38
29 34 31 36 32 35 30 33
26 35 26 37 25 37 25 35
15 20 16 21 17 20 16 19
40 35 41 35 41 34 40 34
40 27 39 26 40 25 41 26
18 20 17 20 17 18 18 18
39 36 40 37 41 36 40 35
24 16 23 17 24 18 25 17
28 35 26 35 26 34 28 34
30 35 32 35 32 34 30 34
38 25 36 23 38 21 40 23
17 34 18 35 19 34 18 33
38 20 38 21 37 21 37 20
27 32 25 34 26 35 28 33
16 22 16 23 14 23 14 22
18 21 19 22 20 21 19 20
37 34 35 36 37 38 39 36
29 14 28 15 29 16 30 15
14 18 14 19 13 19 13 18
19 21 18 21 18 20 19 20
39 18 37 20 38 21 40 19
17 23 16 22 17 21 18 22
15 34 17 34 17 35 15 35
25 32 25 33 24 33 24 32
39 35 40 35 40 36 39 36
22 33 21 34 22 35 23 34
38 23 40 23 40 25 38 25
21 38 20 39 19 38 20 37
26 33 26 34 25 34 25 33
36 26 38 26 38 25 36 25
36 33 37 34 39 32 38 31
29 32 27 32 27 30 29 30
18 24 16 26 15 25 17 23
20 22 19 22 19 21 20 21
22 31 23 31 23 33 22 33
28 14 29 14 29 15 28 15
36 27 35 27 35 26 36 26
22 16 24 16 24 15 22 15
27 15 28 16 29 15 28 14
20 17 22 17 22 16 20 16
37 28 36 29 35 28 36 27
17 22 18 22 18 21 17 21
38 24 36 26 35 25 37 23
39 19 37 19 37 18 39 18
31 32 30 33 29 32 30 31
37 27 37 28 36 28 36 27
38 28 38 29 37 29 37 28
23 32 24 33 25 32 24 31
21 33 22 33 22 34 21 34
23 38 22 39 21 38 22 37
38 36 39 37 40 36 39 35
19 18 20 18 20 17 19 17
21 31 21 33 19 33 19 31
40 18 39 19 40 20 41 19
21 29 22 29 22 31 21 31
20 24 19 25 18 24 19 23
35 34 34 33 35 32 36 33
38 37 39 37 39 36 38 36
20 30 19 31 20 32 21 31
39 25 38 24 40 22 41 23
18 28 20 30 21 29 19 27
17 27 18 27 18 28 17 28
21 16 20 17 21 18 22 17
21 32 22 33 23 32 22 31
38 18 37 19 38 20 39 19
21 24 20 24 20 22 21 22
39 17 40 17 40 18 39 18
38 16 37 17 38 18 39 17
21 25 20 24 22 22 23 23
36 34 36 36 35 36 35 34
20 23 21 24 22 23 21 22
16 28 17 29 18 28 17 27
19 24 18 23 19 22 20 23
20 25 19 25 19 24 20 24
40 15 40 16 38 16 38 15
22 27 20 25 21 24 23 26
22 26 23 26 23 27 22 27
37 33 36 34 35 33 36 32
19 26 18 25 19 24 20 25
38 32 37 33 39 35 40 34
23 25 22 26 23 27 24 26
37 32 38 32 38 31 37 31
16 29 17 29 17 28 16 28
21 28 22 29 23 28 22 27
15 30 16 31 17 30 16 29
20 29 18 27 19 26 21 28
15 29 16 29 16 30 15 30
20 28 20 29 18 29 18 28
21 27 22 27 22 28 21 28
20 27 21 27 21 25 20 25
13 31 14 32 16 30 15 29
20 26 21 27 22 26 21 25
18 26 19 27 20 26 19 25
18 13 18 16 16 16 16 13
47 28 46 29 43 26 44 25
11 35 14 38 17 35 14 32
25 12 22 15 25 18 28 15
24 45 26 45 26 42 24 42
11 39 13 41 16 38 14 36
15 45 18 45 18 42 15 42
11 31 13 31 13 35 11 35
23 46 20 43 21 42 24 45
13 29 11 31 14 34 16 32
13 26 15 26 15 29 13 29
20 46 23 46 23 43 20 43
19 45 20 46 23 43 22 42
18 46 14 42 15 41 19 45
19 46 18 46 18 45 19 45
35 39 34 40 37 43 38 42
29 37 28 38 25 35 26 34
29 36 31 36 31 37 29 37
33 33 33 36 31 36 31 33
40 40 44 40 44 38 40 38
28 37 27 36 28 35 29 36
26 38 28 38 28 37 26 37
33 37 35 39 38 36 36 34
38 35 39 35 39 32 38 32
44 20 43 20 43 16 44 16
14 44 15 45 18 42 17 41
43 42 40 42 40 41 43 41
27 38 29 40 30 39 28 37
44 27 44 29 41 29 41 27
37 40 37 43 34 43 34 40
41 28 39 30 42 33 44 31
44 41 43 42 39 38 40 37
42 23 42 26 41 26 41 23
44 17 41 20 40 19 43 16
38 39 38 42 35 42 35 39
15 28 13 26 16 23 18 25
30 36 29 37 30 38 31 37
40 33 40 34 37 34 37 33
41 30 39 32 40 33 42 31
38 45 35 42 37 40 40 43
45 24 44 25 42 23 43 22
41 45 38 42 40 40 43 43
37 45 38 45 38 43 37 43
46 22 43 25 41 23 44 20
32 36 31 37 32 38 33 37
25 39 26 39 26 38 25 38
39 40 37 40 37 38 39 38
24 40 25 40 25 39 24 39
40 29 41 29 41 30 40 30
44 23 42 23 42 21 44 21
41 24 40 23 41 22 42 23
39 34 40 35 41 34 40 33
36 39 37 40 38 39 37 38
38 44 37 45 36 44 37 43
39 41 40 41 40 40 39 40
37 42 38 43 40 41 39 40
20 47 19 46 25 40 26 41
45 45 41 45 41 37 45 37
19 47 20 47 20 46 19 46
