best-score: 707228
count: 6
elapsed-time: 4.514
342
42 26 41 27 40 26 41 25
36 25 37 26 38 25 37 24
28 24 29 24 29 23 28 23
14 40 15 40 15 39 14 39
28 22 27 23 28 24 29 23
29 27 30 28 31 27 30 26
30 23 29 24 28 23 29 22
17 33 18 33 18 32 17 32
21 14 22 14 22 15 21 15
35 35 34 36 33 35 34 34
29 36 28 35 29 34 30 35
29 40 30 40 30 41 29 41
27 22 28 22 28 23 27 23
30 22 30 23 29 23 29 22
21 20 20 21 21 22 22 21
29 28 30 28 30 27 29 27
21 25 22 26 23 25 22 24
39 25 38 25 38 24 39 24
22 32 23 32 23 31 22 31
37 25 36 25 36 24 37 24
21 19 22 19 22 20 21 20
14 22 15 22 15 21 14 21
31 26 32 26 32 27 31 27
39 21 38 22 39 23 40 22
21 26 22 26 22 27 21 27
37 39 38 39 38 38 37 38
30 24 29 23 30 22 31 23
16 36 16 37 15 37 15 36
15 20 14 21 15 22 16 21
37 15 38 15 38 16 37 16
34 15 33 16 34 17 35 16
29 29 30 30 31 29 30 28
20 39 21 39 21 40 20 40
31 28 30 27 31 26 32 27
23 21 24 22 25 21 24 20
40 24 39 25 38 24 39 23
39 39 40 40 41 39 40 38
30 25 29 25 29 24 30 24
31 30 30 31 29 30 30 29
31 24 30 25 31 26 32 25
16 38 15 37 16 36 17 37
40 25 39 26 38 25 39 24
20 14 21 14 21 13 20 13
37 23 38 23 38 24 37 24
23 28 22 27 23 26 24 27
17 38 16 38 16 37 17 37
23 22 22 22 22 21 23 21
37 21 36 22 37 23 38 22
23 24 23 25 22 25 22 24
35 18 34 19 35 20 36 19
22 34 21 35 20 34 21 33
29 35 29 36 28 36 28 35
31 31 30 31 30 30 31 30
22 36 21 37 20 36 21 35
33 40 34 40 34 41 33 41
20 38 21 39 22 38 21 37
21 21 20 21 20 20 21 20
21 16 20 16 20 15 21 15
30 34 30 35 29 35 29 34
14 38 14 39 13 39 13 38
37 14 36 15 37 16 38 15
40 23 40 24 39 24 39 23
22 35 23 35 23 34 22 34
24 33 23 34 24 35 25 34
25 35 24 35 24 34 25 34
39 22 38 23 39 24 40 23
24 25 23 26 22 25 23 24
19 14 20 15 21 14 20 13
28 34 29 35 30 34 29 33
23 19 22 20 21 19 22 18
23 20 24 20 24 19 23 19
23 14 22 15 21 14 22 13
28 29 29 29 29 28 28 28
31 40 30 41 29 40 30 39
23 13 23 14 22 14 22 13
31 39 31 40 30 40 30 39
21 36 22 36 22 35 21 35
31 25 30 26 29 25 30 24
38 21 39 21 39 22 38 22
24 36 23 35 24 34 25 35
24 21 23 22 22 21 23 20
25 20 25 21 24 21 24 20
23 18 23 19 22 19 22 18
38 26 37 26 37 25 38 25
16 20 16 21 15 21 15 20
23 36 24 36 24 35 23 35
24 28 24 29 23 29 23 28
35 19 36 19 36 18 35 18
38 40 37 39 38 38 39 39
33 25 32 26 31 25 32 24
23 33 24 33 24 34 23 34
32 23 32 24 31 24 31 23
17 39 18 39 18 38 17 38
41 26 40 26 40 25 41 25
20 37 21 37 21 36 20 36
22 37 21 36 22 35 23 36
19 15 20 15 20 14 19 14
28 31 27 30 28 29 29 30
27 35 28 35 28 34 27 34
24 26 23 26 23 25 24 25
33 24 33 25 32 25 32 24
39 27 38 26 39 25 40 26
31 22 30 23 31 24 32 23
25 28 24 28 24 27 25 27
21 38 22 38 22 37 21 37
28 33 29 33 29 34 28 34
39 40 38 40 38 39 39 39
24 30 23 29 24 28 25 29
24 32 23 33 22 32 23 31
42 25 41 26 40 25 41 24
42 27 41 27 41 26 42 26
22 12 21 13 22 14 23 13
21 12 22 12 22 13 21 13
42 24 42 25 41 25 41 24
16 40 15 39 16 38 17 39
19 38 20 39 21 38 20 37
25 30 24 30 24 29 25 29
41 23 40 24 41 25 42 24
23 37 22 37 22 36 23 36
19 39 20 39 20 38 19 38
29 32 28 33 29 34 30 33
26 36 25 35 26 34 27 35
38 27 39 27 39 26 38 26
34 20 35 20 35 19 34 19
23 27 24 28 25 27 24 26
22 28 21 27 22 26 23 27
26 29 25 30 24 29 25 28
18 37 17 38 18 39 19 38
41 22 41 23 40 23 40 22
30 32 30 33 29 33 29 32
29 31 30 32 31 31 30 30
19 37 18 38 19 39 20 38
42 22 41 23 40 22 41 21
42 21 42 22 41 22 41 21
42 23 41 24 40 23 41 22
26 28 26 29 25 29 25 28
28 32 29 32 29 31 28 31
32 42 30 40 31 39 33 41
11 36 13 38 15 36 13 34
42 15 40 17 38 15 40 13
24 12 23 13 25 15 26 14
12 36 14 38 15 37 13 35
17 12 15 14 16 15 18 13
17 29 19 31 20 30 18 28
17 16 15 18 14 17 16 15
21 30 22 31 24 29 23 28
35 17 36 18 38 16 37 15
21 24 22 24 22 22 21 22
32 22 34 24 36 22 34 20
36 26 35 27 33 25 34 24
35 24 36 24 36 22 35 22
23 17 22 18 20 16 21 15
24 17 23 18 21 16 22 15
27 16 28 17 30 15 29 14
27 26 25 28 24 27 26 25
30 38 28 36 29 35 31 37
21 29 21 30 20 30 20 29
17 15 17 16 16 16 16 15
34 21 32 23 33 24 35 22
33 37 35 37 35 35 33 35
25 24 26 25 28 23 27 22
24 18 23 18 23 17 24 17
34 18 35 18 35 17 34 17
28 20 29 20 29 22 28 22
38 20 37 21 35 19 36 18
19 27 18 26 20 24 21 25
26 31 28 31 28 29 26 29
27 19 28 20 30 18 29 17
19 34 18 35 20 37 21 36
32 21 34 21 34 20 32 20
39 17 38 16 40 14 41 15
22 30 21 29 22 28 23 29
31 21 32 21 32 22 31 22
28 25 27 26 29 28 30 27
17 34 15 36 16 37 18 35
24 24 23 24 23 22 24 22
34 14 36 14 36 15 34 15
31 38 33 38 33 37 31 37
28 27 29 27 29 25 28 25
17 23 16 24 14 22 15 21
16 25 16 27 14 27 14 25
40 36 38 38 36 36 38 34
26 21 27 22 29 20 28 19
37 27 36 26 37 25 38 26
34 38 33 37 34 36 35 37
17 35 18 35 18 37 17 37
18 34 17 35 19 37 20 36
27 20 28 20 28 19 27 19
26 30 24 32 26 34 28 32
25 32 27 34 28 33 26 31
26 37 25 38 23 36 24 35
29 19 28 19 28 17 29 17
30 19 32 19 32 18 30 18
36 27 37 27 37 26 36 26
21 31 22 31 22 30 21 30
26 16 24 18 23 17 25 15
36 34 36 36 34 36 34 34
19 23 20 24 22 22 21 21
36 21 35 22 37 24 38 23
33 19 34 20 35 19 34 18
19 35 18 35 18 34 19 34
26 27 28 27 28 28 26 28
37 28 36 27 37 26 38 27
28 38 27 39 29 41 30 40
20 32 22 32 22 34 20 34
19 28 20 29 22 27 21 26
27 14 27 16 26 16 26 14
24 31 23 32 24 33 25 32
25 22 24 21 25 20 26 21
25 31 25 32 24 32 24 31
38 36 40 36 40 38 38 38
20 25 21 26 22 25 21 24
21 28 19 28 19 27 21 27
16 33 17 34 18 33 17 32
24 37 26 37 26 36 24 36
30 20 29 20 29 19 30 19
37 17 35 17 35 16 37 16
37 20 38 20 38 21 37 21
16 34 17 34 17 33 16 33
25 19 24 20 23 19 24 18
26 24 28 24 28 25 26 25
29 21 30 22 31 21 30 20
27 13 29 13 29 14 27 14
32 17 30 19 32 21 34 19
31 19 32 20 33 19 32 18
26 32 26 34 25 34 25 32
19 25 20 25 20 24 19 24
18 30 20 30 20 32 18 32
32 15 34 15 34 17 32 17
19 33 18 32 19 31 20 32
26 22 26 24 25 24 25 22
38 32 38 34 36 34 36 32
28 37 30 39 31 38 29 36
27 29 26 30 25 29 26 28
28 30 27 29 28 28 29 29
25 25 24 25 24 24 25 24
30 37 30 38 28 38 28 37
37 22 36 22 36 21 37 21
25 23 26 24 27 23 26 22
17 24 19 24 19 23 17 23
15 35 16 36 17 35 16 34
22 29 21 29 21 28 22 28
38 28 37 28 37 27 38 27
33 18 34 18 34 19 33 19
25 18 25 19 24 19 24 18
27 21 28 22 29 21 28 20
23 30 24 30 24 31 23 31
20 26 21 26 21 25 20 25
40 34 38 36 36 34 38 32
17 25 16 25 16 24 17 24
14 23 16 25 17 24 15 22
31 35 31 37 30 37 30 35
13 36 15 36 15 35 13 35
26 20 25 21 26 22 27 21
26 15 24 17 25 18 27 16
17 27 19 27 19 25 17 25
31 16 32 17 33 16 32 15
23 23 24 24 25 23 24 22
26 18 25 19 26 20 27 19
38 35 40 35 40 34 38 34
16 26 17 27 18 26 17 25
31 14 33 14 33 16 31 16
26 19 26 20 25 20 25 19
12 38 13 38 13 36 12 36
25 16 26 16 26 18 25 18
16 29 17 29 17 27 16 27
15 31 16 31 16 29 15 29
18 27 16 29 14 27 16 25
32 13 31 14 32 15 33 14
27 18 27 19 26 19 26 18
16 30 15 31 17 33 18 32
30 13 32 13 32 15 30 15
29 18 28 19 27 18 28 17
16 28 15 29 16 30 17 29
35 42 34 41 37 38 38 39
12 18 15 21 16 20 13 17
10 31 13 34 16 31 13 28
42 20 41 21 38 18 39 17
42 18 42 20 38 20 38 18
12 20 15 20 15 18 12 18
34 33 34 34 30 34 30 33
37 36 34 33 35 32 38 35
33 29 31 31 34 34 36 32
36 38 37 38 37 36 36 36
35 41 34 40 36 38 37 39
37 35 38 35 38 36 37 36
35 28 32 25 33 24 36 27
17 20 20 20 20 16 17 16
41 18 38 21 37 20 40 17
39 14 40 14 40 17 39 17
32 28 35 28 35 27 32 27
31 32 33 32 33 35 31 35
30 16 29 17 26 14 27 13
17 22 14 25 16 27 19 24
36 28 36 32 35 32 35 28
41 17 38 20 39 21 42 18
18 15 17 16 21 20 22 19
15 23 17 23 17 22 15 22
31 36 30 35 33 32 34 33
16 19 17 20 21 16 20 15
33 28 32 27 35 24 36 25
33 30 31 30 31 29 33 29
26 40 23 37 24 36 27 39
27 38 25 38 25 35 27 35
22 16 25 16 25 15 22 15
13 21 14 21 14 17 13 17
33 26 36 26 36 25 33 25
33 27 32 28 31 27 32 26
34 12 30 16 32 18 36 14
33 12 34 12 34 14 33 14
42 17 41 17 41 15 42 15
34 42 35 42 35 41 34 41
36 40 34 40 34 38 36 38
27 36 26 37 27 38 28 37
17 13 18 13 18 15 17 15
14 19 15 20 16 19 15 18
18 21 17 22 16 21 17 20
37 29 36 28 37 27 38 28
17 17 13 21 12 20 16 16
21 18 22 18 22 16 21 16
35 30 33 32 31 30 33 28
28 39 27 39 27 38 28 38
37 30 35 32 33 30 35 28
18 16 17 17 20 20 21 19
18 12 17 13 19 15 20 14
20 12 20 13 18 13 18 12
38 31 37 30 41 26 42 27
26 35 27 36 28 35 27 34
42 33 40 35 35 30 37 28
30 12 29 13 34 18 35 17
28 12 28 17 24 17 24 12
43 29 38 34 36 32 41 27
29 12 30 12 30 13 29 13
43 30 37 30 37 29 43 29
42 31 38 27 39 26 43 30
42 32 38 32 38 31 42 31
43 31 42 32 38 28 39 27
16 18 21 18 21 19 16 19
28 13 29 14 30 13 29 12
15 16 16 16 16 18 15 18
36 17 41 22 42 21 37 16
11 20 12 20 12 36 11 36
