best-score: 726143
count: 33
elapsed-time: 4.511
41
13 17 14 17 14 18 13 18
21 12 21 13 20 13 20 12
12 16 11 17 12 18 13 17
22 13 21 14 20 13 21 12
22 9 21 8 22 7 23 8
20 14 19 13 20 12 21 13
22 14 21 14 21 13 22 13
19 14 20 14 20 13 19 13
24 12 22 14 21 13 23 11
23 9 23 11 22 11 22 9
20 9 19 10 21 12 22 11
20 7 22 7 22 9 20 9
13 15 13 17 11 17 11 15
12 14 11 15 12 16 13 15
19 8 20 9 21 8 20 7
21 10 19 10 19 8 21 8
24 10 24 12 21 12 21 10
14 9 10 13 11 14 15 10
22 10 23 11 24 10 23 9
16 9 15 10 19 14 20 13
10 15 13 18 14 17 11 14
10 14 11 14 11 15 10 15
21 18 20 18 20 14 21 14
9 14 10 14 10 13 9 13
23 15 20 18 19 17 22 14
16 12 20 12 20 9 16 9
22 21 19 21 19 17 22 17
6 11 9 14 10 13 7 10
19 18 18 19 21 22 22 21
7 16 8 17 10 15 9 14
18 15 21 18 22 17 19 14
14 3 10 7 15 12 19 8
16 3 16 9 14 9 14 3
14 14 19 14 19 17 14 17
20 20 19 21 13 15 14 14
23 19 18 19 18 15 23 15
12 9 14 9 14 14 12 14
11 23 8 23 8 17 11 17
7 18 12 18 12 16 7 16
18 12 13 17 14 18 19 13
7 12 15 12 15 10 7 10
