best-score: 917518
count: 15
elapsed-time: 4.508
247
14 23 15 24 16 23 15 22
15 18 14 18 14 17 15 17
14 10 15 10 15 11 14 11
9 25 10 25 10 26 9 26
17 26 18 27 19 26 18 25
22 22 21 22 21 21 22 21
25 13 24 12 25 11 26 12
27 10 28 10 28 9 27 9
26 27 25 28 24 27 25 26
11 15 10 16 11 17 12 16
9 16 10 16 10 15 9 15
15 19 14 18 15 17 16 18
15 15 14 14 15 13 16 14
14 15 15 15 15 14 14 14
25 12 26 12 26 11 25 11
20 11 21 12 22 11 21 10
24 13 25 13 25 12 24 12
10 20 9 20 9 19 10 19
17 10 17 11 16 11 16 10
26 14 27 14 27 15 26 15
16 26 17 26 17 25 16 25
16 9 15 10 16 11 17 10
16 13 16 14 15 14 15 13
10 18 9 19 10 20 11 19
15 12 16 13 17 12 16 11
27 16 26 15 27 14 28 15
15 23 14 23 14 22 15 22
22 23 21 22 22 21 23 22
19 11 20 11 20 12 19 12
11 25 10 26 9 25 10 24
25 15 24 14 25 13 26 14
16 12 15 11 16 10 17 11
14 24 13 23 14 22 15 23
11 24 11 25 10 25 10 24
15 9 16 9 16 10 15 10
23 21 22 22 21 21 22 20
15 16 14 17 13 16 14 15
17 13 16 13 16 12 17 12
11 18 11 19 10 19 10 18
14 13 13 12 14 11 15 12
20 13 19 14 20 15 21 14
14 16 15 17 16 16 15 15
16 19 15 19 15 18 16 18
15 26 14 25 15 24 16 25
8 15 9 16 10 15 9 14
8 14 9 14 9 15 8 15
23 20 23 21 22 21 22 20
13 15 14 15 14 16 13 16
13 9 14 9 14 10 13 10
16 15 16 16 15 16 15 15
28 16 27 16 27 15 28 15
13 17 12 16 13 15 14 16
16 24 15 24 15 23 16 23
15 25 14 25 14 24 15 24
16 22 15 23 16 24 17 23
17 15 16 14 17 13 18 14
14 12 15 12 15 13 14 13
13 14 14 15 15 14 14 13
23 23 22 23 22 22 23 22
21 13 20 13 20 12 21 12
28 17 29 17 29 16 28 16
12 17 13 17 13 16 12 16
14 8 13 9 14 10 15 9
30 17 29 18 28 17 29 16
30 18 29 18 29 17 30 17
15 8 15 9 14 9 14 8
17 14 17 15 16 15 16 14
13 13 14 13 14 14 13 14
14 26 13 25 14 24 15 25
13 11 14 12 15 11 14 10
18 16 17 17 16 16 17 15
17 22 17 23 16 23 16 22
28 18 29 19 30 18 29 17
13 26 14 26 14 25 13 25
12 18 11 18 11 17 12 17
12 25 13 26 14 25 13 24
18 13 18 14 17 14 17 13
12 14 13 15 14 14 13 13
13 19 12 18 13 17 14 18
18 11 17 12 18 13 19 12
28 19 29 19 29 18 28 18
12 24 13 24 13 25 12 25
18 15 17 14 18 13 19 14
17 16 18 16 18 15 17 15
12 15 13 15 13 14 12 14
12 10 13 10 13 11 12 11
12 12 11 11 12 10 13 11
10 14 11 15 12 14 11 13
11 16 12 17 13 16 12 15
11 23 12 24 13 23 12 22
16 17 17 17 17 16 16 16
11 26 10 25 11 24 12 25
19 15 18 15 18 14 19 14
9 13 8 14 9 15 10 14
10 17 11 17 11 16 10 16
18 12 17 12 17 11 18 11
12 26 11 26 11 25 12 25
19 16 20 16 20 15 19 15
18 17 17 16 18 15 19 16
19 17 18 16 19 15 20 16
12 8 11 9 12 10 13 9
11 14 11 15 10 15 10 14
11 12 12 12 12 11 11 11
19 13 18 13 18 12 19 12
20 14 19 13 20 12 21 13
12 13 12 14 11 14 11 13
10 13 10 14 9 14 9 13
12 23 12 24 11 24 11 23
17 18 16 19 15 18 16 17
10 22 9 23 10 24 11 23
9 18 10 19 11 18 10 17
18 18 19 18 19 17 18 17
11 21 10 22 9 21 10 20
10 12 11 12 11 13 10 13
13 22 13 23 12 23 12 22
18 19 17 18 18 17 19 18
18 10 17 11 18 12 19 11
12 20 11 21 12 22 13 21
10 10 9 11 10 12 11 11
19 10 19 11 18 11 18 10
21 15 20 15 20 14 21 14
10 11 9 12 10 13 11 12
9 10 10 10 10 11 9 11
14 21 14 22 13 22 13 21
9 17 10 17 10 18 9 18
17 19 18 19 18 18 17 18
12 21 13 22 14 21 13 20
22 16 21 17 20 16 21 15
12 19 13 19 13 20 12 20
13 18 12 19 11 18 12 17
18 9 17 10 18 11 19 10
8 16 9 17 10 16 9 15
8 17 9 17 9 16 8 16
11 22 12 22 12 21 11 21
10 23 11 23 11 22 10 22
14 19 13 19 13 18 14 18
17 9 18 9 18 10 17 10
9 24 10 24 10 23 9 23
8 25 9 26 10 25 9 24
16 8 15 9 16 10 17 9
8 24 9 24 9 25 8 25
17 8 17 9 16 9 16 8
16 7 15 8 16 9 17 8
15 7 16 7 16 8 15 8
10 8 12 8 12 10 10 10
8 21 10 23 11 22 9 20
8 23 9 23 9 21 8 21
25 7 23 9 25 11 27 9
24 22 26 24 28 22 26 20
26 26 25 26 25 24 26 24
24 21 24 22 23 22 23 21
20 18 22 18 22 16 20 16
19 24 18 25 16 23 17 22
21 19 20 18 21 17 22 18
21 25 20 24 22 22 23 23
9 9 10 10 11 9 10 8
24 28 25 29 27 27 26 26
28 13 27 14 25 12 26 11
19 19 18 18 19 17 20 18
20 19 19 19 19 18 20 18
19 27 18 28 16 26 17 25
19 28 18 28 18 27 19 27
15 21 14 21 14 19 15 19
21 18 20 19 22 21 23 20
17 20 15 22 14 21 16 19
21 26 19 28 20 29 22 27
26 13 28 13 28 12 26 12
23 10 22 11 24 13 25 12
18 21 19 21 19 19 18 19
18 23 18 25 17 25 17 23
13 28 12 28 12 26 13 26
22 15 24 17 26 15 24 13
25 14 26 14 26 13 25 13
21 27 19 27 19 26 21 26
22 28 24 28 24 27 22 27
24 25 23 25 23 23 24 23
25 22 24 23 23 22 24 21
24 29 25 29 25 28 24 28
29 13 27 15 26 14 28 12
22 9 22 11 20 11 20 9
19 20 18 21 17 20 18 19
16 20 17 20 17 19 16 19
25 23 24 23 24 22 25 22
22 17 21 18 19 16 20 15
19 25 17 23 18 22 20 24
27 26 27 27 26 27 26 26
16 21 16 22 15 22 15 21
24 26 22 28 21 27 23 25
11 30 9 28 11 26 13 28
21 8 20 9 21 10 22 9
19 8 21 8 21 10 19 10
18 7 17 8 18 9 19 8
20 7 20 9 18 9 18 7
14 20 13 21 14 22 15 21
26 25 25 26 24 25 25 24
23 12 21 12 21 10 23 10
29 15 28 15 28 13 29 13
20 21 21 21 21 19 20 19
24 15 25 15 25 14 24 14
23 26 21 26 21 25 23 25
17 21 18 21 18 22 17 22
20 25 19 25 19 24 20 24
21 24 23 26 24 25 22 23
18 26 19 26 19 25 18 25
25 27 24 27 24 26 25 26
23 28 22 27 23 26 24 27
30 16 29 17 28 16 29 15
30 15 30 16 29 16 29 15
17 27 18 27 18 26 17 26
20 23 19 24 20 25 21 24
24 16 22 16 22 15 24 15
29 14 28 15 29 16 30 15
20 22 20 23 18 23 18 22
26 28 25 28 25 27 26 27
18 20 17 21 16 20 17 19
21 23 21 24 20 24 20 23
19 22 20 23 21 22 20 21
20 20 19 21 18 20 19 19
31 13 29 15 26 12 28 10
22 30 19 27 21 25 24 28
22 8 19 11 20 12 23 9
10 30 11 30 11 26 10 26
8 28 10 30 12 28 10 26
19 30 22 30 22 28 19 28
8 26 9 26 9 28 8 28
23 8 23 9 22 9 22 8
17 32 13 28 15 26 19 30
7 25 8 26 9 25 8 24
24 7 23 8 26 11 27 10
7 26 8 26 8 25 7 25
16 29 15 29 15 26 16 26
24 18 28 18 28 17 24 17
24 11 25 11 25 7 24 7
25 19 27 19 27 22 25 22
26 21 22 17 24 15 28 19
28 26 27 26 27 22 28 22
17 30 16 29 18 27 19 28
19 32 17 32 17 30 19 30
20 33 19 32 23 28 24 29
24 33 20 33 20 29 24 29
23 34 19 30 20 29 24 33
26 18 25 19 26 20 27 19
24 20 26 20 26 21 24 21
27 17 26 18 24 16 25 15
23 18 24 18 24 20 23 20
26 23 25 22 26 21 27 22
23 19 24 20 25 19 24 18
