best-score: 770414
count: 24
elapsed-time: 4.503
140
25 20 24 21 23 20 24 19
16 9 15 10 16 11 17 10
13 11 13 12 12 12 12 11
11 9 12 9 12 8 11 8
17 9 18 10 19 9 18 8
14 14 15 15 16 14 15 13
20 15 20 16 19 16 19 15
9 20 8 20 8 19 9 19
12 20 13 20 13 21 12 21
16 23 17 23 17 24 16 24
12 10 11 11 12 12 13 11
14 17 13 18 12 17 13 16
19 20 18 19 19 18 20 19
20 14 19 15 20 16 21 15
14 21 13 22 12 21 13 20
18 9 19 9 19 8 18 8
11 22 12 22 12 21 11 21
21 14 20 14 20 13 21 13
20 21 19 21 19 20 20 20
16 10 17 10 17 9 16 9
13 9 12 10 11 9 12 8
14 20 13 21 12 20 13 19
11 10 12 10 12 11 11 11
10 9 11 10 12 9 11 8
22 15 21 15 21 14 22 14
15 14 14 14 14 13 15 13
14 19 14 20 13 20 13 19
22 13 21 14 22 15 23 14
15 11 16 11 16 10 15 10
13 10 12 10 12 9 13 9
14 12 13 11 14 10 15 11
14 11 13 11 13 10 14 10
14 9 13 10 14 11 15 10
13 8 14 8 14 9 13 9
12 19 13 20 14 19 13 18
15 9 15 10 14 10 14 9
16 15 15 15 15 14 16 14
19 14 20 15 21 14 20 13
14 22 13 22 13 21 14 21
10 10 11 10 11 9 10 9
23 13 23 14 22 14 22 13
13 23 12 22 13 21 14 22
13 13 14 13 14 12 13 12
22 12 21 13 22 14 23 13
15 12 14 12 14 11 15 11
16 8 15 9 16 10 17 9
12 18 13 18 13 19 12 19
12 23 13 23 13 22 12 22
15 8 16 8 16 9 15 9
14 7 13 8 14 9 15 8
15 7 15 8 14 8 14 7
21 12 22 12 22 13 21 13
16 13 15 14 14 13 15 12
11 18 12 18 12 17 11 17
17 14 16 14 16 13 17 13
23 12 22 13 21 12 22 11
16 12 16 13 15 13 15 12
23 11 23 12 22 12 22 11
20 11 19 12 20 13 21 12
17 11 16 12 15 11 16 10
20 12 21 12 21 11 20 11
18 11 17 11 17 10 18 10
22 10 21 11 22 12 23 11
17 12 16 12 16 11 17 11
18 13 17 12 18 11 19 12
19 13 20 14 21 13 20 12
19 10 18 11 17 10 18 9
18 12 19 12 19 13 18 13
18 15 17 14 18 13 19 14
18 14 17 13 18 12 19 13
21 10 22 10 22 11 21 11
17 15 18 15 18 14 17 14
19 11 18 12 17 11 18 10
18 16 17 15 18 14 19 15
20 10 20 11 19 11 19 10
20 9 19 10 20 11 21 10
21 9 21 10 20 10 20 9
23 9 22 10 21 9 22 8
20 8 19 9 20 10 21 9
7 17 9 19 11 17 9 15
7 15 8 15 8 17 7 17
22 24 24 24 24 23 22 23
11 14 10 13 12 11 13 12
10 22 8 20 9 19 11 21
9 16 11 18 12 17 10 15
12 13 12 15 10 15 10 13
10 21 9 20 11 18 12 19
10 16 9 16 9 15 10 15
24 8 24 10 22 10 22 8
18 18 19 18 19 16 18 16
16 17 17 17 17 15 16 15
16 21 14 19 16 17 18 19
22 19 22 20 20 20 20 19
19 17 18 18 17 17 18 16
14 15 14 17 12 17 12 15
15 21 14 22 16 24 17 23
21 22 20 21 22 19 23 20
7 16 8 17 9 16 8 15
25 9 24 10 23 9 24 8
25 11 23 11 23 9 25 9
16 19 14 19 14 17 16 17
13 14 12 15 13 16 14 15
18 21 16 21 16 19 18 19
17 19 19 21 20 20 18 18
17 22 16 23 15 22 16 21
18 17 16 19 14 17 16 15
15 20 15 21 14 21 14 20
24 12 23 11 24 10 25 11
16 22 15 22 15 21 16 21
11 16 13 16 13 14 11 14
20 17 19 18 18 17 19 16
16 18 14 20 15 21 17 19
19 22 18 21 19 20 20 21
18 22 19 22 19 21 18 21
24 13 23 13 23 12 24 12
18 23 17 23 17 22 18 22
10 17 11 17 11 16 10 16
14 16 16 18 17 17 15 15
24 17 22 19 20 17 22 15
22 17 24 17 24 19 22 19
13 15 11 17 12 18 14 16
12 14 13 15 14 14 13 13
22 16 22 17 20 17 20 16
23 15 22 16 21 15 22 14
23 16 22 16 22 15 23 15
6 14 7 15 11 11 10 10
21 25 18 22 19 21 22 24
25 16 25 20 23 20 23 16
19 25 21 25 21 22 19 22
26 15 25 16 23 14 24 13
26 14 26 15 23 15 23 14
25 15 23 13 24 12 26 14
23 19 22 20 19 17 20 16
10 18 11 18 11 21 10 21
9 13 10 13 10 10 9 10
8 13 9 13 9 15 8 15
8 18 10 18 10 17 8 17
6 11 11 11 11 14 6 14
29 19 24 24 20 20 25 15
29 21 24 21 24 19 29 19
