best-score: 649306
count: 6
elapsed-time: 4.545
81
24 20 23 21 24 22 25 21
21 40 19 38 21 36 23 38
19 29 19 31 18 31 18 29
14 32 15 32 15 34 14 34
14 36 12 36 12 34 14 34
28 31 26 29 28 27 30 29
19 19 17 21 18 22 20 20
16 34 14 36 12 34 14 32
25 40 21 40 21 36 25 36
11 14 14 17 15 16 12 13
11 31 14 34 17 31 14 28
24 35 25 36 29 32 28 31
29 14 25 18 28 21 32 17
26 30 30 30 30 29 26 29
31 17 31 21 28 21 28 17
23 27 19 31 22 34 26 30
23 18 25 18 25 21 23 21
26 22 22 26 23 27 27 23
24 17 23 18 24 19 25 18
26 20 26 22 24 22 24 20
20 19 24 19 24 17 20 17
27 21 26 22 25 21 26 20
31 24 28 27 25 24 28 21
28 23 27 23 27 21 28 21
27 38 25 40 23 38 25 36
19 20 20 20 20 19 19 19
15 25 19 29 22 26 18 22
32 15 32 17 31 17 31 15
16 38 15 38 15 34 16 34
20 34 17 31 19 29 22 32
29 31 28 31 28 27 29 27
17 39 16 38 20 34 21 35
14 40 12 38 14 36 16 38
20 32 22 32 22 34 20 34
27 27 26 28 29 31 30 30
16 15 15 16 19 20 20 19
23 23 27 23 27 27 23 27
16 16 15 16 15 15 16 15
28 26 27 27 23 23 24 22
21 21 23 21 23 23 21 23
18 12 15 15 16 16 19 13
11 39 17 39 17 31 11 31
24 8 19 13 26 20 31 15
12 19 19 19 19 13 12 13
37 32 29 32 29 31 37 31
35 14 35 16 29 16 29 14
32 26 27 21 31 17 36 22
13 29 18 29 18 22 13 22
31 22 36 22 36 21 31 21
34 38 26 30 29 27 37 35
19 28 26 28 26 29 19 29
20 30 20 32 15 32 15 30
23 31 23 38 19 38 19 31
26 24 31 24 31 22 26 22
37 12 37 15 32 15 32 12
21 38 15 32 18 29 24 35
19 25 15 25 15 20 19 20
21 26 19 28 13 22 15 20
24 30 19 25 21 23 26 28
39 18 36 21 32 17 35 14
32 23 32 26 28 26 28 23
26 35 24 35 24 30 26 30
27 36 34 36 34 38 27 38
37 23 32 23 32 17 37 17
38 30 37 30 37 23 38 23
20 22 24 22 24 30 20 30
33 27 37 31 38 30 34 26
22 22 21 23 20 22 21 21
38 29 37 30 31 24 32 23
28 8 28 17 24 17 24 8
44 25 37 32 28 23 35 16
20 16 24 20 32 12 28 8
16 17 20 17 20 16 16 16
38 18 29 27 28 26 37 17
24 31 12 19 14 17 26 29
16 24 14 24 14 17 16 17
34 23 21 36 15 30 28 17
39 23 38 23 38 18 39 18
36 25 34 23 36 21 38 23
44 22 44 25 36 25 36 22
38 28 31 21 37 15 44 22
