best-score: 674043
count: 4
elapsed-time: 4.507
145
41 42 40 43 41 44 42 43
41 35 40 35 40 34 41 34
19 21 20 21 20 22 19 22
34 15 33 16 32 15 33 14
41 43 42 43 42 44 41 44
21 25 21 26 20 26 20 25
40 42 41 42 41 43 40 43
42 42 41 43 40 42 41 41
42 41 42 42 41 42 41 41
20 35 22 35 22 34 20 34
28 18 30 18 30 19 28 19
17 20 19 22 20 21 18 19
35 14 35 16 33 16 33 14
22 21 20 21 20 19 22 19
17 43 16 44 14 42 15 41
33 25 35 27 36 26 34 24
22 18 24 20 26 18 24 16
22 32 20 34 18 32 20 30
26 17 28 17 28 18 26 18
22 23 20 25 21 26 23 24
25 24 23 24 23 22 25 22
27 18 26 17 27 16 28 17
38 20 40 22 41 21 39 19
36 15 35 16 34 15 35 14
21 22 22 23 23 22 22 21
25 20 23 22 25 24 27 22
27 20 27 22 25 22 25 20
26 19 27 20 28 19 27 18
31 27 34 27 34 24 31 24
15 44 16 44 16 41 15 41
37 29 33 29 33 25 37 25
16 26 20 30 24 26 20 22
27 15 30 18 31 17 28 14
25 16 25 20 24 20 24 16
17 34 20 34 20 30 17 30
18 35 14 35 14 32 18 32
31 14 31 17 28 17 28 14
28 44 27 43 31 39 32 40
29 28 28 27 31 24 32 25
27 14 27 15 23 15 23 14
24 32 23 33 26 36 27 35
40 26 44 26 44 29 40 29
39 41 41 41 41 38 39 38
29 18 28 17 31 14 32 15
24 25 27 28 28 27 25 24
38 30 37 29 40 26 41 27
35 31 34 31 34 27 35 27
39 31 36 34 35 33 38 30
34 23 30 19 33 16 37 20
24 34 22 34 22 32 24 32
24 44 28 44 28 41 24 41
20 17 22 19 25 16 23 14
17 14 20 14 20 17 17 17
41 29 37 25 40 22 44 26
28 24 31 27 33 25 30 22
38 39 41 42 42 41 39 38
29 20 28 19 29 18 30 19
36 22 40 22 40 26 36 26
15 16 18 19 20 17 17 14
20 27 16 27 16 26 20 26
16 35 17 36 18 35 17 34
18 29 16 27 18 25 20 27
25 27 28 27 28 24 25 24
22 29 22 32 18 32 18 29
36 25 34 27 32 25 34 23
35 24 34 24 34 23 35 23
27 23 24 26 25 27 28 24
39 33 35 33 35 31 39 31
39 27 35 27 35 24 39 24
30 23 27 23 27 22 30 22
28 25 25 22 27 20 30 23
23 28 22 29 20 27 21 26
34 10 26 18 30 22 38 14
36 10 36 15 34 15 34 10
18 47 15 44 21 38 24 41
11 36 16 41 22 35 17 30
49 30 41 38 34 31 42 23
11 34 17 34 17 36 11 36
13 32 11 34 14 37 16 35
13 24 14 24 14 32 13 32
33 28 40 35 41 34 34 27
38 25 43 30 44 29 39 24
22 43 27 43 27 35 22 35
37 34 40 34 40 29 37 29
26 39 22 35 29 28 33 32
39 44 34 39 35 38 40 43
21 15 23 15 23 22 21 22
32 16 27 16 27 15 32 15
38 19 39 19 39 14 38 14
37 42 36 42 36 34 37 34
31 37 31 39 26 39 26 37
18 18 17 17 20 14 21 15
33 41 32 40 39 33 40 34
43 25 43 30 38 30 38 25
27 40 25 42 24 41 26 39
44 19 44 24 39 24 39 19
42 16 42 23 35 23 35 16
36 19 36 22 30 22 30 19
29 37 27 35 33 29 35 31
18 41 20 41 20 35 18 35
29 19 34 24 35 23 30 18
25 30 20 30 20 27 25 27
20 18 20 19 18 19 18 18
27 33 23 33 23 28 27 28
21 39 14 32 20 26 27 33
37 19 38 19 38 20 37 20
33 13 39 19 42 16 36 10
31 13 33 13 33 14 31 14
29 49 24 44 31 37 36 42
34 19 39 24 44 19 39 14
31 29 27 33 31 37 35 33
37 21 36 22 31 17 32 16
33 44 39 44 39 41 33 41
31 32 26 37 33 44 38 39
35 35 27 35 27 33 35 33
22 17 22 18 20 18 20 17
29 21 37 21 37 20 29 20
37 15 37 19 36 19 36 15
22 26 21 25 28 18 29 19
24 19 22 21 20 19 22 17
25 18 24 19 25 20 26 19
39 35 39 38 35 38 35 35
42 40 41 41 35 35 36 34
28 29 31 29 31 27 28 27
38 21 38 25 37 25 37 21
33 37 31 37 31 32 33 32
22 25 24 25 24 26 22 26
39 20 38 21 37 20 38 19
21 23 22 23 22 25 21 25
20 23 21 23 21 22 20 22
17 24 18 25 20 23 19 22
17 28 23 28 23 24 17 24
18 23 20 23 20 25 18 25
14 20 17 20 17 24 14 24
15 19 14 20 20 26 21 25
15 23 18 23 18 19 15 19
29 27 24 32 15 23 20 18
29 44 20 35 25 30 34 39
39 28 27 40 28 41 40 29
31 28 21 38 18 35 28 25
25 37 25 42 14 42 14 37
28 49 29 49 29 44 28 44
25 36 26 36 26 37 25 37
41 28 39 28 39 27 41 27
21 42 20 41 25 36 26 37
