best-score: 739780
count: 16
elapsed-time: 4.505
164
11 8 10 9 11 10 12 9
10 8 11 8 11 9 10 9
13 19 12 18 13 17 14 18
17 27 16 26 17 25 18 26
10 18 9 17 10 16 11 17
21 10 22 10 22 9 21 9
16 18 17 18 17 17 16 17
18 19 17 19 17 18 18 18
12 21 11 22 10 21 11 20
12 27 13 27 13 26 12 26
9 25 10 25 10 26 9 26
26 25 26 26 25 26 25 25
24 19 23 19 23 18 24 18
14 14 15 14 15 13 14 13
19 18 18 19 17 18 18 17
18 25 19 25 19 26 18 26
19 17 18 18 17 17 18 16
11 21 11 22 10 22 10 21
21 15 20 14 21 13 22 14
18 20 17 19 18 18 19 19
19 24 18 25 19 26 20 25
20 24 20 25 19 25 19 24
15 19 16 19 16 18 15 18
24 20 23 19 24 18 25 19
14 26 13 27 12 26 13 25
16 20 15 19 16 18 17 19
17 16 18 16 18 17 17 17
17 26 18 26 18 27 17 27
11 11 12 11 12 10 11 10
18 24 18 25 17 25 17 24
8 26 9 27 10 26 9 25
8 27 9 27 9 26 8 26
19 23 18 24 19 25 20 24
16 24 17 25 18 24 17 23
25 20 24 20 24 19 25 19
19 16 18 17 17 16 18 15
16 25 17 26 18 25 17 24
15 25 14 26 15 27 16 26
20 18 20 19 19 19 19 18
16 14 15 15 14 14 15 13
18 23 19 23 19 24 18 24
14 25 14 26 13 26 13 25
12 20 12 21 11 21 11 20
16 23 17 23 17 24 16 24
19 15 19 16 18 16 18 15
19 20 18 20 18 19 19 19
10 10 11 11 12 10 11 9
17 20 16 20 16 19 17 19
15 26 16 26 16 25 15 25
17 22 16 23 17 24 18 23
16 15 15 15 15 14 16 14
18 21 17 20 18 19 19 20
12 22 11 21 12 20 13 21
15 24 14 25 15 26 16 25
17 21 18 21 18 20 17 20
14 24 15 24 15 25 14 25
18 22 18 23 17 23 17 22
14 27 15 27 15 26 14 26
13 22 12 22 12 21 13 21
15 16 16 17 17 16 16 15
13 28 12 27 13 26 14 27
14 28 13 28 13 27 14 27
16 22 17 23 18 22 17 21
15 23 14 24 15 25 16 24
15 21 14 22 15 23 16 22
16 21 17 21 17 22 16 22
15 22 16 22 16 23 15 23
14 23 15 24 16 23 15 22
15 20 16 21 17 20 16 19
14 21 15 21 15 22 14 22
13 20 12 21 13 22 14 21
13 23 14 23 14 22 13 22
12 24 13 25 14 24 13 23
14 20 14 21 13 21 13 20
12 19 13 19 13 20 12 20
14 19 15 19 15 20 14 20
13 18 14 18 14 19 13 19
12 17 13 17 13 18 12 18
14 17 13 18 14 19 15 18
15 17 15 18 14 18 14 17
11 18 12 19 13 18 12 17
16 16 15 17 16 18 17 17
11 19 12 19 12 18 11 18
17 15 17 16 16 16 16 15
10 17 11 17 11 18 10 18
18 14 17 15 16 14 17 13
19 13 18 14 19 15 20 14
9 16 10 16 10 17 9 17
17 14 18 14 18 15 17 15
16 13 17 13 17 14 16 14
15 12 14 13 15 14 16 13
16 12 16 13 15 13 15 12
14 12 15 13 16 12 15 11
13 13 14 13 14 12 13 12
14 11 15 11 15 12 14 12
13 10 12 11 13 12 14 11
13 9 13 10 12 10 12 9
15 10 14 11 15 12 16 11
16 10 16 11 15 11 15 10
11 28 9 26 10 25 12 27
29 22 27 24 25 22 27 20
14 8 13 9 15 11 16 10
22 21 21 22 19 20 20 19
26 20 26 22 25 22 25 20
22 22 24 24 26 22 24 20
21 21 22 21 22 22 21 22
11 24 12 24 12 22 11 22
22 20 21 21 19 19 20 18
23 22 22 21 24 19 25 20
24 21 22 21 22 20 24 20
22 16 20 18 19 17 21 15
20 16 22 16 22 14 20 14
20 17 19 17 19 16 20 16
12 25 11 24 13 22 14 23
9 24 10 25 11 24 10 23
13 24 13 25 12 25 12 24
21 18 20 19 19 18 20 17
21 17 21 18 20 18 20 17
29 25 26 25 26 22 29 22
8 14 10 16 13 13 11 11
25 17 21 17 21 15 25 15
26 16 27 16 27 20 26 20
25 12 24 13 21 10 22 9
23 25 25 25 25 22 23 22
19 10 19 13 17 13 17 10
13 14 14 14 14 17 13 17
24 26 23 25 24 24 25 25
22 23 25 26 26 25 23 22
18 12 19 13 22 10 21 9
20 12 20 14 18 14 18 12
27 21 27 24 24 24 24 21
12 15 14 17 15 16 13 14
26 15 23 18 24 19 27 16
11 14 9 16 10 17 12 15
11 13 13 13 13 14 11 14
17 11 16 12 17 13 18 12
30 24 29 25 26 22 27 21
18 8 16 10 17 11 19 9
23 15 22 16 24 18 25 17
12 13 13 14 14 13 13 12
26 12 26 15 25 15 25 12
22 26 23 26 23 25 22 25
21 23 20 24 22 26 23 25
12 16 15 16 15 15 12 15
20 11 17 14 16 13 19 10
25 11 22 14 23 15 26 12
20 22 21 23 22 22 21 21
11 16 12 16 12 17 11 17
21 25 22 25 22 23 21 23
20 23 21 23 21 22 20 22
20 21 20 22 18 22 18 21
19 21 18 22 19 23 20 22
10 14 11 14 11 16 10 16
21 24 20 23 21 22 22 23
21 19 21 21 20 21 20 19
13 15 12 16 10 14 11 13
19 22 18 23 19 24 20 23
8 10 10 10 10 14 8 14
21 26 20 25 21 24 22 25
20 26 21 26 21 25 20 25
19 27 18 26 19 25 20 26
20 27 19 27 19 26 20 26
19 28 18 27 19 26 20 27
18 28 19 28 19 27 18 27
