best-score: 680169
count: 15
elapsed-time: 4.501
68
8 16 9 17 10 16 9 15
18 19 17 19 17 18 18 18
16 25 15 26 14 25 15 24
14 19 13 18 14 17 15 18
14 21 13 20 14 19 15 20
14 13 15 13 15 12 14 12
23 26 24 26 24 25 23 25
19 18 18 19 17 18 18 17
27 18 27 19 26 19 26 18
15 14 14 15 13 14 14 13
19 17 19 18 18 18 18 17
11 18 10 19 12 21 13 20
24 23 26 23 26 25 24 25
16 19 16 21 14 21 14 19
16 17 15 18 16 19 17 18
9 18 11 18 11 17 9 17
13 15 12 14 14 12 15 13
14 14 14 15 13 15 13 14
20 15 18 15 18 13 20 13
11 20 13 20 13 18 11 18
16 15 18 17 20 15 18 13
14 23 12 23 12 21 14 21
17 20 16 21 15 20 16 19
23 14 21 16 20 15 22 13
14 24 15 24 15 23 14 23
13 24 14 24 14 25 13 25
13 22 12 23 13 24 14 23
17 22 15 24 14 23 16 21
15 22 17 22 17 20 15 20
8 19 10 19 10 16 8 16
6 15 9 18 13 14 10 11
11 28 10 27 13 24 14 25
6 17 9 17 9 15 6 15
9 20 8 19 9 18 10 19
24 22 24 23 21 23 21 22
17 14 17 18 15 18 15 14
22 22 21 23 17 19 18 18
27 10 23 10 23 9 27 9
12 9 11 10 14 13 15 12
23 21 24 22 27 19 26 18
15 21 11 17 13 15 17 19
23 20 21 22 24 25 26 23
19 14 23 14 23 17 19 17
20 23 17 20 18 19 21 22
31 14 27 18 23 14 27 10
12 10 11 10 11 9 12 9
13 10 13 14 12 14 12 10
21 26 20 26 20 23 21 23
23 28 21 26 24 23 26 25
21 28 23 28 23 26 21 26
18 25 21 28 23 26 20 23
18 21 18 25 16 25 16 21
8 18 14 24 15 23 9 17
15 31 10 26 15 21 20 26
29 15 26 18 20 12 23 9
23 5 15 13 19 17 27 9
20 31 15 31 15 26 20 26
11 25 9 25 9 20 11 20
18 20 23 20 23 21 18 21
26 21 24 23 19 18 21 16
13 28 11 28 11 25 13 25
18 33 13 28 15 26 20 31
12 5 23 5 23 9 12 9
15 2 12 5 20 13 23 10
18 2 18 12 15 12 15 2
19 3 12 10 11 9 18 2
17 3 19 3 19 14 17 14
21 11 21 16 10 16 10 11
