best-score: 853594
count: 26
elapsed-time: 4.503
71
24 15 23 16 22 15 23 14
19 24 18 23 19 22 20 23
22 18 21 18 21 17 22 17
20 10 21 11 22 10 21 9
10 20 9 21 10 22 11 21
20 18 21 19 22 18 21 17
23 15 22 15 22 14 23 14
24 14 23 15 22 14 23 13
24 13 24 14 23 14 23 13
24 16 23 16 23 15 24 15
20 19 21 19 21 18 20 18
18 18 19 19 20 18 19 17
23 12 22 13 23 14 24 13
22 12 23 12 23 13 22 13
21 13 20 12 21 11 22 12
21 15 20 14 21 13 22 14
21 14 22 14 22 13 21 13
20 15 21 15 21 14 20 14
21 16 20 15 21 14 22 15
22 16 21 16 21 15 22 15
20 16 21 17 22 16 21 15
20 17 21 18 22 17 21 16
23 17 22 17 22 16 23 16
19 16 20 16 20 17 19 17
24 18 23 19 22 18 23 17
11 19 11 21 9 21 9 19
18 19 17 18 19 16 20 17
19 23 17 21 19 19 21 21
10 18 9 19 10 20 11 19
13 19 11 19 11 18 13 18
23 21 21 21 21 19 23 19
19 18 19 19 18 19 18 18
20 22 20 23 19 23 19 22
18 24 19 24 19 23 18 23
12 15 16 15 16 12 12 12
11 16 13 18 14 17 12 15
15 19 18 19 18 23 15 23
11 12 7 12 7 10 11 10
18 11 21 11 21 9 18 9
16 10 20 10 20 12 16 12
15 11 12 8 13 7 16 10
19 10 18 11 21 14 22 13
13 21 15 23 17 21 15 19
12 11 10 11 10 8 12 8
15 13 19 17 20 16 16 12
10 16 11 16 11 18 10 18
15 16 11 12 12 11 16 15
18 13 15 13 15 11 18 11
16 19 14 17 15 16 17 18
11 13 15 13 15 16 11 16
17 14 19 16 20 15 18 13
18 14 18 18 17 18 17 14
20 13 20 14 18 14 18 13
21 12 21 13 20 13 20 12
22 11 22 12 21 12 21 11
16 26 11 21 13 19 18 24
24 23 22 23 22 18 24 18
6 8 11 13 12 12 7 7
13 4 7 10 12 15 18 9
5 13 10 18 15 13 10 8
5 12 7 12 7 13 5 13
25 22 24 23 20 19 21 18
9 4 13 4 13 7 9 7
16 9 9 16 11 18 18 11
9 11 10 11 10 16 9 16
11 9 16 9 16 10 11 10
19 20 19 22 10 22 10 20
20 20 19 20 19 19 20 19
25 20 25 22 20 22 20 20
26 19 25 20 22 17 23 16
26 17 26 19 23 19 23 17
