best-score: 778826
count: 8
elapsed-time: 4.506
147
19 10 18 11 19 12 20 11
15 14 15 15 14 15 14 14
31 15 30 14 31 13 32 14
22 20 21 21 20 20 21 19
33 25 33 26 32 26 32 25
31 27 30 26 31 25 32 26
12 31 11 31 11 30 12 30
35 32 35 33 34 33 34 32
15 13 14 14 15 15 16 14
22 30 21 31 20 30 21 29
13 12 14 12 14 11 13 11
19 30 20 30 20 29 19 29
34 31 33 32 34 33 35 32
14 13 13 14 14 15 15 14
13 30 12 31 13 32 14 31
13 31 14 31 14 32 13 32
21 23 20 24 21 25 22 24
21 20 20 20 20 19 21 19
21 30 22 30 22 29 21 29
13 10 12 11 13 12 14 11
12 10 13 10 13 11 12 11
13 29 12 30 13 31 14 30
14 29 14 30 13 30 13 29
16 13 16 14 15 14 15 13
21 24 22 24 22 23 21 23
15 11 14 12 15 13 16 12
15 12 15 13 14 13 14 12
13 13 14 13 14 14 13 14
33 31 34 31 34 32 33 32
20 31 21 31 21 30 20 30
22 22 21 23 20 22 21 21
20 25 21 25 21 24 20 24
16 11 16 12 15 12 15 11
21 28 20 29 21 30 22 29
22 21 21 21 21 20 22 20
20 28 21 28 21 29 20 29
13 33 12 32 13 31 14 32
15 10 14 11 15 12 16 11
14 10 15 10 15 11 14 11
13 9 12 10 13 11 14 10
14 9 14 10 13 10 13 9
12 33 13 33 13 32 12 32
12 12 13 13 14 12 13 11
14 33 13 34 12 33 13 32
14 34 13 34 13 33 14 33
12 13 13 13 13 12 12 12
10 15 11 16 13 14 12 13
20 13 18 13 18 11 20 11
26 20 24 18 25 17 27 19
32 18 30 16 31 15 33 17
34 24 33 25 31 23 32 22
26 19 27 19 27 20 26 20
33 35 32 34 34 32 35 33
30 30 29 29 31 27 32 28
19 14 18 13 19 12 20 13
24 23 22 23 22 22 24 22
32 16 30 16 30 14 32 14
26 21 24 23 22 21 24 19
31 16 30 17 32 19 33 18
30 28 32 28 32 26 30 26
32 17 33 17 33 18 32 18
22 33 20 31 21 30 23 32
14 27 16 27 16 29 14 29
32 23 32 25 31 25 31 23
24 31 23 32 25 34 26 33
26 18 26 19 24 19 24 18
20 38 17 35 21 31 24 34
24 9 20 13 23 16 27 12
35 22 32 22 32 19 35 19
17 32 17 33 14 33 14 32
21 11 17 15 21 19 25 15
21 34 24 34 24 31 21 31
35 15 31 15 31 13 35 13
16 32 17 33 20 30 19 29
17 19 20 19 20 15 17 15
19 16 16 16 16 14 19 14
34 23 31 20 32 19 35 22
28 30 28 33 26 33 26 30
29 20 31 20 31 23 29 23
33 30 33 31 30 31 30 30
21 15 25 15 25 11 21 11
18 17 15 14 16 13 19 16
17 34 21 34 21 35 17 35
18 33 17 32 19 30 20 31
24 17 21 20 20 19 23 16
27 27 26 28 28 30 29 29
29 16 26 19 27 20 30 17
18 23 14 27 16 29 20 25
31 29 34 29 34 27 31 27
29 30 30 31 34 27 33 26
13 19 12 18 15 15 16 16
25 28 21 24 22 23 26 27
18 21 21 21 21 23 18 23
28 29 29 29 29 30 28 30
27 25 24 22 26 20 29 23
25 25 25 28 21 28 21 25
37 17 35 19 33 17 35 15
28 38 24 34 28 30 32 34
35 24 33 26 32 25 34 23
16 19 18 21 20 19 18 17
30 23 26 27 28 29 32 25
25 30 26 30 26 28 25 28
27 28 26 28 26 27 27 27
35 30 34 31 33 30 34 29
26 26 27 27 28 26 27 25
29 17 30 17 30 16 29 16
13 17 16 17 16 19 13 19
23 28 22 29 24 31 25 30
35 27 34 27 34 24 35 24
24 24 20 28 21 29 25 25
25 33 22 33 22 30 25 30
26 34 25 34 25 33 26 33
34 28 32 26 33 25 35 27
37 12 37 17 33 17 33 12
34 38 28 38 28 33 34 33
27 10 27 12 19 12 19 10
10 26 13 29 20 22 17 19
29 43 21 35 26 30 34 38
23 14 15 22 21 28 29 20
29 14 29 16 23 16 23 14
28 21 28 26 26 26 26 21
27 18 32 18 32 19 27 19
15 20 20 20 20 22 15 22
24 12 29 17 30 16 25 11
12 25 13 25 13 19 12 19
13 28 20 28 20 25 13 25
12 29 13 30 14 29 13 28
18 18 24 18 24 17 18 17
11 26 13 28 14 27 12 25
16 26 17 26 17 19 16 19
29 24 24 24 24 23 29 23
24 29 22 29 22 24 24 24
19 31 14 31 14 30 19 30
10 30 11 30 11 26 10 26
19 38 20 38 20 31 19 31
9 22 12 25 15 22 12 19
24 7 20 11 23 14 27 10
9 23 15 23 15 22 9 22
12 28 13 28 13 29 12 29
11 29 10 30 11 31 12 30
14 7 24 7 24 9 14 9
10 24 14 24 14 15 10 15
17 27 26 27 26 26 17 26
14 20 10 24 9 23 13 19
23 35 33 35 33 32 23 32
18 26 17 27 19 29 20 28
17 21 15 23 18 26 20 24
