best-score: 731254
count: 12
elapsed-time: 4.503
135
9 11 10 12 11 11 10 10
20 13 19 14 18 13 19 12
15 13 16 13 16 12 15 12
24 20 23 19 24 18 25 19
18 12 19 12 19 11 18 11
23 26 22 26 22 25 23 25
23 10 23 11 22 11 22 10
26 10 27 10 27 11 26 11
29 24 30 24 30 23 29 23
19 10 18 11 19 12 20 11
21 11 22 12 23 11 22 10
26 12 25 11 26 10 27 11
17 12 18 12 18 13 17 13
12 10 11 11 12 12 13 11
21 25 22 26 23 25 22 24
21 12 22 12 22 11 21 11
20 10 20 11 19 11 19 10
21 24 22 24 22 25 21 25
17 11 16 12 17 13 18 12
25 12 26 12 26 11 25 11
24 11 23 12 22 11 23 10
22 13 21 14 20 13 21 12
17 14 16 13 17 12 18 13
18 14 18 15 17 15 17 14
24 12 23 12 23 11 24 11
21 10 20 11 21 12 22 11
16 11 17 12 18 11 17 10
19 13 19 14 18 14 18 13
24 13 23 14 22 13 23 12
18 10 18 11 17 11 17 10
27 12 26 13 25 12 26 11
20 12 19 13 18 12 19 11
19 9 18 10 19 11 20 10
18 9 19 9 19 10 18 10
15 10 14 11 15 12 16 11
21 13 22 13 22 14 21 14
16 14 17 14 17 13 16 13
23 13 22 13 22 12 23 12
27 13 26 13 26 12 27 12
14 14 15 15 16 14 15 13
24 10 23 11 24 12 25 11
25 13 24 13 24 12 25 12
26 14 25 13 26 12 27 13
24 14 23 13 24 12 25 13
28 13 28 14 27 14 27 13
28 15 27 14 28 13 29 14
25 10 25 11 24 11 24 10
26 9 25 10 26 11 27 10
25 9 26 9 26 10 25 10
25 14 26 14 26 13 25 13
26 15 25 14 26 13 27 14
29 15 28 15 28 14 29 14
27 15 26 15 26 14 27 14
28 16 27 15 28 14 29 15
27 16 28 16 28 15 27 15
26 17 25 16 26 15 27 16
14 12 14 14 12 14 12 12
19 29 17 29 17 28 19 28
20 16 19 17 17 15 18 14
15 21 14 20 16 18 17 19
23 28 25 28 25 26 23 26
20 27 19 26 21 24 22 25
15 11 15 12 14 12 14 11
28 21 27 22 29 24 30 23
15 16 16 17 18 15 17 14
25 17 24 16 26 14 27 15
17 16 15 16 15 15 17 15
21 28 23 30 25 28 23 26
29 10 27 12 28 13 30 11
17 24 15 26 17 28 19 26
22 18 20 16 22 14 24 16
24 17 25 17 25 16 24 16
26 18 27 19 29 17 28 16
21 26 19 26 19 25 21 25
27 21 25 21 25 19 27 19
21 30 23 30 23 28 21 28
28 22 27 22 27 21 28 21
22 20 24 20 24 18 22 18
25 18 26 18 26 17 25 17
11 24 11 26 10 26 10 24
23 16 24 16 24 14 23 14
29 19 27 21 28 22 30 20
16 10 16 11 15 11 15 10
24 15 23 16 24 17 25 16
17 9 16 10 17 11 18 10
16 9 17 9 17 10 16 10
17 8 16 9 17 10 18 9
18 8 18 9 17 9 17 8
27 17 29 17 29 19 27 19
14 10 13 11 14 12 15 11
20 29 19 28 20 27 21 28
21 19 22 20 23 19 22 18
26 16 27 16 27 17 26 17
19 21 17 19 19 17 21 19
13 10 14 10 14 11 13 11
25 15 26 15 26 16 25 16
17 23 19 25 21 23 19 21
16 24 14 22 15 21 17 23
16 23 17 23 17 24 16 24
27 32 23 28 25 26 29 30
9 23 10 24 14 20 13 19
9 19 13 19 13 23 9 23
6 22 10 26 13 23 9 19
13 17 16 17 16 18 13 18
23 23 21 23 21 19 23 19
26 21 22 25 23 26 27 22
21 22 25 26 26 25 22 21
11 20 14 20 14 22 11 22
12 23 11 24 14 27 15 26
11 14 10 13 13 10 14 11
29 20 28 21 25 18 26 17
21 20 22 21 25 18 24 17
25 24 22 24 22 21 25 21
26 23 26 25 23 25 23 23
30 12 27 12 27 11 30 11
15 25 19 25 19 21 15 21
20 19 17 19 17 16 20 16
21 17 19 17 19 14 21 14
29 26 25 26 25 24 29 24
9 14 11 14 11 11 9 11
7 16 11 20 13 18 9 14
22 22 23 23 25 21 24 20
30 19 30 20 29 20 29 19
29 11 27 13 28 14 30 12
18 17 20 19 23 16 21 14
20 28 19 29 15 25 16 24
21 27 21 28 20 28 20 27
22 27 21 27 21 26 22 26
31 18 30 19 27 16 28 15
7 21 15 21 15 16 7 16
9 21 17 29 21 25 13 17
7 17 9 19 14 14 12 12
10 15 15 15 15 13 10 13
20 22 20 27 14 27 14 22
17 18 12 23 11 22 16 17
