best-score: 680171
count: 6
elapsed-time: 4.513
262
39 35 38 36 37 35 38 34
31 24 32 24 32 23 31 23
39 36 38 36 38 35 39 35
27 18 27 19 26 19 26 18
30 22 31 22 31 23 30 23
38 33 39 33 39 34 38 34
28 29 27 30 28 31 29 30
30 34 31 34 31 35 30 35
27 37 26 36 27 35 28 36
15 13 14 14 15 15 16 14
32 25 31 24 32 23 33 24
19 32 20 32 20 31 19 31
29 32 28 32 28 31 29 31
16 18 15 17 16 16 17 17
29 22 30 23 31 22 30 21
33 14 34 14 34 13 33 13
37 33 38 34 39 33 38 32
37 16 36 15 37 14 38 15
37 34 38 34 38 35 37 35
30 36 29 35 30 34 31 35
29 33 28 32 29 31 30 32
33 22 32 23 31 22 32 21
22 27 23 27 23 28 22 28
37 32 38 32 38 33 37 33
32 22 33 22 33 21 32 21
26 21 25 22 26 23 27 22
17 34 16 35 17 36 18 35
26 31 25 32 26 33 27 32
29 21 30 21 30 22 29 22
33 29 32 29 32 28 33 28
26 14 26 15 25 15 25 14
37 36 36 35 37 34 38 35
28 30 29 30 29 29 28 29
22 23 23 23 23 22 22 22
38 37 37 37 37 36 38 36
40 35 39 36 38 35 39 34
33 12 32 13 33 14 34 13
40 34 40 35 39 35 39 34
32 12 33 12 33 13 32 13
33 23 32 24 31 23 32 22
36 33 37 34 38 33 37 32
34 23 33 23 33 22 34 22
26 22 27 22 27 21 26 21
26 32 27 32 27 31 26 31
30 30 29 31 28 30 29 29
30 33 29 33 29 32 30 32
32 33 31 34 30 33 31 32
31 29 32 30 33 29 32 28
25 23 26 23 26 22 25 22
28 33 27 32 28 31 29 32
34 30 33 29 34 28 35 29
35 34 34 33 35 32 36 33
31 30 32 30 32 29 31 29
25 33 26 33 26 32 25 32
28 38 27 39 26 38 27 37
29 36 30 36 30 35 29 35
35 22 34 23 33 22 34 21
33 25 32 25 32 24 33 24
27 33 26 32 27 31 28 32
28 37 29 38 30 37 29 36
30 31 29 31 29 30 30 30
24 14 25 15 26 14 25 13
36 34 37 34 37 33 36 33
27 36 28 36 28 37 27 37
31 31 31 32 30 32 30 31
36 36 37 36 37 35 36 35
26 35 27 35 27 36 26 36
29 37 29 38 28 38 28 37
32 32 31 31 32 30 33 31
34 35 35 36 36 35 35 34
33 32 33 33 32 33 32 32
35 21 35 22 34 22 34 21
33 34 32 33 33 32 34 33
23 33 24 34 25 33 24 32
30 29 29 30 30 31 31 30
35 35 36 36 37 35 36 34
34 34 33 34 33 33 34 33
34 20 33 21 34 22 35 21
34 36 35 36 35 35 34 35
36 22 35 21 36 20 37 21
30 38 29 39 28 38 29 37
24 13 25 13 25 14 24 14
30 39 29 39 29 38 30 38
33 35 34 36 35 35 34 34
33 20 34 20 34 21 33 21
32 19 31 20 32 21 33 20
27 12 25 14 26 15 28 13
18 34 17 33 19 31 20 32
16 33 14 31 16 29 18 31
24 36 26 36 26 38 24 38
27 34 29 36 30 35 28 33
17 35 18 35 18 34 17 34
17 18 17 20 16 20 16 18
14 27 16 29 18 27 16 25
26 34 27 34 27 33 26 33
25 34 26 35 27 34 26 33
18 22 16 20 18 18 20 20
28 35 29 35 29 33 28 33
36 24 35 25 33 23 34 22
25 29 27 31 28 30 26 28
35 31 33 31 33 29 35 29
28 24 29 25 31 23 30 22
27 25 25 23 26 22 28 24
25 30 25 32 24 32 24 30
20 26 22 28 23 27 21 25
24 21 26 21 26 19 24 19
25 16 27 18 28 17 26 15
22 19 24 21 26 19 24 17
34 18 36 18 36 20 34 20
25 26 23 28 22 27 24 25
16 36 17 36 17 35 16 35
18 24 17 23 18 22 19 23
27 29 27 30 25 30 25 29
37 31 37 32 35 32 35 31
30 19 32 19 32 21 30 21
20 24 21 25 23 23 22 22
25 24 24 25 22 23 23 22
29 20 30 21 31 20 30 19
33 26 35 26 35 25 33 25
23 24 25 24 25 23 23 23
36 32 34 34 33 33 35 31
28 34 27 35 26 34 27 33
25 35 26 35 26 34 25 34
35 24 36 24 36 22 35 22
14 16 16 16 16 14 14 14
19 28 19 30 18 30 18 28
31 18 33 18 33 20 31 20
38 13 39 13 39 15 38 15
17 15 17 17 15 17 15 15
26 29 25 30 26 31 27 30
20 22 20 24 18 24 18 22
23 21 22 22 20 20 21 19
34 31 33 32 31 30 32 29
29 26 27 26 27 25 29 25
23 34 24 34 24 36 23 36
24 33 25 33 25 34 24 34
16 34 17 34 17 33 16 33
32 17 31 18 32 19 33 18
18 17 18 18 17 18 17 17
28 21 26 19 27 18 29 20
21 17 22 17 22 19 21 19
25 37 24 36 25 35 26 36
24 22 23 22 23 21 24 21
25 39 24 38 25 37 26 38
23 32 24 32 24 33 23 33
28 25 29 26 31 24 30 23
29 16 28 17 30 19 31 18
28 20 29 20 29 21 28 21
22 33 23 34 24 33 23 32
21 30 23 32 25 30 23 28
34 25 33 24 34 23 35 24
24 24 23 23 24 22 25 23
22 20 22 22 20 22 20 20
15 35 16 36 17 35 16 34
28 23 27 22 28 21 29 22
28 22 27 21 28 20 29 21
30 24 28 24 28 23 30 23
27 23 28 23 28 22 27 22
22 34 23 34 23 33 22 33
20 29 19 30 20 31 21 30
34 27 33 26 34 25 35 26
21 34 22 34 22 36 21 36
21 31 20 32 22 34 23 33
21 26 19 28 20 29 22 27
20 25 21 25 21 26 20 26
15 34 16 34 16 35 15 35
33 27 34 27 34 28 33 28
20 30 21 30 21 31 20 31
36 26 34 28 33 27 35 25
19 29 18 30 19 31 20 30
26 25 27 25 27 23 26 23
38 24 38 26 36 26 36 24
26 27 25 26 26 25 27 26
24 27 26 27 26 25 24 25
23 29 21 31 20 30 22 28
27 24 26 25 25 24 26 23
24 28 23 29 24 30 25 29
24 29 23 29 23 28 24 28
11 18 15 22 17 20 13 16
40 28 37 31 35 29 38 26
16 32 16 33 13 33 13 32
19 27 22 27 22 23 19 23
29 27 33 27 33 26 29 26
15 27 18 27 18 24 15 24
33 17 29 21 30 22 34 18
15 33 16 34 17 33 16 32
34 17 34 18 33 18 33 17
21 16 22 17 25 14 24 13
29 28 30 29 33 26 32 25
18 16 21 16 21 17 18 17
38 17 34 21 33 20 37 16
38 31 37 32 33 28 34 27
17 29 15 27 16 26 18 28
27 14 31 14 31 18 27 18
17 32 16 32 16 29 17 29
34 16 37 16 37 14 34 14
30 28 29 27 32 24 33 25
20 28 19 29 18 28 19 27
14 30 18 30 18 31 14 31
15 31 16 32 18 30 17 29
19 20 19 23 17 23 17 20
34 37 30 37 30 36 34 36
17 22 20 25 22 23 19 20
36 29 35 29 35 26 36 26
22 14 24 14 24 17 22 17
37 13 34 16 36 18 39 15
31 38 30 37 33 34 34 35
22 29 20 29 20 28 22 28
19 33 17 33 17 32 19 32
22 32 23 32 23 29 22 29
26 12 27 12 27 14 26 14
12 32 13 33 15 31 14 30
31 28 31 29 30 29 30 28
36 17 38 17 38 15 36 15
33 38 31 38 31 35 33 35
17 25 19 27 20 26 18 24
32 14 33 14 33 17 32 17
16 23 17 23 17 25 16 25
34 39 37 39 37 37 34 37
14 23 15 24 16 23 15 22
20 33 22 33 22 32 20 32
21 15 25 15 25 16 21 16
19 17 18 18 17 17 18 16
20 19 19 20 17 18 18 17
31 25 32 25 32 28 31 28
14 20 16 20 16 23 14 23
33 15 32 14 33 13 34 14
13 20 14 20 14 16 13 16
31 13 32 13 32 14 31 14
23 17 21 19 19 17 21 15
32 16 33 17 34 16 33 15
22 21 20 19 22 17 24 19
21 32 20 33 19 32 20 31
35 40 34 39 37 36 38 37
36 40 35 40 35 36 36 36
19 36 18 35 20 33 21 34
30 25 31 25 31 24 30 24
19 19 20 19 20 20 19 20
33 37 36 40 37 39 34 36
31 15 27 19 28 20 32 16
30 14 31 15 32 14 31 13
26 10 22 14 26 18 30 14
20 36 19 36 19 33 20 33
22 38 20 36 22 34 24 36
19 37 17 35 18 34 20 36
23 38 22 38 22 36 23 36
25 36 23 38 21 36 23 34
17 37 19 37 19 36 17 36
15 39 14 38 16 36 17 37
26 37 25 36 26 35 27 36
15 38 15 39 14 39 14 38
41 15 36 20 34 18 39 13
41 23 39 23 39 15 41 15
40 30 34 30 34 28 40 28
42 28 40 30 36 26 38 24
19 39 25 39 25 37 19 37
39 21 36 24 38 26 41 23
21 41 19 39 22 36 24 38
20 41 21 41 21 36 20 36
12 20 13 20 13 32 12 32
11 21 16 26 17 25 12 20
11 19 12 20 15 17 14 16
