best-score: 817244
count: 14
elapsed-time: 4.503
203
18 27 17 28 16 27 17 26
16 26 15 27 14 26 15 25
12 22 11 23 12 24 13 23
21 15 20 16 19 15 20 14
17 27 16 27 16 26 17 26
23 20 24 20 24 19 23 19
10 11 11 11 11 10 10 10
22 15 21 14 22 13 23 14
23 17 24 17 24 18 23 18
11 26 12 27 13 26 12 25
10 25 11 25 11 24 10 24
19 9 19 10 18 10 18 9
28 13 27 14 28 15 29 14
25 18 24 19 23 18 24 17
21 21 20 20 21 19 22 20
20 15 21 15 21 14 20 14
27 12 28 12 28 13 27 13
16 19 15 20 14 19 15 18
14 17 15 17 15 18 14 18
10 23 9 24 10 25 11 24
28 25 29 25 29 26 28 26
12 23 12 24 11 24 11 23
26 12 27 13 28 12 27 11
10 22 9 22 9 21 10 21
22 18 23 19 24 18 23 17
9 25 10 26 11 25 10 24
25 19 24 19 24 18 25 18
13 24 12 25 11 24 12 23
11 22 10 23 9 22 10 21
20 10 19 11 18 10 19 9
18 28 17 28 17 27 18 27
20 11 19 11 19 10 20 10
9 23 10 23 10 24 9 24
18 20 17 19 18 18 19 19
26 10 25 11 24 10 25 9
17 29 16 28 17 27 18 28
10 27 9 26 10 25 11 26
23 21 22 20 23 19 24 20
28 14 28 15 27 15 27 14
11 27 10 27 10 26 11 26
8 22 9 23 10 22 9 21
8 23 9 23 9 22 8 22
29 13 29 14 28 14 28 13
29 24 28 25 27 24 28 23
12 26 11 26 11 25 12 25
13 25 12 26 11 25 12 24
11 28 10 29 9 28 10 27
22 21 23 21 23 20 22 20
19 28 19 29 18 29 18 28
19 16 20 16 20 15 19 15
13 22 13 23 12 23 12 22
14 25 14 26 13 26 13 25
13 27 12 27 12 26 13 26
16 29 17 29 17 28 16 28
26 14 27 15 28 14 27 13
26 11 27 11 27 12 26 12
22 19 23 19 23 18 22 18
21 20 22 20 22 19 21 19
20 21 21 21 21 20 20 20
26 13 27 13 27 14 26 14
28 11 27 12 26 11 27 10
12 21 11 22 12 23 13 22
17 30 16 29 17 28 18 29
30 12 29 13 28 12 29 11
18 30 17 30 17 29 18 29
20 22 19 22 19 21 20 21
20 23 19 22 20 21 21 22
25 10 26 10 26 11 25 11
12 28 11 28 11 27 12 27
22 22 21 22 21 21 22 21
14 23 13 24 14 25 15 24
14 24 15 24 15 25 14 25
11 21 12 21 12 22 11 22
23 23 22 22 23 21 24 22
10 20 11 20 11 21 10 21
14 22 13 23 14 24 15 23
23 24 24 24 24 23 23 23
21 23 20 23 20 22 21 22
29 12 28 12 28 11 29 11
13 21 12 22 11 21 12 20
24 9 25 9 25 10 24 10
28 10 28 11 27 11 27 10
14 21 15 21 15 22 14 22
30 13 29 13 29 12 30 12
23 8 22 9 23 10 24 9
27 9 26 10 27 11 28 10
26 9 27 9 27 10 26 10
14 20 13 21 14 22 15 21
19 23 20 24 21 23 20 22
13 20 14 20 14 21 13 21
16 21 15 22 14 21 15 20
12 19 11 20 12 21 13 20
15 19 15 20 14 20 14 19
16 20 16 21 15 21 15 20
19 24 20 24 20 23 19 23
17 20 16 20 16 19 17 19
16 18 15 19 16 20 17 19
25 8 24 9 25 10 26 9
27 8 26 9 27 10 28 9
28 8 28 9 27 9 27 8
26 8 26 9 25 9 25 8
27 7 26 8 27 9 28 8
26 7 27 7 27 8 26 8
11 19 12 19 12 20 11 20
13 19 14 20 15 19 14 18
13 18 14 18 14 19 13 19
12 18 11 19 12 20 13 19
12 17 11 18 12 19 13 18
13 17 13 18 12 18 12 17
14 16 13 17 14 18 15 17
13 16 14 16 14 17 13 17
21 8 19 10 20 11 22 9
8 18 10 20 11 19 9 17
28 24 26 26 24 24 26 22
10 17 9 17 9 15 10 15
17 17 19 17 19 19 17 19
22 29 21 28 23 26 24 27
27 23 28 23 28 24 27 24
25 22 24 23 22 21 23 20
24 15 25 16 27 14 26 13
23 15 24 15 24 14 23 14
25 23 24 23 24 22 25 22
16 23 15 24 17 26 18 25
21 27 19 29 18 28 20 26
18 15 19 15 19 13 18 13
19 12 18 13 20 15 21 14
21 24 21 26 20 26 20 24
20 25 18 27 19 28 21 26
18 23 16 21 17 20 19 22
18 21 18 23 16 23 16 21
19 27 21 27 21 28 19 28
13 12 12 13 10 11 11 10
22 16 22 18 20 18 20 16
13 11 15 11 15 12 13 12
16 16 15 17 16 18 17 17
23 13 24 14 26 12 25 11
13 28 15 28 15 27 13 27
19 25 19 27 18 27 18 25
21 10 23 10 23 8 21 8
11 14 10 15 12 17 13 16
27 21 26 22 24 20 25 19
16 11 15 12 17 14 18 13
19 20 19 21 18 21 18 20
18 16 18 18 16 18 16 16
16 24 15 24 15 23 16 23
23 27 21 27 21 26 23 26
24 16 23 17 22 16 23 15
22 14 23 14 23 13 22 13
25 17 24 17 24 16 25 16
18 24 16 26 17 27 19 25
12 29 11 28 12 27 13 28
23 16 22 16 22 15 23 15
23 28 24 28 24 27 23 27
20 19 19 20 20 21 21 20
21 25 20 26 19 25 20 24
24 26 23 27 24 28 25 27
26 18 25 19 24 18 25 17
26 17 26 18 25 18 25 17
16 25 18 25 18 24 16 24
22 26 21 25 23 23 24 24
15 26 16 26 16 25 15 25
13 29 12 29 12 28 13 28
26 24 26 26 24 26 24 24
14 27 13 26 14 25 15 26
14 29 13 28 14 27 15 28
22 28 21 27 22 26 23 27
21 29 22 29 22 28 21 28
14 28 13 29 12 28 13 27
15 29 14 28 15 27 16 28
8 14 11 14 11 18 8 18
7 13 8 14 11 11 10 10
23 9 19 13 20 14 24 10
24 13 23 13 23 10 24 10
29 20 28 21 25 18 26 17
27 17 28 17 28 21 27 21
19 18 20 19 23 16 22 15
16 12 19 12 19 11 16 11
15 13 18 16 19 15 16 12
29 27 29 28 25 28 25 27
15 14 17 14 17 17 15 17
17 9 15 11 16 12 18 10
12 14 15 14 15 13 12 13
26 15 27 15 27 17 26 17
10 14 9 15 12 18 13 17
23 12 24 13 26 11 25 10
18 17 16 19 17 20 19 18
26 29 28 29 28 26 26 26
16 15 14 17 13 16 15 14
17 16 18 17 19 16 18 15
22 12 22 13 19 13 19 12
26 19 26 22 25 22 25 19
30 26 29 27 28 26 29 25
30 27 29 27 29 26 30 26
16 13 15 13 15 12 16 12
14 15 16 15 16 16 14 16
28 27 29 28 30 27 29 26
27 28 23 24 24 23 28 27
27 30 26 29 27 28 28 29
7 9 12 9 12 13 7 13
4 12 9 17 12 14 7 9
14 8 11 11 16 16 19 13
4 15 9 15 9 12 4 12
5 14 4 15 10 21 11 20
