best-score: 787512
count: 9
elapsed-time: 4.501
274
28 10 27 11 28 12 29 11
36 22 35 23 34 22 35 21
29 10 29 11 28 11 28 10
25 19 24 19 24 18 25 18
14 34 15 34 15 33 14 33
22 22 23 23 24 22 23 21
25 13 26 13 26 14 25 14
21 28 22 28 22 27 21 27
24 13 25 14 26 13 25 12
24 14 25 15 26 14 25 13
18 21 17 22 16 21 17 20
22 14 22 15 21 15 21 14
28 14 29 15 30 14 29 13
24 12 25 12 25 13 24 13
33 21 32 22 33 23 34 22
33 22 34 22 34 21 33 21
22 20 23 20 23 21 22 21
12 20 11 20 11 19 12 19
13 21 12 20 13 19 14 20
34 24 33 25 32 24 33 23
23 15 22 14 23 13 24 14
12 21 13 21 13 22 12 22
24 15 25 15 25 14 24 14
28 13 27 14 26 13 27 12
27 13 28 13 28 14 27 14
30 32 31 33 32 32 31 31
28 28 29 28 29 29 28 29
25 31 24 31 24 30 25 30
12 23 11 22 12 21 13 22
14 22 13 23 12 22 13 21
12 18 13 19 14 18 13 17
23 18 24 19 25 18 24 17
26 12 27 12 27 13 26 13
18 28 17 29 16 28 17 27
23 28 22 29 21 28 22 27
34 20 35 20 35 21 34 21
16 30 15 31 14 30 15 29
15 26 14 26 14 25 15 25
27 29 28 30 29 29 28 28
21 21 22 21 22 22 21 22
15 24 14 25 15 26 16 25
17 13 16 14 17 15 18 14
29 22 30 22 30 23 29 23
23 19 22 20 21 19 22 18
20 14 21 15 22 14 21 13
31 23 30 24 29 23 30 22
12 13 11 13 11 12 12 12
29 12 29 13 28 13 28 12
11 23 12 23 12 22 11 22
23 14 24 14 24 13 23 13
27 15 26 14 27 13 28 14
15 30 15 31 14 31 14 30
24 20 23 19 24 18 25 19
15 21 14 20 15 19 16 20
16 29 15 29 15 28 16 28
17 21 16 21 16 20 17 20
22 12 21 13 20 12 21 11
23 29 22 29 22 28 23 28
26 17 25 18 26 19 27 18
18 22 17 22 17 21 18 21
13 20 12 21 11 20 12 19
31 24 30 24 30 23 31 23
23 16 22 15 23 14 24 15
26 30 25 31 24 30 25 29
24 16 23 16 23 15 24 15
16 24 16 25 15 25 15 24
32 23 33 23 33 22 32 22
14 23 13 23 13 22 14 22
22 19 23 19 23 18 22 18
25 11 24 12 25 13 26 12
28 23 29 24 30 23 29 22
13 18 13 19 12 19 12 18
31 22 30 23 31 24 32 23
20 13 21 13 21 14 20 14
23 17 24 17 24 18 23 18
14 21 13 21 13 20 14 20
21 20 22 20 22 19 21 19
27 30 28 30 28 29 27 29
26 29 26 30 25 30 25 29
23 11 22 12 23 13 24 12
22 13 23 14 24 13 23 12
27 17 26 17 26 16 27 16
14 29 15 30 16 29 15 28
17 30 16 30 16 29 17 29
22 16 23 17 24 16 23 15
30 11 29 12 28 11 29 10
26 11 26 12 25 12 25 11
27 28 26 29 27 30 28 29
28 24 29 24 29 23 28 23
20 21 21 22 22 21 21 20
25 17 24 16 25 15 26 16
25 16 25 17 24 17 24 16
19 13 20 13 20 12 19 12
28 22 27 23 28 24 29 23
21 12 20 13 21 14 22 13
27 22 28 22 28 23 27 23
26 15 25 16 26 17 27 16
16 26 15 25 16 24 17 25
15 22 14 23 13 22 14 21
26 18 25 18 25 17 26 17
26 28 27 28 27 29 26 29
20 20 21 20 21 21 20 21
24 11 24 12 23 12 23 11
20 18 19 19 20 20 21 19
27 10 26 11 27 12 28 11
25 10 24 11 25 12 26 11
26 10 27 10 27 11 26 11
24 10 25 10 25 11 24 11
25 9 24 10 25 11 26 10
26 9 26 10 25 10 25 9
22 11 22 12 21 12 21 11
28 16 27 17 26 16 27 15
14 17 14 18 13 18 13 17
17 26 16 26 16 25 17 25
30 12 29 12 29 11 30 11
19 15 18 14 19 13 20 14
16 22 15 22 15 21 16 21
15 23 14 22 15 21 16 22
13 30 14 30 14 29 13 29
22 17 23 17 23 16 22 16
17 23 16 23 16 22 17 22
27 19 26 19 26 18 27 18
28 18 27 19 26 18 27 17
30 16 29 17 28 16 29 15
23 10 22 11 23 12 24 11
22 10 23 10 23 11 22 11
23 9 22 10 23 11 24 10
24 9 24 10 23 10 23 9
25 8 24 9 25 10 26 9
24 8 25 8 25 9 24 9
28 17 28 18 27 18 27 17
28 15 28 16 27 16 27 15
29 16 28 17 27 16 28 15
29 14 29 15 28 15 28 14
21 18 22 19 23 18 22 17
30 17 29 17 29 16 30 16
14 24 15 24 15 23 14 23
20 19 21 19 21 18 20 18
30 13 29 14 28 13 29 12
13 25 14 26 15 25 14 24
21 17 22 17 22 18 21 18
31 13 30 13 30 12 31 12
33 13 32 14 31 13 32 12
13 24 14 24 14 25 13 25
19 20 20 20 20 19 19 19
19 22 18 21 19 20 20 21
20 16 21 17 22 16 21 15
12 24 11 25 12 26 13 25
16 36 14 34 15 33 17 35
17 36 16 36 16 35 17 35
18 10 17 11 19 13 20 12
36 24 34 24 34 22 36 22
13 10 11 12 12 13 14 11
14 10 14 11 13 11 13 10
32 26 31 26 31 24 32 24
19 23 18 22 20 20 21 21
28 35 26 35 26 34 28 34
18 23 19 23 19 22 18 22
33 28 35 28 35 27 33 27
17 24 16 23 17 22 18 23
12 31 14 31 14 33 12 33
25 27 23 29 22 28 24 26
32 29 33 30 34 29 33 28
32 31 31 31 31 29 32 29
27 26 29 28 31 26 29 24
16 18 16 20 14 20 14 18
32 19 34 21 35 20 33 18
18 16 20 16 20 14 18 14
35 32 34 33 32 31 33 30
18 24 17 24 17 23 18 23
34 26 33 27 32 26 33 25
33 20 34 20 34 18 33 18
13 32 12 31 13 30 14 31
19 17 17 17 17 15 19 15
13 34 12 33 13 32 14 33
18 25 17 26 16 25 17 24
35 25 33 25 33 23 35 23
18 18 16 20 17 21 19 19
24 27 23 28 25 30 26 29
21 33 23 33 23 34 21 34
32 16 30 16 30 14 32 14
13 27 15 29 16 28 14 26
25 28 26 28 26 27 25 27
22 26 24 26 24 27 22 27
16 16 18 16 18 18 16 18
26 32 28 34 30 32 28 30
23 30 21 32 20 31 22 29
24 34 23 33 25 31 26 32
24 29 24 30 23 30 23 29
36 26 35 27 34 26 35 25
28 26 28 28 27 28 27 26
34 32 35 32 35 33 34 33
15 17 14 18 15 19 16 18
34 31 34 32 32 32 32 31
17 19 15 19 15 17 17 17
24 28 25 28 25 29 24 29
27 32 26 32 26 30 27 30
27 25 25 27 26 28 28 26
11 27 13 27 13 25 11 25
30 28 28 26 30 24 32 26
24 32 26 32 26 34 24 34
26 33 24 31 25 30 27 32
30 30 29 29 30 28 31 29
28 32 30 32 30 30 28 30
12 28 11 27 12 26 13 27
14 28 12 28 12 26 14 26
36 29 34 29 34 26 36 26
36 30 34 32 31 29 33 27
16 10 18 10 18 14 16 14
19 38 17 36 21 32 23 34
36 18 34 20 30 16 32 14
36 20 35 20 35 18 36 18
20 32 21 33 24 30 23 29
19 33 16 30 17 29 20 32
28 20 30 22 34 18 32 16
33 12 29 16 30 17 34 13
31 19 32 19 32 22 31 22
34 12 34 13 33 13 33 12
29 20 29 22 28 22 28 20
23 26 24 27 28 23 27 22
30 19 29 20 27 18 28 17
25 23 24 22 27 19 28 20
14 13 17 13 17 11 14 11
24 25 27 25 27 26 24 26
31 32 28 29 29 28 32 31
18 32 20 32 20 31 18 31
30 20 28 18 29 17 31 19
19 32 16 35 15 34 18 31
30 33 31 33 31 32 30 32
15 15 12 12 13 11 16 14
20 27 17 30 18 31 21 28
25 21 25 23 23 23 23 21
20 29 17 29 17 27 20 27
31 17 31 19 30 19 30 17
27 20 27 22 24 22 24 20
23 24 20 27 18 25 21 22
29 19 30 19 30 20 29 20
21 31 24 31 24 32 21 32
28 19 28 20 27 20 27 19
35 30 34 29 35 28 36 29
20 33 21 33 21 32 20 32
19 24 23 24 23 23 19 23
30 21 33 21 33 20 30 20
19 25 18 25 18 24 19 24
36 32 35 32 35 30 36 30
22 25 24 25 24 22 22 22
21 29 21 31 20 31 20 29
19 26 22 26 22 25 19 25
14 16 15 17 16 16 15 15
26 21 25 21 25 19 26 19
15 16 15 17 14 17 14 16
20 24 19 25 21 27 22 26
33 17 31 17 31 13 33 13
18 26 17 25 18 24 19 25
16 15 15 16 19 20 20 19
25 20 26 21 27 20 26 19
28 21 29 22 30 21 29 20
29 18 29 19 28 19 28 18
19 28 18 28 18 26 19 26
20 28 21 29 22 28 21 27
17 10 14 13 16 15 19 12
10 14 13 17 14 16 11 13
11 14 14 17 15 16 12 13
12 16 14 16 14 13 12 13
24 21 23 20 24 19 25 20
15 14 16 14 16 15 15 15
10 13 11 13 11 14 10 14
20 38 19 38 19 33 20 33
36 17 35 18 30 13 31 12
22 36 20 38 17 35 19 33
16 19 17 20 22 15 21 14
35 13 35 18 34 18 34 13
15 18 13 20 14 21 16 19
34 14 33 13 34 12 35 13
