best-score: 721119
count: 18
elapsed-time: 4.501
193
19 12 19 13 18 13 18 12
22 21 23 22 24 21 23 20
10 25 11 26 12 25 11 24
12 17 12 18 11 18 11 17
21 22 22 22 22 21 21 21
26 21 25 21 25 20 26 20
22 14 23 14 23 15 22 15
16 13 15 13 15 12 16 12
11 16 10 17 11 18 12 17
27 15 26 16 25 15 26 14
10 16 11 16 11 17 10 17
27 20 26 21 25 20 26 19
19 16 18 15 19 14 20 15
16 27 15 27 15 26 16 26
17 12 16 13 17 14 18 13
20 22 21 23 22 22 21 21
9 9 10 9 10 10 9 10
10 26 11 26 11 27 10 27
13 17 12 18 11 17 12 16
26 17 27 17 27 16 26 16
13 16 13 17 12 17 12 16
22 26 23 27 24 26 23 25
22 24 23 24 23 25 22 25
24 15 23 14 24 13 25 14
21 20 20 21 21 22 22 21
17 11 16 10 17 9 18 10
14 27 13 26 14 25 15 26
17 13 16 12 17 11 18 12
20 23 21 23 21 22 20 22
26 15 25 16 26 17 27 16
20 13 19 14 18 13 19 12
20 20 21 20 21 21 20 21
25 17 26 18 27 17 26 16
20 11 20 12 19 12 19 11
24 14 25 14 25 15 24 15
20 14 19 14 19 13 20 13
26 13 25 14 26 15 27 14
15 19 16 20 17 19 16 18
20 25 21 26 22 25 21 24
19 22 18 21 19 20 20 21
16 11 17 11 17 12 16 12
22 23 22 24 21 24 21 23
21 13 20 13 20 12 21 12
10 19 10 20 9 20 9 19
27 19 27 20 26 20 26 19
25 19 26 20 27 19 26 18
23 21 22 21 22 20 23 20
21 25 22 25 22 26 21 26
10 28 9 27 10 26 11 27
9 28 10 28 10 27 9 27
19 15 19 16 18 16 18 15
16 14 17 14 17 13 16 13
21 10 20 11 21 12 22 11
15 10 14 11 15 12 16 11
19 24 18 23 19 22 20 23
20 10 21 10 21 9 20 9
24 23 23 24 22 23 23 22
19 9 18 10 19 11 20 10
23 23 22 23 22 22 23 22
25 18 26 18 26 17 25 17
19 21 20 21 20 22 19 22
22 19 22 20 21 20 21 19
20 24 21 25 22 24 21 23
25 13 26 13 26 14 25 14
21 15 20 14 21 13 22 14
24 16 23 15 24 14 25 15
20 26 21 27 22 26 21 25
18 25 19 26 20 25 19 24
18 14 19 15 20 14 19 13
18 20 19 20 19 21 18 21
24 22 23 22 23 21 24 21
24 20 23 21 24 22 25 21
27 18 26 19 25 18 26 17
20 27 21 27 21 26 20 26
15 11 16 11 16 10 15 10
15 9 14 10 15 11 16 10
19 19 18 20 19 21 20 20
24 18 23 17 24 16 25 17
24 19 25 19 25 20 24 20
24 17 25 17 25 16 24 16
14 12 15 12 15 11 14 11
20 19 21 20 22 19 21 18
24 24 23 24 23 23 24 23
15 15 14 14 15 13 16 14
25 23 24 24 23 23 24 22
19 25 20 25 20 26 19 26
19 23 20 23 20 24 19 24
24 12 23 13 24 14 25 13
26 22 25 23 26 24 27 23
25 22 25 23 24 23 24 22
23 16 24 16 24 15 23 15
21 14 21 15 20 15 20 14
20 18 21 18 21 19 20 19
17 15 18 15 18 14 17 14
23 19 24 20 25 19 24 18
27 21 26 22 25 21 26 20
18 22 19 22 19 23 18 23
23 18 24 19 25 18 24 17
14 9 15 9 15 10 14 10
25 12 25 13 24 13 24 12
18 24 19 24 19 25 18 25
22 18 21 19 22 20 23 19
23 11 24 12 25 11 24 10
22 13 22 14 21 14 21 13
21 16 20 15 21 14 22 15
22 17 23 17 23 18 22 18
27 22 26 22 26 21 27 21
27 12 26 13 25 12 26 11
17 23 18 23 18 24 17 24
26 23 25 22 26 21 27 22
25 24 26 24 26 23 25 23
26 12 25 12 25 11 26 11
17 25 16 24 17 23 18 24
16 25 17 25 17 24 16 24
17 21 16 22 17 23 18 22
17 26 16 25 17 24 18 25
22 16 21 16 21 15 22 15
17 22 18 22 18 21 17 21
17 20 16 21 17 22 18 21
18 26 17 26 17 25 18 25
16 23 17 24 18 23 17 22
18 19 18 20 17 20 17 19
27 13 26 14 25 13 26 12
19 27 18 26 19 25 20 26
26 10 25 11 26 12 27 11
19 18 18 19 19 20 20 19
17 27 16 26 17 25 18 26
21 17 22 18 23 17 22 16
18 17 19 18 20 17 19 16
20 16 21 16 21 17 20 17
18 27 19 27 19 26 18 26
18 18 19 18 19 19 18 19
19 17 20 17 20 18 19 18
17 17 18 18 19 17 18 16
27 10 27 11 26 11 26 10
17 16 18 16 18 17 17 17
19 28 18 27 19 26 20 27
17 28 16 27 17 26 18 27
16 28 17 28 17 27 16 27
20 28 19 28 19 27 20 27
17 18 16 17 17 16 18 17
16 15 17 16 18 15 17 14
16 16 17 16 17 15 16 15
16 19 17 20 18 19 17 18
15 14 16 14 16 15 15 15
15 17 16 18 17 17 16 16
15 18 16 18 16 17 15 17
15 20 16 20 16 19 15 19
14 13 15 14 16 13 15 12
14 19 15 20 16 19 15 18
14 18 15 18 15 19 14 19
14 16 13 17 14 18 15 17
12 8 10 10 11 11 13 9
8 18 9 19 11 17 10 16
22 10 20 12 21 13 23 11
21 11 22 11 22 10 21 10
14 23 16 23 16 22 14 22
12 27 14 27 14 25 12 25
12 20 13 20 13 22 12 22
25 26 24 26 24 24 25 24
14 20 12 22 10 20 12 18
13 14 14 14 14 16 13 16
12 24 10 22 12 20 14 22
25 9 25 11 23 11 23 9
14 15 13 16 15 18 16 17
11 25 12 25 12 24 11 24
12 21 10 19 11 18 13 20
23 10 22 11 24 13 25 12
13 19 14 19 14 20 13 20
24 8 23 9 24 10 25 9
11 28 10 27 11 26 12 27
12 28 11 28 11 27 12 27
22 8 21 9 22 10 23 9
26 8 26 10 24 10 24 8
24 27 22 25 23 24 25 26
10 23 11 24 13 22 12 21
27 9 26 10 25 9 26 8
23 26 24 26 24 27 23 27
12 23 10 23 10 22 12 22
14 24 12 24 12 23 14 23
13 25 15 27 16 26 14 24
12 26 11 25 12 24 13 25
13 27 12 28 11 27 12 26
19 8 16 11 17 12 20 9
20 8 20 9 19 9 19 8
7 12 11 16 13 14 9 10
11 10 14 10 14 11 11 11
9 13 12 16 14 14 11 11
10 13 10 16 9 16 9 13
10 12 14 12 14 13 10 13
8 24 11 24 11 18 8 18
9 23 8 24 10 26 11 25
9 25 10 25 10 23 9 23
