best-score: 698485
count: 15
elapsed-time: 4.512
92
28 20 27 21 26 20 27 19
23 24 24 24 24 23 23 23
23 22 22 23 23 24 24 23
22 22 23 22 23 23 22 23
10 16 9 16 9 15 10 15
25 23 24 24 23 23 24 22
25 18 26 18 26 19 25 19
10 20 11 21 12 20 11 19
11 20 12 20 12 19 11 19
27 20 27 21 26 21 26 20
18 13 17 12 18 11 19 12
24 10 25 10 25 9 24 9
26 10 25 11 24 10 25 9
28 19 28 20 27 20 27 19
10 21 11 21 11 20 10 20
25 22 25 23 24 23 24 22
27 18 26 19 27 20 28 19
26 11 25 11 25 10 26 10
28 23 27 24 25 22 26 21
13 22 12 23 10 21 11 20
17 13 18 13 18 15 17 15
15 12 17 12 17 13 15 13
19 23 20 24 22 22 21 21
13 15 15 17 17 15 15 13
23 21 24 22 26 20 25 19
14 17 15 17 15 19 14 19
17 17 15 17 15 15 17 15
13 13 15 15 17 13 15 11
27 16 27 18 26 18 26 16
11 16 10 15 12 13 13 14
13 17 15 19 17 17 15 15
21 27 19 25 20 24 22 26
12 14 13 14 13 13 12 13
15 14 15 15 13 15 13 14
24 21 24 22 23 22 23 21
23 20 24 21 26 19 25 18
12 12 11 13 12 14 13 13
11 17 10 16 12 14 13 15
21 20 23 20 23 21 21 21
21 18 21 20 20 20 20 18
10 17 11 17 11 16 10 16
13 18 12 19 10 17 11 16
15 18 14 19 13 18 14 17
11 12 12 12 12 13 11 13
11 18 13 18 13 17 11 17
7 15 11 19 13 17 9 13
29 15 26 18 24 16 27 13
7 13 9 13 9 15 7 15
25 29 22 26 24 24 27 27
20 21 17 24 19 26 22 23
18 18 20 18 20 15 18 15
16 17 13 14 15 12 18 15
13 19 12 20 15 23 16 22
24 26 27 26 27 24 24 24
21 24 20 24 20 21 21 21
12 11 15 11 15 12 12 12
14 22 13 22 13 19 14 19
14 9 12 11 15 14 17 12
19 19 19 23 15 23 15 19
20 13 21 14 25 10 24 9
25 14 25 18 21 18 21 14
9 11 7 13 9 15 11 13
18 16 17 17 18 18 19 17
23 19 19 19 19 17 23 17
20 11 20 13 18 13 18 11
23 27 21 27 21 24 23 24
22 25 22 26 19 26 19 25
17 23 16 22 19 19 20 20
23 16 25 18 27 16 25 14
15 29 13 27 17 23 19 25
22 17 20 15 21 14 23 16
22 18 20 20 21 21 23 19
24 17 23 17 23 16 24 16
25 20 23 20 23 19 25 19
12 29 15 29 15 23 12 23
13 28 12 29 9 26 10 25
28 29 25 29 25 23 28 23
27 30 22 25 23 24 28 29
21 28 13 28 13 27 21 27
23 30 27 30 27 27 23 27
25 24 21 28 23 30 27 26
27 15 20 15 20 13 27 13
26 12 20 18 19 17 25 11
18 12 17 13 22 18 23 17
12 21 20 21 20 20 12 20
29 16 27 16 27 15 29 15
24 12 26 12 26 16 24 16
22 9 20 11 27 18 29 16
11 23 12 23 12 21 11 21
22 16 23 16 23 9 22 9
19 10 24 10 24 12 19 12
15 27 11 23 15 19 19 23
