best-score: 651368
count: 10
elapsed-time: 4.536
68
14 25 14 26 13 26 13 25
20 31 19 30 20 29 21 30
12 25 13 26 14 25 13 24
12 24 13 24 13 25 12 25
14 24 13 25 12 24 13 23
14 23 14 24 13 24 13 23
18 23 20 23 20 21 18 21
23 17 21 17 21 15 23 15
19 28 21 28 21 30 19 30
28 26 27 25 29 23 30 24
11 13 12 14 14 12 13 11
24 30 25 30 25 32 24 32
19 19 17 21 16 20 18 18
17 14 15 16 14 15 16 13
20 25 18 27 19 28 21 26
12 28 11 27 13 25 14 26
22 23 20 25 18 23 20 21
22 25 20 25 20 23 22 23
27 22 27 25 26 25 26 22
17 18 18 18 18 21 17 21
31 20 28 20 28 17 31 17
32 22 32 23 29 23 29 22
23 18 25 20 28 17 26 15
16 27 14 25 18 21 20 23
28 21 29 22 31 20 30 19
17 16 17 18 15 18 15 16
11 20 10 21 13 24 14 23
26 29 25 30 21 26 22 25
31 11 27 11 27 10 31 10
23 20 25 20 25 18 23 18
22 29 26 29 26 25 22 25
16 23 18 23 18 27 16 27
20 19 18 21 15 18 17 16
24 25 22 23 25 20 27 22
25 21 28 21 28 20 25 20
24 33 21 30 22 29 25 32
11 23 13 23 13 20 11 20
25 26 22 29 21 28 24 25
25 22 22 25 20 23 23 20
20 15 17 18 20 21 23 18
22 31 20 31 20 29 22 29
27 19 25 21 26 22 28 20
19 15 20 15 20 19 19 19
23 23 19 19 21 17 25 21
31 15 27 19 23 15 27 11
14 20 16 20 16 23 14 23
21 22 25 22 25 26 21 26
21 13 19 15 21 17 23 15
29 19 29 22 27 22 27 19
28 30 25 30 25 26 28 26
34 20 32 22 29 19 31 17
20 13 21 13 21 15 20 15
22 20 23 20 23 23 22 23
14 35 11 32 16 27 19 30
26 5 21 10 26 15 31 10
13 15 14 15 14 20 13 20
32 31 31 32 25 26 26 25
16 29 11 29 11 27 16 27
18 15 23 20 25 18 20 13
18 12 18 15 14 15 14 12
15 15 18 18 21 15 18 12
23 3 14 12 22 20 31 11
11 33 24 33 24 32 11 32
34 32 31 32 31 20 34 20
23 5 26 5 26 15 23 15
30 36 24 30 28 26 34 32
38 20 28 30 13 15 23 5
17 31 10 31 10 21 17 21
