best-score: 623703
count: 6
elapsed-time: 4.507
190
24 12 23 13 24 14 25 13
33 27 32 28 33 29 34 28
23 14 23 15 22 15 22 14
31 28 32 28 32 27 31 27
20 41 21 41 21 40 20 40
37 29 36 28 37 27 38 28
33 28 34 28 34 29 33 29
35 29 34 28 35 27 36 28
31 29 30 28 31 27 32 28
24 13 24 14 23 14 23 13
36 27 36 28 35 28 35 27
21 29 20 30 19 29 20 28
33 30 32 31 33 32 34 31
29 26 28 25 29 24 30 25
24 16 23 15 24 14 25 15
34 27 33 28 34 29 35 28
30 29 31 29 31 28 30 28
28 39 29 39 29 38 28 38
25 12 25 13 24 13 24 12
32 29 31 28 32 27 33 28
32 30 33 30 33 29 32 29
29 43 27 41 29 39 31 41
19 21 19 23 18 23 18 21
19 19 18 20 19 21 20 20
39 13 39 15 38 15 38 13
26 28 28 28 28 29 26 29
35 31 34 31 34 29 35 29
25 36 23 34 25 32 27 34
23 35 25 35 25 36 23 36
26 20 28 20 28 22 26 22
27 15 25 15 25 13 27 13
30 36 28 38 26 36 28 34
28 27 30 29 31 28 29 26
37 21 35 23 33 21 35 19
30 27 30 28 28 28 28 27
31 25 31 27 30 27 30 25
27 21 26 20 27 19 28 20
20 18 22 18 22 20 20 20
18 16 20 16 20 17 18 17
21 17 20 16 22 14 23 15
38 33 40 33 40 32 38 32
17 17 19 19 20 18 18 16
30 32 29 31 31 29 32 30
28 31 30 33 32 31 30 29
35 37 37 37 37 38 35 38
26 38 25 38 25 36 26 36
40 17 39 18 37 16 38 15
15 17 17 17 17 19 15 19
24 39 22 37 23 36 25 38
34 32 32 30 33 29 35 31
23 39 21 41 20 40 22 38
12 18 13 19 15 17 14 16
27 23 26 22 27 21 28 22
30 38 29 38 29 36 30 36
33 31 34 31 34 32 33 32
21 19 20 18 21 17 22 18
24 38 25 38 25 39 24 39
25 37 24 38 25 39 26 38
24 37 24 38 22 38 22 37
29 29 29 31 28 31 28 29
21 21 20 20 21 19 22 20
24 36 25 37 26 36 25 35
29 27 28 28 29 29 30 28
23 19 23 21 21 21 21 19
21 37 22 38 24 36 23 35
24 20 23 21 22 20 23 19
25 17 23 19 22 18 24 16
23 17 25 17 25 15 23 15
29 17 27 19 25 17 27 15
43 33 41 35 38 32 40 30
35 9 31 13 35 17 39 13
43 36 40 36 40 33 43 33
34 38 35 38 35 41 34 41
27 31 28 31 28 34 27 34
32 36 34 38 35 37 33 35
17 30 20 30 20 28 17 28
38 35 35 38 33 36 36 33
33 22 37 22 37 21 33 21
32 35 33 35 33 36 32 36
30 23 27 23 27 21 30 21
27 36 29 38 32 35 30 33
33 17 35 19 39 15 37 13
29 35 32 35 32 31 29 31
30 18 33 18 33 21 30 21
27 35 29 35 29 36 27 36
27 16 26 17 23 14 24 13
18 14 15 17 17 19 20 16
26 27 23 30 25 32 28 29
22 32 25 35 29 31 26 28
26 25 28 25 28 27 26 27
17 13 17 16 14 16 14 13
35 24 32 27 30 25 33 22
38 34 35 31 37 29 40 32
26 19 25 20 29 24 30 23
22 33 22 37 21 37 21 33
34 24 37 27 38 26 35 23
24 21 22 23 26 27 28 25
18 27 14 27 14 23 18 23
35 18 33 18 33 17 35 17
41 38 38 35 40 33 43 36
19 35 23 35 23 34 19 34
34 23 35 23 35 24 34 24
38 38 41 38 41 35 38 35
22 31 25 31 25 32 22 32
36 34 38 34 38 33 36 33
25 34 27 34 27 35 25 35
22 21 26 25 30 21 26 17
17 20 14 23 15 24 18 21
39 35 37 37 38 38 40 36
18 25 14 21 18 17 22 21
19 24 22 24 22 23 19 23
30 22 28 20 30 18 32 20
19 33 21 33 21 29 19 29
19 31 21 33 22 32 20 30
25 21 24 21 24 20 25 20
20 36 19 37 18 36 19 35
19 26 18 27 22 31 23 30
32 13 32 16 31 16 31 13
27 18 30 18 30 16 27 16
36 32 38 32 38 28 36 28
31 17 30 18 29 17 30 16
17 33 16 33 16 30 17 30
20 33 23 36 25 34 22 31
21 16 20 17 24 21 25 20
18 32 18 36 14 36 14 32
33 33 30 33 30 32 33 32
39 19 35 19 35 18 39 18
38 44 35 41 38 38 41 41
33 24 34 24 34 27 33 27
24 27 26 27 26 28 24 28
14 25 17 28 18 27 15 24
34 33 36 33 36 32 34 32
25 19 24 20 25 21 26 20
18 19 18 20 17 20 17 19
15 26 19 26 19 24 15 24
20 31 22 33 26 29 24 27
23 25 22 24 25 21 26 22
31 35 27 31 29 29 33 33
34 35 33 35 33 33 34 33
20 39 23 39 23 36 20 36
16 31 19 34 20 33 17 30
32 18 31 17 32 16 33 17
17 29 16 30 18 32 19 31
17 34 19 34 19 33 17 33
35 21 31 25 28 22 32 18
35 35 33 33 34 32 36 34
26 18 27 18 27 19 26 19
18 34 17 33 18 32 19 33
24 25 23 25 23 21 24 21
19 40 20 41 21 40 20 39
22 30 22 31 20 31 20 30
23 27 21 29 22 30 24 28
25 25 23 27 19 23 21 21
17 36 20 39 22 37 19 34
25 22 26 22 26 25 25 25
31 37 30 36 31 35 32 36
25 18 26 18 26 17 25 17
19 39 20 39 20 40 19 40
22 27 23 27 23 30 22 30
19 30 16 33 17 34 20 31
34 37 35 37 35 35 34 35
31 38 34 38 34 37 31 37
34 42 30 38 31 37 35 41
31 42 34 42 34 41 31 41
23 18 25 18 25 19 23 19
30 41 31 41 31 38 30 38
31 40 30 41 28 39 29 38
22 17 23 17 23 18 22 18
22 16 22 17 21 17 21 16
40 9 40 17 35 17 35 9
32 11 30 13 35 18 37 16
42 17 37 22 33 18 38 13
37 44 38 44 38 38 37 38
37 11 37 13 32 13 32 11
41 32 40 33 35 28 36 27
13 24 15 24 15 19 13 19
31 24 29 24 29 17 31 17
41 30 41 32 40 32 40 30
13 35 19 35 19 37 13 37
40 41 37 44 34 41 37 38
22 26 29 26 29 24 22 24
14 26 17 29 22 24 19 21
12 36 13 37 14 36 13 35
43 28 41 30 35 24 37 22
43 26 43 28 38 28 38 26
19 27 22 27 22 26 19 26
18 29 19 29 19 27 18 27
41 24 34 31 36 33 43 26
21 26 18 29 19 30 22 27
16 29 17 30 18 29 17 28
