best-score: 685217
count: 8
elapsed-time: 4.504
116
10 34 11 35 12 34 11 33
32 16 33 17 34 16 33 15
24 31 23 32 24 33 25 32
28 14 27 15 28 16 29 15
11 29 12 30 13 29 12 28
28 22 27 23 26 22 27 21
20 20 19 21 18 20 19 19
24 32 24 33 23 33 23 32
27 22 27 23 26 23 26 22
22 23 23 23 23 24 22 24
33 22 32 23 31 22 32 21
30 26 31 26 31 25 30 25
25 31 25 32 24 32 24 31
28 21 28 22 27 22 27 21
10 32 12 32 12 34 10 34
19 17 19 18 17 18 17 17
11 31 10 32 11 33 12 32
14 12 14 14 12 14 12 12
33 24 31 26 30 25 32 23
23 29 22 30 24 32 25 31
31 24 33 24 33 22 31 22
23 20 24 20 24 18 23 18
17 28 19 28 19 26 17 26
13 31 11 31 11 29 13 29
24 21 22 23 21 22 23 20
27 14 28 14 28 12 27 12
19 32 17 30 19 28 21 30
32 26 34 28 35 27 33 25
29 32 27 30 28 29 30 31
19 15 17 17 19 19 21 17
11 28 12 28 12 26 11 26
25 20 24 21 26 23 27 22
25 14 27 14 27 15 25 15
25 10 23 12 25 14 27 12
31 27 30 26 31 25 32 26
21 15 21 17 19 17 19 15
34 26 34 28 32 28 32 26
18 27 17 28 16 27 17 26
25 16 23 18 25 20 27 18
18 33 19 34 20 33 19 32
19 13 17 15 19 17 21 15
20 27 19 28 18 27 19 26
25 21 24 21 24 20 25 20
17 13 19 13 19 15 17 15
24 24 23 23 25 21 26 22
26 18 24 20 25 21 27 19
26 19 27 19 27 18 26 18
21 13 19 15 17 13 19 11
21 11 21 13 19 13 19 11
24 8 21 11 25 15 28 12
10 18 13 21 17 17 14 14
23 31 23 32 19 32 19 31
12 17 16 21 19 18 15 14
32 13 34 13 34 16 32 16
27 28 24 31 20 27 23 24
13 22 17 26 21 22 17 18
24 29 24 31 23 31 23 29
24 12 21 15 24 18 27 15
20 30 18 30 18 27 20 27
29 18 27 18 27 15 29 15
31 31 35 31 35 27 31 27
28 20 25 20 25 16 28 16
22 34 19 31 20 30 23 33
16 19 19 19 19 21 16 21
31 29 34 32 35 31 32 28
25 34 29 34 29 32 25 32
21 33 20 33 20 30 21 30
16 22 13 22 13 21 16 21
17 33 18 33 18 30 17 30
32 20 32 21 28 21 28 20
15 17 12 14 14 12 17 15
23 8 24 8 24 12 23 12
14 17 15 17 15 14 14 14
31 15 27 19 28 20 32 16
16 32 17 33 19 31 18 30
16 34 19 34 19 32 16 32
15 35 12 32 13 31 16 34
16 30 16 32 12 32 12 30
13 19 16 22 18 20 15 17
31 9 28 12 31 15 34 12
31 17 33 17 33 15 31 15
20 26 16 30 12 26 16 22
15 33 15 35 11 35 11 33
16 28 17 28 17 30 16 30
25 27 23 29 20 26 22 24
36 20 31 25 28 22 33 17
36 26 34 26 34 20 36 20
29 9 31 9 31 15 29 15
25 38 20 33 24 29 29 34
37 16 32 21 29 18 34 13
22 38 25 38 25 34 22 34
21 39 16 34 17 33 22 38
23 39 21 39 21 33 23 33
25 41 23 39 31 31 33 33
12 18 17 18 17 26 12 26
32 30 27 30 27 28 32 28
28 11 34 11 34 12 28 12
30 27 30 31 25 31 25 27
20 21 20 26 19 26 19 21
21 19 26 19 26 22 21 22
18 22 18 27 16 27 16 22
21 18 21 19 19 19 19 18
28 24 28 29 24 29 24 24
26 12 26 18 24 18 24 12
21 24 22 24 22 30 21 30
25 26 25 27 20 27 20 26
23 21 20 21 20 20 23 20
29 26 27 28 28 29 30 27
27 29 25 27 28 24 30 26
10 17 12 17 12 18 10 18
27 16 23 20 21 18 25 14
23 17 23 18 21 18 21 17
22 18 21 19 23 21 24 20
31 11 28 14 26 12 29 9
24 23 23 23 23 21 24 21
15 10 25 10 25 14 15 14
