best-score: 744853
count: 7
elapsed-time: 4.504
234
30 16 29 16 29 15 30 15
33 32 32 31 33 30 34 31
32 26 32 27 31 27 31 26
18 14 19 14 19 15 18 15
25 35 26 35 26 34 25 34
22 22 23 23 24 22 23 21
26 20 25 21 24 20 25 19
15 29 14 30 15 31 16 30
38 19 38 20 37 20 37 19
32 37 33 38 34 37 33 36
25 30 26 30 26 29 25 29
24 34 25 35 26 34 25 33
32 25 31 26 32 27 33 26
25 31 24 30 25 29 26 30
32 16 33 16 33 15 32 15
24 35 25 36 26 35 25 34
26 33 27 33 27 34 26 34
31 17 30 16 31 15 32 16
25 28 24 29 25 30 26 29
30 37 31 38 32 37 31 36
23 35 24 35 24 34 23 34
32 28 31 27 32 26 33 27
28 15 29 16 30 15 29 14
20 15 19 16 18 15 19 14
33 31 33 32 32 32 32 31
28 14 29 14 29 15 28 15
24 36 25 36 25 35 24 35
35 35 36 35 36 36 35 36
24 33 25 33 25 34 24 34
32 35 31 36 30 35 31 34
33 17 32 16 33 15 34 16
17 35 18 35 18 36 17 36
31 37 32 37 32 38 31 38
23 22 24 22 24 23 23 23
30 36 31 36 31 37 30 37
22 21 23 21 23 22 22 22
33 25 33 26 32 26 32 25
31 16 32 17 33 16 32 15
15 30 16 30 16 29 15 29
24 31 25 31 25 30 24 30
30 17 31 17 31 16 30 16
25 32 24 33 25 34 26 33
23 32 22 33 23 34 24 33
15 28 14 29 15 30 16 29
24 32 25 33 26 32 25 31
23 33 24 33 24 32 23 32
20 16 19 16 19 15 20 15
33 28 32 28 32 27 33 27
23 30 22 31 23 32 24 31
34 30 34 31 33 31 33 30
26 31 26 32 25 32 25 31
24 28 25 28 25 29 24 29
34 17 33 17 33 16 34 16
14 31 15 31 15 30 14 30
34 32 33 31 34 30 35 31
27 14 26 15 27 16 28 15
35 32 34 32 34 31 35 31
23 29 24 29 24 30 23 30
14 28 15 28 15 29 14 29
18 16 19 17 20 16 19 15
22 34 23 34 23 33 22 33
18 17 19 17 19 16 18 16
33 33 34 33 34 32 33 32
35 16 34 17 33 16 34 15
27 13 28 13 28 14 27 14
35 15 35 16 34 16 34 15
26 11 25 12 27 14 28 13
36 39 34 37 35 36 37 38
37 29 35 27 36 26 38 28
35 26 35 27 33 27 33 26
16 38 15 37 17 35 18 36
26 22 24 22 24 20 26 20
16 33 15 34 17 36 18 35
33 34 33 36 31 36 31 34
35 30 37 30 37 31 35 31
21 24 22 25 24 23 23 22
21 28 20 28 20 26 21 26
22 37 21 36 23 34 24 35
32 33 33 34 34 33 33 32
16 16 18 16 18 15 16 15
35 38 33 38 33 36 35 36
38 26 36 26 36 25 38 25
35 21 36 22 38 20 37 19
12 31 14 31 14 33 12 33
37 28 35 30 33 28 35 26
18 27 16 29 18 31 20 29
15 16 13 14 14 13 16 15
23 19 25 19 25 21 23 21
28 30 28 31 26 31 26 30
17 32 16 33 14 31 15 30
36 31 35 32 34 31 35 30
16 21 15 22 17 24 18 23
22 27 21 28 23 30 24 29
34 35 33 36 32 35 33 34
37 34 36 35 34 33 35 32
16 36 17 36 17 38 16 38
30 25 32 25 32 23 30 23
36 34 35 35 33 33 34 32
29 30 28 31 26 29 27 28
34 25 32 23 33 22 35 24
29 32 27 34 26 33 28 31
26 16 25 15 27 13 28 14
15 18 16 18 16 16 15 16
32 19 33 19 33 17 32 17
25 16 26 16 26 15 25 15
22 20 23 21 24 20 23 19
30 33 32 33 32 35 30 35
25 23 24 22 25 21 26 22
38 29 37 29 37 28 38 28
35 33 35 35 34 35 34 33
23 26 22 27 21 26 22 25
31 32 30 33 31 34 32 33
28 27 29 28 31 26 30 25
28 28 29 28 29 30 28 30
29 31 27 33 26 32 28 30
29 29 28 28 30 26 31 27
23 28 24 28 24 26 23 26
37 35 36 35 36 34 37 34
23 24 23 26 21 26 21 24
30 29 29 30 31 32 32 31
27 27 28 27 28 28 27 28
29 34 31 34 31 32 29 32
21 29 23 29 23 28 21 28
28 32 29 32 29 31 28 31
26 26 24 28 25 29 27 27
39 18 38 19 35 16 36 15
22 11 21 12 25 16 26 15
33 39 32 38 35 35 36 36
21 39 20 38 23 35 24 36
24 39 21 39 21 36 24 36
32 39 33 39 33 38 32 38
11 36 12 37 15 34 14 33
12 34 15 34 15 37 12 37
32 30 32 31 29 31 29 30
16 32 13 35 12 34 15 31
36 19 36 22 33 22 33 19
23 25 20 28 21 29 24 26
12 14 16 18 18 16 14 12
29 37 26 34 27 33 30 36
15 25 14 25 14 22 15 22
37 15 37 19 36 19 36 15
18 25 22 25 22 27 18 27
26 25 30 25 30 26 26 26
27 20 26 20 26 16 27 16
24 15 25 15 25 12 24 12
26 36 30 36 30 35 26 35
31 31 32 32 33 31 32 30
25 37 24 36 25 35 26 36
28 25 25 28 23 26 26 23
29 38 26 35 27 34 30 37
34 21 32 19 34 17 36 19
18 19 16 21 13 18 15 16
17 30 17 32 16 32 16 30
20 30 23 33 24 32 21 29
18 13 14 13 14 12 18 12
16 28 20 28 20 29 16 29
24 18 23 18 23 15 24 15
17 22 18 22 18 19 17 19
18 34 15 34 15 31 18 31
20 22 17 19 19 17 22 20
34 24 35 24 35 21 34 21
36 12 36 15 35 15 35 12
26 37 25 37 25 36 26 36
38 18 37 19 34 16 35 15
13 21 14 22 17 19 16 18
38 24 36 26 34 24 36 22
25 26 27 28 28 27 26 25
30 38 29 38 29 37 30 37
21 25 20 26 23 29 24 28
14 27 15 28 18 25 17 24
30 22 30 23 26 23 26 22
27 37 29 37 29 34 27 34
25 25 26 25 26 23 25 23
21 30 20 30 20 29 21 29
23 20 22 21 18 17 19 16
29 21 25 25 26 26 30 22
26 19 27 20 30 17 29 16
39 14 39 18 38 18 38 14
31 39 30 38 31 37 32 38
20 11 18 13 19 14 21 12
25 40 24 39 26 37 27 38
30 39 31 39 31 38 30 38
31 40 30 39 31 38 32 39
22 40 25 40 25 37 22 37
32 40 31 40 31 39 32 39
13 16 12 16 12 14 13 14
15 21 13 21 13 18 15 18
29 22 26 25 24 23 27 20
22 35 18 35 18 34 22 34
26 38 27 38 27 37 26 37
16 13 13 16 15 18 18 15
24 25 25 25 25 26 24 26
15 27 14 28 15 29 16 28
35 13 37 15 38 14 36 12
27 17 25 19 24 18 26 16
16 27 16 28 15 28 15 27
16 22 15 22 15 21 16 21
20 23 18 23 18 22 20 22
21 15 20 16 23 19 24 18
26 28 25 28 25 26 26 26
31 21 30 22 33 25 34 24
16 24 17 24 17 22 16 22
23 12 23 15 21 15 21 12
33 24 34 24 34 25 33 25
30 19 26 23 23 20 27 16
21 32 23 32 23 30 21 30
23 41 22 40 25 37 26 38
21 9 18 12 21 15 24 12
18 9 21 9 21 12 18 12
32 22 30 22 30 19 32 19
28 18 27 17 29 15 30 16
19 26 18 25 20 23 21 24
20 31 21 32 22 31 21 30
19 36 18 35 21 32 22 33
27 29 26 29 26 28 27 28
19 32 21 32 21 36 19 36
33 23 32 23 32 22 33 22
19 29 15 25 16 24 20 28
18 30 20 30 20 31 18 31
29 19 31 21 33 19 31 17
20 33 22 33 22 31 20 31
19 31 18 30 19 29 20 30
18 33 17 32 18 31 19 32
17 27 18 27 18 30 17 30
29 17 30 17 30 19 29 19
27 21 26 20 28 18 29 19
31 25 30 26 26 22 27 21
29 20 29 21 27 21 27 20
16 41 13 38 18 33 21 36
19 9 12 16 18 22 25 15
13 41 16 41 16 38 13 38
16 20 22 20 22 21 16 21
19 35 18 34 23 29 24 30
18 18 23 18 23 19 18 19
