best-score: 798376
count: 28
elapsed-time: 4.51
51
23 7 23 8 22 8 22 7
8 17 9 17 9 18 8 18
8 19 7 18 8 17 9 18
14 10 13 9 14 8 15 9
9 13 10 13 10 12 9 12
14 9 13 9 13 8 14 8
16 22 16 23 15 23 15 22
15 10 14 10 14 9 15 9
9 14 8 13 9 12 10 13
7 19 8 19 8 18 7 18
24 8 23 9 22 8 23 7
24 9 23 9 23 8 24 8
13 10 12 9 13 8 14 9
12 10 13 10 13 9 12 9
16 7 14 9 15 10 17 8
8 16 9 16 9 14 8 14
7 17 8 18 9 17 8 16
7 16 8 16 8 17 7 17
8 15 7 16 8 17 9 16
6 10 9 13 10 12 7 9
11 26 8 23 12 19 15 22
6 12 9 12 9 10 6 10
19 12 20 13 24 9 23 8
12 23 8 23 8 19 12 19
19 8 22 8 22 12 19 12
20 16 18 16 18 13 20 13
14 13 13 13 13 10 14 10
15 13 18 13 18 10 15 10
19 15 18 16 15 13 16 12
9 22 11 22 11 18 9 18
23 13 20 16 19 15 22 12
13 15 10 12 12 10 15 13
16 15 19 15 19 12 16 12
16 11 14 13 16 15 18 13
20 9 23 9 23 13 20 13
10 15 13 15 13 13 10 13
21 6 19 8 20 9 22 7
12 17 11 18 9 16 10 15
15 17 15 19 12 19 12 17
12 16 12 17 9 17 9 16
14 18 12 16 13 15 15 17
11 17 8 14 9 13 12 16
24 15 16 23 15 22 23 14
10 11 16 11 16 12 10 12
11 8 9 10 10 11 12 9
10 18 15 23 16 22 11 17
21 14 12 23 11 22 20 13
19 22 10 13 13 10 22 19
24 22 19 22 19 15 24 15
21 25 15 19 18 16 24 22
23 25 21 25 21 14 23 14
