best-score: 819283
count: 7
elapsed-time: 4.561
374
25 39 24 38 25 37 26 38
39 20 38 21 37 20 38 19
11 28 12 29 13 28 12 27
28 35 27 36 26 35 27 34
13 13 12 14 13 15 14 14
16 33 15 32 16 31 17 32
17 33 16 33 16 32 17 32
32 15 33 15 33 16 32 16
26 26 25 26 25 25 26 25
31 21 32 21 32 22 31 22
25 31 24 31 24 30 25 30
35 22 34 22 34 21 35 21
18 30 17 31 16 30 17 29
17 26 17 27 16 27 16 26
37 37 36 36 37 35 38 36
25 38 26 38 26 37 25 37
26 19 25 20 24 19 25 18
21 17 22 17 22 16 21 16
17 30 18 30 18 29 17 29
19 21 18 22 17 21 18 20
17 19 17 20 16 20 16 19
14 37 15 37 15 36 14 36
17 18 16 19 17 20 18 19
31 36 30 37 29 36 30 35
27 25 26 26 25 25 26 24
35 24 34 23 35 22 36 23
32 36 32 37 31 37 31 36
23 18 22 19 23 20 24 19
18 32 17 33 16 32 17 31
31 34 31 35 30 35 30 34
24 23 25 24 26 23 25 22
16 35 16 36 15 36 15 35
17 34 17 35 16 35 16 34
37 36 38 36 38 37 37 37
36 32 37 32 37 33 36 33
34 16 33 17 32 16 33 15
22 18 23 18 23 17 22 17
32 34 31 35 30 34 31 33
24 21 25 21 25 22 24 22
25 36 24 37 25 38 26 37
12 28 13 28 13 27 12 27
18 21 17 21 17 20 18 20
24 36 25 36 25 37 24 37
25 23 26 23 26 24 25 24
26 27 25 28 24 27 25 26
15 34 16 35 17 34 16 33
31 23 30 22 31 21 32 22
24 25 25 26 26 25 25 24
15 31 16 31 16 32 15 32
23 15 22 16 21 15 22 14
12 31 13 31 13 32 12 32
17 36 16 37 15 36 16 35
36 25 37 25 37 26 36 26
18 18 18 19 17 19 17 18
27 24 27 25 26 25 26 24
26 31 25 32 24 31 25 30
14 32 13 31 14 30 15 31
26 21 25 22 24 21 25 20
23 26 23 27 22 27 22 26
32 30 33 31 34 30 33 29
34 29 34 30 33 30 33 29
13 14 14 14 14 15 13 15
14 38 13 37 14 36 15 37
24 39 25 39 25 38 24 38
11 29 12 29 12 28 11 28
19 29 18 30 19 31 20 30
14 12 14 13 13 13 13 12
32 33 32 34 31 34 31 33
30 36 31 37 32 36 31 35
36 35 37 35 37 36 36 36
23 35 24 36 25 35 24 34
29 35 30 35 30 36 29 36
23 23 24 24 25 23 24 22
13 38 14 38 14 37 13 37
19 22 18 22 18 21 19 21
37 34 36 35 35 34 36 33
35 30 34 31 33 30 34 29
24 35 23 35 23 34 24 34
26 20 26 21 25 21 25 20
34 17 33 17 33 16 34 16
18 33 18 34 17 34 17 33
26 22 25 23 26 24 27 23
30 23 31 23 31 22 30 22
33 34 32 35 31 34 32 33
18 31 18 32 17 32 17 31
17 37 16 37 16 36 17 36
25 34 24 35 25 36 26 35
26 34 26 35 25 35 25 34
18 38 17 38 17 37 18 37
16 38 15 37 16 36 17 37
35 28 35 29 34 29 34 28
23 22 24 22 24 23 23 23
19 19 18 20 17 19 18 18
27 22 26 23 27 24 28 23
15 14 14 15 13 14 14 13
33 28 34 29 35 28 34 27
28 24 27 24 27 23 28 23
35 31 34 31 34 30 35 30
12 13 13 13 13 14 12 14
15 33 16 33 16 34 15 34
19 30 18 31 17 30 18 29
19 20 18 20 18 19 19 19
36 30 35 30 35 29 36 29
23 28 22 27 23 26 24 27
32 31 33 31 33 30 32 30
20 31 19 31 19 30 20 30
23 24 22 23 23 22 24 23
23 25 24 25 24 24 23 24
22 25 23 26 24 25 23 24
15 13 15 14 14 14 14 13
24 28 23 28 23 27 24 27
26 32 25 32 25 31 26 31
22 21 23 22 24 21 23 20
27 21 27 22 26 22 26 21
29 25 28 26 27 25 28 24
15 38 16 38 16 37 15 37
19 32 18 33 17 32 18 31
14 34 15 35 16 34 15 33
37 31 36 32 35 31 36 30
14 33 15 33 15 32 14 32
21 30 20 31 19 30 20 29
22 24 23 24 23 23 22 23
33 27 34 27 34 28 33 28
20 21 19 22 18 21 19 20
21 32 20 33 19 32 20 31
23 21 23 22 22 22 22 21
29 24 30 24 30 25 29 25
32 28 33 29 34 28 33 27
20 20 20 21 19 21 19 20
36 28 35 29 36 30 37 29
21 29 21 30 20 30 20 29
21 23 22 24 23 23 22 22
32 29 33 29 33 28 32 28
19 33 18 33 18 32 19 32
24 26 23 27 22 26 23 25
14 35 15 35 15 34 14 34
13 34 14 35 15 34 14 33
14 39 13 38 14 37 15 38
16 39 15 38 16 37 17 38
15 39 14 39 14 38 15 38
17 39 16 39 16 38 17 38
16 40 15 39 16 38 17 39
15 40 16 40 16 39 15 39
20 32 19 33 18 32 19 31
31 30 32 31 33 30 32 29
21 22 22 22 22 23 21 23
14 31 13 32 14 33 15 32
24 20 23 21 24 22 25 21
37 28 37 29 36 29 36 28
15 30 15 31 14 31 14 30
31 29 32 29 32 30 31 30
23 19 24 19 24 20 23 20
31 24 30 25 29 24 30 23
36 27 35 28 36 29 37 28
24 18 23 19 22 18 23 17
21 31 21 32 20 32 20 31
37 27 38 27 38 28 37 28
13 36 14 37 15 36 14 35
21 20 20 21 21 22 22 21
35 26 36 27 37 26 36 25
25 27 24 27 24 26 25 26
38 26 37 27 36 26 37 25
13 33 14 33 14 34 13 34
25 19 24 19 24 18 25 18
22 30 21 31 20 30 21 29
22 31 21 31 21 30 22 30
21 33 20 32 21 31 22 32
26 28 25 28 25 27 26 27
25 29 24 28 25 27 26 28
16 29 15 30 16 31 17 30
13 30 14 31 15 30 14 29
13 35 14 35 14 36 13 36
22 33 21 33 21 32 22 32
35 27 36 27 36 28 35 28
24 29 25 29 25 28 24 28
23 32 22 33 21 32 22 31
34 26 35 26 35 27 34 27
26 30 25 31 24 30 25 29
12 34 13 35 14 34 13 33
12 35 13 35 13 34 12 34
23 31 23 32 22 32 22 31
26 29 26 30 25 30 25 29
13 29 14 29 14 30 13 30
14 28 13 29 12 28 13 27
11 30 12 31 13 30 12 29
15 29 16 29 16 30 15 30
32 26 33 27 34 26 33 25
15 28 15 29 14 29 14 28
35 25 34 26 35 27 36 26
27 29 26 29 26 28 27 28
17 28 16 29 15 28 16 27
14 27 13 28 14 29 15 28
36 24 36 25 35 25 35 24
23 29 22 30 23 31 24 30
22 28 23 29 24 28 23 27
16 28 17 28 17 29 16 29
13 26 14 26 14 27 13 27
23 30 24 30 24 29 23 29
18 28 17 29 16 28 17 27
18 27 18 28 17 28 17 27
22 29 23 29 23 28 22 28
37 23 36 24 37 25 38 24
15 27 16 27 16 28 15 28
15 25 14 26 15 27 16 26
19 28 19 29 18 29 18 28
21 28 20 29 19 28 20 27
37 24 36 24 36 23 37 23
21 27 22 27 22 28 21 28
20 28 21 29 22 28 21 27
38 25 37 25 37 24 38 24
19 27 18 28 19 29 20 28
39 26 38 27 37 26 38 25
39 27 38 27 38 26 39 26
39 22 37 24 36 23 38 21
36 39 35 38 37 36 38 37
40 17 38 19 36 17 38 15
10 30 12 32 13 31 11 29
34 39 32 37 33 36 35 38
10 29 11 29 11 30 10 30
38 31 37 32 35 30 36 29
28 37 26 37 26 35 28 35
32 19 34 19 34 21 32 21
31 18 32 19 34 17 33 16
34 34 33 35 35 37 36 36
29 15 30 15 30 17 29 17
33 18 31 18 31 17 33 17
29 31 28 32 26 30 27 29
21 19 20 20 22 22 23 21
25 33 24 34 22 32 23 31
21 18 22 18 22 19 21 19
27 17 29 19 31 17 29 15
33 19 35 21 36 20 34 18
21 36 22 37 24 35 23 34
28 27 26 27 26 26 28 26
33 23 35 25 36 24 34 22
37 22 39 22 39 20 37 20
16 24 16 26 14 26 14 24
22 38 24 38 24 37 22 37
31 26 29 28 28 27 30 25
38 17 38 18 36 18 36 17
29 21 27 23 28 24 30 22
34 35 33 35 33 34 34 34
23 33 25 33 25 32 23 32
30 32 29 31 31 29 32 30
16 14 16 16 15 16 15 14
19 25 21 27 22 26 20 24
27 32 27 34 26 34 26 32
31 28 32 28 32 26 31 26
36 19 34 21 35 22 37 20
18 24 16 26 17 27 19 25
15 15 14 14 15 13 16 14
20 18 21 19 22 18 21 17
20 19 21 20 22 19 21 18
33 22 34 22 34 23 33 23
20 25 20 27 19 27 19 25
31 14 30 15 28 13 29 12
38 32 37 32 37 31 38 31
26 16 24 18 25 19 27 17
15 23 14 24 15 25 16 24
27 33 26 34 25 33 26 32
28 28 29 28 29 27 28 27
36 15 34 17 36 19 38 17
34 33 33 34 34 35 35 34
29 29 31 29 31 28 29 28
21 37 22 37 22 36 21 36
31 27 29 25 30 24 32 26
37 19 37 20 36 20 36 19
27 38 26 37 27 36 28 37
27 31 29 31 29 29 27 29
20 22 20 24 19 24 19 22
20 34 22 36 23 35 21 33
32 27 31 28 32 29 33 28
27 27 28 28 29 27 28 26
30 28 31 29 32 28 31 27
33 24 31 24 31 23 33 23
21 34 20 34 20 33 21 33
37 38 35 38 35 37 37 37
40 15 40 17 38 17 38 15
20 17 21 18 22 17 21 16
27 19 29 19 29 21 27 21
28 34 30 34 30 32 28 32
26 17 27 17 27 19 26 19
27 26 26 27 27 28 28 27
23 37 22 38 21 37 22 36
31 19 29 21 27 19 29 17
22 34 23 34 23 33 22 33
37 17 36 18 37 19 38 18
16 22 18 22 18 24 16 24
33 33 34 33 34 31 33 31
19 35 18 34 19 33 20 34
18 25 19 25 19 24 18 24
19 18 18 19 19 20 20 19
32 25 34 27 35 26 33 24
33 20 32 21 33 22 34 21
21 21 21 22 20 22 20 21
32 23 33 24 34 23 33 22
19 26 18 27 17 26 18 25
22 20 22 21 21 21 21 20
28 25 27 26 26 25 27 24
19 23 20 24 21 23 20 22
25 16 26 16 26 14 25 14
15 21 16 22 17 21 16 20
33 26 32 26 32 25 33 25
35 33 35 34 34 34 34 33
29 38 27 38 27 36 29 36
17 23 15 23 15 21 17 21
19 36 17 36 17 35 19 35
36 34 35 33 36 32 37 33
20 35 19 36 17 34 18 33
29 18 31 18 31 19 29 19
29 33 28 34 29 35 30 34
35 35 36 35 36 34 35 34
34 32 33 33 34 34 35 33
21 26 20 27 19 26 20 25
31 31 31 33 29 33 29 31
19 17 20 17 20 18 19 18
20 36 18 38 17 37 19 35
24 17 25 18 26 17 25 16
21 35 21 36 20 36 20 35
34 37 35 37 35 35 34 35
29 26 28 26 28 25 29 25
19 34 20 34 20 35 19 35
24 15 24 17 23 17 23 15
30 19 29 18 30 17 31 18
26 15 25 16 24 15 25 14
23 16 22 17 23 18 24 17
17 15 16 16 18 18 19 17
32 39 34 39 34 37 32 37
31 40 29 38 30 37 32 39
21 25 22 25 22 26 21 26
22 35 21 35 21 34 22 34
29 20 31 22 32 21 30 19
28 19 26 21 27 22 29 20
21 24 21 25 20 25 20 24
23 36 22 36 22 35 23 35
20 23 19 24 20 25 21 24
27 16 26 17 28 19 29 18
26 8 22 12 26 16 30 12
27 39 26 38 29 35 30 36
36 11 32 15 33 16 37 12
30 40 31 40 31 37 30 37
33 11 36 11 36 15 33 15
11 18 12 19 15 16 14 15
26 39 27 39 27 38 26 38
25 40 24 39 25 38 26 39
26 40 25 40 25 39 26 39
31 9 27 13 29 15 33 11
15 19 15 21 12 21 12 19
16 13 15 14 19 18 20 17
30 29 27 32 26 31 29 28
14 23 13 24 16 27 17 26
13 23 14 23 14 24 13 24
19 13 19 14 16 14 16 13
28 16 27 16 27 13 28 13
25 12 25 14 22 14 22 12
17 16 21 16 21 15 17 15
14 20 12 22 13 23 15 21
16 18 17 18 17 16 16 16
18 12 16 14 17 15 19 13
32 12 32 15 30 15 30 12
23 10 19 14 21 16 25 12
12 16 15 19 16 18 13 15
14 22 16 22 16 20 14 20
15 18 16 18 16 19 15 19
12 18 15 18 15 16 12 16
11 19 12 19 12 18 11 18
13 22 12 21 15 18 16 19
13 19 12 18 15 15 16 16
12 23 13 23 13 22 12 22
21 10 23 10 23 15 21 15
26 9 31 9 31 14 26 14
31 39 30 40 25 35 26 34
23 12 17 18 15 16 21 10
28 11 25 14 23 12 26 9
