best-score: 744897
count: 5
elapsed-time: 4.588
245
17 39 16 40 15 39 16 38
20 20 19 21 18 20 19 19
24 39 23 38 24 37 25 38
40 25 41 25 41 24 40 24
31 27 31 28 30 28 30 27
24 38 24 39 23 39 23 38
22 15 23 15 23 14 22 14
32 25 31 26 32 27 33 26
22 19 23 20 24 19 23 18
27 37 28 38 29 37 28 36
20 18 19 19 18 18 19 17
28 37 27 37 27 36 28 36
23 37 22 38 23 39 24 38
35 40 35 41 34 41 34 40
31 32 30 31 31 30 32 31
31 31 32 31 32 30 31 30
32 26 32 27 31 27 31 26
38 18 37 18 37 17 38 17
28 15 29 15 29 14 28 14
30 32 31 32 31 31 30 31
22 37 23 37 23 38 22 38
15 23 14 22 15 21 16 22
23 13 22 14 23 15 24 14
42 25 41 26 40 25 41 24
42 26 41 26 41 25 42 25
29 38 28 38 28 37 29 37
25 37 25 38 24 38 24 37
26 37 25 37 25 36 26 36
26 35 25 36 26 37 27 36
15 22 16 22 16 23 15 23
33 25 33 26 32 26 32 25
27 35 27 36 26 36 26 35
30 15 29 16 28 15 29 14
29 36 28 37 29 38 30 37
24 13 24 14 23 14 23 13
33 24 34 24 34 25 33 25
28 34 27 35 26 34 27 33
26 38 25 37 26 36 27 37
30 16 29 16 29 15 30 15
14 21 15 21 15 22 14 22
16 21 15 22 16 23 17 22
35 24 34 25 33 24 34 23
35 23 35 24 34 24 34 23
30 36 30 37 29 37 29 36
27 38 26 38 26 37 27 37
17 21 17 22 16 22 16 21
26 39 25 38 26 37 27 38
25 39 26 39 26 38 25 38
16 20 17 21 18 20 17 19
18 22 17 23 16 22 17 21
15 20 16 20 16 21 15 21
18 23 17 23 17 22 18 22
39 15 37 17 36 16 38 14
33 22 32 21 34 19 35 20
33 21 32 22 34 24 35 23
34 33 32 35 34 37 36 35
15 37 17 37 17 39 15 39
27 16 29 16 29 18 27 18
24 17 22 15 23 14 25 16
29 17 27 19 29 21 31 19
28 30 30 32 31 31 29 29
33 29 32 30 30 28 31 27
36 38 34 40 35 41 37 39
34 29 32 31 34 33 36 31
17 25 16 25 16 23 17 23
34 36 32 38 30 36 32 34
32 24 33 24 33 22 32 22
16 18 18 18 18 20 16 20
24 35 22 37 20 35 22 33
18 37 20 37 20 35 18 35
20 16 19 15 21 13 22 14
22 35 20 37 18 35 20 33
27 40 28 40 28 38 27 38
35 33 36 33 36 35 35 35
28 33 27 33 27 31 28 31
19 34 17 34 17 32 19 32
17 16 19 16 19 15 17 15
41 39 40 39 40 37 41 37
39 24 40 24 40 22 39 22
28 16 29 17 30 16 29 15
30 19 28 21 27 20 29 18
24 34 26 34 26 35 24 35
37 31 37 33 36 33 36 31
24 16 25 16 25 17 24 17
17 17 16 18 17 19 18 18
16 36 15 37 16 38 17 37
18 34 16 36 14 34 16 32
21 35 22 35 22 33 21 33
38 27 37 26 39 24 40 25
14 41 15 41 15 39 14 39
35 18 37 18 37 20 35 20
27 41 25 39 26 38 28 40
29 34 29 36 28 36 28 34
20 22 18 22 18 20 20 20
31 25 32 26 33 25 32 24
22 32 21 33 23 35 24 34
22 17 24 17 24 19 22 19
34 30 36 30 36 29 34 29
29 24 28 25 30 27 31 26
34 32 35 33 37 31 36 30
20 17 19 17 19 16 20 16
35 32 35 33 34 33 34 32
24 33 22 33 22 32 24 32
21 14 19 16 20 17 22 15
37 37 36 38 34 36 35 35
16 26 14 24 15 23 17 25
30 30 30 31 28 31 28 30
26 31 24 33 26 35 28 33
14 25 16 25 16 26 14 26
36 37 37 37 37 35 36 35
31 24 32 24 32 25 31 25
33 18 34 19 35 18 34 17
33 33 31 31 32 30 34 32
19 23 18 22 19 21 20 22
32 23 31 24 32 25 33 24
21 25 19 27 17 25 19 23
38 37 38 39 37 39 37 37
34 38 36 38 36 37 34 37
22 13 22 14 21 14 21 13
23 12 22 13 23 14 24 13
22 12 23 12 23 13 22 13
38 35 36 37 38 39 40 37
18 25 16 27 14 25 16 23
40 35 40 37 38 37 38 35
38 33 38 35 37 35 37 33
19 25 21 25 21 27 19 27
32 40 34 40 34 38 32 38
42 37 40 39 38 37 40 35
33 41 32 40 33 39 34 40
35 10 31 14 34 17 38 13
38 11 35 14 38 17 41 14
25 12 24 13 27 16 28 15
42 19 39 22 37 20 40 17
43 35 41 37 37 33 39 31
31 10 35 10 35 14 31 14
12 28 16 32 18 30 14 26
38 42 34 38 37 35 41 39
12 18 15 21 16 20 13 17
27 12 27 16 25 16 25 12
40 42 38 42 38 39 40 39
19 38 19 40 16 40 16 38
13 19 17 19 17 17 13 17
39 27 38 27 38 24 39 24
23 23 27 23 27 20 23 20
37 28 36 29 33 26 34 25
21 18 17 22 18 23 22 19
16 19 13 16 16 13 19 16
38 38 37 39 40 42 41 41
20 41 19 40 22 37 23 38
29 33 33 33 33 29 29 29
31 36 30 37 34 41 35 40
31 37 34 37 34 36 31 36
28 24 29 24 29 21 28 21
21 21 23 23 27 19 25 17
21 20 23 20 23 18 21 18
21 19 20 18 23 15 24 16
40 14 40 17 38 17 38 14
28 26 31 26 31 25 28 25
41 22 39 24 35 20 37 18
13 38 14 39 18 35 17 34
32 18 33 18 33 21 32 21
41 28 37 28 37 26 41 26
27 13 24 16 25 17 28 14
31 16 31 19 30 19 30 16
34 26 34 29 33 29 33 26
30 20 27 20 27 19 30 19
27 27 29 29 30 28 28 26
15 28 13 30 17 34 19 32
17 20 16 21 15 20 16 19
24 30 21 27 24 24 27 27
27 30 28 31 31 28 30 27
39 18 39 22 38 22 38 18
36 28 34 26 38 22 40 24
21 23 19 23 19 21 21 21
26 30 27 30 27 31 26 31
21 17 21 18 20 18 20 17
40 28 39 27 41 25 42 26
21 37 21 41 20 41 20 37
30 22 28 24 27 23 29 21
30 33 29 34 31 36 32 35
13 36 16 36 16 38 13 38
15 42 14 41 18 37 19 38
18 42 15 42 15 41 18 41
17 43 15 41 16 40 18 42
37 25 37 26 34 26 34 25
36 22 35 23 37 25 38 24
34 20 33 21 31 19 32 18
37 29 36 29 36 28 37 28
24 25 28 25 28 24 24 24
35 21 34 20 37 17 38 18
27 29 26 30 27 31 28 30
30 23 30 27 27 27 27 23
35 22 33 22 33 21 35 21
21 24 23 24 23 23 21 23
31 20 34 20 34 19 31 19
38 28 37 29 39 31 40 30
28 29 28 30 27 30 27 29
39 29 39 31 37 31 37 29
30 21 32 21 32 22 30 22
29 22 25 26 24 25 28 21
36 23 35 23 35 22 36 22
21 15 22 15 22 17 21 17
35 29 36 30 37 29 36 28
36 26 38 28 39 27 37 25
32 17 30 19 31 20 33 18
34 28 33 29 34 30 35 29
19 14 21 14 21 15 19 15
31 22 30 21 31 20 32 21
34 13 31 16 32 17 35 14
16 15 17 16 19 14 18 13
12 15 16 15 16 18 12 18
34 11 38 11 38 13 34 13
17 13 17 15 16 15 16 13
32 13 34 13 34 17 32 17
15 15 17 17 19 15 17 13
23 43 17 43 17 39 23 39
43 30 38 35 36 33 41 28
24 9 19 14 22 17 27 12
43 28 38 33 36 31 41 26
12 23 15 23 15 28 12 28
25 19 21 23 27 29 31 25
25 41 23 43 21 41 23 39
25 18 27 18 27 19 25 19
13 24 12 23 14 21 15 22
41 30 43 30 43 28 41 28
14 35 13 36 18 41 19 40
26 27 20 33 19 32 25 26
13 34 14 34 14 35 13 35
24 41 25 41 25 39 24 39
16 30 21 35 24 32 19 27
26 21 24 19 25 18 27 20
13 32 16 32 16 30 13 30
16 31 17 32 24 25 23 24
13 22 14 22 14 24 13 24
24 27 26 27 26 30 24 30
41 17 41 22 40 22 40 17
17 30 18 30 18 25 17 25
42 16 41 17 39 15 40 14
23 42 19 38 20 37 24 41
25 42 24 41 26 39 27 40
27 42 25 42 25 41 27 41
41 35 40 35 40 30 41 30
40 34 37 37 38 38 41 35
36 19 42 19 42 16 36 16
42 35 42 37 41 37 41 35
