best-score: 667300
count: 7
elapsed-time: 4.529
98
36 15 35 16 34 15 35 14
15 20 16 21 17 20 16 19
17 21 16 21 16 20 17 20
15 21 16 22 17 21 16 20
16 18 17 18 17 19 16 19
15 19 16 20 17 19 16 18
19 27 20 27 20 26 19 26
21 26 20 27 19 26 20 25
14 22 15 22 15 21 14 21
21 25 21 26 20 26 20 25
15 32 17 32 17 31 15 31
19 28 17 28 17 27 19 27
21 24 20 25 18 23 19 22
17 24 15 22 16 21 18 23
26 34 28 34 28 32 26 32
22 25 21 25 21 24 22 24
13 30 14 30 14 28 13 28
16 31 15 32 16 33 17 32
15 26 17 28 19 26 17 24
13 31 11 29 12 28 14 30
13 24 11 26 13 28 15 26
12 23 13 24 15 22 14 21
23 24 22 25 21 24 22 23
23 23 23 24 22 24 22 23
12 25 11 25 11 23 12 23
25 37 23 35 26 32 28 34
23 37 25 37 25 35 23 35
36 17 33 20 32 19 35 16
10 22 11 23 15 19 14 18
23 32 19 28 20 27 24 31
15 13 13 15 16 18 18 16
32 30 28 34 29 35 33 31
23 29 26 29 26 32 23 32
17 25 14 28 11 25 14 22
22 32 23 32 23 35 22 35
20 34 23 37 25 35 22 32
21 21 21 24 17 24 17 21
28 15 26 17 23 14 25 12
34 17 36 17 36 15 34 15
13 25 17 25 17 24 13 24
13 11 13 15 12 15 12 11
32 34 31 34 31 30 32 30
16 26 19 26 19 22 16 22
22 30 19 27 20 26 23 29
18 20 17 21 21 25 22 24
18 19 18 20 17 20 17 19
32 22 29 22 29 19 32 19
13 14 12 15 16 19 17 18
24 33 22 35 21 34 23 32
26 19 29 19 29 17 26 17
15 29 11 29 11 26 15 26
14 13 13 14 11 12 12 11
25 30 21 26 22 25 26 29
26 28 22 24 23 23 27 27
36 18 32 22 29 19 33 15
15 9 13 11 15 13 17 11
14 9 15 9 15 13 14 13
23 21 26 21 26 19 23 19
25 21 23 23 21 21 23 19
29 29 26 29 26 28 29 28
29 16 26 19 29 22 32 19
22 20 22 23 18 23 18 20
16 30 15 31 14 30 15 29
20 21 19 22 17 20 18 19
24 17 20 21 22 23 26 19
37 24 31 30 29 28 35 22
24 11 26 11 26 17 24 17
28 20 33 20 33 15 28 15
22 13 17 18 18 19 23 14
21 27 21 34 20 34 20 27
29 14 35 14 35 16 29 16
27 20 22 20 22 13 27 13
23 16 23 19 18 19 18 16
34 24 29 29 27 27 32 22
19 18 17 18 17 11 19 11
23 22 29 22 29 23 23 23
27 26 27 27 21 27 21 26
25 25 25 30 22 30 22 25
35 30 32 30 32 22 35 22
29 30 29 35 25 35 25 30
30 15 29 16 28 15 29 14
25 10 24 11 25 12 26 11
28 9 26 11 29 14 31 12
31 10 31 12 25 12 25 10
30 9 23 16 24 17 31 10
28 26 27 26 27 20 28 20
30 25 26 29 31 34 35 30
32 17 30 15 32 13 34 15
31 29 31 30 29 30 29 29
34 19 32 19 32 17 34 17
37 19 37 24 34 24 34 19
20 10 19 11 28 20 29 19
22 10 22 13 20 13 20 10
28 4 22 10 29 17 35 11
30 4 30 9 28 9 28 4
33 33 24 33 24 31 33 31
28 30 32 34 33 33 29 29
24 30 26 32 28 30 26 28
