best-score: 704009
count: 4
elapsed-time: 4.502
446
14 42 15 43 16 42 15 41
20 30 19 29 20 28 21 29
44 27 43 28 42 27 43 26
21 40 22 40 22 41 21 41
43 27 43 28 42 28 42 27
33 27 32 26 33 25 34 26
32 30 31 30 31 29 32 29
32 28 31 29 32 30 33 29
19 23 20 23 20 24 19 24
18 25 17 24 18 23 19 24
22 25 21 26 20 25 21 24
25 22 24 23 23 22 24 21
36 24 35 25 36 26 37 25
44 26 44 27 43 27 43 26
41 32 40 32 40 31 41 31
22 39 21 40 22 41 23 40
24 22 25 22 25 23 24 23
23 21 24 21 24 22 23 22
36 16 35 17 34 16 35 15
28 24 29 24 29 25 28 25
20 39 21 39 21 40 20 40
42 32 41 33 42 34 43 33
25 21 24 21 24 20 25 20
42 33 41 33 41 32 42 32
30 30 31 30 31 31 30 31
19 31 18 32 19 33 20 32
37 43 38 44 39 43 38 42
35 28 34 27 35 26 36 27
32 39 31 40 30 39 31 38
26 22 25 23 24 22 25 21
20 35 21 36 22 35 21 34
39 15 39 16 38 16 38 15
35 27 36 27 36 26 35 26
31 19 30 20 31 21 32 20
33 30 32 31 31 30 32 29
39 31 40 32 41 31 40 30
43 21 43 22 42 22 42 21
31 34 32 34 32 33 31 33
36 29 35 30 34 29 35 28
34 17 35 17 35 16 34 16
38 35 39 35 39 34 38 34
33 34 32 35 31 34 32 33
38 23 39 24 40 23 39 22
20 22 19 23 20 24 21 23
32 40 33 40 33 39 32 39
38 33 37 34 38 35 39 34
37 33 38 33 38 34 37 34
34 25 35 25 35 26 34 26
38 24 39 24 39 23 38 23
38 36 37 35 38 34 39 35
44 28 43 29 42 28 43 27
37 36 38 36 38 35 37 35
21 20 21 21 20 21 20 20
20 42 19 41 20 40 21 41
16 19 17 19 17 18 16 18
21 35 21 36 20 36 20 35
44 36 45 36 45 35 44 35
26 21 25 22 26 23 27 22
23 39 23 40 22 40 22 39
40 22 40 23 39 23 39 22
17 31 18 31 18 32 17 32
33 20 32 20 32 19 33 19
19 21 20 22 21 21 20 20
21 25 20 25 20 24 21 24
19 30 20 30 20 31 19 31
34 28 35 28 35 27 34 27
17 26 18 27 19 26 18 25
33 26 34 26 34 27 33 27
39 25 38 24 39 23 40 24
33 28 34 28 34 29 33 29
39 36 38 37 37 36 38 35
40 20 39 19 40 18 41 19
43 34 42 34 42 33 43 33
22 22 21 21 22 20 23 21
22 26 21 26 21 25 22 25
28 33 27 33 27 32 28 32
19 32 18 31 19 30 20 31
40 34 39 33 40 32 41 33
27 37 26 36 27 35 28 36
46 36 45 37 44 36 45 35
46 37 45 37 45 36 46 36
40 33 40 34 39 34 39 33
33 31 32 31 32 30 33 30
32 25 33 25 33 26 32 26
38 43 37 43 37 42 38 42
21 22 21 23 20 23 20 22
20 41 20 42 19 42 19 41
41 34 41 35 40 35 40 34
22 34 22 35 21 35 21 34
40 25 39 25 39 24 40 24
37 30 36 29 37 28 38 29
37 15 36 16 37 17 38 16
18 33 19 33 19 32 18 32
42 35 41 34 42 33 43 34
39 30 40 30 40 31 39 31
22 38 21 39 22 40 23 39
44 29 43 29 43 28 44 28
15 31 16 32 17 31 16 30
39 29 39 30 38 30 38 29
23 26 23 27 22 27 22 26
22 24 21 25 22 26 23 25
19 40 20 41 21 40 20 39
19 22 20 22 20 21 19 21
19 20 18 21 19 22 20 21
38 32 37 31 38 30 39 31
39 32 40 33 41 32 40 31
33 35 32 35 32 34 33 34
40 36 39 35 40 34 41 35
39 44 38 44 38 43 39 43
40 19 41 19 41 20 40 20
39 37 38 37 38 36 39 36
22 23 22 24 21 24 21 23
23 24 23 25 22 25 22 24
27 21 27 22 26 22 26 21
32 27 31 26 32 25 33 26
37 37 38 38 39 37 38 36
22 21 21 22 22 23 23 22
31 27 32 27 32 26 31 26
32 32 31 31 32 30 33 31
37 16 36 16 36 15 37 15
18 22 19 22 19 23 18 23
31 32 32 32 32 31 31 31
31 28 32 29 33 28 32 27
23 23 22 23 22 22 23 22
38 31 39 31 39 32 38 32
37 14 36 15 37 16 38 15
38 14 38 15 37 15 37 14
39 18 40 18 40 19 39 19
37 32 38 33 39 32 38 31
33 32 32 33 31 32 32 31
18 19 19 20 20 19 19 18
19 19 20 19 20 20 19 20
36 37 37 37 37 36 36 36
18 20 19 20 19 21 18 21
21 38 22 38 22 39 21 39
23 20 23 21 22 21 22 20
37 38 38 38 38 37 37 37
38 17 37 17 37 16 38 16
17 20 18 20 18 19 17 19
20 37 21 38 22 37 21 36
28 22 27 23 26 22 27 21
16 21 15 20 16 19 17 20
24 25 23 26 22 25 23 24
18 18 17 19 18 20 19 19
24 26 23 26 23 25 24 25
33 33 32 33 32 32 33 32
24 24 23 24 23 23 24 23
22 19 21 20 22 21 23 20
24 19 23 20 24 21 25 20
39 38 38 39 37 38 38 37
34 34 33 35 32 34 33 33
21 19 22 19 22 20 21 20
16 20 16 21 15 21 15 20
28 23 27 23 27 22 28 22
39 39 38 39 38 38 39 38
17 21 18 22 19 21 18 20
40 17 39 18 38 17 39 16
23 19 24 19 24 20 23 20
17 22 16 22 16 21 17 21
41 18 40 18 40 17 41 17
34 33 34 34 33 34 33 33
25 25 24 26 23 25 24 24
20 18 19 19 20 20 21 19
40 37 40 38 39 38 39 37
35 34 34 35 33 34 34 33
27 24 28 25 29 24 28 23
15 19 16 20 17 19 16 18
41 36 41 37 40 37 40 36
22 18 21 19 22 20 23 19
42 19 41 20 40 19 41 18
35 35 34 35 34 34 35 34
42 36 41 36 41 35 42 35
25 26 26 26 26 25 25 25
29 22 28 23 27 22 28 21
25 24 24 25 25 26 26 25
43 35 42 36 41 35 42 34
41 38 40 37 41 36 42 37
21 18 21 19 20 19 20 18
26 24 25 24 25 23 26 23
36 34 35 35 36 36 37 35
43 19 42 19 42 18 43 18
27 25 26 24 27 23 28 24
36 35 37 35 37 34 36 34
29 21 29 22 28 22 28 21
36 33 35 34 36 35 37 34
35 33 36 33 36 34 35 34
35 36 36 37 37 36 36 35
23 18 23 19 22 19 22 18
30 21 29 21 29 20 30 20
44 34 44 35 43 35 43 34
42 20 41 19 42 18 43 19
30 22 31 22 31 21 30 21
42 38 41 38 41 37 42 37
22 17 21 18 22 19 23 18
25 18 24 19 23 18 24 17
30 23 29 22 30 21 31 22
36 32 37 32 37 33 36 33
43 37 42 38 41 37 42 36
24 18 23 18 23 17 24 17
29 23 30 23 30 22 29 22
30 24 29 25 28 24 29 23
43 36 43 37 42 37 42 36
41 21 42 22 43 21 42 20
21 17 22 17 22 18 21 18
25 19 24 20 23 19 24 18
44 37 43 36 44 35 45 36
22 16 21 17 22 18 23 17
39 21 40 22 41 21 40 20
42 39 43 39 43 38 42 38
26 20 25 19 26 18 27 19
23 16 23 17 22 17 22 16
26 19 26 20 25 20 25 19
44 38 43 38 43 37 44 37
19 17 20 18 21 17 20 16
18 17 19 17 19 18 18 18
27 18 27 19 26 19 26 18
40 39 41 40 42 39 41 38
17 17 18 18 19 17 18 16
17 16 18 16 18 17 17 17
16 17 17 18 18 17 17 16
27 20 26 21 25 20 26 19
41 39 40 39 40 38 41 38
28 19 27 20 28 21 29 20
26 17 25 18 26 19 27 18
40 40 39 39 40 38 41 39
28 20 28 21 27 21 27 20
29 19 28 20 29 21 30 20
42 40 41 40 41 39 42 39
25 17 26 17 26 18 25 18
39 40 40 40 40 39 39 39
24 16 23 17 24 18 25 17
25 16 25 17 24 17 24 16
24 15 23 16 24 17 25 16
27 16 26 17 25 16 26 15
23 15 24 15 24 16 23 16
26 16 25 16 25 15 26 15
28 17 27 16 28 15 29 16
24 14 23 15 24 16 25 15
25 14 25 15 24 15 24 14
27 17 26 17 26 16 27 16
29 18 28 19 27 18 28 17
28 18 27 18 27 17 28 17
37 46 36 45 38 43 39 44
46 33 44 35 43 34 45 32
14 28 16 30 18 28 16 26
46 40 45 41 43 39 44 38
33 14 32 15 34 17 35 16
27 27 28 27 28 25 27 25
31 18 31 19 29 19 29 18
23 43 21 41 22 40 24 42
34 31 36 33 37 32 35 30
35 18 33 20 32 19 34 17
38 27 38 29 36 29 36 27
38 26 36 26 36 24 38 24
17 34 16 34 16 32 17 32
35 31 37 31 37 30 35 30
37 18 35 18 35 17 37 17
19 39 19 40 17 40 17 39
40 41 38 43 37 42 39 40
36 30 35 31 36 32 37 31
36 18 38 20 39 19 37 17
37 41 36 40 38 38 39 39
28 26 27 27 26 26 27 25
23 42 24 42 24 43 23 43
23 37 22 38 20 36 21 35
37 26 38 27 40 25 39 24
21 42 22 43 23 42 22 41
44 30 42 32 41 31 43 29
38 18 38 20 37 20 37 18
15 38 17 38 17 39 15 39
16 41 18 43 19 42 17 40
31 24 32 25 34 23 33 22
35 37 33 39 31 37 33 35
26 41 24 43 23 42 25 40
29 33 28 32 30 30 31 31
21 28 23 30 24 29 22 27
29 30 27 32 28 33 30 31
19 37 20 37 20 39 19 39
25 35 23 37 24 38 26 36
33 23 34 23 34 25 33 25
41 41 40 41 40 40 41 40
30 26 31 26 31 24 30 24
16 40 17 40 17 41 16 41
34 44 36 44 36 45 34 45
36 17 37 18 38 17 37 16
31 44 29 42 31 40 33 42
31 23 33 23 33 22 31 22
15 37 17 39 19 37 17 35
38 21 37 20 39 18 40 19
38 22 39 22 39 21 38 21
16 24 17 24 17 26 16 26
29 40 31 40 31 42 29 42
20 38 19 39 20 40 21 39
43 41 42 42 41 41 42 40
37 29 36 30 34 28 35 27
29 27 28 26 29 25 30 26
33 18 35 18 35 19 33 19
15 42 16 42 16 41 15 41
41 27 39 29 40 30 42 28
43 16 45 16 45 18 43 18
22 30 20 32 22 34 24 32
36 21 35 21 35 19 36 19
23 38 22 38 22 37 23 37
28 39 26 41 27 42 29 40
20 27 20 28 18 28 18 27
29 32 31 32 31 33 29 33
34 22 32 20 33 19 35 21
41 24 40 23 42 21 43 22
42 43 40 41 41 40 43 42
35 20 36 21 37 20 36 19
30 25 29 24 30 23 31 24
34 32 33 32 33 31 34 31
14 43 15 43 15 42 14 42
14 40 15 41 16 40 15 39
19 36 17 34 18 33 20 35
34 18 35 19 36 18 35 17
18 29 19 30 21 28 20 27
20 43 19 42 20 41 21 42
32 22 31 23 30 22 31 21
28 30 29 30 29 32 28 32
17 36 19 36 19 37 17 37
31 25 30 26 31 27 32 26
18 30 19 30 19 29 18 29
39 17 39 18 38 18 38 17
41 23 41 24 40 24 40 23
45 39 45 41 43 41 43 39
37 21 38 22 39 21 38 20
33 44 31 44 31 42 33 42
25 37 27 37 27 35 25 35
17 25 16 24 18 22 19 23
40 16 39 17 40 18 41 17
28 34 29 34 29 33 28 33
18 39 17 38 19 36 20 37
36 38 35 37 36 36 37 37
34 30 33 31 34 32 35 31
37 40 36 40 36 38 37 38
28 28 30 30 31 29 29 27
20 45 18 45 18 43 20 43
42 15 40 17 41 18 43 16
24 28 22 30 21 29 23 27
20 29 21 29 21 28 20 28
18 40 17 41 16 40 17 39
38 28 37 29 38 30 39 29
43 43 42 43 42 42 43 42
26 28 27 29 28 28 27 27
36 25 34 23 36 21 38 23
35 32 35 33 34 33 34 32
26 34 28 34 28 36 26 36
24 39 23 39 23 38 24 38
34 20 34 22 33 22 33 20
35 42 33 44 31 42 33 40
29 28 28 28 28 27 29 27
25 28 24 28 24 26 25 26
39 41 37 41 37 40 39 40
32 24 31 25 30 24 31 23
35 29 35 30 34 30 34 29
40 14 39 15 40 16 41 15
21 43 20 43 20 42 21 42
35 38 36 38 36 37 35 37
42 17 41 17 41 15 42 15
25 31 24 32 26 34 27 33
34 37 32 39 33 40 35 38
26 30 28 30 28 28 26 28
34 24 33 25 32 24 33 23
29 29 31 29 31 28 29 28
40 42 39 41 40 40 41 41
33 36 34 37 35 36 34 35
35 41 37 41 37 42 35 42
27 31 26 30 27 29 28 30
36 39 35 38 36 37 37 38
34 36 35 36 35 37 34 37
34 42 36 44 37 43 35 41
39 42 40 42 40 41 39 41
25 32 27 32 27 31 25 31
30 37 31 38 33 36 32 35
30 38 31 38 31 37 30 37
28 38 30 38 30 39 28 39
34 40 34 42 33 42 33 40
33 41 32 40 33 39 34 40
35 39 34 40 35 41 36 40
29 35 28 36 30 38 31 37
33 38 35 38 35 39 33 39
30 34 29 35 28 34 29 33
31 35 30 34 31 33 32 34
32 37 31 37 31 35 32 35
30 35 31 35 31 34 30 34
30 33 29 34 30 35 31 34
29 37 30 37 30 35 29 35
31 14 33 14 33 18 31 18
14 29 17 32 18 31 15 28
43 14 43 16 40 16 40 14
14 25 15 25 15 28 14 28
30 46 29 45 33 41 34 42
17 46 14 43 15 42 18 45
46 41 45 42 42 39 43 38
46 42 45 42 45 41 46 41
13 24 14 25 17 22 16 21
13 22 16 22 16 24 13 24
11 24 15 28 17 26 13 22
45 30 42 33 41 32 44 29
27 40 29 40 29 37 27 37
45 25 44 26 41 23 42 22
20 34 20 35 17 35 17 34
32 17 28 17 28 15 32 15
24 35 25 35 25 32 24 32
21 32 21 34 20 34 20 32
41 26 38 29 39 30 42 27
44 44 43 43 45 41 46 42
26 33 24 35 28 39 30 37
31 41 27 45 24 42 28 38
25 42 27 42 27 40 25 40
17 28 17 31 15 31 15 28
42 25 41 26 40 25 41 24
42 24 45 24 45 25 42 25
44 23 42 25 43 26 45 24
26 27 29 30 31 28 28 25
24 27 25 28 26 27 25 26
28 42 29 42 29 45 28 45
26 31 25 32 26 33 27 32
23 34 22 34 22 30 23 30
44 32 45 32 45 30 44 30
30 15 29 16 31 18 32 17
42 26 42 27 41 27 41 26
23 36 22 35 23 34 24 35
27 43 23 39 24 38 28 42
36 23 34 25 31 22 33 20
27 47 25 45 27 43 29 45
25 47 27 47 27 45 25 45
27 30 26 31 24 29 25 28
36 22 38 22 38 23 36 23
24 37 23 38 22 37 23 36
36 20 35 21 36 22 37 21
45 33 44 34 43 33 44 32
46 35 45 35 45 33 46 33
47 36 46 37 45 36 46 35
47 35 47 36 46 36 46 35
24 36 24 37 23 37 23 36
25 38 24 37 28 33 29 34
26 39 25 40 24 39 25 38
24 41 26 41 26 39 24 39
14 34 16 34 16 40 14 40
12 36 15 39 17 37 14 34
12 35 17 35 17 36 12 36
11 34 12 35 18 29 17 28
11 29 14 29 14 34 11 34
30 43 37 43 37 46 30 46
