best-score: 732261
count: 10
elapsed-time: 4.546
265
16 34 15 33 16 32 17 33
14 34 13 33 14 32 15 33
10 28 11 29 12 28 11 27
10 27 11 27 11 28 10 28
31 19 30 18 31 17 32 18
23 29 23 30 22 30 22 29
13 17 12 17 12 16 13 16
30 19 30 20 29 20 29 19
14 13 15 13 15 12 14 12
29 32 30 32 30 33 29 33
30 17 31 17 31 18 30 18
13 31 13 32 12 32 12 31
21 22 22 22 22 21 21 21
20 19 19 20 18 19 19 18
23 31 22 30 23 29 24 30
31 24 32 24 32 25 31 25
26 18 27 18 27 17 26 17
13 13 14 14 15 13 14 12
18 22 18 23 17 23 17 22
24 31 23 31 23 30 24 30
31 21 30 21 30 20 31 20
20 14 19 14 19 13 20 13
24 29 23 30 22 29 23 28
28 17 27 18 28 19 29 18
23 33 22 33 22 32 23 32
22 19 21 20 22 21 23 20
15 31 14 32 13 31 14 30
13 14 14 14 14 13 13 13
14 31 13 31 13 30 14 30
15 19 14 20 15 21 16 20
30 22 29 21 30 20 31 21
25 29 25 30 24 30 24 29
29 22 30 22 30 21 29 21
30 26 31 26 31 27 30 27
25 33 26 33 26 32 25 32
16 33 15 32 16 31 17 32
23 19 23 20 22 20 22 19
14 16 13 17 12 16 13 15
11 32 12 33 13 32 12 31
26 31 25 32 24 31 25 30
18 14 17 13 18 12 19 13
29 31 29 32 28 32 28 31
19 28 18 27 19 26 20 27
25 18 24 17 25 16 26 17
33 23 33 24 32 24 32 23
32 19 31 20 30 19 31 18
31 31 30 30 31 29 32 30
19 27 18 27 18 26 19 26
30 31 29 32 30 33 31 32
32 20 31 20 31 19 32 19
27 27 26 27 26 26 27 26
13 12 12 13 13 14 14 13
24 32 23 33 22 32 23 31
13 23 12 23 12 22 13 22
28 18 29 18 29 19 28 19
14 33 13 33 13 32 14 32
31 33 30 32 31 31 32 32
12 29 11 30 12 31 13 30
31 30 31 31 30 31 30 30
17 31 17 32 16 32 16 31
28 21 29 22 30 21 29 20
14 15 14 16 13 16 13 15
24 20 23 21 22 20 23 19
27 24 28 24 28 23 27 23
20 15 19 14 20 13 21 14
32 26 31 27 30 26 31 25
15 34 16 34 16 33 15 33
34 24 33 25 32 24 33 23
34 25 33 25 33 24 34 24
20 28 19 28 19 27 20 27
24 28 24 29 23 29 23 28
22 31 23 32 24 31 23 30
30 25 31 26 32 25 31 24
27 32 28 33 29 32 28 31
27 33 28 33 28 32 27 32
27 19 26 18 27 17 28 18
33 21 32 22 31 21 32 20
29 17 28 18 29 19 30 18
32 33 31 33 31 32 32 32
22 28 23 29 24 28 23 27
12 12 13 12 13 13 12 13
11 33 12 33 12 32 11 32
12 15 13 16 14 15 13 14
32 29 32 30 31 30 31 29
26 19 27 19 27 20 26 20
21 15 21 16 20 16 20 15
25 31 24 32 25 33 26 32
33 26 32 25 33 24 34 25
19 15 18 15 18 14 19 14
12 30 11 30 11 29 12 29
28 20 29 20 29 21 28 21
16 30 15 31 16 32 17 31
24 21 23 21 23 20 24 20
11 31 12 32 13 31 12 30
25 19 24 20 25 21 26 20
27 21 26 20 27 19 28 20
12 34 11 33 12 32 13 33
13 34 12 34 12 33 13 33
28 34 27 33 28 32 29 33
14 35 13 34 14 33 15 34
29 34 28 34 28 33 29 33
15 35 14 35 14 34 15 34
27 31 27 32 26 32 26 31
12 14 13 14 13 15 12 15
22 27 23 27 23 28 22 28
15 30 16 30 16 31 15 31
28 30 27 31 28 32 29 31
26 30 25 31 24 30 25 29
24 22 25 22 25 21 24 21
27 30 28 30 28 31 27 31
26 22 25 23 24 22 25 21
26 23 25 23 25 22 26 22
11 13 12 14 13 13 12 12
14 29 13 30 14 31 15 30
27 22 26 23 27 24 28 23
23 23 22 22 23 21 24 22
28 22 27 22 27 21 28 21
15 29 15 30 14 30 14 29
11 14 12 14 12 13 11 13
26 21 27 22 28 21 27 20
29 23 28 23 28 22 29 22
25 20 26 20 26 21 25 21
24 19 25 20 26 19 25 18
24 18 25 18 25 19 24 19
23 17 22 18 23 19 24 18
23 18 24 18 24 17 23 17
25 17 24 18 25 19 26 18
26 16 26 17 25 17 25 16
22 17 23 18 24 17 23 16
22 16 23 16 23 17 22 17
21 17 20 16 21 15 22 16
21 18 22 18 22 17 21 17
20 17 21 18 22 17 21 16
10 24 11 25 13 23 12 22
10 21 12 23 13 22 11 20
10 20 11 20 11 21 10 21
33 28 32 29 30 27 31 26
14 19 12 17 13 16 15 18
30 23 32 23 32 22 30 22
15 20 13 22 15 24 17 22
13 26 11 28 10 27 12 25
24 23 25 23 25 25 24 25
17 16 19 18 20 17 18 15
15 25 13 23 15 21 17 23
31 16 33 16 33 17 31 17
20 31 22 31 22 30 20 30
14 22 13 22 13 20 14 20
23 24 21 22 22 21 24 23
16 21 15 21 15 20 16 20
29 25 27 27 26 26 28 24
25 26 23 28 22 27 24 25
12 27 11 27 11 25 12 25
31 22 30 23 31 24 32 23
28 15 30 17 31 16 29 14
17 24 15 24 15 23 17 23
22 13 21 14 23 16 24 15
14 18 15 18 15 19 14 19
16 14 16 15 14 15 14 14
15 27 13 27 13 26 15 26
27 28 25 30 24 29 26 27
17 27 15 29 13 27 15 25
17 14 16 15 14 13 15 12
22 23 23 23 23 24 22 24
14 28 14 29 12 29 12 28
20 21 18 23 17 22 19 20
32 21 31 22 30 21 31 20
20 29 22 29 22 28 20 28
26 28 27 28 27 30 26 30
20 20 21 20 21 21 20 21
24 26 22 24 23 23 25 25
20 25 19 26 17 24 18 23
27 14 29 14 29 13 27 13
24 27 26 27 26 28 24 28
13 19 11 21 12 22 14 20
29 24 28 23 29 22 30 23
18 13 17 14 18 15 19 14
12 18 13 19 14 18 13 17
25 24 24 23 25 22 26 23
28 27 27 26 29 24 30 25
21 33 19 31 20 30 22 32
23 26 24 26 24 27 23 27
18 17 20 17 20 19 18 19
16 13 17 13 17 14 16 14
32 28 33 28 33 26 32 26
29 26 30 26 30 25 29 25
18 18 16 20 18 22 20 20
21 19 20 20 21 21 22 20
23 22 24 22 24 23 23 23
9 19 10 20 12 18 11 17
22 9 20 11 22 13 24 11
20 9 22 9 22 11 20 11
25 27 24 28 25 29 26 28
26 25 26 26 25 26 25 25
29 15 29 17 28 17 28 15
30 28 31 29 32 28 31 27
17 12 18 12 18 13 17 13
29 29 28 30 26 28 27 27
22 25 22 27 20 27 20 25
16 12 15 13 16 14 17 13
18 28 17 27 18 26 19 27
24 13 22 13 22 11 24 11
33 20 33 21 32 21 32 20
28 26 29 26 29 27 28 27
17 29 15 29 15 27 17 27
11 18 12 18 12 17 11 17
30 24 29 24 29 23 30 23
20 18 21 19 22 18 21 17
29 28 30 28 30 27 29 27
21 26 20 25 21 24 22 25
16 17 18 17 18 15 16 15
21 28 20 27 21 26 22 27
11 19 13 19 13 20 11 20
26 13 24 15 25 16 27 14
28 29 30 31 31 30 29 28
15 16 16 17 17 16 16 15
28 28 27 28 27 27 28 27
28 25 29 25 29 24 28 24
28 14 26 16 27 17 29 15
26 15 24 15 24 13 26 13
28 12 27 13 28 14 29 13
17 17 18 18 20 16 19 15
21 30 20 29 21 28 22 29
16 16 14 18 15 19 17 17
18 11 20 13 22 11 20 9
9 18 11 18 11 19 9 19
17 20 15 18 16 17 18 19
19 24 21 24 21 26 19 26
29 30 28 30 28 29 29 29
31 23 30 24 31 25 32 24
19 29 19 31 17 31 17 29
20 12 18 12 18 11 20 11
21 32 20 31 21 30 22 31
27 25 28 25 28 26 27 26
18 30 17 29 18 28 19 29
26 24 27 24 27 25 26 25
21 29 20 30 19 29 20 28
16 28 18 28 18 30 16 30
21 13 20 14 19 13 20 12
22 14 21 14 21 13 22 13
21 12 21 13 20 13 20 12
18 32 17 31 18 30 19 31
18 33 17 33 17 32 18 32
19 30 17 32 18 33 20 31
18 29 19 30 20 29 19 28
17 28 15 30 16 31 18 29
16 25 15 26 17 28 18 27
16 26 15 26 15 25 16 25
8 17 9 18 12 15 11 14
34 16 33 17 29 13 30 12
34 12 34 16 33 16 33 12
8 14 11 14 11 17 8 17
9 13 8 14 11 17 12 16
9 11 11 11 11 13 9 13
26 12 22 16 23 17 27 13
27 12 27 13 26 13 26 12
17 25 18 26 22 22 21 21
18 20 14 16 16 14 20 18
12 24 15 24 15 25 12 25
23 13 22 14 25 17 26 16
25 10 24 11 26 13 27 12
10 23 12 23 12 24 10 24
8 21 10 23 13 20 11 18
8 23 10 23 10 21 8 21
17 19 18 19 18 20 17 20
19 22 18 22 18 20 19 20
