best-score: 524627
count: 4
elapsed-time: 4.648
58
36 14 35 15 36 16 37 15
26 28 27 28 27 27 26 27
36 15 37 15 37 16 36 16
27 29 26 28 27 27 28 28
35 14 36 14 36 15 35 15
28 29 27 29 27 28 28 28
30 27 28 29 27 28 29 26
38 22 40 24 42 22 40 20
44 20 44 24 40 24 40 20
44 40 45 40 45 43 44 43
44 38 41 41 39 39 42 36
33 22 32 23 36 27 37 26
38 23 42 23 42 22 38 22
17 38 18 38 18 41 17 41
41 42 38 42 38 41 41 41
40 19 40 20 37 20 37 19
46 22 44 24 42 22 44 20
40 30 32 30 32 24 40 24
22 33 21 32 26 27 27 28
24 24 32 24 32 23 24 23
36 36 28 28 32 24 40 32
33 21 27 27 24 24 30 18
23 37 17 37 17 35 23 35
42 33 42 36 36 36 36 33
33 37 38 42 45 35 40 30
23 33 18 38 17 37 22 32
30 33 36 33 36 27 30 27
23 32 23 33 22 33 22 32
43 32 40 32 40 30 43 30
29 20 37 20 37 26 29 26
32 36 36 36 36 44 32 44
26 35 19 42 18 41 25 34
21 45 17 41 23 35 27 39
43 26 36 33 30 27 37 20
22 26 22 32 21 32 21 26
25 20 29 20 29 15 25 15
26 23 29 26 32 23 29 20
36 39 30 33 36 27 42 33
27 38 22 43 17 38 22 33
25 35 26 35 26 43 25 43
38 21 38 22 33 22 33 21
29 31 25 35 23 33 27 29
24 28 17 35 25 43 32 36
23 34 25 34 25 35 23 35
33 47 23 37 25 35 35 45
23 47 33 47 33 37 23 37
25 26 26 27 37 16 36 15
17 29 20 29 20 18 17 18
27 31 27 38 18 38 18 31
22 20 25 20 25 26 22 26
27 18 30 18 30 27 27 27
7 28 15 36 25 26 17 18
33 12 27 18 29 20 35 14
7 40 24 40 24 28 7 28
41 46 21 26 24 23 44 43
31 45 35 45 35 15 31 15
15 30 32 30 32 36 15 36
6 39 7 40 16 31 15 30
