best-score: 781598
count: 15
elapsed-time: 4.505
174
10 26 10 27 9 27 9 26
21 26 21 27 20 27 20 26
22 10 21 11 20 10 21 9
23 19 22 20 21 19 22 18
23 10 22 10 22 9 23 9
18 17 17 18 16 17 17 16
28 12 29 12 29 13 28 13
16 23 15 23 15 22 16 22
17 23 16 24 15 23 16 22
22 16 23 16 23 17 22 17
24 24 25 24 25 23 24 23
27 16 26 15 27 14 28 15
14 19 15 19 15 20 14 20
27 18 28 18 28 17 27 17
22 15 21 16 22 17 23 16
22 26 21 26 21 25 22 25
21 14 22 14 22 15 21 15
26 14 27 14 27 15 26 15
26 24 25 25 24 24 25 23
19 25 20 26 21 25 20 24
21 17 22 18 23 17 22 16
21 21 20 21 20 20 21 20
15 18 14 19 15 20 16 19
22 19 22 20 21 20 21 19
19 20 20 21 21 20 20 19
29 24 29 25 28 25 28 24
23 14 22 15 21 14 22 13
26 17 27 18 28 17 27 16
26 25 25 25 25 24 26 24
17 24 16 24 16 23 17 23
23 15 22 16 21 15 22 14
19 19 20 19 20 20 19 20
28 16 27 16 27 15 28 15
16 18 16 19 15 19 15 18
21 18 22 18 22 17 21 17
29 17 28 18 27 17 28 16
29 16 29 17 28 17 28 16
17 17 17 18 16 18 16 17
26 16 27 16 27 17 26 17
20 18 21 18 21 19 20 19
23 18 22 19 21 18 22 17
23 13 23 14 22 14 22 13
25 15 26 16 27 15 26 14
28 14 27 15 28 16 29 15
25 16 26 16 26 15 25 15
18 16 18 17 17 17 17 16
27 13 28 14 29 13 28 12
29 14 29 15 28 15 28 14
30 15 29 16 28 15 29 14
30 13 29 14 28 13 29 12
30 16 29 16 29 15 30 15
30 14 29 14 29 13 30 13
31 15 30 16 29 15 30 14
31 14 31 15 30 15 30 14
25 13 26 14 27 13 26 12
8 24 10 26 11 25 9 23
24 19 23 18 25 16 26 17
13 24 11 22 13 20 15 22
12 17 11 18 13 20 14 19
24 18 24 19 23 19 23 18
23 23 21 25 22 26 24 24
11 17 12 17 12 18 11 18
16 26 14 26 14 24 16 24
16 13 16 14 14 14 14 13
15 15 17 17 18 16 16 14
24 22 24 23 23 23 23 22
13 14 11 16 12 17 14 15
25 14 25 15 23 15 23 14
11 19 10 18 11 17 12 18
24 21 23 22 21 20 22 19
17 20 15 22 16 23 18 21
27 21 26 20 28 18 29 19
20 12 22 14 23 13 21 11
10 19 11 19 11 18 10 18
21 24 22 25 24 23 23 22
26 13 26 14 25 14 25 13
18 20 16 18 17 17 19 19
26 27 28 27 28 25 26 25
25 12 24 13 25 14 26 13
19 15 18 16 20 18 21 17
13 17 12 18 14 20 15 19
27 12 27 13 26 13 26 12
25 27 26 27 26 29 25 29
25 21 23 19 24 18 26 20
12 26 14 28 16 26 14 24
24 27 26 29 28 27 26 25
19 16 18 17 20 19 21 18
24 15 25 16 26 15 25 14
25 19 25 21 24 21 24 19
26 19 28 21 29 20 27 18
10 17 11 17 11 16 10 16
27 23 25 23 25 21 27 21
18 19 17 20 16 19 17 18
9 18 10 19 11 18 10 17
28 22 27 23 26 22 27 21
17 21 18 21 18 20 17 20
8 15 10 17 11 16 9 14
25 11 26 11 26 12 25 12
27 25 26 24 27 23 28 24
19 17 19 19 18 19 18 17
13 15 14 15 14 14 13 14
26 26 25 27 27 29 28 28
20 25 21 25 21 24 20 24
22 12 20 12 20 10 22 10
14 16 13 15 14 14 15 15
18 15 19 15 19 16 18 16
24 9 23 10 25 12 26 11
20 13 18 15 19 16 21 14
25 17 26 17 26 19 25 19
24 25 25 25 25 27 24 27
15 16 14 16 14 15 15 15
12 14 10 16 11 17 13 15
24 12 25 12 25 13 24 13
12 15 13 15 13 17 12 17
26 18 25 17 26 16 27 17
12 28 14 28 14 26 12 26
14 17 15 18 16 17 15 16
14 12 12 14 11 13 13 11
9 17 10 17 10 18 9 18
24 16 23 17 24 18 25 17
8 18 9 19 10 18 9 17
8 19 9 19 9 18 8 18
15 14 17 16 18 15 16 13
13 19 14 19 14 17 13 17
22 24 24 24 24 25 22 25
19 26 20 26 20 25 19 25
11 20 13 20 13 19 11 19
24 14 23 15 24 16 25 15
11 29 9 27 10 26 12 28
24 17 25 17 25 16 24 16
12 29 11 29 11 28 12 28
18 23 17 24 19 26 20 25
20 23 18 23 18 21 20 21
24 30 21 27 22 26 25 29
21 30 24 30 24 27 21 27
18 8 14 12 16 14 20 10
14 8 18 8 18 9 14 9
9 15 12 15 12 14 9 14
10 23 9 23 9 19 10 19
11 12 14 12 14 13 11 13
18 24 17 23 20 20 21 21
18 11 21 11 21 9 18 9
12 11 13 11 13 14 12 14
10 20 14 24 15 23 11 19
17 27 16 26 18 24 19 25
19 28 21 30 22 29 20 27
25 20 24 21 28 25 29 24
22 21 22 24 21 24 21 21
14 25 11 28 10 27 13 24
21 23 20 24 17 21 18 20
27 9 28 9 28 12 27 12
19 12 20 13 23 10 22 9
28 10 26 12 25 11 27 9
18 27 17 27 17 24 18 24
19 13 20 13 20 12 19 12
29 22 26 25 25 24 28 21
8 16 9 17 10 16 9 15
7 20 10 23 11 22 8 19
16 28 19 28 19 26 16 26
12 23 12 26 10 26 10 23
13 12 12 11 14 9 15 10
15 26 14 25 16 23 17 24
29 21 29 22 28 22 28 21
12 13 13 14 14 13 13 12
9 16 8 16 8 15 9 15
11 14 10 13 11 12 12 13
14 30 12 28 14 26 16 28
16 30 14 30 14 28 16 28
17 31 16 30 20 26 21 27
11 7 9 9 14 14 16 12
10 31 17 31 17 27 10 27
15 7 14 8 19 13 20 12
9 30 10 31 12 29 11 28
20 7 20 10 15 10 15 7
