best-score: 694941
count: 5
elapsed-time: 4.511
262
35 26 36 27 37 26 36 25
33 29 32 28 33 27 34 28
18 22 17 22 17 21 18 21
16 21 17 22 18 21 17 20
31 29 32 29 32 28 31 28
26 16 26 17 25 17 25 16
35 24 36 24 36 25 35 25
26 18 25 17 26 16 27 17
16 20 17 20 17 21 16 21
28 20 29 21 30 20 29 19
18 30 17 31 16 30 17 29
18 20 17 21 18 22 19 21
28 34 29 35 30 34 29 33
23 26 24 26 24 25 23 25
19 20 19 21 18 21 18 20
35 27 34 26 35 25 36 26
22 15 21 15 21 14 22 14
34 14 35 14 35 13 34 13
17 19 16 20 15 19 16 18
30 19 31 19 31 20 30 20
34 23 33 24 34 25 35 24
16 31 15 31 15 30 16 30
18 19 18 20 17 20 17 19
26 34 27 35 28 34 27 33
14 39 13 38 14 37 15 38
33 26 34 27 35 26 34 25
36 32 35 33 36 34 37 33
30 15 29 14 30 13 31 14
25 24 25 25 24 25 24 24
21 30 21 31 20 31 20 30
26 26 25 27 24 26 25 25
30 18 29 19 28 18 29 17
33 28 34 28 34 27 33 27
25 26 25 27 24 27 24 26
23 13 23 14 22 14 22 13
25 18 24 17 25 16 26 17
27 18 26 18 26 17 27 17
30 14 31 14 31 15 30 15
37 27 36 27 36 26 37 26
26 25 26 26 25 26 25 25
31 17 30 18 31 19 32 18
15 20 14 21 13 20 14 19
14 20 15 20 15 19 14 19
29 20 30 20 30 21 29 21
13 21 14 21 14 20 13 20
29 13 30 13 30 14 29 14
32 16 31 17 30 16 31 15
24 18 25 18 25 17 24 17
14 38 15 38 15 39 14 39
22 25 23 26 24 25 23 24
33 25 34 25 34 26 33 26
22 24 23 24 23 25 22 25
27 24 26 25 25 24 26 23
19 19 18 20 17 19 18 18
32 27 31 28 32 29 33 28
29 18 30 18 30 19 29 19
23 23 22 24 23 25 24 24
24 23 24 24 23 24 23 23
19 18 19 19 18 19 18 18
13 37 14 37 14 38 13 38
28 19 29 19 29 20 28 20
23 17 24 18 25 17 24 16
28 17 29 17 29 18 28 18
20 19 19 20 18 19 19 18
32 26 33 26 33 27 32 27
27 16 26 17 27 18 28 17
27 19 28 19 28 18 27 18
28 16 28 17 27 17 27 16
23 16 24 16 24 17 23 17
20 20 19 20 19 19 20 19
29 15 28 16 29 17 30 16
24 15 23 16 22 15 23 14
29 16 30 16 30 15 29 15
28 14 29 15 30 14 29 13
28 15 29 15 29 14 28 14
25 15 25 16 24 16 24 15
30 17 29 18 28 17 29 16
31 16 31 17 30 17 30 16
32 15 32 16 31 16 31 15
32 17 31 16 32 15 33 16
33 17 32 17 32 16 33 16
31 18 32 18 32 17 31 17
32 19 31 20 30 19 31 18
20 12 19 13 21 15 22 14
12 18 14 20 15 19 13 17
38 12 37 13 39 15 40 14
21 43 19 41 21 39 23 41
33 12 31 14 32 15 34 13
12 30 14 32 15 31 13 29
37 12 38 12 38 13 37 13
36 11 34 13 35 14 37 12
40 18 38 20 37 19 39 17
27 37 29 37 29 35 27 35
21 41 23 41 23 40 21 40
23 22 25 22 25 20 23 20
25 37 27 39 29 37 27 35
38 18 40 18 40 20 38 20
35 15 33 17 32 16 34 14
38 23 36 25 35 24 37 22
28 25 26 25 26 23 28 23
39 19 37 19 37 17 39 17
27 22 28 23 30 21 29 20
28 32 28 34 26 34 26 32
23 18 21 18 21 17 23 17
22 18 20 20 19 19 21 17
32 20 34 20 34 19 32 19
21 22 20 23 18 21 19 20
28 21 29 21 29 23 28 23
26 20 25 20 25 18 26 18
38 29 37 29 37 27 38 27
22 17 23 18 24 17 23 16
21 23 23 23 23 22 21 22
27 20 25 22 23 20 25 18
31 37 31 38 29 38 29 37
27 13 25 15 26 16 28 14
16 22 17 22 17 24 16 24
22 21 20 19 21 18 23 20
21 13 21 14 19 14 19 13
27 29 29 31 31 29 29 27
29 32 28 32 28 31 29 31
33 39 31 37 32 36 34 38
31 21 30 20 31 19 32 20
15 40 17 40 17 41 15 41
25 39 27 39 27 37 25 37
22 23 21 22 22 21 23 22
33 19 32 20 33 21 34 20
18 29 16 31 18 33 20 31
29 24 28 25 27 24 28 23
27 31 26 32 27 33 28 32
32 21 31 21 31 20 32 20
24 42 23 41 25 39 26 40
19 43 21 43 21 41 19 41
22 22 21 23 19 21 20 20
13 40 14 41 15 40 14 39
15 23 13 21 14 20 16 22
30 32 29 33 28 32 29 31
14 22 16 22 16 21 14 21
20 24 21 24 21 23 20 23
29 29 27 29 27 27 29 27
31 23 30 23 30 21 31 21
25 19 26 20 27 19 26 18
19 39 17 41 19 43 21 41
31 22 30 21 31 20 32 21
18 26 16 24 18 22 20 24
20 29 20 30 18 30 18 29
31 31 29 31 29 29 31 29
18 24 18 26 17 26 17 24
29 39 27 37 29 35 31 37
21 25 20 24 21 23 22 24
36 21 34 23 32 21 34 19
27 21 28 21 28 20 27 20
35 23 33 25 31 23 33 21
25 29 27 31 29 29 27 27
25 31 27 31 27 29 25 29
34 18 33 19 32 18 33 17
32 25 30 23 31 22 33 24
30 24 29 24 29 23 30 23
19 40 21 40 21 39 19 39
30 33 29 33 29 32 30 32
23 29 25 31 27 29 25 27
16 28 17 29 19 27 18 26
37 21 36 21 36 19 37 19
31 26 32 27 33 26 32 25
14 26 16 26 16 28 14 28
34 24 35 24 35 23 34 23
38 22 36 24 35 23 37 21
38 21 38 22 37 22 37 21
31 25 32 25 32 26 31 26
36 18 36 19 34 19 34 18
22 28 20 30 21 31 23 29
13 25 14 26 16 24 15 23
37 20 36 21 37 22 38 21
32 24 33 24 33 25 32 25
30 22 29 23 30 24 31 23
21 27 22 28 24 26 23 25
28 26 29 27 31 25 30 24
35 21 34 20 36 18 37 19
15 25 13 25 13 23 15 23
22 27 21 27 21 25 22 25
36 23 35 23 35 21 36 21
24 28 22 28 22 27 24 27
27 25 26 26 27 27 28 26
23 28 21 30 20 29 22 27
38 24 36 24 36 23 38 23
25 23 27 25 29 23 27 21
26 22 26 23 25 23 25 22
39 25 37 27 36 26 38 24
26 21 27 21 27 22 26 22
43 30 41 32 38 29 40 27
38 42 34 38 36 36 40 40
24 35 25 36 29 32 28 31
29 30 28 31 24 27 25 26
33 30 30 33 29 32 32 29
35 36 34 37 37 40 38 39
38 17 36 19 33 16 35 14
18 27 17 26 20 23 21 24
35 30 36 30 36 27 35 27
25 35 21 39 17 35 21 31
32 30 33 30 33 29 32 29
17 27 18 27 18 29 17 29
18 17 19 18 22 15 21 14
18 15 21 15 21 17 18 17
19 26 19 27 18 27 18 26
41 30 38 33 35 30 38 27
24 31 25 31 25 35 24 35
19 15 16 18 14 16 17 13
31 40 29 38 32 35 34 37
33 31 30 34 32 36 35 33
40 24 40 27 38 27 38 24
35 34 36 34 36 36 35 36
35 32 33 30 36 27 38 29
22 38 24 38 24 35 22 35
39 14 39 15 35 15 35 14
35 31 33 31 33 30 35 30
28 28 31 28 31 26 28 26
16 34 13 37 14 38 17 35
26 13 27 13 27 16 26 16
37 31 36 32 35 31 36 30
34 40 31 40 31 38 34 38
16 17 18 17 18 18 16 18
34 30 33 31 32 30 33 29
20 35 17 35 17 31 20 31
36 33 35 33 35 32 36 32
44 32 41 35 37 31 40 28
44 35 41 35 41 32 44 32
27 12 26 13 28 15 29 14
42 22 40 24 38 22 40 20
29 12 29 13 27 13 27 12
42 23 38 23 38 22 42 22
34 33 35 34 36 33 35 32
15 18 17 20 18 19 16 17
38 31 38 33 37 33 37 31
41 22 37 26 38 27 42 23
31 33 34 33 34 37 31 37
37 34 36 34 36 33 37 33
16 19 15 19 15 18 16 18
40 37 37 34 38 33 41 36
39 40 40 40 40 37 39 37
41 38 39 40 38 39 40 37
27 42 20 35 24 31 31 38
29 42 27 42 27 39 29 39
24 47 17 40 22 35 29 42
33 42 38 42 38 39 33 39
27 47 24 47 24 42 27 42
31 44 29 42 31 40 33 42
26 46 27 47 34 40 33 39
26 44 31 44 31 40 26 40
33 18 34 19 39 14 38 13
36 38 41 38 41 36 36 36
18 38 19 39 26 32 25 31
34 17 34 18 33 18 33 17
15 33 18 33 18 38 15 38
23 34 26 34 26 40 23 40
18 32 16 34 15 33 17 31
19 31 18 32 24 38 25 37
24 33 23 34 20 31 21 30
19 29 18 30 19 31 20 30
29 47 26 44 36 34 39 37
33 47 29 47 29 42 33 42
34 46 33 47 26 40 27 39
37 46 34 46 34 40 37 40
14 36 25 36 25 37 14 37
