best-score: 775589
count: 10
elapsed-time: 4.506
156
33 16 32 17 31 16 32 15
32 11 32 12 31 12 31 11
23 22 22 23 23 24 24 23
17 17 16 18 17 19 18 18
27 10 28 10 28 11 27 11
15 31 15 32 14 32 14 31
26 25 25 26 24 25 25 24
28 30 29 31 30 30 29 29
23 23 24 23 24 22 23 22
23 17 22 18 21 17 22 16
29 30 29 31 28 31 28 30
30 29 30 30 29 30 29 29
22 24 23 24 23 23 22 23
22 22 23 23 24 22 23 21
21 23 22 23 22 22 21 22
20 22 21 23 22 22 21 21
22 21 23 21 23 22 22 22
24 21 23 22 22 21 23 20
24 20 24 21 23 21 23 20
20 21 21 21 21 22 20 22
21 20 20 21 21 22 22 21
22 20 22 21 21 21 21 20
23 19 22 20 23 21 24 20
21 19 20 20 21 21 22 20
22 19 23 19 23 20 22 20
21 18 20 19 21 20 22 19
20 18 21 18 21 19 20 19
22 17 22 18 21 18 21 17
23 16 23 17 22 17 22 16
21 16 20 17 21 18 22 17
20 16 21 16 21 17 20 17
19 17 20 18 21 17 20 16
19 18 20 18 20 17 19 17
34 16 32 18 30 16 32 14
17 23 16 24 18 26 19 25
10 32 12 32 12 31 10 31
12 14 12 15 10 15 10 14
32 32 30 32 30 30 32 30
30 28 32 28 32 29 30 29
26 17 25 18 27 20 28 19
24 19 22 17 23 16 25 18
17 16 19 18 20 17 18 15
23 26 25 26 25 24 23 24
22 32 20 32 20 31 22 31
24 17 24 19 23 19 23 17
22 25 23 26 24 25 23 24
24 15 26 15 26 17 24 17
27 12 25 12 25 11 27 11
14 13 12 15 13 16 15 14
31 14 31 16 30 16 30 14
29 13 30 14 32 12 31 11
26 23 26 25 24 25 24 23
28 15 26 17 24 15 26 13
16 32 15 31 17 29 18 30
13 11 14 11 14 13 13 13
14 30 12 32 10 30 12 28
31 29 30 28 31 27 32 28
31 31 30 30 31 29 32 30
15 22 16 22 16 24 15 24
12 24 14 26 16 24 14 22
12 30 14 30 14 31 12 31
31 13 29 13 29 12 31 12
32 13 32 14 31 14 31 13
27 31 27 32 25 32 25 31
25 22 24 23 25 24 26 23
14 20 15 20 15 22 14 22
19 29 17 29 17 28 19 28
11 19 13 21 14 20 12 18
25 29 27 31 28 30 26 28
20 26 19 25 21 23 22 24
26 11 25 12 26 13 27 12
12 34 10 32 12 30 14 32
33 14 32 15 31 14 32 13
34 14 34 16 33 16 33 14
14 34 12 34 12 32 14 32
31 33 30 32 31 31 32 32
33 12 32 13 31 12 32 11
29 33 31 33 31 31 29 31
33 13 32 13 32 12 33 12
19 16 19 17 17 17 17 16
28 13 27 12 28 11 29 12
21 31 20 32 18 30 19 29
12 29 12 30 10 30 10 29
25 21 25 22 24 22 24 21
29 15 28 15 28 13 29 13
24 31 25 31 25 29 24 29
28 32 29 33 30 32 29 31
12 33 10 31 12 29 14 31
28 16 29 17 30 16 29 15
9 15 12 18 13 17 10 14
18 35 15 32 19 28 22 31
25 34 22 31 24 29 27 32
33 19 31 19 31 16 33 16
22 34 25 34 25 32 22 32
16 15 16 18 12 18 12 15
13 19 17 19 17 17 13 17
32 20 31 19 32 18 33 19
11 22 14 22 14 26 11 26
26 29 24 31 21 28 23 26
30 19 28 19 28 16 30 16
22 13 22 16 21 16 21 13
20 30 18 30 18 26 20 26
21 14 23 16 24 15 22 13
21 25 21 28 19 28 19 25
15 28 12 28 12 24 15 24
28 18 25 21 24 20 27 17
13 26 10 29 12 31 15 28
29 18 26 15 28 13 31 16
19 19 16 22 17 23 20 20
29 28 29 29 26 29 26 28
19 20 20 20 20 19 19 19
22 29 24 29 24 25 22 25
27 28 26 29 28 31 29 30
18 22 16 22 16 18 18 18
27 27 26 28 22 24 23 23
11 21 13 21 13 19 11 19
18 19 19 20 20 19 19 18
30 20 28 18 29 17 31 19
26 20 27 20 27 17 26 17
29 20 28 19 29 18 30 19
29 25 30 25 30 28 29 28
18 21 15 24 19 28 22 25
24 28 21 31 22 32 25 29
20 14 17 17 13 13 16 10
28 26 27 27 29 29 30 28
19 14 20 14 20 16 19 16
21 24 22 24 22 25 21 25
23 15 22 16 20 14 21 13
31 20 30 20 30 19 31 19
15 10 14 11 18 15 19 14
17 24 21 24 21 23 17 23
25 17 23 15 27 11 29 13
23 10 19 14 21 16 25 12
12 10 15 10 15 14 12 14
16 28 17 28 17 24 16 24
33 18 31 20 30 19 32 17
9 13 10 14 13 11 12 10
15 29 13 27 14 26 16 28
17 31 15 31 15 29 17 29
13 28 11 26 15 22 17 24
19 27 17 29 16 28 18 26
34 23 29 28 26 25 31 20
35 26 32 29 26 23 29 20
24 10 24 15 23 15 23 10
10 21 11 22 17 16 16 15
10 22 11 22 11 21 10 21
32 27 31 27 31 20 32 20
24 32 19 27 20 26 25 31
31 21 24 28 23 27 30 20
17 15 16 15 16 10 17 10
27 25 29 25 29 20 27 20
9 21 10 21 10 15 9 15
26 27 27 27 27 25 26 25
10 20 9 21 10 22 11 21
23 28 24 29 26 27 25 26
29 24 26 27 27 28 30 25
