best-score: 789557
count: 12
elapsed-time: 4.507
284
33 27 32 28 31 27 32 26
21 20 20 21 21 22 22 21
11 24 12 24 12 23 11 23
26 11 26 12 25 12 25 11
20 22 21 22 21 23 20 23
25 10 24 11 25 12 26 11
24 10 25 10 25 11 24 11
31 25 32 25 32 26 31 26
18 17 17 18 16 17 17 16
12 25 11 24 12 23 13 24
13 25 12 25 12 24 13 24
30 14 31 14 31 13 30 13
19 25 18 26 19 27 20 26
18 13 19 13 19 14 18 14
30 20 30 21 29 21 29 20
13 27 12 26 13 25 14 26
30 26 29 25 30 24 31 25
27 14 28 14 28 15 27 15
31 19 32 19 32 20 31 20
30 27 29 26 30 25 31 26
16 24 17 24 17 25 16 25
21 15 20 16 21 17 22 16
27 20 28 20 28 19 27 19
29 15 28 16 27 15 28 14
29 27 30 27 30 26 29 26
24 20 23 20 23 19 24 19
18 15 17 14 18 13 19 14
28 21 27 20 28 19 29 20
28 26 29 26 29 25 28 25
30 19 29 20 30 21 31 20
23 18 22 19 23 20 24 19
29 29 28 28 29 27 30 28
28 13 27 14 28 15 29 14
31 24 31 25 30 25 30 24
14 14 13 15 12 14 13 13
18 27 19 27 19 26 18 26
13 22 13 23 12 23 12 22
20 25 20 26 19 26 19 25
27 26 28 27 29 26 28 25
29 28 29 29 28 29 28 28
30 15 29 14 30 13 31 14
12 28 13 29 14 28 13 27
16 26 15 25 16 24 17 25
31 28 30 28 30 27 31 27
17 15 18 15 18 14 17 14
21 26 20 27 19 26 20 25
14 24 13 25 12 24 13 23
19 22 18 21 19 20 20 21
15 26 14 26 14 25 15 25
29 19 28 19 28 18 29 18
24 15 25 15 25 16 24 16
14 23 14 24 13 24 13 23
31 15 32 15 32 14 31 14
23 21 24 22 25 21 24 20
22 12 21 12 21 11 22 11
15 29 16 29 16 30 15 30
21 14 20 15 19 14 20 13
27 28 28 29 29 28 28 27
19 21 20 21 20 22 19 22
21 16 20 16 20 15 21 15
29 13 29 14 28 14 28 13
29 16 28 16 28 15 29 15
22 18 23 18 23 19 22 19
26 15 25 16 24 15 25 14
31 21 30 20 31 19 32 20
28 30 29 31 30 30 29 29
27 30 28 30 28 31 27 31
24 18 23 19 24 20 25 19
14 21 13 22 14 23 15 22
15 24 14 25 15 26 16 25
30 16 29 15 30 14 31 15
19 23 18 22 19 21 20 22
27 27 28 27 28 26 27 26
26 28 27 28 27 27 26 27
25 29 26 29 26 28 25 28
21 19 20 18 21 17 22 18
29 30 28 31 27 30 28 29
21 27 20 27 20 26 21 26
30 29 29 28 30 27 31 28
21 25 20 26 21 27 22 26
30 12 29 13 30 14 31 13
18 20 19 20 19 21 18 21
22 20 21 20 21 19 22 19
27 29 26 28 27 27 28 28
13 28 13 29 12 29 12 28
26 14 26 15 25 15 25 14
25 18 25 19 24 19 24 18
22 17 21 17 21 16 22 16
26 16 25 15 26 14 27 15
18 23 19 23 19 22 18 22
25 20 24 19 25 18 26 19
12 27 11 28 12 29 13 28
30 31 29 31 29 30 30 30
31 16 30 16 30 15 31 15
31 30 30 31 29 30 30 29
22 25 22 26 21 26 21 25
27 16 26 16 26 15 27 15
24 21 25 21 25 20 24 20
11 27 12 27 12 28 11 28
26 30 27 30 27 29 26 29
20 24 21 25 22 24 21 23
19 24 20 24 20 23 19 23
29 12 30 12 30 13 29 13
26 20 25 20 25 19 26 19
18 24 19 25 20 24 19 23
26 18 25 19 26 20 27 19
27 18 27 19 26 19 26 18
14 27 14 28 13 28 13 27
18 25 17 24 18 23 19 24
30 17 29 16 30 15 31 16
28 17 27 18 28 19 29 18
23 22 22 21 23 20 24 21
13 26 13 27 12 27 12 26
31 29 31 30 30 30 30 29
10 28 11 29 12 28 11 27
11 26 12 27 13 26 12 25
17 23 18 23 18 24 17 24
21 24 20 25 19 24 20 23
31 18 30 19 29 18 30 17
11 25 12 25 12 26 11 26
17 21 16 22 17 23 18 22
30 18 31 18 31 19 30 19
32 29 31 29 31 28 32 28
27 17 28 17 28 16 27 16
17 22 18 22 18 21 17 21
17 26 18 27 19 26 18 25
16 23 17 23 17 22 16 22
29 17 30 17 30 18 29 18
32 18 31 19 30 18 31 17
22 22 23 22 23 21 22 21
10 29 11 29 11 28 10 28
15 23 16 23 16 24 15 24
16 21 15 22 16 23 17 22
22 23 22 24 21 24 21 23
32 17 32 18 31 18 31 17
17 19 16 20 17 21 18 20
10 24 11 25 12 24 11 23
10 25 11 25 11 24 10 24
21 21 20 22 21 23 22 22
25 17 26 18 27 17 26 16
17 20 17 21 16 21 16 20
10 26 11 27 12 26 11 25
10 27 11 27 11 26 10 26
15 21 16 21 16 22 15 22
23 24 22 25 21 24 22 23
14 22 15 23 16 22 15 21
23 25 22 25 22 24 23 24
18 19 18 20 17 20 17 19
20 20 21 20 21 21 20 21
9 26 10 27 11 26 10 25
9 25 10 25 10 26 9 26
33 18 32 19 31 18 32 17
33 19 32 19 32 18 33 18
9 28 10 29 11 28 10 27
33 16 32 17 31 16 32 15
9 27 10 27 10 28 9 28
8 26 9 27 10 26 9 25
8 27 9 27 9 26 8 26
23 17 24 18 25 17 24 16
19 19 18 20 19 21 20 20
20 19 20 20 19 20 19 19
26 17 26 18 25 18 25 17
24 23 23 24 24 25 25 24
13 21 12 22 13 23 14 22
16 19 17 20 18 19 17 18
24 17 24 18 23 18 23 17
23 23 24 23 24 22 23 22
14 20 14 21 13 21 13 20
24 24 23 25 22 24 23 23
19 18 18 19 19 20 20 19
21 18 20 19 21 20 22 19
16 18 17 18 17 19 16 19
20 17 21 17 21 18 20 18
23 16 22 17 23 18 24 17
25 25 24 25 24 24 25 24
15 19 14 20 15 21 16 20
15 20 16 20 16 19 15 19
19 16 20 17 21 16 20 15
15 18 16 18 16 17 15 17
18 18 19 18 19 19 18 19
14 19 13 20 14 21 15 20
17 17 16 18 17 19 18 18
18 16 18 17 17 17 17 16
19 15 19 16 18 16 18 15
14 18 15 18 15 19 14 19
16 16 17 17 18 16 17 15
20 14 20 15 19 15 19 14
19 17 20 17 20 16 19 16
21 13 21 14 20 14 20 13
22 14 21 15 20 14 21 13
14 16 15 17 16 16 15 15
16 15 17 15 17 16 16 16
20 12 21 13 22 12 21 11
13 17 12 16 13 15 14 16
19 12 20 12 20 13 19 13
22 15 21 15 21 14 22 14
17 12 18 13 19 12 18 11
23 15 23 16 22 16 22 15
20 11 19 12 20 13 21 12
24 14 23 15 24 16 25 15
23 14 22 15 23 16 24 15
25 33 24 32 26 30 27 31
22 34 20 32 22 30 24 32
21 29 20 30 18 28 19 27
23 12 23 14 22 14 22 12
17 13 15 15 14 14 16 12
18 12 18 13 17 13 17 12
23 13 22 12 24 10 25 11
26 22 27 22 27 20 26 20
19 30 20 30 20 32 19 32
21 28 23 28 23 29 21 29
23 10 22 11 23 12 24 11
11 20 10 21 12 23 13 22
24 27 23 28 21 26 22 25
22 28 21 29 22 30 23 29
15 13 15 15 13 15 13 13
10 14 12 14 12 16 10 16
27 10 26 11 28 13 29 12
23 27 24 27 24 25 23 25
27 21 26 22 25 21 26 20
26 24 25 25 27 27 28 26
23 30 21 32 19 30 21 28
24 12 25 12 25 14 24 14
16 14 14 14 14 12 16 12
12 18 14 18 14 16 12 16
28 22 27 21 28 20 29 21
27 12 27 14 26 14 26 12
17 27 15 29 14 28 16 26
27 11 26 12 28 14 29 13
29 22 28 22 28 21 29 21
19 11 19 12 18 12 18 11
24 26 23 27 25 29 26 28
17 28 18 28 18 27 17 27
29 24 28 25 26 23 27 22
8 16 10 18 12 16 10 14
8 18 10 18 10 16 8 16
32 23 31 24 29 22 30 21
30 22 30 24 29 24 29 22
12 19 10 19 10 18 12 18
26 10 27 10 27 11 26 11
10 20 8 18 10 16 12 18
24 31 23 30 25 28 26 29
16 27 17 27 17 26 16 26
29 11 29 12 27 12 27 11
22 32 23 32 23 30 22 30
25 23 26 23 26 24 25 24
25 30 23 30 23 29 25 29
18 31 16 29 17 28 19 30
25 26 24 27 25 28 26 27
13 19 12 18 13 17 14 18
30 10 29 11 30 12 31 11
23 11 24 11 24 12 23 12
12 20 13 20 13 19 12 19
15 28 14 27 15 26 16 27
11 18 10 19 11 20 12 19
27 25 27 26 25 26 25 25
27 23 26 24 25 23 26 22
11 22 12 22 12 20 11 20
28 23 27 23 27 22 28 22
31 22 30 22 30 21 31 21
21 34 22 34 22 32 21 32
9 21 11 23 12 22 10 20
9 20 10 20 10 21 9 21
14 29 15 29 15 28 14 28
22 10 23 10 23 11 22 11
21 30 19 32 21 34 23 32
20 29 21 29 21 30 20 30
19 29 20 29 20 27 19 27
13 35 10 32 13 29 16 32
13 33 12 32 15 29 16 30
11 9 10 10 13 13 14 12
14 33 13 33 13 29 14 29
26 33 25 33 25 30 26 30
25 34 23 32 24 31 26 33
27 32 24 32 24 31 27 31
11 32 12 32 12 29 11 29
13 10 13 13 10 13 10 10
12 33 11 32 14 29 15 30
12 35 13 35 13 33 12 33
8 31 12 35 14 33 10 29
12 11 16 15 17 14 13 10
9 16 11 18 17 12 15 10
9 14 14 19 15 18 10 13
9 13 10 13 10 14 9 14
