best-score: 749940
count: 5
elapsed-time: 4.507
432
40 13 39 14 40 15 41 14
29 43 28 42 29 41 30 42
31 43 30 42 31 41 32 42
39 13 40 13 40 14 39 14
40 25 39 26 40 27 41 26
32 36 31 36 31 35 32 35
20 27 21 27 21 28 20 28
15 36 14 35 15 34 16 35
18 30 19 30 19 31 18 31
38 38 37 39 38 40 39 39
19 27 18 27 18 26 19 26
22 34 23 34 23 35 22 35
29 36 30 36 30 37 29 37
30 35 29 36 30 37 31 36
41 19 40 20 41 21 42 20
22 40 22 41 21 41 21 40
21 30 22 30 22 31 21 31
30 26 31 26 31 25 30 25
31 33 32 33 32 32 31 32
16 30 17 31 18 30 17 29
18 38 17 38 17 37 18 37
39 15 40 15 40 16 39 16
20 32 19 31 20 30 21 31
40 28 41 28 41 27 40 27
28 32 27 33 26 32 27 31
27 22 28 22 28 21 27 21
23 40 22 41 21 40 22 39
31 34 30 33 31 32 32 33
20 40 21 41 22 40 21 39
39 38 39 39 38 39 38 38
35 14 36 14 36 15 35 15
30 23 31 23 31 24 30 24
41 20 42 20 42 21 41 21
40 34 39 33 40 32 41 33
20 16 21 16 21 15 20 15
39 32 40 32 40 33 39 33
27 29 26 28 27 27 28 28
32 23 31 24 30 23 31 22
38 30 39 31 40 30 39 29
36 33 37 33 37 32 36 32
34 24 35 25 36 24 35 23
38 18 37 19 38 20 39 19
34 33 35 33 35 32 34 32
37 40 38 40 38 39 37 39
37 18 36 19 35 18 36 17
38 31 37 32 38 33 39 32
18 36 17 37 18 38 19 37
41 35 40 36 39 35 40 34
15 39 14 38 15 37 16 38
28 29 28 30 27 30 27 29
21 35 22 35 22 36 21 36
26 31 27 31 27 30 26 30
28 20 27 21 28 22 29 21
38 21 39 21 39 22 38 22
17 18 18 18 18 19 17 19
19 35 18 36 17 35 18 34
35 41 36 42 37 41 36 40
21 17 20 16 21 15 22 16
39 40 38 41 37 40 38 39
34 25 35 25 35 24 34 24
31 27 30 26 31 25 32 26
22 18 23 18 23 17 22 17
33 32 34 33 35 32 34 31
31 37 32 38 33 37 32 36
17 30 17 31 16 31 16 30
30 34 31 34 31 35 30 35
39 30 39 31 38 31 38 30
21 38 22 38 22 39 21 39
17 32 16 31 17 30 18 31
38 32 37 32 37 31 38 31
33 31 34 31 34 32 33 32
38 14 39 15 40 14 39 13
38 23 37 23 37 22 38 22
33 39 32 40 31 39 32 38
39 17 38 16 39 15 40 16
38 19 37 19 37 18 38 18
38 15 39 15 39 14 38 14
20 39 21 39 21 40 20 40
32 27 31 27 31 26 32 26
24 17 23 18 22 17 23 16
18 28 17 27 18 26 19 27
19 19 18 20 17 19 18 18
40 19 41 19 41 20 40 20
23 39 23 40 22 40 22 39
38 24 37 25 36 24 37 23
36 23 36 24 35 24 35 23
37 20 36 20 36 19 37 19
36 31 35 32 36 33 37 32
22 32 21 31 22 30 23 31
20 26 19 27 20 28 21 27
39 23 40 23 40 22 39 22
30 38 29 37 30 36 31 37
36 34 35 33 36 32 37 33
40 29 40 30 39 30 39 29
31 38 30 38 30 37 31 37
36 25 35 26 34 25 35 24
23 42 24 42 24 41 23 41
35 31 34 32 33 31 34 30
37 38 38 38 38 37 37 37
27 28 26 29 27 30 28 29
23 33 22 34 21 33 22 32
37 21 38 21 38 20 37 20
23 15 22 16 23 17 24 16
36 30 36 31 35 31 35 30
19 28 18 27 19 26 20 27
29 35 30 36 31 35 30 34
29 38 30 39 31 38 30 37
34 29 35 29 35 30 34 30
33 26 32 26 32 25 33 25
39 24 38 23 39 22 40 23
32 24 32 25 31 25 31 24
36 18 35 18 35 17 36 17
35 34 36 34 36 33 35 33
28 27 28 28 27 28 27 27
38 17 39 17 39 16 38 16
23 32 22 32 22 31 23 31
17 28 18 28 18 29 17 29
20 29 19 30 18 29 19 28
15 41 14 40 15 39 16 40
40 35 41 35 41 36 40 36
36 21 35 22 36 23 37 22
24 40 23 41 22 40 23 39
33 24 32 25 33 26 34 25
19 36 19 37 18 37 18 36
21 25 20 26 19 25 20 24
24 34 23 34 23 33 24 33
37 16 38 17 39 16 38 15
19 40 20 41 21 40 20 39
22 37 21 38 20 37 21 36
25 40 24 41 23 40 24 39
33 30 34 31 35 30 34 29
37 15 38 15 38 16 37 16
37 29 36 30 37 31 38 30
24 15 23 15 23 14 24 14
41 34 40 34 40 33 41 33
36 41 37 41 37 40 36 40
29 20 29 21 28 21 28 20
20 25 20 26 19 26 19 25
33 34 34 35 35 34 34 33
39 20 38 21 37 20 38 19
25 39 25 40 24 40 24 39
28 37 29 37 29 38 28 38
18 32 17 32 17 31 18 31
17 26 16 27 17 28 18 27
19 41 20 41 20 40 19 40
39 41 38 41 38 40 39 40
37 24 37 25 36 25 36 24
33 23 33 24 32 24 32 23
36 16 35 15 36 14 37 15
38 34 37 33 38 32 39 33
36 26 35 26 35 25 36 25
37 34 38 34 38 33 37 33
35 19 36 20 37 19 36 18
40 21 39 21 39 20 40 20
29 39 30 39 30 38 29 38
35 20 36 21 37 20 36 19
35 16 36 17 37 16 36 15
19 20 18 20 18 19 19 19
19 38 18 37 19 36 20 37
42 34 42 35 41 35 41 34
30 40 29 39 30 38 31 39
22 33 23 34 24 33 23 32
16 29 17 30 18 29 17 28
17 20 18 21 19 20 18 19
19 29 20 29 20 30 19 30
41 22 40 21 41 20 42 21
16 26 17 26 17 27 16 27
39 34 40 35 41 34 40 33
38 29 39 30 40 29 39 28
22 15 23 15 23 16 22 16
31 40 30 40 30 39 31 39
32 39 31 39 31 38 32 38
21 29 20 30 19 29 20 28
35 21 36 21 36 20 35 20
23 29 22 30 21 29 22 28
22 29 21 29 21 28 22 28
17 21 18 21 18 20 17 20
21 34 22 34 22 33 21 33
39 18 38 19 37 18 38 17
43 35 42 36 41 35 42 34
43 36 42 36 42 35 43 35
20 38 19 38 19 37 20 37
38 42 37 41 38 40 39 41
35 42 36 42 36 41 35 41
37 17 36 18 35 17 36 16
25 41 26 41 26 40 25 40
40 40 39 41 40 42 41 41
34 22 35 23 36 22 35 21
21 24 21 25 20 25 20 24
32 41 31 41 31 40 32 40
37 30 38 30 38 29 37 29
21 37 20 38 21 39 22 38
36 29 35 30 36 31 37 30
40 18 40 19 39 19 39 18
36 35 35 34 36 33 37 34
34 21 35 21 35 22 34 22
27 41 26 42 25 41 26 40
40 39 40 40 39 40 39 39
38 28 39 28 39 29 38 29
36 28 36 29 35 29 35 28
23 30 22 30 22 29 23 29
33 21 32 22 33 23 34 22
33 40 32 41 31 40 32 39
42 37 41 36 42 35 43 36
21 26 20 25 21 24 22 25
41 37 42 37 42 36 41 36
38 35 39 35 39 34 38 34
20 35 21 36 22 35 21 34
35 40 34 41 35 42 36 41
22 27 21 28 20 27 21 26
21 14 20 15 21 16 22 15
37 42 38 42 38 41 37 41
34 20 34 21 33 21 33 20
33 19 32 20 33 21 34 20
37 35 36 35 36 34 37 34
37 27 36 28 37 29 38 28
38 36 37 35 38 34 39 35
20 36 21 37 22 36 21 35
20 34 21 34 21 35 20 35
39 27 38 28 39 29 40 28
34 40 35 40 35 41 34 41
32 19 33 19 33 20 32 20
34 19 35 19 35 20 34 20
24 29 23 30 22 29 23 28
37 36 38 36 38 35 37 35
27 42 26 42 26 41 27 41
23 27 23 28 22 28 22 27
38 26 37 27 36 26 37 25
22 14 22 15 21 15 21 14
24 31 23 32 22 31 23 30
39 36 38 37 37 36 38 35
22 26 22 27 21 27 21 26
34 39 34 40 33 40 33 39
24 30 24 31 23 31 23 30
33 18 32 19 33 20 34 19
38 27 39 27 39 26 38 26
34 18 34 19 33 19 33 18
39 37 38 37 38 36 39 36
19 33 20 34 21 33 20 32
21 13 20 14 21 15 22 14
23 13 22 14 23 15 24 14
20 13 21 13 21 14 20 14
22 13 23 13 23 14 22 14
21 12 20 13 21 14 22 13
22 12 22 13 21 13 21 12
24 28 24 29 23 29 23 28
37 28 38 28 38 27 37 27
40 37 39 36 40 35 41 36
40 38 39 38 39 37 40 37
36 27 35 28 36 29 37 28
17 33 18 34 19 33 18 32
25 29 24 30 23 29 24 28
41 38 40 39 39 38 40 37
25 28 26 28 26 29 25 29
25 30 24 29 25 28 26 29
37 26 37 27 36 27 36 26
41 39 40 39 40 38 41 38
38 25 37 26 38 27 39 26
43 38 42 39 41 38 42 37
25 32 24 31 25 30 26 31
42 38 41 39 40 38 41 37
39 25 38 25 38 24 39 24
25 31 26 31 26 32 25 32
40 26 39 27 38 26 39 25
43 39 42 39 42 38 43 38
40 24 39 25 38 24 39 23
24 32 23 31 24 30 25 31
25 33 24 34 23 33 24 32
41 25 41 26 40 26 40 25
42 26 41 27 40 26 41 25
42 27 41 27 41 26 42 26
43 26 42 27 41 26 42 25
43 25 43 26 42 26 42 25
43 24 42 25 40 23 41 22
33 43 32 42 34 40 35 41
20 20 19 19 21 17 22 18
34 36 35 37 37 35 36 34
25 37 23 35 24 34 26 36
34 42 32 42 32 41 34 41
42 41 41 41 41 39 42 39
18 40 19 40 19 38 18 38
34 38 36 40 37 39 35 37
41 42 39 40 40 39 42 41
15 19 17 19 17 20 15 20
16 21 16 22 14 22 14 21
30 29 28 29 28 28 30 28
28 25 30 25 30 24 28 24
27 37 25 39 26 40 28 38
28 40 30 40 30 42 28 42
16 37 17 37 17 35 16 35
19 39 18 40 19 41 20 40
14 20 16 22 17 21 15 19
36 36 34 36 34 35 36 35
25 15 24 16 26 18 27 17
29 27 27 25 28 24 30 26
30 18 29 19 27 17 28 16
28 34 26 36 27 37 29 35
30 30 29 31 31 33 32 32
23 23 21 25 22 26 24 24
29 33 27 33 27 31 29 31
31 20 29 20 29 19 31 19
29 29 28 28 29 27 30 28
27 39 29 39 29 41 27 41
29 24 27 22 28 21 30 23
27 34 26 35 28 37 29 36
29 28 28 27 30 25 31 26
18 42 16 42 16 40 18 40
17 36 16 37 17 38 18 37
16 19 15 20 16 21 17 20
22 23 23 23 23 21 22 21
30 22 29 21 31 19 32 20
15 33 17 33 17 32 15 32
15 38 16 38 16 37 15 37
30 32 28 32 28 30 30 30
14 37 15 38 16 37 15 36
14 39 15 39 15 38 14 38
14 29 16 29 16 30 14 30
33 28 35 28 35 26 33 26
20 18 18 18 18 16 20 16
36 37 34 39 35 40 37 38
13 30 15 32 16 31 14 29
13 35 15 37 17 35 15 33
13 37 14 37 14 35 13 35
40 41 41 41 41 42 40 42
26 38 28 38 28 40 26 40
29 23 30 24 31 23 30 22
15 16 14 17 16 19 17 18
31 30 30 29 32 27 33 28
25 34 27 34 27 33 25 33
25 16 24 16 24 15 25 15
34 27 33 28 34 29 35 28
32 29 34 29 34 27 32 27
29 34 30 34 30 33 29 33
31 31 33 31 33 30 31 30
22 20 20 20 20 18 22 18
29 30 28 29 29 28 30 29
31 29 31 30 30 30 30 29
25 14 24 15 25 16 26 15
27 23 28 24 29 23 28 22
29 22 30 22 30 23 29 23
32 28 31 29 30 28 31 27
35 36 36 37 37 36 36 35
26 14 26 15 25 15 25 14
33 27 32 28 34 30 35 29
26 33 25 34 24 33 25 32
28 35 29 35 29 34 28 34
28 36 26 36 26 35 28 35
34 26 33 27 32 26 33 25
28 12 26 14 28 16 30 14
25 13 24 14 25 15 26 14
24 13 25 13 25 14 24 14
23 12 22 13 23 14 24 13
24 12 24 13 23 13 23 12
23 11 22 12 23 13 24 12
22 11 23 11 23 12 22 12
35 27 34 26 35 25 36 26
10 34 13 37 17 33 14 30
44 24 43 25 40 22 41 21
18 43 14 39 15 38 19 42
17 13 15 15 18 18 20 16
28 43 27 42 30 39 31 40
44 25 43 25 43 24 44 24
43 23 43 24 40 24 40 23
13 29 14 30 17 27 16 26
31 13 30 14 34 18 35 17
19 43 18 43 18 42 19 42
13 27 14 27 14 29 13 29
27 43 28 43 28 42 27 42
17 15 20 15 20 14 17 14
26 22 22 18 23 17 27 21
25 22 22 25 25 28 28 25
26 24 23 27 24 28 27 25
42 22 42 25 41 25 41 22
25 18 26 18 26 22 25 22
14 31 16 31 16 35 14 35
25 23 26 24 27 23 26 22
24 21 27 21 27 17 24 17
24 37 25 37 25 34 24 34
26 23 27 23 27 22 26 22
25 24 25 28 24 28 24 24
33 14 33 18 30 18 30 14
23 36 24 37 26 35 25 34
19 24 20 24 20 20 19 20
34 14 30 18 31 19 35 15
30 31 27 34 26 33 29 30
32 31 31 32 30 31 31 30
20 42 19 43 18 42 19 41
26 25 23 28 22 27 25 24
21 23 20 24 17 21 18 20
14 23 17 26 19 24 16 21
26 17 25 18 28 21 29 20
15 24 19 24 19 25 15 25
16 33 19 36 20 35 17 32
23 38 26 38 26 36 23 36
22 24 21 24 21 23 22 23
15 23 18 26 19 25 16 22
14 18 15 19 18 16 17 15
17 16 15 16 15 15 17 15
31 16 33 18 35 16 33 14
28 13 31 13 31 16 28 16
13 31 14 31 14 30 13 30
25 12 28 12 28 13 25 13
26 11 25 12 27 14 28 13
27 11 27 14 26 14 26 11
26 10 24 12 25 13 27 11
23 10 26 10 26 11 23 11
24 11 23 12 22 11 23 10
21 18 19 20 22 23 24 21
26 26 22 26 22 25 26 25
27 24 27 25 26 25 26 24
20 17 21 18 22 17 21 16
17 17 17 18 14 18 14 17
14 24 15 24 15 23 14 23
21 42 20 42 20 41 21 41
28 23 28 24 27 24 27 23
32 16 32 19 31 19 31 16
14 33 15 34 16 33 15 32
25 38 24 39 23 38 24 37
32 15 35 15 35 16 32 16
20 43 19 42 20 41 21 42
13 23 14 24 15 23 14 22
13 22 14 22 14 23 13 23
12 26 13 27 15 25 14 24
22 43 21 42 22 41 23 42
19 16 17 18 18 19 20 17
18 13 17 14 19 16 20 15
10 36 15 36 15 34 10 34
7 33 10 36 16 30 13 27
21 22 21 23 16 23 16 22
30 15 24 21 25 22 31 16
21 21 16 26 15 25 20 20
22 22 21 21 22 20 23 21
