best-score: 769014
count: 28
elapsed-time: 4.501
87
17 21 16 21 16 20 17 20
19 15 18 16 17 15 18 14
21 11 22 12 23 11 22 10
15 20 16 21 17 20 16 19
18 22 17 22 17 21 18 21
22 11 21 11 21 10 22 10
18 20 17 21 16 20 17 19
16 22 17 23 18 22 17 21
18 19 18 20 17 20 17 19
16 23 17 23 17 22 16 22
15 19 16 19 16 20 15 20
23 12 22 12 22 11 23 11
15 22 16 23 17 22 16 21
19 20 18 21 17 20 18 19
15 21 16 21 16 22 15 22
14 20 15 21 16 20 15 19
19 21 18 21 18 20 19 20
20 22 19 23 18 22 19 21
19 22 20 22 20 21 19 21
18 23 17 22 18 21 19 22
14 21 15 21 15 20 14 20
14 19 13 20 14 21 15 20
13 19 14 19 14 20 13 20
12 10 10 12 8 10 10 8
10 10 10 12 8 12 8 10
12 12 10 14 8 12 10 10
16 17 14 19 12 17 14 15
20 18 18 20 19 21 21 19
11 11 12 11 12 12 11 12
20 8 21 8 21 10 20 10
21 18 19 20 20 21 22 19
17 13 18 14 20 12 19 11
12 8 12 10 10 10 10 8
22 18 22 19 21 19 21 18
11 14 10 14 10 12 11 12
16 13 17 13 17 15 16 15
13 14 14 15 16 13 15 12
20 14 20 16 18 16 18 14
14 17 16 17 16 15 14 15
15 13 16 13 16 12 15 12
21 16 21 18 20 18 20 16
14 10 12 8 13 7 15 9
17 17 17 19 16 19 16 17
14 11 12 11 12 10 14 10
13 11 15 13 16 12 14 10
12 7 13 7 13 8 12 8
14 14 14 15 13 15 13 14
22 14 20 14 20 12 22 12
21 15 20 16 19 15 20 14
19 17 17 17 17 15 19 15
18 17 16 19 14 17 16 15
21 17 20 18 19 17 20 16
16 16 14 14 15 13 17 15
18 18 17 17 18 16 19 17
20 19 18 19 18 18 20 18
14 18 15 19 17 17 16 16
21 21 20 21 20 19 21 19
15 18 15 19 14 19 14 18
12 18 14 18 14 17 12 17
22 24 20 22 21 21 23 23
13 17 12 18 13 19 14 18
4 18 7 21 10 18 7 15
25 12 21 16 17 12 21 8
7 17 8 18 11 15 10 14
10 22 11 23 14 20 13 19
18 9 15 12 14 11 17 8
8 14 10 14 10 18 8 18
13 23 11 23 11 20 13 20
18 11 18 14 14 14 14 11
12 22 10 22 10 18 12 18
16 8 17 8 17 12 16 12
8 17 11 20 14 17 11 14
14 24 13 23 15 21 16 22
11 17 8 14 10 12 13 15
7 14 8 14 8 12 7 12
19 9 19 11 18 11 18 9
11 19 10 18 11 17 12 18
21 9 20 10 19 9 20 8
12 15 12 17 11 17 11 15
23 9 22 10 21 9 22 8
17 6 12 11 16 15 21 10
7 24 14 24 14 21 7 21
20 6 20 8 17 8 17 6
8 13 7 12 12 7 13 8
11 18 7 14 8 13 12 17
25 23 23 23 23 12 25 12
26 22 25 23 21 19 22 18
