best-score: 741619
count: 5
elapsed-time: 4.593
239
12 27 13 28 14 27 13 26
12 26 13 26 13 27 12 27
30 28 31 29 32 28 31 27
32 27 31 26 32 25 33 26
16 16 15 15 16 14 17 15
30 27 31 27 31 28 30 28
32 35 31 36 32 37 33 36
32 39 31 38 32 37 33 38
32 26 33 26 33 27 32 27
14 25 14 26 13 26 13 25
21 19 20 19 20 18 21 18
25 17 25 18 24 18 24 17
16 18 15 17 16 16 17 17
23 18 24 19 25 18 24 17
14 24 13 25 14 26 15 25
22 32 21 33 22 34 23 33
19 34 19 35 18 35 18 34
31 25 32 25 32 26 31 26
15 27 14 28 13 27 14 26
17 34 16 35 17 36 18 35
32 36 31 36 31 35 32 35
32 29 31 29 31 28 32 28
19 17 20 17 20 18 19 18
34 32 35 32 35 31 34 31
33 37 32 37 32 36 33 36
23 19 24 19 24 18 23 18
27 29 28 29 28 28 27 28
41 35 40 35 40 34 41 34
24 20 23 19 24 18 25 19
36 15 37 16 38 15 37 14
16 15 16 16 15 16 15 15
34 38 33 38 33 37 34 37
20 30 19 29 20 28 21 29
16 17 17 17 17 18 16 18
30 26 31 27 32 26 31 25
21 16 20 17 21 18 22 17
15 26 15 27 14 27 14 26
15 24 15 25 14 25 14 24
18 18 19 19 20 18 19 17
27 27 26 28 27 29 28 28
18 19 19 19 19 18 18 18
17 14 17 15 16 15 16 14
19 20 18 19 19 18 20 19
33 28 32 29 31 28 32 27
32 30 33 30 33 29 32 29
34 29 33 29 33 28 34 28
25 20 24 20 24 19 25 19
35 30 34 31 33 30 34 29
18 21 19 22 20 21 19 20
17 16 16 17 15 16 16 15
16 25 15 26 14 25 15 24
26 27 27 27 27 28 26 28
20 20 19 20 19 19 20 19
18 25 17 26 16 25 17 24
16 26 15 26 15 25 16 25
17 25 18 25 18 26 17 26
17 27 16 26 17 25 18 26
28 27 27 28 26 27 27 26
16 24 17 24 17 25 16 25
28 26 28 27 27 27 27 26
16 27 17 27 17 26 16 26
15 28 14 27 15 26 16 27
16 28 15 28 15 27 16 27
32 12 30 14 32 16 34 14
29 23 31 25 33 23 31 21
15 36 15 38 14 38 14 36
16 36 15 36 15 35 16 35
34 16 34 18 32 18 32 16
14 33 13 34 15 36 16 35
25 25 27 27 28 26 26 24
19 27 18 26 20 24 21 25
17 29 19 29 19 27 17 27
20 35 21 35 21 33 20 33
15 37 14 36 15 35 16 36
36 30 35 31 33 29 34 28
17 32 19 34 20 33 18 31
36 31 35 31 35 30 36 30
30 25 30 26 28 26 28 25
19 36 18 35 19 34 20 35
39 37 37 39 39 41 41 39
29 26 30 27 31 26 30 25
29 30 28 29 30 27 31 28
30 39 32 39 32 37 30 37
38 13 38 15 36 15 36 13
17 37 16 36 18 34 19 35
18 22 20 24 22 22 20 20
14 35 15 35 15 33 14 33
18 37 20 39 21 38 19 36
38 36 39 37 41 35 40 34
16 39 15 38 17 36 18 37
19 16 19 17 17 17 17 16
17 21 18 21 18 22 17 22
23 16 23 18 21 18 21 16
18 32 18 34 17 34 17 32
23 37 21 35 22 34 24 36
18 28 17 29 16 28 17 27
20 26 20 28 18 28 18 26
21 15 21 16 19 16 19 15
33 34 32 33 34 31 35 32
19 13 17 15 19 17 21 15
37 12 36 13 37 14 38 13
20 15 19 16 17 14 18 13
18 36 18 37 17 37 17 36
20 36 19 36 19 35 20 35
18 17 19 18 20 17 19 16
29 38 30 39 31 38 30 37
20 34 19 35 20 36 21 35
40 36 38 36 38 35 40 35
15 23 16 24 18 22 17 21
19 31 18 32 20 34 21 33
21 31 19 31 19 29 21 29
18 15 19 15 19 13 18 13
29 36 31 36 31 38 29 38
12 22 14 24 15 23 13 21
16 23 16 24 15 24 15 23
19 32 18 32 18 31 19 31
30 35 29 36 30 37 31 36
23 31 23 33 21 33 21 31
22 30 21 31 22 32 23 31
20 32 22 32 22 30 20 30
18 23 17 24 16 23 17 22
19 23 18 23 18 22 19 22
19 33 20 33 20 32 19 32
23 12 20 15 21 16 24 13
34 12 37 12 37 14 34 14
12 21 15 24 16 23 13 20
27 12 23 16 24 17 28 13
11 31 15 35 18 32 14 28
12 20 13 20 13 21 12 21
37 42 33 38 34 37 38 41
41 42 37 42 37 39 41 39
27 32 30 35 32 33 29 30
25 29 21 29 21 25 25 25
26 18 25 17 29 13 30 14
37 30 36 31 40 35 41 34
38 38 38 41 34 41 34 38
26 33 27 33 27 32 26 32
24 39 20 39 20 36 24 36
28 39 28 41 24 41 24 39
26 19 25 19 25 18 26 18
16 31 18 31 18 28 16 28
27 16 23 16 23 12 27 12
29 19 31 21 34 18 32 16
28 20 27 21 25 19 26 18
24 33 26 33 26 36 24 36
22 24 21 25 25 29 26 28
20 22 22 22 22 24 20 24
28 32 29 33 32 30 31 29
26 23 29 23 29 19 26 19
37 35 34 38 35 39 38 36
38 23 36 25 33 22 35 20
38 34 37 35 34 32 35 31
22 13 24 13 24 17 22 17
22 29 26 33 27 32 23 28
29 39 30 40 33 37 32 36
37 26 34 29 33 28 36 25
22 27 26 27 26 24 22 24
25 13 28 13 28 17 25 17
22 14 21 15 24 18 25 17
24 32 23 31 25 29 26 30
27 31 26 32 27 33 28 32
29 40 30 40 30 39 29 39
30 21 31 21 31 25 30 25
37 23 37 26 33 26 33 23
25 24 27 26 28 25 26 23
19 21 20 21 20 22 19 22
28 30 27 31 26 30 27 29
27 36 29 36 29 33 27 33
23 30 26 30 26 28 23 28
37 22 38 22 38 23 37 23
28 38 26 36 29 33 31 35
24 21 20 21 20 20 24 20
38 24 34 28 33 27 37 23
11 30 14 33 16 31 13 28
18 20 19 20 19 21 18 21
23 26 22 27 18 23 19 22
40 23 40 24 38 24 38 23
37 34 38 34 38 35 37 35
23 32 24 33 28 29 27 28
29 29 29 30 28 30 28 29
28 31 28 32 27 32 27 31
21 36 24 39 27 36 24 33
35 35 37 35 37 39 35 39
25 31 27 31 27 29 25 29
15 19 17 21 18 20 16 18
27 22 26 23 24 21 25 20
27 40 28 41 29 40 28 39
26 40 27 40 27 36 26 36
24 22 27 22 27 21 24 21
40 31 37 34 38 35 41 32
15 20 18 20 18 19 15 19
23 22 20 19 21 18 24 21
16 19 15 20 17 22 18 21
35 33 35 35 32 35 32 33
22 20 20 22 22 24 24 22
29 27 28 28 29 29 30 28
36 33 33 36 34 37 37 34
40 32 41 32 41 31 40 31
30 19 27 22 30 25 33 22
36 32 36 33 35 33 35 32
29 28 28 28 28 27 29 27
29 25 28 26 29 27 30 26
22 18 21 19 22 20 23 19
14 18 12 20 13 21 15 19
24 26 23 26 23 22 24 22
27 41 26 40 28 38 29 39
30 29 29 29 29 28 30 28
15 18 16 19 17 18 16 17
38 32 40 32 40 34 38 34
14 17 15 17 15 18 14 18
38 31 38 32 36 32 36 31
12 19 13 20 15 18 14 17
34 11 28 17 30 19 36 13
49 23 41 31 33 23 41 15
32 11 34 11 34 12 32 12
29 8 24 13 27 16 32 11
28 8 29 8 29 13 28 13
29 14 30 14 30 19 29 19
22 33 16 27 17 26 23 32
34 36 28 30 29 29 35 35
39 22 38 22 38 15 39 15
35 17 35 20 28 20 28 17
34 34 34 36 33 36 33 34
23 35 30 35 30 37 23 37
30 16 24 22 26 24 32 18
32 15 39 22 40 21 33 14
38 37 34 37 34 36 38 36
39 38 38 38 38 37 39 37
13 33 14 33 14 28 13 28
36 16 35 17 34 16 35 15
35 16 36 16 36 15 35 15
35 42 34 41 38 37 39 38
32 42 35 42 35 39 32 39
39 21 38 22 34 18 35 17
39 24 38 23 39 22 40 23
36 22 37 22 37 16 36 16
49 21 49 23 40 23 40 21
47 19 36 30 38 32 49 21
47 13 47 19 40 19 40 13
