best-score: 626044
count: 4
elapsed-time: 4.545
163
31 27 31 28 30 28 30 27
27 25 26 26 25 25 26 24
27 24 28 24 28 25 27 25
29 27 30 28 31 27 30 26
44 29 43 29 43 28 44 28
16 41 16 42 15 42 15 41
39 38 38 37 39 36 40 37
21 29 20 30 21 31 22 30
45 28 44 29 43 28 44 27
45 27 45 28 44 28 44 27
39 37 40 37 40 38 39 38
29 26 30 26 30 27 29 27
31 26 30 27 29 26 30 25
38 36 39 36 39 37 38 37
37 35 38 36 39 35 38 34
31 25 31 26 30 26 30 25
29 25 30 26 31 25 30 24
29 24 30 24 30 25 29 25
28 26 29 26 29 25 28 25
28 23 27 24 28 25 29 24
29 23 29 24 28 24 28 23
22 19 24 19 24 18 22 18
24 29 26 29 26 30 24 30
34 26 32 24 34 22 36 24
35 27 33 29 32 28 34 26
18 16 18 18 16 18 16 16
28 40 29 40 29 42 28 42
39 19 38 20 40 22 41 21
24 32 22 30 24 28 26 30
43 16 41 18 39 16 41 14
42 26 44 28 45 27 43 25
33 39 34 39 34 37 33 37
36 36 38 36 38 34 36 34
30 38 28 36 29 35 31 37
23 30 24 30 24 32 23 32
27 39 26 40 27 41 28 40
35 35 36 36 37 35 36 34
41 16 43 16 43 14 41 14
32 41 33 41 33 39 32 39
39 18 41 18 41 16 39 16
41 45 37 41 40 38 44 42
16 45 15 44 18 41 19 42
19 45 16 45 16 42 19 42
38 26 37 26 37 23 38 23
22 42 19 45 16 42 19 39
41 28 43 28 43 25 41 25
32 21 32 24 30 24 30 21
33 33 36 33 36 34 33 34
36 29 38 29 38 33 36 33
22 39 22 42 19 42 19 39
30 33 27 36 23 32 26 29
20 25 19 26 23 30 24 29
34 20 30 24 29 23 33 19
29 16 29 17 26 17 26 16
37 32 38 33 42 29 41 28
35 32 37 32 37 35 35 35
39 25 38 26 36 24 37 23
30 20 34 20 34 18 30 18
28 22 24 18 26 16 30 20
42 23 38 23 38 20 42 20
21 27 21 29 18 29 18 27
41 19 37 23 34 20 38 16
28 29 26 29 26 26 28 26
42 33 42 34 38 34 38 33
27 23 28 24 29 23 28 22
22 24 26 24 26 26 22 26
39 21 41 21 41 19 39 19
30 29 33 29 33 33 30 33
36 28 32 28 32 24 36 24
25 28 26 29 29 26 28 25
17 19 17 22 16 22 16 19
24 36 27 36 27 39 24 39
31 35 33 37 35 35 33 33
30 14 29 15 33 19 34 18
29 37 31 37 31 35 29 35
28 37 25 40 24 39 27 36
26 23 27 23 27 24 26 24
35 42 32 39 34 37 37 40
20 26 22 26 22 30 20 30
31 43 28 40 30 38 33 41
26 22 22 26 18 22 22 18
34 27 31 27 31 26 34 26
26 37 28 37 28 40 26 40
34 25 31 28 35 32 38 29
25 24 21 20 22 19 26 23
43 35 43 36 39 36 39 35
33 22 30 25 29 24 32 21
22 23 20 25 17 22 19 20
33 25 34 25 34 22 33 22
29 28 30 29 31 28 30 27
17 17 16 18 17 19 18 18
43 33 42 33 42 29 43 29
22 22 26 22 26 23 22 23
34 35 33 34 35 32 36 33
24 25 25 25 25 28 24 28
27 22 28 22 28 23 27 23
30 35 28 37 32 41 34 39
35 37 34 37 34 35 35 35
40 25 36 29 34 27 38 23
17 15 16 16 17 17 18 16
19 25 20 25 20 26 19 26
44 34 43 35 42 34 43 33
29 20 27 22 28 23 30 21
29 29 30 29 30 28 29 28
39 22 40 22 40 25 39 25
34 32 33 33 29 29 30 28
31 32 34 32 34 35 31 35
21 23 19 25 20 26 22 24
33 35 31 37 33 39 35 37
18 19 22 19 22 22 18 22
32 35 30 33 31 32 33 34
21 24 22 24 22 23 21 23
43 34 44 34 44 33 43 33
29 21 30 21 30 20 29 20
38 28 34 32 36 34 40 30
19 23 21 23 21 20 19 20
43 32 42 33 43 34 44 33
41 29 38 29 38 28 41 28
44 32 43 33 40 30 41 29
42 45 37 40 39 38 44 43
30 11 26 15 32 21 36 17
49 26 43 32 37 26 43 20
26 45 18 37 21 34 29 42
25 11 18 18 22 22 29 15
36 11 36 14 30 14 30 11
32 46 28 42 33 37 37 41
49 23 49 26 42 26 42 23
27 46 32 46 32 41 27 41
38 9 36 11 41 16 43 14
25 45 26 45 26 40 25 40
39 9 39 16 38 16 38 9
28 35 29 35 29 29 28 29
44 41 37 41 37 40 44 40
16 29 21 34 23 32 18 27
27 35 28 35 28 36 27 36
24 44 25 45 28 42 27 41
24 42 24 44 22 44 22 42
38 42 35 42 35 37 38 37
34 42 33 41 38 36 39 37
28 19 33 19 33 22 28 22
15 33 14 32 20 26 21 27
18 15 26 15 26 16 18 16
34 21 39 21 39 22 34 22
16 34 14 36 22 44 24 42
26 21 24 19 26 17 28 19
24 14 30 14 30 18 24 18
17 27 18 27 18 22 17 22
22 11 18 15 22 19 26 15
47 38 44 41 40 37 43 34
34 11 29 16 34 21 39 16
14 24 17 27 19 25 16 22
27 21 27 22 26 22 26 21
18 34 16 34 16 29 18 29
20 33 15 33 15 30 20 30
38 43 44 43 44 42 38 42
37 42 38 43 44 37 43 36
21 37 18 37 18 34 21 34
24 34 21 37 18 34 21 31
43 13 34 22 30 18 39 9
12 37 16 41 28 29 24 25
12 34 16 34 16 37 12 37
23 36 14 36 14 32 23 32
35 15 44 15 44 27 35 27
