best-score: 706248
count: 33
elapsed-time: 4.515
40
17 24 15 22 16 21 18 23
15 18 14 18 14 16 15 16
21 21 20 22 18 20 19 19
13 18 14 18 14 20 13 20
16 18 14 20 12 18 14 16
22 10 20 12 21 13 23 11
16 11 15 12 17 14 18 13
15 23 13 23 13 22 15 22
20 21 21 21 21 22 20 22
19 24 18 23 20 21 21 22
12 15 10 17 13 20 15 18
18 14 21 14 21 13 18 13
18 19 16 21 13 18 15 16
15 21 16 21 16 18 15 18
18 22 14 18 18 14 22 18
21 12 20 12 20 8 21 8
12 22 13 23 15 21 14 20
12 20 13 20 13 22 12 22
17 17 18 17 18 14 17 14
19 17 19 19 18 19 18 17
20 23 18 23 18 22 20 22
18 18 19 19 20 18 19 17
17 19 16 18 17 17 18 18
17 20 18 20 18 19 17 19
16 22 15 21 17 19 18 20
14 24 17 24 17 20 14 20
18 21 18 22 16 22 16 21
20 20 20 21 18 21 18 20
22 20 20 20 20 18 22 18
24 22 23 23 21 21 22 20
22 23 23 23 23 20 22 20
24 21 22 23 21 22 23 20
24 14 24 21 21 21 21 14
14 2 7 9 13 15 20 8
26 16 22 20 20 18 24 14
7 15 12 20 14 18 9 13
20 16 15 16 15 12 20 12
7 18 12 18 12 15 7 15
10 19 17 19 17 17 10 17
15 14 10 19 13 22 18 17
