best-score: 606897
count: 9
elapsed-time: 4.537
92
27 28 26 29 27 30 28 29
21 23 20 24 21 25 22 24
23 19 22 19 22 18 23 18
21 24 22 24 22 25 21 25
20 23 21 23 21 24 20 24
27 27 28 27 28 28 27 28
24 18 23 19 24 20 25 19
35 17 33 19 31 17 33 15
18 22 16 22 16 20 18 20
18 18 16 20 14 18 16 16
16 18 16 19 14 19 14 18
23 15 22 16 24 18 25 17
25 29 24 28 26 26 27 27
18 16 18 18 16 18 16 16
14 20 16 22 18 20 16 18
14 23 16 23 16 22 14 22
28 31 26 31 26 29 28 29
16 24 14 22 16 20 18 22
12 17 14 17 14 18 12 18
27 32 26 31 27 30 28 31
9 20 11 22 14 19 12 17
31 29 28 29 28 28 31 28
24 17 25 17 25 13 24 13
19 23 18 22 22 18 23 19
22 30 19 27 21 25 24 28
30 15 33 15 33 19 30 19
24 32 27 32 27 30 24 30
25 12 29 16 30 15 26 11
22 32 21 32 21 30 22 30
23 17 24 17 24 18 23 18
33 22 32 23 29 20 30 19
27 33 24 30 25 29 28 32
19 16 22 19 23 18 20 15
31 30 33 30 33 29 31 29
24 33 22 33 22 32 24 32
25 26 26 26 26 29 25 29
19 19 20 19 20 23 19 23
29 15 25 19 27 21 31 17
23 28 21 30 24 33 26 31
19 18 22 18 22 16 19 16
29 14 30 14 30 15 29 15
28 20 24 20 24 18 28 18
30 33 28 31 31 28 33 30
11 20 14 20 14 22 11 22
19 24 16 24 16 23 19 23
25 28 21 32 22 33 26 29
21 35 19 33 22 30 24 32
9 17 11 17 11 20 9 20
35 26 31 30 28 27 32 23
22 22 21 23 18 20 19 19
23 30 24 30 24 28 23 28
21 15 18 18 19 19 22 16
15 20 19 24 20 23 16 19
26 22 26 24 22 24 22 22
28 33 27 33 27 32 28 32
15 22 16 23 20 19 19 18
20 27 19 27 19 24 20 24
18 19 19 19 19 18 18 18
17 14 14 17 16 19 19 16
26 14 29 14 29 11 26 11
21 19 20 19 20 15 21 15
21 22 22 22 22 19 21 19
26 25 25 26 27 28 28 27
22 23 21 24 20 23 21 22
19 26 20 27 22 25 21 24
24 24 22 22 24 20 26 22
12 19 11 20 14 23 15 22
18 25 14 29 15 30 19 26
28 10 25 13 26 14 29 11
19 8 14 13 19 18 24 13
18 8 19 8 19 16 18 16
8 18 13 23 14 22 9 17
34 28 33 29 26 22 27 21
8 19 12 19 12 18 8 18
6 17 8 19 14 13 12 11
11 11 12 11 12 17 11 17
29 27 28 27 28 20 29 20
18 30 21 30 21 25 18 25
23 16 29 16 29 15 23 15
30 13 25 13 25 12 30 12
14 24 22 32 24 30 16 22
30 30 28 28 29 27 31 29
23 26 25 26 25 19 23 19
16 29 14 29 14 24 16 24
11 25 12 26 14 24 13 23
31 33 30 33 30 30 31 30
13 24 14 24 14 23 13 23
20 31 13 24 14 23 21 30
28 19 22 25 23 26 29 20
34 17 34 28 31 28 31 17
37 27 31 33 22 24 28 18
35 25 35 26 26 26 26 25
