best-score: 629551
count: 4
elapsed-time: 4.549
113
37 14 36 15 37 16 38 15
19 35 18 35 18 34 19 34
23 27 24 28 25 27 24 26
21 20 20 20 20 19 21 19
41 42 42 42 42 41 41 41
26 30 26 31 25 31 25 30
23 28 24 28 24 29 23 29
19 33 18 34 19 35 20 34
20 33 20 34 19 34 19 33
18 32 19 33 20 32 19 31
22 19 21 20 20 19 21 18
42 43 41 42 42 41 43 42
22 18 22 19 21 19 21 18
43 43 42 43 42 42 43 42
22 20 21 19 22 18 23 19
43 41 42 42 43 43 44 42
23 20 22 20 22 19 23 19
44 41 44 42 43 42 43 41
24 19 23 20 22 19 23 18
24 18 24 19 23 19 23 18
46 25 44 27 42 25 44 23
16 34 18 34 18 32 16 32
23 23 22 24 24 26 25 25
23 25 25 25 25 27 23 27
42 36 40 34 41 33 43 35
29 36 31 36 31 38 29 38
24 31 25 31 25 33 24 33
25 32 24 31 25 30 26 31
35 16 37 16 37 14 35 14
16 30 14 32 16 34 18 32
24 17 23 18 21 16 22 15
34 15 35 16 36 15 35 14
14 30 16 30 16 32 14 32
43 36 43 37 42 37 42 36
28 45 25 42 28 39 31 42
25 40 27 42 31 38 29 36
34 38 34 42 31 42 31 38
19 32 20 33 24 29 23 28
37 23 33 27 37 31 41 27
29 40 25 40 25 38 29 38
35 35 34 34 37 31 38 32
41 23 44 23 44 27 41 27
22 34 20 32 23 29 25 31
23 15 23 18 22 18 22 15
29 21 30 22 33 19 32 18
28 25 24 29 25 30 29 26
21 24 22 24 22 20 21 20
42 24 39 27 38 26 41 23
33 37 34 38 35 37 34 36
18 31 19 31 19 32 18 32
31 34 34 34 34 36 31 36
16 35 15 34 18 31 19 32
30 19 33 19 33 22 30 22
15 35 16 35 16 34 15 34
33 35 35 35 35 37 33 37
23 32 20 32 20 29 23 29
37 34 34 34 34 31 37 31
30 34 29 35 25 31 26 30
34 37 31 34 34 31 37 34
46 24 46 25 42 25 42 24
21 28 20 29 23 32 24 31
20 38 19 39 15 35 16 34
21 27 23 27 23 28 21 28
22 38 20 38 20 34 22 34
32 45 28 45 28 39 32 39
51 34 44 41 37 34 44 27
51 27 51 34 44 34 44 27
39 13 33 19 37 23 43 17
9 23 16 30 22 24 15 17
9 17 15 17 15 23 9 23
17 9 9 17 15 23 23 15
20 42 25 42 25 40 20 40
24 41 18 35 19 34 25 40
32 17 32 18 24 18 24 17
19 25 14 30 16 32 21 27
14 26 19 31 23 27 18 22
35 42 32 45 29 42 32 39
29 28 24 28 24 26 29 26
39 22 39 27 33 27 33 22
21 17 15 17 15 16 21 16
34 33 31 36 26 31 29 28
41 16 41 23 37 23 37 16
29 18 30 19 32 17 31 16
14 27 21 27 21 26 14 26
19 23 23 23 23 25 19 25
39 33 41 33 41 27 39 27
26 26 25 27 33 35 34 34
40 39 37 39 37 34 40 34
32 27 24 19 28 15 36 23
34 23 36 23 36 15 34 15
23 34 28 39 29 38 24 33
40 15 33 22 34 23 41 16
33 28 33 35 29 35 29 28
47 25 39 33 38 32 46 24
44 39 42 41 40 39 42 37
36 31 33 28 39 22 42 25
16 25 14 27 18 31 20 29
36 38 35 37 39 33 40 34
33 41 34 42 37 39 36 38
28 46 20 38 25 33 33 41
19 30 16 30 16 25 19 25
24 30 24 31 19 31 19 30
25 29 25 30 24 30 24 29
32 29 25 29 25 27 32 27
31 28 32 29 33 28 32 27
24 37 33 37 33 41 24 41
32 28 23 19 24 18 33 27
19 36 29 36 29 35 19 35
33 30 25 38 24 37 32 29
40 26 38 26 38 15 40 15
25 15 28 15 28 25 25 25
32 8 25 15 44 34 51 27
43 8 43 17 32 17 32 8
