best-score: 730754
count: 13
elapsed-time: 4.505
91
30 28 29 29 28 28 29 27
25 16 24 15 25 14 26 15
11 22 12 22 12 21 11 21
10 22 11 23 12 22 11 21
27 18 28 18 28 17 27 17
27 19 26 18 27 17 28 18
29 28 28 28 28 27 29 27
24 13 25 14 26 13 25 12
11 20 10 20 10 19 11 19
26 19 27 19 27 18 26 18
12 20 11 21 10 20 11 19
26 17 25 18 26 19 27 18
30 29 29 29 29 28 30 28
25 13 24 13 24 12 25 12
10 21 9 20 10 19 11 20
26 14 25 14 25 13 26 13
9 22 10 23 11 22 10 21
25 17 26 17 26 18 25 18
9 21 10 21 10 22 9 22
19 21 18 22 20 24 21 23
23 17 25 17 25 16 23 16
13 18 11 20 12 21 14 19
29 20 29 21 27 21 27 20
27 15 27 17 26 17 26 15
24 20 23 19 25 17 26 18
22 15 24 15 24 13 22 13
21 12 19 14 20 15 22 13
23 14 22 15 23 16 24 15
24 16 25 17 27 15 26 14
25 22 24 21 26 19 27 20
22 17 23 17 23 19 22 19
23 12 22 13 23 14 24 13
24 19 22 17 23 16 25 18
27 25 25 23 27 21 29 23
23 20 24 20 24 19 23 19
18 19 16 17 17 16 19 18
21 14 23 14 23 12 21 12
30 19 29 20 27 18 28 17
20 21 21 22 23 20 22 19
20 17 22 17 22 15 20 15
25 25 27 25 27 27 25 27
25 29 23 27 25 25 27 27
19 17 20 17 20 18 19 18
24 27 25 27 25 29 24 29
19 31 16 28 20 24 23 27
25 8 22 11 23 12 26 9
29 22 29 23 25 23 25 22
23 24 23 27 20 27 20 24
19 24 20 24 20 21 19 21
21 25 25 25 25 23 21 23
9 10 12 10 12 9 9 9
18 23 21 23 21 22 18 22
15 10 13 12 17 16 19 14
20 12 19 13 23 17 24 16
14 22 18 22 18 19 14 19
19 11 22 11 22 13 19 13
28 10 25 13 26 14 29 11
16 27 20 27 20 28 16 28
16 14 19 14 19 17 16 17
21 26 19 24 21 22 23 24
16 21 18 23 20 21 18 19
21 18 25 18 25 22 21 22
11 26 10 26 10 23 11 23
23 23 25 25 29 21 27 19
15 26 16 27 19 24 18 23
23 30 20 27 21 26 24 29
19 9 19 11 17 11 17 9
14 12 16 14 19 11 17 9
16 18 19 18 19 21 16 21
21 16 20 17 21 18 22 17
16 25 16 27 13 27 13 25
13 17 16 17 16 18 13 18
18 25 16 25 16 23 18 23
18 26 21 26 21 25 18 25
16 20 13 17 16 14 19 17
16 24 14 22 16 20 18 22
24 31 19 31 19 29 24 29
25 32 24 31 28 27 29 28
29 32 25 32 25 29 29 29
34 27 29 32 24 27 29 22
34 23 34 27 29 27 29 23
35 24 30 29 29 28 34 23
9 16 17 16 17 11 9 11
12 29 14 29 14 22 12 22
14 15 20 15 20 12 14 12
11 15 14 15 14 19 11 19
5 14 10 19 14 15 9 10
9 17 11 19 13 17 11 15
9 13 11 15 14 12 12 10
15 20 12 20 12 10 15 10
10 25 11 26 16 21 15 20
