best-score: 586149
count: 8
elapsed-time: 4.524
115
28 20 29 21 30 20 29 19
25 21 26 21 26 22 25 22
15 16 16 16 16 15 15 15
26 23 25 22 26 21 27 22
27 23 26 23 26 22 27 22
28 24 27 23 28 22 29 23
27 21 26 22 25 21 26 20
27 20 27 21 26 21 26 20
28 23 28 24 27 24 27 23
28 21 28 22 27 22 27 21
29 24 28 25 27 24 28 23
29 22 29 23 28 23 28 22
29 20 29 21 28 21 28 20
28 19 27 20 28 21 29 20
30 19 30 20 29 20 29 19
29 25 28 25 28 24 29 24
27 19 28 19 28 20 27 20
30 21 29 20 30 19 31 20
31 21 30 21 30 20 31 20
30 22 29 22 29 21 30 21
33 10 31 12 33 14 35 12
20 13 22 13 22 14 20 14
25 26 24 25 26 23 27 24
13 24 15 26 17 24 15 22
20 18 22 18 22 17 20 17
16 20 18 20 18 22 16 22
22 16 20 18 18 16 20 14
24 33 26 35 27 34 25 32
24 15 22 17 20 15 22 13
32 30 30 30 30 29 32 29
27 27 26 26 28 24 29 25
14 17 16 19 17 18 15 16
32 18 30 20 31 21 33 19
17 31 17 33 16 33 16 31
23 18 21 20 20 19 22 17
22 15 24 15 24 14 22 14
18 15 20 17 22 15 20 13
25 33 24 33 24 32 25 32
18 14 20 14 20 15 18 15
32 19 30 19 30 18 32 18
33 21 32 21 32 19 33 19
33 20 32 21 31 20 32 19
20 16 22 16 22 15 20 15
20 12 18 14 20 16 22 14
18 17 20 17 20 16 18 16
17 13 15 15 16 16 18 14
26 30 24 32 25 33 27 31
19 20 17 18 18 17 20 19
18 13 16 15 18 17 20 15
18 12 20 12 20 13 18 13
19 22 21 22 21 20 19 20
17 14 18 14 18 13 17 13
34 10 34 14 33 14 33 10
37 17 33 21 30 18 34 14
33 35 30 32 32 30 35 33
24 17 23 18 26 21 27 20
14 22 15 22 15 26 14 26
22 25 22 29 21 29 21 25
18 26 20 26 20 30 18 30
16 24 14 22 16 20 18 22
31 22 29 24 32 27 34 25
26 32 30 32 30 30 26 30
31 34 33 34 33 35 31 35
23 24 22 25 23 26 24 25
17 19 20 19 20 18 17 18
25 23 26 23 26 26 25 26
28 16 29 16 29 19 28 19
17 27 20 30 21 29 18 26
24 16 24 17 22 17 22 16
11 12 15 16 16 15 12 11
13 27 17 31 18 30 14 26
20 27 17 24 19 22 22 25
17 17 14 17 14 14 17 14
20 24 23 24 23 26 20 26
21 23 25 23 25 22 21 22
23 20 21 22 23 24 25 22
27 17 29 19 30 18 28 16
12 14 14 14 14 11 12 11
19 25 20 26 21 25 20 24
26 18 26 20 23 20 23 18
19 21 18 22 20 24 21 23
28 29 25 32 22 29 25 26
27 15 27 16 24 16 24 15
32 22 31 22 31 21 32 21
24 20 22 18 24 16 26 18
26 24 25 23 26 22 27 23
19 23 21 23 21 25 19 25
31 32 31 34 30 34 30 32
24 19 27 19 27 17 24 17
16 27 13 27 13 24 16 24
12 20 13 21 17 17 16 16
18 33 16 31 20 27 22 29
21 19 19 21 18 20 20 18
24 29 28 29 28 25 24 25
31 23 30 22 31 21 32 22
18 23 19 23 19 22 18 22
31 24 29 24 29 23 31 23
22 24 21 23 24 20 25 21
22 32 24 32 24 29 22 29
12 19 16 19 16 20 12 20
28 33 24 29 28 25 32 29
10 17 12 19 14 17 12 15
19 35 17 33 20 30 22 32
10 22 14 22 14 17 10 17
24 41 16 33 23 26 31 34
33 9 27 15 28 16 34 10
18 41 24 41 24 33 18 33
27 29 26 30 21 25 22 24
17 12 17 13 11 13 11 12
25 35 22 32 27 27 30 30
11 15 16 20 17 19 12 14
26 33 26 35 25 35 25 33
11 14 12 14 12 15 11 15
15 12 12 15 11 14 14 11
12 25 19 25 19 35 12 35
