best-score: 749480
count: 10
elapsed-time: 4.547
299
32 34 31 33 32 32 33 33
17 19 18 19 18 18 17 18
20 19 21 19 21 18 20 18
30 20 29 21 30 22 31 21
23 13 24 13 24 14 23 14
22 24 23 24 23 25 22 25
29 29 30 29 30 30 29 30
24 31 25 31 25 30 24 30
11 26 12 27 13 26 12 25
13 18 12 19 13 20 14 19
27 19 26 20 27 21 28 20
21 16 22 16 22 17 21 17
28 27 27 26 28 25 29 26
29 27 29 28 28 28 28 27
31 13 30 14 31 15 32 14
31 31 32 31 32 30 31 30
21 24 22 25 23 24 22 23
28 13 29 13 29 12 28 12
16 25 17 25 17 24 16 24
29 19 29 20 28 20 28 19
30 31 29 30 30 29 31 30
26 25 27 25 27 26 26 26
27 15 28 15 28 14 27 14
23 18 22 19 21 18 22 17
14 21 13 21 13 20 14 20
20 17 19 18 20 19 21 18
17 22 16 23 15 22 16 21
17 30 16 31 15 30 16 29
25 24 24 25 23 24 24 23
14 14 15 14 15 15 14 15
12 20 11 21 12 22 13 21
29 15 28 14 29 13 30 14
33 31 32 32 31 31 32 30
16 20 15 19 16 18 17 19
16 17 17 17 17 18 16 18
27 24 28 24 28 25 27 25
15 32 16 33 17 32 16 31
16 14 15 15 14 14 15 13
32 20 31 21 32 22 33 21
21 23 22 23 22 24 21 24
14 17 14 18 13 18 13 17
22 26 23 27 24 26 23 25
13 19 14 20 15 19 14 18
32 21 33 21 33 22 32 22
18 17 17 18 18 19 19 18
14 27 15 27 15 28 14 28
23 17 22 18 21 17 22 16
29 24 28 25 27 24 28 23
19 19 20 20 21 19 20 18
12 21 11 21 11 20 12 20
17 20 17 21 16 21 16 20
23 15 22 14 23 13 24 14
30 28 29 29 28 28 29 27
30 21 29 21 29 20 30 20
17 29 17 30 16 30 16 29
23 19 22 19 22 18 23 18
15 20 14 20 14 19 15 19
29 23 29 24 28 24 28 23
23 26 24 26 24 25 23 25
31 22 30 22 30 21 31 21
15 31 16 31 16 30 15 30
16 13 16 14 15 14 15 13
27 11 26 12 27 13 28 12
19 17 20 18 21 17 20 16
18 33 19 33 19 32 18 32
25 32 24 31 25 30 26 31
12 26 13 26 13 25 12 25
27 20 26 20 26 19 27 19
22 27 23 27 23 26 22 26
32 29 31 30 32 31 33 30
34 21 33 22 32 21 33 20
34 20 34 21 33 21 33 20
30 23 29 24 30 25 31 24
12 18 13 18 13 19 12 19
22 20 21 19 22 18 23 19
29 14 28 15 27 14 28 13
15 24 16 25 17 24 16 23
16 19 15 20 16 21 17 20
14 32 15 32 15 31 14 31
33 32 32 32 32 31 33 31
26 14 27 15 28 14 27 13
27 18 26 19 27 20 28 19
22 15 23 15 23 14 22 14
11 27 12 27 12 26 11 26
18 31 17 32 18 33 19 32
28 18 28 19 27 19 27 18
19 16 20 16 20 17 19 17
13 22 12 21 13 20 14 21
31 20 30 21 31 22 32 21
30 13 30 14 29 14 29 13
26 18 27 18 27 17 26 17
18 16 17 17 18 18 19 17
18 20 17 19 18 18 19 19
24 27 23 28 22 27 23 26
19 20 18 20 18 19 19 19
11 19 12 20 13 19 12 18
28 21 27 21 27 20 28 20
18 15 17 16 18 17 19 16
26 13 27 13 27 14 26 14
21 20 22 20 22 19 21 19
23 16 22 17 21 16 22 15
32 28 33 28 33 29 32 29
13 27 12 28 11 27 12 26
15 18 16 19 17 18 16 17
14 26 14 27 13 27 13 26
20 15 19 16 20 17 21 16
12 23 13 23 13 22 12 22
29 22 30 22 30 23 29 23
15 23 16 23 16 24 15 24
17 31 18 31 18 32 17 32
19 15 19 16 18 16 18 15
18 21 17 20 18 19 19 20
27 22 28 23 29 22 28 21
18 30 17 31 16 30 17 29
24 28 23 28 23 27 24 27
28 22 29 22 29 21 28 21
20 21 19 20 20 19 21 20
21 21 20 21 20 20 21 20
31 29 32 30 33 29 32 28
21 15 21 16 20 16 20 15
18 22 17 22 17 21 18 21
18 23 17 22 18 21 19 22
13 28 12 28 12 27 13 27
31 28 31 29 30 29 30 28
32 27 31 28 32 29 33 28
30 27 29 28 30 29 31 28
31 26 30 27 29 26 30 25
20 14 19 15 20 16 21 15
19 23 18 23 18 22 19 22
31 27 32 27 32 28 31 28
19 21 18 22 17 21 18 20
27 23 28 23 28 22 27 22
20 22 19 22 19 21 20 21
30 26 30 27 29 27 29 26
14 29 13 28 14 27 15 28
20 24 19 23 20 22 21 23
19 14 20 14 20 15 19 15
13 29 14 29 14 28 13 28
13 30 14 31 15 30 14 29
21 14 20 15 19 14 20 13
31 25 30 26 31 27 32 26
26 22 27 23 28 22 27 21
26 24 27 25 28 24 27 23
21 25 20 25 20 24 21 24
21 13 21 14 20 14 20 13
26 21 27 21 27 22 26 22
21 26 22 26 22 25 21 25
32 25 32 26 31 26 31 25
30 24 31 24 31 25 30 25
22 13 21 14 22 15 23 14
20 27 19 26 20 25 21 26
25 23 26 23 26 24 25 24
25 22 26 23 27 22 26 21
29 25 28 24 29 23 30 24
33 26 32 27 31 26 32 25
20 26 20 27 19 27 19 26
33 27 32 27 32 26 33 26
28 26 29 27 30 26 29 25
25 20 26 20 26 21 25 21
19 25 20 26 21 25 20 24
23 12 22 13 21 12 22 11
22 12 22 13 21 13 21 12
24 22 25 23 26 22 25 21
23 11 23 12 22 12 22 11
27 27 28 27 28 26 27 26
24 12 23 13 22 12 23 11
24 21 25 21 25 22 24 22
23 22 24 23 25 22 24 21
23 23 24 23 24 22 23 22
22 22 21 23 22 24 23 23
23 21 22 22 21 21 22 20
22 21 23 21 23 22 22 22
21 22 22 23 23 22 22 21
20 23 21 23 21 22 20 22
23 20 22 21 21 20 22 19
19 24 20 24 20 23 19 23
24 19 23 20 24 21 25 20
24 20 23 20 23 19 24 19
18 25 17 24 18 23 19 24
18 26 19 26 19 25 18 25
25 19 24 20 25 21 26 20
18 24 17 25 18 26 19 25
17 23 18 23 18 24 17 24
16 22 15 23 16 24 17 23
15 21 16 21 16 22 15 22
14 22 13 21 14 20 15 21
25 18 26 18 26 19 25 19
14 23 15 23 15 22 14 22
13 24 12 23 13 22 14 23
14 24 13 23 14 22 15 23
24 17 25 18 26 17 25 16
15 25 14 26 13 25 14 24
24 18 23 18 23 17 24 17
14 25 15 25 15 24 14 24
15 26 14 27 13 26 14 25
25 17 24 18 25 19 26 18
16 26 15 25 16 24 17 25
16 27 15 27 15 26 16 26
17 26 16 27 15 26 16 25
26 16 26 17 25 17 25 16
28 16 27 17 26 16 27 15
17 28 16 29 15 28 16 27
18 27 17 26 18 25 19 26
29 16 28 16 28 15 29 15
17 27 18 27 18 26 17 26
18 28 17 27 18 26 19 27
19 28 18 28 18 27 19 27
16 28 17 28 17 27 16 27
15 29 16 29 16 28 15 28
18 29 17 29 17 28 18 28
19 30 18 31 17 30 18 29
19 31 18 31 18 30 19 30
14 30 15 31 16 30 15 29
20 32 19 33 18 32 19 31
13 31 14 31 14 30 13 30
20 29 19 30 20 31 21 30
12 30 13 31 14 30 13 29
12 32 13 33 14 32 13 31
13 32 13 33 12 33 12 32
21 28 20 29 19 28 20 27
11 30 12 30 12 31 11 31
11 32 12 33 13 32 12 31
12 29 11 30 12 31 13 30
14 33 13 32 14 31 15 32
11 28 12 29 13 28 12 27
11 29 12 29 12 28 11 28
10 30 11 31 12 30 11 29
10 29 11 29 11 30 10 30
21 34 19 32 20 31 22 33
34 23 32 25 31 24 33 22
19 34 21 34 21 33 19 33
16 16 14 18 13 17 15 15
12 15 11 16 13 18 14 17
26 15 25 16 23 14 24 13
17 14 17 16 16 16 16 14
22 29 20 29 20 27 22 27
14 11 13 12 15 14 16 13
32 24 31 24 31 22 32 22
24 15 26 15 26 14 24 14
18 13 17 14 18 15 19 14
14 16 16 16 16 17 14 17
24 16 23 16 23 15 24 15
31 23 30 24 31 25 32 24
25 29 24 28 26 26 27 27
18 12 18 13 16 13 16 12
27 16 26 16 26 15 27 15
26 27 24 27 24 26 26 26
13 11 14 11 14 12 13 12
28 17 27 17 27 16 28 16
25 26 26 27 27 26 26 25
17 13 16 14 18 16 19 15
23 32 21 30 22 29 24 31
31 11 33 11 33 13 31 13
30 33 31 33 31 31 30 31
26 30 25 31 24 30 25 29
32 18 33 18 33 20 32 20
17 11 16 12 17 13 18 12
23 30 21 30 21 28 23 28
19 11 18 12 20 14 21 13
14 10 13 11 14 12 15 11
30 10 28 12 29 13 31 11
31 34 30 33 32 31 33 32
15 10 15 11 14 11 14 10
26 29 26 30 25 30 25 29
32 33 32 34 31 34 31 33
12 16 14 16 14 15 12 15
25 15 24 16 25 17 26 16
27 30 26 29 28 27 29 28
31 17 29 19 30 20 32 18
11 17 12 18 13 17 12 16
12 17 11 17 11 16 12 16
27 29 26 29 26 27 27 27
25 13 24 14 25 15 26 14
27 31 26 31 26 30 27 30
25 11 24 12 25 13 26 12
25 12 26 12 26 13 25 13
28 32 27 33 26 32 27 31
28 30 27 31 26 30 27 29
24 11 25 11 25 12 24 12
29 33 28 32 30 30 31 31
29 31 29 33 27 33 27 31
28 29 28 30 27 30 27 29
34 17 33 18 29 14 30 13
9 13 12 16 14 14 11 11
29 34 26 31 27 30 30 33
34 15 34 17 31 17 31 15
30 34 29 34 29 33 30 33
11 15 12 15 12 11 11 11
31 18 28 18 28 17 31 17
30 17 28 19 29 20 31 18
23 31 19 27 20 26 24 30
24 32 23 32 23 31 24 31
25 33 24 32 25 31 26 32
24 33 25 33 25 32 24 32
22 34 21 33 23 31 24 32
36 17 33 20 31 18 34 15
23 34 22 33 23 32 24 33
36 20 34 20 34 17 36 17
23 33 23 34 22 34 22 33
