best-score: 814472
count: 11
elapsed-time: 4.513
260
33 19 32 20 31 19 32 18
26 33 25 32 26 31 27 32
22 21 21 20 22 19 23 20
18 14 18 15 17 15 17 14
17 22 18 22 18 21 17 21
13 22 13 23 12 23 12 22
29 29 30 30 31 29 30 28
16 14 17 15 18 14 17 13
29 12 30 13 31 12 30 11
16 16 17 16 17 15 16 15
17 12 16 13 17 14 18 13
29 20 28 21 29 22 30 21
10 23 11 24 12 23 11 22
16 12 17 12 17 13 16 13
31 20 30 21 31 22 32 21
10 25 11 26 12 25 11 24
14 30 15 31 16 30 15 29
31 11 30 11 30 10 31 10
31 28 31 29 30 29 30 28
10 24 11 24 11 23 10 23
22 16 23 16 23 17 22 17
12 30 13 31 14 30 13 29
18 17 17 16 18 15 19 16
13 21 12 22 13 23 14 22
14 12 15 12 15 11 14 11
18 25 17 26 16 25 17 24
19 18 18 19 17 18 18 17
15 13 14 12 15 11 16 12
26 26 25 27 26 28 27 27
14 21 14 22 13 22 13 21
23 12 24 12 24 13 23 13
22 20 22 21 21 21 21 20
20 18 20 19 19 19 19 18
32 29 31 30 30 29 31 28
28 22 29 22 29 21 28 21
25 12 24 13 23 12 24 11
21 27 22 27 22 28 21 28
30 20 30 21 29 21 29 20
21 16 22 17 23 16 22 15
29 30 30 30 30 29 29 29
25 11 25 12 24 12 24 11
22 26 21 27 22 28 23 27
11 21 10 22 11 23 12 22
22 29 21 28 22 27 23 28
29 19 28 20 29 21 30 20
23 26 23 27 22 27 22 26
31 21 32 21 32 20 31 20
30 19 31 19 31 20 30 20
32 12 31 12 31 11 32 11
23 19 23 20 22 20 22 19
12 21 12 22 11 22 11 21
28 19 29 19 29 20 28 20
29 18 28 19 29 20 30 19
30 18 30 19 29 19 29 18
21 15 22 15 22 16 21 16
15 14 16 14 16 13 15 13
29 28 28 29 29 30 30 29
28 28 29 28 29 29 28 29
14 13 15 14 16 13 15 12
28 26 27 27 28 28 29 27
30 22 31 22 31 21 30 21
13 20 12 21 13 22 14 21
23 29 22 29 22 28 23 28
27 29 28 30 29 29 28 28
30 27 30 28 29 28 29 27
13 12 14 12 14 13 13 13
15 16 14 15 15 14 16 15
29 23 28 22 29 21 30 22
14 16 15 16 15 17 14 17
13 14 12 13 13 12 14 13
12 20 13 20 13 21 12 21
27 28 27 29 26 29 26 28
12 14 13 14 13 13 12 13
31 26 30 27 31 28 32 27
22 30 21 29 22 28 23 29
15 15 14 16 15 17 16 16
14 20 13 21 12 20 13 19
30 23 29 23 29 22 30 22
25 29 26 30 27 29 26 28
14 14 15 15 16 14 15 13
29 24 28 23 29 22 30 23
25 30 26 30 26 29 25 29
21 30 22 30 22 29 21 29
27 30 28 30 28 29 27 29
28 27 28 28 27 28 27 27
15 21 14 21 14 20 15 20
14 19 14 20 13 20 13 19
13 15 12 14 13 13 14 14
28 24 29 24 29 23 28 23
24 29 23 30 24 31 25 30
27 31 26 31 26 30 27 30
22 31 21 30 22 29 23 30
16 20 15 21 14 20 15 19
16 19 16 20 15 20 15 19
23 31 22 31 22 30 23 30
29 25 28 24 29 23 30 24
24 30 23 30 23 29 24 29
30 25 29 25 29 24 30 24
29 26 29 27 28 27 28 26
13 16 14 16 14 15 13 15
15 18 14 19 15 20 16 19
24 28 23 29 24 30 25 29
24 27 24 28 23 28 23 27
14 18 15 18 15 19 14 19
28 25 29 26 30 25 29 24
24 26 23 27 24 28 25 27
25 31 24 31 24 30 25 30
12 15 13 16 14 15 13 14
16 17 15 18 14 17 15 16
24 32 23 31 24 30 25 31
23 32 24 32 24 31 23 31
16 18 15 19 14 18 15 17
25 28 24 29 23 28 24 27
25 26 25 27 24 27 24 26
24 25 23 26 24 27 25 26
17 17 17 18 16 18 16 17
26 27 26 28 25 28 25 27
26 32 25 32 25 31 26 31
27 26 27 27 26 27 26 26
23 25 24 25 24 26 23 26
18 16 18 17 17 17 17 16
26 25 26 26 25 26 25 25
27 33 26 33 26 32 27 32
24 33 23 32 24 31 25 32
25 33 24 33 24 32 25 32
26 34 25 33 26 32 27 33
25 34 26 34 26 33 25 33
19 15 19 16 18 16 18 15
27 24 26 25 27 26 28 25
24 24 23 25 24 26 25 25
27 25 28 25 28 26 27 26
21 25 22 26 23 25 22 24
22 25 23 25 23 24 22 24
25 24 25 25 24 25 24 24
26 24 25 25 26 26 27 25
21 26 22 26 22 25 21 25
24 23 23 24 24 25 25 24
23 23 24 23 24 24 23 24
21 33 20 32 22 30 23 31
19 17 20 18 22 16 21 15
24 22 23 23 21 21 22 20
15 24 14 25 12 23 13 22
14 32 16 32 16 30 14 30
20 20 18 22 19 23 21 21
19 22 18 21 20 19 21 20
28 18 28 19 26 19 26 18
21 22 20 23 22 25 23 24
12 26 14 26 14 25 12 25
18 18 16 20 17 21 19 19
20 12 18 14 19 15 21 13
15 26 17 26 17 24 15 24
26 21 25 22 27 24 28 23
32 25 32 27 30 27 30 25
18 23 19 23 19 22 18 22
26 20 28 20 28 21 26 21
25 23 24 23 24 22 25 22
26 23 26 24 25 24 25 23
16 27 18 27 18 25 16 25
21 19 20 20 19 19 20 18
16 23 17 24 18 23 17 22
19 13 21 13 21 15 19 15
26 22 28 22 28 23 26 23
19 21 21 21 21 22 19 22
19 24 18 23 19 22 20 23
21 17 19 17 19 16 21 16
29 14 31 14 31 12 29 12
18 10 16 12 17 13 19 11
33 24 32 25 30 23 31 22
15 33 14 32 15 31 16 32
13 33 15 33 15 31 13 31
20 27 18 25 19 24 21 26
18 29 19 30 21 28 20 27
14 23 16 23 16 25 14 25
17 19 18 19 18 18 17 18
22 18 21 19 22 20 23 19
29 17 28 18 29 19 30 18
13 25 12 26 10 24 11 23
18 11 19 11 19 13 18 13
12 32 13 33 14 32 13 31
24 20 26 22 28 20 26 18
23 22 24 22 24 20 23 20
20 24 19 24 19 23 20 23
20 28 18 28 18 27 20 27
29 13 27 15 29 17 31 15
27 23 26 24 25 23 26 22
20 26 21 26 21 27 20 27
19 27 20 28 21 27 20 26
17 28 16 27 17 26 18 27
21 18 22 18 22 17 21 17
25 21 26 21 26 22 25 22
27 16 29 18 31 16 29 14
23 18 22 19 21 18 22 17
28 12 29 13 31 11 30 10
28 17 29 17 29 18 28 18
21 23 23 23 23 22 21 22
24 21 23 22 24 23 25 22
20 29 21 29 21 28 20 28
17 29 18 29 18 28 17 28
24 19 26 19 26 20 24 20
20 17 19 18 20 19 21 18
17 31 15 31 15 29 17 29
25 20 24 21 23 20 24 19
25 15 27 15 27 16 25 16
26 14 25 15 23 13 24 12
19 25 20 26 21 25 20 24
26 17 24 19 23 18 25 16
20 15 19 16 20 17 21 16
27 20 26 21 25 20 26 19
24 18 24 19 23 19 23 18
26 16 24 18 26 20 28 18
18 30 17 31 16 30 17 29
24 14 26 14 26 13 24 13
18 24 19 24 19 25 18 25
17 23 18 23 18 24 17 24
19 29 19 30 18 30 18 29
24 17 26 17 26 18 24 18
16 22 17 23 18 22 17 21
15 23 14 22 15 21 16 22
16 24 14 26 13 25 15 23
17 25 16 24 17 23 18 24
20 30 19 29 20 28 21 29
21 32 20 32 20 30 21 30
16 26 18 28 19 27 17 25
23 33 21 33 21 32 23 32
22 33 21 32 22 31 23 32
24 34 23 33 24 32 25 33
23 34 24 34 24 33 23 33
24 35 23 34 24 33 25 34
25 35 24 35 24 34 25 34
33 23 33 24 30 24 30 23
34 22 33 23 31 21 32 20
33 16 33 19 31 19 31 16
34 24 30 28 29 27 33 23
34 17 31 20 30 19 33 16
14 29 15 29 15 26 14 26
11 30 12 30 12 26 11 26
13 30 14 30 14 29 13 29
22 10 22 11 19 11 19 10
19 14 20 15 23 12 22 11
23 14 22 15 18 11 19 10
15 10 18 10 18 11 15 11
12 31 13 31 13 30 12 30
13 28 14 29 16 27 15 26
10 26 13 29 16 26 13 23
21 9 19 11 20 12 22 10
16 9 15 10 17 12 18 11
23 9 22 10 24 12 25 11
21 12 23 12 23 9 21 9
12 29 11 30 12 31 13 30
24 16 23 16 23 14 24 14
26 15 25 16 23 14 24 13
11 25 11 26 10 26 10 25
12 24 12 25 11 25 11 24
23 15 22 16 23 17 24 16
32 13 32 18 30 18 30 13
34 15 33 16 31 14 32 13
33 12 32 13 31 12 32 11
33 13 32 13 32 12 33 12
34 14 34 15 31 15 31 14
32 16 31 15 33 13 34 14
