best-score: 714147
count: 9
elapsed-time: 4.502
103
31 22 30 23 29 22 30 21
30 22 31 22 31 23 30 23
17 23 18 23 18 24 17 24
26 31 25 32 24 31 25 30
16 23 15 24 16 25 17 24
33 22 32 23 31 22 32 21
29 21 30 21 30 22 29 22
8 16 10 18 12 16 10 14
33 20 33 22 31 22 31 20
32 19 31 20 32 21 33 20
23 30 25 30 25 29 23 29
19 21 17 23 18 24 20 22
20 19 20 21 19 21 19 19
30 19 32 19 32 21 30 21
24 26 22 28 21 27 23 25
31 29 29 31 27 29 29 27
25 27 27 27 27 29 25 29
20 24 22 24 22 22 20 22
22 11 24 11 24 12 22 12
29 20 30 21 31 20 30 19
26 19 28 21 29 20 27 18
25 25 24 26 25 27 26 26
16 12 17 13 19 11 18 10
23 27 25 27 25 25 23 25
28 20 29 20 29 21 28 21
25 31 23 29 25 27 27 29
21 29 23 29 23 27 21 27
26 30 26 31 25 31 25 30
24 32 25 32 25 31 24 31
22 30 21 29 22 28 23 29
22 34 20 32 22 30 24 32
8 20 11 20 11 16 8 16
33 17 29 21 28 20 32 16
23 34 22 34 22 30 23 30
23 19 20 22 22 24 25 21
28 25 25 25 25 21 28 21
17 21 20 24 22 22 19 19
29 16 31 16 31 20 29 20
13 23 16 23 16 25 13 25
12 24 13 25 14 24 13 23
15 27 14 27 14 24 15 24
19 22 22 25 23 24 20 21
17 22 19 22 19 21 17 21
16 31 20 31 20 32 16 32
19 12 19 14 16 14 16 12
20 26 17 29 15 27 18 24
26 32 29 32 29 31 26 31
16 22 17 22 17 23 16 23
15 25 14 24 16 22 17 23
32 13 32 16 31 16 31 13
25 33 24 32 25 31 26 32
35 16 32 19 29 16 32 13
26 33 25 33 25 32 26 32
35 19 32 19 32 16 35 16
24 35 23 34 25 32 26 33
34 18 30 22 31 23 35 19
20 35 24 35 24 32 20 32
19 34 20 35 24 31 23 30
18 26 20 26 20 24 18 24
18 21 17 22 18 23 19 22
18 17 16 19 18 21 20 19
17 15 18 15 18 17 17 17
18 14 17 15 16 14 17 13
15 17 19 21 21 19 17 15
15 21 17 21 17 17 15 17
16 20 15 21 16 22 17 21
14 9 13 10 18 15 19 14
34 10 34 18 27 18 27 10
15 35 12 32 18 26 21 29
24 29 23 30 17 24 18 23
27 22 29 22 29 27 27 27
21 12 27 18 28 17 22 11
21 11 21 12 19 12 19 11
10 17 16 23 17 22 11 16
28 23 27 22 28 21 29 22
29 26 25 30 24 29 28 25
19 15 18 14 21 11 22 12
16 28 22 28 22 25 16 25
26 24 23 24 23 19 26 19
14 16 14 24 12 24 12 16
11 22 16 22 16 20 11 20
21 17 19 19 17 17 19 15
23 17 23 19 21 19 21 17
26 16 23 19 21 17 24 14
22 18 27 18 27 22 22 22
23 21 22 22 25 25 26 24
32 29 31 29 31 23 32 23
35 26 32 29 29 26 32 23
23 13 28 13 28 17 23 17
23 11 22 12 23 13 24 12
24 15 19 15 19 14 24 14
15 14 15 17 10 17 10 14
27 25 26 24 29 21 30 22
28 26 27 27 26 26 27 25
21 8 15 14 18 17 24 11
22 8 22 11 21 11 21 8
32 24 29 27 28 26 31 23
28 30 26 30 26 26 28 26
26 9 26 16 14 16 14 9
25 12 24 11 26 9 27 10
25 14 24 14 24 12 25 12
27 24 20 31 11 22 18 15
29 24 28 25 27 24 28 23
