best-score: 507099
count: 5
elapsed-time: 4.542
63
32 31 32 32 31 32 31 31
39 38 38 38 38 37 39 37
30 37 30 39 28 39 28 37
24 18 26 18 26 17 24 17
26 28 27 28 27 30 26 30
32 35 30 33 31 32 33 34
21 29 19 27 20 26 22 28
40 35 38 37 39 38 41 36
33 32 33 34 32 34 32 32
23 27 22 28 25 31 26 30
20 38 17 41 15 39 18 36
29 28 32 31 36 27 33 24
23 28 22 28 22 27 23 27
31 19 29 21 33 25 35 23
30 24 33 24 33 25 30 25
36 30 32 34 35 37 39 33
19 36 18 36 18 32 19 32
18 31 19 32 23 28 22 27
23 23 22 22 26 18 27 19
23 26 20 26 20 23 23 23
29 25 29 28 27 28 27 25
37 30 36 30 36 27 37 27
35 35 38 35 38 37 35 37
36 34 35 35 38 38 39 37
25 24 23 26 27 30 29 28
19 24 22 27 23 26 20 23
22 24 22 27 19 27 19 24
27 27 26 28 22 24 23 23
25 22 25 24 22 24 22 22
33 29 31 31 27 27 29 25
33 10 26 17 33 24 40 17
21 12 15 18 20 23 26 17
44 37 40 41 33 34 37 30
44 33 44 37 39 37 39 33
31 33 23 41 24 42 32 34
35 34 30 39 28 37 33 32
15 42 14 41 19 36 20 37
24 35 32 35 32 42 24 42
42 35 42 41 40 41 40 35
31 37 30 37 30 33 31 33
33 35 35 35 35 34 33 34
35 30 36 30 36 34 35 34
21 39 21 42 15 42 15 39
21 16 21 18 15 18 15 16
23 40 20 37 27 30 30 33
23 19 29 25 30 24 24 18
30 32 31 33 32 32 31 31
26 33 24 35 28 39 30 37
27 23 23 23 23 19 27 19
26 32 30 32 30 33 26 33
27 33 21 39 20 38 26 32
17 40 23 40 23 41 17 41
19 30 26 30 26 32 19 32
45 25 36 34 27 25 36 16
31 6 21 16 30 25 40 15
27 6 31 6 31 19 27 19
7 24 19 36 27 28 15 16
36 12 36 16 21 16 21 12
45 29 33 29 33 25 45 25
26 15 40 15 40 17 26 17
40 22 40 35 38 35 38 22
24 29 21 29 21 18 24 18
39 28 37 30 24 17 26 15
