best-score: 719268
count: 5
elapsed-time: 4.518
374
29 13 28 14 29 15 30 14
13 25 14 26 15 25 14 24
34 31 33 32 32 31 33 30
34 39 35 39 35 38 34 38
22 25 21 25 21 24 22 24
37 37 38 37 38 36 37 36
35 21 34 21 34 20 35 20
30 19 29 19 29 18 30 18
40 15 41 16 42 15 41 14
28 34 27 35 28 36 29 35
34 42 33 41 34 40 35 41
19 19 20 19 20 20 19 20
29 20 28 19 29 18 30 19
34 41 33 41 33 40 34 40
27 36 28 36 28 35 27 35
35 40 34 39 35 38 36 39
18 29 17 30 18 31 19 30
39 30 38 30 38 29 39 29
21 23 20 24 21 25 22 24
18 19 17 19 17 18 18 18
29 34 28 35 29 36 30 35
27 33 28 33 28 34 27 34
37 39 36 39 36 38 37 38
42 14 42 15 41 15 41 14
33 21 34 22 35 21 34 20
25 35 26 36 27 35 26 34
30 34 30 35 29 35 29 34
33 39 34 40 35 39 34 38
31 35 30 36 29 35 30 34
29 14 29 15 28 15 28 14
39 21 38 21 38 20 39 20
29 32 28 33 29 34 30 33
34 27 35 27 35 28 34 28
23 26 22 25 23 24 24 25
31 26 30 27 31 28 32 27
34 35 35 36 36 35 35 34
36 40 35 39 36 38 37 39
20 21 19 20 20 19 21 20
31 41 32 42 33 41 32 40
40 29 39 30 38 29 39 28
28 20 29 20 29 19 28 19
18 20 17 19 18 18 19 19
40 16 41 16 41 15 40 15
28 25 27 26 26 25 27 24
29 39 28 39 28 38 29 38
31 36 30 36 30 35 31 35
33 37 32 37 32 36 33 36
36 37 37 38 38 37 37 36
30 20 29 19 30 18 31 19
33 22 34 22 34 21 33 21
21 28 22 29 23 28 22 27
38 39 37 40 36 39 37 38
35 37 36 37 36 38 35 38
38 40 37 40 37 39 38 39
33 33 33 34 32 34 32 33
26 35 25 35 25 34 26 34
19 28 18 29 17 28 18 27
19 40 20 40 20 41 19 41
21 21 20 21 20 20 21 20
27 29 26 29 26 28 27 28
31 20 30 20 30 19 31 19
33 35 32 36 31 35 32 34
32 39 33 39 33 40 32 40
20 23 21 23 21 24 20 24
35 22 34 23 33 22 34 21
35 42 34 42 34 41 35 41
42 16 41 17 40 16 41 15
35 30 36 30 36 31 35 31
36 36 35 37 36 38 37 37
30 13 30 14 29 14 29 13
36 41 35 42 34 41 35 40
35 23 34 23 34 22 35 22
34 36 33 36 33 35 34 35
33 38 32 39 33 40 34 39
32 35 33 36 34 35 33 34
29 21 28 22 27 21 28 20
34 32 34 33 33 33 33 32
40 28 40 29 39 29 39 28
26 33 25 34 26 35 27 34
32 19 31 20 30 19 31 18
34 37 35 38 36 37 35 36
35 32 34 31 35 30 36 31
42 17 41 17 41 16 42 16
36 42 35 41 36 40 37 41
40 30 39 29 40 28 41 29
32 41 32 42 31 42 31 41
30 21 29 21 29 20 30 20
41 30 40 30 40 29 41 29
37 35 37 36 36 36 36 35
33 42 32 41 33 40 34 41
42 29 41 30 40 29 41 28
37 42 36 42 36 41 37 41
31 22 30 23 29 22 30 21
31 34 32 34 32 35 31 35
32 18 32 19 31 19 31 18
28 21 29 21 29 22 28 22
30 41 31 42 32 41 31 40
38 41 37 42 36 41 37 40
41 18 40 17 41 16 42 17
30 40 31 40 31 41 30 41
36 33 35 34 34 33 35 32
32 23 31 22 32 21 33 22
31 32 30 33 31 34 32 33
40 18 41 18 41 17 40 17
30 42 29 41 30 40 31 41
32 20 31 19 32 18 33 19
31 21 32 21 32 20 31 20
42 28 42 29 41 29 41 28
31 33 31 34 30 34 30 33
27 20 28 20 28 21 27 21
41 19 40 18 41 17 42 18
42 19 41 19 41 18 42 18
33 20 32 20 32 19 33 19
30 22 29 21 30 20 31 21
34 19 33 20 34 21 35 20
32 22 31 21 32 20 33 21
26 19 27 20 28 19 27 18
32 32 32 33 31 33 31 32
29 23 30 23 30 22 29 22
31 23 32 23 32 22 31 22
33 31 32 32 33 33 34 32
30 24 29 23 30 22 31 23
34 30 34 31 33 31 33 30
30 25 31 25 31 24 30 24
32 25 31 26 30 25 31 24
35 29 34 30 35 31 36 30
36 28 35 29 34 28 35 27
34 29 35 29 35 30 34 30
36 29 35 29 35 28 36 28
33 28 34 29 35 28 34 27
37 30 36 29 37 28 38 29
37 29 37 30 36 30 36 29
32 26 31 26 31 25 32 25
33 29 34 29 34 28 33 28
36 27 37 27 37 28 36 28
38 28 37 29 36 28 37 27
37 31 36 30 37 29 38 30
32 30 33 31 34 30 33 29
38 31 37 31 37 30 38 30
32 29 33 29 33 30 32 30
40 31 39 32 38 31 39 30
39 31 39 32 38 32 38 31
40 32 39 31 40 30 41 31
37 32 36 31 37 30 38 31
31 30 30 29 31 28 32 29
41 32 40 32 40 31 41 31
36 32 37 32 37 31 36 31
35 33 34 32 35 31 36 32
37 33 36 32 37 31 38 32
36 34 35 34 35 33 36 33
38 33 37 33 37 32 38 32
30 31 31 32 32 31 31 30
31 31 32 31 32 30 31 30
35 35 36 36 37 35 36 34
42 31 41 32 40 31 41 30
34 34 35 34 35 35 34 35
37 34 36 33 37 32 38 33
40 33 39 34 38 33 39 32
39 33 40 33 40 32 39 32
30 32 31 33 32 32 31 31
38 35 37 36 36 35 37 34
42 30 42 31 41 31 41 30
43 29 42 30 41 29 42 28
43 30 42 30 42 29 43 29
38 34 38 35 37 35 37 34
40 35 39 36 38 35 39 34
29 31 30 31 30 32 29 32
39 35 39 36 38 36 38 35
40 34 40 35 39 35 39 34
41 33 40 34 39 33 40 32
41 34 40 34 40 33 41 33
42 35 41 36 40 35 41 34
42 33 41 34 40 33 41 32
42 32 42 33 41 33 41 32
43 31 42 32 41 31 42 30
43 32 42 32 42 31 43 31
44 31 43 32 42 31 43 30
43 33 42 34 41 33 42 32
44 30 44 31 43 31 43 30
43 34 42 34 42 33 43 33
44 33 43 34 42 33 43 32
44 32 44 33 43 33 43 32
45 31 44 32 43 31 44 30
45 32 44 32 44 31 45 31
41 35 42 35 42 34 41 34
40 36 41 36 41 35 40 35
42 36 41 37 40 36 41 35
39 37 38 36 39 35 40 36
42 37 41 37 41 36 42 36
40 37 39 37 39 36 40 36
41 38 40 37 41 36 42 37
40 38 41 38 41 37 40 37
39 38 38 37 39 36 40 37
41 39 40 38 41 37 42 38
38 38 39 38 39 37 38 37
42 39 41 39 41 38 42 38
39 39 38 40 37 39 38 38
40 39 39 39 39 38 40 38
41 40 40 39 41 38 42 39
39 40 38 39 39 38 40 39
40 41 39 42 38 41 39 40
39 41 38 41 38 40 39 40
40 40 41 40 41 41 40 41
38 42 37 41 38 40 39 41
40 42 39 41 40 40 41 41
12 38 14 40 16 38 14 36
27 44 25 42 27 40 29 42
31 17 30 18 28 16 29 15
35 25 37 27 39 25 37 23
21 37 22 37 22 39 21 39
22 33 24 35 25 34 23 32
25 31 27 33 29 31 27 29
18 22 16 22 16 20 18 20
36 18 34 20 33 19 35 17
36 15 36 17 35 17 35 15
34 18 36 18 36 19 34 19
15 40 16 40 16 42 15 42
34 25 32 25 32 23 34 23
33 15 33 16 31 16 31 15
19 16 17 18 18 19 20 17
31 27 33 29 34 28 32 26
26 23 27 24 29 22 28 21
17 23 19 25 20 24 18 22
26 42 25 42 25 40 26 40
37 25 35 25 35 23 37 23
32 28 31 28 31 27 32 27
24 27 22 27 22 25 24 25
17 42 15 40 17 38 19 40
24 30 24 32 23 32 23 30
38 16 36 18 38 20 40 18
25 38 24 39 22 37 23 36
16 24 14 24 14 22 16 22
19 26 19 28 17 28 17 26
38 17 40 17 40 16 38 16
34 16 32 18 31 17 33 15
28 23 28 25 26 25 26 23
27 38 27 40 26 40 26 38
25 32 25 34 24 34 24 32
20 27 19 26 21 24 22 25
23 23 21 23 21 21 23 21
27 41 26 40 28 38 29 39
30 37 29 38 31 40 32 39
32 15 31 16 29 14 30 13
28 27 30 27 30 25 28 25
23 40 21 42 20 41 22 39
34 26 34 27 32 27 32 26
22 22 23 23 24 22 23 21
30 17 31 17 31 18 30 18
37 22 35 20 36 19 38 21
25 29 26 29 26 31 25 31
21 26 19 26 19 25 21 25
39 27 37 27 37 25 39 25
36 25 34 27 32 25 34 23
29 40 29 41 27 41 27 40
17 40 16 40 16 38 17 38
37 21 37 22 35 22 35 21
19 17 18 18 16 16 17 15
18 25 17 26 18 27 19 26
26 39 27 40 28 39 27 38
20 29 18 29 18 27 20 27
25 30 23 28 24 27 26 29
30 39 30 40 29 40 29 39
21 30 19 30 19 28 21 28
27 31 27 33 26 33 26 31
40 21 39 20 41 18 42 19
38 22 37 21 38 20 39 21
38 13 36 15 38 17 40 15
41 25 39 27 37 25 39 23
27 32 26 33 25 32 26 31
36 16 35 17 34 16 35 15
15 23 16 24 17 23 16 22
20 31 19 30 20 29 21 30
16 25 18 25 18 27 16 27
26 27 27 28 28 27 27 26
32 17 31 18 30 17 31 16
29 29 29 31 27 31 27 29
24 40 23 40 23 39 24 39
27 16 29 18 30 17 28 15
23 31 24 32 25 31 24 30
25 36 26 36 26 38 25 38
38 18 36 18 36 17 38 17
29 37 30 37 30 36 29 36
38 23 37 23 37 22 38 22
35 26 34 26 34 25 35 25
35 18 34 19 32 17 33 16
24 41 23 40 24 39 25 40
27 15 28 15 28 16 27 16
38 14 36 16 38 18 40 16
33 18 34 18 34 16 33 16
22 31 20 31 20 29 22 29
36 26 36 27 35 27 35 26
20 22 21 23 22 22 21 21
24 28 26 28 26 27 24 27
24 36 25 36 25 35 24 35
41 24 41 25 39 25 39 24
26 37 25 36 26 35 27 36
41 22 39 24 38 23 40 21
20 16 20 17 19 17 19 16
23 35 24 36 25 35 24 34
37 18 36 19 35 18 36 17
40 23 39 23 39 21 40 21
25 18 27 18 27 16 25 16
13 23 14 24 15 23 14 22
43 25 42 26 41 25 42 24
15 26 16 27 17 26 16 25
30 28 29 29 31 31 32 30
18 23 20 23 20 22 18 22
25 27 24 28 25 29 26 28
42 22 42 24 41 24 41 22
25 37 23 39 24 40 26 38
27 37 28 38 29 37 28 36
38 24 39 24 39 23 38 23
24 31 23 32 22 31 23 30
29 28 30 28 30 29 29 29
23 34 24 34 24 35 23 35
29 26 28 27 29 28 30 27
14 25 15 25 15 26 14 26
13 24 14 24 14 25 13 25
28 37 28 38 27 38 27 37
29 24 29 26 27 26 27 24
45 25 42 28 39 25 42 22
41 13 41 14 38 14 38 13
44 22 42 24 39 21 41 19
44 19 44 22 42 22 42 19
24 44 27 44 27 41 24 41
45 29 43 29 43 25 45 25
25 43 24 44 20 40 21 39
44 28 43 29 44 30 45 29
21 43 25 43 25 42 21 42
44 26 44 28 42 28 42 26
24 20 23 21 19 17 20 16
15 19 17 19 17 23 15 23
26 26 25 27 22 24 23 23
40 25 37 28 36 27 39 24
20 32 18 34 21 37 23 35
20 34 23 34 23 32 20 32
16 18 15 19 16 20 17 19
22 19 20 17 23 14 25 16
40 14 41 15 42 14 41 13
17 29 20 32 24 28 21 25
27 27 26 27 26 26 27 26
22 20 24 20 24 22 22 22
17 37 16 38 19 41 20 40
15 33 15 36 14 36 14 33
18 32 20 32 20 31 18 31
16 34 18 34 18 32 16 32
18 36 16 34 18 32 20 34
20 35 18 35 18 34 20 34
17 17 17 18 16 18 16 17
18 30 17 30 17 29 18 29
25 24 21 20 22 19 26 23
22 17 22 19 20 19 20 17
20 36 23 36 23 35 20 35
28 28 27 29 26 28 27 27
13 35 14 36 16 34 15 33
12 34 16 34 16 38 12 38
18 17 17 17 17 15 18 15
18 33 15 36 17 38 20 35
25 21 27 21 27 24 25 24
25 26 24 25 25 24 26 25
23 18 25 18 25 21 23 21
19 18 18 18 18 17 19 17
25 25 26 25 26 26 25 26
24 24 25 24 25 25 24 25
24 23 24 24 23 24 23 23
26 22 26 23 24 23 24 22
26 20 25 21 26 22 27 21
27 19 27 20 26 20 26 19
28 18 27 19 28 20 29 19
29 16 29 18 28 18 28 16
9 31 12 34 17 29 14 26
18 44 16 42 21 37 23 39
25 23 30 28 31 27 26 22
22 32 15 25 16 24 23 31
