best-score: 797974
count: 19
elapsed-time: 4.501
95
7 17 8 18 9 17 8 16
21 14 20 15 19 14 20 13
21 10 20 11 19 10 20 9
16 20 15 21 14 20 15 19
18 14 19 14 19 13 18 13
21 11 20 11 20 10 21 10
21 13 21 14 20 14 20 13
20 12 19 13 20 14 21 13
19 15 20 15 20 14 19 14
25 13 24 13 24 12 25 12
19 11 20 12 21 11 20 10
19 9 20 9 20 10 19 10
19 12 20 12 20 11 19 11
19 18 18 19 17 18 18 17
23 13 24 14 25 13 24 12
23 14 24 14 24 13 23 13
21 12 20 13 19 12 20 11
7 15 9 15 9 17 7 17
18 8 16 10 17 11 19 9
16 12 18 14 19 13 17 11
12 11 11 11 11 9 12 9
26 25 24 25 24 24 26 24
23 12 23 13 21 13 21 12
11 10 12 11 13 10 12 9
17 10 19 10 19 11 17 11
8 14 7 15 8 16 9 15
18 9 19 9 19 8 18 8
16 11 18 13 19 12 17 10
22 18 23 19 25 17 24 16
11 17 9 15 10 14 12 16
22 13 23 14 24 13 23 12
10 12 11 12 11 14 10 14
17 8 17 10 16 10 16 8
6 12 8 14 10 12 8 10
18 7 17 8 18 9 19 8
17 7 18 7 18 8 17 8
17 12 16 12 16 11 17 11
23 8 21 10 23 12 25 10
14 10 16 10 16 11 14 11
10 16 8 16 8 14 10 14
16 7 13 10 14 11 17 8
28 12 24 16 21 13 25 9
28 10 28 12 25 12 25 10
15 17 18 17 18 19 15 19
21 21 24 24 26 22 23 19
14 23 11 26 10 25 13 22
17 15 19 15 19 18 17 18
17 14 14 17 11 14 14 11
14 14 14 17 11 17 11 14
24 8 24 12 23 12 23 8
13 15 10 12 11 11 14 14
11 20 9 20 9 17 11 17
21 9 25 9 25 10 21 10
24 19 23 19 23 16 24 16
22 21 19 18 21 16 24 19
10 24 14 24 14 23 10 23
16 23 14 23 14 20 16 20
18 15 17 14 18 13 19 14
22 19 23 19 23 21 22 21
20 8 19 9 20 10 21 9
7 21 10 24 14 20 11 17
25 7 24 8 25 9 26 8
22 29 18 25 22 21 26 25
14 18 12 16 13 15 15 17
18 16 17 15 18 14 19 15
16 19 13 22 11 20 14 17
21 8 21 9 20 9 20 8
21 17 18 17 18 16 21 16
22 16 21 17 19 15 20 14
22 14 22 16 21 16 21 14
19 19 22 19 22 18 19 18
20 20 19 19 21 17 22 18
20 7 19 8 20 9 21 8
19 7 20 7 20 8 19 8
28 18 26 20 22 16 24 14
18 6 17 7 18 8 19 7
19 6 19 7 18 7 18 6
21 29 22 29 22 21 21 21
8 7 16 7 16 8 8 8
14 27 10 23 18 15 22 19
5 10 8 13 11 10 8 7
5 13 8 13 8 10 5 10
14 19 8 19 8 18 14 18
18 20 20 20 20 25 18 25
16 16 15 17 18 20 19 19
26 15 26 20 20 20 20 15
18 26 21 29 26 24 23 21
17 20 23 26 24 25 18 19
27 14 26 15 24 13 25 12
27 16 24 16 24 14 27 14
11 25 18 25 18 26 11 26
12 12 16 12 16 16 12 16
15 13 14 14 16 16 17 15
15 9 18 9 18 13 15 13
13 11 15 13 16 12 14 10
