best-score: 645784
count: 14
elapsed-time: 4.504
47
8 22 9 23 10 22 9 21
19 15 20 15 20 14 19 14
19 22 18 23 17 22 18 21
18 14 19 15 20 14 19 13
9 22 10 22 10 23 9 23
8 21 9 21 9 22 8 22
15 10 17 10 17 11 15 11
28 19 24 23 20 19 24 15
23 15 23 19 20 19 20 15
10 24 14 28 17 25 13 21
19 9 19 13 18 13 18 9
22 26 26 26 26 29 22 29
16 12 12 16 14 18 18 14
17 21 17 22 13 22 13 21
13 17 13 21 9 21 9 17
22 16 20 14 21 13 23 15
14 26 14 28 10 28 10 26
19 26 22 26 22 22 19 22
13 25 10 22 14 18 17 21
20 27 22 29 26 25 24 23
24 20 22 22 26 26 28 24
24 11 24 15 23 15 23 11
16 10 15 11 16 12 17 11
21 11 19 13 17 11 19 9
11 29 10 28 13 25 14 26
23 10 19 14 20 15 24 11
21 10 23 10 23 11 21 11
18 7 15 10 18 13 21 10
22 5 18 9 24 15 28 11
23 24 28 24 28 19 23 19
29 15 29 20 24 20 24 15
28 14 23 19 24 20 29 15
24 21 24 23 18 23 18 21
27 21 22 26 17 21 22 16
18 24 10 24 10 23 18 23
17 14 18 14 18 21 17 21
16 13 8 21 9 22 17 14
14 20 18 24 23 19 19 15
18 15 17 14 18 13 19 14
10 16 9 17 13 21 14 20
10 18 14 18 14 20 10 20
20 28 17 25 18 24 21 27
21 28 20 28 20 27 21 27
13 20 19 26 24 21 18 15
9 7 18 7 18 9 9 9
12 5 22 5 22 16 12 16
13 4 12 5 17 10 18 9
