best-score: 885762
count: 6
elapsed-time: 4.506
364
11 17 12 18 13 17 12 16
11 19 12 20 13 19 12 18
11 18 12 18 12 19 11 19
39 26 38 27 37 26 38 25
36 19 35 20 34 19 35 18
18 26 17 27 16 26 17 25
34 28 33 29 34 30 35 29
20 25 20 26 19 26 19 25
13 13 14 13 14 14 13 14
15 34 16 34 16 33 15 33
33 34 34 34 34 35 33 35
31 20 31 21 30 21 30 20
28 36 29 36 29 35 28 35
33 24 34 25 35 24 34 23
15 35 16 36 17 35 16 34
27 36 28 37 29 36 28 35
22 23 23 23 23 22 22 22
12 14 13 15 14 14 13 13
23 29 23 30 22 30 22 29
21 32 20 33 19 32 20 31
37 22 36 23 35 22 36 21
32 28 33 28 33 29 32 29
21 29 22 30 23 29 22 28
15 32 14 33 15 34 16 33
17 37 16 38 15 37 16 36
29 37 28 38 27 37 28 36
34 21 33 22 34 23 35 22
19 27 18 26 19 25 20 26
35 21 36 21 36 22 35 22
27 38 28 38 28 37 27 37
13 20 12 20 12 19 13 19
14 31 15 32 16 31 15 30
32 31 31 30 32 29 33 30
33 19 34 19 34 18 33 18
32 30 33 30 33 31 32 31
37 15 37 16 36 16 36 15
38 15 37 16 36 15 37 14
27 33 28 34 29 33 28 32
23 31 24 31 24 30 23 30
34 29 34 30 33 30 33 29
20 29 19 30 20 31 21 30
28 25 27 25 27 24 28 24
25 33 26 34 27 33 26 32
27 32 27 33 26 33 26 32
22 31 21 30 22 29 23 30
21 28 22 28 22 29 21 29
38 14 38 15 37 15 37 14
37 23 36 23 36 22 37 22
31 22 30 21 31 20 32 21
38 16 37 17 36 16 37 15
31 29 32 29 32 30 31 30
16 37 17 37 17 36 16 36
18 27 19 27 19 26 18 26
14 32 15 32 15 33 14 33
12 13 13 14 14 13 13 12
16 35 17 35 17 34 16 34
27 35 28 36 29 35 28 34
13 32 14 32 14 31 13 31
12 12 13 12 13 13 12 13
20 30 21 30 21 29 20 29
12 15 13 15 13 14 12 14
16 17 15 18 16 19 17 18
13 11 12 12 13 13 14 12
14 11 14 12 13 12 13 11
13 34 12 33 13 32 14 33
36 20 35 21 36 22 37 21
35 34 34 35 33 34 34 33
19 31 20 31 20 30 19 30
37 20 37 21 36 21 36 20
21 31 22 32 23 31 22 30
33 17 32 18 33 19 34 18
28 33 27 34 26 33 27 32
38 17 37 17 37 16 38 16
31 27 30 28 31 29 32 28
29 32 29 33 28 33 28 32
25 34 26 34 26 33 25 33
23 28 22 29 21 28 22 27
26 35 27 35 27 34 26 34
32 22 31 22 31 21 32 21
30 30 31 31 32 30 31 29
19 29 18 30 19 31 20 30
26 36 25 35 26 34 27 35
34 20 35 20 35 21 34 21
35 30 34 31 33 30 34 29
35 28 35 29 34 29 34 28
15 38 16 38 16 37 15 37
32 27 31 27 31 26 32 26
30 31 31 31 31 30 30 30
18 35 17 36 16 35 17 34
35 33 35 34 34 34 34 33
31 28 31 29 30 29 30 28
23 32 22 32 22 31 23 31
18 36 17 36 17 35 18 35
35 19 36 19 36 20 35 20
26 37 27 37 27 36 26 36
15 36 16 36 16 35 15 35
13 33 12 33 12 32 13 32
34 27 33 28 34 29 35 28
18 29 19 29 19 30 18 30
32 17 33 17 33 18 32 18
22 33 21 32 22 31 23 32
14 37 15 38 16 37 15 36
23 27 23 28 22 28 22 27
33 27 34 27 34 28 33 28
37 18 36 17 37 16 38 17
20 32 21 32 21 31 20 31
21 33 22 33 22 32 21 32
30 27 31 28 32 27 31 26
35 31 34 31 34 30 35 30
25 32 24 33 25 34 26 33
25 36 26 36 26 35 25 35
38 19 37 20 36 19 37 18
35 35 34 34 35 33 36 34
29 30 30 31 31 30 30 29
14 34 13 34 13 33 14 33
14 36 15 36 15 37 14 37
36 18 37 18 37 17 36 17
29 29 30 29 30 30 29 30
24 32 25 32 25 33 24 33
35 27 34 28 33 27 34 26
14 35 15 35 15 34 14 34
25 31 24 32 23 31 24 30
31 17 32 17 32 16 31 16
35 32 36 32 36 31 35 31
34 32 35 33 36 32 35 31
13 35 14 36 15 35 14 34
19 33 20 33 20 32 19 32
36 35 35 35 35 34 36 34
24 35 25 36 26 35 25 34
18 32 19 33 20 32 19 31
25 30 24 31 25 32 26 31
24 34 25 34 25 35 24 35
18 31 19 31 19 32 18 32
23 33 24 34 25 33 24 32
35 26 35 27 34 27 34 26
37 19 36 20 35 19 36 18
33 32 34 33 35 32 34 31
13 36 14 36 14 35 13 35
17 30 18 31 19 30 18 29
33 26 34 27 35 26 34 25
23 35 24 36 25 35 24 34
12 35 13 36 14 35 13 34
33 25 34 25 34 26 33 26
38 18 38 19 37 19 37 18
26 30 26 31 25 31 25 30
33 33 34 33 34 32 33 32
23 36 24 36 24 35 23 35
32 34 33 35 34 34 33 33
13 38 12 37 13 36 14 37
23 34 24 34 24 33 23 33
22 34 21 33 22 32 23 33
12 34 13 34 13 35 12 35
27 31 26 32 25 31 26 30
32 33 33 33 33 34 32 34
32 32 33 33 34 32 33 31
17 31 18 31 18 30 17 30
31 32 32 33 33 32 32 31
31 33 32 33 32 32 31 32
11 33 12 34 13 33 12 32
11 34 12 34 12 33 11 33
30 33 29 32 30 31 31 32
22 35 23 36 24 35 23 34
28 31 28 32 27 32 27 31
30 32 31 33 32 32 31 31
29 31 30 31 30 32 29 32
27 30 26 31 27 32 28 31
28 30 29 31 30 30 29 29
27 10 25 12 27 14 29 12
25 39 24 38 26 36 27 37
11 22 12 23 14 21 13 20
36 25 34 25 34 23 36 23
36 27 38 27 38 25 36 25
29 24 31 26 33 24 31 22
16 13 14 13 14 12 16 12
21 34 19 36 18 35 20 33
19 17 21 19 23 17 21 15
15 25 13 27 14 28 16 26
21 17 19 17 19 15 21 15
20 21 18 23 20 25 22 23
17 21 18 21 18 23 17 23
35 38 33 38 33 37 35 37
16 23 14 21 16 19 18 21
27 28 27 30 26 30 26 28
30 19 31 20 33 18 32 17
29 22 29 24 28 24 28 22
20 27 20 29 19 29 19 27
15 17 13 17 13 15 15 15
19 12 21 12 21 13 19 13
28 26 27 27 29 29 30 28
29 25 28 26 27 25 28 24
15 26 13 26 13 25 15 25
28 23 27 24 28 25 29 24
23 15 21 17 19 15 21 13
17 13 15 15 14 14 16 12
14 17 12 19 13 20 15 18
15 16 14 17 12 15 13 14
25 29 23 29 23 28 25 28
33 16 35 18 36 17 34 15
22 26 22 27 20 27 20 26
24 28 23 29 24 30 25 29
15 29 17 31 18 30 16 28
28 29 27 28 29 26 30 27
30 35 29 35 29 33 30 33
21 26 20 27 19 26 20 25
17 15 19 15 19 13 17 13
14 30 13 29 14 28 15 29
23 13 23 15 21 15 21 13
12 30 14 30 14 28 12 28
31 25 31 26 29 26 29 25
32 24 31 25 32 26 33 25
25 26 23 28 25 30 27 28
25 38 24 38 24 36 25 36
19 18 21 18 21 19 19 19
32 37 31 38 29 36 30 35
24 20 22 22 23 23 25 21
29 19 30 20 32 18 31 17
20 34 21 34 21 33 20 33
16 18 15 18 15 17 16 17
33 23 32 22 34 20 35 21
36 28 35 28 35 27 36 27
35 13 37 15 38 14 36 12
16 25 17 25 17 23 16 23
17 24 16 25 18 27 19 26
17 17 19 17 19 18 17 18
23 24 21 26 22 27 24 25
37 24 36 25 35 24 36 23
14 25 15 26 16 25 15 24
29 20 30 20 30 19 29 19
23 18 21 18 21 17 23 17
15 28 16 28 16 26 15 26
17 19 16 19 16 18 17 18
26 26 26 28 25 28 25 26
17 29 18 29 18 27 17 27
27 20 26 21 28 23 29 22
29 23 28 22 30 20 31 21
16 22 14 24 15 25 17 23
26 23 24 25 25 26 27 24
21 35 22 35 22 34 21 34
35 36 33 38 32 37 34 35
30 36 29 35 31 33 32 34
19 28 20 29 21 28 20 27
17 33 16 33 16 31 17 31
11 31 12 32 13 31 12 30
24 39 22 37 23 36 25 38
21 11 19 13 21 15 23 13
27 39 25 39 25 38 27 38
26 39 25 38 26 37 27 38
25 11 23 13 24 14 26 12
11 24 13 26 14 25 12 23
39 24 39 26 37 26 37 24
11 29 13 29 13 31 11 31
26 11 26 12 25 12 25 11
16 20 15 21 16 22 17 21
16 32 15 33 16 34 17 33
32 15 31 16 32 17 33 16
14 20 13 19 15 17 16 18
24 23 23 24 22 23 23 22
33 15 33 16 32 16 32 15
16 15 17 15 17 17 16 17
34 22 34 23 33 23 33 22
15 31 14 31 14 30 15 30
32 23 33 23 33 24 32 24
36 30 38 30 38 28 36 28
27 29 26 30 25 29 26 28
34 36 35 36 35 35 34 35
36 36 35 37 34 36 35 35
36 37 35 37 35 36 36 36
17 28 18 29 19 28 18 27
21 27 22 28 23 27 22 26
26 25 24 25 24 23 26 23
37 29 36 30 35 29 36 28
38 23 37 24 38 25 39 24
25 25 23 27 24 28 26 26
32 35 33 35 33 37 32 37
15 20 15 21 14 21 14 20
31 34 32 35 33 34 32 33
34 16 33 17 32 16 33 15
27 18 29 20 30 19 28 17
19 37 18 36 20 34 21 35
27 26 26 26 26 25 27 25
19 34 17 34 17 33 19 33
18 18 17 19 16 18 17 17
29 34 30 35 31 34 30 33
22 36 21 35 22 34 23 35
35 16 35 18 34 18 34 16
17 16 16 17 15 16 16 15
31 35 32 35 32 34 31 34
30 37 29 37 29 36 30 36
32 36 33 37 34 36 33 35
39 29 38 30 37 29 38 28
36 39 35 38 36 37 37 38
37 36 36 37 35 36 36 35
31 36 30 36 30 35 31 35
20 36 19 36 19 34 20 34
13 28 15 30 17 28 15 26
29 18 29 19 27 19 27 18
37 35 37 36 36 36 36 35
28 27 27 27 27 26 28 26
23 37 22 37 22 36 23 36
15 19 16 19 16 20 15 20
18 37 19 37 19 36 18 36
28 28 30 28 30 27 28 27
13 18 15 18 15 19 13 19
17 38 16 37 17 36 18 37
18 38 17 38 17 37 18 37
12 17 13 17 13 18 12 18
11 16 12 16 12 17 11 17
10 17 11 18 12 17 11 16
10 18 11 18 11 17 10 17
39 28 36 31 35 30 38 27
16 10 14 12 17 15 19 13
39 27 39 28 38 28 38 27
19 10 19 12 16 12 16 10
17 10 14 13 16 15 19 12
17 8 14 11 16 13 19 10
12 22 16 22 16 23 12 23
26 13 29 13 29 12 26 12
13 23 12 22 14 20 15 21
24 18 27 18 27 14 24 14
34 12 36 12 36 15 34 15
20 24 17 21 19 19 22 22
28 18 27 19 23 15 24 14
32 14 33 15 35 13 34 12
23 14 19 18 17 16 21 12
28 14 31 17 32 16 29 13
24 19 27 19 27 20 24 20
20 15 17 18 20 21 23 18
11 20 12 20 12 22 11 22
28 10 28 14 27 14 27 10
10 19 11 20 12 19 11 18
10 20 11 20 11 19 10 19
9 19 10 20 11 19 10 18
9 18 10 18 10 19 9 19
12 24 13 25 14 24 13 23
23 25 20 25 20 24 23 24
28 15 32 15 32 14 28 14
23 19 24 19 24 18 23 18
33 14 32 14 32 12 33 12
24 27 23 27 23 25 24 25
27 13 23 17 24 18 28 14
25 19 24 20 23 19 24 18
11 28 12 28 12 24 11 24
10 29 13 32 14 31 11 28
30 11 29 12 32 15 33 14
29 11 27 13 26 12 28 10
10 28 11 28 11 29 10 29
11 27 10 28 11 29 12 28
30 12 29 12 29 11 30 11
39 35 37 35 37 29 39 29
18 39 24 39 24 38 18 38
41 33 39 35 36 32 38 30
22 20 22 22 16 22 16 20
18 24 17 23 21 19 22 20
20 23 20 24 18 24 18 23
23 20 20 23 18 21 21 18
22 19 23 19 23 20 22 20
25 22 23 20 24 19 26 21
24 22 23 22 23 20 24 20
26 22 25 22 25 21 26 21
28 20 26 22 25 21 27 19
27 22 28 22 28 20 27 20
27 23 26 23 26 22 27 22
24 24 25 25 27 23 26 22
22 24 23 25 24 24 23 23
