best-score: 801355
count: 28
elapsed-time: 4.503
65
19 6 18 7 19 8 20 7
14 16 14 17 13 17 13 16
12 17 13 18 14 17 13 16
12 18 13 18 13 17 12 17
17 22 18 22 18 21 17 21
22 12 22 13 21 13 21 12
14 15 13 14 14 13 15 14
19 7 19 8 18 8 18 7
20 6 20 7 19 7 19 6
12 25 10 23 12 21 14 23
24 15 22 17 21 16 23 14
18 15 17 16 15 14 16 13
17 10 15 12 13 10 15 8
9 17 7 19 9 21 11 19
15 10 17 10 17 11 15 11
7 7 9 7 9 9 7 9
13 12 15 12 15 14 13 14
16 15 14 15 14 13 16 13
16 17 18 17 18 15 16 15
14 10 15 10 15 8 14 8
12 15 10 13 11 12 13 14
10 11 11 12 13 10 12 9
7 12 8 13 10 11 9 10
11 10 13 10 13 12 11 12
8 11 10 11 10 13 8 13
17 18 16 17 17 16 18 17
11 9 11 10 9 10 9 9
9 11 7 9 9 7 11 9
9 25 12 25 12 21 9 21
9 14 13 14 13 16 9 16
19 22 18 21 22 17 23 18
18 20 17 21 13 17 14 16
17 7 14 10 15 11 18 8
17 13 21 13 21 16 17 16
19 12 21 12 21 8 19 8
21 20 21 21 18 21 18 20
19 16 18 15 21 12 22 13
22 18 18 18 18 17 22 17
22 19 23 19 23 18 22 18
19 15 18 15 18 12 19 12
8 22 7 22 7 19 8 19
10 22 10 23 8 23 8 22
12 14 14 16 17 13 15 11
17 20 18 20 18 18 17 18
16 21 17 22 18 21 17 20
14 21 16 21 16 17 14 17
23 11 22 12 18 8 19 7
21 10 19 12 17 10 19 8
13 21 14 21 14 23 13 23
24 16 22 18 19 15 21 13
6 14 9 17 12 14 9 11
24 20 21 20 21 16 24 16
22 22 21 21 23 19 24 20
9 23 8 22 9 21 10 22
14 20 13 21 11 19 12 18
19 19 22 19 22 22 19 22
20 22 18 20 19 19 21 21
4 19 7 22 12 17 9 14
19 26 14 21 17 18 22 23
4 12 7 12 7 19 4 19
18 26 19 26 19 22 18 22
14 30 9 25 13 21 18 26
22 30 14 30 14 23 22 23
26 26 22 30 18 26 22 22
4 14 13 23 18 18 9 9
