best-score: 637948
count: 5
elapsed-time: 4.513
111
17 37 18 38 19 37 18 36
32 28 33 29 34 28 33 27
33 28 34 28 34 29 33 29
34 20 35 20 35 21 34 21
33 13 34 13 34 14 33 14
32 27 33 27 33 28 32 28
22 22 23 22 23 24 22 24
15 22 17 22 17 23 15 23
23 23 22 24 21 23 22 22
23 30 24 30 24 32 23 32
17 36 17 37 15 37 15 36
26 22 24 24 23 23 25 21
23 29 21 31 22 32 24 30
33 23 35 25 37 23 35 21
37 25 35 25 35 23 37 23
17 39 19 39 19 37 17 37
23 34 22 34 22 32 23 32
29 18 31 18 31 17 29 17
35 26 33 28 34 29 36 27
23 35 22 34 24 32 25 33
18 40 17 39 18 38 19 39
23 43 19 39 23 35 27 39
24 41 20 37 23 34 27 38
40 35 36 39 34 37 38 33
40 22 37 25 35 23 38 20
30 11 26 15 29 18 33 14
27 41 24 41 24 39 27 39
32 17 31 18 34 21 35 20
36 30 34 28 37 25 39 27
30 38 30 39 27 39 27 38
23 28 20 31 23 34 26 31
26 35 23 35 23 34 26 34
39 30 36 30 36 27 39 27
21 27 23 29 26 26 24 24
17 32 14 35 15 36 18 33
18 26 15 23 18 20 21 23
30 35 26 31 29 28 33 32
30 16 31 17 34 14 33 13
28 16 24 20 25 21 29 17
31 32 33 32 33 29 31 29
24 28 23 28 23 24 24 24
15 25 19 29 21 27 17 23
38 16 34 20 35 21 39 17
17 33 18 33 18 36 17 36
19 30 23 30 23 29 19 29
35 35 31 39 30 38 34 34
23 37 27 41 30 38 26 34
16 21 17 22 21 18 20 17
34 18 34 20 31 20 31 18
20 35 23 35 23 37 20 37
13 30 17 30 17 32 13 32
35 16 38 16 38 20 35 20
23 38 20 35 23 32 26 35
41 35 38 38 35 35 38 32
30 14 33 14 33 16 30 16
30 32 31 32 31 35 30 35
20 27 21 27 21 31 20 31
26 27 23 30 20 27 23 24
36 15 35 16 33 14 34 13
35 39 31 39 31 35 35 35
27 37 27 38 23 38 23 37
17 27 20 27 20 23 17 23
31 43 27 39 31 35 35 39
30 43 31 43 31 39 30 39
29 30 26 27 29 24 32 27
32 30 29 30 29 28 32 28
29 31 30 32 32 30 31 29
29 34 26 34 26 31 29 31
28 30 25 33 26 34 29 31
28 28 28 30 24 30 24 28
28 24 29 24 29 28 28 28
30 26 28 28 26 26 28 24
30 22 30 26 26 26 26 22
28 20 28 24 24 24 24 20
33 19 30 22 28 20 31 17
30 20 28 20 28 16 30 16
31 22 30 22 30 20 31 20
40 30 40 35 39 35 39 30
12 25 17 30 20 27 15 22
22 11 30 11 30 14 22 14
9 26 13 30 20 23 16 19
23 40 18 40 18 38 23 38
12 31 15 31 15 25 12 25
15 18 21 18 21 15 15 15
21 26 26 26 26 27 21 27
13 35 15 37 21 31 19 29
13 19 16 19 16 13 13 13
17 14 22 14 22 22 17 22
33 33 38 33 38 32 33 32
14 31 13 32 12 31 13 30
38 36 32 30 33 29 39 35
24 26 17 33 15 31 22 24
23 15 26 15 26 22 23 22
17 13 15 15 22 22 24 20
24 16 24 20 18 20 18 16
29 37 34 37 34 34 29 34
15 35 20 35 20 31 15 31
23 12 16 19 15 18 22 11
21 12 23 12 23 15 21 15
30 36 38 36 38 38 30 38
26 36 30 36 30 35 26 35
26 30 31 35 33 33 28 28
31 33 27 37 26 36 30 32
37 31 34 34 33 33 36 30
22 16 21 15 22 14 23 15
14 36 15 36 15 35 14 35
39 29 37 31 38 32 40 30
9 20 18 20 18 26 9 26
10 21 9 20 16 13 17 14
8 23 17 32 19 30 10 21
25 19 25 21 16 21 16 19
