best-score: 742781
count: 5
elapsed-time: 4.513
573
27 46 26 45 27 44 28 45
46 38 45 39 44 38 45 37
46 24 45 25 44 24 45 23
46 37 46 38 45 38 45 37
21 46 20 45 21 44 22 45
46 36 45 37 44 36 45 35
46 35 46 36 45 36 45 35
47 36 46 37 45 36 46 35
47 37 46 37 46 36 47 36
27 25 26 26 27 27 28 26
38 34 39 34 39 33 38 33
41 33 40 33 40 32 41 32
18 34 18 35 17 35 17 34
44 29 43 29 43 28 44 28
23 19 23 20 22 20 22 19
29 30 30 30 30 31 29 31
37 35 36 36 37 37 38 36
28 25 27 25 27 24 28 24
30 21 29 22 28 21 29 20
42 24 43 25 44 24 43 23
27 26 28 26 28 27 27 27
23 31 22 30 23 29 24 30
33 40 32 41 31 40 32 39
21 38 20 39 21 40 22 39
24 24 23 24 23 23 24 23
44 35 43 36 44 37 45 36
32 40 31 40 31 39 32 39
43 37 44 37 44 36 43 36
33 41 32 41 32 40 33 40
29 21 28 21 28 20 29 20
42 42 43 42 43 43 42 43
33 38 34 39 35 38 34 37
44 43 43 44 42 43 43 42
37 32 36 32 36 31 37 31
17 18 18 18 18 17 17 17
17 33 16 34 17 35 18 34
34 42 35 43 36 42 35 41
32 42 33 43 34 42 33 41
33 42 34 42 34 43 33 43
44 42 43 43 42 42 43 41
24 29 24 30 23 30 23 29
35 36 34 37 33 36 34 35
39 17 40 17 40 16 39 16
22 40 21 40 21 39 22 39
34 38 33 38 33 37 34 37
34 34 35 34 35 35 34 35
21 42 20 43 21 44 22 43
18 15 17 16 18 17 19 16
24 37 24 38 23 38 23 37
27 45 26 45 26 44 27 44
35 26 36 26 36 25 35 25
34 27 35 28 36 27 35 26
42 28 43 29 44 28 43 27
35 27 36 27 36 28 35 28
22 36 21 37 22 38 23 37
22 18 21 17 22 16 23 17
35 37 34 38 33 37 34 36
16 21 15 21 15 20 16 20
37 39 36 40 37 41 38 40
16 35 17 36 18 35 17 34
32 32 31 31 32 30 33 31
37 26 37 27 36 27 36 26
36 41 35 41 35 40 36 40
33 20 32 19 33 18 34 19
21 32 20 33 21 34 22 33
44 41 43 41 43 40 44 40
22 29 23 30 24 29 23 28
23 26 22 27 23 28 24 27
16 33 17 33 17 34 16 34
24 28 23 29 22 28 23 27
43 38 44 39 45 38 44 37
35 42 36 42 36 43 35 43
39 32 38 33 39 34 40 33
16 32 17 33 18 32 17 31
35 39 34 39 34 38 35 38
28 16 27 17 28 18 29 17
24 26 24 27 23 27 23 26
41 34 40 33 41 32 42 33
40 34 39 33 40 32 41 33
32 21 33 21 33 20 32 20
38 44 39 44 39 43 38 43
34 21 33 22 32 21 33 20
38 28 39 28 39 29 38 29
36 33 35 32 36 31 37 32
25 37 26 37 26 38 25 38
38 26 37 27 36 26 37 25
20 17 21 17 21 18 20 18
24 40 23 40 23 39 24 39
42 41 43 42 44 41 43 40
43 39 44 39 44 38 43 38
28 23 27 24 28 25 29 24
22 41 21 42 20 41 21 40
44 44 43 44 43 43 44 43
20 38 21 38 21 39 20 39
41 43 40 42 41 41 42 42
35 44 34 43 35 42 36 43
27 29 26 30 25 29 26 28
32 31 33 31 33 30 32 30
22 17 23 17 23 16 22 16
21 27 22 27 22 28 21 28
42 27 43 27 43 28 42 28
37 36 38 36 38 37 37 37
21 45 20 45 20 44 21 44
36 24 37 25 38 24 37 23
33 35 34 35 34 36 33 36
34 22 33 22 33 21 34 21
21 31 20 31 20 30 21 30
41 25 42 25 42 24 41 24
29 19 28 20 29 21 30 20
33 34 34 35 35 34 34 33
38 38 39 38 39 37 38 37
35 33 36 33 36 32 35 32
43 24 42 24 42 23 43 23
41 42 40 42 40 41 41 41
38 25 38 26 37 26 37 25
45 40 44 40 44 39 45 39
33 27 34 27 34 26 33 26
23 18 22 19 21 18 22 17
20 29 21 30 22 29 21 28
24 15 24 16 23 16 23 15
25 39 24 38 25 37 26 38
21 19 22 19 22 18 21 18
17 21 16 22 15 21 16 20
42 29 43 30 44 29 43 28
22 31 21 32 20 31 21 30
18 31 18 32 17 32 17 31
41 22 40 23 41 24 42 23
30 17 29 17 29 16 30 16
31 20 30 21 31 22 32 21
24 22 23 23 24 24 25 23
24 18 23 17 24 16 25 17
41 23 42 23 42 22 41 22
40 24 41 25 42 24 41 23
36 38 37 39 38 38 37 37
34 44 35 44 35 43 34 43
29 29 30 30 31 29 30 28
31 19 32 19 32 20 31 20
42 38 43 39 44 38 43 37
36 22 37 22 37 23 36 23
30 29 31 29 31 28 30 28
30 32 29 31 30 30 31 31
25 28 25 29 24 29 24 28
22 32 21 32 21 31 22 31
27 33 27 34 26 34 26 33
23 42 22 43 23 44 24 43
36 35 36 36 35 36 35 35
34 40 35 41 36 40 35 39
18 33 17 32 18 31 19 32
30 22 29 22 29 21 30 21
28 39 27 40 28 41 29 40
22 37 21 37 21 36 22 36
18 20 18 21 17 21 17 20
24 20 23 19 24 18 25 19
28 32 27 33 26 32 27 31
33 19 32 20 31 19 32 18
28 17 28 18 27 18 27 17
24 17 25 17 25 16 24 16
32 34 33 34 33 35 32 35
29 26 28 27 27 26 28 25
23 41 22 40 23 39 24 40
19 33 18 33 18 32 19 32
39 15 38 16 39 17 40 16
15 23 16 24 17 23 16 22
25 30 24 29 25 28 26 29
29 41 28 42 29 43 30 42
22 46 21 46 21 45 22 45
46 41 45 42 44 41 45 40
14 21 15 22 16 21 15 20
28 46 27 46 27 45 28 45
14 22 15 22 15 21 14 21
42 34 41 34 41 33 42 33
29 42 28 42 28 41 29 41
42 37 43 37 43 38 42 38
22 42 23 42 23 41 22 41
37 42 36 42 36 41 37 41
37 44 36 43 37 42 38 43
29 23 29 24 28 24 28 23
36 37 35 36 36 35 37 36
18 22 17 21 18 20 19 21
36 34 35 35 34 34 35 33
19 22 19 23 18 23 18 22
24 19 23 19 23 18 24 18
17 22 16 22 16 21 17 21
25 18 24 19 23 18 24 17
31 34 32 35 33 34 32 33
34 41 35 41 35 42 34 42
26 25 27 25 27 26 26 26
25 20 24 20 24 19 25 19
34 18 34 19 33 19 33 18
25 22 25 23 24 23 24 22
29 25 29 26 28 26 28 25
32 27 33 28 34 27 33 26
18 24 17 23 18 22 19 23
37 24 37 25 36 25 36 24
21 29 20 29 20 28 21 28
45 41 45 42 44 42 44 41
37 40 36 41 35 40 36 39
16 36 17 36 17 35 16 35
42 44 43 45 44 44 43 43
27 30 26 30 26 29 27 29
39 31 40 31 40 32 39 32
34 28 33 27 34 26 35 27
32 22 33 23 34 22 33 21
21 21 20 20 21 19 22 20
39 24 39 25 38 25 38 24
25 36 24 37 25 38 26 37
31 30 30 31 29 30 30 29
31 33 32 33 32 34 31 34
41 31 40 32 39 31 40 30
38 27 37 26 38 25 39 26
33 33 32 34 31 33 32 32
30 19 30 20 29 20 29 19
42 40 43 41 44 40 43 39
16 23 16 24 15 24 15 23
31 32 32 32 32 31 31 31
42 30 43 30 43 29 42 29
37 34 37 35 36 35 36 34
35 23 34 22 35 21 36 22
40 43 41 44 42 43 41 42
38 39 38 40 37 40 37 39
41 30 41 31 40 31 40 30
33 39 34 39 34 40 33 40
28 22 29 23 30 22 29 21
37 29 36 28 37 27 38 28
39 23 38 24 39 25 40 24
30 33 31 33 31 32 30 32
41 36 42 37 43 36 42 35
41 40 40 41 41 42 42 41
37 33 36 34 37 35 38 34
31 21 30 21 30 20 31 20
29 18 30 19 31 18 30 17
32 28 33 28 33 27 32 27
44 23 43 24 42 23 43 22
26 40 25 41 24 40 25 39
37 38 36 38 36 37 37 37
38 15 39 15 39 16 38 16
21 43 22 43 22 42 21 42
30 23 31 23 31 22 30 22
44 25 43 25 43 24 44 24
20 37 21 38 22 37 21 36
42 31 41 32 40 31 41 30
32 29 31 30 32 31 33 30
32 23 33 23 33 22 32 22
29 32 30 33 31 32 30 31
30 43 29 43 29 42 30 42
24 41 23 42 22 41 23 40
42 45 43 45 43 44 42 44
30 24 29 25 28 24 29 23
17 24 16 23 17 22 18 23
23 36 22 37 23 38 24 37
33 29 32 30 31 29 32 28
35 24 36 24 36 23 35 23
24 21 23 20 24 19 25 20
23 21 24 21 24 20 23 20
43 26 42 25 43 24 44 25
38 23 37 24 38 25 39 24
37 28 38 29 39 28 38 27
25 21 24 22 23 21 24 20
36 29 37 29 37 28 36 28
45 24 44 24 44 23 45 23
24 36 25 36 25 37 24 37
14 23 15 24 16 23 15 22
46 42 45 43 44 42 45 41
46 25 45 26 44 25 45 24
46 43 45 43 45 42 46 42
46 40 46 41 45 41 45 40
46 26 45 26 45 25 46 25
32 38 31 39 32 40 33 39
28 31 29 31 29 32 28 32
38 21 37 22 38 23 39 22
23 22 24 23 25 22 24 21
44 22 44 23 43 23 43 22
39 42 40 42 40 43 39 43
22 44 21 45 20 44 21 43
42 32 41 32 41 31 42 31
18 36 17 37 16 36 17 35
40 22 40 23 39 23 39 22
42 39 43 39 43 40 42 40
30 18 31 18 31 19 30 19
19 29 20 30 21 29 20 28
37 21 38 21 38 20 37 20
40 44 41 44 41 43 40 43
28 29 27 30 28 31 29 30
33 32 32 33 31 32 32 31
39 27 38 27 38 26 39 26
41 38 42 39 43 38 42 37
31 17 30 18 29 17 30 16
41 39 42 39 42 38 41 38
19 30 20 30 20 29 19 29
44 27 43 28 42 27 43 26
34 24 35 25 36 24 35 23
23 43 23 44 22 44 22 43
38 32 38 33 37 33 37 32
43 33 42 34 41 33 42 32
25 35 24 36 25 37 26 36
31 24 30 23 31 22 32 23
32 17 32 18 31 18 31 17
28 19 27 18 28 17 29 18
45 44 44 43 45 42 46 43
28 30 29 30 29 29 28 29
26 21 25 21 25 20 26 20
38 22 37 23 36 22 37 21
42 26 43 26 43 25 42 25
25 40 25 41 24 41 24 40
34 29 34 30 33 30 33 29
35 29 34 29 34 28 35 28
30 25 29 25 29 24 30 24
32 24 31 24 31 23 32 23
34 25 35 26 36 25 35 24
17 25 18 25 18 24 17 24
27 19 28 19 28 20 27 20
24 42 24 43 23 43 23 42
43 32 43 33 42 33 42 32
40 28 39 29 38 28 39 27
43 21 42 22 43 23 44 22
41 21 40 22 41 23 42 22
28 28 27 29 28 30 29 29
40 40 41 41 42 40 41 39
18 26 17 27 16 26 17 25
34 17 33 18 32 17 33 16
34 31 33 32 34 33 35 32
39 21 38 22 39 23 40 22
44 26 43 27 42 26 43 25
34 32 33 32 33 31 34 31
39 45 38 44 39 43 40 44
18 37 17 37 17 36 18 36
43 31 42 32 41 31 42 30
26 18 25 19 26 20 27 19
27 22 26 21 27 20 28 21
40 27 40 28 39 28 39 27
38 30 37 31 38 32 39 31
35 31 34 32 33 31 34 30
25 33 24 34 25 35 26 34
37 30 38 30 38 29 37 29
40 26 39 27 38 26 39 25
33 25 32 24 33 23 34 24
33 24 34 24 34 25 33 25
34 23 33 24 32 23 33 22
26 17 26 18 25 18 25 17
31 25 30 24 31 23 32 24
40 45 39 45 39 44 40 44
27 28 28 28 28 29 27 29
31 26 30 25 31 24 32 25
27 23 28 23 28 22 27 22
40 21 41 21 41 22 40 22
44 31 43 32 42 31 43 30
25 32 26 32 26 33 25 33
26 35 26 36 25 36 25 35
41 27 40 26 41 25 42 26
25 34 26 35 27 34 26 33
24 33 25 33 25 34 24 34
26 19 25 18 26 17 27 18
26 24 27 25 28 24 27 23
26 39 26 40 25 40 25 39
42 21 43 21 43 22 42 22
26 41 25 40 26 39 27 40
30 27 31 28 32 27 31 26
41 29 40 28 41 27 42 28
35 30 34 31 33 30 34 29
44 30 44 31 43 31 43 30
40 39 41 39 41 40 40 40
29 28 28 29 27 28 28 27
36 30 35 31 36 32 37 31
30 26 31 26 31 25 30 25
45 27 44 27 44 26 45 26
32 26 33 26 33 25 32 25
41 46 40 45 41 44 42 45
42 46 41 46 41 45 42 45
39 40 38 39 39 38 40 39
41 20 40 21 41 22 42 21
26 16 25 17 26 18 27 17
38 41 39 42 40 41 39 40
29 27 30 27 30 28 29 28
35 22 34 23 35 24 36 23
27 41 26 41 26 40 27 40
26 27 27 27 27 28 26 28
40 25 40 26 39 26 39 25
36 21 36 22 35 22 35 21
26 23 27 23 27 24 26 24
31 27 32 28 33 27 32 26
41 26 41 27 40 27 40 26
42 20 42 21 41 21 41 20
39 41 40 41 40 40 39 40
35 20 34 21 35 22 36 21
41 28 42 28 42 29 41 29
25 24 26 25 27 24 26 23
27 16 27 17 26 17 26 16
38 42 39 43 40 42 39 41
39 39 38 40 39 41 40 40
25 26 24 27 25 28 26 27
24 25 23 24 24 23 25 24
40 29 39 28 40 27 41 28
34 20 35 20 35 21 34 21
26 15 25 16 26 17 27 16
25 25 24 25 24 24 25 24
37 43 38 43 38 42 37 42
35 19 34 20 33 19 34 18
40 38 39 39 38 38 39 37
28 15 27 16 28 17 29 16
23 25 24 26 25 25 24 24
27 15 28 15 28 16 27 16
25 15 26 15 26 16 25 16
25 27 26 27 26 26 25 26
24 14 23 15 24 16 25 15
26 14 25 15 26 16 27 15
25 14 25 15 24 15 24 14
27 14 27 15 26 15 26 14
26 13 25 14 26 15 27 14
25 13 26 13 26 14 25 14
36 44 37 44 37 43 36 43
39 30 40 30 40 29 39 29
38 31 39 32 40 31 39 30
41 37 40 38 41 39 42 38
37 45 36 44 37 43 38 44
42 36 42 37 41 37 41 36
40 37 41 37 41 38 40 38
38 45 37 45 37 44 38 44
39 36 38 37 39 38 40 37
35 45 36 45 36 44 35 44
37 46 36 45 37 44 38 45
36 46 37 46 37 45 36 45
39 46 38 45 39 44 40 45
38 46 39 46 39 45 38 45
37 47 36 46 37 45 38 46
38 47 37 47 37 46 38 46
43 35 43 36 42 36 42 35
40 36 40 37 39 37 39 36
39 35 38 36 39 37 40 36
40 35 39 35 39 34 40 34
38 35 39 35 39 36 38 36
41 35 40 36 41 37 42 36
31 14 29 16 30 17 32 15
41 14 39 16 40 17 42 15
13 18 15 20 17 18 15 16
32 14 32 15 31 15 31 14
14 31 16 33 17 32 15 30
27 43 26 44 24 42 25 41
20 34 19 33 21 31 22 32
21 22 19 22 19 21 21 21
31 41 29 41 29 40 31 40
39 18 37 20 38 21 40 19
29 39 27 41 26 40 28 38
28 40 29 40 29 39 28 39
33 15 35 15 35 16 33 16
42 17 40 19 41 20 43 18
21 33 21 34 20 34 20 33
16 45 18 45 18 44 16 44
20 15 20 17 18 17 18 15
21 25 23 25 23 24 21 24
30 40 29 39 30 38 31 39
44 33 44 35 43 35 43 33
31 38 30 37 32 35 33 36
42 16 44 16 44 15 42 15
39 19 40 19 40 21 39 21
31 42 32 42 32 41 31 41
37 19 37 20 35 20 35 19
16 18 17 18 17 20 16 20
30 44 28 46 27 45 29 43
40 18 39 19 41 21 42 20
38 18 37 19 38 20 39 19
31 37 31 38 30 38 30 37
19 25 18 26 20 28 21 27
36 16 38 16 38 18 36 18
28 35 26 37 28 39 30 37
21 16 20 17 19 16 20 15
31 36 33 36 33 37 31 37
29 37 30 38 31 37 30 36
23 34 24 34 24 36 23 36
32 43 31 42 32 41 33 42
26 43 27 44 29 42 28 41
24 32 25 32 25 30 24 30
21 23 23 23 23 22 21 22
42 18 40 18 40 17 42 17
28 37 26 37 26 36 28 36
43 34 42 33 43 32 44 33
30 41 29 42 30 43 31 42
31 43 30 42 31 41 32 42
20 21 21 22 23 20 22 19
20 25 18 23 19 22 21 24
36 20 35 19 36 18 37 19
18 38 20 38 20 37 18 37
16 38 18 38 18 40 16 40
32 36 31 37 32 38 33 37
29 35 28 36 26 34 27 33
34 16 32 18 31 17 33 15
19 35 18 36 20 38 21 37
30 34 31 34 31 36 30 36
16 16 15 17 16 18 17 17
15 29 17 31 19 29 17 27
25 31 24 32 25 33 26 32
22 15 21 16 22 17 23 16
43 20 42 20 42 18 43 18
18 43 20 43 20 44 18 44
19 41 18 40 20 38 21 39
47 34 46 35 44 33 45 32
18 47 16 45 18 43 20 45
42 14 40 16 42 18 44 16
20 47 18 47 18 45 20 45
29 44 27 44 27 43 29 43
27 37 28 38 29 37 28 36
19 26 18 26 18 25 19 25
29 38 28 38 28 37 29 37
38 19 39 19 39 18 38 18
25 43 26 43 26 41 25 41
24 35 23 34 24 33 25 34
19 20 18 21 19 22 20 21
20 23 20 25 19 25 19 23
18 19 19 20 21 18 20 17
19 36 18 36 18 35 19 35
29 36 30 36 30 37 29 37
19 19 19 20 18 20 18 19
21 15 22 15 22 16 21 16
29 33 30 34 31 33 30 32
35 17 34 16 35 15 36 16
20 27 21 27 21 25 20 25
29 34 30 34 30 33 29 33
16 17 17 17 17 16 16 16
30 39 29 39 29 38 30 38
31 44 30 44 30 43 31 43
23 33 22 32 23 31 24 32
41 15 42 15 42 14 41 14
44 21 43 22 42 21 43 20
31 35 30 36 29 35 30 34
28 34 29 34 29 35 28 35
44 20 44 21 43 21 43 20
35 18 34 18 34 17 35 17
36 19 35 20 34 19 35 18
17 39 16 40 15 39 16 38
19 38 18 37 19 36 20 37
19 39 20 39 20 41 19 41
22 14 21 15 22 16 23 15
23 14 23 15 22 15 22 14
24 13 23 14 24 15 25 14
23 13 24 13 24 14 23 14
24 12 23 13 24 14 25 13
25 12 25 13 24 13 24 12
22 34 23 34 23 33 22 33
17 19 18 20 19 19 18 18
21 26 20 27 19 26 20 25
30 45 29 44 30 43 31 44
30 35 29 34 30 33 31 34
23 32 24 32 24 33 23 33
15 37 17 37 17 39 15 39
28 33 27 34 28 35 29 34
23 35 22 34 23 33 24 34
15 18 16 18 16 17 15 17
43 19 42 20 43 21 44 20
36 17 35 18 34 17 35 16
15 19 16 20 17 19 16 18
24 31 23 32 24 33 25 32
37 18 36 17 38 15 39 16
29 45 30 45 30 44 29 44
13 19 15 19 15 18 13 18
12 20 14 22 15 21 13 19
27 32 28 32 28 33 27 33
26 31 27 31 27 32 26 32
20 14 17 17 18 18 21 15
14 29 15 30 19 26 18 25
21 14 21 15 20 15 20 14
22 13 21 14 22 15 23 14
14 30 15 30 15 29 14 29
21 13 22 13 22 14 21 14
22 12 21 13 22 14 23 13
23 12 23 13 22 13 22 12
24 11 23 12 24 13 25 12
23 11 24 11 24 12 23 12
17 40 15 42 18 45 20 43
18 42 21 42 21 40 18 40
17 28 20 28 20 27 17 27
14 42 16 44 18 42 16 40
14 39 15 39 15 42 14 42
15 40 14 39 17 36 18 37
15 43 18 43 18 42 15 42
