best-score: 760272
count: 13
elapsed-time: 4.501
211
17 31 16 30 17 29 18 30
29 15 29 16 28 16 28 15
30 13 30 14 29 14 29 13
15 28 16 28 16 27 15 27
27 15 28 16 29 15 28 14
13 23 12 22 13 21 14 22
30 15 29 16 28 15 29 14
18 27 19 28 20 27 19 26
12 20 13 20 13 21 12 21
24 23 24 24 23 24 23 23
15 29 14 28 15 27 16 28
30 24 29 24 29 23 30 23
28 17 27 17 27 16 28 16
26 14 27 14 27 15 26 15
15 25 14 25 14 24 15 24
17 30 16 30 16 29 17 29
26 21 25 22 24 21 25 20
16 22 16 23 15 23 15 22
24 14 23 13 24 12 25 13
23 27 22 26 23 25 24 26
11 22 12 22 12 21 11 21
15 21 14 22 15 23 16 22
21 26 22 26 22 25 21 25
28 13 28 14 27 14 27 13
14 26 15 27 16 26 15 25
10 22 11 23 12 22 11 21
24 13 25 13 25 14 24 14
11 11 10 12 11 13 12 12
23 14 24 14 24 15 23 15
29 17 28 18 27 17 28 16
15 30 14 29 15 28 16 29
25 21 24 21 24 20 25 20
14 21 15 21 15 22 14 22
24 22 23 23 24 24 25 23
22 23 21 24 22 25 23 24
23 12 24 12 24 13 23 13
26 13 25 14 26 15 27 14
26 12 25 13 26 14 27 13
15 20 14 21 13 20 14 19
16 24 15 25 14 24 15 23
14 23 15 24 16 23 15 22
29 18 28 17 29 16 30 17
29 12 29 13 28 13 28 12
22 24 21 24 21 23 22 23
18 31 17 31 17 30 18 30
31 15 30 16 29 15 30 14
31 14 31 15 30 15 30 14
22 13 23 14 24 13 23 12
20 24 21 25 22 24 21 23
10 23 11 23 11 22 10 22
17 26 16 27 17 28 18 27
27 12 27 13 26 13 26 12
18 29 17 30 16 29 17 28
13 24 14 24 14 23 13 23
22 27 21 28 20 27 21 26
20 25 21 25 21 24 20 24
30 18 29 18 29 17 30 17
18 25 19 26 20 25 19 24
28 19 29 19 29 18 28 18
28 11 27 12 28 13 29 12
23 21 24 22 25 21 24 20
16 25 17 25 17 26 16 26
26 11 25 12 26 13 27 12
17 24 16 25 17 26 18 25
18 24 18 25 17 25 17 24
22 14 23 14 23 13 22 13
14 30 15 30 15 29 14 29
23 26 23 27 22 27 22 26
26 22 25 22 25 21 26 21
21 15 22 16 23 15 22 14
30 19 29 20 28 19 29 18
23 22 24 22 24 21 23 21
15 31 14 30 15 29 16 30
31 17 30 18 29 17 30 16
16 31 15 31 15 30 16 30
9 24 10 25 11 24 10 23
31 16 31 17 30 17 30 16
32 15 31 16 30 15 31 14
17 32 16 31 17 30 18 31
32 16 31 16 31 15 32 15
16 32 17 32 17 31 16 31
27 11 28 11 28 12 27 12
27 10 27 11 26 11 26 10
18 28 18 29 17 29 17 28
25 11 26 11 26 12 25 12
17 23 16 24 17 25 18 24
22 22 23 22 23 23 22 23
15 26 14 25 15 24 16 25
26 20 25 21 26 22 27 21
24 25 24 26 23 26 23 25
22 15 22 16 21 16 21 15
30 20 29 20 29 19 30 19
14 27 15 27 15 26 14 26
25 24 24 25 23 24 24 23
19 27 19 28 18 28 18 27
17 21 16 22 17 23 18 22
17 27 16 28 17 29 18 28
20 26 20 27 19 27 19 26
23 11 24 12 25 11 24 10
26 9 25 10 26 11 27 10
31 19 30 20 29 19 30 18
25 9 26 9 26 10 25 10
31 18 31 19 30 19 30 18
32 17 31 18 30 17 31 16
32 18 31 18 31 17 32 17
33 17 32 18 31 17 32 16
33 16 33 17 32 17 32 16
27 20 27 21 26 21 26 20
24 11 25 11 25 10 24 10
23 16 22 15 23 14 24 15
21 27 20 26 21 25 22 26
22 28 21 28 21 27 22 27
27 22 26 21 27 20 28 21
25 25 24 25 24 24 25 24
18 26 17 27 16 26 17 25
19 25 18 26 19 27 20 26
28 22 27 22 27 21 28 21
19 23 18 24 19 25 20 24
20 23 20 24 19 24 19 23
31 21 29 23 28 22 30 20
31 22 30 23 28 21 29 20
28 26 27 25 29 23 30 24
23 18 22 18 22 16 23 16
12 27 11 28 13 30 14 29
24 16 22 18 24 20 26 18
13 27 11 29 12 30 14 28
26 16 24 16 24 15 26 15
28 28 27 28 27 26 28 26
27 27 28 28 29 27 28 26
19 21 19 23 17 23 17 21
21 14 19 16 18 15 20 13
20 12 22 14 23 13 21 11
21 12 23 12 23 11 21 11
11 26 12 27 14 25 13 24
25 26 27 26 27 25 25 25
24 27 23 26 24 25 25 26
26 28 24 26 25 25 27 27
13 28 14 28 14 27 13 27
25 27 24 27 24 26 25 26
21 18 19 18 19 16 21 16
21 20 19 18 21 16 23 18
30 28 30 29 28 29 28 28
11 25 11 26 10 26 10 25
12 24 11 25 13 27 14 26
21 13 20 13 20 12 21 12
10 10 12 10 12 12 10 12
19 12 20 13 21 12 20 11
13 19 14 19 14 17 13 17
25 15 24 16 23 15 24 14
20 21 22 23 23 22 21 20
29 26 27 28 28 29 30 27
13 29 11 29 11 28 13 28
25 18 26 18 26 20 25 20
30 26 30 27 29 27 29 26
20 20 19 21 21 23 22 22
11 9 10 10 11 11 12 10
31 27 30 28 29 27 30 26
31 28 30 28 30 27 31 27
12 23 12 24 11 24 11 23
21 21 20 21 20 20 21 20
19 11 20 11 20 12 19 12
24 17 25 18 27 16 26 15
14 20 13 21 12 20 13 19
28 24 29 24 29 26 28 26
22 20 21 20 21 18 22 18
19 13 18 12 19 11 20 12
15 19 15 20 14 20 14 19
16 20 15 21 14 20 15 19
13 22 13 23 12 23 12 22
14 16 13 17 15 19 16 18
18 13 19 13 19 12 18 12
16 15 18 15 18 13 16 13
17 18 17 20 16 20 16 18
16 21 15 21 15 20 16 20
19 20 17 18 19 16 21 18
16 11 18 13 19 12 17 10
17 11 16 11 16 10 17 10
16 19 15 20 16 21 17 20
15 16 14 17 16 19 17 18
16 16 15 16 15 15 16 15
15 17 14 17 14 16 15 16
19 31 18 30 21 27 22 28
21 31 19 31 19 28 21 28
18 18 16 16 19 13 21 15
18 20 19 20 19 18 18 18
14 13 14 16 11 16 11 13
14 14 15 15 18 12 17 11
14 11 16 11 16 13 14 13
23 30 24 30 24 27 23 27
28 23 28 24 25 24 25 23
12 17 14 19 18 15 16 13
22 30 21 31 18 28 19 27
10 15 11 16 14 13 13 12
14 9 14 11 11 11 11 9
20 33 18 31 21 28 23 30
26 33 23 30 27 26 30 29
17 19 16 20 17 21 18 20
29 22 29 23 28 23 28 22
29 21 31 21 31 22 29 22
28 20 29 20 29 21 28 21
22 29 22 30 18 30 18 29
26 25 27 26 29 24 28 23
27 19 28 20 29 19 28 18
25 28 25 29 22 29 22 28
26 27 26 28 25 28 25 27
24 19 27 19 27 17 24 17
26 19 25 20 24 19 25 18
27 18 26 19 27 20 28 19
27 33 26 33 26 28 27 28
28 32 27 33 24 30 25 29
25 32 28 32 28 29 25 29
