best-score: 857885
count: 7
elapsed-time: 4.515
352
11 29 12 30 13 29 12 28
11 30 12 30 12 29 11 29
16 24 17 24 17 23 16 23
28 21 28 22 27 22 27 21
18 33 19 33 19 32 18 32
31 13 32 13 32 12 31 12
31 30 32 30 32 29 31 29
33 26 33 27 32 27 32 26
21 16 22 16 22 15 21 15
13 28 13 29 12 29 12 28
22 25 21 26 20 25 21 24
33 35 32 34 33 33 34 34
20 16 19 17 18 16 19 15
19 31 18 32 17 31 18 30
15 23 14 24 15 25 16 24
33 34 34 34 34 35 33 35
24 20 24 21 23 21 23 20
28 16 27 17 26 16 27 15
17 14 16 15 15 14 16 13
19 23 18 24 17 23 18 22
34 33 33 34 34 35 35 34
27 16 26 16 26 15 27 15
32 17 33 18 34 17 33 16
30 30 31 31 32 30 31 29
14 17 13 18 14 19 15 18
28 17 27 17 27 16 28 16
31 20 32 20 32 21 31 21
29 21 28 22 27 21 28 20
25 22 26 23 27 22 26 21
17 32 16 33 17 34 18 33
15 22 16 23 17 22 16 21
30 31 31 31 31 30 30 30
33 17 34 17 34 16 33 16
15 32 16 32 16 33 15 33
19 29 18 28 19 27 20 28
27 14 26 15 27 16 28 15
20 26 21 26 21 25 20 25
34 23 35 23 35 24 34 24
33 23 33 24 32 24 32 23
18 31 18 32 17 32 17 31
33 25 32 26 31 25 32 24
21 17 20 16 21 15 22 16
19 25 18 26 19 27 20 26
16 25 17 26 18 25 17 24
19 16 18 16 18 15 19 15
32 33 33 33 33 34 32 34
19 26 18 26 18 25 19 25
33 19 33 20 32 20 32 19
17 27 18 27 18 26 17 26
15 24 16 24 16 25 15 25
34 19 33 20 32 19 33 18
33 36 32 36 32 35 33 35
19 24 18 24 18 23 19 23
36 15 35 15 35 14 36 14
19 28 18 28 18 27 19 27
14 23 15 23 15 24 14 24
20 24 20 25 19 25 19 24
13 13 12 13 12 12 13 12
33 37 32 36 33 35 34 36
11 28 12 29 13 28 12 27
11 27 12 27 12 28 11 28
34 37 33 37 33 36 34 36
11 13 12 14 13 13 12 12
11 14 12 14 12 13 11 13
13 32 14 33 15 32 14 31
34 18 34 19 33 19 33 18
13 27 12 28 11 27 12 26
19 30 19 31 18 31 18 30
20 31 19 30 20 29 21 30
35 17 34 18 33 17 34 16
22 24 22 25 21 25 21 24
22 17 22 18 21 18 21 17
34 22 33 23 34 24 35 23
32 18 33 18 33 17 32 17
20 27 19 28 18 27 19 26
35 33 35 34 34 34 34 33
27 18 26 17 27 16 28 17
16 22 15 22 15 21 16 21
23 22 24 23 25 22 24 21
20 32 19 32 19 31 20 31
31 34 32 35 33 34 32 33
17 16 18 17 19 16 18 15
17 17 18 17 18 16 17 16
29 20 29 21 28 21 28 20
23 16 22 17 21 16 22 15
13 14 12 15 11 14 12 13
30 20 29 21 30 22 31 21
13 15 12 15 12 14 13 14
35 25 34 26 33 25 34 24
28 14 28 15 27 15 27 14
16 26 17 26 17 25 16 25
34 25 33 24 34 23 35 24
33 22 34 22 34 23 33 23
17 29 16 28 17 27 18 28
20 17 19 17 19 16 20 16
20 30 19 30 19 29 20 29
27 13 26 14 27 15 28 14
26 13 27 13 27 14 26 14
21 23 20 24 21 25 22 24
31 19 32 20 33 19 32 18
20 34 19 33 20 32 21 33
35 36 34 37 33 36 34 35
34 21 33 22 32 21 33 20
13 26 13 27 12 27 12 26
11 26 12 27 13 26 12 25
11 25 12 25 12 26 11 26
30 19 30 20 29 20 29 19
31 18 32 18 32 19 31 19
31 35 32 35 32 34 31 34
20 15 19 16 20 17 21 16
24 22 24 23 23 23 23 22
21 28 20 27 21 26 22 27
35 26 34 26 34 25 35 25
26 18 27 18 27 17 26 17
23 17 22 17 22 16 23 16
14 22 15 23 16 22 15 21
21 29 20 29 20 28 21 28
22 22 23 23 24 22 23 21
34 27 33 26 34 25 35 26
20 23 21 23 21 24 20 24
25 14 24 13 25 12 26 13
21 31 20 32 19 31 20 30
22 23 21 23 21 22 22 22
25 16 24 15 25 14 26 15
25 15 26 15 26 14 25 14
35 35 35 36 34 36 34 35
35 22 34 22 34 21 35 21
25 17 26 17 26 16 25 16
24 16 25 16 25 15 24 15
30 21 29 20 30 19 31 20
23 15 22 16 23 17 24 16
35 37 34 36 35 35 36 36
36 37 35 37 35 36 36 36
21 27 20 28 21 29 22 28
19 22 18 23 19 24 20 23
25 21 25 22 24 22 24 21
22 26 22 27 21 27 21 26
22 21 23 21 23 22 22 22
24 14 23 15 22 14 23 13
20 22 20 23 19 23 19 22
23 24 22 24 22 23 23 23
31 22 30 22 30 21 31 21
36 34 35 35 34 34 35 33
21 21 20 22 21 23 22 22
23 14 24 14 24 15 23 15
36 35 35 35 35 34 36 34
25 13 24 14 25 15 26 14
18 21 19 21 19 22 18 22
37 34 36 35 35 34 36 33
37 36 36 37 35 36 36 35
37 33 37 34 36 34 36 33
37 35 37 36 36 36 36 35
38 34 37 35 36 34 37 33
38 35 37 35 37 34 38 34
22 13 23 13 23 14 22 14
20 21 19 22 18 21 19 20
21 14 22 15 23 14 22 13
26 12 26 13 25 13 25 12
20 20 20 21 19 21 19 20
21 20 20 21 21 22 22 21
22 20 22 21 21 21 21 20
20 14 21 14 21 15 20 15
21 13 20 14 21 15 22 14
21 19 20 20 21 21 22 20
20 19 21 19 21 20 20 20
19 18 20 19 21 18 20 17
23 19 22 20 23 21 24 20
20 18 21 19 22 18 21 17
19 19 20 19 20 18 19 18
24 18 23 19 22 18 23 17
18 20 19 21 20 20 19 19
18 18 19 19 20 18 19 17
22 19 23 19 23 20 22 20
25 19 24 18 25 17 26 18
18 19 19 19 19 20 18 20
23 18 22 19 21 18 22 17
25 18 26 18 26 19 25 19
17 18 18 19 19 18 18 17
26 20 25 21 24 20 25 19
17 19 18 19 18 18 17 18
24 19 23 19 23 18 24 18
24 17 25 17 25 18 24 18
25 20 24 21 23 20 24 19
27 20 27 21 26 21 26 20
16 18 17 19 18 18 17 17
16 17 17 17 17 18 16 18
28 19 27 20 28 21 29 20
15 16 16 17 17 16 16 15
27 19 28 19 28 20 27 20
16 19 15 18 16 17 17 18
28 18 27 19 28 20 29 19
29 18 29 19 28 19 28 18
15 19 16 19 16 18 15 18
30 17 29 18 30 19 31 18
31 17 31 18 30 18 30 17
32 16 31 17 32 18 33 17
31 16 32 16 32 17 31 17
30 16 31 16 31 15 30 15
33 15 33 16 32 16 32 15
29 16 30 17 31 16 30 15
29 17 30 18 31 17 30 16
29 15 29 16 28 16 28 15
34 14 33 15 34 16 35 15
30 14 29 15 30 16 31 15
29 14 30 14 30 15 29 15
32 14 31 15 32 16 33 15
33 13 32 14 31 13 32 12
31 14 32 14 32 15 31 15
33 14 32 15 31 14 32 13
34 15 33 15 33 14 34 14
34 13 33 14 34 15 35 14
30 13 29 14 30 15 31 14
35 13 35 14 34 14 34 13
35 16 34 16 34 15 35 15
36 17 35 18 34 17 35 16
37 13 36 14 35 13 36 12
36 16 36 17 35 17 35 16
34 12 33 13 34 14 35 13
37 15 36 16 35 15 36 14
37 16 36 16 36 15 37 15
33 12 34 12 34 13 33 13
32 11 31 12 32 13 33 12
33 11 33 12 32 12 32 11
21 37 19 35 20 34 22 36
22 37 21 37 21 36 22 36
21 35 19 35 19 33 21 33
34 31 32 29 34 27 36 29
31 23 31 25 29 25 29 23
24 35 22 37 21 36 23 34
14 15 16 15 16 17 14 17
33 32 32 33 30 31 31 30
24 25 24 26 22 26 22 25
12 19 14 19 14 17 12 17
28 30 26 32 27 33 29 31
13 16 14 17 15 16 14 15
36 20 35 21 33 19 34 18
30 28 31 29 33 27 32 26
18 13 18 15 16 15 16 13
35 28 36 28 36 26 35 26
14 28 13 27 15 25 16 26
25 25 24 26 22 24 23 23
34 32 34 33 33 33 33 32
15 13 15 14 13 14 13 13
28 28 30 28 30 30 28 30
14 13 13 14 14 15 15 14
35 32 34 33 33 32 34 31
14 21 15 21 15 19 14 19
28 25 26 27 24 25 26 23
14 26 16 26 16 28 14 28
25 27 23 29 22 28 24 26
16 30 18 30 18 28 16 28
12 34 13 34 13 36 12 36
30 24 29 23 30 22 31 23
14 27 13 26 15 24 16 25
35 29 33 27 34 26 36 28
23 30 21 30 21 29 23 29
16 20 18 20 18 21 16 21
23 26 22 25 23 24 24 25
19 14 18 15 17 14 18 13
32 22 32 23 31 23 31 22
20 13 19 14 20 15 21 14
25 36 24 35 25 34 26 35
19 12 19 14 17 14 17 12
35 31 35 32 34 32 34 31
17 21 16 20 17 19 18 20
13 23 11 25 12 26 14 24
25 32 24 31 26 29 27 30
18 11 17 12 18 13 19 12
11 18 12 19 13 18 12 17
20 11 20 13 18 13 18 11
11 16 13 16 13 18 11 18
30 26 29 25 30 24 31 25
33 29 32 30 34 32 35 31
26 25 26 27 25 27 25 25
36 31 35 31 35 29 36 29
36 32 36 33 35 33 35 32
13 22 14 23 15 22 14 21
14 20 15 21 16 20 15 19
13 24 14 24 14 26 13 26
15 31 13 29 14 28 16 30
25 23 25 25 24 25 24 23
15 29 17 29 17 31 15 31
28 24 30 24 30 22 28 22
13 21 14 21 14 22 13 22
26 22 26 23 25 23 25 22
33 28 35 28 35 29 33 29
33 21 33 22 32 22 32 21
27 23 28 24 29 23 28 22
27 25 26 25 26 23 27 23
23 32 25 32 25 34 23 34
21 12 20 13 19 12 20 11
37 32 36 33 35 32 36 31
37 31 37 32 36 32 36 31
38 32 37 33 36 32 37 31
38 33 37 33 37 32 38 32
39 34 38 35 37 34 38 33
39 33 39 34 38 34 38 33
14 32 15 32 15 31 14 31
13 35 12 34 14 32 15 33
34 20 34 21 33 21 33 20
22 31 23 32 24 31 23 30
13 33 14 33 14 32 13 32
26 24 25 23 26 22 27 23
12 22 13 23 14 22 13 21
28 26 27 25 28 24 29 25
22 12 22 13 21 13 21 12
26 26 25 25 26 24 27 25
27 26 28 26 28 25 27 25
22 33 21 33 21 31 22 31
24 33 23 34 22 33 23 32
36 19 36 20 34 20 34 19
27 29 25 27 26 26 28 28
21 34 19 32 20 31 22 33
12 23 13 23 13 22 12 22
22 35 24 35 24 33 22 33
35 20 34 19 35 18 36 19
26 33 25 34 24 33 25 32
11 24 12 25 13 24 12 23
27 27 27 29 26 29 26 27
27 35 26 35 26 33 27 33
36 21 35 22 34 21 35 20
26 34 27 35 28 34 27 33
30 35 29 35 29 31 30 31
25 28 22 28 22 27 25 27
24 34 21 31 23 29 26 32
27 28 26 29 25 28 26 27
29 26 28 25 31 22 32 23
14 14 17 17 18 16 15 13
25 29 26 29 26 32 25 32
12 16 15 19 16 18 13 15
28 33 27 33 27 30 28 30
32 32 29 35 28 34 31 31
28 27 31 30 32 29 29 26
31 33 31 34 28 34 28 33
33 30 33 32 32 32 32 30
18 36 15 33 16 32 19 35
13 30 14 31 18 27 17 26
28 37 26 35 28 33 30 35
24 29 22 27 23 26 25 28
29 27 28 27 28 26 29 26
12 32 13 32 13 30 12 30
16 36 18 36 18 33 16 33
31 32 32 32 32 33 31 33
15 35 16 36 19 33 18 32
12 31 11 30 12 29 13 30
29 29 28 28 29 27 30 28
31 27 31 29 29 29 29 27
14 35 15 35 15 33 14 33
12 35 13 36 14 35 13 34
27 39 21 33 25 29 31 35
29 39 27 39 27 35 29 35
27 41 22 36 24 34 29 39
