best-score: 852652
count: 7
elapsed-time: 4.518
410
35 39 34 38 35 37 36 38
21 11 20 12 21 13 22 12
36 39 35 39 35 38 36 38
39 23 38 24 37 23 38 22
39 22 39 23 38 23 38 22
35 16 36 17 37 16 36 15
31 35 32 35 32 34 31 34
26 32 25 31 26 30 27 31
27 24 27 25 26 25 26 24
20 13 19 14 18 13 19 12
26 16 27 17 28 16 27 15
19 13 20 13 20 12 19 12
28 25 27 26 26 25 27 24
32 33 31 34 32 35 33 34
19 19 18 19 18 18 19 18
35 28 36 28 36 27 35 27
15 21 14 21 14 20 15 20
34 29 35 29 35 28 34 28
19 30 20 30 20 29 19 29
13 27 14 28 15 27 14 26
13 25 14 26 15 25 14 24
28 28 27 29 28 30 29 29
15 26 15 27 14 27 14 26
29 31 30 32 31 31 30 30
26 29 27 29 27 30 26 30
13 28 14 28 14 27 13 27
20 28 19 28 19 27 20 27
33 33 32 33 32 32 33 32
33 28 32 29 33 30 34 29
16 28 15 27 16 26 17 27
33 31 32 32 31 31 32 30
14 29 13 28 14 27 15 28
25 30 26 31 27 30 26 29
24 18 23 17 24 16 25 17
34 32 33 32 33 31 34 31
33 37 33 38 32 38 32 37
17 26 16 25 17 24 18 25
24 17 24 18 23 18 23 17
18 27 17 27 17 26 18 26
25 28 24 29 23 28 24 27
19 24 19 25 18 25 18 24
37 29 36 30 35 29 36 28
28 31 27 31 27 30 28 30
35 17 36 17 36 16 35 16
28 26 27 26 27 25 28 25
37 17 36 16 37 15 38 16
15 34 14 35 15 36 16 35
33 35 32 34 33 33 34 34
34 35 33 35 33 34 34 34
28 17 27 17 27 16 28 16
28 24 27 25 28 26 29 25
14 19 14 20 13 20 13 19
15 12 16 12 16 13 15 13
20 25 19 24 20 23 21 24
15 14 14 13 15 12 16 13
29 22 30 22 30 23 29 23
14 14 15 14 15 13 14 13
29 15 28 16 29 17 30 16
20 18 19 19 18 18 19 17
33 29 33 30 32 30 32 29
25 16 25 17 24 17 24 16
14 12 13 13 14 14 15 13
32 31 31 32 32 33 33 32
26 17 25 16 26 15 27 16
29 36 30 36 30 37 29 37
14 18 13 19 14 20 15 19
14 31 13 30 14 29 15 30
15 18 15 19 14 19 14 18
20 26 19 27 18 26 19 25
38 15 38 16 37 16 37 15
29 32 28 32 28 31 29 31
17 25 16 25 16 24 17 24
27 23 28 23 28 24 27 24
16 33 15 34 14 33 15 32
37 14 37 15 36 15 36 14
18 29 19 30 20 29 19 28
17 20 18 20 18 19 17 19
30 31 31 31 31 32 30 32
18 28 19 29 20 28 19 27
31 30 32 30 32 31 31 31
37 19 36 18 37 17 38 18
34 37 35 37 35 38 34 38
27 32 26 32 26 31 27 31
37 24 38 24 38 23 37 23
15 29 14 29 14 28 15 28
39 16 38 17 37 16 38 15
33 39 32 38 33 37 34 38
39 17 38 17 38 16 39 16
39 14 38 15 37 14 38 13
19 11 18 12 19 13 20 12
18 11 19 11 19 12 18 12
34 39 33 39 33 38 34 38
35 40 34 39 35 38 36 39
34 40 35 40 35 39 34 39
29 24 29 25 28 25 28 24
37 18 38 18 38 17 37 17
18 14 19 14 19 13 18 13
13 26 12 26 12 25 13 25
34 30 33 29 34 28 35 29
17 23 16 24 17 25 18 24
30 33 29 32 30 31 31 32
16 19 15 20 14 19 15 18
16 27 16 28 15 28 15 27
34 18 35 19 36 18 35 17
35 24 36 25 37 24 36 23
20 17 20 18 19 18 19 17
17 18 16 19 17 20 18 19
13 12 14 12 14 13 13 13
30 29 31 30 32 29 31 28
24 31 23 30 24 29 25 30
16 18 17 18 17 19 16 19
35 31 34 32 33 31 34 30
17 29 16 30 15 29 16 28
21 26 20 27 19 26 20 25
36 19 37 19 37 18 36 18
35 30 35 31 34 31 34 30
25 15 26 15 26 16 25 16
17 28 18 28 18 29 17 29
35 18 36 19 37 18 36 17
13 14 12 13 13 12 14 13
28 22 27 23 28 24 29 23
31 29 31 30 30 30 30 29
29 30 30 30 30 31 29 31
15 33 16 33 16 32 15 32
24 30 25 30 25 31 24 31
18 23 18 24 17 24 17 23
21 27 20 27 20 26 21 26
28 33 27 32 28 31 29 32
33 36 32 37 33 38 34 37
36 24 36 25 35 25 35 24
12 14 13 14 13 13 12 13
14 25 13 26 14 27 15 26
14 34 15 34 15 33 14 33
17 17 16 18 17 19 18 18
16 20 15 20 15 19 16 19
16 29 17 29 17 30 16 30
32 28 31 29 32 30 33 29
13 24 14 24 14 25 13 25
29 33 30 33 30 32 29 32
23 15 24 16 25 15 24 14
34 19 35 19 35 18 34 18
27 33 28 34 29 33 28 32
18 17 19 18 20 17 19 16
23 31 24 32 25 31 24 30
27 34 28 34 28 33 27 33
30 28 29 29 30 30 31 29
35 20 36 21 37 20 36 19
34 17 33 18 34 19 35 18
36 29 35 30 34 29 35 28
16 34 15 33 16 32 17 33
29 28 30 28 30 29 29 29
36 20 35 20 35 19 36 19
17 21 16 20 17 19 18 20
34 36 34 37 33 37 33 36
18 16 19 16 19 17 18 17
23 32 24 32 24 31 23 31
23 29 24 29 24 30 23 30
28 29 29 29 29 30 28 30
16 31 15 30 16 29 17 30
32 36 33 37 34 36 33 35
33 16 34 17 35 16 34 15
33 17 34 17 34 18 33 18
15 35 16 35 16 34 15 34
31 27 31 28 30 28 30 27
17 31 17 32 16 32 16 31
22 28 23 28 23 29 22 29
16 36 15 35 16 34 17 35
31 37 30 36 31 35 32 36
37 28 37 29 36 29 36 28
17 34 16 34 16 33 17 33
21 29 20 28 21 27 22 28
26 34 25 33 26 32 27 33
31 36 32 36 32 37 31 37
17 36 16 36 16 35 17 35
32 16 33 16 33 17 32 17
27 28 28 28 28 29 27 29
16 22 17 23 18 22 17 21
37 21 36 21 36 20 37 20
31 38 30 37 31 36 32 37
18 36 18 37 17 37 17 36
16 37 15 37 15 36 16 36
17 38 16 37 17 36 18 37
16 21 17 21 17 20 16 20
26 35 27 35 27 34 26 34
18 33 17 34 16 33 17 32
18 38 17 37 18 36 19 37
15 31 16 32 17 31 16 30
38 20 37 21 36 20 37 19
37 26 36 27 37 28 38 27
26 33 26 34 25 34 25 33
25 35 26 36 27 35 26 34
19 38 18 38 18 37 19 37
14 36 15 36 15 35 14 35
15 22 16 22 16 21 15 21
26 27 25 28 26 29 27 28
14 30 15 30 15 31 14 31
30 35 31 35 31 36 30 36
16 38 15 37 16 36 17 37
25 36 26 36 26 35 25 35
18 32 18 33 17 33 17 32
21 28 21 29 20 29 20 28
28 27 27 28 28 29 29 28
18 35 17 36 16 35 17 34
31 17 30 16 31 15 32 16
24 37 25 38 26 37 25 36
38 19 38 20 37 20 37 19
21 30 20 29 21 28 22 29
18 34 18 35 17 35 17 34
39 18 38 19 37 18 38 17
39 19 38 19 38 18 39 18
40 18 39 19 38 18 39 17
40 17 40 18 39 18 39 17
19 36 18 35 19 34 20 35
25 32 26 33 27 32 26 31
30 38 31 38 31 37 30 37
22 27 22 28 21 28 21 27
19 33 19 34 18 34 18 33
20 33 19 34 18 33 19 32
13 37 14 38 15 37 14 36
29 27 29 28 28 28 28 27
13 35 14 36 15 35 14 34
19 35 18 36 17 35 18 34
24 33 23 32 24 31 25 32
20 37 19 38 18 37 19 36
13 34 14 34 14 35 13 35
13 29 14 30 15 29 14 28
24 35 25 36 26 35 25 34
27 27 28 28 29 27 28 26
29 34 30 35 31 34 30 33
22 30 21 30 21 29 22 29
26 28 27 28 27 27 26 27
20 32 20 33 19 33 19 32
20 34 20 35 19 35 19 34
25 29 26 30 27 29 26 28
31 39 30 38 31 37 32 38
29 39 28 38 29 37 30 38
32 39 31 39 31 38 32 38
33 40 32 39 33 38 34 39
32 40 33 40 33 39 32 39
33 41 32 40 33 39 34 40
34 41 33 41 33 40 34 40
30 26 29 27 30 28 31 27
21 34 20 34 20 33 21 33
24 34 25 34 25 35 24 35
28 35 27 34 28 33 29 34
21 31 20 30 21 29 22 30
19 31 18 32 19 33 20 32
29 35 28 35 28 34 29 34
20 36 20 37 19 37 19 36
24 28 25 28 25 29 24 29
22 32 21 33 20 32 21 31
23 27 22 28 23 29 24 28
20 31 21 31 21 30 20 30
21 35 20 36 19 35 20 34
28 36 29 37 30 36 29 35
22 31 23 31 23 30 22 30
23 33 24 34 25 33 24 32
29 26 30 26 30 27 29 27
18 31 19 31 19 32 18 32
21 36 20 36 20 35 21 35
30 25 29 26 28 25 29 24
18 30 18 31 17 31 17 30
22 35 21 36 20 35 21 34
27 36 28 36 28 35 27 35
21 32 20 31 21 30 22 31
22 33 23 33 23 32 22 32
22 34 22 35 21 35 21 34
23 36 22 35 23 34 24 35
27 37 26 37 26 36 27 36
28 37 27 36 28 35 29 36
27 38 28 38 28 37 27 37
40 21 39 22 37 20 38 19
17 15 15 13 16 12 18 14
28 20 29 20 29 22 28 22
27 19 26 19 26 17 27 17
22 37 24 37 24 35 22 35
24 22 26 24 27 23 25 21
15 15 13 17 12 16 14 14
24 25 22 27 21 26 23 24
33 22 32 21 34 19 35 20
23 26 21 26 21 24 23 24
25 20 23 18 24 17 26 19
12 23 13 24 15 22 14 21
30 18 28 20 27 19 29 17
13 23 14 24 16 22 15 21
38 25 38 27 36 27 36 25
17 14 17 15 15 15 15 14
31 20 29 22 30 23 32 21
24 26 24 27 23 27 23 26
21 20 20 21 18 19 19 18
25 27 24 26 26 24 27 25
19 22 18 23 16 21 17 20
36 35 34 37 35 38 37 36
21 38 20 37 21 36 22 37
17 12 16 13 17 14 18 13
16 16 17 17 18 16 17 15
19 20 19 22 18 22 18 20
24 12 24 14 22 14 22 12
22 16 20 18 21 19 23 17
37 35 35 37 34 36 36 34
30 19 31 20 33 18 32 17
36 32 36 34 34 34 34 32
35 14 35 16 33 16 33 14
23 38 22 37 23 36 24 37
27 18 29 20 30 19 28 17
22 19 22 20 21 20 21 19
25 22 24 22 24 21 25 21
15 16 16 16 16 18 15 18
25 25 26 25 26 27 25 27
37 31 36 32 35 31 36 30
32 25 30 25 30 23 32 23
31 22 30 22 30 20 31 20
23 22 21 20 22 19 24 21
39 24 38 25 37 24 38 23
39 25 38 25 38 24 39 24
34 13 33 14 34 15 35 14
26 21 25 22 27 24 28 23
17 13 18 13 18 12 17 12
38 36 37 36 37 35 38 35
21 22 21 24 19 24 19 22
36 36 34 36 34 35 36 35
34 25 32 23 33 22 35 24
12 24 13 24 13 23 12 23
34 27 35 27 35 25 34 25
31 26 33 28 34 27 32 25
21 16 20 17 22 19 23 18
37 34 37 35 36 35 36 34
33 27 34 27 34 28 33 28
21 15 22 16 23 15 22 14
36 13 35 14 36 15 37 14
35 13 36 13 36 14 35 14
24 24 23 24 23 22 24 22
20 14 18 16 19 17 21 15
33 26 33 27 31 27 31 26
26 20 26 21 25 21 25 20
25 24 25 25 24 25 24 24
29 19 30 19 30 20 29 20
16 15 15 16 17 18 18 17
20 16 19 16 19 14 20 14
37 38 36 38 36 36 37 36
35 26 34 27 35 28 36 27
11 25 12 26 13 25 12 24
11 24 12 24 12 25 11 25
22 15 22 16 21 16 21 15
21 14 20 14 20 13 21 13
34 26 33 27 34 28 35 27
26 22 26 24 25 24 25 22
32 26 31 27 32 28 33 27
23 19 25 21 26 20 24 18
25 26 24 25 25 24 26 25
21 17 20 17 20 16 21 16
23 14 22 15 24 17 25 16
28 19 29 19 29 17 28 17
20 15 21 16 22 15 21 14
22 18 23 18 23 19 22 19
27 20 28 20 28 19 27 19
18 15 19 16 20 15 19 14
17 16 18 16 18 15 17 15
27 9 24 12 27 15 30 12
11 33 12 34 15 31 14 30
29 9 29 12 27 12 27 9
11 31 14 31 14 33 11 33
32 20 31 20 31 17 32 17
35 21 32 21 32 20 35 20
26 12 27 12 27 15 26 15
19 23 18 22 21 19 22 20
32 12 29 15 26 12 29 9
35 23 36 23 36 21 35 21
12 15 15 15 15 16 12 16
33 19 30 19 30 18 33 18
14 17 13 17 13 14 14 14
38 33 37 34 34 31 35 30
34 22 33 22 33 19 34 19
34 24 35 25 36 24 35 23
34 20 35 21 36 20 35 19
28 13 32 17 33 16 29 12
33 25 32 26 29 23 30 22
30 15 29 15 29 12 30 12
23 23 20 26 21 27 24 24
32 18 33 19 34 18 33 17
12 30 11 31 14 34 15 33
31 13 34 13 34 15 31 15
33 24 34 24 34 25 33 25
24 10 22 12 24 14 26 12
25 10 25 12 24 12 24 10
24 9 20 13 21 14 25 10
25 14 26 15 28 13 27 12
34 23 35 23 35 24 34 24
20 24 19 25 18 24 19 23
31 24 33 24 33 22 31 22
36 22 35 23 34 22 35 21
12 29 13 29 13 30 12 30
31 16 30 16 30 15 31 15
33 21 32 20 33 19 34 20
24 15 25 15 25 14 24 14
31 19 30 18 31 17 32 18
21 23 20 24 23 27 24 26
23 16 24 16 24 15 23 15
22 22 21 23 18 20 19 19
22 17 23 17 23 16 22 16
31 21 30 20 31 19 32 20
23 21 22 22 23 23 24 22
22 21 23 21 23 22 22 22
24 19 24 21 23 21 23 19
21 18 22 18 22 17 21 17
20 19 21 19 21 18 20 18
20 20 19 20 19 19 20 19
21 21 20 21 20 20 21 20
28 11 28 13 21 13 21 11
26 9 25 10 27 12 28 11
