best-score: 727418
count: 8
elapsed-time: 4.524
187
24 20 23 21 24 22 25 21
25 20 25 21 24 21 24 20
13 33 12 32 13 31 14 32
15 32 16 33 17 32 16 31
17 33 16 33 16 32 17 32
31 34 31 35 30 35 30 34
23 22 24 22 24 21 23 21
12 16 11 15 12 14 13 15
11 27 12 27 12 26 11 26
15 31 16 31 16 32 15 32
11 18 12 18 12 17 11 17
18 34 17 35 16 34 17 33
28 29 27 30 28 31 29 30
28 32 27 31 28 30 29 31
27 32 28 32 28 31 27 31
15 33 14 32 15 31 16 32
15 34 16 34 16 33 15 33
24 23 23 22 24 21 25 22
14 34 13 35 12 34 13 33
29 29 29 30 28 30 28 29
13 18 12 19 11 18 12 17
23 24 24 25 25 24 24 23
13 17 12 18 11 17 12 16
17 34 18 34 18 33 17 33
14 33 15 33 15 32 14 32
25 23 24 23 24 22 25 22
13 34 14 34 14 33 13 33
15 35 14 34 15 33 16 34
13 16 13 17 12 17 12 16
16 35 17 35 17 34 16 34
12 35 13 35 13 34 12 34
14 35 15 35 15 34 14 34
12 33 11 34 12 35 13 34
15 36 14 35 15 34 16 35
16 36 15 36 15 35 16 35
13 32 13 33 12 33 12 32
11 33 12 33 12 34 11 34
14 31 14 32 13 32 13 31
10 31 12 33 13 32 11 30
10 29 11 30 13 28 12 27
18 25 20 25 20 27 18 27
30 32 30 34 28 34 28 32
30 24 28 24 28 23 30 23
17 23 18 23 18 25 17 25
15 17 15 18 13 18 13 17
31 30 31 31 29 31 29 30
22 19 24 21 25 20 23 18
32 17 30 15 31 14 33 16
31 28 30 27 32 25 33 26
26 28 28 30 29 29 27 27
22 24 23 24 23 22 22 22
20 20 22 22 23 21 21 19
33 30 31 30 31 28 33 28
29 27 30 27 30 29 29 29
25 30 27 30 27 31 25 31
33 27 35 27 35 26 33 26
16 18 14 20 13 19 15 17
17 15 15 17 13 15 15 13
19 17 17 19 16 18 18 16
15 15 15 16 13 16 13 15
30 21 31 21 31 19 30 19
14 21 12 23 14 25 16 23
15 29 15 31 14 31 14 29
22 29 24 31 25 30 23 28
20 19 19 18 21 16 22 17
27 25 29 27 30 26 28 24
27 21 27 22 25 22 25 21
21 17 22 17 22 19 21 19
17 16 15 18 13 16 15 14
14 22 16 22 16 21 14 21
26 25 25 24 27 22 28 23
30 31 29 30 30 29 31 30
29 32 31 34 32 33 30 31
17 17 15 17 15 16 17 16
27 33 25 35 23 33 25 31
16 25 18 27 20 25 18 23
23 25 22 24 24 22 25 23
28 33 27 32 28 31 29 32
17 14 17 15 15 15 15 14
17 22 17 23 16 23 16 22
19 15 18 16 17 15 18 14
26 27 27 27 27 25 26 25
17 13 18 13 18 14 17 14
30 30 29 31 30 32 31 31
23 15 21 17 19 15 21 13
14 23 16 23 16 25 14 25
18 15 18 16 17 16 17 15
13 22 14 22 14 23 13 23
21 20 20 20 20 19 21 19
24 24 24 25 23 25 23 24
17 18 19 18 19 17 17 17
29 33 28 34 27 33 28 32
28 25 26 27 28 29 30 27
27 24 28 24 28 25 27 25
19 16 21 16 21 17 19 17
25 28 26 28 26 27 25 27
16 19 17 19 17 18 16 18
31 33 30 34 29 33 30 32
32 31 32 33 31 33 31 31
19 14 19 15 18 15 18 14
13 20 14 21 16 19 15 18
27 23 27 24 25 24 25 23
29 21 27 23 25 21 27 19
18 17 17 16 18 15 19 16
14 19 14 20 13 20 13 19
29 20 29 21 27 21 27 20
23 30 25 30 25 28 23 28
27 18 25 20 27 22 29 20
23 14 21 16 19 14 21 12
28 19 27 19 27 18 28 18
18 19 17 18 18 17 19 18
23 26 25 28 26 27 24 25
19 13 21 13 21 14 19 14
32 29 31 30 32 31 33 30
21 15 23 15 23 14 21 14
28 22 28 23 27 23 27 22
31 20 30 21 29 20 30 19
18 12 17 13 18 14 19 13
19 12 19 13 18 13 18 12
19 20 17 22 16 21 18 19
20 21 19 20 20 19 21 20
23 17 21 19 19 17 21 15
19 21 20 21 20 20 19 20
18 20 16 22 17 23 19 21
17 20 18 20 18 19 17 19
10 25 14 25 14 29 10 29
22 9 19 12 21 14 24 11
10 24 12 26 16 22 14 20
12 13 15 13 15 14 12 14
21 28 17 32 18 33 22 29
16 26 13 23 14 22 17 25
27 34 23 34 23 33 27 33
27 17 27 18 23 18 23 17
26 11 23 14 27 18 30 15
22 25 20 27 21 28 23 26
21 26 23 26 23 28 21 28
14 30 11 27 12 26 15 29
14 11 12 13 15 16 17 14
33 14 31 14 31 11 33 11
26 35 23 32 24 31 27 34
33 24 33 26 30 26 30 24
13 26 12 26 12 23 13 23
16 28 13 28 13 26 16 26
32 26 29 29 30 30 33 27
17 26 16 26 16 25 17 25
24 35 25 35 25 31 24 31
20 24 22 24 22 25 20 25
20 32 23 32 23 33 20 33
18 29 15 29 15 27 18 27
12 25 11 26 12 27 13 26
26 31 23 34 24 35 27 32
16 27 14 29 16 31 18 29
26 18 27 19 28 18 27 17
32 24 29 21 31 19 34 22
29 36 27 34 28 33 30 35
31 22 30 23 32 25 33 24
19 33 15 29 16 28 20 32
19 22 22 25 23 24 20 21
17 27 16 28 15 27 16 26
34 21 34 22 31 22 31 21
17 21 19 21 19 22 17 22
26 29 25 30 26 31 27 30
24 16 23 17 25 19 26 18
33 29 30 26 32 24 35 27
19 29 19 33 18 33 18 29
16 20 17 20 17 21 16 21
20 30 17 33 16 32 19 29
22 26 19 29 17 27 20 24
28 28 28 29 26 29 26 28
31 25 31 28 28 28 28 25
17 30 20 30 20 32 17 32
24 28 22 26 23 25 25 27
23 35 20 32 24 28 27 31
38 14 31 21 28 18 35 11
38 16 33 16 33 14 38 14
21 31 16 31 16 28 21 28
18 35 23 35 23 34 18 34
26 16 24 16 24 11 26 11
32 16 32 17 27 17 27 16
17 36 16 35 17 34 18 35
18 36 17 36 17 35 18 35
17 37 16 36 17 35 18 36
16 37 17 37 17 36 16 36
32 12 27 17 26 16 31 11
37 17 32 12 33 11 38 16
37 21 34 21 34 17 37 17
32 13 21 13 21 12 32 12
