best-score: 734869
count: 19
elapsed-time: 4.512
49
24 25 23 25 23 24 24 24
24 21 25 22 26 21 25 20
15 7 13 9 14 10 16 8
25 27 23 25 24 24 26 26
11 20 10 20 10 18 11 18
20 23 20 25 18 25 18 23
26 23 24 25 23 24 25 22
18 15 20 15 20 14 18 14
24 26 26 26 26 25 24 25
23 10 22 11 24 13 25 12
13 16 12 16 12 14 13 14
10 11 9 11 9 9 10 9
23 12 25 12 25 10 23 10
24 23 26 23 26 21 24 21
6 14 10 18 12 16 8 12
17 28 15 26 18 23 20 25
5 20 8 23 11 20 8 17
21 17 18 20 15 17 18 14
26 11 22 11 22 9 26 9
15 15 18 15 18 17 15 17
21 20 18 23 15 20 18 17
24 17 21 17 21 13 24 13
11 13 12 14 15 11 14 10
11 12 11 13 8 13 8 12
22 21 21 20 24 17 25 18
25 19 25 20 21 20 21 19
15 23 18 23 18 20 15 20
9 14 8 13 10 11 11 12
6 15 9 15 9 14 6 14
27 10 26 11 25 10 26 9
18 19 21 19 21 17 18 17
20 28 15 23 18 20 23 25
12 7 10 9 18 17 20 15
4 14 10 20 15 15 9 9
21 28 20 28 20 25 21 25
23 26 21 28 18 25 20 23
20 18 25 18 25 15 20 15
26 18 25 19 20 14 21 13
12 11 15 11 15 7 12 7
8 26 15 26 15 23 8 23
26 19 25 19 25 18 26 18
12 13 13 14 18 9 17 8
11 14 12 14 12 13 11 13
9 16 11 18 13 16 11 14
9 24 12 24 12 16 9 16
7 14 6 15 8 17 9 16
16 28 17 28 17 8 16 8
15 29 11 25 12 24 16 28
23 29 15 29 15 26 23 26
