best-score: 798452
count: 18
elapsed-time: 4.501
217
25 28 24 27 25 26 26 27
28 11 27 12 26 11 27 10
25 8 24 9 25 10 26 9
14 28 13 27 14 26 15 27
15 28 14 28 14 27 15 27
26 28 25 28 25 27 26 27
12 23 12 24 11 24 11 23
19 25 20 25 20 24 19 24
13 14 14 14 14 15 13 15
14 17 13 16 14 15 15 16
13 13 14 14 15 13 14 12
17 12 18 13 19 12 18 11
22 23 21 23 21 22 22 22
20 11 19 12 20 13 21 12
12 14 13 14 13 13 12 13
10 24 11 25 12 24 11 23
19 26 18 25 19 24 20 25
10 23 11 24 12 23 11 22
13 18 14 18 14 17 13 17
10 25 11 25 11 24 10 24
14 16 13 17 14 18 15 17
14 9 15 9 15 10 14 10
13 26 14 26 14 27 13 27
20 12 20 13 19 13 19 12
24 26 25 26 25 27 24 27
12 15 13 15 13 16 12 16
23 22 22 22 22 21 23 21
11 27 10 26 11 25 12 26
19 23 20 24 21 23 20 22
17 13 18 13 18 12 17 12
19 10 19 11 18 11 18 10
15 18 14 19 13 18 14 17
13 22 14 22 14 23 13 23
25 15 24 15 24 14 25 14
12 17 11 16 12 15 13 16
25 16 24 15 25 14 26 15
21 11 21 12 20 12 20 11
11 17 12 17 12 16 11 16
21 16 20 17 19 16 20 15
20 9 19 10 20 11 21 10
25 9 26 9 26 10 25 10
17 11 18 12 19 11 18 10
12 18 11 17 12 16 13 17
23 23 22 24 21 23 22 22
11 14 12 15 13 14 12 13
19 17 20 17 20 16 19 16
27 11 26 11 26 10 27 10
15 19 14 19 14 18 15 18
21 21 20 22 19 21 20 20
10 22 11 22 11 23 10 23
18 26 19 26 19 25 18 25
13 24 12 23 13 22 14 23
24 10 25 11 26 10 25 9
15 15 14 16 13 15 14 14
24 11 25 11 25 10 24 10
18 14 17 13 18 12 19 13
21 25 20 26 19 25 20 24
28 12 27 12 27 11 28 11
24 8 25 8 25 9 24 9
21 15 21 16 20 16 20 15
20 10 21 10 21 9 20 9
16 16 15 16 15 15 16 15
23 9 24 9 24 10 23 10
11 15 12 15 12 14 11 14
21 24 22 24 22 25 21 25
19 14 18 14 18 13 19 13
23 24 22 25 21 24 22 23
22 10 21 11 20 10 21 9
21 14 20 15 19 14 20 13
22 20 21 21 22 22 23 21
12 22 11 23 10 22 11 21
26 16 25 16 25 15 26 15
25 12 24 11 25 10 26 11
22 15 21 15 21 14 22 14
21 17 20 16 21 15 22 16
20 14 20 15 19 15 19 14
21 26 20 26 20 25 21 25
22 27 21 26 22 25 23 26
18 16 19 17 20 16 19 15
20 23 21 23 21 24 20 24
20 21 21 21 21 22 20 22
22 11 21 11 21 10 22 10
26 18 25 17 26 16 27 17
12 21 12 22 11 22 11 21
19 20 20 20 20 21 19 21
21 13 20 14 19 13 20 12
19 22 20 22 20 23 19 23
23 11 22 10 23 9 24 10
13 21 12 22 13 23 14 22
24 13 25 14 26 13 25 12
22 26 22 27 21 27 21 26
25 13 24 13 24 12 25 12
26 14 25 15 26 16 27 15
23 12 24 12 24 11 23 11
18 15 19 15 19 16 18 16
22 9 21 10 22 11 23 10
26 12 25 13 24 12 25 11
27 13 26 13 26 12 27 12
21 20 22 20 22 21 21 21
22 17 21 17 21 16 22 16
20 19 19 20 20 21 21 20
23 16 22 17 21 16 22 15
18 23 19 24 20 23 19 22
18 24 19 24 19 23 18 23
21 18 20 19 19 18 20 17
27 14 27 15 26 15 26 14
23 25 23 26 22 26 22 25
28 13 27 14 26 13 27 12
28 14 27 14 27 13 28 13
29 13 28 14 27 13 28 12
29 12 29 13 28 13 28 12
22 18 23 18 23 17 22 17
23 27 22 26 23 25 24 26
22 13 21 12 22 11 23 12
17 14 18 15 19 14 18 13
20 18 21 18 21 17 20 17
17 15 18 15 18 14 17 14
22 19 21 18 22 17 23 18
17 25 18 26 19 25 18 24
21 19 22 19 22 18 21 18
23 15 23 16 22 16 22 15
24 16 23 15 24 14 25 15
19 19 20 19 20 18 19 18
24 18 23 17 24 16 25 17
23 14 22 15 21 14 22 13
22 12 22 13 21 13 21 12
23 13 22 14 21 13 22 12
23 20 22 21 21 20 22 19
16 14 15 15 16 16 17 15
17 24 17 25 16 25 16 24
16 12 15 13 16 14 17 13
24 17 25 17 25 16 24 16
18 18 19 19 20 18 19 17
16 23 17 24 18 23 17 22
16 11 17 11 17 12 16 12
16 13 17 13 17 14 16 14
24 19 23 19 23 18 24 18
17 26 16 25 17 24 18 25
24 21 23 20 24 19 25 20
18 17 19 17 19 18 18 18
15 14 16 15 17 14 16 13
25 18 24 19 23 18 24 17
24 20 24 21 23 21 23 20
17 16 18 17 19 16 18 15
16 17 15 16 16 15 17 16
25 19 25 20 24 20 24 19
14 13 13 14 14 15 15 14
13 12 14 12 14 13 13 13
15 12 16 13 17 12 16 11
14 11 13 12 14 13 15 12
26 17 26 18 25 18 25 17
12 11 11 12 12 13 13 12
13 10 14 11 15 10 14 9
16 18 15 18 15 17 16 17
15 11 15 12 14 12 14 11
17 17 16 18 15 17 16 16
27 16 27 17 26 17 26 16
16 10 16 11 15 11 15 10
13 11 14 11 14 10 13 10
11 10 12 11 13 10 12 9
28 15 27 16 26 15 27 14
28 16 27 16 27 15 28 15
29 15 28 16 27 15 28 14
29 14 29 15 28 15 28 14
30 13 29 14 28 13 29 12
30 14 29 14 29 13 30 13
12 12 13 12 13 11 12 11
11 13 12 13 12 12 11 12
10 14 11 15 12 14 11 13
8 14 9 15 10 14 9 13
10 13 11 13 11 14 10 14
9 12 10 13 11 12 10 11
10 12 10 13 9 13 9 12
11 11 10 12 11 13 12 12
10 10 11 10 11 11 10 11
28 19 27 20 25 18 26 17
7 17 9 19 11 17 9 15
12 20 13 21 15 19 14 18
18 19 16 21 17 22 19 20
12 27 10 25 11 24 13 26
9 16 11 16 11 15 9 15
18 20 19 20 19 19 18 19
13 20 12 20 12 18 13 18
17 21 19 21 19 22 17 22
25 23 23 21 24 20 26 22
16 19 18 19 18 18 16 18
15 21 13 21 13 20 15 20
15 24 13 26 14 27 16 25
25 24 23 24 23 23 25 23
26 23 25 24 23 22 24 21
14 21 13 20 14 19 15 20
15 25 14 26 12 24 13 23
27 25 25 27 24 26 26 24
8 15 9 16 11 14 10 13
17 18 16 19 15 18 16 17
11 26 12 26 12 27 11 27
17 23 16 24 14 22 15 21
18 22 17 23 18 24 19 23
16 26 15 25 16 24 17 25
15 22 14 23 15 24 16 23
26 26 25 26 25 24 26 24
16 20 15 20 15 19 16 19
27 27 26 27 26 26 27 26
16 22 15 22 15 21 16 21
17 20 17 21 16 21 16 20
15 23 16 23 16 24 15 24
13 25 15 25 15 24 13 24
15 26 16 26 16 25 15 25
17 19 16 20 15 19 16 18
25 22 26 22 26 23 25 23
9 14 9 15 8 15 8 14
12 25 13 25 13 26 12 26
8 17 12 21 13 20 9 16
8 21 11 21 11 17 8 17
7 15 8 15 8 17 7 17
9 22 8 21 12 17 13 18
10 19 10 22 9 22 9 19
