best-score: 777816
count: 11
elapsed-time: 4.508
128
29 18 28 19 27 18 28 17
26 19 25 18 26 17 27 18
27 17 28 17 28 18 27 18
29 17 28 18 27 17 28 16
29 19 28 19 28 18 29 18
22 15 21 14 22 13 23 14
20 13 19 12 20 11 21 12
20 12 19 12 19 11 20 11
23 27 24 27 24 28 23 28
11 12 10 13 11 14 12 13
29 16 29 17 28 17 28 16
11 22 10 21 11 20 12 21
25 19 26 19 26 20 25 20
30 17 30 18 29 18 29 17
21 13 20 13 20 12 21 12
11 21 11 22 10 22 10 21
12 20 12 21 11 21 11 20
22 14 21 14 21 13 22 13
23 15 22 15 22 14 23 14
23 13 22 14 23 15 24 14
24 13 24 14 23 14 23 13
12 9 10 11 11 12 13 10
9 19 11 21 12 20 10 18
26 28 28 28 28 29 26 29
24 18 25 18 25 16 24 16
12 11 12 13 10 13 10 11
19 13 17 13 17 12 19 12
23 18 21 20 23 22 25 20
17 22 15 24 16 25 18 23
26 16 24 18 25 19 27 17
20 14 19 13 20 12 21 13
24 11 22 13 21 12 23 10
25 30 23 28 24 27 26 29
27 16 27 17 26 17 26 16
12 18 10 18 10 17 12 17
11 30 12 30 12 28 11 28
26 15 25 16 26 17 27 16
14 18 14 20 12 20 12 18
24 22 26 24 28 22 26 20
16 12 17 13 19 11 18 10
30 16 29 16 29 14 30 14
23 24 24 24 24 22 23 22
30 10 30 12 29 12 29 10
25 15 26 15 26 16 25 16
14 23 12 23 12 21 14 21
16 23 18 23 18 25 16 25
31 17 30 18 29 17 30 16
14 9 14 11 12 11 12 9
31 16 31 17 30 17 30 16
13 26 12 25 14 23 15 24
16 20 17 20 17 22 16 22
19 14 20 14 20 13 19 13
30 15 29 16 30 17 31 16
17 10 17 12 16 12 16 10
28 15 27 16 28 17 29 16
15 10 14 11 13 10 14 9
17 16 15 14 17 12 19 14
27 15 28 15 28 16 27 16
14 22 12 20 14 18 16 20
20 15 19 14 20 13 21 14
22 17 20 17 20 15 22 15
29 13 27 15 28 16 30 14
24 15 22 17 23 18 25 16
26 14 25 15 26 16 27 15
27 14 27 15 26 15 26 14
27 13 29 13 29 14 27 14
25 14 25 15 24 15 24 14
28 13 27 14 28 15 29 14
26 13 25 14 26 15 27 14
23 16 24 16 24 15 23 15
26 11 26 13 24 13 24 11
27 10 26 11 28 13 29 12
27 8 24 11 26 13 29 10
23 8 27 8 27 10 23 10
20 33 16 29 19 26 23 30
14 31 11 28 13 26 16 29
33 13 30 16 27 13 30 10
25 32 23 30 26 27 28 29
23 32 25 32 25 30 23 30
16 28 12 28 12 25 16 25
27 25 24 28 23 27 26 24
13 14 15 14 15 10 13 10
21 10 24 13 26 11 23 8
13 22 13 26 11 26 11 22
22 10 23 10 23 13 22 13
13 17 14 18 18 14 17 13
17 23 16 22 20 18 21 19
13 20 12 21 13 22 14 21
16 17 13 20 10 17 13 14
15 12 13 14 12 13 14 11
20 22 23 22 23 18 20 18
27 26 29 26 29 25 27 25
17 19 21 19 21 20 17 20
11 15 13 15 13 14 11 14
20 21 16 17 17 16 21 20
23 9 22 10 26 14 27 13
21 9 19 11 20 12 22 10
22 9 22 10 21 10 21 9
16 18 20 18 20 17 16 17
16 15 16 17 13 17 13 15
17 14 15 12 17 10 19 12
10 16 12 18 13 17 11 15
24 23 23 24 26 27 27 26
18 16 17 16 17 14 18 14
19 23 16 20 17 19 20 22
21 26 18 23 20 21 23 24
21 23 21 26 19 26 19 23
19 17 17 19 16 18 18 16
21 33 16 28 21 23 26 28
18 37 11 30 16 25 23 32
27 33 21 33 21 26 27 26
33 23 28 28 24 24 29 19
16 34 12 30 19 23 23 27
12 34 16 34 16 30 12 30
30 22 30 28 28 28 28 22
27 24 24 27 17 20 20 17
15 20 17 22 22 17 20 15
27 20 27 24 26 24 26 20
15 27 23 27 23 24 15 24
15 18 16 18 16 20 15 20
23 29 23 30 16 30 16 29
28 32 27 33 23 29 24 28
18 34 12 28 17 23 23 29
16 37 18 37 18 34 16 34
33 25 30 28 27 25 30 22
26 21 25 20 26 19 27 20
15 21 14 21 14 20 15 20
29 23 33 23 33 25 29 25
