best-score: 630728
count: 7
elapsed-time: 4.523
176
33 37 34 37 34 38 33 38
14 34 15 35 16 34 15 33
25 32 24 33 23 32 24 31
30 18 31 19 32 18 31 17
18 18 19 18 19 17 18 17
20 21 20 22 19 22 19 21
38 20 37 20 37 19 38 19
27 36 28 37 29 36 28 35
19 13 20 14 21 13 20 12
28 27 28 28 27 28 27 27
15 24 14 23 15 22 16 23
36 21 37 21 37 22 36 22
13 24 12 24 12 23 13 23
36 20 37 21 38 20 37 19
37 23 36 24 35 23 36 22
18 26 17 26 17 25 18 25
13 22 12 23 13 24 14 23
38 21 37 22 36 21 37 20
20 18 19 19 18 18 19 17
20 19 19 19 19 18 20 18
14 22 14 23 13 23 13 22
32 10 30 12 32 14 34 12
33 10 33 12 32 12 32 10
10 26 12 28 14 26 12 24
25 26 27 28 28 27 26 25
22 20 20 22 19 21 21 19
16 19 17 20 19 18 18 17
24 25 22 27 20 25 22 23
21 29 22 29 22 27 21 27
27 34 29 34 29 36 27 36
22 21 24 23 25 22 23 20
29 17 29 18 27 18 27 17
25 19 25 20 23 20 23 19
28 14 26 16 27 17 29 15
14 31 13 31 13 29 14 29
24 21 24 23 22 23 22 21
20 20 22 20 22 21 20 21
24 22 26 24 28 22 26 20
18 16 20 16 20 14 18 14
23 29 21 27 23 25 25 27
24 24 26 24 26 25 24 25
26 23 25 22 27 20 28 21
19 28 17 30 15 28 17 26
30 14 32 14 32 12 30 12
17 16 18 16 18 17 17 17
27 30 25 30 25 28 27 28
20 23 20 25 18 25 18 23
26 18 27 18 27 20 26 20
16 21 18 23 19 22 17 20
36 35 37 35 37 33 36 33
35 18 37 20 38 19 36 17
22 33 24 33 24 31 22 31
27 19 26 20 25 19 26 18
28 24 26 24 26 23 28 23
23 30 25 30 25 32 23 32
21 30 22 31 23 30 22 29
17 32 17 34 16 34 16 32
27 26 27 27 25 27 25 26
21 17 23 17 23 19 21 19
14 32 16 32 16 31 14 31
19 15 18 16 19 17 20 16
13 26 12 27 14 29 15 28
35 25 37 25 37 23 35 23
36 26 35 25 36 24 37 25
29 32 27 34 25 32 27 30
31 16 31 17 29 17 29 16
12 32 14 32 14 34 12 34
26 26 27 27 29 25 28 24
23 23 22 24 23 25 24 24
24 29 23 30 24 31 25 30
26 22 25 22 25 20 26 20
21 32 22 33 23 32 22 31
21 22 20 23 19 22 20 21
18 21 18 23 16 23 16 21
33 34 35 36 36 35 34 33
32 16 31 17 29 15 30 14
28 20 27 19 29 17 30 18
14 24 14 26 13 26 13 24
15 23 14 24 13 23 14 22
21 23 20 23 20 22 21 22
18 31 17 32 16 31 17 30
22 18 21 19 20 18 21 17
22 30 23 30 23 29 22 29
16 24 15 24 15 23 16 23
21 15 21 17 19 17 19 15
15 31 14 32 15 33 16 32
30 22 28 24 26 22 28 20
13 33 12 32 13 31 14 32
18 19 19 19 19 21 18 21
22 16 22 18 20 18 20 16
27 21 28 21 28 20 27 20
16 18 18 18 18 19 16 19
15 27 13 29 15 31 17 29
30 23 28 23 28 22 30 22
24 18 23 19 22 18 23 17
24 16 26 16 26 18 24 18
21 31 22 31 22 30 21 30
23 15 22 16 23 17 24 16
20 30 21 31 22 30 21 29
21 24 22 24 22 23 21 23
20 29 21 29 21 30 20 30
13 35 12 34 13 33 14 34
15 15 14 16 16 18 17 17
32 24 30 22 31 21 33 23
19 32 18 31 20 29 21 30
23 13 23 15 21 15 21 13
19 30 19 32 17 32 17 30
10 29 13 29 13 26 10 26
24 39 21 36 24 33 27 36
15 13 19 13 19 15 15 15
32 21 29 18 31 16 34 19
32 22 36 22 36 24 32 24
25 35 22 38 18 34 21 31
31 22 32 22 32 21 31 21
36 16 32 16 32 14 36 14
32 26 28 22 31 19 35 23
33 32 33 34 29 34 29 32
14 37 16 37 16 34 14 34
15 36 14 37 15 38 16 37
31 32 29 34 25 30 27 28
19 36 21 36 21 32 19 32
19 27 19 28 15 28 15 27
29 20 28 21 30 23 31 22
32 20 36 20 36 21 32 21
13 36 15 36 15 35 13 35
34 17 34 19 31 19 31 17
18 20 15 23 16 24 19 21
21 34 19 36 17 34 19 32
19 24 21 24 21 27 19 27
24 17 27 20 29 18 26 15
30 13 34 17 37 14 33 10
30 24 32 24 32 26 30 26
17 24 18 25 19 24 18 23
35 17 37 19 38 18 36 16
25 37 28 37 28 35 25 35
36 18 35 18 35 17 36 17
36 34 33 37 34 38 37 35
12 33 15 36 17 34 14 31
14 14 17 14 17 16 14 16
16 14 15 15 14 14 15 13
30 20 32 20 32 18 30 18
25 33 25 35 24 35 24 33
19 38 15 38 15 36 19 36
26 32 25 33 22 30 23 29
16 25 17 25 17 24 16 24
31 18 29 20 27 18 29 16
23 36 21 34 22 33 24 35
17 22 19 22 19 24 17 24
15 20 17 20 17 22 15 22
15 34 19 38 21 36 17 32
26 33 25 33 25 32 26 32
14 21 15 22 16 21 15 20
14 19 16 19 16 21 14 21
15 18 14 19 15 20 16 19
12 15 15 18 17 16 14 13
12 18 15 18 15 15 12 15
25 43 20 38 25 33 30 38
8 31 13 36 15 34 10 29
24 7 17 14 23 20 30 13
31 27 37 33 38 32 32 26
28 12 28 14 20 14 20 12
33 18 35 18 35 23 33 23
35 12 35 17 34 17 34 12
20 33 22 33 22 38 20 38
29 29 28 28 30 26 31 27
35 29 29 29 29 25 35 25
34 26 36 26 36 33 34 33
30 10 28 12 30 14 32 12
28 10 30 10 30 12 28 12
26 8 21 13 23 15 28 10
29 8 29 15 26 15 26 8
29 31 24 31 24 29 29 29
25 12 29 16 33 12 29 8
32 34 29 31 34 26 37 29
22 7 24 7 24 16 22 16
16 43 25 43 25 37 16 37
