best-score: 632402
count: 4
elapsed-time: 4.525
121
32 25 31 26 32 27 33 26
16 26 14 28 16 30 18 28
17 14 17 16 16 16 16 14
14 26 16 26 16 25 14 25
26 18 24 20 25 21 27 19
26 27 25 27 25 25 26 25
28 19 27 19 27 17 28 17
34 24 32 24 32 23 34 23
41 40 40 39 42 37 43 38
33 25 35 25 35 26 33 26
21 43 19 41 20 40 22 42
37 16 35 18 37 20 39 18
25 26 26 27 27 26 26 25
21 24 19 26 20 27 22 25
41 18 41 19 39 19 39 18
19 33 17 35 18 36 20 34
33 23 32 24 33 25 34 24
17 33 17 35 14 35 14 33
38 32 34 32 34 28 38 28
21 20 24 20 24 19 21 19
17 21 14 24 16 26 19 23
31 41 27 41 27 37 31 37
39 38 43 38 43 35 39 35
35 35 35 37 31 37 31 35
30 34 31 35 34 32 33 31
20 38 22 38 22 34 20 34
36 16 37 16 37 20 36 20
22 28 18 28 18 25 22 25
38 40 34 44 31 41 35 37
44 44 41 44 41 40 44 40
37 25 34 28 38 32 41 29
34 18 31 21 33 23 36 20
25 42 22 42 22 38 25 38
19 40 20 40 20 38 19 38
22 21 25 21 25 25 22 25
19 19 16 16 18 14 21 17
36 32 39 35 42 32 39 29
41 35 38 38 35 35 38 32
23 27 22 28 26 32 27 31
19 30 16 30 16 26 19 26
41 24 38 27 34 23 37 20
19 36 18 36 18 33 19 33
15 40 19 40 19 41 15 41
19 21 17 21 17 19 19 19
28 23 26 25 22 21 24 19
22 35 25 38 27 36 24 33
21 12 17 16 21 20 25 16
39 40 38 40 38 38 39 38
21 21 19 23 23 27 25 25
28 25 26 25 26 23 28 23
38 39 39 40 40 39 39 38
19 17 17 19 19 21 21 19
28 27 32 27 32 25 28 25
17 24 18 25 22 21 21 20
32 19 32 23 28 23 28 19
15 22 14 23 16 25 17 24
31 30 28 27 32 23 35 26
21 23 19 23 19 21 21 21
17 23 17 24 14 24 14 23
33 30 31 30 31 26 33 26
19 25 17 23 19 21 21 23
10 37 15 42 19 38 14 33
27 12 27 17 21 17 21 12
21 46 15 40 19 36 25 42
26 46 22 42 27 37 31 41
7 33 15 41 22 34 14 26
12 29 19 36 23 32 16 25
9 30 14 35 19 30 14 25
27 46 26 46 26 41 27 41
7 28 14 28 14 33 7 33
44 22 38 28 35 25 41 19
17 28 18 28 18 33 17 33
35 23 34 23 34 18 35 18
18 16 25 16 25 14 18 14
33 16 26 23 28 25 35 18
22 36 27 41 31 37 26 32
30 28 30 34 22 34 22 28
34 38 34 44 33 44 33 38
20 32 23 32 23 27 20 27
39 24 41 24 41 29 39 29
33 36 27 36 27 31 33 31
14 30 17 33 22 28 19 25
31 16 31 21 25 21 25 16
41 21 37 25 35 23 39 19
30 15 28 17 25 14 27 12
35 41 42 41 42 37 35 37
33 14 36 14 36 16 33 16
26 19 32 25 34 23 28 17
37 22 44 22 44 25 37 25
28 32 26 32 26 27 28 27
41 34 36 29 38 27 43 32
15 35 20 40 22 38 17 33
24 30 24 33 19 33 19 30
24 18 26 18 26 19 24 19
42 19 42 21 41 21 41 19
36 28 33 31 30 28 33 25
32 13 30 15 31 16 33 14
45 16 42 19 41 18 44 15
41 47 35 41 38 38 44 44
34 47 41 47 41 44 34 44
35 48 34 47 41 40 42 41
31 48 35 48 35 41 31 41
32 47 31 48 25 42 26 41
35 34 33 36 29 32 31 30
35 20 32 23 28 19 31 16
25 35 27 37 30 34 28 32
40 19 37 22 39 24 42 21
39 34 39 35 35 35 35 34
25 30 31 30 31 35 25 35
40 17 39 18 40 19 41 18
26 31 24 33 23 32 25 30
24 27 25 27 25 30 24 30
23 38 18 33 24 27 29 32
23 24 22 25 24 27 25 26
24 24 24 27 23 27 23 24
23 23 23 24 21 24 21 23
48 29 39 38 35 34 44 25
48 34 41 34 41 29 48 29
20 39 27 46 39 34 32 27
21 32 33 44 38 39 26 27
43 21 43 32 42 32 42 21
