best-score: 602069
count: 5
elapsed-time: 4.528
107
38 35 37 36 36 35 37 34
36 34 36 35 35 35 35 34
21 20 20 20 20 19 21 19
34 24 33 24 33 23 34 23
22 17 23 17 23 18 22 18
22 20 21 21 20 20 21 19
22 21 21 21 21 20 22 20
32 23 33 23 33 21 32 21
21 38 20 38 20 36 21 36
19 37 19 39 18 39 18 37
37 19 39 19 39 18 37 18
41 18 39 18 39 17 41 17
33 22 32 23 33 24 34 23
18 38 19 39 20 38 19 37
20 16 22 18 23 17 21 15
24 19 22 21 21 20 23 18
38 24 36 26 37 27 39 25
35 19 33 21 31 19 33 17
31 40 32 40 32 42 31 42
36 33 35 34 33 32 34 31
37 33 37 34 36 34 36 33
30 37 29 38 31 40 32 39
39 16 37 18 39 20 41 18
12 40 14 42 18 38 16 36
31 27 30 26 33 23 34 24
24 39 21 36 24 33 27 36
40 27 38 29 35 26 37 24
26 15 23 18 22 17 25 14
16 32 15 33 19 37 20 36
23 29 27 33 30 30 26 26
38 39 36 39 36 35 38 35
25 17 23 17 23 14 25 14
16 33 20 33 20 36 16 36
24 15 24 19 21 19 21 15
31 23 32 23 32 27 31 27
29 26 30 26 30 30 29 30
25 33 27 33 27 36 25 36
36 40 32 40 32 39 36 39
36 17 36 21 33 21 33 17
36 16 39 16 39 17 36 17
34 27 37 27 37 24 34 24
32 31 34 31 34 27 32 27
38 14 36 16 39 19 41 17
14 31 16 31 16 32 14 32
37 38 36 39 37 40 38 39
32 25 34 27 35 26 33 24
26 25 29 25 29 26 26 26
24 30 25 30 25 33 24 33
44 22 42 24 37 19 39 17
29 43 22 36 25 33 32 40
13 34 18 39 21 36 16 31
13 36 18 41 21 38 16 33
17 12 15 14 20 19 22 17
30 11 26 15 32 21 36 17
21 43 29 43 29 38 21 38
29 46 21 38 28 31 36 39
42 18 42 24 41 24 41 18
35 33 36 33 36 26 35 26
22 23 21 24 28 31 29 30
34 17 26 25 32 31 40 23
28 39 32 39 32 31 28 31
41 35 38 35 38 29 41 29
34 34 35 35 36 34 35 33
26 24 26 25 21 25 21 24
41 28 36 33 37 34 42 29
28 37 27 36 32 31 33 32
40 35 37 38 29 30 32 27
42 28 42 29 41 29 41 28
37 32 40 32 40 27 37 27
36 23 32 27 24 19 28 15
27 23 22 23 22 21 27 21
39 31 31 23 33 21 41 29
29 36 37 36 37 38 29 38
34 33 35 33 35 34 34 34
27 38 28 39 29 38 28 37
21 40 23 42 27 38 25 36
29 21 27 23 29 25 31 23
23 19 22 20 26 24 27 23
43 17 42 18 41 17 42 16
38 28 41 28 41 24 38 24
38 34 37 33 39 31 40 32
40 21 37 24 36 23 39 20
40 26 36 26 36 23 40 23
27 15 25 17 29 21 31 19
44 26 42 28 40 26 42 24
44 27 40 27 40 26 44 26
28 21 27 21 27 15 28 15
20 29 24 33 32 25 28 21
23 26 23 29 20 29 20 26
18 27 14 31 16 33 20 29
22 44 21 43 37 27 38 28
25 44 22 44 22 36 25 36
22 26 36 40 41 35 27 21
42 30 42 37 30 37 30 30
14 19 25 30 29 26 18 15
43 29 42 30 41 29 42 28
43 30 42 30 42 29 43 29
45 28 43 30 42 29 44 27
45 24 45 28 42 28 42 24
44 23 40 27 41 28 45 24
21 27 20 26 21 25 22 26
14 16 20 16 20 19 14 19
18 25 21 25 21 27 18 27
40 22 44 22 44 23 40 23
22 29 18 25 22 21 26 25
36 22 40 22 40 21 36 21
34 22 36 22 36 23 34 23
