best-score: 1041800
count: 27
elapsed-time: 4.503
149
6 15 7 16 8 15 7 14
8 24 7 23 8 22 9 23
6 10 7 11 8 10 7 9
6 11 7 11 7 10 6 10
10 13 9 13 9 12 10 12
9 14 8 13 9 12 10 13
20 12 21 13 22 12 21 11
9 11 8 11 8 10 9 10
21 17 22 17 22 18 21 18
13 18 12 17 13 16 14 17
21 12 21 13 20 13 20 12
8 23 7 23 7 22 8 22
8 12 9 13 10 12 9 11
22 19 21 18 22 17 23 18
21 23 20 23 20 22 21 22
9 22 8 23 7 22 8 21
9 21 9 22 8 22 8 21
10 22 9 21 10 20 11 21
12 19 13 19 13 18 12 18
8 9 7 10 8 11 9 10
22 13 23 13 23 12 22 12
10 11 11 12 12 11 11 10
8 8 8 9 7 9 7 8
7 12 8 12 8 11 7 11
11 19 10 20 9 19 10 18
11 11 11 12 10 12 10 11
22 16 21 17 22 18 23 17
8 14 9 14 9 13 8 13
22 11 21 12 22 13 23 12
10 24 9 23 10 22 11 23
6 13 7 14 8 13 7 12
6 8 7 9 8 8 7 7
6 7 7 7 7 8 6 8
9 24 8 24 8 23 9 23
12 20 11 19 12 18 13 19
8 20 7 21 8 22 9 21
11 13 10 12 11 11 12 12
23 19 22 19 22 18 23 18
14 19 13 20 12 19 13 18
12 10 12 11 11 11 11 10
23 16 23 17 22 17 22 16
10 23 9 23 9 22 10 22
9 20 8 20 8 19 9 19
11 20 12 20 12 19 11 19
22 10 22 11 21 11 21 10
22 9 21 10 22 11 23 10
7 15 8 15 8 14 7 14
7 20 8 21 9 20 8 19
11 24 10 24 10 23 11 23
6 16 7 16 7 15 6 15
10 25 9 24 10 23 11 24
9 25 10 25 10 24 9 24
23 9 23 10 22 10 22 9
14 20 13 20 13 19 14 19
12 13 11 13 11 12 12 12
10 21 11 21 11 20 10 20
11 14 10 13 11 12 12 13
11 22 10 23 9 22 10 21
10 14 11 14 11 13 10 13
10 19 9 20 10 21 11 20
9 18 10 18 10 19 9 19
9 15 8 14 9 13 10 14
10 15 9 15 9 14 10 14
9 16 8 15 9 14 10 15
10 17 9 18 8 17 9 16
11 18 10 17 11 16 12 17
12 15 11 16 10 15 11 14
12 16 13 16 13 15 12 15
8 16 9 16 9 15 8 15
11 17 12 17 12 18 11 18
7 17 8 17 8 16 7 16
13 17 12 18 11 17 12 16
10 16 11 16 11 17 10 17
14 18 13 18 13 17 14 17
9 17 8 16 9 15 10 16
15 19 14 20 13 19 14 18
16 18 15 19 16 20 17 19
15 18 15 19 14 19 14 18
16 19 17 19 17 18 16 18
16 17 15 18 16 19 17 18
8 18 9 18 9 17 8 17
15 20 16 20 16 19 15 19
7 19 8 20 9 19 8 18
15 17 16 17 16 18 15 18
7 18 8 18 8 19 7 19
15 21 14 21 14 20 15 20
6 17 7 18 8 17 7 16
6 18 7 18 7 17 6 17
5 17 6 18 7 17 6 16
5 16 6 16 6 17 5 17
14 16 13 17 14 18 15 17
15 16 15 17 14 17 14 16
9 6 7 8 8 9 10 7
20 10 21 10 21 8 20 8
14 12 12 12 12 11 14 11
21 9 20 10 21 11 22 10
18 16 16 18 15 17 17 15
21 21 20 20 22 18 23 19
23 15 22 16 20 14 21 13
19 20 17 18 19 16 21 18
12 23 11 22 13 20 14 21
19 22 20 22 20 20 19 20
22 22 21 23 20 22 21 21
18 22 17 23 15 21 16 20
21 20 20 20 20 18 21 18
24 21 23 22 21 20 22 19
19 15 18 16 20 18 21 17
20 21 19 22 20 23 21 22
12 22 12 23 11 23 11 22
22 21 22 22 21 22 21 21
18 15 19 15 19 16 18 16
17 14 15 16 16 17 18 15
13 23 12 22 14 20 15 21
13 22 12 22 12 20 13 20
21 14 19 16 18 15 20 13
22 14 21 14 21 13 22 13
18 14 18 15 17 15 17 14
24 15 23 16 21 14 22 13
24 16 23 16 23 15 24 15
19 13 18 14 19 15 20 14
18 12 19 13 20 12 19 11
19 14 20 14 20 13 19 13
18 10 20 10 20 12 18 12
19 9 18 10 19 11 20 10
9 7 8 8 11 11 12 10
20 17 21 17 21 14 20 14
18 23 15 20 16 19 19 22
19 23 18 23 18 22 19 22
12 8 9 11 8 10 11 7
17 22 17 23 13 23 13 22
19 21 18 22 19 23 20 22
17 17 20 17 20 18 17 18
15 11 14 12 17 15 18 14
14 8 14 10 12 10 12 8
16 15 17 15 17 17 16 17
18 7 14 11 17 14 21 10
10 10 9 10 9 7 10 7
17 11 13 15 14 16 18 12
18 18 17 19 19 21 20 20
15 7 14 8 17 11 18 10
7 6 9 6 9 7 7 7
18 19 18 22 17 22 17 19
17 7 17 11 15 11 15 7
17 13 19 13 19 11 17 11
18 8 15 11 14 10 17 7
19 7 18 8 19 9 20 8
19 8 18 8 18 7 19 7
12 14 17 14 17 13 12 13
11 15 10 14 11 13 12 14
