best-score: 761083
count: 9
elapsed-time: 4.509
260
10 33 11 34 12 33 11 32
17 17 16 18 17 19 18 18
27 28 26 29 25 28 26 27
16 35 15 34 16 33 17 34
31 20 32 20 32 19 31 19
23 19 23 20 22 20 22 19
17 20 16 20 16 19 17 19
19 31 19 32 18 32 18 31
30 13 31 14 32 13 31 12
34 30 35 30 35 29 34 29
31 21 30 20 31 19 32 20
18 19 17 20 18 21 19 20
16 16 17 16 17 17 16 17
26 28 27 28 27 29 26 29
27 16 28 16 28 17 27 17
32 15 31 16 30 15 31 14
27 15 26 16 27 17 28 16
31 15 31 16 30 16 30 15
13 34 14 35 15 34 14 33
30 30 31 30 31 31 30 31
30 21 31 21 31 20 30 20
21 13 20 14 21 15 22 14
18 17 19 18 20 17 19 16
15 23 14 24 15 25 16 24
29 15 30 16 31 15 30 14
22 13 21 13 21 12 22 12
32 21 31 20 32 19 33 20
31 13 31 14 30 14 30 13
31 22 32 22 32 21 31 21
18 20 19 20 19 19 18 19
17 18 18 18 18 19 17 19
18 15 17 14 18 13 19 14
16 21 15 21 15 20 16 20
16 22 15 21 16 20 17 21
16 34 17 34 17 33 16 33
20 20 20 21 19 21 19 20
19 17 19 18 18 18 18 17
22 18 21 19 22 20 23 19
18 22 17 21 18 20 19 21
25 27 26 27 26 28 25 28
29 14 30 14 30 15 29 15
27 27 26 28 25 27 26 26
15 35 16 35 16 34 15 34
27 26 27 27 26 27 26 26
33 21 32 21 32 20 33 20
26 15 27 15 27 16 26 16
20 16 20 17 19 17 19 16
32 14 32 15 31 15 31 14
33 15 32 16 31 15 32 14
17 22 18 22 18 21 17 21
20 18 19 19 20 20 21 19
15 18 16 19 17 18 16 17
33 16 32 16 32 15 33 15
32 23 31 22 32 21 33 22
32 12 31 13 32 14 33 13
15 19 16 19 16 18 15 18
15 17 14 18 15 19 16 18
19 22 18 23 17 22 18 21
21 18 22 18 22 19 21 19
14 17 15 17 15 18 14 18
33 14 32 14 32 13 33 13
33 23 32 23 32 22 33 22
28 13 29 14 30 13 29 12
21 17 21 18 20 18 20 17
22 16 21 17 20 16 21 15
20 19 19 19 19 18 20 18
34 15 33 16 32 15 33 14
21 20 20 20 20 19 21 19
34 22 33 23 32 22 33 21
21 22 20 23 19 22 20 21
19 23 18 23 18 22 19 22
29 13 29 14 28 14 28 13
34 14 34 15 33 15 33 14
22 21 21 20 22 19 23 20
34 21 34 22 33 22 33 21
19 25 18 24 19 23 20 24
21 21 22 21 22 20 21 20
19 24 20 24 20 23 19 23
30 12 30 13 29 13 29 12
23 22 22 23 21 22 22 21
17 24 18 25 19 24 18 23
20 22 19 21 20 20 21 21
17 25 18 25 18 24 17 24
21 23 20 23 20 22 21 22
21 24 20 25 19 24 20 23
17 23 16 24 17 25 18 24
22 24 21 24 21 23 22 23
16 23 17 23 17 24 16 24
21 25 20 25 20 24 21 24
15 22 16 23 17 22 16 21
10 21 12 23 13 22 11 20
19 36 17 34 19 32 21 34
36 23 35 24 33 22 34 21
36 12 34 14 33 13 35 11
24 10 22 12 24 14 26 12
36 32 35 33 33 31 34 30
17 36 19 36 19 34 17 34
22 36 20 34 22 32 24 34
20 10 19 11 21 13 22 12
24 36 22 36 22 34 24 34
13 20 11 20 11 19 13 19
14 26 13 27 11 25 12 24
28 23 26 21 28 19 30 21
30 24 29 23 31 21 32 22
31 33 33 33 33 31 31 31
23 28 21 30 23 32 25 30
26 34 25 33 27 31 28 32
24 12 25 12 25 14 24 14
25 18 26 19 28 17 27 16
28 35 26 35 26 34 28 34
27 19 27 21 26 21 26 19
15 31 17 33 18 32 16 30
31 18 32 18 32 16 31 16
29 28 27 28 27 27 29 27
15 13 14 14 12 12 13 11
24 16 22 16 22 14 24 14
27 11 26 12 28 14 29 13
13 32 13 34 11 34 11 32
26 14 24 16 22 14 24 12
26 20 24 18 25 17 27 19
30 22 31 22 31 24 30 24
14 23 14 24 12 24 12 23
14 16 16 16 16 14 14 14
25 20 23 22 24 23 26 21
13 18 11 18 11 16 13 16
20 32 21 32 21 34 20 34
29 33 28 32 30 30 31 31
22 30 22 32 21 32 21 30
29 11 29 12 27 12 27 11
14 19 13 19 13 18 14 18
17 13 16 14 15 13 16 12
20 15 19 14 21 12 22 13
24 17 25 17 25 18 24 18
12 35 14 35 14 33 12 33
19 33 18 32 19 31 20 32
25 15 26 15 26 14 25 14
14 13 14 14 12 14 12 13
32 32 31 33 32 34 33 33
13 29 12 29 12 27 13 27
14 21 13 22 14 23 15 22
27 14 26 14 26 12 27 12
15 11 15 13 14 13 14 11
29 17 31 19 32 18 30 16
34 17 32 19 31 18 33 16
14 20 15 20 15 19 14 19
24 21 24 23 22 23 22 21
22 10 24 10 24 12 22 12
9 18 11 20 13 18 11 16
9 19 11 19 11 18 9 18
16 26 14 26 14 24 16 24
21 16 20 16 20 15 21 15
14 22 15 22 15 21 14 21
15 27 14 26 15 25 16 26
28 29 30 31 31 30 29 28
23 30 25 30 25 28 23 28
21 31 20 30 21 29 22 30
25 22 23 22 23 20 25 20
13 25 15 25 15 27 13 27
16 28 14 30 13 29 15 27
16 13 17 13 17 14 16 14
15 15 14 16 15 17 16 16
14 28 16 28 16 30 14 30
26 13 25 14 26 15 27 14
23 16 21 18 22 19 24 17
19 15 20 15 20 14 19 14
18 12 17 13 19 15 20 14
32 30 31 31 32 32 33 31
29 19 28 19 28 17 29 17
28 31 27 31 27 29 28 29
31 29 32 29 32 30 31 30
28 28 30 30 31 29 29 27
28 15 27 15 27 14 28 14
13 21 14 21 14 20 13 20
17 12 18 12 18 13 17 13
26 11 25 12 26 13 27 12
12 20 13 21 14 20 13 19
15 10 14 11 16 13 17 12
22 17 21 17 21 16 22 16
18 16 19 16 19 15 18 15
29 16 28 16 28 15 29 15
28 22 27 21 29 19 30 20
34 32 32 32 32 30 34 30
30 19 28 17 29 16 31 18
27 32 25 30 26 29 28 31
30 17 29 17 29 16 30 16
25 11 26 11 26 12 25 12
17 15 16 16 17 17 18 16
28 21 30 21 30 22 28 22
29 20 30 20 30 19 29 19
30 32 28 32 28 31 30 31
11 23 12 24 14 22 13 21
30 34 32 34 32 32 30 32
29 35 28 34 29 33 30 34
31 35 29 35 29 33 31 33
30 18 31 18 31 19 30 19
18 14 18 15 17 15 17 14
19 13 19 14 18 14 18 13
10 29 12 29 12 33 10 33
9 28 10 29 12 27 11 26
10 22 13 22 13 21 10 21
19 10 19 11 15 11 15 10
9 21 10 22 12 20 11 19
9 17 11 19 14 16 12 14
24 37 21 34 23 32 26 35
11 28 14 28 14 26 11 26
25 26 24 27 21 24 22 23
23 25 22 24 26 20 27 21
32 27 29 27 29 23 32 23
25 23 28 23 28 22 25 22
19 29 20 29 20 25 19 25
35 20 33 20 33 16 35 16
24 26 25 26 25 27 24 27
25 25 26 26 29 23 28 22
21 28 23 28 23 25 21 25
34 27 34 29 32 29 32 27
20 28 21 29 24 26 23 25
26 25 25 26 26 27 27 26
23 31 27 31 27 32 23 32
14 27 12 29 16 33 18 31
12 30 11 31 15 35 16 34
29 30 29 33 25 33 25 30
20 11 18 13 17 12 19 10
13 14 16 17 17 16 14 13
13 26 14 27 17 24 16 23
18 30 19 31 20 30 19 29
37 26 34 29 32 27 35 24
10 15 11 16 13 14 12 13
9 31 11 31 11 28 9 28
24 25 25 25 25 23 24 23
34 19 33 20 34 21 35 20
35 26 34 27 31 24 32 23
24 32 23 31 26 28 27 29
31 26 35 26 35 24 31 24
17 26 20 29 21 28 18 25
29 24 27 26 29 28 31 26
34 18 34 19 32 19 32 18
16 31 18 31 18 30 16 30
20 13 19 13 19 11 20 11
30 28 30 30 29 30 29 28
35 19 33 21 32 20 34 18
17 27 16 27 16 26 17 26
37 29 35 29 35 26 37 26
15 33 16 33 16 31 15 31
13 24 16 27 17 26 14 23
15 30 13 32 14 33 16 31
18 26 17 27 19 29 20 28
21 14 20 14 20 13 21 13
18 29 16 31 19 34 21 32
19 30 18 30 18 29 19 29
10 25 11 26 13 24 12 23
10 23 11 23 11 25 10 25
8 21 10 23 13 20 11 18
8 19 9 19 9 21 8 21
20 31 19 31 19 30 20 30
29 36 28 35 34 29 35 30
29 37 24 37 24 36 29 36
36 31 33 31 33 23 36 23
26 37 21 32 23 30 28 35
27 39 24 36 26 34 29 37
29 25 34 30 35 29 30 24
