best-score: 607103
count: 6
elapsed-time: 4.526
170
20 25 19 26 18 25 19 24
34 22 35 23 36 22 35 21
23 19 22 20 21 19 22 18
23 17 23 18 22 18 22 17
26 32 25 33 26 34 27 33
17 34 16 35 15 34 16 33
35 22 36 22 36 23 35 23
16 34 15 34 15 33 16 33
18 32 19 32 19 31 18 31
20 14 19 14 19 13 20 13
18 17 19 17 19 16 18 16
30 20 29 20 29 19 30 19
26 33 26 34 25 34 25 33
14 31 13 32 14 33 15 32
21 30 22 30 22 31 21 31
28 19 29 20 30 19 29 18
34 21 35 21 35 22 34 22
13 33 14 34 15 33 14 32
23 30 22 31 21 30 22 29
23 21 24 21 24 22 23 22
19 25 18 25 18 24 19 24
15 31 15 32 14 32 14 31
27 32 27 33 26 33 26 32
25 21 24 22 23 21 24 20
28 18 29 18 29 19 28 19
13 34 14 34 14 33 13 33
20 26 19 26 19 25 20 25
23 29 23 30 22 30 22 29
25 20 25 21 24 21 24 20
14 35 13 34 14 33 15 34
15 35 14 35 14 34 15 34
16 36 15 35 16 34 17 35
17 36 16 36 16 35 17 35
28 35 27 36 25 34 26 33
20 20 22 20 22 18 20 18
38 37 38 39 37 39 37 37
17 31 15 33 16 34 18 32
25 17 23 17 23 15 25 15
19 19 20 20 21 19 20 18
33 19 34 19 34 17 33 17
28 36 27 36 27 35 28 35
32 35 34 35 34 34 32 34
21 15 19 17 18 16 20 14
18 29 18 31 17 31 17 29
23 33 21 31 22 30 24 32
27 21 26 20 28 18 29 19
23 36 25 36 25 34 23 34
21 21 23 21 23 19 21 19
21 17 21 19 19 19 19 17
22 22 21 21 22 20 23 21
22 19 24 21 25 20 23 18
29 35 28 36 27 35 28 34
24 35 23 36 24 37 25 36
25 22 27 22 27 21 25 21
31 16 29 18 28 17 30 15
26 18 24 20 23 19 25 17
23 28 25 28 25 29 23 29
22 15 22 17 21 17 21 15
17 30 15 32 16 33 18 31
35 35 34 34 36 32 37 33
24 33 23 34 24 35 25 34
35 33 37 33 37 35 35 35
20 29 18 31 19 32 21 30
23 13 23 15 22 15 22 13
21 16 19 14 20 13 22 15
24 23 23 22 24 21 25 22
20 31 19 31 19 29 20 29
30 36 29 35 31 33 32 34
29 34 29 35 28 35 28 34
23 32 24 32 24 33 23 33
22 16 21 17 22 18 23 17
25 23 24 23 24 22 25 22
34 36 35 36 35 35 34 35
36 38 34 36 35 35 37 37
25 18 26 18 26 20 25 20
22 14 21 15 22 16 23 15
27 25 25 23 27 21 29 23
27 20 25 18 26 17 28 19
29 21 27 21 27 20 29 20
27 23 27 25 25 25 25 23
29 22 29 23 27 23 27 22
27 24 25 22 27 20 29 22
12 28 15 31 17 29 14 26
21 27 20 26 24 22 25 23
32 22 29 22 29 21 32 21
29 31 32 31 32 34 29 34
30 35 29 34 32 31 33 32
30 32 28 34 27 33 29 31
38 19 35 22 34 21 37 18
21 20 18 17 19 16 22 19
22 38 23 39 27 35 26 34
34 30 31 33 30 32 33 29
15 20 19 20 19 19 15 19
22 26 22 29 20 29 20 26
20 37 24 37 24 35 20 35
32 36 30 36 30 35 32 35
17 15 14 18 15 19 18 16
20 34 20 35 17 35 17 34
31 23 29 21 30 20 32 22
13 26 17 30 18 29 14 25
27 28 30 28 30 32 27 32
20 28 22 30 23 29 21 27
37 19 38 19 38 18 37 18
31 19 33 19 33 23 31 23
28 29 24 33 23 32 27 28
18 26 14 26 14 25 18 25
33 21 32 22 33 23 34 22
35 19 33 21 31 19 33 17
22 35 20 37 17 34 19 32
24 29 23 30 26 33 27 32
18 19 19 20 22 17 21 16
36 29 36 32 33 32 33 29
20 24 19 24 19 20 20 20
19 34 20 35 23 32 22 31
17 23 18 24 21 21 20 20
21 33 20 34 18 32 19 31
38 20 37 19 38 18 39 19
17 27 19 29 20 28 18 26
30 18 29 19 30 20 31 19
23 26 22 26 22 22 23 22
21 34 23 34 23 33 21 33
21 23 21 27 17 27 17 23
35 17 33 19 35 21 37 19
37 21 35 21 35 19 37 19
29 15 30 15 30 18 29 18
13 29 14 29 14 26 13 26
39 20 38 20 38 19 39 19
20 33 21 33 21 31 20 31
24 27 23 28 24 29 25 28
24 26 21 23 22 22 25 25
17 25 18 26 19 25 18 24
31 18 31 19 30 19 30 18
33 20 31 18 32 17 34 19
23 27 24 27 24 26 23 26
33 22 32 21 33 20 34 21
26 28 25 29 23 27 24 26
21 28 23 28 23 27 21 27
18 27 20 29 21 28 19 26
22 27 21 28 22 29 23 28
21 24 20 25 22 27 23 26
19 22 21 24 23 22 21 20
41 34 38 37 33 32 36 29
8 18 14 24 19 19 13 13
41 24 36 29 29 22 34 17
28 40 21 33 25 29 32 36
41 30 41 34 34 34 34 30
8 24 14 24 14 18 8 18
30 40 28 40 28 36 30 36
41 20 41 24 39 24 39 20
40 29 34 35 35 36 41 30
40 23 40 29 36 29 36 23
37 16 37 18 31 18 31 16
34 26 29 31 26 28 31 23
17 39 23 39 23 36 17 36
29 30 28 29 35 22 36 23
36 14 36 15 30 15 30 14
38 23 34 19 37 16 41 20
29 26 34 26 34 30 29 30
23 31 29 31 29 30 23 30
31 30 32 31 39 24 38 23
24 46 17 39 23 33 30 40
33 11 30 14 33 17 36 14
32 11 33 11 33 17 32 17
28 7 22 13 26 17 32 11
22 32 23 32 23 31 22 31
25 26 27 28 29 26 27 24
26 26 26 28 25 28 25 26
24 25 25 25 25 26 24 26
29 29 26 26 27 25 30 28
26 7 28 7 28 17 26 17
