best-score: 641729
count: 11
elapsed-time: 4.512
117
14 13 15 13 15 12 14 12
26 26 26 27 25 27 25 26
12 13 11 14 12 15 13 14
19 26 18 25 19 24 20 25
19 25 20 25 20 26 19 26
12 26 11 27 10 26 11 25
16 13 15 14 14 13 15 12
14 11 14 12 13 12 13 11
23 22 24 22 24 21 23 21
21 12 20 13 21 14 22 13
18 24 19 24 19 25 18 25
18 22 17 23 16 22 17 21
26 14 27 15 28 14 27 13
23 20 22 21 23 22 24 21
20 27 19 28 18 27 19 26
16 14 15 14 15 13 16 13
22 20 23 20 23 21 22 21
16 12 15 13 16 14 17 13
17 12 17 13 16 13 16 12
16 20 18 20 18 22 16 22
24 25 25 26 27 24 26 23
30 15 32 15 32 13 30 13
21 27 23 29 25 27 23 25
20 15 22 15 22 13 20 13
21 26 21 27 20 27 20 26
11 12 13 12 13 14 11 14
14 15 12 15 12 13 14 13
24 23 26 23 26 22 24 22
13 27 11 27 11 25 13 25
13 30 13 31 11 31 11 30
19 14 18 15 16 13 17 12
21 16 20 15 21 14 22 15
19 12 21 12 21 14 19 14
31 14 30 15 29 14 30 13
17 19 16 20 17 21 18 20
33 14 32 15 31 14 32 13
33 16 31 16 31 14 33 14
12 11 11 12 12 13 13 12
23 23 24 23 24 25 23 25
22 22 23 23 24 22 23 21
14 26 13 27 12 26 13 25
32 17 31 16 32 15 33 16
22 23 23 23 23 22 22 22
22 25 20 25 20 23 22 23
23 24 22 23 23 22 24 23
21 24 20 25 21 26 22 25
21 22 20 23 21 24 22 23
19 22 21 22 21 24 19 24
23 26 22 25 23 24 24 25
21 21 22 21 22 22 21 22
18 23 19 24 20 23 19 22
17 24 18 24 18 23 17 23
22 26 23 26 23 25 22 25
17 26 16 25 17 24 18 25
17 28 19 28 19 26 17 26
18 19 22 19 22 20 18 20
23 16 27 16 27 15 23 15
21 30 25 30 25 27 21 27
16 30 13 30 13 27 16 27
13 22 16 22 16 25 13 25
17 15 18 15 18 19 17 19
18 29 20 31 21 30 19 28
31 17 27 17 27 16 31 16
21 32 17 32 17 30 21 30
17 31 16 30 20 26 21 27
29 19 30 20 32 18 31 17
14 31 13 30 16 27 17 28
30 26 26 26 26 23 30 23
19 18 16 18 16 14 19 14
19 21 21 21 21 18 19 18
15 27 14 26 17 23 18 24
23 18 21 18 21 16 23 16
14 19 13 20 17 24 18 23
24 31 20 27 21 26 25 30
12 29 10 29 10 26 12 26
23 10 23 13 22 13 22 10
20 29 18 29 18 27 20 27
14 21 17 21 17 19 14 19
18 21 19 22 22 19 21 18
30 30 29 31 25 27 26 26
22 31 21 30 25 26 26 27
12 18 13 19 17 15 16 14
22 18 19 21 23 25 26 22
14 24 17 24 17 26 14 26
26 16 22 20 23 21 27 17
31 28 31 31 29 31 29 28
9 26 12 29 16 25 13 22
22 9 20 11 21 12 23 10
18 9 22 9 22 10 18 10
17 8 14 11 15 12 18 9
19 8 19 12 17 12 17 8
31 18 32 18 32 17 31 17
29 26 25 30 27 32 31 28
11 15 12 15 12 18 11 18
18 14 22 18 26 14 22 10
12 16 11 15 14 12 15 13
24 19 23 20 22 19 23 18
12 31 11 30 12 29 13 30
10 22 13 25 14 24 11 21
22 29 22 31 20 31 20 29
26 19 26 21 24 21 24 19
11 24 14 24 14 21 11 21
29 18 26 21 24 19 27 16
9 22 10 22 10 26 9 26
27 18 26 19 30 23 31 22
27 19 29 19 29 18 27 18
10 20 13 20 13 22 10 22
21 6 19 8 27 16 29 14
7 21 11 25 16 20 12 16
7 18 11 18 11 21 7 21
4 23 10 29 18 21 12 15
31 26 29 28 24 23 26 21
22 12 16 18 17 19 23 13
31 21 31 22 26 22 26 21
25 25 26 26 31 21 30 20
24 26 25 26 25 25 24 25
24 29 23 29 23 26 24 26
