best-score: 665878
count: 22
elapsed-time: 4.512
65
16 17 15 18 16 19 17 18
13 21 12 21 12 20 13 20
15 20 16 20 16 21 15 21
21 24 20 24 20 23 21 23
17 19 17 20 16 20 16 19
11 21 12 21 12 22 11 22
20 25 19 24 20 23 21 24
19 25 20 25 20 24 19 24
21 9 21 11 20 11 20 9
22 19 24 19 24 20 22 20
9 20 11 22 12 21 10 19
21 18 19 20 20 21 22 19
13 18 15 18 15 20 13 20
23 7 21 9 22 10 24 8
23 18 21 18 21 17 23 17
23 20 22 19 23 18 24 19
22 7 23 7 23 10 22 10
9 25 8 24 11 21 12 22
7 17 11 21 12 20 8 16
6 13 10 17 12 15 8 11
7 19 10 19 10 17 7 17
8 25 9 25 9 24 8 24
7 11 9 13 12 10 10 8
7 9 8 9 8 11 7 11
17 17 13 21 12 20 16 16
12 18 15 21 16 20 13 17
21 15 24 15 24 11 21 11
9 18 12 18 12 20 9 20
12 17 13 17 13 18 12 18
17 24 19 24 19 20 17 20
10 15 12 15 12 17 10 17
15 13 17 13 17 9 15 9
17 16 17 17 16 17 16 16
21 19 17 19 17 18 21 18
18 20 21 23 24 20 21 17
16 23 20 23 20 21 16 21
12 13 16 17 17 16 13 12
15 15 12 15 12 13 15 13
17 14 21 18 24 15 20 11
11 18 10 19 9 18 10 17
12 19 11 18 12 17 13 18
24 18 22 20 21 19 23 17
22 14 21 15 23 17 24 16
18 14 16 16 15 15 17 13
21 14 20 13 23 10 24 11
6 11 10 15 12 13 8 9
7 13 6 13 6 11 7 11
14 12 15 13 18 10 17 9
15 24 12 21 13 20 16 23
17 21 16 20 17 19 18 20
13 24 15 24 15 21 13 21
9 10 12 10 12 13 9 13
18 13 18 14 17 14 17 13
12 23 13 24 16 21 15 20
18 11 20 11 20 13 18 13
16 22 19 25 20 24 17 21
24 14 21 17 18 14 21 11
10 25 9 24 11 22 12 23
11 13 17 19 21 15 15 9
14 17 13 17 13 12 14 12
16 11 16 16 8 16 8 11
4 12 8 16 11 13 7 9
14 19 16 19 16 17 14 17
15 12 12 15 14 17 17 14
16 10 18 10 18 11 16 11
