best-score: 630713
count: 5
elapsed-time: 4.593
109
19 13 18 13 18 12 19 12
17 13 18 14 19 13 18 12
17 14 17 13 18 13 18 14
19 14 18 15 17 14 18 13
19 15 18 15 18 14 19 14
17 15 18 16 19 15 18 14
17 16 17 15 18 15 18 16
19 16 18 17 17 16 18 15
19 17 18 17 18 16 19 16
17 17 18 18 19 17 18 16
17 18 17 17 18 17 18 18
19 18 18 19 17 18 18 17
19 19 18 19 18 18 19 18
20 15 19 14 20 13 21 14
20 16 19 16 19 15 20 15
20 14 20 13 19 13 19 14
21 15 20 16 19 15 20 14
21 16 21 15 22 15 22 16
20 17 19 16 20 15 21 16
21 17 20 17 20 16 21 16
23 17 22 18 21 17 22 16
23 18 22 18 22 17 23 17
21 18 22 19 23 18 22 17
20 19 19 18 20 17 21 18
19 20 20 19 21 20 20 21
20 20 19 20 19 19 20 19
21 21 21 20 20 20 20 21
20 18 19 17 20 16 21 17
21 19 21 18 20 18 20 19
22 20 22 19 21 19 21 20
23 19 22 20 21 19 22 18
11 13 11 12 12 12 12 13
13 13 12 14 11 13 12 12
13 14 12 14 12 13 13 13
11 14 12 15 13 14 12 13
11 15 11 14 12 14 12 15
13 15 12 16 11 15 12 14
13 16 12 16 12 15 13 15
11 16 12 17 13 16 12 15
11 17 11 16 12 16 12 17
13 17 12 18 11 17 12 16
13 18 12 18 12 17 13 17
17 12 18 11 19 12 18 13
17 11 18 11 18 12 17 12
10 15 9 14 10 13 11 14
10 16 10 15 11 15 11 16
23 14 22 15 21 14 22 13
23 16 22 17 21 16 22 15
10 14 11 14 11 13 10 13
9 15 10 14 11 15 10 16
9 16 8 16 8 15 9 15
10 17 9 16 10 15 11 16
9 17 9 16 10 16 10 17
9 18 8 18 8 17 9 17
7 18 8 19 9 18 8 17
7 19 7 18 8 18 8 19
7 16 8 15 9 16 8 17
7 17 7 16 8 16 8 17
6 18 7 17 8 18 7 19
6 17 7 17 7 18 6 18
13 12 12 13 11 12 12 11
10 18 9 17 10 16 11 17
11 18 10 18 10 17 11 17
10 19 9 18 10 17 11 18
11 20 10 21 9 20 10 19
12 19 11 18 12 17 13 18
11 19 11 18 12 18 12 19
10 20 11 20 11 19 10 19
9 19 10 18 11 19 10 20
8 20 9 20 9 19 8 19
13 11 13 12 12 12 12 11
9 21 10 21 10 20 9 20
15 20 13 18 15 16 17 18
17 19 15 19 15 18 17 18
18 20 17 19 18 18 19 19
18 22 18 20 19 20 19 22
19 23 18 22 20 20 21 21
15 10 13 12 15 14 17 12
13 10 15 10 15 11 13 11
15 9 13 11 15 13 17 11
17 20 17 19 18 19 18 20
18 21 17 20 18 19 19 20
17 22 18 21 19 22 18 23
13 22 15 24 17 22 15 20
11 24 13 24 13 22 11 22
12 25 11 24 12 23 13 24
15 22 15 20 17 20 17 22
15 26 13 24 15 22 17 24
14 26 14 24 15 24 15 26
13 20 15 22 17 20 15 18
12 21 11 20 12 19 13 20
10 23 12 23 12 21 10 21
9 22 10 21 11 22 10 23
13 19 15 19 15 20 13 20
12 20 11 19 12 18 13 19
13 21 13 20 12 20 12 21
17 23 17 22 18 22 18 23
16 23 17 23 17 24 16 24
21 12 23 12 23 14 21 14
20 11 21 12 20 13 19 12
22 11 22 13 20 13 20 11
23 10 24 11 23 12 22 11
15 21 13 19 15 17 17 19
14 22 15 21 17 23 16 24
14 21 14 22 13 22 13 21
13 25 9 21 10 20 14 24
23 9 23 10 15 10 15 9
24 10 20 14 19 13 23 9
23 11 24 11 24 10 23 10
