45
3 19 3 18
33 4 32 4
29 41 30 41
41 31 41 30
4 36 4 37
23 8 22 8
21 10 21 11
35 18 34 18
27 15 27 14
33 22 33 21
25 22 26 22
15 32 14 32
14 7 15 7
27 16 27 15
28 17 28 16
37 5 36 5
15 7 15 6
31 3 32 3
35 35 36 35
4 7 4 8
7 8 7 9
12 37 13 37
19 38 19 37
40 15 40 16
12 2 13 2
2 29 1 29
41 14 41 13
16 27 16 26
35 24 35 25
25 16 24 16
20 1 20 0
20 17 21 17
30 26 29 26
17 16 17 17
19 23 18 23
32 19 31 19
42 33 43 33
4 38 4 39
15 6 15 7
32 43 32 42
6 39 5 39
5 25 5 26
41 29 40 29
5 18 6 18
34 38 34 39
165
0 10 0 13
0 18 0 21
0 24 0 28
0 29 0 30
0 34 5 34
1 3 1 8
1 17 1 23
1 23 1 26
1 28 2 28
1 29 1 30
1 35 6 35
1 40 1 42
3 17 3 18
3 18 6 18
3 24 4 24
3 26 3 28
3 28 8 28
3 30 3 33
4 0 4 3
4 3 4 8
4 37 5 37
5 3 5 13
5 13 10 13
5 20 5 23
6 5 6 7
6 16 6 17
7 2 9 2
7 6 8 6
7 27 9 27
7 34 7 36
7 34 8 34
7 36 7 37
7 36 10 36
8 16 21 16
9 18 11 18
9 30 9 34
9 30 11 30
10 0 14 0
10 1 10 5
10 12 10 13
10 13 10 15
10 28 16 28
10 36 14 36
10 38 10 42
10 42 12 42
10 43 13 43
11 5 11 8
11 22 18 22
12 1 13 1
12 39 12 42
13 13 22 13
13 35 14 35
13 40 17 40
13 42 14 42
13 43 15 43
14 8 21 8
14 18 15 18
14 42 18 42
15 18 15 20
15 39 16 39
16 0 16 1
16 0 20 0
16 1 17 1
16 4 21 4
16 39 17 39
17 1 27 1
17 35 17 39
17 39 17 40
17 39 23 39
18 5 18 6
18 26 20 26
18 29 19 29
18 32 18 33
18 32 21 32
19 10 23 10
20 6 22 6
20 41 20 42
20 41 24 41
20 43 27 43
21 2 24 2
21 16 21 17
21 22 21 28
21 28 24 28
22 22 22 25
23 16 23 24
23 16 24 16
23 25 24 25
24 0 29 0
24 28 25 28
25 5 25 19
25 19 25 26
25 26 25 28
25 26 29 26
25 28 26 28
25 37 25 38
25 37 28 37
26 16 26 18
26 22 27 22
27 2 29 2
27 14 27 15
27 15 31 15
27 20 27 22
27 20 38 20
27 22 27 24
27 22 28 22
27 36 34 36
27 43 37 43
28 5 28 8
28 19 31 19
28 32 29 32
28 37 28 42
29 2 32 2
29 12 29 13
29 12 33 12
29 13 38 13
29 25 31 25
29 28 30 28
29 37 29 39
29 39 29 42
29 42 32 42
30 17 33 17
31 15 32 15
31 26 31 27
31 27 31 33
31 37 33 37
32 1 36 1
32 2 34 2
32 25 35 25
32 33 32 35
32 42 37 42
33 17 33 18
33 26 33 31
33 31 37 31
33 33 33 35
34 2 34 5
34 5 34 8
34 5 36 5
34 18 36 18
34 27 37 27
34 29 37 29
34 34 38 34
35 16 36 16
35 26 36 26
35 38 35 41
36 15 37 15
37 14 39 14
37 28 37 29
37 29 38 29
37 36 37 41
37 42 38 42
38 19 40 19
38 20 38 21
38 22 39 22
38 29 38 34
38 34 43 34
39 5 39 14
39 27 41 27
39 29 39 30
41 12 41 13
42 7 42 8
42 7 43 7
42 26 43 26
43 5 43 7
43 17 43 23
43 34 43 39
