136
4 25 3 25
3 25 2 25
2 22 2 21
2 21 1 21
9 28 8 28
8 28 7 28
6 21 5 21
5 21 5 22
14 1 14 0
22 0 23 0
8 8 8 9
8 9 7 9
11 19 11 20
11 20 11 21
11 21 11 22
11 22 11 23
18 0 19 0
27 22 26 22
10 14 11 14
27 16 28 16
21 19 21 18
21 18 20 18
4 4 3 4
10 1 10 0
9 16 10 16
8 24 7 24
7 24 6 24
13 14 12 14
0 0 1 0
1 0 2 0
17 24 16 24
16 24 15 24
15 24 14 24
10 28 9 28
9 28 9 27
9 27 9 26
9 26 9 25
15 12 15 13
15 13 16 13
16 13 16 14
2 6 3 6
3 6 3 7
3 7 3 8
3 16 2 16
6 15 5 15
24 14 25 14
25 14 26 14
25 10 24 10
22 19 21 19
10 19 11 19
11 19 11 20
11 20 12 20
12 20 12 21
12 21 12 22
12 22 13 22
25 28 24 28
12 0 11 0
11 0 11 1
25 11 25 12
10 26 9 26
9 26 9 27
9 27 9 28
9 28 8 28
16 6 15 6
15 6 15 5
15 5 15 4
15 4 14 4
14 4 13 4
6 17 6 18
23 25 22 25
16 7 17 7
7 17 6 17
6 17 5 17
11 11 10 11
10 11 9 11
9 11 8 11
15 26 14 26
14 3 14 2
14 2 15 2
23 24 23 23
17 1 16 1
16 1 15 1
15 1 14 1
16 25 17 25
10 22 10 21
10 21 11 21
11 21 12 21
20 15 19 15
19 15 19 16
19 16 18 16
20 23 20 22
20 22 20 21
20 21 20 20
16 12 16 13
16 13 17 13
0 2 1 2
20 28 19 28
12 7 12 8
12 8 11 8
5 26 4 26
4 26 3 26
3 26 2 26
24 25 23 25
3 28 2 28
28 0 27 0
13 8 12 8
26 9 27 9
27 9 27 8
28 9 27 9
27 9 26 9
26 13 25 13
20 16 21 16
21 16 22 16
9 12 10 12
10 12 11 12
18 14 18 13
18 13 18 12
18 26 19 26
6 13 6 14
6 14 6 15
6 15 6 16
6 16 6 17
17 2 17 1
13 6 14 6
28 21 27 21
27 21 26 21
11 18 10 18
10 18 9 18
9 1 8 1
9 4 9 3
9 3 9 2
9 2 9 1
9 1 10 1
10 2 9 2
5 0 6 0
6 0 7 0
218
0 11 1 11
0 12 0 14
0 20 0 23
0 7 0 11
1 1 1 2
1 14 1 15
1 19 1 20
1 2 1 3
1 21 1 20
1 4 2 4
1 5 1 6
1 6 1 7
1 7 1 8
1 8 1 9
10 0 9 0
10 1 11 1
10 16 10 17
10 3 10 4
10 7 10 8
11 1 11 2
11 12 11 13
11 13 11 14
11 14 11 15
11 15 12 15
11 23 10 23
11 26 12 26
11 3 11 5
11 3 12 3
11 8 10 8
12 10 12 11
12 11 12 12
12 14 11 14
12 21 13 21
12 23 12 26
12 27 11 27
12 8 12 9
13 1 13 3
13 12 12 12
13 17 13 20
13 22 14 22
13 23 13 24
13 24 13 25
13 25 13 26
13 25 14 25
13 3 13 4
13 4 12 4
14 0 13 0
14 1 14 0
14 12 14 14
14 14 14 15
14 24 13 24
14 26 14 27
14 27 14 28
14 5 14 6
14 6 14 8
14 8 15 8
15 18 15 19
15 2 16 2
15 21 14 21
15 27 15 28
15 7 15 8
16 10 16 11
16 14 16 15
16 15 16 18
16 18 17 18
17 1 18 1
17 13 17 14
17 16 17 18
17 18 18 18
17 25 18 25
17 4 17 7
17 7 17 12
18 12 17 12
18 16 17 16
18 18 18 20
18 18 19 18
18 20 19 20
18 22 18 23
18 23 18 25
19 0 19 1
19 20 19 26
19 26 19 27
19 27 20 27
19 28 18 28
19 6 19 7
19 7 19 13
2 0 3 0
2 11 1 11
2 12 2 13
2 16 1 16
2 23 2 25
2 25 2 26
2 26 2 27
2 28 2 27
20 10 20 12
20 10 21 10
20 13 19 13
20 18 19 18
20 20 21 20
20 24 20 27
21 10 21 15
21 19 20 19
21 22 21 24
21 22 22 22
21 3 21 4
21 8 21 10
22 11 22 13
22 11 23 11
22 15 22 16
22 16 22 17
22 17 23 17
22 2 22 4
22 22 22 23
22 25 22 24
22 26 21 26
22 6 22 7
23 0 24 0
23 11 23 15
23 15 24 15
23 17 24 17
23 21 23 22
23 23 22 23
23 25 23 26
23 4 22 4
23 6 22 6
24 1 24 8
24 10 23 10
24 17 24 18
24 18 24 20
24 21 23 21
24 26 24 27
24 28 24 27
25 12 24 12
25 13 25 12
25 15 25 16
25 17 25 18
25 19 25 23
25 2 25 5
25 5 25 7
25 7 25 9
26 1 27 1
26 14 26 15
26 15 26 16
26 16 26 21
26 21 26 22
26 22 26 23
26 23 26 24
26 24 26 25
26 28 27 28
26 9 26 8
27 0 27 1
27 1 27 3
27 15 26 15
27 15 28 15
27 23 27 26
27 26 28 26
27 27 27 28
27 6 27 7
27 8 27 7
28 11 28 13
28 14 28 15
28 16 28 17
28 17 28 18
28 18 28 20
3 0 3 1
3 14 3 15
3 14 4 14
3 18 4 18
3 4 2 4
3 5 4 5
3 8 3 9
3 9 3 14
4 12 5 12
4 13 4 14
4 17 4 18
4 19 4 22
4 2 4 3
4 5 4 8
4 8 5 8
5 1 4 1
5 12 5 14
5 14 5 15
5 15 5 17
5 17 5 18
5 2 5 5
5 22 5 23
6 17 6 18
6 18 7 18
6 2 5 2
6 24 6 23
6 25 6 26
6 4 6 9
6 9 6 12
7 0 7 1
7 1 7 3
7 11 7 13
7 13 7 14
7 18 7 20
7 26 7 27
7 28 7 27
7 3 7 7
7 9 7 10
8 1 8 2
8 10 8 11
8 11 8 14
8 18 8 22
8 2 8 3
8 26 8 27
8 28 7 28
8 5 8 7
8 7 9 7
9 17 9 18
9 18 9 19
9 19 9 22
9 2 8 2
9 25 8 25
9 7 10 7
9 7 9 9
