78
24 17 24 16
24 17 24 16
24 17 25 17
24 17 24 16
24 17 25 17
24 17 25 17
15 3 14 3
15 3 14 3
15 3 14 3
15 3 14 3
15 3 14 3
17 25 16 25
17 25 18 25
17 25 16 25
17 25 18 25
17 25 18 25
28 12 27 12
28 12 28 11
28 12 29 12
28 12 27 12
28 12 28 11
28 12 29 12
28 12 29 12
31 4 30 4
31 4 31 3
31 4 30 4
31 4 31 3
31 4 31 3
32 36 31 36
32 36 32 35
32 36 33 36
18 34 17 34
18 34 18 33
18 34 17 34
18 34 18 33
18 34 18 33
17 1 16 1
17 1 16 1
17 1 18 1
25 36 24 36
25 36 25 35
12 4 11 4
12 4 12 3
12 4 11 4
12 4 12 3
12 4 12 3
16 21 15 21
16 21 16 20
16 21 17 21
16 21 15 21
16 21 16 20
16 21 17 21
16 21 17 21
16 28 15 28
16 28 15 28
16 28 16 27
16 28 17 28
4 12 3 12
4 12 3 12
4 12 3 12
4 12 3 12
4 12 3 12
4 12 4 11
4 12 3 12
4 12 3 12
4 12 4 11
4 12 4 11
4 12 3 12
4 12 3 12
4 12 4 11
4 12 4 11
4 12 5 12
4 12 3 12
4 12 3 12
4 12 4 11
4 12 4 11
4 12 5 12
4 12 5 12
128
24 17 24 16
24 17 25 17
14 3 13 3
17 25 18 25
28 12 29 12
31 4 31 3
31 36 32 36
18 34 18 33
16 1 17 1
25 36 25 35
12 4 12 3
16 21 17 21
15 28 16 28
4 12 3 12
4 12 4 11
4 12 5 12
0 0 0 14
0 0 0 20
0 0 0 21
1 8 1 34
1 8 1 36
1 8 1 38
2 2 2 4
2 2 2 19
2 2 2 22
2 2 2 34
3 3 3 11
3 3 3 12
3 3 3 16
3 21 3 28
4 8 4 11
4 8 4 12
5 1 5 5
5 1 5 6
5 8 5 12
5 8 5 17
5 20 5 22
5 23 5 28
7 14 7 15
7 16 7 28
7 16 7 35
9 4 9 26
9 4 9 27
10 1 10 25
11 25 11 33
12 1 12 3
12 1 12 4
12 17 12 25
12 17 12 34
12 17 12 35
13 1 13 3
13 1 13 12
13 1 13 20
13 1 13 23
13 25 13 35
13 25 13 36
14 3 14 6
14 7 14 18
14 7 14 23
14 35 14 37
15 24 15 28
16 1 16 5
16 1 16 7
16 1 16 14
16 1 16 16
16 1 16 17
16 21 16 38
17 5 17 19
17 5 17 21
17 5 17 24
18 2 18 10
18 22 18 25
18 22 18 30
18 22 18 33
18 22 18 34
19 9 19 10
19 9 19 16
19 9 19 26
20 17 20 21
20 17 20 25
21 25 21 26
22 12 22 20
23 13 23 20
23 13 23 21
23 24 23 36
24 12 24 15
24 12 24 16
24 12 24 17
25 13 25 17
25 13 25 22
25 35 25 36
26 2 26 27
26 30 26 37
27 27 27 34
27 27 27 38
29 7 29 11
29 7 29 12
29 7 29 13
29 7 29 15
29 26 29 37
30 12 30 16
30 12 30 29
30 12 30 38
31 1 31 3
31 1 31 4
31 24 31 25
31 24 31 36
32 21 32 32
32 21 32 38
33 14 33 18
33 14 33 29
33 14 33 32
35 0 35 1
35 3 35 6
35 3 35 11
35 12 35 20
35 12 35 27
36 1 36 8
36 1 36 18
36 1 36 20
36 1 36 35
37 3 37 11
37 3 37 13
37 3 37 18
37 3 37 28
38 10 38 12
38 10 38 29
38 10 38 32
