277
36 20 35 20
35 20 34 20
20 8 19 8
19 8 19 9
19 37 20 37
20 37 20 36
20 36 21 36
21 36 21 35
21 35 21 34
21 34 22 34
22 34 23 34
23 34 24 34
24 34 25 34
25 34 26 34
26 34 27 34
21 29 21 28
21 28 21 27
27 22 26 22
20 11 21 11
21 11 21 12
17 10 17 9
36 10 35 10
35 10 34 10
34 10 34 11
34 11 34 12
19 36 18 36
18 36 17 36
17 36 17 37
37 38 38 38
38 38 38 37
38 37 38 36
38 36 37 36
37 36 37 35
37 35 36 35
36 35 36 34
12 35 13 35
13 35 13 36
13 36 13 37
13 37 13 38
21 26 20 26
20 26 20 25
20 25 20 24
20 24 20 23
20 23 20 22
4 31 4 30
4 30 4 29
4 29 4 28
4 28 5 28
19 6 18 6
18 6 18 7
18 7 18 8
18 8 19 8
36 17 35 17
35 17 35 16
35 16 34 16
34 16 34 15
34 15 33 15
0 22 1 22
1 22 1 21
1 21 1 20
1 20 1 19
1 19 1 18
1 18 1 17
1 17 0 17
23 15 23 14
23 14 22 14
19 25 18 25
18 25 17 25
37 10 36 10
36 10 35 10
35 10 34 10
34 10 33 10
14 0 13 0
13 0 12 0
12 0 11 0
11 0 11 1
11 1 10 1
10 1 9 1
24 35 23 35
23 35 23 34
23 34 23 33
23 33 23 32
23 32 23 31
27 31 26 31
26 31 26 32
31 7 32 7
32 7 32 8
21 9 20 9
9 11 9 10
9 10 8 10
20 12 20 13
20 13 20 14
20 14 20 15
17 22 16 22
16 22 15 22
27 27 27 26
27 26 28 26
35 7 35 8
35 8 36 8
27 18 26 18
23 5 22 5
25 25 26 25
26 25 27 25
27 25 28 25
34 17 35 17
35 17 36 17
36 17 37 17
35 23 34 23
28 27 29 27
29 27 30 27
6 6 6 7
6 7 6 8
6 8 5 8
5 8 4 8
4 20 5 20
5 20 6 20
6 20 7 20
7 20 8 20
8 20 8 19
8 19 8 18
14 34 15 34
29 23 28 23
28 23 27 23
9 12 8 12
31 21 31 22
31 22 30 22
30 22 29 22
29 22 29 23
24 30 24 29
24 29 23 29
23 29 22 29
10 35 10 34
10 34 10 33
10 33 10 32
10 32 11 32
11 32 11 31
11 31 11 30
18 24 19 24
19 24 19 25
4 14 3 14
24 5 25 5
3 38 2 38
2 38 2 37
31 16 30 16
30 16 29 16
29 16 29 17
18 11 19 11
7 38 7 37
7 37 6 37
6 37 6 36
6 36 6 35
16 1 17 1
30 37 31 37
10 36 10 35
10 35 10 34
35 0 34 0
2 32 3 32
3 32 4 32
4 32 5 32
5 32 5 33
24 4 23 4
23 4 22 4
22 4 22 3
22 3 22 2
22 2 22 1
8 31 8 30
8 30 8 29
1 11 1 10
1 10 1 9
1 9 1 8
1 8 2 8
2 8 3 8
3 8 3 7
8 27 8 28
8 28 7 28
7 28 7 29
7 29 7 30
30 38 30 37
25 11 25 10
25 10 24 10
24 10 24 9
24 9 23 9
23 9 22 9
22 9 21 9
8 4 8 3
8 3 9 3
38 17 38 18
38 18 38 19
38 19 37 19
37 19 37 20
37 20 36 20
36 20 36 21
20 2 21 2
21 2 22 2
22 2 22 3
22 3 22 4
22 17 21 17
21 17 21 16
23 37 23 36
23 36 23 35
23 35 23 34
23 34 23 33
23 33 23 32
13 26 13 25
13 25 14 25
14 25 14 24
14 24 14 23
23 13 23 14
23 14 23 15
23 15 23 16
23 16 22 16
26 20 26 19
3 31 2 31
2 31 2 32
2 32 2 33
2 33 2 34
27 21 27 22
30 33 29 33
29 33 29 34
29 34 29 35
16 4 15 4
15 4 14 4
13 34 12 34
10 18 9 18
17 4 17 3
17 3 18 3
18 3 18 2
22 11 21 11
21 11 20 11
8 38 7 38
7 38 7 37
7 37 6 37
6 37 5 37
5 37 4 37
31 9 31 8
31 8 31 7
29 32 30 32
30 32 31 32
10 23 11 23
11 23 11 22
29 0 29 1
29 1 30 1
17 12 18 12
18 12 18 13
18 13 18 14
18 14 18 15
38 3 37 3
9 30 10 30
32 36 32 35
32 35 32 34
32 34 33 34
38 26 38 25
38 25 37 25
37 25 36 25
36 25 36 24
36 24 36 23
36 23 35 23
23 10 24 10
10 22 9 22
28 5 28 4
28 4 28 3
28 3 27 3
27 3 26 3
26 3 25 3
24 16 23 16
23 16 23 17
23 17 23 18
30 29 30 28
32 6 33 6
19 7 20 7
20 7 20 8
7 27 8 27
8 27 9 27
9 27 10 27
10 27 11 27
11 27 11 28
5 13 6 13
221
0 1 1 1
0 17 0 16
0 24 0 25
0 26 1 26
0 32 0 37
0 9 0 13
1 1 1 3
1 26 1 34
1 3 1 7
1 34 1 35
10 20 10 21
10 30 11 30
10 34 11 34
10 6 9 6
11 17 11 18
11 22 11 21
11 28 11 29
11 30 11 29
11 35 11 37
12 12 12 14
12 14 12 15
12 18 12 30
12 32 12 33
12 34 12 33
12 8 12 12
13 14 13 18
13 29 13 31
13 38 14 38
14 11 14 14
14 23 14 22
14 30 14 31
14 32 14 33
14 4 14 3
14 8 14 9
15 15 15 16
15 22 15 23
15 34 16 34
16 10 16 14
16 34 16 35
16 35 16 36
16 9 16 10
17 1 17 2
17 25 17 24
17 26 17 27
17 27 17 32
17 37 16 37
17 9 18 9
18 0 18 1
18 15 19 15
18 18 19 18
18 2 18 1
18 37 18 38
19 10 19 11
19 11 19 14
19 15 19 18
19 2 19 5
19 20 19 22
19 25 19 26
19 30 19 31
19 32 18 32
19 38 20 38
19 8 19 9
19 9 19 10
2 11 2 12
2 17 2 19
2 34 2 35
2 35 2 36
2 37 2 36
20 11 20 10
20 15 21 15
20 19 20 21
20 22 20 21
20 28 20 35
20 8 20 9
20 9 20 10
21 12 21 13
21 16 21 15
21 27 20 27
21 6 21 8
21 9 20 9
22 1 22 0
22 14 22 13
22 16 21 16
22 19 22 23
22 23 22 25
22 25 22 29
22 29 22 30
22 37 21 37
22 4 22 5
22 5 22 6
23 18 24 18
23 31 23 30
23 32 24 32
24 1 25 1
24 10 24 11
24 11 24 12
24 18 24 19
25 1 25 3
25 14 25 17
25 17 25 19
25 3 25 5
25 30 25 31
25 35 25 37
25 37 25 38
25 5 25 7
26 0 26 1
26 1 26 2
26 13 26 17
26 18 26 17
26 19 25 19
26 22 26 21
26 32 26 33
26 4 26 7
26 7 26 13
27 11 27 17
27 22 27 23
27 23 27 24
27 34 27 33
27 4 27 8
28 16 28 19
28 25 28 26
28 26 29 26
29 17 29 18
29 23 29 24
29 35 29 36
29 6 29 7
3 11 3 14
3 14 3 16
3 16 3 27
3 33 3 34
3 7 4 7
30 1 31 1
30 27 30 26
30 28 31 28
30 34 30 36
30 37 30 36
31 12 31 13
31 13 31 14
31 23 31 25
31 26 31 28
31 3 31 6
31 32 31 33
31 33 31 37
31 37 31 38
31 7 31 6
32 14 32 18
32 26 32 28
32 28 32 29
32 29 32 32
32 8 32 9
32 9 32 14
33 0 33 6
33 10 33 14
33 15 33 14
33 16 33 23
33 23 33 31
33 34 34 34
33 6 33 10
34 0 34 1
34 12 34 13
34 20 34 21
34 23 33 23
34 3 34 6
34 36 34 37
34 6 34 7
35 23 34 23
35 24 34 24
35 31 35 32
35 32 35 34
36 1 36 2
36 11 36 12
36 15 36 16
36 21 36 22
36 30 36 32
36 32 36 33
36 34 36 33
36 36 36 37
36 8 37 8
37 12 36 12
37 13 37 17
37 17 37 18
37 2 37 3
37 26 37 27
37 3 37 4
37 30 37 32
37 4 37 8
38 12 38 14
38 9 38 11
4 23 4 24
4 24 4 27
4 37 4 36
4 4 4 7
4 8 4 9
5 28 5 27
5 33 5 34
5 4 5 5
5 9 5 12
6 13 6 12
6 26 6 29
6 3 6 4
6 31 6 32
6 32 6 34
6 35 7 35
7 11 7 19
7 2 7 3
7 3 7 5
7 30 7 31
7 31 7 34
8 10 7 10
8 11 8 12
8 12 8 14
8 18 8 17
8 26 7 26
8 29 9 29
8 7 7 7
9 1 8 1
9 15 9 18
9 18 9 20
9 22 8 22
9 3 10 3
9 32 9 35
