Yes
Yes
Yes
27
12 6 11 6
5 15 4 15
12 2 11 2
9 13 8 13
9 14 9 13
13 8 13 7
14 16 15 16
15 16 16 16
6 15 7 15
6 17 5 17
15 15 15 16
15 16 14 16
8 17 7 17
7 17 6 17
10 1 11 1
14 8 13 8
10 2 10 1
14 3 15 3
15 3 16 3
6 14 6 15
15 17 15 16
15 16 15 15
15 8 14 8
15 7 15 8
10 3 10 2
10 10 11 10
10 11 10 10
193
0 0 0 1
0 0 1 0
0 15 0 16
0 17 1 17
0 3 0 5
0 6 0 8
0 6 1 6
0 9 0 10
1 0 1 1
1 1 1 2
1 10 1 11
1 11 1 12
1 14 0 14
1 15 0 15
1 16 1 17
1 16 2 16
1 2 2 2
1 3 0 3
1 5 0 5
1 6 1 7
1 7 1 8
1 8 1 9
1 9 1 10
10 0 10 1
10 1 9 1
10 10 9 10
10 14 10 15
10 15 10 16
10 2 9 2
10 5 10 6
10 6 10 7
10 7 10 8
10 9 9 9
11 0 11 1
11 1 11 2
11 10 11 9
11 11 11 12
11 15 11 16
11 16 11 17
11 2 11 3
11 4 11 5
11 4 12 4
11 5 11 6
11 6 11 7
11 8 12 8
11 9 12 9
12 1 13 1
12 11 11 11
12 12 12 13
12 14 12 15
12 16 11 16
12 3 12 4
12 3 13 3
12 5 13 5
12 7 12 8
12 9 12 10
13 0 13 1
13 12 13 13
13 14 13 15
13 16 13 17
13 2 13 3
13 3 13 4
13 7 14 7
13 8 12 8
13 9 13 11
14 0 14 1
14 1 14 2
14 10 14 11
14 11 14 12
14 13 13 13
14 15 13 15
14 16 13 16
14 17 13 17
14 4 15 4
14 5 14 6
14 6 14 7
14 8 14 7
14 9 14 8
15 0 15 1
15 1 15 2
15 11 14 11
15 12 16 12
15 13 15 14
15 14 15 15
15 15 14 15
15 4 15 6
15 8 15 9
16 1 16 2
16 1 17 1
16 11 16 12
16 12 17 12
16 13 15 13
16 15 16 16
16 16 16 17
16 2 16 3
16 3 16 4
16 4 16 5
16 6 17 6
16 7 16 8
17 0 17 1
17 1 17 2
17 12 17 13
17 17 16 17
17 4 17 5
17 5 17 6
17 7 16 7
2 0 1 0
2 10 1 10
2 10 3 10
2 12 3 12
2 14 3 14
2 17 3 17
2 2 2 3
2 5 3 5
2 6 2 7
3 0 3 2
3 11 3 12
3 12 3 14
3 14 3 15
3 16 2 16
3 16 4 16
3 3 2 3
3 4 3 5
3 6 4 6
3 9 3 10
4 0 5 0
4 12 3 12
4 13 5 13
4 14 3 14
4 15 3 15
4 16 4 17
4 3 3 3
4 3 5 3
4 5 4 6
4 6 4 7
4 8 3 8
4 9 4 10
5 0 5 1
5 12 5 13
5 13 5 14
5 16 4 16
5 17 4 17
5 2 5 3
5 4 5 5
5 4 6 4
5 7 4 7
5 8 4 8
5 9 6 9
6 0 6 1
6 11 7 11
6 13 5 13
6 15 6 16
6 17 5 17
6 2 6 3
6 2 7 2
6 4 6 5
6 8 5 8
6 9 6 10
7 0 6 0
7 1 7 2
7 10 7 11
7 11 7 12
7 12 7 13
7 14 8 14
7 15 7 14
7 2 7 3
7 2 8 2
7 4 8 4
7 6 7 7
7 8 6 8
7 9 6 9
7 9 8 9
8 10 8 11
8 11 8 12
8 11 9 11
8 13 8 14
8 15 8 16
8 2 8 3
8 3 9 3
8 4 8 5
8 6 8 7
8 7 8 8
8 8 8 9
8 9 8 10
9 11 9 12
9 13 10 13
9 16 10 16
9 16 9 17
9 3 9 4
9 4 9 5
9 5 10 5
9 5 9 7
9 9 8 9
