132
22 2 21 2
5 16 4 16
13 26 12 26
8 4 9 4
9 4 10 4
3 25 3 26
18 5 19 5
29 0 30 0
30 0 31 0
3 5 4 5
4 5 5 5
5 5 5 6
9 32 9 31
9 31 10 31
10 31 10 30
22 18 21 18
31 20 30 20
30 20 29 20
13 14 14 14
10 29 11 29
29 4 30 4
21 26 21 25
21 25 22 25
26 4 27 4
27 4 28 4
27 25 26 25
5 11 5 10
5 10 5 9
5 29 4 29
4 29 3 29
3 29 3 30
17 11 17 10
17 10 17 9
17 9 17 8
11 19 11 18
11 18 10 18
10 18 10 17
10 17 10 16
10 16 10 15
10 15 9 15
23 12 23 13
23 13 22 13
22 13 21 13
16 5 17 5
9 23 9 24
9 24 8 24
26 3 26 2
26 2 26 1
26 1 27 1
27 1 28 1
28 1 29 1
29 1 30 1
1 32 1 31
21 30 20 30
14 18 13 18
13 18 13 19
13 19 13 20
13 20 14 20
14 20 14 21
14 21 14 22
2 25 3 25
3 25 4 25
10 8 9 8
9 8 8 8
8 8 7 8
12 2 13 2
13 2 14 2
14 2 14 3
22 31 23 31
5 17 5 16
5 16 6 16
6 16 7 16
7 16 8 16
25 13 25 14
8 1 9 1
9 1 9 0
9 0 10 0
10 0 11 0
11 0 11 1
26 18 27 18
18 16 19 16
31 13 30 13
19 28 18 28
18 28 17 28
17 28 16 28
24 27 23 27
23 27 23 26
22 29 22 28
22 28 22 27
22 27 22 26
14 19 13 19
13 19 12 19
8 9 8 10
15 16 16 16
23 9 22 9
27 16 26 16
26 16 26 15
19 11 20 11
24 19 24 18
27 31 28 31
9 22 8 22
17 26 18 26
3 4 3 5
26 31 25 31
25 31 25 30
25 30 25 29
22 19 23 19
8 26 9 26
10 9 9 9
9 9 9 10
19 23 20 23
18 30 19 30
19 30 19 31
19 31 20 31
17 23 17 22
17 22 18 22
18 22 19 22
19 22 20 22
25 7 24 7
24 7 24 8
24 8 23 8
23 8 22 8
24 11 23 11
23 11 22 11
27 15 27 16
27 16 26 16
26 16 25 16
19 1 20 1
4 19 5 19
29 2 28 2
31 19 31 20
30 24 31 24
168
0 0 0 7
0 13 0 15
0 15 0 18
0 23 0 30
0 7 0 10
1 10 1 11
1 20 1 21
1 21 1 26
1 30 0 30
1 31 2 31
1 9 1 10
10 1 10 4
10 19 10 21
10 21 10 26
10 30 11 30
10 4 10 6
11 1 11 2
11 2 11 10
11 26 10 26
11 29 12 29
12 0 12 1
12 10 12 13
12 13 12 18
12 18 12 19
12 19 12 21
12 21 12 24
12 26 12 27
12 7 12 10
13 3 13 5
13 7 12 7
14 10 14 14
14 14 14 15
14 15 14 17
14 22 14 23
14 3 14 4
14 4 14 7
15 10 16 10
15 17 15 32
15 7 15 8
16 10 16 16
16 16 16 17
16 25 16 28
16 28 16 31
17 13 17 15
17 2 17 5
17 24 17 25
17 5 17 6
17 8 18 8
18 23 18 25
18 26 19 26
18 7 19 7
19 12 19 14
19 16 19 17
19 17 19 18
19 5 20 5
2 15 2 19
2 26 2 29
2 29 2 31
2 3 2 7
20 1 21 1
20 11 20 12
20 17 20 20
20 20 20 22
20 22 20 23
20 23 20 26
20 26 20 29
20 30 20 29
20 31 21 31
21 13 21 12
21 18 21 19
21 2 21 1
21 9 21 12
22 11 22 12
22 25 23 25
22 26 22 25
22 6 22 8
22 8 22 9
22 9 22 11
23 18 23 19
23 19 23 25
23 26 23 25
23 29 23 30
23 31 23 30
23 6 22 6
24 18 25 18
24 21 25 21
24 6 25 6
25 1 25 6
25 14 26 14
25 15 25 16
25 16 25 18
25 21 25 27
25 27 25 28
25 29 25 28
25 9 25 10
26 12 26 13
26 15 26 14
26 20 26 24
26 25 26 24
26 5 26 6
26 6 26 12
27 12 26 12
27 18 28 18
27 26 26 26
28 13 28 15
28 15 28 18
28 2 28 3
28 28 28 29
28 31 29 31
28 4 28 5
28 7 28 13
29 11 29 14
29 19 29 20
29 20 29 26
29 30 29 31
29 31 29 32
29 5 29 11
3 18 3 20
3 21 4 21
3 26 2 26
3 30 3 31
3 5 3 6
3 6 3 18
30 1 31 1
30 13 30 19
30 30 29 30
30 4 30 5
30 7 30 9
30 9 30 13
31 0 31 1
31 20 31 21
31 21 31 24
31 24 31 26
31 28 31 30
31 6 31 7
32 24 32 25
32 3 32 10
4 11 4 15
4 15 4 16
4 16 4 18
4 21 4 25
4 25 4 26
4 4 5 4
5 0 5 4
5 18 5 19
5 19 5 27
5 6 5 7
5 7 6 7
5 9 6 9
6 13 6 15
6 9 7 9
7 0 7 8
7 10 7 12
7 26 7 29
7 8 7 9
8 0 7 0
8 10 7 10
8 16 9 16
8 20 8 22
8 22 8 23
8 24 8 25
9 10 9 11
9 11 9 13
9 13 9 14
9 15 9 14
9 25 9 26
9 26 9 29
9 30 8 30
