16
20 23 19 23
12 4 12 5
22 14 22 13
6 20 6 19
12 3 12 2
12 17 12 16
8 10 8 9
8 9 7 9
7 9 6 9
6 9 5 9
7 7 7 8
7 8 6 8
6 8 6 9
10 16 11 16
6 5 6 4
11 20 11 19
118
0 11 0 12
0 17 0 20
0 20 0 21
0 3 1 3
0 5 0 6
1 1 1 2
1 19 1 20
1 2 1 3
1 22 1 23
10 12 10 13
10 13 10 14
10 18 10 19
10 20 10 22
10 3 10 4
10 4 10 5
10 6 9 6
10 8 10 9
11 16 11 17
11 19 12 19
11 21 11 22
11 6 11 7
12 0 12 1
12 12 12 13
12 14 12 15
12 16 13 16
12 2 13 2
12 20 12 21
12 5 11 5
12 6 11 6
12 9 11 9
13 14 13 15
13 18 12 18
13 21 13 22
13 3 13 5
13 7 13 8
14 0 14 1
14 13 14 14
14 21 14 22
14 4 15 4
14 8 15 8
15 0 15 1
15 15 15 16
15 16 15 17
15 2 14 2
15 21 15 22
15 4 15 5
16 1 15 1
16 15 15 15
16 20 15 20
16 5 15 5
16 7 16 8
17 14 17 15
17 16 16 16
17 17 16 17
17 2 16 2
17 5 17 6
17 6 17 7
18 18 18 20
18 20 18 21
19 13 18 13
19 16 19 18
19 23 18 23
19 4 19 5
2 10 1 10
2 11 2 12
2 18 2 19
2 21 1 21
2 5 2 6
20 1 20 2
20 21 20 22
20 3 20 4
20 6 20 7
21 18 21 19
21 2 21 3
21 7 21 8
21 8 21 9
22 0 22 2
22 13 21 13
22 15 21 15
22 20 22 21
22 22 21 22
22 6 22 7
23 11 23 12
23 18 23 20
23 2 23 3
23 22 23 23
23 5 23 6
23 8 23 9
3 10 3 11
3 21 3 22
4 1 4 2
4 13 4 14
4 19 4 20
4 20 4 22
4 8 3 8
5 15 4 15
5 9 5 8
6 0 6 1
6 11 6 12
6 16 6 17
6 17 6 18
6 19 5 19
6 2 6 3
6 4 5 4
6 9 6 10
7 16 7 17
7 5 7 6
8 11 8 12
8 14 8 15
8 22 8 23
8 4 8 5
9 11 9 12
9 14 9 16
9 19 8 19
9 22 9 23
9 3 9 4
9 7 9 8
9 9 9 10
